00700
09988
03690
01211
00388
02318
01299
00939
09618
00941
03968
09999
01810
09888
02015
02269
00005
01024
00883
01109
01398
02020
09868
00981
03988
00992
00857
01801
00669
02899
02331
00688
01088
00175
01093
00268
00386
00016
02319
09961
09626
02328
02382
00291
00027
02628
09926
01288
00168
02601
09901
02359
00960
06030
01548
03888
09633
02162
01357
00285
01928
02388
01171
01468
06690
09992
01797
06862
01876
06098
01919
06618
02333
00020
01347
01113
00916
06160
00144
00241
00001
01209
01910
00728
02150
09995
01772
00011
01918
00772
00836
02380
01658
00493
02202
09987
03692
01099
02313
06078
09866
07200
07226
07552
02423
00762
09922
00788
01755
01030
06055
01610
01068
07300
00763
