,date,open,high,low,close,volume
0,2018-11-26,10.78,12.5,9.99,12.4,121314800.0
1,2018-11-27,12.32,13.38,11.2,12.62,24313200.0
2,2018-11-28,12.5,13.14,12.0,12.04,7373400.0
3,2018-11-29,12.3,12.46,10.98,11.08,6504400.0
4,2018-11-30,11.1,11.24,10.62,11.0,5896000.0
5,2018-12-03,11.4,11.86,10.92,11.66,5351600.0
6,2018-12-04,11.66,12.44,11.44,12.38,4332800.0
7,2018-12-05,12.0,12.78,11.92,12.0,3723600.0
8,2018-12-06,11.92,11.92,11.2,11.34,1900400.0
9,2018-12-07,11.2,11.6,11.08,11.24,916800.0
10,2018-12-10,11.12,11.12,10.48,10.76,2365500.0
11,2018-12-11,10.76,11.02,10.24,10.58,2114200.0
12,2018-12-12,10.76,10.92,10.38,10.72,1908400.0
13,2018-12-13,10.64,11.08,10.46,10.72,2570400.0
14,2018-12-14,10.72,10.88,10.42,10.5,1700400.0
15,2018-12-17,10.38,10.58,10.3,10.38,485200.0
16,2018-12-18,10.3,10.5,10.3,10.42,462400.0
17,2018-12-19,10.42,10.42,9.7,9.88,2819600.0
18,2018-12-20,9.88,9.88,9.06,9.36,2259600.0
19,2018-12-21,9.4,9.4,8.87,9.35,1498640.0
20,2018-12-24,9.0,9.24,9.0,9.08,229200.0
21,2018-12-27,9.2,9.69,9.15,9.43,638000.0
22,2018-12-28,9.58,10.92,9.5,10.82,3103600.0
23,2018-12-31,10.82,12.68,10.54,12.5,10079200.0
24,2019-01-02,12.32,12.32,11.14,11.38,1579600.0
25,2019-01-03,11.4,12.32,10.86,10.94,1614400.0
26,2019-01-04,10.94,11.6,10.94,11.42,803600.0
27,2019-01-07,11.7,12.1,11.52,12.0,2614800.0
28,2019-01-08,12.1,12.26,11.7,12.0,1257200.0
29,2019-01-09,12.08,12.2,11.74,11.84,1027800.0
30,2019-01-10,11.96,12.14,11.66,11.98,614000.0
31,2019-01-11,12.1,12.1,11.7,11.72,287200.0
32,2019-01-14,11.54,11.72,11.12,11.3,328000.0
33,2019-01-15,11.4,12.2,11.4,12.0,1088000.0
34,2019-01-16,12.0,12.06,11.7,11.86,430800.0
35,2019-01-17,11.98,12.1,11.88,11.92,1668400.0
36,2019-01-18,12.1,12.94,11.78,12.5,1827600.0
37,2019-01-21,12.68,13.2,12.48,12.76,2010400.0
38,2019-01-22,12.88,12.88,12.38,12.52,1514800.0
39,2019-01-23,12.38,12.96,12.14,12.86,686800.0
40,2019-01-24,12.9,14.06,12.86,14.04,4054400.0
41,2019-01-25,14.28,14.7,14.08,14.28,3227200.0
42,2019-01-28,14.3,14.3,13.6,13.92,1690800.0
43,2019-01-29,13.88,14.2,13.6,13.92,768000.0
44,2019-01-30,13.72,14.42,13.7,14.0,1242000.0
45,2019-01-31,14.06,14.68,13.7,14.54,1494000.0
46,2019-02-01,14.6,15.86,14.34,15.76,3748200.0
47,2019-02-04,15.88,16.2,15.44,15.52,1651200.0
48,2019-02-08,15.4,15.5,14.86,14.98,1540800.0
49,2019-02-11,14.94,15.3,14.5,14.74,972000.0
50,2019-02-12,14.72,15.22,14.52,14.86,1631200.0
51,2019-02-13,14.86,15.44,14.82,15.24,1205600.0
52,2019-02-14,15.32,15.54,15.1,15.36,2359200.0
53,2019-02-15,15.36,15.36,14.02,14.52,2651000.0
54,2019-02-18,14.86,15.12,14.58,14.88,1535400.0
55,2019-02-19,14.96,15.1,14.7,14.74,1163200.0
56,2019-02-20,14.7,14.92,14.32,14.34,889200.0
57,2019-02-21,14.66,14.66,14.34,14.4,1177100.0
58,2019-02-22,14.22,15.16,14.18,15.06,1754000.0
59,2019-02-25,15.38,16.38,15.12,15.2,4244000.0
60,2019-02-26,15.22,15.98,14.98,15.1,1856400.0
61,2019-02-27,15.16,15.42,14.6,14.78,1471200.0
62,2019-02-28,14.76,15.28,14.68,14.78,1066800.0
63,2019-03-01,14.78,15.24,14.78,15.16,641600.0
64,2019-03-04,15.3,15.54,14.9,15.0,1103600.0
65,2019-03-05,14.82,14.82,14.06,14.5,15432400.0
66,2019-03-06,14.84,15.54,14.54,15.14,5900800.0
67,2019-03-07,15.1,15.4,14.96,15.3,4071200.0
68,2019-03-08,14.88,15.14,14.82,15.0,3467600.0
69,2019-03-11,15.0,16.2,14.92,15.56,3212700.0
70,2019-03-12,15.62,17.88,15.62,17.4,8773900.0
71,2019-03-13,17.46,17.96,17.16,17.54,4411094.0
72,2019-03-14,17.4,17.52,16.5,16.64,2874000.0
73,2019-03-15,16.7,17.22,16.7,17.14,2048704.0
74,2019-03-18,17.16,17.7,16.5,17.1,3618000.0
75,2019-03-19,16.92,17.3,16.64,17.3,2044800.0
76,2019-03-20,16.6,17.1,15.76,16.9,12053800.0
77,2019-03-21,16.8,16.98,15.92,16.04,36108000.0
78,2019-03-22,16.26,16.32,15.68,15.8,3338400.0
79,2019-03-25,15.5,15.68,14.92,15.12,4990800.0
80,2019-03-26,15.3,15.46,15.18,15.42,2720400.0
81,2019-03-27,15.42,16.6,15.42,16.52,8372000.0
82,2019-03-28,16.36,17.0,16.36,16.62,3598400.0
83,2019-03-29,16.9,17.56,16.8,17.42,6899982.0
84,2019-04-01,17.42,17.64,16.88,17.6,2019200.0
85,2019-04-02,17.6,17.6,17.2,17.38,1034200.0
86,2019-04-03,17.6,18.6,17.3,18.56,6160400.0
87,2019-04-04,18.6,18.88,18.2,18.7,3277600.0
88,2019-04-08,18.7,19.1,18.5,19.0,5627920.0
89,2019-04-09,19.0,19.0,18.5,19.0,1513400.0
90,2019-04-10,18.86,19.58,18.72,19.42,2313200.0
91,2019-04-11,19.4,19.72,18.7,19.02,1802000.0
92,2019-04-12,19.06,19.9,19.02,19.52,1869600.0
93,2019-04-15,19.74,19.8,19.0,19.04,1315200.0
94,2019-04-16,19.04,19.34,18.68,19.1,2156400.0
95,2019-04-17,19.02,19.98,18.8,19.78,1672800.0
96,2019-04-18,19.7,19.76,19.4,19.62,705200.0
97,2019-04-23,19.48,19.48,18.98,19.04,734000.0
98,2019-04-24,19.18,19.18,18.42,19.06,2036400.0
99,2019-04-25,19.06,19.32,18.5,18.5,1204000.0
100,2019-04-26,18.5,18.7,18.06,18.42,1333610.0
101,2019-04-29,18.32,18.38,17.9,18.08,1050800.0
102,2019-04-30,17.96,18.42,17.66,17.72,1472800.0
103,2019-05-02,17.72,18.76,17.72,18.72,2153409.0
104,2019-05-03,18.5,18.96,18.5,18.92,1725996.0
105,2019-05-06,18.1,18.2,17.24,18.0,3262600.0
106,2019-05-07,18.04,18.2,17.68,18.1,1258000.0
107,2019-05-08,17.56,18.2,17.5,17.68,813200.0
108,2019-05-09,17.6,17.84,16.32,16.4,1968800.0
109,2019-05-10,16.7,17.34,16.3,17.04,3089600.0
110,2019-05-14,16.6,16.6,15.74,15.98,2992116.0
111,2019-05-15,16.0,16.92,16.0,16.48,2894800.0
112,2019-05-16,16.48,16.88,16.38,16.6,2466800.0
113,2019-05-17,16.72,16.72,15.34,15.6,5230800.0
114,2019-05-20,15.8,15.84,14.8,15.02,5351800.0
115,2019-05-21,14.8,15.3,14.62,15.08,2488800.0
116,2019-05-22,15.28,15.56,14.94,15.1,2716000.0
117,2019-05-23,15.02,15.06,13.98,14.14,3183200.0
118,2019-05-24,14.0,14.5,14.0,14.2,3044800.0
119,2019-05-27,14.2,15.12,14.16,14.24,4896791.0
120,2019-05-28,14.24,14.86,14.04,14.76,4858000.0
121,2019-05-29,14.84,15.24,14.4,15.0,3569600.0
122,2019-05-30,15.04,15.3,14.76,14.98,1366800.0
123,2019-05-31,14.98,15.2,14.72,14.8,2147200.0
124,2019-06-03,14.6,15.48,14.6,15.38,3009600.0
125,2019-06-04,15.38,16.4,15.38,16.12,8906400.0
126,2019-06-05,16.24,16.3,15.54,15.68,5973597.0
127,2019-06-06,15.68,16.16,15.68,16.0,3863600.0
128,2019-06-10,16.3,16.74,16.14,16.54,5083600.0
129,2019-06-11,16.14,16.22,15.76,16.02,66118540.0
130,2019-06-12,16.04,16.12,15.62,16.0,8727700.0
131,2019-06-13,16.0,16.04,15.78,16.0,3878800.0
132,2019-06-14,16.0,16.38,15.8,16.2,13628250.0
133,2019-06-17,16.0,16.5,15.8,15.9,12137100.0
134,2019-06-18,16.1,16.1,15.5,15.62,3290000.0
135,2019-06-19,16.0,16.2,15.78,16.18,5113390.0
136,2019-06-20,16.08,16.2,15.84,16.0,3520582.0
137,2019-06-21,16.0,16.06,15.44,15.58,16685054.0
138,2019-06-24,15.62,15.98,15.62,15.8,2263628.0
139,2019-06-25,15.82,15.82,15.4,15.54,1705488.0
140,2019-06-26,15.54,15.62,15.26,15.42,3036211.0
141,2019-06-27,15.48,15.6,15.42,15.5,1646381.0
142,2019-06-28,15.4,15.54,15.32,15.5,1865336.0
143,2019-07-02,15.96,16.42,15.6,16.32,6526134.0
144,2019-07-03,16.5,16.5,15.9,16.08,5447420.0
145,2019-07-04,16.08,16.3,15.9,16.04,3684400.0
146,2019-07-05,16.1,16.1,15.78,15.86,1179800.0
147,2019-07-08,15.6,15.6,15.34,15.42,1612829.0
148,2019-07-09,15.3,15.46,14.8,15.44,1691950.0
149,2019-07-10,15.44,16.24,15.44,15.9,1373400.0
150,2019-07-11,15.84,15.98,15.2,15.36,3612000.0
151,2019-07-12,15.36,15.44,15.2,15.3,1050060.0
152,2019-07-15,15.16,15.16,14.78,14.96,2279200.0
153,2019-07-16,14.96,15.48,14.96,15.18,2214208.0
154,2019-07-17,15.0,15.36,15.0,15.3,483300.0
155,2019-07-18,15.2,15.36,15.1,15.32,2809200.0
156,2019-07-19,15.48,15.5,15.26,15.38,721310.0
157,2019-07-22,15.26,15.34,15.14,15.24,1673100.0
158,2019-07-23,15.16,15.3,15.04,15.26,4128200.0
159,2019-07-24,15.28,15.74,15.22,15.48,1859309.0
160,2019-07-25,15.8,15.84,15.28,15.58,2324287.0
161,2019-07-26,15.48,15.48,15.16,15.34,3023245.0
162,2019-07-29,15.24,15.24,14.96,15.04,566978.0
163,2019-07-30,15.0,15.28,14.8,14.86,814400.0
164,2019-07-31,14.8,14.8,14.4,14.48,639490.0
165,2019-08-01,14.4,14.4,14.08,14.12,4237050.0
166,2019-08-02,14.0,14.2,13.1,13.18,3612633.0
167,2019-08-05,13.18,13.18,12.26,12.56,3908718.0
168,2019-08-06,12.0,12.52,9.89,12.1,3698454.0
169,2019-08-07,12.58,12.6,12.08,12.32,2072821.0
170,2019-08-08,12.4,12.42,11.84,11.92,2517200.0
171,2019-08-09,12.08,12.08,11.38,11.48,3548056.0
172,2019-08-12,11.5,11.68,11.3,11.62,2256000.0
173,2019-08-13,11.6,11.6,10.92,10.98,4483654.0
174,2019-08-14,11.46,11.58,11.12,11.18,3395636.0
175,2019-08-15,11.08,11.2,10.84,11.08,1146400.0
176,2019-08-16,11.0,12.56,11.0,12.32,4867874.0
177,2019-08-19,12.68,12.76,12.0,12.32,4358710.0
178,2019-08-20,12.5,12.88,12.32,12.76,6014396.0
179,2019-08-21,12.56,12.86,12.56,12.7,4804300.0
180,2019-08-22,12.6,12.84,12.36,12.44,4152061.0
181,2019-08-23,12.2,12.78,11.8,12.0,3052100.0
182,2019-08-26,11.86,11.92,11.24,11.9,3530569.0
183,2019-08-27,11.8,12.38,11.8,12.38,3652800.0
184,2019-08-28,12.26,12.4,12.26,12.36,743899.0
185,2019-08-29,12.3,12.58,12.26,12.4,1204800.0
186,2019-08-30,12.36,12.68,12.36,12.5,1569386.0
187,2019-09-02,12.4,12.86,12.4,12.66,2762400.0
188,2019-09-03,12.54,12.66,12.44,12.5,2051600.0
189,2019-09-04,12.42,12.72,12.26,12.58,3226400.0
190,2019-09-05,12.52,12.72,12.52,12.66,2295853.0
191,2019-09-06,12.58,13.24,12.58,13.08,2328962.0
192,2019-09-09,12.86,13.3,12.86,13.16,4306000.0
193,2019-09-10,13.1,13.24,12.92,13.08,3056800.0
194,2019-09-11,13.2,13.22,12.96,13.04,1673200.0
195,2019-09-12,13.04,13.82,13.04,13.74,3949689.0
196,2019-09-13,13.72,14.0,13.68,13.78,3122000.0
197,2019-09-16,13.96,13.96,13.66,13.92,2069200.0
198,2019-09-17,13.92,13.92,12.94,13.04,6773200.0
199,2019-09-18,13.12,13.44,13.1,13.38,2303210.0
200,2019-09-19,13.42,13.94,13.3,13.62,2833800.0
201,2019-09-20,13.62,13.72,13.4,13.72,19518485.0
202,2019-09-23,13.94,13.94,13.46,13.7,1969408.0
203,2019-09-24,13.72,13.72,13.08,13.4,1900000.0
204,2019-09-25,13.5,13.6,13.14,13.16,2077781.0
205,2019-09-26,13.34,13.34,12.72,12.94,1382400.0
206,2019-09-27,12.86,13.08,12.4,12.56,955614.0
207,2019-09-30,12.7,12.7,11.66,12.04,2905400.0
208,2019-10-02,12.0,12.38,11.94,12.28,1515320.0
209,2019-10-03,12.28,12.28,12.0,12.12,1508800.0
210,2019-10-04,12.44,12.44,11.88,12.3,1497600.0
211,2019-10-08,12.1,12.4,11.86,11.92,1104400.0
212,2019-10-09,11.92,12.32,11.2,11.38,2363410.0
213,2019-10-10,11.62,11.62,11.2,11.58,1463117.0
214,2019-10-11,11.8,11.9,11.5,11.78,1205272.0
215,2019-10-14,11.8,12.36,11.8,12.14,856490.0
216,2019-10-15,12.24,12.24,11.74,11.8,718400.0
217,2019-10-16,11.98,12.02,11.74,11.98,1327600.0
218,2019-10-17,12.0,12.84,12.0,12.74,3406800.0
219,2019-10-18,13.28,13.46,13.0,13.46,5382316.0
220,2019-10-21,13.5,13.6,12.9,13.34,3018400.0
221,2019-10-22,13.5,13.5,12.5,12.7,1917063.0
222,2019-10-23,12.98,12.98,12.22,12.3,1105856.0
223,2019-10-24,12.44,12.68,12.16,12.6,2100212.0
224,2019-10-25,12.4,12.56,12.3,12.44,608280.0
225,2019-10-28,12.32,13.1,12.32,13.0,3842400.0
226,2019-10-29,13.0,13.12,12.9,13.12,3971894.0
227,2019-10-30,13.0,13.48,12.86,13.18,2895928.0
228,2019-10-31,13.0,13.1,12.78,12.8,1545500.0
229,2019-11-01,12.8,12.84,12.4,12.62,1913008.0
230,2019-11-04,12.7,13.06,12.7,13.0,2877200.0
231,2019-11-05,13.0,13.0,12.6,12.64,2391200.0
232,2019-11-06,12.8,12.96,12.6,12.68,2449600.0
233,2019-11-07,12.5,12.9,12.5,12.8,1524136.0
234,2019-11-08,12.6,12.74,12.48,12.64,3071200.0
235,2019-11-11,12.66,12.72,12.0,12.1,3294400.0
236,2019-11-12,12.1,12.34,11.88,11.98,2094000.0
237,2019-11-13,11.86,12.06,11.86,12.0,1823600.0
238,2019-11-14,12.0,12.18,11.88,12.14,1230843.0
239,2019-11-15,12.06,12.16,11.92,11.96,425400.0
240,2019-11-18,12.0,12.18,11.68,11.86,1104712.0
241,2019-11-19,11.98,12.0,11.82,11.98,1196854.0
242,2019-11-20,12.0,12.04,11.58,11.64,2423600.0
243,2019-11-21,11.58,11.78,11.58,11.7,758400.0
244,2019-11-22,11.88,12.4,11.88,12.36,3493200.0
245,2019-11-25,12.38,12.84,12.1,12.3,1712800.0
246,2019-11-26,13.2,13.4,12.74,12.94,13014400.0
247,2019-11-27,13.02,13.08,12.7,13.0,3380000.0
248,2019-11-28,12.86,13.12,12.8,13.0,4362000.0
249,2019-11-29,13.0,13.02,12.44,13.0,3335200.0
250,2019-12-02,12.86,13.0,12.5,12.58,1468000.0
251,2019-12-03,12.46,12.96,12.38,12.9,2202860.0
252,2019-12-04,12.76,12.86,12.54,12.7,1256000.0
253,2019-12-05,12.9,12.9,12.56,12.8,1397600.0
254,2019-12-06,12.7,12.88,12.62,12.78,3016222.0
255,2019-12-09,12.9,12.96,12.54,12.6,2043600.0
256,2019-12-10,12.68,12.68,12.24,12.3,2277300.0
257,2019-12-11,12.3,12.42,11.92,12.06,4503600.0
258,2019-12-12,12.06,12.28,11.88,12.0,2719600.0
259,2019-12-13,12.18,12.22,11.76,11.8,9736400.0
260,2019-12-16,11.8,12.8,11.8,12.68,4858000.0
261,2019-12-17,12.6,12.9,12.54,12.72,4162400.0
262,2019-12-18,12.72,12.9,12.38,12.48,2437200.0
263,2019-12-19,12.3,12.56,12.3,12.46,1497340.0
264,2019-12-20,12.3,12.66,12.3,12.4,2868400.0
265,2019-12-23,12.4,12.96,12.4,12.78,4626830.0
266,2019-12-24,12.66,12.84,12.48,12.54,1184770.0
267,2019-12-27,12.52,12.88,12.52,12.78,2680400.0
268,2019-12-30,12.9,13.52,12.72,13.4,13250757.0
269,2019-12-31,13.3,14.06,12.92,13.98,17517342.0
270,2020-01-02,13.92,13.98,13.62,13.72,14816729.0
271,2020-01-03,13.88,13.98,13.42,13.54,4239600.0
272,2020-01-06,13.42,13.42,13.02,13.18,4195200.0
273,2020-01-07,13.26,13.44,13.06,13.38,2195300.0
274,2020-01-08,13.16,13.3,13.04,13.14,1889622.0
275,2020-01-09,13.16,13.52,13.16,13.4,3950000.0
276,2020-01-10,13.4,13.58,13.34,13.5,5109610.0
277,2020-01-13,13.48,13.88,13.4,13.88,5527106.0
278,2020-01-14,14.0,14.1,13.34,13.48,9260110.0
279,2020-01-15,13.48,13.5,13.16,13.5,3674652.0
280,2020-01-16,13.5,13.74,13.32,13.62,3170400.0
281,2020-01-17,13.32,13.54,13.16,13.34,93882100.0
282,2020-01-20,13.4,13.4,12.0,12.16,27160200.0
283,2020-01-21,12.0,12.0,11.26,11.28,16729200.0
284,2020-01-22,11.2,11.82,10.96,11.54,14510037.0
285,2020-01-23,11.1,11.46,10.8,11.02,10839566.0
286,2020-01-24,11.02,11.24,10.82,11.16,4831600.0
287,2020-01-29,10.52,11.04,10.48,10.98,16893287.0
288,2020-01-30,11.0,11.08,10.9,11.02,14404800.0
289,2020-01-31,11.02,11.06,10.84,11.02,8666800.0
290,2020-02-03,10.9,10.9,10.16,10.64,12300761.0
291,2020-02-04,10.7,11.04,10.7,10.94,3973609.0
292,2020-02-05,10.98,11.46,10.96,11.16,6707209.0
293,2020-02-06,11.48,11.52,11.2,11.48,7737340.0
294,2020-02-07,11.4,11.54,11.12,11.28,4852830.0
295,2020-02-10,11.28,11.28,10.82,10.84,2634141.0
296,2020-02-11,10.86,11.04,10.62,10.94,5632100.0
297,2020-02-12,11.0,11.5,10.92,11.34,5248321.0
298,2020-02-13,11.34,11.76,11.12,11.6,8679700.0
299,2020-02-14,11.54,11.84,11.54,11.7,4785204.0
300,2020-02-17,11.64,11.8,11.4,11.48,2988800.0
301,2020-02-18,11.26,11.58,11.26,11.34,3693200.0
302,2020-02-19,11.22,11.58,11.22,11.44,2684000.0
303,2020-02-20,11.58,12.3,11.48,12.02,7705000.0
304,2020-02-21,11.98,12.02,11.7,11.72,4405767.0
305,2020-02-24,11.5,11.5,11.04,11.38,4134000.0
306,2020-02-25,11.0,12.0,11.0,11.8,6827200.0
307,2020-02-26,11.5,11.84,11.48,11.58,6847588.0
308,2020-02-27,11.5,11.78,11.5,11.76,2031600.0
309,2020-02-28,11.48,11.88,11.4,11.88,6363098.0
310,2020-03-02,11.88,12.2,11.8,12.2,3999400.0
311,2020-03-03,12.32,12.6,12.12,12.28,4901212.0
312,2020-03-04,12.3,12.96,12.26,12.58,7656496.0
313,2020-03-05,12.8,12.98,12.58,12.82,6291200.0
314,2020-03-06,12.5,12.76,12.4,12.44,9050598.0
315,2020-03-09,12.26,12.26,11.56,11.56,7622000.0
316,2020-03-10,11.48,11.74,11.1,11.6,9258980.0
317,2020-03-11,11.8,11.8,11.24,11.5,4157420.0
318,2020-03-12,11.44,11.52,10.94,11.3,5628400.0
319,2020-03-13,10.68,10.78,10.06,10.6,13818800.0
320,2020-03-16,10.5,10.5,9.41,9.59,11247200.0
321,2020-03-17,9.31,9.75,9.17,9.57,13080602.0
322,2020-03-18,9.74,9.89,8.78,8.94,5718805.0
323,2020-03-19,8.94,9.6,8.74,9.5,10429190.0
324,2020-03-20,9.7,10.7,9.7,10.34,8424816.0
325,2020-03-23,9.94,10.0,9.65,9.7,3860421.0
326,2020-03-24,9.9,10.3,9.9,10.04,3072323.0
327,2020-03-25,10.48,10.72,10.04,10.38,6541270.0
328,2020-03-26,10.38,11.1,10.24,10.7,10381600.0
329,2020-03-27,11.18,11.3,10.6,10.76,7899823.0
330,2020-03-30,10.58,10.94,10.3,10.76,3478800.0
331,2020-03-31,10.96,11.06,10.78,10.9,5392220.0
332,2020-04-01,10.96,11.16,10.58,10.68,5207021.0
333,2020-04-02,10.72,10.92,10.44,10.72,4714716.0
334,2020-04-03,10.7,10.86,10.36,10.5,2509200.0
335,2020-04-06,10.6,10.98,10.42,10.9,2768800.0
336,2020-04-07,11.0,11.24,10.96,11.2,4103900.0
337,2020-04-08,11.16,11.2,11.0,11.18,2081947.0
338,2020-04-09,11.24,11.92,11.24,11.9,6340304.0
339,2020-04-14,11.86,12.04,11.54,12.0,8509273.0
340,2020-04-15,12.0,12.1,11.84,11.92,4034463.0
341,2020-04-16,11.9,12.26,11.86,12.24,7816222.0
342,2020-04-17,12.46,12.86,12.46,12.62,11564248.0
343,2020-04-20,12.58,12.66,12.3,12.42,5780861.0
344,2020-04-21,12.3,12.4,11.72,11.86,7430623.0
345,2020-04-22,11.78,12.22,11.58,12.0,4655422.0
346,2020-04-23,12.2,12.56,12.04,12.46,6630000.0
347,2020-04-24,12.4,12.6,12.28,12.44,2660622.0
348,2020-04-27,12.6,12.76,12.38,12.66,4041373.0
349,2020-04-28,12.7,13.1,12.7,13.1,7350400.0
350,2020-04-29,13.5,13.5,12.92,13.08,5934400.0
351,2020-05-04,12.7,12.7,12.24,12.3,4863579.0
352,2020-05-05,12.32,12.64,12.24,12.5,2651516.0
353,2020-05-06,12.56,12.76,12.12,12.48,6188671.0
354,2020-05-07,12.48,12.6,12.16,12.36,4743422.0
355,2020-05-08,12.54,12.9,12.44,12.82,6754660.0
356,2020-05-11,12.86,13.2,12.86,13.0,5262656.0
357,2020-05-12,12.88,12.9,12.6,12.68,3441822.0
358,2020-05-13,12.42,12.44,11.96,12.02,12739422.0
359,2020-05-14,12.62,13.06,12.62,12.84,18593300.0
360,2020-05-15,12.8,13.02,12.76,12.8,6154150.0
361,2020-05-18,13.0,13.0,12.62,12.64,6434655.0
362,2020-05-19,13.0,13.46,12.8,13.26,11923328.0
363,2020-05-20,13.36,13.7,13.3,13.62,13780914.0
364,2020-05-21,13.7,13.82,13.26,13.42,11046624.0
365,2020-05-22,13.16,13.52,12.94,13.3,14381570.0
366,2020-05-25,13.28,13.5,13.06,13.28,7304188.0
367,2020-05-26,13.4,13.88,13.16,13.46,7863818.0
368,2020-05-27,13.5,13.7,13.04,13.48,6063513.0
369,2020-05-28,13.52,13.94,13.5,13.6,14487583.0
370,2020-05-29,13.44,13.9,13.4,13.9,67783949.0
371,2020-06-01,14.0,14.52,13.92,14.16,17895836.0
372,2020-06-02,14.36,14.36,13.76,14.28,7756400.0
373,2020-06-03,14.38,14.86,14.06,14.72,14842700.0
374,2020-06-04,14.8,14.8,14.2,14.52,9061090.0
375,2020-06-05,14.4,14.56,14.24,14.48,5835974.0
376,2020-06-08,14.5,14.98,14.48,14.56,8494248.0
377,2020-06-09,14.78,14.84,14.46,14.64,8153263.0
378,2020-06-10,14.76,14.84,14.4,14.64,4609312.0
379,2020-06-11,14.7,14.7,14.0,14.26,5170600.0
380,2020-06-12,13.9,14.5,13.5,14.48,5250773.0
381,2020-06-15,14.4,14.4,13.14,13.22,12036800.0
382,2020-06-16,13.56,13.88,13.52,13.68,4667784.0
383,2020-06-17,13.6,13.76,13.28,13.7,4078072.0
384,2020-06-18,13.7,13.98,13.32,13.8,2235685.0
385,2020-06-19,13.96,14.16,13.7,14.04,3641490.0
386,2020-06-22,14.04,14.22,13.48,13.68,5714857.0
387,2020-06-23,14.02,14.02,13.48,13.96,3143461.0
388,2020-06-24,13.9,14.18,13.72,13.8,4169960.0
389,2020-06-26,13.9,13.9,13.4,13.88,3252000.0
390,2020-06-29,13.88,13.96,13.58,13.82,3967600.0
391,2020-06-30,13.8,14.08,13.72,13.96,5942175.0
392,2020-07-02,14.0,14.28,13.94,14.2,6702804.0
393,2020-07-03,14.2,14.7,14.1,14.66,9798667.0
394,2020-07-06,14.9,14.92,14.36,14.92,6152896.0
395,2020-07-07,14.98,14.98,14.5,14.72,5949231.0
396,2020-07-08,14.36,14.84,14.36,14.84,4374119.0
397,2020-07-09,14.84,15.26,14.66,14.8,5510298.0
398,2020-07-10,14.9,14.9,13.74,13.86,6848000.0
399,2020-07-13,14.1,14.4,13.84,14.0,5327932.0
400,2020-07-14,14.0,14.0,13.04,13.64,7661829.0
401,2020-07-15,14.44,14.88,13.96,14.48,12173078.0
402,2020-07-16,14.8,14.8,13.38,13.58,9127398.0
403,2020-07-17,13.98,14.0,13.62,13.88,3823200.0
404,2020-07-20,13.96,14.38,13.78,14.2,5349776.0
405,2020-07-21,14.52,14.76,14.22,14.36,11932269.0
406,2020-07-22,14.46,14.46,13.86,13.98,5571897.0
407,2020-07-23,14.08,14.1,13.72,14.08,3389573.0
408,2020-07-24,14.0,14.06,13.32,13.4,4288017.0
409,2020-07-27,13.66,13.84,13.48,13.7,4841005.0
410,2020-07-28,13.8,14.24,13.74,14.18,3611215.0
411,2020-07-29,14.26,14.26,13.9,14.0,3799686.0
412,2020-07-30,14.12,14.7,14.0,14.3,6248081.0
413,2020-07-31,14.5,14.52,14.1,14.22,3029501.0
414,2020-08-03,14.34,14.7,14.12,14.52,5316872.0
415,2020-08-04,14.7,14.7,14.38,14.6,3381724.0
416,2020-08-05,14.68,14.68,14.48,14.56,1437281.0
417,2020-08-06,14.66,15.0,14.54,14.98,8167695.0
418,2020-08-07,15.0,15.0,13.92,14.9,7180992.0
419,2020-08-10,14.96,14.96,14.28,14.82,3902501.0
420,2020-08-11,14.94,15.02,14.64,14.84,5427652.0
421,2020-08-12,14.84,14.88,14.16,14.58,3364301.0
422,2020-08-13,14.66,14.82,14.54,14.7,2714960.0
423,2020-08-14,14.5,14.56,14.16,14.34,4364816.0
424,2020-08-17,14.46,14.64,14.3,14.42,2920516.0
425,2020-08-18,14.4,14.6,14.3,14.5,2360291.0
426,2020-08-19,14.58,15.0,14.4,14.7,3878365.0
427,2020-08-20,14.8,14.8,14.32,14.4,1601948.0
428,2020-08-21,14.66,14.66,14.32,14.5,2664974.0
429,2020-08-24,14.7,14.7,14.26,14.7,3579787.0
430,2020-08-25,14.78,15.16,14.74,15.0,14498160.0
431,2020-08-26,15.0,15.7,14.82,15.7,13227924.0
432,2020-08-27,15.76,15.76,15.18,15.5,10337181.0
433,2020-08-28,15.54,16.48,15.24,15.92,20470557.0
434,2020-08-31,16.42,16.48,14.5,15.2,22677960.0
435,2020-09-01,15.2,15.6,15.08,15.4,6372026.0
436,2020-09-02,15.6,15.6,14.84,15.36,7323160.0
437,2020-09-03,15.36,15.36,14.9,15.0,6578711.0
438,2020-09-04,14.7,14.78,14.3,14.5,7295106.0
439,2020-09-07,14.6,14.76,14.1,14.36,3523228.0
440,2020-09-08,14.6,14.6,13.76,13.98,5589400.0
441,2020-09-09,13.8,13.82,13.46,13.66,5143029.0
442,2020-09-10,13.9,13.9,13.36,13.58,4783802.0
443,2020-09-11,13.58,13.88,13.24,13.86,3270557.0
444,2020-09-14,13.86,13.88,13.66,13.88,3574254.0
445,2020-09-15,14.2,14.36,13.94,14.3,5199109.0
446,2020-09-16,14.5,15.3,14.42,15.08,23962240.0
447,2020-09-17,15.4,15.4,14.42,14.66,12689454.0
448,2020-09-18,14.76,14.82,14.36,14.62,8029512.0
449,2020-09-21,14.62,14.72,14.0,14.18,6615444.0
450,2020-09-22,14.16,14.3,13.84,14.0,5152615.0
451,2020-09-23,14.0,14.2,13.98,14.06,2290577.0
452,2020-09-24,13.84,13.84,13.4,13.5,4042262.0
453,2020-09-25,13.5,13.78,13.06,13.3,10046000.0
454,2020-09-28,13.5,13.76,13.4,13.56,5767400.0
455,2020-09-29,13.58,14.16,13.58,14.0,5711069.0
456,2020-09-30,14.22,14.28,13.86,14.1,2887499.0
457,2020-10-05,14.6,14.6,14.2,14.36,4407622.0
458,2020-10-06,14.6,15.0,14.58,14.78,7884891.0
459,2020-10-07,14.78,14.98,14.62,14.8,4749682.0
460,2020-10-08,14.84,15.0,14.78,15.0,4030244.0
461,2020-10-09,15.2,15.2,14.68,14.96,11544227.0
462,2020-10-12,15.02,15.16,14.82,14.92,8032621.0
463,2020-10-14,15.0,15.16,14.68,15.0,15541664.0
464,2020-10-15,15.0,15.0,14.64,14.88,8507246.0
465,2020-10-16,14.9,14.98,14.26,14.62,9457485.0
466,2020-10-19,14.7,14.8,14.48,14.54,5428025.0
467,2020-10-20,14.6,14.92,14.4,14.74,9965910.0
468,2020-10-21,14.86,14.86,14.1,14.14,6764775.0
469,2020-10-22,14.18,14.2,13.78,14.14,8187742.0
470,2020-10-23,13.96,14.14,13.56,13.96,5297346.0
471,2020-10-27,13.76,13.86,13.22,13.34,10484522.0
472,2020-10-28,13.28,13.5,13.08,13.08,10781736.0
473,2020-10-29,13.0,13.4,12.94,13.4,3952090.0
474,2020-10-30,13.4,13.4,12.8,12.86,3832801.0
475,2020-11-02,12.86,13.2,12.54,12.7,3016668.0
476,2020-11-03,12.8,13.0,12.7,12.96,3271736.0
477,2020-11-04,12.72,13.0,12.5,12.88,5125099.0
478,2020-11-05,13.0,13.54,12.74,13.48,7386198.0
479,2020-11-06,13.54,13.8,13.44,13.76,3748126.0
480,2020-11-09,13.78,14.0,13.48,13.6,3296715.0
481,2020-11-10,14.8,14.8,13.94,14.3,26010948.0
482,2020-11-11,14.44,14.68,13.82,14.2,13548229.0
483,2020-11-12,14.3,14.42,13.84,13.96,10199760.0
484,2020-11-13,13.8,14.14,13.72,13.78,5549192.0
485,2020-11-16,13.84,14.6,13.84,14.56,9950933.0
486,2020-11-17,14.64,14.66,14.3,14.38,5548259.0
487,2020-11-18,14.26,14.6,14.26,14.44,3650549.0
488,2020-11-19,14.36,14.74,14.36,14.68,5160750.0
489,2020-11-20,14.68,14.76,14.56,14.62,8453267.0
490,2020-11-23,14.74,14.74,14.26,14.38,2758678.0
491,2020-11-24,14.62,14.68,14.3,14.4,7467151.0
492,2020-11-25,14.68,14.68,13.84,14.12,5311284.0
493,2020-11-26,14.3,14.32,14.1,14.28,2856230.0
494,2020-11-27,14.28,14.3,13.92,14.0,3822785.0
495,2020-11-30,14.0,14.46,13.82,14.46,11402001.0
496,2020-12-01,14.48,14.6,14.14,14.48,9686229.0
497,2020-12-02,14.66,14.8,14.42,14.74,8020944.0
498,2020-12-03,14.86,14.86,14.6,14.7,4274732.0
499,2020-12-04,14.7,14.9,14.62,14.8,5240400.0
500,2020-12-07,14.78,14.78,14.4,14.64,3756384.0
501,2020-12-08,14.64,14.72,14.26,14.64,2454158.0
502,2020-12-09,14.92,15.0,14.62,14.8,11168222.0
503,2020-12-10,14.8,14.8,14.02,14.48,6590832.0
504,2020-12-11,14.6,14.76,14.5,14.6,4585590.0
505,2020-12-14,14.6,14.68,14.38,14.66,2409737.0
506,2020-12-15,14.66,15.02,14.66,14.94,7569883.0
507,2020-12-16,15.0,15.0,14.78,14.84,3113000.0
508,2020-12-17,14.86,15.0,14.84,14.92,3593446.0
509,2020-12-18,14.92,14.96,14.8,14.82,3053484.0
510,2020-12-21,14.82,14.9,14.72,14.8,4033886.0
511,2020-12-22,14.66,14.7,13.56,13.78,7051364.0
512,2020-12-23,13.6,14.16,13.6,14.14,5472400.0
513,2020-12-24,14.14,14.8,14.14,14.68,2343619.0
514,2020-12-28,14.6,14.66,14.48,14.5,1901500.0
515,2020-12-29,14.5,14.78,14.5,14.66,1592598.0
516,2020-12-30,14.66,14.92,14.66,14.88,1791536.0
517,2020-12-31,14.88,15.0,14.82,15.0,4219695.0
518,2021-01-04,15.0,15.0,14.82,14.98,1783463.0
519,2021-01-05,14.7,14.98,14.5,14.98,4772868.0
520,2021-01-06,14.98,15.06,14.78,14.98,5397302.0
521,2021-01-07,15.02,15.02,14.56,15.0,2721897.0
522,2021-01-08,15.0,15.0,14.58,15.0,4812001.0
523,2021-01-11,15.0,15.0,14.84,14.98,3606505.0
524,2021-01-12,14.96,14.96,14.48,14.5,3867956.0
525,2021-01-13,14.5,14.56,14.2,14.28,2968099.0
526,2021-01-14,14.34,14.42,14.02,14.34,5727398.0
527,2021-01-15,14.36,14.36,13.7,14.02,5484269.0
528,2021-01-18,14.14,14.38,13.9,14.38,4021900.0
529,2021-01-19,14.46,14.94,14.44,14.72,7820800.0
530,2021-01-20,14.86,14.9,14.3,14.5,6051018.0
531,2021-01-21,14.46,14.5,13.76,13.82,12173613.0
532,2021-01-22,13.82,14.16,13.66,13.96,9527148.0
533,2021-01-25,13.94,14.02,13.56,13.68,5661144.0
534,2021-01-26,13.58,13.6,13.34,13.5,8336057.0
535,2021-01-27,13.52,14.0,13.52,13.96,5786192.0
536,2021-01-28,13.96,14.32,13.86,14.06,4657320.0
537,2021-01-29,14.24,14.36,13.66,13.88,4296698.0
538,2021-02-01,13.82,14.28,13.82,14.0,3818850.0
539,2021-02-02,14.0,14.66,14.0,14.18,6767923.0
540,2021-02-03,14.14,14.7,14.1,14.7,5616164.0
541,2021-02-04,14.7,14.7,14.18,14.26,3423821.0
542,2021-02-05,14.16,14.5,14.04,14.36,4885759.0
543,2021-02-08,14.44,15.2,14.44,14.8,13061974.0
544,2021-02-09,14.94,14.94,14.0,14.2,4626814.0
545,2021-02-10,14.3,14.3,13.24,13.9,9722493.0
546,2021-02-11,13.88,14.12,13.52,14.12,2505100.0
547,2021-02-16,14.06,14.5,13.94,14.38,6323492.0
548,2021-02-17,14.42,16.62,14.42,16.54,34765496.0
549,2021-02-18,16.7,16.7,15.54,16.42,26235003.0
550,2021-02-19,16.58,17.5,15.94,17.42,33794448.0
551,2021-02-22,17.54,17.58,15.82,16.52,31343691.0
552,2021-02-23,16.54,17.82,15.9,17.38,23144643.0
553,2021-02-24,17.9,18.72,17.34,17.98,32672641.0
554,2021-02-25,18.5,19.2,18.24,18.74,35477399.0
555,2021-02-26,18.0,18.84,17.42,18.22,20831578.0
556,2021-03-01,18.5,18.5,17.12,17.74,11740759.0
557,2021-03-02,17.8,18.04,16.74,17.34,9222509.0
558,2021-03-03,17.18,17.84,16.62,17.8,9885251.0
559,2021-03-04,17.8,17.88,16.6,16.82,15468931.0
560,2021-03-05,16.16,16.2,15.1,15.4,21626680.0
561,2021-03-08,15.68,15.96,14.6,14.76,8521728.0
562,2021-03-09,14.78,15.24,14.52,14.94,13438431.0
563,2021-03-10,15.44,15.7,14.84,15.06,13024409.0
564,2021-03-11,15.32,15.96,15.06,15.96,19795610.0
565,2021-03-12,15.96,16.0,15.18,15.3,9910642.0
566,2021-03-15,15.3,15.62,14.88,15.42,16817786.0
567,2021-03-16,15.46,15.96,15.34,15.72,7570569.0
568,2021-03-17,15.52,16.68,15.4,16.68,7709617.0
569,2021-03-18,17.0,17.1,16.48,16.58,5663528.0
570,2021-03-19,16.18,16.56,16.0,16.56,6150063.0
571,2021-03-22,16.56,16.72,15.9,16.14,4496191.0
572,2021-03-23,16.34,16.34,15.3,15.66,4314933.0
573,2021-03-24,15.84,16.4,15.82,16.12,12442000.0
574,2021-03-25,16.12,16.88,15.5,16.76,9250375.0
575,2021-03-26,16.92,17.64,16.78,17.58,12930256.0
576,2021-03-29,17.56,17.92,16.68,16.9,6858716.0
577,2021-03-30,16.9,17.9,16.8,17.9,7479734.0
578,2021-03-31,17.92,18.32,17.38,17.54,10425719.0
579,2021-04-01,18.0,18.0,17.56,17.84,4722283.0
580,2021-04-07,18.0,18.74,17.96,18.3,11369833.0
581,2021-04-08,18.5,18.78,18.02,18.62,13118867.0
582,2021-04-09,18.62,18.9,18.28,18.48,11033678.0
583,2021-04-12,18.64,19.48,18.6,19.1,18368893.0
584,2021-04-13,19.1,19.1,18.3,18.46,14325299.0
585,2021-04-14,18.5,18.86,18.32,18.52,6394217.0
586,2021-04-15,18.66,19.0,18.52,18.82,10458418.0
587,2021-04-16,18.86,18.9,18.4,18.78,5377880.0
588,2021-04-19,18.8,20.15,18.74,20.0,12199852.0
589,2021-04-20,19.7,19.8,19.3,19.6,7769801.0
590,2021-04-21,19.2,19.56,18.94,19.5,6696188.0
591,2021-04-22,19.62,20.0,19.26,19.92,11845390.0
592,2021-04-23,19.92,20.0,19.5,19.98,6421671.0
593,2021-04-26,20.0,20.3,19.5,19.72,5755592.0
594,2021-04-27,19.82,20.05,19.66,19.94,3734363.0
595,2021-04-28,20.0,20.2,19.8,20.0,9044991.0
596,2021-04-29,19.82,20.5,19.62,20.0,6915058.0
597,2021-04-30,19.94,19.94,18.44,19.48,4516270.0
598,2021-05-03,19.48,19.66,18.98,19.16,2275231.0
599,2021-05-04,19.16,19.52,18.72,19.4,2307652.0
600,2021-05-05,19.46,19.52,18.82,18.92,4142401.0
601,2021-05-06,18.92,19.48,18.5,19.04,6415199.0
602,2021-05-07,19.3,19.3,18.54,18.84,3529273.0
603,2021-05-10,18.84,19.0,18.4,18.62,3672685.0
604,2021-05-11,18.28,18.38,17.42,18.0,5614481.0
605,2021-05-12,18.2,18.5,17.94,18.38,5718553.0
606,2021-05-13,17.96,18.18,17.48,17.58,3535865.0
607,2021-05-14,17.7,17.86,17.2,17.5,6412917.0
608,2021-05-17,17.84,18.28,17.32,18.0,5935645.0
609,2021-05-18,18.6,20.4,18.6,20.2,29688086.0
610,2021-05-20,20.4,20.4,19.8,19.96,12139398.0
611,2021-05-21,20.15,20.45,19.92,20.15,10833210.0
612,2021-05-24,20.0,20.0,19.52,19.96,6590716.0
613,2021-05-25,20.15,20.65,19.66,20.55,8287912.0
614,2021-05-26,20.75,21.3,20.6,21.1,12763346.0
615,2021-05-27,20.8,21.2,20.65,21.1,14116696.0
616,2021-05-28,20.9,21.35,20.7,20.85,7103238.0
617,2021-05-31,21.1,21.15,20.1,20.95,6172100.0
618,2021-06-01,21.25,21.25,20.65,21.1,3420142.0
619,2021-06-02,21.2,21.25,20.35,20.55,4098732.0
620,2021-06-03,20.75,21.0,20.4,20.5,3718594.0
621,2021-06-04,20.9,20.9,20.1,20.4,6864468.0
622,2021-06-07,20.8,20.8,19.96,20.0,3575978.0
623,2021-06-08,20.15,20.45,19.94,20.1,7156221.0
624,2021-06-09,20.2,20.8,20.15,20.5,6222423.0
625,2021-06-10,20.5,20.6,20.25,20.4,4194192.0
626,2021-06-11,20.5,20.7,20.3,20.45,6639162.0
627,2021-06-15,20.5,20.75,20.1,20.35,6389180.0
628,2021-06-16,20.4,20.4,19.74,20.0,4451261.0
629,2021-06-17,20.0,20.5,19.9,20.25,6476181.0
630,2021-06-18,20.5,20.5,19.78,20.1,4846600.0
631,2021-06-21,19.9,20.15,19.68,19.92,3132700.0
632,2021-06-22,20.15,20.15,19.28,19.92,2827169.0
633,2021-06-23,20.1,20.2,19.64,19.9,3577398.0
634,2021-06-24,20.15,20.3,19.84,20.05,3209295.0
635,2021-06-25,20.3,20.3,19.6,19.74,2614998.0
636,2021-06-28,19.7,20.0,18.92,19.42,4091521.0
637,2021-06-29,19.42,19.92,19.32,19.46,3426868.0
638,2021-06-30,19.48,20.15,19.32,19.44,5422935.0
639,2021-07-02,19.9,19.9,18.54,18.98,6471951.0
640,2021-07-05,18.98,19.26,18.5,18.64,3956357.0
641,2021-07-06,18.5,18.56,18.0,18.16,4931535.0
642,2021-07-07,18.04,18.68,17.66,18.54,7187476.0
643,2021-07-08,18.54,18.58,17.82,18.1,9066492.0
644,2021-07-09,18.1,18.68,17.98,18.52,5005322.0
645,2021-07-12,18.82,19.2,18.46,18.96,3780049.0
646,2021-07-13,19.38,19.5,18.84,19.0,3499850.0
647,2021-07-14,19.3,19.32,18.86,19.08,2860966.0
648,2021-07-15,19.3,19.58,19.12,19.18,4571327.0
649,2021-07-16,19.36,19.36,18.8,18.96,2702169.0
650,2021-07-19,18.54,18.8,18.22,18.64,2842539.0
651,2021-07-20,18.94,18.94,18.1,18.36,3061326.0
652,2021-07-21,18.36,18.98,18.22,18.5,5897215.0
653,2021-07-22,18.5,18.68,17.9,18.14,4698443.0
654,2021-07-23,18.32,18.48,18.16,18.26,2543450.0
655,2021-07-26,17.9,18.0,17.1,17.2,11254406.0
656,2021-07-27,17.12,17.14,15.98,16.18,16288398.0
657,2021-07-28,16.46,17.78,16.26,17.04,16243304.0
658,2021-07-29,17.6,18.28,17.6,18.12,12012167.0
659,2021-07-30,18.04,18.04,17.22,17.5,8219243.0
660,2021-08-02,17.7,17.7,16.2,16.54,14354602.0
661,2021-08-03,16.54,16.96,16.36,16.54,7249864.0
662,2021-08-04,16.54,16.74,15.8,15.96,9394550.0
663,2021-08-05,15.9,15.96,15.28,15.46,9844758.0
664,2021-08-06,15.46,15.58,15.06,15.32,6604817.0
665,2021-08-09,15.08,15.36,14.72,15.1,4326958.0
666,2021-08-10,15.5,15.7,15.1,15.54,3054100.0
667,2021-08-11,15.5,15.68,15.3,15.44,2746400.0
668,2021-08-12,16.14,16.14,15.38,15.64,3598716.0
669,2021-08-13,15.22,15.74,15.22,15.64,3433603.0
670,2021-08-16,15.26,16.04,15.26,15.88,5888120.0
671,2021-08-17,15.88,15.88,15.2,15.46,4411325.0
672,2021-08-18,15.46,15.52,15.1,15.38,4929373.0
673,2021-08-19,14.92,15.48,14.88,15.02,5938189.0
674,2021-08-20,15.04,15.78,15.0,15.6,9735697.0
675,2021-08-23,16.0,16.28,15.22,15.36,7892038.0
676,2021-08-24,15.72,16.38,15.68,16.38,17058456.0
677,2021-08-25,16.7,16.9,16.3,16.42,9326464.0
678,2021-08-26,16.46,17.04,16.44,16.74,4462087.0
679,2021-08-27,16.74,17.0,16.58,16.64,2566884.0
680,2021-08-30,16.64,17.44,16.56,17.4,4499600.0
681,2021-08-31,17.54,18.1,17.5,18.1,10272400.0
682,2021-09-01,18.1,18.1,17.7,18.0,4432000.0
683,2021-09-02,18.88,18.9,17.96,18.16,6394857.0
684,2021-09-03,18.24,18.38,18.0,18.18,3177200.0
685,2021-09-06,18.88,18.88,17.82,18.46,2825700.0
686,2021-09-07,18.04,18.46,18.02,18.12,3705267.0
687,2021-09-08,18.38,18.86,18.3,18.86,4203079.0
688,2021-09-09,18.88,18.88,18.2,18.56,4469412.0
689,2021-09-10,18.56,19.16,18.02,18.94,5761124.0
690,2021-09-13,18.74,18.74,17.72,17.8,5191325.0
691,2021-09-14,17.94,18.18,17.42,17.76,5950416.0
692,2021-09-15,17.76,17.76,16.84,17.46,6927600.0
693,2021-09-16,17.72,17.74,16.72,16.94,5431600.0
694,2021-09-17,17.02,17.68,16.74,17.62,4510080.0
695,2021-09-20,17.62,17.62,16.9,17.28,3102640.0
696,2021-09-21,17.3,18.0,17.14,17.84,3637206.0
697,2021-09-23,18.0,18.76,18.0,18.34,6887783.0
698,2021-09-24,18.5,18.5,18.0,18.26,3569222.0
699,2021-09-27,18.36,18.88,18.18,18.4,3349007.0
700,2021-09-28,18.5,19.0,18.26,18.5,7571872.0
701,2021-09-29,18.28,18.86,18.12,18.86,1778850.0
702,2021-09-30,18.98,19.0,18.4,18.82,2786506.0
703,2021-10-04,18.48,19.4,18.48,19.32,5874623.0
704,2021-10-05,18.94,19.2,18.6,19.16,3616846.0
705,2021-10-06,19.16,19.48,18.84,19.14,2521444.0
706,2021-10-07,19.32,19.32,18.76,19.16,2605042.0
707,2021-10-08,19.32,19.38,18.7,18.98,5101305.0
708,2021-10-11,18.98,19.4,18.94,19.16,4314560.0
709,2021-10-12,19.14,19.36,18.86,19.2,4922516.0
710,2021-10-15,18.92,19.5,18.6,18.86,9234299.0
711,2021-10-18,18.88,19.0,18.36,18.4,6585062.0
712,2021-10-19,18.4,18.46,17.68,18.0,9022503.0
713,2021-10-20,18.0,18.1,17.44,17.92,7819600.0
714,2021-10-21,17.92,18.56,17.78,18.56,9807906.0
715,2021-10-22,18.52,18.52,17.94,18.02,2532483.0
716,2021-10-25,18.02,18.02,17.42,17.48,4468336.0
717,2021-10-26,17.56,17.8,16.96,17.14,4023538.0
718,2021-10-27,17.22,17.22,16.32,16.74,3670606.0
719,2021-10-28,16.66,17.16,16.02,17.1,4797227.0
720,2021-10-29,17.1,17.46,16.96,17.42,3142358.0
721,2021-11-01,17.42,17.42,16.7,16.84,2380968.0
722,2021-11-02,16.84,17.2,16.34,16.52,4858300.0
723,2021-11-03,16.52,16.96,16.22,16.62,2602068.0
724,2021-11-04,16.9,16.92,16.4,16.64,1991864.0
725,2021-11-05,16.64,16.88,16.34,16.58,3770977.0
726,2021-11-08,17.78,17.8,17.02,17.28,6428065.0
727,2021-11-09,17.08,17.96,17.08,17.58,6127145.0
728,2021-11-10,17.48,17.64,17.0,17.48,2497938.0
729,2021-11-11,17.48,17.5,17.12,17.26,2731959.0
730,2021-11-12,17.2,17.46,16.9,17.08,3712127.0
731,2021-11-15,17.16,18.18,17.1,17.9,5898995.0
732,2021-11-16,17.92,18.2,17.58,17.76,2873158.0
733,2021-11-17,17.76,17.98,17.6,17.8,2765886.0
734,2021-11-18,17.8,17.88,17.42,17.76,3828669.0
735,2021-11-19,17.74,17.96,17.4,17.88,2560542.0
736,2021-11-22,17.88,17.88,17.26,17.34,5224503.0
737,2021-11-23,17.2,17.62,16.68,17.5,4888062.0
738,2021-11-24,17.5,17.78,17.04,17.66,4618135.0
739,2021-11-25,17.66,17.7,17.5,17.52,3588419.0
740,2021-11-26,17.36,17.4,16.54,16.64,5247256.0
741,2021-11-29,16.6,17.08,16.24,16.7,3603487.0
742,2021-11-30,16.46,16.68,15.94,16.16,5739324.0
743,2021-12-01,15.88,16.58,15.88,16.52,4470746.0
744,2021-12-02,16.52,16.88,16.02,16.8,4749904.0
745,2021-12-03,16.8,17.2,16.68,17.0,5789139.0
746,2021-12-06,16.76,17.5,16.56,16.94,4582609.0
747,2021-12-07,17.2,18.02,17.0,17.72,8119763.0
748,2021-12-08,17.8,18.0,17.32,17.36,3820162.0
749,2021-12-09,17.8,17.8,17.5,17.66,2403360.0
750,2021-12-10,17.66,17.8,17.36,17.52,4685253.0
751,2021-12-13,17.2,17.5,16.36,16.44,4496248.0
752,2021-12-14,16.32,16.34,15.62,15.84,6464473.0
753,2021-12-15,15.8,15.84,15.46,15.76,4424397.0
754,2021-12-16,15.9,15.9,15.54,15.62,4268730.0
755,2021-12-17,15.54,15.54,14.92,14.92,5993306.0
756,2021-12-20,14.88,15.16,14.38,14.62,6041295.0
757,2021-12-21,14.8,15.2,14.58,14.84,3639394.0
758,2021-12-22,14.6,15.14,14.6,15.1,4697524.0
759,2021-12-23,15.76,15.76,14.3,14.46,5721259.0
760,2021-12-24,14.2,14.98,14.2,14.54,2642066.0
761,2021-12-28,14.7,14.96,14.28,14.44,2858065.0
762,2021-12-29,14.86,14.86,14.0,14.04,1644972.0
763,2021-12-30,14.04,14.2,13.66,13.8,1709207.0
764,2021-12-31,14.38,14.56,14.02,14.44,1562108.0
765,2022-01-03,14.62,14.68,14.16,14.16,1786469.0
766,2022-01-04,14.6,14.8,14.02,14.14,2174800.0
767,2022-01-05,14.1,14.52,13.92,14.06,6119828.0
768,2022-01-06,14.36,14.58,13.8,13.94,5646066.0
769,2022-01-07,13.94,14.36,13.7,13.94,3883930.0
770,2022-01-10,13.96,14.4,13.88,14.16,2757677.0
771,2022-01-11,14.0,14.28,13.86,14.02,4453428.0
772,2022-01-12,14.2,14.7,14.2,14.6,5599596.0
773,2022-01-13,14.76,14.88,14.34,14.44,5199421.0
774,2022-01-14,14.44,14.62,13.8,14.24,3059539.0
775,2022-01-17,14.24,14.5,14.02,14.12,2360940.0
776,2022-01-18,14.3,14.5,14.22,14.36,2203740.0
777,2022-01-19,14.46,15.1,14.3,15.04,7643008.0
778,2022-01-20,15.26,15.5,14.84,15.44,5380504.0
779,2022-01-21,15.78,16.76,15.78,16.34,6279034.0
780,2022-01-24,16.34,16.6,16.0,16.12,2115980.0
781,2022-01-25,16.12,16.44,15.56,15.96,4392311.0
782,2022-01-26,16.1,16.38,15.74,15.86,1925076.0
783,2022-01-27,15.88,16.28,15.62,16.12,2339364.0
784,2022-01-28,16.16,16.42,15.76,15.78,3294234.0
785,2022-01-31,15.78,16.08,15.44,15.94,1148420.0
786,2022-02-04,16.06,16.7,15.92,16.64,4850130.0
787,2022-02-07,16.64,16.98,16.4,16.92,4708052.0
788,2022-02-08,16.6,17.4,16.6,17.08,2604636.0
789,2022-02-09,16.8,17.42,16.8,17.12,3988872.0
790,2022-02-10,17.5,17.68,17.1,17.28,5330205.0
791,2022-02-11,17.28,17.5,16.86,17.2,3742258.0
792,2022-02-14,16.9,17.18,16.56,17.12,4479713.0
793,2022-02-15,16.36,17.08,16.36,16.86,2778138.0
794,2022-02-16,17.1,17.14,16.66,16.9,3313689.0
795,2022-02-17,17.06,17.46,16.72,17.0,4352902.0
796,2022-02-18,17.0,17.34,16.94,17.18,4449510.0
797,2022-02-21,17.06,17.06,15.76,16.68,8901551.0
798,2022-02-22,16.2,16.36,15.46,15.6,11136066.0
799,2022-02-23,15.6,15.7,15.0,15.36,8368719.0
800,2022-02-24,15.36,15.36,14.62,14.72,8267974.0
801,2022-02-25,14.96,15.34,14.54,14.94,7598926.0
802,2022-02-28,14.94,15.2,13.96,14.5,14285880.0
803,2022-03-01,14.5,14.74,14.02,14.56,18412215.0
804,2022-03-02,14.16,14.34,14.02,14.16,9749166.0
805,2022-03-03,14.58,15.28,14.58,15.2,19048780.0
806,2022-03-04,15.06,15.4,14.56,15.18,50368777.0
807,2022-03-07,14.44,14.54,13.1,13.2,10662338.0
808,2022-03-08,13.1,13.3,12.08,12.24,8625788.0
809,2022-03-09,12.64,12.96,11.94,12.42,7346065.0
810,2022-03-10,12.84,13.16,12.0,12.18,5957204.0
811,2022-03-11,12.06,12.06,10.72,11.16,19046678.0
812,2022-03-14,11.12,11.12,10.02,10.18,10424038.0
813,2022-03-15,9.0,9.87,9.0,9.31,17398227.0
814,2022-03-16,9.82,11.3,9.82,11.2,11521223.0
815,2022-03-17,12.88,13.4,12.26,13.22,15732677.0
816,2022-03-18,13.0,13.5,12.68,13.3,10704172.0
817,2022-03-21,13.82,13.86,13.06,13.3,6364661.0
818,2022-03-22,13.3,13.96,13.16,13.76,3735505.0
819,2022-03-23,13.94,14.2,13.12,14.02,6997208.0
820,2022-03-24,13.88,14.24,13.5,13.72,6279944.0
821,2022-03-25,13.74,13.96,12.8,12.9,3764039.0
822,2022-03-28,13.46,13.46,12.62,13.04,6058400.0
823,2022-03-29,13.2,14.1,13.06,14.0,7113441.0
824,2022-03-30,14.0,14.7,13.76,14.5,6489927.0
825,2022-03-31,14.5,14.52,13.84,14.0,3769097.0
826,2022-04-01,13.56,14.26,13.44,14.2,5855045.0
827,2022-04-04,14.5,14.76,14.22,14.34,2762174.0
828,2022-04-06,14.0,14.4,13.88,14.02,4452611.0
829,2022-04-07,13.42,14.1,13.42,13.6,2113167.0
830,2022-04-08,13.6,13.98,13.32,13.88,2807749.0
831,2022-04-11,13.88,13.88,12.6,12.82,9621650.0
832,2022-04-12,12.86,13.78,12.82,13.52,6004424.0
833,2022-04-13,13.8,14.26,13.4,13.92,5094926.0
834,2022-04-14,14.06,14.46,13.94,14.44,4182609.0
835,2022-04-19,14.4,14.44,13.62,13.7,2847756.0
836,2022-04-20,13.7,14.6,13.52,14.42,4857167.0
837,2022-04-21,14.62,14.62,13.68,13.98,3883591.0
838,2022-04-22,13.62,14.02,13.42,13.92,5639394.0
839,2022-04-25,13.88,13.88,12.92,13.0,5190975.0
840,2022-04-26,13.24,13.64,12.9,13.08,4724214.0
841,2022-04-27,12.7,13.56,12.66,13.44,5290060.0
842,2022-04-28,14.0,14.22,13.5,13.9,4243770.0
843,2022-04-29,13.9,14.16,13.5,14.12,3507056.0
844,2022-05-03,14.1,14.62,13.86,14.54,3674189.0
845,2022-05-04,14.5,14.5,14.04,14.2,1596632.0
846,2022-05-05,14.22,14.72,13.94,14.04,2171600.0
847,2022-05-06,13.8,13.9,13.32,13.38,2182888.0
848,2022-05-10,12.96,13.12,12.4,12.96,4687322.0
849,2022-05-11,13.16,14.0,12.9,13.64,6142409.0
850,2022-05-12,13.0,13.88,13.0,13.48,4446273.0
851,2022-05-13,13.46,14.32,13.46,13.92,8526597.0
852,2022-05-16,14.04,14.4,13.88,14.18,6522610.0
853,2022-05-17,14.68,14.68,13.86,14.1,6453267.0
854,2022-05-18,14.2,14.36,13.92,14.32,2975600.0
855,2022-05-19,13.96,13.96,13.2,13.4,2992910.0
856,2022-05-20,13.6,13.9,13.02,13.36,5134923.0
857,2022-05-23,13.0,13.36,13.0,13.32,2791797.0
858,2022-05-24,13.0,13.2,12.86,12.88,2639833.0
859,2022-05-25,12.9,13.0,12.14,12.48,4368558.0
860,2022-05-26,12.64,13.1,12.48,13.02,4122185.0
861,2022-05-27,13.4,14.2,13.4,14.0,4395120.0
862,2022-05-30,14.2,14.88,14.18,14.66,7378685.0
863,2022-05-31,14.5,15.34,14.5,15.06,26201494.0
864,2022-06-01,15.0,15.16,14.08,14.42,5450588.0
865,2022-06-02,14.42,14.52,14.0,14.36,2823490.0
866,2022-06-06,14.5,15.04,14.36,15.0,4559540.0
867,2022-06-07,14.94,15.16,14.4,14.7,3625017.0
868,2022-06-08,14.6,15.54,14.6,15.52,7265701.0
869,2022-06-09,15.6,16.2,15.16,15.48,8621016.0
870,2022-06-10,15.34,15.86,15.18,15.42,20383996.0
871,2022-06-13,14.82,15.34,14.7,15.28,4012466.0
872,2022-06-14,14.78,15.28,14.5,14.88,3772024.0
873,2022-06-15,14.88,15.28,14.8,15.28,4419665.0
874,2022-06-16,15.42,15.5,15.12,15.24,3931723.0
875,2022-06-17,14.74,15.34,14.5,15.3,3776727.0
876,2022-06-20,15.18,15.5,14.94,15.34,4018219.0
877,2022-06-21,15.58,16.0,15.1,15.96,4283510.0
878,2022-06-22,15.98,16.4,15.76,15.9,4465047.0
879,2022-06-23,15.9,16.04,15.3,15.48,3107232.0
880,2022-06-24,15.32,15.88,15.32,15.8,1863813.0
881,2022-06-27,16.24,16.96,16.24,16.78,5107770.0
882,2022-06-28,16.56,17.78,15.9,17.36,25885126.0
883,2022-06-29,16.94,17.36,16.6,17.12,13129180.0
884,2022-06-30,17.12,17.2,16.78,16.88,10783788.0
885,2022-07-04,16.6,17.12,16.6,17.08,6609254.0
886,2022-07-05,16.88,17.18,16.72,16.9,2850329.0
887,2022-07-06,16.88,16.88,15.56,15.86,7993884.0
888,2022-07-07,15.8,16.14,15.34,16.14,5518072.0
889,2022-07-08,16.26,16.5,16.0,16.18,1622815.0
890,2022-07-11,16.18,16.5,15.4,15.8,2645623.0
891,2022-07-12,15.4,15.9,15.34,15.46,2041212.0
892,2022-07-13,15.34,15.98,15.34,15.52,2266477.0
893,2022-07-14,15.78,15.96,15.44,15.6,3354834.0
894,2022-07-15,15.36,15.46,15.12,15.26,4055890.0
895,2022-07-18,15.56,15.62,15.1,15.42,2843273.0
896,2022-07-19,15.42,15.6,15.24,15.44,2492628.0
897,2022-07-20,15.72,15.88,15.66,15.8,2213553.0
898,2022-07-21,15.88,15.98,15.64,15.82,4030857.0
899,2022-07-22,15.98,16.38,15.98,16.38,3757485.0
900,2022-07-25,16.38,16.5,15.86,16.22,4088770.0
901,2022-07-26,16.5,16.7,16.02,16.06,1796800.0
902,2022-07-27,15.8,15.98,15.48,15.64,1448000.0
903,2022-07-28,15.8,15.96,15.42,15.76,1250726.0
904,2022-07-29,15.76,15.76,14.74,15.0,3580800.0
905,2022-08-01,14.7,15.54,14.66,15.4,3211145.0
906,2022-08-02,15.6,15.6,14.66,15.24,2952432.0
907,2022-08-03,15.06,15.76,15.06,15.38,3167367.0
908,2022-08-04,15.44,16.04,15.3,16.04,2477681.0
909,2022-08-05,16.16,16.4,16.08,16.36,3980196.0
910,2022-08-08,15.8,16.4,15.8,16.14,2756760.0
911,2022-08-09,16.16,16.46,16.02,16.28,2637130.0
912,2022-08-10,15.92,16.36,15.4,15.56,2232165.0
913,2022-08-11,15.68,15.88,15.46,15.88,2557632.0
914,2022-08-12,15.82,16.32,15.58,16.26,1752800.0
915,2022-08-15,16.18,16.7,16.18,16.44,2429200.0
916,2022-08-16,16.68,16.68,16.1,16.26,2984038.0
917,2022-08-17,16.38,16.44,15.96,16.12,3069291.0
918,2022-08-18,15.84,16.1,15.4,15.5,1756983.0
919,2022-08-19,15.46,15.98,15.34,15.92,1889314.0
920,2022-08-22,15.78,16.22,15.68,15.96,1980741.0
921,2022-08-23,16.0,16.82,15.86,16.82,5351551.0
922,2022-08-24,16.92,17.14,16.6,16.7,2811866.0
923,2022-08-25,16.66,16.86,16.56,16.8,3541600.0
924,2022-08-26,16.9,17.26,16.66,16.8,3000372.0
925,2022-08-29,16.8,16.84,16.22,16.72,2766000.0
926,2022-08-30,16.7,16.7,15.34,16.4,4272302.0
927,2022-08-31,16.3,16.6,15.76,16.18,11322820.0
928,2022-09-01,16.0,16.5,15.68,15.84,3871038.0
929,2022-09-02,15.84,16.68,15.84,16.26,5104352.0
930,2022-09-05,16.36,16.44,15.72,15.84,2344420.0
931,2022-09-06,16.12,16.48,16.04,16.16,2796332.0
932,2022-09-07,16.16,16.38,16.08,16.18,1899854.0
933,2022-09-08,16.2,16.48,16.1,16.18,3575628.0
934,2022-09-09,16.1,16.12,15.6,15.78,4687353.0
935,2022-09-13,15.78,16.76,15.78,16.52,6204188.0
936,2022-09-14,15.9,16.34,15.9,16.1,3232296.0
937,2022-09-15,16.2,16.48,15.98,16.28,5663691.0
938,2022-09-16,16.2,17.08,16.2,16.56,20929955.0
939,2022-09-19,16.7,16.7,15.92,16.2,4938445.0
940,2022-09-20,16.2,16.36,16.02,16.12,6241141.0
941,2022-09-21,16.04,16.04,15.34,15.66,5257099.0
942,2022-09-22,15.5,15.5,14.52,15.14,5190334.0
943,2022-09-23,15.14,15.2,14.46,14.62,4615679.0
944,2022-09-26,14.84,15.48,14.6,15.24,5568367.0
945,2022-09-27,15.24,16.5,15.06,16.4,8377873.0
946,2022-09-28,16.3,16.6,16.12,16.14,12149853.0
947,2022-09-29,16.3,16.3,15.38,15.8,3479135.0
948,2022-09-30,15.94,16.0,14.92,15.4,4563807.0
949,2022-10-03,15.08,15.82,15.06,15.74,2780876.0
950,2022-10-05,16.24,16.7,16.2,16.56,5189890.0
951,2022-10-06,16.48,17.04,16.42,16.76,5881200.0
952,2022-10-07,16.66,16.76,16.2,16.28,1965758.0
953,2022-10-10,15.98,15.98,14.92,14.96,2552757.0
954,2022-10-11,14.8,15.1,14.26,14.76,4111313.0
955,2022-10-12,14.76,14.84,13.6,13.96,4365250.0
956,2022-10-13,14.02,14.02,13.32,13.68,5092540.0
957,2022-10-14,14.1,14.48,13.86,14.3,3211184.0
958,2022-10-17,13.96,14.24,13.4,14.04,2478081.0
959,2022-10-18,14.1,14.6,13.8,14.5,2491156.0
960,2022-10-19,14.5,14.74,14.26,14.34,2327414.0
961,2022-10-20,13.4,13.58,12.5,13.06,7543827.0
962,2022-10-21,13.0,13.28,12.86,12.9,3422652.0
963,2022-10-24,12.86,12.86,11.92,11.96,5907966.0
964,2022-10-25,11.76,12.66,11.62,12.52,4284071.0
965,2022-10-26,12.6,13.18,11.98,12.82,3193678.0
966,2022-10-27,12.88,13.66,12.86,13.2,5446795.0
967,2022-10-28,13.02,13.36,12.44,12.6,3363600.0
968,2022-10-31,12.4,13.06,12.12,12.24,3476630.0
969,2022-11-01,11.92,13.8,11.92,13.38,6235100.0
970,2022-11-02,13.14,14.62,13.14,14.46,5730643.0
971,2022-11-03,13.82,14.4,13.5,13.86,6270102.0
972,2022-11-04,13.9,15.5,13.9,15.0,5895649.0
973,2022-11-07,15.0,15.0,14.16,14.6,4891926.0
974,2022-11-08,14.78,15.02,14.42,14.6,4125769.0
975,2022-11-09,14.92,15.04,14.02,14.2,4874484.0
976,2022-11-10,13.7,14.2,13.68,14.1,5634000.0
977,2022-11-11,15.0,15.98,14.66,15.72,8618873.0
978,2022-11-14,16.0,16.08,15.4,15.72,3891088.0
979,2022-11-15,15.72,16.26,15.3,16.0,4348807.0
980,2022-11-16,16.6,17.38,16.34,16.58,8287610.0
981,2022-11-17,16.5,16.5,15.76,16.1,7547122.0
982,2022-11-18,16.4,16.5,16.0,16.1,4905617.0
983,2022-11-21,15.7,15.84,15.14,15.38,4326159.0
984,2022-11-22,15.36,15.7,14.66,14.74,4108304.0
985,2022-11-23,14.54,14.72,13.68,14.22,7371660.0
986,2022-11-24,14.28,14.42,14.08,14.24,2782337.0
987,2022-11-25,14.24,14.24,13.8,14.04,4242400.0
988,2022-11-28,13.76,14.6,13.22,14.42,8911704.0
989,2022-11-29,14.42,15.58,14.24,15.36,8410146.0
990,2022-11-30,15.48,16.86,15.06,16.68,13310833.0
991,2022-12-01,16.74,17.16,16.08,16.24,12496009.0
992,2022-12-02,16.24,16.56,15.8,16.44,6648983.0
993,2022-12-05,16.5,17.0,16.36,16.9,8838270.0
994,2022-12-06,16.9,17.28,16.44,16.82,5033964.0
995,2022-12-07,16.96,18.22,16.44,16.54,17321160.0
996,2022-12-08,16.62,18.22,16.62,18.16,17561377.0
997,2022-12-09,18.16,18.42,17.58,17.88,25131698.0
998,2022-12-12,17.82,18.38,17.6,17.88,8072850.0
999,2022-12-13,17.8,18.44,17.62,18.1,10886330.0
1000,2022-12-14,18.22,18.72,18.0,18.52,6933059.0
1001,2022-12-15,18.8,18.8,17.9,18.0,4281931.0
1002,2022-12-16,17.92,18.3,17.8,18.04,5451164.0
1003,2022-12-19,18.3,18.5,17.54,18.04,5073641.0
1004,2022-12-20,17.86,18.16,17.44,17.86,4666758.0
1005,2022-12-21,18.1,18.34,17.9,18.34,2576812.0
1006,2022-12-22,18.8,18.92,18.32,18.66,6375900.0
1007,2022-12-23,18.0,18.9,17.92,18.58,3276799.0
1008,2022-12-28,18.98,19.58,18.32,18.78,4140000.0
1009,2022-12-29,18.5,18.84,18.26,18.66,3257756.0
1010,2022-12-30,18.76,18.9,18.18,18.78,6451877.0
1011,2023-01-03,19.16,19.4,18.28,19.38,4159798.0
1012,2023-01-04,19.5,19.9,19.42,19.8,6988600.0
1013,2023-01-05,19.88,20.05,19.48,19.84,5845094.0
1014,2023-01-06,19.9,19.98,18.96,19.06,7228528.0
1015,2023-01-09,19.14,19.5,18.66,19.0,8166415.0
1016,2023-01-10,19.14,19.28,18.62,18.82,4868600.0
1017,2023-01-11,18.68,19.28,18.1,18.26,6708844.0
1018,2023-01-12,18.6,18.66,17.74,18.22,6391416.0
1019,2023-01-13,18.0,19.08,18.0,18.76,4351360.0
1020,2023-01-16,18.66,18.92,18.06,18.44,3559600.0
1021,2023-01-17,18.56,19.26,18.28,19.12,7772790.0
1022,2023-01-18,19.12,19.56,18.62,18.68,4416715.0
1023,2023-01-19,18.68,19.32,18.66,19.04,2074969.0
1024,2023-01-20,19.2,19.74,19.14,19.7,4805764.0
1025,2023-01-26,19.76,19.96,19.52,19.74,5558738.0
1026,2023-01-27,19.84,20.4,19.4,19.6,4687765.0
1027,2023-01-30,19.88,19.88,18.2,18.3,10237181.0
1028,2023-01-31,18.5,18.98,17.4,17.7,9927201.0
1029,2023-02-01,17.7,18.1,17.52,18.08,4949826.0
1030,2023-02-02,18.0,18.48,17.74,17.8,4289784.0
1031,2023-02-03,17.74,17.8,17.3,17.6,5793268.0
1032,2023-02-06,17.6,17.66,17.12,17.32,4051961.0
1033,2023-02-07,17.5,17.66,17.14,17.32,5959301.0
1034,2023-02-08,17.78,17.78,17.02,17.2,5957335.0
1035,2023-02-09,17.2,17.62,17.1,17.58,4884897.0
1036,2023-02-10,17.36,17.46,17.02,17.14,4005600.0
1037,2023-02-13,17.24,17.76,17.04,17.72,3800975.0
1038,2023-02-14,17.64,17.66,17.22,17.36,3932186.0
1039,2023-02-15,17.38,17.48,17.02,17.32,5476856.0
1040,2023-02-16,17.46,18.02,17.44,17.52,5655512.0
1041,2023-02-17,17.52,17.6,16.88,17.0,4721700.0
1042,2023-02-20,17.0,17.3,16.64,17.16,4473582.0
1043,2023-02-21,16.98,17.38,16.5,16.58,5419364.0
1044,2023-02-22,16.56,16.7,16.18,16.42,5663721.0
1045,2023-02-23,16.14,16.5,16.04,16.2,3088007.0
1046,2023-02-24,15.7,16.12,15.54,15.62,8478621.0
1047,2023-02-27,15.86,15.86,15.2,15.66,7800753.0
1048,2023-02-28,15.82,15.96,15.5,15.56,5768100.0
1049,2023-03-01,15.7,16.5,15.62,16.44,3687162.0
1050,2023-03-02,16.24,16.5,16.12,16.26,4534351.0
1051,2023-03-03,16.58,16.7,16.42,16.62,2850652.0
1052,2023-03-06,16.36,16.98,16.36,16.82,3596660.0
1053,2023-03-07,16.78,17.16,16.56,16.76,4282090.0
1054,2023-03-08,16.5,16.86,16.4,16.62,7812482.0
1055,2023-03-09,16.66,16.66,15.7,15.72,6267791.0
1056,2023-03-10,15.5,15.7,15.3,15.44,11780263.0
1057,2023-03-13,15.56,15.96,15.32,15.64,8679520.0
1058,2023-03-14,15.68,15.72,14.94,15.16,10221227.0
1059,2023-03-15,15.64,15.72,15.18,15.28,3209351.0
1060,2023-03-16,15.48,15.48,14.54,14.86,5258235.0
1061,2023-03-17,15.06,15.4,15.02,15.16,4019643.0
1062,2023-03-20,15.1,15.1,14.52,14.9,3682800.0
1063,2023-03-21,15.04,15.68,14.74,15.54,6892357.0
1064,2023-03-22,15.84,17.1,15.7,16.74,11825440.0
1065,2023-03-23,16.8,17.1,16.54,17.0,6020595.0
1066,2023-03-24,16.96,17.38,16.76,17.06,5389132.0
1067,2023-03-27,17.06,17.06,16.04,16.32,4659469.0
1068,2023-03-28,16.4,16.54,16.12,16.42,2300805.0
1069,2023-03-29,16.9,17.9,16.74,17.02,7764656.0
1070,2023-03-30,17.04,17.2,16.58,16.96,3354728.0
1071,2023-03-31,16.96,17.48,16.96,17.08,5832176.0
1072,2023-04-03,17.08,17.22,16.78,17.18,2786400.0
1073,2023-04-04,17.22,17.24,16.56,16.82,3193342.0
1074,2023-04-06,17.12,17.12,16.46,16.96,2757716.0
1075,2023-04-11,17.38,17.48,17.02,17.26,3649614.0
1076,2023-04-12,17.28,17.32,17.04,17.18,4222400.0
1077,2023-04-13,16.96,17.3,16.82,17.16,3475240.0
1078,2023-04-14,17.16,17.44,16.88,17.14,2796943.0
1079,2023-04-17,17.02,17.76,17.02,17.66,4054780.0
1080,2023-04-18,17.8,17.8,17.26,17.5,4516414.0
1081,2023-04-19,17.7,18.32,17.44,18.02,9522601.0
1082,2023-04-20,18.3,18.38,17.92,18.1,4673400.0
1083,2023-04-21,18.1,18.1,17.5,17.64,4697634.0
1084,2023-04-24,17.64,18.02,16.8,17.04,3036866.0
1085,2023-04-25,17.04,17.04,16.18,16.44,3264822.0
1086,2023-04-26,16.24,16.96,16.24,16.66,2832605.0
1087,2023-04-27,17.0,17.0,16.32,16.54,1459057.0
1088,2023-04-28,16.6,16.92,16.42,16.6,3038489.0
1089,2023-05-02,17.26,17.26,16.0,16.52,3301964.0
1090,2023-05-03,16.32,16.32,15.9,16.02,3849406.0
1091,2023-05-04,16.34,16.34,15.32,15.48,6201049.0
1092,2023-05-05,15.44,16.12,15.44,16.06,5324745.0
1093,2023-05-08,16.5,16.5,15.32,15.56,6068053.0
1094,2023-05-09,15.58,15.72,15.42,15.46,4283611.0
1095,2023-05-10,15.46,15.76,15.08,15.48,3566405.0
1096,2023-05-11,15.4,15.56,15.2,15.26,2201351.0
1097,2023-05-12,15.4,15.6,15.08,15.36,2409264.0
1098,2023-05-15,15.36,15.56,15.1,15.4,3596484.0
1099,2023-05-16,15.42,15.78,15.3,15.38,961601.0
1100,2023-05-17,15.3,15.6,15.26,15.32,2161705.0
1101,2023-05-18,15.78,15.78,15.32,15.58,3649182.0
1102,2023-05-19,15.4,15.62,15.18,15.42,2359952.0
1103,2023-05-22,15.32,15.84,15.28,15.8,2256515.0
1104,2023-05-23,15.5,15.82,15.5,15.58,2135782.0
1105,2023-05-24,16.04,16.04,14.98,15.16,6625325.0
1106,2023-05-25,15.0,15.72,14.82,15.4,9161600.0
1107,2023-05-29,15.72,15.8,15.38,15.54,4018660.0
1108,2023-05-30,15.64,15.8,15.3,15.58,3312400.0
1109,2023-05-31,15.28,15.66,15.28,15.62,10145360.0
1110,2023-06-01,15.62,16.08,15.44,15.64,5178527.0
1111,2023-06-02,15.78,16.62,15.78,16.48,5941031.0
1112,2023-06-05,16.72,16.86,16.38,16.78,2934000.0
1113,2023-06-06,16.98,17.38,16.7,17.28,5941994.0
1114,2023-06-07,17.38,17.88,17.38,17.72,6660568.0
1115,2023-06-08,17.8,17.88,17.28,17.7,8798201.0
1116,2023-06-09,17.88,18.16,17.54,17.8,6315876.0
1117,2023-06-12,18.1,18.18,17.74,18.08,4958570.0
1118,2023-06-13,18.08,18.2,17.82,18.04,3308676.0
1119,2023-06-14,18.04,18.18,17.68,17.8,3406000.0
1120,2023-06-15,18.0,18.06,17.14,17.42,7743144.0
1121,2023-06-16,17.52,17.98,17.3,17.88,5917115.0
1122,2023-06-19,17.48,17.88,17.0,17.74,4407464.0
1123,2023-06-20,17.74,17.74,17.24,17.42,3528200.0
1124,2023-06-21,17.24,17.34,16.96,17.08,3507211.0
1125,2023-06-23,17.12,17.12,16.46,16.74,2625280.0
1126,2023-06-26,16.74,16.86,16.4,16.76,3582965.0
1127,2023-06-27,16.76,17.26,16.54,16.98,3175817.0
1128,2023-06-28,16.68,17.36,16.62,17.2,2651364.0
1129,2023-06-29,17.12,17.2,16.54,16.88,4722000.0
1130,2023-06-30,16.8,17.0,16.32,16.38,1840800.0
1131,2023-07-03,16.52,16.98,16.52,16.86,1688122.0
1132,2023-07-04,16.82,17.06,16.6,16.98,2107779.0
1133,2023-07-05,16.98,16.98,16.44,16.72,2602900.0
1134,2023-07-06,16.54,16.62,16.04,16.48,5087301.0
1135,2023-07-07,16.12,16.48,16.0,16.3,3007653.0
1136,2023-07-10,16.9,16.9,16.4,16.68,2775562.0
1137,2023-07-11,16.84,17.4,16.6,17.34,4699274.0
1138,2023-07-12,17.46,17.56,17.08,17.4,3424112.0
1139,2023-07-13,17.48,18.08,17.48,17.9,5340990.0
1140,2023-07-14,17.96,18.16,17.74,18.1,4159600.0
1141,2023-07-18,18.1,18.26,17.76,18.08,5253044.0
1142,2023-07-19,17.84,17.9,17.44,17.7,4070378.0
1143,2023-07-20,17.7,18.0,17.54,17.6,3353739.0
1144,2023-07-21,17.6,17.92,17.42,17.8,1467978.0
1145,2023-07-24,17.54,17.74,17.42,17.5,2251035.0
1146,2023-07-25,17.82,18.08,17.82,18.04,3809050.0
1147,2023-07-26,18.08,18.12,17.62,18.0,3260100.0
1148,2023-07-27,18.06,18.6,17.96,18.46,4090351.0
1149,2023-07-28,18.46,18.6,18.1,18.56,3548100.0
1150,2023-07-31,18.7,18.94,18.4,18.78,6389833.0
1151,2023-08-01,18.9,19.3,18.56,18.94,6663235.0
1152,2023-08-02,18.94,19.0,18.28,18.56,3357561.0
1153,2023-08-03,18.5,18.5,18.24,18.32,2144075.0
1154,2023-08-04,18.36,18.84,18.36,18.76,3064925.0
1155,2023-08-07,18.7,18.7,17.12,18.3,3297926.0
1156,2023-08-08,18.02,18.3,17.96,18.0,2304000.0
1157,2023-08-09,17.9,18.24,17.7,18.2,1643600.0
1158,2023-08-10,17.76,18.44,17.76,18.22,5614956.0
1159,2023-08-11,18.2,18.26,17.86,18.0,3910413.0
1160,2023-08-14,17.94,17.94,17.46,17.78,2678218.0
1161,2023-08-15,17.78,18.0,17.6,17.82,2197867.0
1162,2023-08-16,17.8,17.9,17.58,17.64,2206700.0
1163,2023-08-17,17.6,17.7,17.18,17.54,5670500.0
1164,2023-08-18,17.28,17.34,17.02,17.12,3917600.0
1165,2023-08-21,17.06,17.42,16.76,16.9,3577804.0
1166,2023-08-22,17.06,17.46,16.9,17.2,3286375.0
1167,2023-08-23,17.44,18.54,17.34,18.44,22069267.0
1168,2023-08-24,18.66,19.04,18.34,18.96,10308810.0
1169,2023-08-25,18.72,18.72,18.1,18.44,7528761.0
1170,2023-08-28,18.86,18.92,18.28,18.4,4984750.0
1171,2023-08-29,18.52,18.64,18.36,18.58,6978940.0
1172,2023-08-30,18.76,18.76,17.82,17.98,4615794.0
1173,2023-08-31,18.12,18.12,17.32,17.58,5340388.0
1174,2023-09-04,18.06,18.32,17.9,18.12,2549884.0
1175,2023-09-05,18.12,18.2,17.6,17.68,4558400.0
1176,2023-09-06,17.32,17.88,17.32,17.48,4618543.0
1177,2023-09-07,18.2,18.2,17.32,17.46,2127775.0
1178,2023-09-11,17.46,17.46,17.0,17.14,7166729.0
1179,2023-09-12,17.2,17.46,16.92,17.36,3519852.0
1180,2023-09-13,17.5,17.74,17.38,17.62,3525200.0
1181,2023-09-14,17.56,17.7,17.44,17.62,1882167.0
1182,2023-09-15,17.5,17.74,17.38,17.58,2598338.0
1183,2023-09-18,17.5,17.88,17.36,17.6,1641690.0
1184,2023-09-19,17.66,17.66,17.28,17.36,1047572.0
1185,2023-09-20,17.3,17.4,17.18,17.32,2849662.0
1186,2023-09-21,17.18,17.5,17.1,17.36,2406735.0
1187,2023-09-22,17.22,17.8,17.22,17.7,2588313.0
1188,2023-09-25,17.94,17.94,17.1,17.1,1552187.0
1189,2023-09-26,17.28,17.28,16.96,17.1,1692600.0
1190,2023-09-27,17.1,17.38,17.04,17.24,3593260.0
1191,2023-09-28,17.2,17.2,16.76,16.86,5054380.0
1192,2023-09-29,16.74,17.48,16.74,17.2,1624065.0
1193,2023-10-03,17.1,17.18,16.74,17.0,2253400.0
1194,2023-10-04,17.28,17.28,16.54,16.7,2679545.0
1195,2023-10-05,16.58,16.68,15.94,16.02,3235800.0
1196,2023-10-06,15.98,16.04,15.72,15.94,3215000.0
1197,2023-10-09,15.46,15.98,15.28,15.4,4216845.0
1198,2023-10-10,15.62,16.18,15.52,16.1,3557695.0
1199,2023-10-11,15.8,16.92,15.8,16.48,4909600.0
1200,2023-10-12,16.76,16.76,16.18,16.4,2760189.0
1201,2023-10-13,16.18,16.4,15.92,15.98,1536501.0
1202,2023-10-16,15.98,16.06,15.48,15.6,2302663.0
1203,2023-10-17,15.48,15.72,15.44,15.54,1767200.0
1204,2023-10-18,15.4,15.74,15.2,15.44,1884141.0
1205,2023-10-19,15.14,15.36,15.0,15.02,2290257.0
1206,2023-10-20,15.02,15.02,14.64,14.8,2709679.0
1207,2023-10-24,15.0,15.22,14.76,14.98,2554824.0
1208,2023-10-25,15.3,15.54,14.72,14.98,2896342.0
1209,2023-10-26,15.02,15.08,14.44,14.74,2766600.0
1210,2023-10-27,15.0,15.0,14.52,14.76,3648755.0
1211,2023-10-30,14.62,15.36,14.62,15.2,4896800.0
1212,2023-10-31,15.24,15.34,14.92,14.94,1698926.0
1213,2023-11-01,14.94,15.04,14.48,14.54,3007496.0
1214,2023-11-02,14.56,14.8,14.44,14.6,1780616.0
1215,2023-11-03,14.6,15.06,14.52,14.98,1449450.0
1216,2023-11-06,15.22,15.38,15.08,15.2,1464000.0
1217,2023-11-07,15.12,15.2,14.76,15.08,3639923.0
1218,2023-11-08,15.02,15.48,15.02,15.16,2727807.0
1219,2023-11-09,15.14,15.18,14.7,14.78,1879200.0
1220,2023-11-10,14.96,14.96,13.96,14.12,3433410.0
1221,2023-11-13,14.0,14.48,14.0,14.48,2965612.0
1222,2023-11-14,14.5,14.68,14.24,14.42,2355510.0
1223,2023-11-15,14.82,14.92,14.52,14.82,3474840.0
1224,2023-11-16,14.92,15.02,14.32,14.48,2639756.0
1225,2023-11-17,14.42,14.64,14.22,14.6,3881328.0
1226,2023-11-20,14.8,14.92,14.5,14.76,2677039.0
1227,2023-11-21,14.98,15.52,14.96,15.14,4831113.0
1228,2023-11-22,15.16,15.16,14.24,14.9,5695202.0
1229,2023-11-23,14.92,15.0,14.44,14.68,3513350.0
1230,2023-11-24,14.7,14.96,14.58,14.7,2234994.0
1231,2023-11-27,14.72,14.98,14.5,14.74,5866800.0
1232,2023-11-28,14.74,14.88,14.36,14.44,5250022.0
1233,2023-11-29,14.62,14.72,14.36,14.46,4712832.0
1234,2023-11-30,14.5,14.62,14.32,14.38,8041659.0
1235,2023-12-01,14.8,14.8,14.14,14.18,2875752.0
1236,2023-12-04,14.3,14.38,13.76,13.9,3687924.0
1237,2023-12-05,13.88,13.88,13.6,13.66,3220287.0
1238,2023-12-06,13.82,14.24,13.7,14.0,5255825.0
1239,2023-12-07,14.0,14.2,13.54,13.64,3148898.0
1240,2023-12-08,13.78,13.94,13.66,13.7,8835053.0
1241,2023-12-11,13.7,13.7,13.12,13.56,8344540.0
1242,2023-12-12,13.68,13.88,13.42,13.78,4735186.0
1243,2023-12-13,13.78,14.1,13.72,13.86,3156542.0
1244,2023-12-14,14.12,14.46,14.08,14.3,6808200.0
1245,2023-12-15,14.66,14.84,14.32,14.42,5581691.0
1246,2023-12-18,14.32,14.36,14.12,14.18,4480481.0
1247,2023-12-19,14.16,14.36,14.0,14.26,4960377.0
1248,2023-12-20,14.42,14.6,14.26,14.42,2778332.0
1249,2023-12-21,14.3,14.5,14.16,14.48,2752574.0
1250,2023-12-22,14.22,14.76,14.0,14.18,3236598.0
1251,2023-12-27,14.3,14.3,13.84,14.16,2853107.0
1252,2023-12-28,14.08,14.54,13.96,14.38,2372124.0
1253,2023-12-29,14.56,14.56,14.3,14.44,1323230.0
1254,2024-01-02,14.38,14.5,14.0,14.14,1519715.0
1255,2024-01-03,14.2,14.46,14.0,14.42,4033269.0
1256,2024-01-04,14.5,14.5,14.04,14.34,3385102.0
1257,2024-01-05,14.44,15.0,14.18,14.98,5603148.0
1258,2024-01-08,14.98,15.44,14.86,15.0,4959900.0
1259,2024-01-09,15.0,15.26,14.82,15.06,3620445.0
1260,2024-01-10,15.0,15.74,14.78,15.64,8110628.0
1261,2024-01-11,15.56,16.08,15.5,15.94,9619860.0
1262,2024-01-12,15.76,16.78,15.76,16.36,9487181.0
1263,2024-01-15,16.36,16.8,16.0,16.74,4974375.0
1264,2024-01-16,16.26,16.98,16.26,16.58,4464627.0
1265,2024-01-17,16.9,16.9,15.6,15.74,7018404.0
1266,2024-01-18,15.48,15.92,15.46,15.72,5260420.0
1267,2024-01-19,15.32,15.84,15.32,15.58,4625847.0
1268,2024-01-22,15.58,15.62,14.72,15.06,4748068.0
1269,2024-01-23,15.02,15.88,15.0,15.24,6472290.0
1270,2024-01-24,15.68,16.28,15.5,16.16,5931459.0
1271,2024-01-25,16.28,16.78,16.1,16.64,6664424.0
1272,2024-01-26,16.22,16.38,15.92,16.06,4063000.0
1273,2024-01-29,15.94,16.76,15.76,16.52,5249876.0
1274,2024-01-30,16.52,16.74,15.96,16.18,6439907.0
1275,2024-01-31,16.12,16.38,15.62,15.88,5343797.0
1276,2024-02-01,15.6,16.24,15.52,15.76,4455915.0
1277,2024-02-02,16.0,16.36,15.76,15.88,3607042.0
1278,2024-02-05,15.66,15.96,15.5,15.7,2229473.0
1279,2024-02-06,16.1,16.58,15.7,16.56,5363600.0
1280,2024-02-07,16.6,16.9,16.26,16.36,5075633.0
1281,2024-02-08,16.36,16.76,16.26,16.44,3881680.0
1282,2024-02-09,16.0,16.46,15.98,16.32,737719.0
1283,2024-02-14,16.42,16.88,16.16,16.82,1533343.0
1284,2024-02-15,16.7,17.2,16.66,17.1,4879049.0
1285,2024-02-16,17.06,17.56,16.94,17.5,5288625.0
1286,2024-02-19,18.12,18.12,17.44,17.58,9358437.0
1287,2024-02-20,17.58,17.86,17.1,17.78,4912199.0
1288,2024-02-21,17.7,18.32,17.7,18.18,8775057.0
1289,2024-02-22,18.18,18.84,18.18,18.76,11385871.0
1290,2024-02-23,18.76,19.66,18.44,19.6,14014639.0
