,date,open,high,low,close,volume
0,2016-11-01,1.5546,1.5546,1.2637,1.3801,396535000.0
1,2016-11-02,1.3717,1.4216,1.3302,1.3551,65415000.0
2,2016-11-03,1.3385,1.3634,1.3052,1.3219,22028000.0
3,2016-11-04,1.3468,1.3551,1.2886,1.3219,13075000.0
4,2016-11-07,1.3136,1.3219,1.2637,1.272,8194000.0
5,2016-11-08,1.2637,1.2803,1.2304,1.2304,13829000.0
6,2016-11-09,1.247,1.247,1.1556,1.1888,19703000.0
7,2016-11-10,1.2055,1.3385,1.2055,1.3136,34343000.0
8,2016-11-11,1.3052,1.3219,1.272,1.3136,14601667.0
9,2016-11-14,1.2969,1.3967,1.2969,1.3551,15800000.0
10,2016-11-15,1.3551,1.3717,1.3385,1.3551,5324000.0
11,2016-11-16,1.3551,1.3551,1.2387,1.2969,3552000.0
12,2016-11-17,1.2969,1.3136,1.2886,1.2886,2050000.0
13,2016-11-18,1.2969,1.3385,1.2969,1.3302,1526000.0
14,2016-11-21,1.3302,1.3302,1.3052,1.3219,847000.0
15,2016-11-22,1.3219,1.3219,1.2886,1.3136,3421333.0
16,2016-11-23,1.2969,1.3468,1.2969,1.3219,1156000.0
17,2016-11-24,1.3136,1.3219,1.3052,1.3052,6513000.0
18,2016-11-25,1.2969,1.3136,1.2803,1.2969,2190000.0
19,2016-11-28,1.2803,1.3385,1.2637,1.3136,2079000.0
20,2016-11-29,1.3136,1.3136,1.3052,1.3052,1314000.0
21,2016-11-30,1.3219,1.4383,1.3136,1.3967,15105000.0
22,2016-12-01,1.3967,1.4299,1.3551,1.3634,3580000.0
23,2016-12-02,1.3634,1.3801,1.3385,1.3634,4020000.0
24,2016-12-05,1.405,1.405,1.3468,1.3717,841000.0
25,2016-12-06,1.3717,1.5048,1.3717,1.4383,13732000.0
26,2016-12-07,1.4383,1.4715,1.3967,1.4216,6218000.0
27,2016-12-08,1.4133,1.4299,1.3967,1.405,2580000.0
28,2016-12-09,1.405,1.405,1.3634,1.3717,2141000.0
29,2016-12-12,1.3884,1.3884,1.3302,1.3385,2691000.0
30,2016-12-13,1.3385,1.3801,1.3385,1.3717,1407000.0
31,2016-12-14,1.3801,1.3884,1.3634,1.3634,5173000.0
32,2016-12-15,1.3551,1.3551,1.3052,1.3219,1829000.0
33,2016-12-16,1.2969,1.3468,1.2969,1.3385,619000.0
34,2016-12-19,1.3302,1.3468,1.2969,1.3052,799000.0
35,2016-12-20,1.3052,1.3136,1.2803,1.2886,3290000.0
36,2016-12-21,1.2969,1.3136,1.2886,1.3052,1348000.0
37,2016-12-22,1.2969,1.2969,1.2803,1.2969,1067000.0
38,2016-12-23,1.2886,1.3302,1.272,1.3219,864699.0
39,2016-12-28,1.2886,1.2969,1.2304,1.2304,1136000.0
40,2016-12-29,1.2304,1.272,1.2304,1.2554,343000.0
41,2016-12-30,1.2554,1.272,1.2304,1.2637,1170000.0
42,2017-01-03,1.247,1.3136,1.247,1.3052,1468000.0
43,2017-01-04,1.3052,1.3136,1.2803,1.2803,1160000.0
44,2017-01-05,1.2886,1.3052,1.2637,1.272,1764000.0
45,2017-01-06,1.272,1.3136,1.272,1.2886,1038000.0
46,2017-01-09,1.2886,1.3052,1.2803,1.2803,487000.0
47,2017-01-10,1.2803,1.2886,1.2637,1.272,2206000.0
48,2017-01-11,1.272,1.2803,1.2637,1.2637,815000.0
49,2017-01-12,1.2637,1.2803,1.2637,1.272,406000.0
50,2017-01-13,1.272,1.2886,1.2637,1.2803,992000.0
51,2017-01-16,1.272,1.2803,1.2138,1.2221,7047000.0
52,2017-01-17,1.3717,1.3967,1.2886,1.3468,21242000.0
53,2017-01-18,1.3551,1.3551,1.3136,1.3302,4159000.0
54,2017-01-19,1.3302,1.3468,1.3052,1.3302,5784000.0
55,2017-01-20,1.3302,1.3302,1.3052,1.3136,1609000.0
56,2017-01-23,1.3219,1.3219,1.272,1.2803,5226000.0
57,2017-01-24,1.2803,1.3052,1.2637,1.2803,2829000.0
58,2017-01-25,1.2969,1.3136,1.2803,1.2969,1929000.0
59,2017-01-26,1.2969,1.3052,1.2886,1.2886,1438000.0
60,2017-01-27,1.2886,1.3302,1.272,1.3302,950000.0
61,2017-02-01,1.3302,1.3717,1.3219,1.3634,15020000.0
62,2017-02-02,1.3801,1.3801,1.3468,1.3468,3247000.0
63,2017-02-03,1.3468,1.3884,1.3468,1.3634,6126000.0
64,2017-02-06,1.3884,1.3884,1.3468,1.3551,2553000.0
65,2017-02-07,1.3551,1.3801,1.3468,1.3717,5933000.0
66,2017-02-08,1.3717,1.3717,1.3385,1.3551,6154000.0
67,2017-02-09,1.3634,1.3634,1.3385,1.3634,8102000.0
68,2017-02-10,1.3634,1.3634,1.3302,1.3385,16191000.0
69,2017-02-13,1.3468,1.3634,1.3385,1.3634,3129000.0
70,2017-02-14,1.3634,1.4466,1.3551,1.4383,12295000.0
71,2017-02-15,1.4466,1.4549,1.405,1.4133,5633000.0
72,2017-02-16,1.4299,1.4299,1.405,1.405,2700000.0
73,2017-02-17,1.4216,1.4216,1.3801,1.3884,1863000.0
74,2017-02-20,1.3884,1.4133,1.3801,1.3967,3715000.0
75,2017-02-21,1.4133,1.5131,1.4133,1.4466,17297000.0
76,2017-02-22,1.4632,1.6295,1.4632,1.5962,38581000.0
77,2017-02-23,1.6128,1.6128,1.5297,1.563,8550000.0
78,2017-02-24,1.5796,1.6045,1.5214,1.5546,7326000.0
79,2017-02-27,1.5713,1.5796,1.5214,1.5546,4019000.0
80,2017-02-28,1.5713,1.5796,1.4798,1.4965,5025000.0
81,2017-03-01,1.5131,1.5131,1.4383,1.4798,6566000.0
82,2017-03-02,1.4965,1.5048,1.4715,1.4798,3451000.0
83,2017-03-03,1.4798,1.4965,1.4466,1.4715,3417000.0
84,2017-03-06,1.4798,1.4965,1.4632,1.4798,3931000.0
85,2017-03-07,1.4881,1.4881,1.4549,1.4632,1605000.0
86,2017-03-08,1.4715,1.4798,1.4216,1.4549,8842000.0
87,2017-03-09,1.4632,1.4632,1.405,1.4216,3769000.0
88,2017-03-10,1.4299,1.4383,1.405,1.4216,2325800.0
89,2017-03-13,1.4216,1.4383,1.3884,1.405,3189000.0
90,2017-03-14,1.4133,1.4299,1.405,1.4133,1621000.0
91,2017-03-15,1.4133,1.4299,1.405,1.4133,2194000.0
92,2017-03-16,1.4299,1.4549,1.4216,1.4383,4218000.0
93,2017-03-17,1.4549,1.4549,1.4133,1.4133,2835010.0
94,2017-03-20,1.4133,1.4299,1.4133,1.4133,2353000.0
95,2017-03-21,1.4299,1.4798,1.4133,1.4466,8342000.0
96,2017-03-22,1.4299,1.4466,1.4216,1.4299,4261000.0
97,2017-03-23,1.4466,1.5713,1.4299,1.538,39790000.0
98,2017-03-24,1.5463,1.563,1.4715,1.4798,10348549.0
99,2017-03-27,1.4881,1.5297,1.4383,1.4466,7612000.0
100,2017-03-28,1.5048,1.538,1.4549,1.5214,16150000.0
101,2017-03-29,1.5297,1.5463,1.5048,1.5297,8619000.0
102,2017-03-30,1.538,1.538,1.4965,1.5048,2917000.0
103,2017-03-31,1.5297,1.6045,1.4881,1.563,18112000.0
104,2017-04-03,1.5796,1.6128,1.538,1.5962,11297000.0
105,2017-04-05,1.6045,1.6212,1.5463,1.5879,12685000.0
106,2017-04-06,1.6045,1.6045,1.538,1.538,4676000.0
107,2017-04-07,1.5463,1.5546,1.5131,1.538,4931000.0
108,2017-04-10,1.5546,1.5546,1.4965,1.5048,3035000.0
109,2017-04-11,1.5131,1.5131,1.4549,1.4798,5135000.0
110,2017-04-12,1.4632,1.4881,1.4466,1.4798,3544000.0
111,2017-04-13,1.4881,1.4881,1.4549,1.4881,1250000.0
112,2017-04-18,1.4798,1.4881,1.4549,1.4549,3102000.0
113,2017-04-19,1.4632,1.4632,1.4133,1.4466,3950000.0
114,2017-04-20,1.4549,1.4632,1.4299,1.4383,1857000.0
115,2017-04-21,1.4383,1.4632,1.4133,1.4216,2812000.0
116,2017-04-24,1.4216,1.4549,1.3634,1.3884,8039000.0
117,2017-04-25,1.405,1.405,1.3634,1.3634,4000000.0
118,2017-04-26,1.3801,1.3884,1.3717,1.3801,2486000.0
119,2017-04-27,1.3884,1.3884,1.3634,1.3717,1882100.0
120,2017-04-28,1.3967,1.4133,1.3801,1.405,2494000.0
121,2017-05-02,1.4133,1.4299,1.3884,1.3884,1881990.0
122,2017-05-04,1.3884,1.3967,1.3717,1.3884,2021000.0
123,2017-05-05,1.3801,1.3801,1.3468,1.3551,2126000.0
124,2017-05-08,1.3634,1.3717,1.3385,1.3468,1974000.0
125,2017-05-09,1.3551,1.3801,1.3468,1.3717,1549000.0
126,2017-05-10,1.3884,1.405,1.3717,1.3884,2689000.0
127,2017-05-11,1.3801,1.3884,1.3717,1.3884,1432000.0
128,2017-05-12,1.3967,1.3967,1.3634,1.3801,2810000.0
129,2017-05-15,1.3801,1.3801,1.3468,1.3717,2429000.0
130,2017-05-16,1.3717,1.4216,1.3717,1.405,5435000.0
131,2017-05-17,1.3967,1.4299,1.3801,1.3801,5079000.0
132,2017-05-18,1.3801,1.3967,1.3551,1.3717,2307000.0
133,2017-05-19,1.3717,1.3717,1.3468,1.3468,1466000.0
134,2017-05-22,1.3717,1.3801,1.3385,1.3385,5765500.0
135,2017-05-23,1.3385,1.3468,1.2969,1.3136,9916000.0
136,2017-05-24,1.3052,1.3219,1.2886,1.3136,4341000.0
137,2017-05-25,1.3052,1.3302,1.3052,1.3136,6306000.0
138,2017-05-26,1.3385,1.3385,1.3052,1.3136,4026000.0
139,2017-05-29,1.3136,1.3302,1.2969,1.2969,3964000.0
140,2017-05-31,1.3052,1.3136,1.247,1.2803,19915000.0
141,2017-06-01,1.2637,1.272,1.2387,1.2554,16740000.0
142,2017-06-02,1.2554,1.272,1.2387,1.2554,10504000.0
143,2017-06-05,1.247,1.272,1.2304,1.2637,3730000.0
144,2017-06-06,1.2554,1.2803,1.247,1.2554,6133000.0
145,2017-06-07,1.2554,1.2886,1.2554,1.2803,7168000.0
146,2017-06-08,1.272,1.272,1.2387,1.247,6961000.0
147,2017-06-09,1.2554,1.2637,1.247,1.2637,2814000.0
148,2017-06-12,1.247,1.2637,1.247,1.2637,7876000.0
149,2017-06-13,1.247,1.272,1.247,1.272,3672000.0
150,2017-06-14,1.2554,1.272,1.2387,1.247,4090000.0
151,2017-06-15,1.247,1.2637,1.2387,1.2554,3424000.0
152,2017-06-16,1.247,1.3136,1.247,1.2637,39255000.0
153,2017-06-19,1.272,1.2969,1.272,1.2886,3662000.0
154,2017-06-20,1.2803,1.3219,1.2803,1.3052,6243900.0
155,2017-06-21,1.3052,1.3136,1.2886,1.3052,3319000.0
156,2017-06-22,1.3052,1.3052,1.2637,1.2803,2940000.0
157,2017-06-23,1.272,1.2886,1.2637,1.272,1957981.0
158,2017-06-26,1.2637,1.2886,1.2637,1.2886,1372000.0
159,2017-06-27,1.272,1.2886,1.2637,1.2803,2600000.0
160,2017-06-28,1.2637,1.3385,1.2637,1.3219,6938000.0
161,2017-06-29,1.3136,1.3219,1.2969,1.3052,1341000.0
162,2017-06-30,1.2969,1.3052,1.2803,1.2969,1139000.0
163,2017-07-03,1.3136,1.3136,1.2886,1.2969,1528572.0
164,2017-07-04,1.3052,1.3136,1.2803,1.2886,2105000.0
165,2017-07-05,1.2969,1.3136,1.2803,1.3052,1157049.0
166,2017-07-06,1.3967,1.4466,1.3468,1.3717,19359000.0
167,2017-07-07,1.3634,1.3884,1.3634,1.3801,5193000.0
168,2017-07-10,1.3884,1.3967,1.3634,1.3717,6084000.0
169,2017-07-11,1.3801,1.3801,1.3551,1.3717,2145000.0
170,2017-07-12,1.3801,1.3884,1.3551,1.3717,2337000.0
171,2017-07-13,1.3884,1.3884,1.3717,1.3801,1579000.0
172,2017-07-14,1.3884,1.405,1.3468,1.3634,5344000.0
173,2017-07-17,1.3801,1.3801,1.3468,1.3551,1966000.0
174,2017-07-18,1.3468,1.3468,1.3136,1.3385,2692000.0
175,2017-07-19,1.3385,1.3634,1.3219,1.3634,3351000.0
176,2017-07-20,1.3717,1.3801,1.3468,1.3551,4039000.0
177,2017-07-21,1.3385,1.3551,1.3302,1.3302,5530000.0
178,2017-07-24,1.3302,1.3385,1.3302,1.3302,2204000.0
179,2017-07-25,1.3385,1.3468,1.3219,1.3468,1996000.0
180,2017-07-26,1.3468,1.3551,1.3302,1.3302,2752000.0
181,2017-07-27,1.3302,1.3634,1.3302,1.3385,6742732.0
182,2017-07-28,1.3551,1.3884,1.3302,1.3302,5995000.0
183,2017-07-31,1.3385,1.3551,1.3219,1.3468,3731000.0
184,2017-08-01,1.3385,1.3385,1.3302,1.3385,2562000.0
185,2017-08-02,1.3385,1.3385,1.3219,1.3302,4476000.0
186,2017-08-03,1.3219,1.3385,1.3219,1.3302,580000.0
187,2017-08-04,1.3385,1.3385,1.3219,1.3219,1942355.0
188,2017-08-07,1.3385,1.3385,1.3136,1.3302,3115000.0
189,2017-08-08,1.3219,1.3967,1.3219,1.3967,13415000.0
190,2017-08-09,1.3967,1.3967,1.3468,1.3634,7491000.0
191,2017-08-10,1.3717,1.3717,1.3219,1.3219,3865000.0
192,2017-08-11,1.3219,1.3302,1.2969,1.2969,3903733.0
193,2017-08-14,1.3136,1.3468,1.2969,1.3052,3612000.0
194,2017-08-15,1.3052,1.3219,1.2886,1.2969,2574000.0
195,2017-08-16,1.2969,1.2969,1.2803,1.2803,2782000.0
196,2017-08-17,1.2969,1.2969,1.272,1.2803,3625000.0
197,2017-08-18,1.2803,1.2969,1.272,1.272,1439000.0
198,2017-08-21,1.272,1.3052,1.272,1.2969,692000.0
199,2017-08-22,1.2969,1.3302,1.2969,1.3052,1322000.0
200,2017-08-24,1.3219,1.3551,1.3219,1.3302,6550000.0
201,2017-08-25,1.3302,1.3634,1.3302,1.3385,4956000.0
202,2017-08-28,1.3468,1.3717,1.2803,1.3219,10768000.0
203,2017-08-29,1.3136,1.3219,1.2886,1.2886,4869361.0
204,2017-08-30,1.2886,1.2969,1.272,1.272,7777000.0
205,2017-08-31,1.272,1.3302,1.272,1.3052,9212000.0
206,2017-09-01,1.3219,1.3219,1.2803,1.2803,4333000.0
207,2017-09-04,1.2969,1.3219,1.2886,1.3219,5683000.0
208,2017-09-05,1.3219,1.3219,1.2969,1.3052,2930000.0
209,2017-09-06,1.3136,1.3302,1.2969,1.3136,1637000.0
210,2017-09-07,1.3302,1.3302,1.272,1.2803,5107000.0
211,2017-09-08,1.2969,1.2969,1.2803,1.2803,3765000.0
212,2017-09-11,1.2803,1.3052,1.272,1.3052,2178000.0
213,2017-09-12,1.2886,1.3052,1.2886,1.3052,1038000.0
214,2017-09-13,1.2969,1.3219,1.2803,1.3052,1989572.0
215,2017-09-14,1.3136,1.3385,1.3052,1.3302,7270668.0
216,2017-09-15,1.3385,1.3385,1.3136,1.3219,1413000.0
217,2017-09-18,1.3219,1.3219,1.3052,1.3052,1781000.0
218,2017-09-19,1.3136,1.3219,1.2969,1.3052,6220000.0
219,2017-09-20,1.3052,1.3219,1.2803,1.2886,9832000.0
220,2017-09-21,1.3219,1.3219,1.2803,1.2886,10371990.0
221,2017-09-22,1.2803,1.2886,1.2387,1.272,9031878.0
222,2017-09-25,1.2803,1.2803,1.2387,1.247,4530000.0
223,2017-09-26,1.2554,1.2637,1.2554,1.2637,628000.0
224,2017-09-27,1.2803,1.2803,1.2637,1.2637,370000.0
225,2017-09-28,1.2554,1.272,1.247,1.247,1650000.0
226,2017-09-29,1.247,1.2637,1.247,1.2637,1474000.0
227,2017-10-03,1.2554,1.272,1.247,1.2554,2158000.0
228,2017-10-04,1.2554,1.2803,1.2554,1.2803,1789000.0
229,2017-10-06,1.2803,1.2886,1.2637,1.2803,838000.0
230,2017-10-09,1.2803,1.3052,1.2803,1.2886,5136000.0
231,2017-10-10,1.2969,1.3219,1.2886,1.3219,3897000.0
232,2017-10-11,1.3219,1.3302,1.2969,1.3136,3240000.0
233,2017-10-12,1.3219,1.3219,1.2969,1.3136,1750000.0
234,2017-10-13,1.3136,1.3219,1.3052,1.3219,1329000.0
235,2017-10-16,1.3302,1.3302,1.3052,1.3136,2164000.0
236,2017-10-17,1.3136,1.3219,1.3052,1.3219,1154000.0
237,2017-10-18,1.3136,1.3219,1.3136,1.3219,1245000.0
238,2017-10-19,1.3136,1.3136,1.2886,1.3052,2622000.0
239,2017-10-20,1.2886,1.3136,1.2886,1.3052,1427000.0
240,2017-10-23,1.3136,1.3385,1.3052,1.3385,2919000.0
241,2017-10-24,1.3385,1.3468,1.3136,1.3136,1493000.0
242,2017-10-25,1.3219,1.3302,1.2554,1.2886,3046000.0
243,2017-10-26,1.2969,1.3219,1.2969,1.3052,668080.0
244,2017-10-27,1.3136,1.3136,1.2886,1.2886,1197000.0
245,2017-10-30,1.3052,1.3052,1.2886,1.3052,313000.0
246,2017-10-31,1.2969,1.3052,1.2886,1.3052,667000.0
247,2017-11-01,1.3052,1.3136,1.2969,1.2969,583000.0
248,2017-11-02,1.2969,1.3136,1.2886,1.2969,914000.0
249,2017-11-03,1.2886,1.3136,1.2886,1.2886,1244000.0
250,2017-11-06,1.3136,1.3136,1.2886,1.3052,1076000.0
251,2017-11-07,1.3052,1.3219,1.2969,1.3052,1316000.0
252,2017-11-08,1.3052,1.3136,1.2969,1.2969,648000.0
253,2017-11-09,1.3052,1.3884,1.3052,1.3385,17168000.0
254,2017-11-10,1.3302,1.3551,1.3136,1.3219,3646000.0
255,2017-11-13,1.3302,1.3385,1.3136,1.3136,2326000.0
256,2017-11-14,1.3219,1.3385,1.3052,1.3136,3601000.0
257,2017-11-15,1.3136,1.3302,1.3052,1.3136,2287000.0
258,2017-11-16,1.3219,1.3219,1.3136,1.3219,2712000.0
259,2017-11-17,1.3302,1.3801,1.3219,1.3385,10714000.0
260,2017-11-20,1.3302,1.3468,1.3136,1.3385,3680000.0
261,2017-11-21,1.3468,1.3468,1.3052,1.3219,3774000.0
262,2017-11-22,1.3219,1.3468,1.3219,1.3302,2560000.0
263,2017-11-23,1.3302,1.3385,1.3136,1.3219,2328000.0
264,2017-11-24,1.3136,1.3551,1.3136,1.3219,3746000.0
265,2017-11-27,1.3219,1.3385,1.3136,1.3385,772000.0
266,2017-11-28,1.3468,1.3468,1.3219,1.3302,832000.0
267,2017-11-29,1.3385,1.3385,1.3052,1.3136,910000.0
268,2017-11-30,1.3136,1.3385,1.2886,1.3385,4263000.0
269,2017-12-01,1.3302,1.3302,1.3052,1.3136,1259000.0
270,2017-12-04,1.3136,1.3302,1.3052,1.3052,873000.0
271,2017-12-05,1.3052,1.3136,1.2803,1.2969,1128000.0
272,2017-12-06,1.2886,1.2969,1.2637,1.272,2352000.0
273,2017-12-07,1.272,1.2803,1.2554,1.2637,1282000.0
274,2017-12-08,1.272,1.2803,1.2637,1.272,759000.0
275,2017-12-11,1.2803,1.2886,1.2637,1.2886,683000.0
276,2017-12-12,1.2803,1.2969,1.272,1.2886,1909000.0
277,2017-12-13,1.2886,1.2886,1.272,1.2803,1087000.0
278,2017-12-14,1.2803,1.2969,1.272,1.2803,1175000.0
279,2017-12-15,1.2637,1.2969,1.2637,1.2969,2201058.0
280,2017-12-18,1.2969,1.2969,1.2803,1.2886,424000.0
281,2017-12-19,1.2886,1.2886,1.2637,1.272,974000.0
282,2017-12-20,1.272,1.2803,1.272,1.2803,754000.0
283,2017-12-21,1.2803,1.2886,1.2637,1.272,1255000.0
284,2017-12-22,1.2637,1.2886,1.2637,1.272,837320.0
285,2017-12-27,1.2803,1.3385,1.2803,1.3219,3319000.0
286,2017-12-28,1.3219,1.3385,1.2969,1.3136,1307000.0
287,2017-12-29,1.3219,1.3219,1.3052,1.3136,972000.0
288,2018-01-02,1.3136,1.3219,1.3052,1.3219,844000.0
289,2018-01-03,1.3219,1.3219,1.3052,1.3219,1168000.0
290,2018-01-04,1.3219,1.3219,1.3052,1.3136,624000.0
291,2018-01-05,1.3136,1.3468,1.3136,1.3468,3403000.0
292,2018-01-08,1.3468,1.3884,1.3385,1.3717,8205000.0
293,2018-01-09,1.3801,1.3801,1.3468,1.3468,2391000.0
294,2018-01-10,1.3551,1.3634,1.3385,1.3385,1894000.0
295,2018-01-11,1.3385,1.3468,1.3136,1.3302,1130000.0
296,2018-01-12,1.3302,1.3551,1.3302,1.3385,1568000.0
297,2018-01-15,1.3385,1.3468,1.3136,1.3219,1977000.0
298,2018-01-16,1.3219,1.3551,1.3219,1.3551,7688000.0
299,2018-01-17,1.3468,1.3551,1.3385,1.3468,2694000.0
300,2018-01-18,1.3468,1.3634,1.2969,1.3219,4682000.0
301,2018-01-19,1.3385,1.3385,1.3136,1.3219,1583000.0
302,2018-01-22,1.3219,1.3468,1.3136,1.3385,2031000.0
303,2018-01-23,1.3385,1.3884,1.3302,1.3634,6538000.0
304,2018-01-24,1.3468,1.3634,1.3136,1.3385,2412000.0
305,2018-01-25,1.3468,1.3551,1.3302,1.3385,1495000.0
306,2018-01-26,1.3385,1.3551,1.3385,1.3468,1383000.0
307,2018-01-29,1.3385,1.3634,1.3385,1.3468,2414000.0
308,2018-01-30,1.3302,1.3468,1.3136,1.3219,3385000.0
309,2018-01-31,1.3219,1.3219,1.2969,1.3136,3306000.0
310,2018-02-01,1.3219,1.3385,1.3052,1.3302,2351000.0
311,2018-02-02,1.3302,1.3468,1.3136,1.3385,1849000.0
312,2018-02-05,1.3136,1.3219,1.2969,1.3052,3294000.0
313,2018-02-06,1.2803,1.2886,1.2138,1.2221,10971065.0
314,2018-02-07,1.2554,1.2554,1.2055,1.2138,6764000.0
315,2018-02-08,1.2055,1.2304,1.2055,1.2055,2947000.0
316,2018-02-09,1.1722,1.1805,1.1307,1.1722,5703000.0
317,2018-02-12,1.1722,1.1805,1.1473,1.1556,1184000.0
318,2018-02-13,1.1722,1.1888,1.1556,1.1722,851000.0
319,2018-02-14,1.1722,1.2138,1.1556,1.2138,604000.0
320,2018-02-15,1.1722,1.2304,1.1722,1.2304,341000.0
321,2018-02-20,1.2138,1.2138,1.1888,1.2138,585000.0
322,2018-02-21,1.1972,1.2055,1.1805,1.1888,1227000.0
323,2018-02-22,1.2055,1.2055,1.1639,1.1722,4826000.0
324,2018-02-23,1.1722,1.1888,1.1556,1.1639,4736000.0
325,2018-02-26,1.1805,1.1805,1.1556,1.1639,3598000.0
326,2018-02-27,1.1722,1.1805,1.1556,1.1556,5671000.0
327,2018-02-28,1.1473,1.1722,1.1473,1.1556,1230000.0
328,2018-03-01,1.1556,1.1722,1.1473,1.1556,1328000.0
329,2018-03-02,1.1473,1.1639,1.139,1.139,2653000.0
330,2018-03-05,1.1473,1.1639,1.1223,1.1307,2629000.0
331,2018-03-06,1.139,1.1639,1.139,1.1639,1549000.0
332,2018-03-07,1.1473,1.1639,1.1307,1.1556,1165000.0
333,2018-03-08,1.1556,1.1639,1.1473,1.1473,1292000.0
334,2018-03-09,1.1639,1.1639,1.139,1.1556,2086000.0
335,2018-03-12,1.1556,1.1556,1.1307,1.139,2565000.0
336,2018-03-13,1.139,1.1473,1.1307,1.139,916000.0
337,2018-03-14,1.1473,1.1473,1.1307,1.139,772000.0
338,2018-03-15,1.1307,1.1473,1.1307,1.139,843000.0
339,2018-03-16,1.139,1.1473,1.1223,1.1473,2212000.0
340,2018-03-19,1.139,1.1473,1.1307,1.139,360000.0
341,2018-03-20,1.1307,1.139,1.1223,1.1223,1239000.0
342,2018-03-21,1.1223,1.1223,1.1057,1.1057,1800000.0
343,2018-03-22,1.114,1.1223,1.1057,1.1223,197000.0
344,2018-03-23,1.1057,1.1223,1.0725,1.0808,7110857.0
345,2018-03-26,1.0808,1.0891,1.0725,1.0808,513000.0
346,2018-03-27,1.0974,1.114,1.0891,1.1057,1326000.0
347,2018-03-28,1.0974,1.0974,1.0725,1.0725,1312000.0
348,2018-03-29,1.0808,1.0808,1.0475,1.0558,2810000.0
349,2018-04-03,1.0641,1.0641,1.0226,1.0309,2128000.0
350,2018-04-04,1.0392,1.0392,1.0059,1.0059,2558000.0
351,2018-04-06,1.0059,1.0392,1.0059,1.0309,3645000.0
352,2018-04-09,1.0309,1.0392,1.0143,1.0143,1994000.0
353,2018-04-10,1.0309,1.0808,1.0143,1.0309,3422000.0
354,2018-04-11,1.0392,1.0641,1.0392,1.0392,3306000.0
355,2018-04-12,1.0309,1.0641,1.0309,1.0558,1240000.0
356,2018-04-13,1.0475,1.0641,1.0475,1.0475,2295000.0
357,2018-04-16,1.0725,1.0725,1.0309,1.0475,503000.0
358,2018-04-17,1.0475,1.0558,1.0059,1.0392,634000.0
359,2018-04-18,1.0558,1.0558,1.0226,1.0309,1525000.0
360,2018-04-19,1.0226,1.0558,1.0226,1.0392,568000.0
361,2018-04-20,1.0226,1.0392,1.0143,1.0226,613000.0
362,2018-04-23,1.0309,1.0392,1.0143,1.0226,915000.0
363,2018-04-24,1.0309,1.0392,1.0226,1.0309,242000.0
364,2018-04-25,1.0143,1.0226,0.9893,1.0059,2072000.0
365,2018-04-26,0.9976,1.0059,0.9893,1.0059,260000.0
366,2018-04-27,0.9976,1.0143,0.9893,1.0143,109000.0
367,2018-04-30,1.0143,1.0143,0.9976,1.0143,698000.0
368,2018-05-02,1.0143,1.0143,0.9976,1.0059,1166000.0
369,2018-05-03,1.0059,1.0143,0.9893,0.9976,836000.0
370,2018-05-04,1.0059,1.0143,0.9976,0.9976,350000.0
371,2018-05-07,1.0059,1.0226,0.9976,1.0143,865000.0
372,2018-05-08,1.0143,1.0475,1.0143,1.0226,5157000.0
373,2018-05-09,1.0226,1.0309,1.0143,1.0226,1897000.0
374,2018-05-10,1.0226,1.0641,1.0143,1.0475,1985000.0
375,2018-05-11,1.0558,1.0558,1.0392,1.0392,873000.0
376,2018-05-14,1.0475,1.0725,1.0475,1.0558,2515000.0
377,2018-05-15,1.0725,1.0725,1.0309,1.0558,1666000.0
378,2018-05-16,1.0558,1.0808,1.0475,1.0641,1859449.0
379,2018-05-17,1.0641,1.0641,1.0475,1.0558,1357000.0
380,2018-05-18,1.0725,1.0808,1.0558,1.0558,3852000.0
381,2018-05-21,1.0558,1.0974,1.0558,1.0808,3432000.0
382,2018-05-23,1.0974,1.1223,1.0891,1.1057,4145000.0
383,2018-05-24,1.114,1.1473,1.1057,1.1057,3349000.0
384,2018-05-25,1.1307,1.1307,1.1057,1.1223,1897500.0
385,2018-05-28,1.114,1.1307,1.1057,1.114,1231000.0
386,2018-05-29,1.114,1.114,1.0891,1.0891,936000.0
387,2018-05-30,1.0808,1.0808,1.0558,1.0641,1616000.0
388,2018-05-31,1.0974,1.0974,1.0475,1.0808,7636251.0
389,2018-06-01,1.0974,1.0974,1.0475,1.0475,2029000.0
390,2018-06-04,1.0558,1.0725,1.0392,1.0392,1761000.0
391,2018-06-05,1.0558,1.0808,1.0392,1.0475,1733000.0
392,2018-06-06,1.0641,1.0725,1.0558,1.0725,2756000.0
393,2018-06-07,1.0641,1.0641,1.0392,1.0392,2459000.0
394,2018-06-08,1.0558,1.0641,1.0309,1.0392,671000.0
395,2018-06-11,1.0309,1.0475,1.0226,1.0309,2110000.0
396,2018-06-12,1.0226,1.0475,1.0226,1.0309,2356000.0
397,2018-06-13,1.0309,1.0475,1.0226,1.0392,588000.0
398,2018-06-14,1.0392,1.0392,1.0226,1.0309,399000.0
399,2018-06-15,1.0475,1.0475,1.0143,1.0309,3368000.0
400,2018-06-19,1.0475,1.0475,0.981,0.9976,2590000.0
401,2018-06-20,0.9976,1.0059,0.981,1.0059,1181000.0
402,2018-06-21,0.9976,1.0226,0.9893,0.9976,671732.0
403,2018-06-22,0.981,1.0059,0.981,0.9893,505000.0
404,2018-06-25,1.0059,1.0059,0.9644,0.981,1198000.0
405,2018-06-26,0.9893,1.0059,0.9561,0.981,2411000.0
406,2018-06-27,0.981,0.9976,0.9478,0.9478,2045000.0
407,2018-06-28,0.9644,0.9644,0.9394,0.9394,878000.0
408,2018-06-29,0.9561,0.9727,0.9478,0.9561,1578000.0
409,2018-07-03,0.9561,0.9561,0.9394,0.9561,433000.0
410,2018-07-04,0.9394,0.981,0.9311,0.9644,826000.0
411,2018-07-05,0.9727,0.981,0.9478,0.9644,1330000.0
412,2018-07-06,0.9478,0.9727,0.9478,0.9644,1536000.0
413,2018-07-09,0.9561,0.9727,0.9561,0.9644,1643000.0
414,2018-07-10,0.9644,0.981,0.9561,0.9561,1205000.0
415,2018-07-11,0.9644,0.9644,0.9478,0.9478,701000.0
416,2018-07-12,0.9561,0.9644,0.9394,0.9478,3054000.0
417,2018-07-13,0.9478,0.9893,0.9478,0.981,6433915.0
418,2018-07-16,0.9727,0.9893,0.9644,0.9727,870000.0
419,2018-07-17,0.9727,1.0392,0.9727,0.9976,30508000.0
420,2018-07-18,1.0059,1.0143,0.981,0.9976,1339000.0
421,2018-07-19,0.981,1.0059,0.9727,0.9976,26896000.0
422,2018-07-20,1.0059,1.0309,0.9976,1.0143,3464000.0
423,2018-07-23,1.0059,1.0226,0.9893,1.0143,1785000.0
424,2018-07-24,1.0059,1.0143,0.9976,1.0059,1690000.0
425,2018-07-25,1.0059,1.0226,0.9976,1.0059,1347000.0
426,2018-07-26,1.0059,1.0143,0.9644,0.9893,8418000.0
427,2018-07-27,0.9893,0.9976,0.9727,0.9893,406000.0
428,2018-07-30,0.9893,0.9976,0.981,0.9893,632000.0
429,2018-07-31,0.9893,0.9893,0.981,0.981,306000.0
430,2018-08-01,0.981,0.9976,0.9644,0.981,1804000.0
431,2018-08-02,0.9727,0.981,0.9478,0.9561,2877000.0
432,2018-08-03,0.9727,0.9893,0.9644,0.9893,2363000.0
433,2018-08-06,0.9893,0.9976,0.9727,0.981,1398000.0
434,2018-08-07,0.9727,0.9893,0.9727,0.981,1661000.0
435,2018-08-08,0.9893,0.9893,0.9644,0.9727,1732000.0
436,2018-08-09,0.9727,0.981,0.9644,0.9727,2153000.0
437,2018-08-10,0.981,0.9893,0.9644,0.9727,810000.0
438,2018-08-13,0.9644,0.9727,0.9478,0.9727,1419000.0
439,2018-08-14,0.9727,0.981,0.9561,0.9727,1109000.0
440,2018-08-15,0.9727,0.9727,0.9561,0.9644,1468000.0
441,2018-08-16,0.9561,0.9727,0.9478,0.9644,1355000.0
442,2018-08-17,0.9561,0.9727,0.9478,0.9478,1515000.0
443,2018-08-20,0.9478,0.9478,0.9394,0.9478,416000.0
444,2018-08-21,0.9394,0.9976,0.9311,0.9976,3838000.0
445,2018-08-22,0.9976,1.0143,0.9561,1.0143,9986030.0
446,2018-08-23,0.9976,1.0059,0.9893,0.9976,2417000.0
447,2018-08-24,0.9976,0.9976,0.981,0.9893,1607000.0
448,2018-08-27,0.9893,0.9976,0.981,0.9893,1374128.0
449,2018-08-28,0.9893,0.9976,0.981,0.981,1762000.0
450,2018-08-29,0.981,0.9893,0.9727,0.9727,4672000.0
451,2018-08-30,0.981,0.9893,0.9727,0.9727,597000.0
452,2018-08-31,0.9727,0.9976,0.9727,0.9976,1400000.0
453,2018-09-03,0.981,0.9893,0.9727,0.9727,613000.0
454,2018-09-04,0.9727,0.9893,0.9644,0.981,3184000.0
455,2018-09-05,0.9893,0.9976,0.9644,0.9727,4067000.0
456,2018-09-06,0.981,0.981,0.9561,0.9727,707000.0
457,2018-09-07,0.9727,0.981,0.9561,0.981,610000.0
458,2018-09-10,0.981,0.981,0.9561,0.9727,1075000.0
459,2018-09-11,0.9727,0.981,0.9644,0.9727,498000.0
460,2018-09-12,0.981,0.981,0.9561,0.9644,760000.0
461,2018-09-13,0.9644,0.981,0.9561,0.9727,268000.0
462,2018-09-14,0.981,0.981,0.9478,0.9478,1239000.0
463,2018-09-17,0.9478,0.9644,0.9478,0.9478,643000.0
464,2018-09-18,0.9561,0.9644,0.9478,0.9644,108000.0
465,2018-09-19,0.9644,0.981,0.9394,0.9644,1928000.0
466,2018-09-20,0.9561,0.9561,0.9394,0.9478,98000.0
467,2018-09-21,0.9478,0.9561,0.9394,0.9394,432000.0
468,2018-09-24,0.9394,0.9561,0.9311,0.9394,2232000.0
469,2018-09-26,0.9561,0.9561,0.9478,0.9561,554000.0
470,2018-09-27,0.9561,0.9561,0.9394,0.9478,126000.0
471,2018-09-28,0.9478,0.9644,0.9311,0.9394,1569000.0
472,2018-10-02,0.9394,0.9394,0.9394,0.9394,26000.0
473,2018-10-03,0.9394,0.9478,0.9394,0.9394,323000.0
474,2018-10-04,0.9478,0.9644,0.9394,0.9478,257000.0
475,2018-10-05,0.9478,0.9478,0.9394,0.9394,58000.0
476,2018-10-08,0.9478,0.9644,0.9478,0.9561,2017000.0
477,2018-10-09,0.9561,0.9644,0.9394,0.9478,670898.0
478,2018-10-10,0.9644,0.9727,0.9478,0.9478,846008.0
479,2018-10-11,0.8729,0.9394,0.8729,0.9145,2601000.0
480,2018-10-12,0.9062,0.9394,0.8896,0.9228,525000.0
481,2018-10-15,0.9228,0.9394,0.9062,0.9145,63000.0
482,2018-10-16,0.9311,0.9478,0.9145,0.9228,441000.0
483,2018-10-18,0.9311,0.9311,0.8896,0.9062,804000.0
484,2018-10-19,0.8979,0.9145,0.8896,0.9062,499000.0
485,2018-10-22,0.8896,0.9561,0.8896,0.9145,1455000.0
486,2018-10-23,0.9145,0.9311,0.8896,0.9062,384000.0
487,2018-10-24,0.9062,0.9228,0.9062,0.9145,626000.0
488,2018-10-25,0.8979,0.9062,0.8896,0.8979,290000.0
489,2018-10-26,0.8979,0.9145,0.8979,0.8979,489000.0
490,2018-10-29,0.9145,0.9561,0.8979,0.9561,4937000.0
491,2018-10-30,0.9228,0.981,0.9145,0.9478,3331000.0
492,2018-10-31,0.9394,0.9478,0.9311,0.9478,8555000.0
493,2018-11-01,0.9478,0.9644,0.9394,0.9394,209000.0
494,2018-11-02,0.9394,0.9561,0.9394,0.9561,270000.0
495,2018-11-05,0.9394,0.9561,0.9394,0.9394,101000.0
496,2018-11-06,0.9394,0.9561,0.9394,0.9394,128000.0
497,2018-11-07,0.9394,0.9561,0.9394,0.9394,130000.0
498,2018-11-08,0.9478,0.9561,0.9311,0.9478,572000.0
499,2018-11-09,0.9311,0.9644,0.9228,0.9478,622000.0
500,2018-11-12,0.9561,0.9644,0.9394,0.9478,150000.0
501,2018-11-13,0.9478,0.9727,0.9478,0.9727,367010.0
502,2018-11-14,0.9561,0.9727,0.9561,0.9644,149000.0
503,2018-11-15,0.9644,0.9644,0.9228,0.9478,1302000.0
504,2018-11-16,0.9478,0.9644,0.9478,0.9644,1009000.0
505,2018-11-19,0.981,0.981,0.9644,0.981,615000.0
506,2018-11-20,0.9644,0.981,0.9561,0.981,239000.0
507,2018-11-21,0.9644,0.981,0.9644,0.981,566000.0
508,2018-11-22,0.981,0.981,0.9561,0.9561,658000.0
509,2018-11-23,0.9478,0.9561,0.9394,0.9561,671000.0
510,2018-11-26,0.9394,0.9644,0.9394,0.9561,2061000.0
511,2018-11-27,0.9727,0.9727,0.9478,0.9644,1226000.0
512,2018-11-28,0.9478,0.9644,0.9478,0.9644,609000.0
513,2018-11-29,0.9644,0.981,0.9644,0.9727,2003000.0
514,2018-11-30,0.9727,0.9976,0.9727,0.9727,2207000.0
515,2018-12-03,0.9976,1.0059,0.9644,0.9976,2217000.0
516,2018-12-04,0.9976,0.9976,0.9893,0.9976,1532000.0
517,2018-12-05,0.981,1.0558,0.981,1.0558,4758000.0
518,2018-12-06,1.0558,1.1639,1.0475,1.1639,10093000.0
519,2018-12-07,1.1473,1.1972,1.139,1.1722,9601000.0
520,2018-12-10,1.2055,1.2138,1.1556,1.1805,6802000.0
521,2018-12-11,1.1805,1.2221,1.1805,1.2055,6657000.0
522,2018-12-12,1.2221,1.2304,1.1805,1.2221,2340000.0
523,2018-12-13,1.2138,1.2304,1.1639,1.1888,2613000.0
524,2018-12-14,1.1639,1.1888,1.1556,1.1888,902000.0
525,2018-12-17,1.1639,1.2055,1.1556,1.1972,1182000.0
526,2018-12-18,1.2138,1.2138,1.1722,1.1722,1703000.0
527,2018-12-19,1.1972,1.1972,1.1556,1.1722,1645000.0
528,2018-12-20,1.1722,1.1888,1.1639,1.1805,3121000.0
529,2018-12-21,1.1722,1.2055,1.1556,1.2055,2851939.0
530,2018-12-24,1.1888,1.2055,1.1805,1.1972,1129000.0
531,2018-12-27,1.1972,1.2055,1.1722,1.2055,894850.0
532,2018-12-28,1.1805,1.2138,1.1805,1.2055,921165.0
533,2019-01-02,1.1972,1.1972,1.1639,1.1888,488000.0
534,2019-01-03,1.1722,1.1888,1.1473,1.1556,791000.0
535,2019-01-04,1.1556,1.1888,1.1556,1.1722,2208000.0
536,2019-01-07,1.1972,1.2554,1.1888,1.2554,5270000.0
537,2019-01-08,1.247,1.2554,1.2138,1.2138,1928000.0
538,2019-01-09,1.2304,1.2803,1.2138,1.247,4600000.0
539,2019-01-10,1.247,1.272,1.2304,1.2304,4407000.0
540,2019-01-11,1.2637,1.2637,1.2304,1.2304,2726000.0
541,2019-01-14,1.2304,1.2387,1.1639,1.2055,10287000.0
542,2019-01-15,1.2304,1.247,1.1972,1.2304,1776000.0
543,2019-01-16,1.247,1.2554,1.2138,1.2304,983000.0
544,2019-01-17,1.272,1.272,1.2138,1.2387,2175000.0
545,2019-01-18,1.247,1.272,1.2387,1.2637,3870000.0
546,2019-01-21,1.2803,1.3052,1.2637,1.2637,7488000.0
547,2019-01-22,1.2886,1.2886,1.2304,1.2304,1574000.0
548,2019-01-23,1.247,1.3219,1.247,1.3136,5280000.0
549,2019-01-24,1.3302,1.3717,1.247,1.272,9443000.0
550,2019-01-25,1.272,1.2886,1.2387,1.2387,7442000.0
551,2019-01-28,1.2554,1.3136,1.2387,1.247,6710000.0
552,2019-01-29,1.2387,1.272,1.2387,1.2637,5706000.0
553,2019-01-30,1.2637,1.272,1.247,1.2554,7265000.0
554,2019-01-31,1.2554,1.3052,1.247,1.2803,5478000.0
555,2019-02-01,1.2886,1.3219,1.272,1.272,4704000.0
556,2019-02-04,1.272,1.2969,1.2637,1.2803,273000.0
557,2019-02-08,1.272,1.3302,1.272,1.3219,1122005.0
558,2019-02-11,1.3219,1.4383,1.3219,1.3967,42620006.0
559,2019-02-12,1.4216,1.5297,1.4133,1.4798,31682000.0
560,2019-02-13,1.4798,1.538,1.4798,1.4881,20355000.0
561,2019-02-14,1.5214,1.5297,1.4549,1.5131,8018604.0
562,2019-02-15,1.5131,1.8623,1.4965,1.7375,50470325.0
563,2019-02-18,1.8373,1.8706,1.7708,1.8207,35211496.0
564,2019-02-19,1.8373,1.8373,1.6877,1.7625,28860116.0
565,2019-02-20,1.7708,2.095,1.7708,2.0036,53809000.0
566,2019-02-21,1.9786,2.1615,1.9371,1.987,44875000.0
567,2019-02-22,2.0036,2.0867,1.9454,2.0368,35516000.0
568,2019-02-25,2.0368,2.0368,1.7459,1.7542,87914000.0
569,2019-02-26,1.7375,1.9371,1.7375,1.8789,71823000.0
570,2019-02-27,1.8789,1.9288,1.7292,1.7375,58590000.0
571,2019-02-28,1.7375,1.8373,1.7375,1.7791,23960000.0
572,2019-03-01,1.7957,1.8872,1.7708,1.8207,30770000.0
573,2019-03-04,1.829,2.0618,1.829,2.0285,55920000.0
574,2019-03-05,2.0784,2.2862,2.0701,2.1948,72513000.0
575,2019-03-06,2.2281,2.3029,2.1865,2.2447,32860000.0
576,2019-03-07,2.2447,2.3195,2.1449,2.1865,32082000.0
577,2019-03-08,2.2031,2.4276,2.1033,2.2696,66569644.0
578,2019-03-11,2.3195,2.4276,2.2281,2.411,35977000.0
579,2019-03-12,2.4193,2.652,2.3694,2.4858,48334000.0
580,2019-03-13,2.5357,2.544,2.2114,2.2613,49438000.0
581,2019-03-14,2.2696,2.2946,2.1948,2.2696,29616000.0
582,2019-03-15,2.3278,2.386,2.3029,2.3528,15365000.0
583,2019-03-18,2.3528,2.544,2.3528,2.519,37340000.0
584,2019-03-19,2.5273,2.6022,2.4359,2.4525,22338000.0
585,2019-03-20,2.4691,2.4691,2.2946,2.3611,22355086.0
586,2019-03-21,2.3777,2.4691,2.3278,2.3694,15303000.0
587,2019-03-22,2.3694,2.3943,2.253,2.3112,15260051.0
588,2019-03-25,2.2862,2.3528,2.2364,2.253,13935000.0
589,2019-03-26,2.3112,2.3694,2.1449,2.1532,22001426.0
590,2019-03-27,2.1532,2.2862,2.1532,2.2114,18456000.0
591,2019-03-28,2.2197,2.3528,2.2197,2.2862,11436072.0
592,2019-03-29,2.3278,2.4442,2.2946,2.3694,22785000.0
593,2019-04-01,2.3777,2.6105,2.3777,2.5772,33899000.0
594,2019-04-02,2.5855,2.6604,2.4775,2.4941,24237000.0
595,2019-04-03,2.4941,2.5357,2.4276,2.4608,12567516.0
596,2019-04-04,2.4525,2.5523,2.4026,2.4775,104484000.0
597,2019-04-08,2.5855,2.6188,2.5024,2.519,16016000.0
598,2019-04-09,2.5772,2.5855,2.4525,2.4941,12323879.0
599,2019-04-10,2.4941,2.4941,2.4026,2.4691,18129000.0
600,2019-04-11,2.4691,2.7269,2.3777,2.5689,49524825.0
601,2019-04-12,2.5772,2.7851,2.5689,2.7269,37538612.0
602,2019-04-15,2.7851,2.943,2.7684,2.7684,34745000.0
603,2019-04-16,2.544,2.6105,2.5107,2.5523,565631000.0
604,2019-04-17,2.5606,2.7102,2.5107,2.6022,91454000.0
605,2019-04-18,2.6188,2.7269,2.6188,2.6188,35640000.0
606,2019-04-23,2.6936,2.7352,2.6105,2.6437,36716882.0
607,2019-04-24,2.677,2.8433,2.6687,2.7934,30524842.0
608,2019-04-25,2.8266,2.9347,2.7435,2.7768,32979000.0
609,2019-04-26,2.7768,2.7851,2.5939,2.6022,24640000.0
610,2019-04-29,2.6022,2.6022,2.4691,2.4858,36661000.0
611,2019-04-30,2.4858,2.6936,2.4858,2.6687,34589200.0
612,2019-05-02,2.6687,2.7851,2.6604,2.7768,12009974.0
613,2019-05-03,2.81,2.8266,2.7019,2.8183,8752168.0
614,2019-05-06,2.6604,2.7601,2.5772,2.6604,28260336.0
615,2019-05-07,2.6604,2.7269,2.4941,2.5689,25790243.0
616,2019-05-08,2.519,2.5606,2.4608,2.4858,33616000.0
617,2019-05-09,2.4858,2.5357,2.4193,2.4941,25044172.0
618,2019-05-10,2.5606,2.7102,2.4691,2.6105,31903000.0
619,2019-05-14,2.5772,2.6437,2.5024,2.6188,17194000.0
620,2019-05-15,2.6604,2.7019,2.6105,2.677,12960000.0
621,2019-05-16,2.6936,2.7684,2.6604,2.6853,19945000.0
622,2019-05-17,2.6853,2.7269,2.544,2.6022,12578000.0
623,2019-05-20,2.5772,2.5772,2.3112,2.3278,42239148.0
624,2019-05-21,2.2779,2.3611,2.2779,2.3195,14290000.0
625,2019-05-22,2.3611,2.3611,2.253,2.3029,7805000.0
626,2019-05-23,2.3029,2.3112,2.0368,2.1532,29842435.0
627,2019-05-24,2.1449,2.2281,1.962,1.9786,51974435.0
628,2019-05-27,1.9953,2.0618,1.9454,2.0618,43714000.0
629,2019-05-28,2.12,2.2447,2.095,2.1948,32617500.0
630,2019-05-29,2.1449,2.2031,2.1283,2.1865,11966500.0
631,2019-05-30,2.2031,2.3112,2.1865,2.2862,26457000.0
632,2019-05-31,2.3029,2.3278,2.253,2.3029,21205210.0
633,2019-06-03,2.3029,2.4359,2.2197,2.253,26507000.0
634,2019-06-04,2.253,2.3029,2.1283,2.1699,13866000.0
635,2019-06-05,2.2114,2.2447,2.1366,2.1532,15119935.0
636,2019-06-06,2.1782,2.1782,2.0368,2.0452,16951000.0
637,2019-06-10,2.0452,2.1449,2.0036,2.1366,14901000.0
638,2019-06-11,2.1366,2.2114,2.0867,2.1699,25170810.0
639,2019-06-12,2.1449,2.1532,2.0285,2.0535,15990000.0
640,2019-06-13,2.0202,2.1117,1.987,2.1117,21571000.0
641,2019-06-14,2.1117,2.1283,2.0036,2.0202,8204000.0
642,2019-06-17,2.0285,2.0784,2.0202,2.0368,6511000.0
643,2019-06-18,2.0202,2.2114,2.0202,2.2114,20934190.0
644,2019-06-19,2.2779,2.3195,2.1366,2.1948,21884000.0
645,2019-06-20,2.1615,2.2114,2.1117,2.1615,24567000.0
646,2019-06-21,2.1615,2.1615,2.0452,2.0867,19325000.0
647,2019-06-24,2.095,2.1699,2.0452,2.12,13114000.0
648,2019-06-25,2.1117,2.1615,2.0618,2.0784,9466000.0
649,2019-06-26,2.0784,2.1283,2.0535,2.1033,5338000.0
650,2019-06-27,2.1366,2.2031,2.0784,2.1865,20023000.0
651,2019-06-28,2.1948,2.1948,2.1117,2.1615,8281458.0
652,2019-07-02,2.1865,2.2946,2.1865,2.2613,28682000.0
653,2019-07-03,2.2447,2.2613,2.1782,2.2364,26466315.0
654,2019-07-04,2.2114,2.2862,2.1366,2.1366,10862000.0
655,2019-07-05,2.1615,2.2031,2.0701,2.1615,40473000.0
656,2019-07-08,2.1615,2.1865,1.8872,1.9454,57717500.0
657,2019-07-09,1.9454,1.9953,1.6627,1.8623,93716000.0
658,2019-07-10,1.8955,1.8955,1.8124,1.8373,23013000.0
659,2019-07-11,1.8539,1.8706,1.8041,1.829,12694000.0
660,2019-07-12,1.8623,1.8623,1.7459,1.7625,16844000.0
661,2019-07-15,1.7708,2.0202,1.7292,1.9953,42509000.0
662,2019-07-16,1.9454,2.1283,1.9454,2.1117,38148000.0
663,2019-07-17,2.1117,2.2364,2.0452,2.095,43049894.0
664,2019-07-18,2.0535,2.1948,2.0535,2.1615,18671000.0
665,2019-07-19,2.1699,2.2031,2.1117,2.12,13449012.0
666,2019-07-22,2.1449,2.1865,2.1117,2.1532,15338812.0
667,2019-07-23,2.1782,2.2197,2.1532,2.1615,11974000.0
668,2019-07-24,2.1615,2.1865,2.095,2.1699,17376000.0
669,2019-07-25,2.1532,2.3195,2.1366,2.3029,28387744.0
670,2019-07-26,2.3029,2.3444,2.253,2.253,12502000.0
671,2019-07-29,2.253,2.3278,2.2114,2.3278,11118000.0
672,2019-07-30,2.3112,2.5273,2.3112,2.5024,36195252.0
673,2019-07-31,2.544,2.5523,2.4525,2.4775,11943000.0
674,2019-08-01,2.4359,2.5107,2.3943,2.4026,16963600.0
675,2019-08-02,2.3278,2.4775,2.2779,2.3943,17705300.0
676,2019-08-05,2.3943,2.4276,2.2447,2.2613,20048000.0
677,2019-08-06,2.0784,2.2613,2.0535,2.2613,22693000.0
678,2019-08-07,2.2862,2.411,2.2364,2.3029,11914000.0
679,2019-08-08,2.2862,2.3278,2.2197,2.2364,8274000.0
680,2019-08-09,2.2779,2.2946,2.1449,2.1948,8843210.0
681,2019-08-12,2.2031,2.2696,2.2031,2.2281,6595000.0
682,2019-08-13,2.2281,2.2281,2.1532,2.1615,4815000.0
683,2019-08-14,2.1782,2.2447,2.0285,2.0867,15073000.0
684,2019-08-15,2.0285,2.1449,2.0036,2.0784,13671000.0
685,2019-08-16,2.0784,2.253,2.0368,2.1283,23628000.0
686,2019-08-19,2.1283,2.1699,2.0452,2.0867,29051000.0
687,2019-08-20,2.1117,2.1782,2.0618,2.1449,11708000.0
688,2019-08-21,2.1615,2.1699,2.0701,2.1033,11916000.0
689,2019-08-22,2.1033,2.1033,2.0285,2.0784,14019200.0
690,2019-08-23,2.0701,2.1033,2.0452,2.1033,3513000.0
691,2019-08-26,2.0784,2.1283,1.987,2.0618,8016000.0
692,2019-08-27,2.0784,2.1865,1.9371,1.9371,41303000.0
693,2019-08-28,1.9288,1.9371,1.7874,1.9288,37420000.0
694,2019-08-29,1.9288,1.9288,1.829,1.8955,16154000.0
695,2019-08-30,1.9121,1.9371,1.829,1.8706,10317746.0
696,2019-09-02,1.8706,1.8872,1.8373,1.8539,9068000.0
697,2019-09-03,1.8456,1.9703,1.8456,1.9537,11571000.0
698,2019-09-04,1.9288,2.0535,1.9288,2.0119,18815000.0
699,2019-09-05,2.0119,2.0618,1.8623,1.9038,36852000.0
700,2019-09-06,1.9038,1.9288,1.8706,1.8955,10190000.0
701,2019-09-09,1.9371,2.0784,1.9204,2.0618,43334000.0
702,2019-09-10,2.0618,2.1033,1.9703,1.9703,19366000.0
703,2019-09-11,1.9703,2.0036,1.8955,1.9038,15996000.0
704,2019-09-12,1.9204,2.0452,1.9038,1.9703,14216000.0
705,2019-09-13,1.9703,2.0036,1.962,1.9786,3526000.0
706,2019-09-16,2.0036,2.0119,1.9454,1.9537,8030000.0
707,2019-09-17,1.9454,1.987,1.9454,1.962,3893907.0
708,2019-09-18,1.9537,2.1532,1.9537,2.1283,33751000.0
709,2019-09-19,2.1865,2.2281,2.0867,2.2281,28528200.0
710,2019-09-20,2.2031,2.3278,2.1865,2.3029,36525200.0
711,2019-09-23,2.3195,2.3278,2.1283,2.1948,24052000.0
712,2019-09-24,2.2197,2.2197,2.1033,2.1117,16232000.0
713,2019-09-25,2.1117,2.1532,2.0368,2.0368,12973000.0
714,2019-09-26,2.0535,2.095,1.8955,1.9204,35923000.0
715,2019-09-27,1.9038,2.0036,1.9038,1.9288,13152661.0
716,2019-09-30,1.9121,1.9703,1.9121,1.962,7149000.0
717,2019-10-02,1.9454,1.987,1.9121,1.9786,3280000.0
718,2019-10-03,1.962,2.0119,1.9371,1.9953,3848000.0
719,2019-10-04,2.0119,2.0368,1.9454,1.9454,10391000.0
720,2019-10-08,1.9786,2.0867,1.9786,2.0618,14925000.0
721,2019-10-09,2.0535,2.0867,1.9953,2.0368,8139000.0
722,2019-10-10,2.0036,2.2031,2.0036,2.1865,21443000.0
723,2019-10-11,2.2031,2.2281,2.095,2.1865,10635000.0
724,2019-10-14,2.1532,2.2946,2.1449,2.2197,21886000.0
725,2019-10-15,2.2197,2.2447,2.1366,2.1615,16979000.0
726,2019-10-16,2.1782,2.1782,2.0867,2.1033,10842000.0
727,2019-10-17,2.0285,2.1532,2.0202,2.1366,15164000.0
728,2019-10-18,2.1283,2.2114,2.12,2.1615,14038000.0
729,2019-10-21,2.1782,2.3029,2.1782,2.2696,23785800.0
730,2019-10-22,2.2779,2.3444,2.2447,2.3278,24478000.0
731,2019-10-23,2.3278,2.3444,2.2946,2.3029,11986000.0
732,2019-10-24,2.3112,2.3777,2.3029,2.3528,18042000.0
733,2019-10-25,2.3528,2.4691,2.3528,2.4276,42067000.0
734,2019-10-28,2.4442,2.4442,2.2862,2.3361,26185000.0
735,2019-10-29,2.3361,2.4442,2.3361,2.4026,39491000.0
736,2019-10-30,2.4026,2.4276,2.3278,2.3444,15781000.0
737,2019-10-31,2.386,2.386,2.3112,2.3361,11564000.0
738,2019-11-01,2.3029,2.3278,2.253,2.2946,23898000.0
739,2019-11-04,2.2946,2.3694,2.2862,2.3528,14923000.0
740,2019-11-05,2.3528,2.411,2.3112,2.3611,13072000.0
741,2019-11-06,2.3611,2.3611,2.2779,2.3112,13772000.0
742,2019-11-07,2.3112,2.3528,2.2946,2.3444,7901000.0
743,2019-11-08,2.3611,2.3777,2.2862,2.2946,9495715.0
744,2019-11-11,2.2862,2.2946,2.2031,2.2364,14197400.0
745,2019-11-12,2.2696,2.2862,2.2197,2.2779,7915000.0
746,2019-11-13,2.2779,2.2779,2.2114,2.2364,6332000.0
747,2019-11-14,2.2197,2.2364,2.1948,2.2197,6639000.0
748,2019-11-15,2.2447,2.2779,2.1948,2.2197,7105000.0
749,2019-11-18,2.2031,2.2281,2.1532,2.1865,12819000.0
750,2019-11-19,2.2031,2.253,2.1615,2.2447,6561000.0
751,2019-11-20,2.2281,2.2447,2.1615,2.2281,6658000.0
752,2019-11-21,2.1782,2.2281,2.1532,2.2031,4067000.0
753,2019-11-22,2.1948,2.1948,2.12,2.1449,11103000.0
754,2019-11-25,2.1283,2.1615,2.1033,2.1117,6904000.0
755,2019-11-26,2.1117,2.1615,2.0867,2.12,7456000.0
756,2019-11-27,2.095,2.1449,2.0867,2.1117,4079000.0
757,2019-11-28,2.12,2.1449,2.0368,2.0368,7648000.0
758,2019-11-29,2.0119,2.0618,1.9786,2.0119,15537000.0
759,2019-12-02,2.0119,2.1366,2.0119,2.1117,10784000.0
760,2019-12-03,2.095,2.095,2.0285,2.0867,3276000.0
761,2019-12-04,2.0784,2.0784,2.0202,2.0618,5184000.0
762,2019-12-05,2.0618,2.0701,2.0119,2.0618,5377000.0
763,2019-12-06,2.0618,2.1033,2.0285,2.0701,6004000.0
764,2019-12-09,2.0784,2.0784,2.0202,2.0452,3465000.0
765,2019-12-10,2.0452,2.0452,1.9288,1.9786,17183223.0
766,2019-12-11,1.987,1.987,1.9121,1.9454,9104000.0
767,2019-12-12,1.9371,1.9537,1.8872,1.9038,20918000.0
768,2019-12-13,1.9454,1.9454,1.8955,1.9204,14253000.0
769,2019-12-16,1.9204,1.9204,1.8207,1.8373,24054000.0
770,2019-12-17,1.8456,1.9038,1.829,1.8872,30264000.0
771,2019-12-18,1.8872,1.9038,1.8041,1.8207,21632000.0
772,2019-12-19,1.8124,1.8207,1.7459,1.7874,15908000.0
773,2019-12-20,1.7957,1.8456,1.7957,1.829,18275000.0
774,2019-12-23,1.8373,1.8456,1.8207,1.829,4362462.0
775,2019-12-24,1.8373,1.8373,1.7874,1.8207,3885000.0
776,2019-12-27,1.8041,1.8539,1.7957,1.8124,12187994.0
777,2019-12-30,1.8124,1.8124,1.7375,1.7625,19870688.0
778,2019-12-31,1.7791,1.8456,1.7459,1.8373,12111000.0
779,2020-01-02,1.8456,1.9204,1.8456,1.8955,21177000.0
780,2020-01-03,1.9038,1.9204,1.8373,1.8373,8082000.0
781,2020-01-06,1.8207,1.8706,1.8124,1.8456,6562000.0
782,2020-01-07,1.8706,1.9537,1.8706,1.9121,24835000.0
783,2020-01-08,1.9121,1.9786,1.8872,1.9288,22446000.0
784,2020-01-09,1.9537,1.9703,1.9121,1.9371,10742000.0
785,2020-01-10,1.9204,1.9204,1.8623,1.8955,12183000.0
786,2020-01-13,1.7708,1.7957,1.7459,1.7791,42547000.0
787,2020-01-14,1.7957,1.7957,1.7292,1.7459,18825000.0
788,2020-01-15,1.7542,1.7542,1.6544,1.6794,29200777.0
789,2020-01-16,1.6794,1.6794,1.5962,1.6128,24292000.0
790,2020-01-17,1.6128,1.671,1.6128,1.671,16154577.0
791,2020-01-20,1.671,1.671,1.6461,1.6544,11238000.0
792,2020-01-21,1.6627,1.6627,1.538,1.538,23318000.0
793,2020-01-22,1.538,1.6045,1.5131,1.5796,9570210.0
794,2020-01-23,1.5796,1.6045,1.4965,1.5463,13641000.0
795,2020-01-24,1.5214,1.538,1.4798,1.4881,12318970.0
796,2020-01-29,1.4798,1.4881,1.4133,1.4383,7969000.0
797,2020-01-30,1.4715,1.4715,1.3385,1.3634,13197430.0
798,2020-01-31,1.3717,1.3967,1.2886,1.3801,20415000.0
799,2020-02-03,1.3302,1.4216,1.3302,1.3717,15995827.0
800,2020-02-04,1.3801,1.3967,1.3634,1.3884,11790000.0
801,2020-02-05,1.3967,1.6128,1.3884,1.6128,69549000.0
802,2020-02-06,1.6295,1.7209,1.5546,1.6461,46256022.0
803,2020-02-07,1.6045,1.7043,1.5879,1.7043,26613000.0
804,2020-02-10,1.7126,1.8041,1.6627,1.7542,34036200.0
805,2020-02-11,1.7542,1.7542,1.6627,1.671,23094000.0
806,2020-02-12,1.6877,1.7375,1.671,1.696,12120944.0
807,2020-02-13,1.7126,1.7292,1.6378,1.6461,10040000.0
808,2020-02-14,1.6544,1.7292,1.6544,1.6794,19600000.0
809,2020-02-17,1.6794,1.7542,1.671,1.7209,13750000.0
810,2020-02-18,1.7292,1.7292,1.6461,1.6794,14274528.0
811,2020-02-19,1.6794,1.7375,1.6627,1.696,21032000.0
812,2020-02-20,1.7209,1.7292,1.6627,1.696,9561000.0
813,2020-02-21,1.7126,1.7126,1.6212,1.6295,19078000.0
814,2020-02-24,1.6295,1.6295,1.538,1.5713,23311200.0
815,2020-02-25,1.5463,1.6045,1.538,1.6045,16250000.0
816,2020-02-26,1.5879,1.6627,1.5796,1.6128,17655000.0
817,2020-02-27,1.6212,1.6544,1.5962,1.6544,14352500.0
818,2020-02-28,1.6378,1.6378,1.5879,1.6212,17742000.0
819,2020-03-02,1.5879,1.7292,1.5879,1.7209,26349294.0
820,2020-03-03,1.7459,1.7459,1.671,1.7126,10961000.0
821,2020-03-04,1.7126,1.8124,1.671,1.7957,23869000.0
822,2020-03-05,1.7957,1.8955,1.7874,1.8539,53680000.0
823,2020-03-06,1.8373,1.8373,1.7957,1.829,17167557.0
824,2020-03-09,1.8041,1.8041,1.7209,1.7292,17394152.0
825,2020-03-10,1.7209,1.7708,1.6212,1.671,18800420.0
826,2020-03-11,1.7043,1.7209,1.6378,1.671,7422800.0
827,2020-03-12,1.6544,1.6544,1.5463,1.5463,16727000.0
828,2020-03-13,1.4881,1.5713,1.3967,1.538,22843000.0
829,2020-03-16,1.5297,1.5463,1.4133,1.4216,21722000.0
830,2020-03-17,1.4299,1.4798,1.3801,1.4549,27624000.0
831,2020-03-18,1.4881,1.5796,1.4383,1.4549,20418378.0
832,2020-03-19,1.4549,1.5713,1.4383,1.538,19722294.0
833,2020-03-20,1.5796,1.6045,1.4549,1.4798,19872726.0
834,2020-03-23,1.4466,1.4965,1.4299,1.4715,14164680.0
835,2020-03-24,1.5131,1.5962,1.5048,1.5796,33995873.0
836,2020-03-25,1.6295,1.6627,1.5214,1.5463,23463851.0
837,2020-03-26,1.5463,1.5962,1.5214,1.5713,22570000.0
838,2020-03-27,1.5962,1.6378,1.5463,1.563,20295447.0
839,2020-03-30,1.5463,1.5796,1.5297,1.5463,14276000.0
840,2020-03-31,1.5796,1.7708,1.5713,1.7708,49834000.0
841,2020-04-01,1.7708,1.8872,1.671,1.6877,88272974.0
842,2020-04-02,1.7043,1.7043,1.6045,1.6544,25773000.0
843,2020-04-03,1.6461,1.696,1.6212,1.6378,9940534.0
844,2020-04-06,1.6461,1.6544,1.5796,1.6295,9153336.0
845,2020-04-07,1.671,1.6877,1.6128,1.6461,51189000.0
846,2020-04-08,1.6627,1.671,1.5962,1.6045,24341462.0
847,2020-04-09,1.6295,1.6794,1.5879,1.6544,41559000.0
848,2020-04-14,1.671,1.7209,1.6461,1.6794,33338000.0
849,2020-04-15,1.7126,1.7874,1.7126,1.7375,50346624.0
850,2020-04-16,1.7375,1.987,1.7209,1.9288,121965723.0
851,2020-04-17,1.9703,2.1615,1.9371,2.1449,107022500.0
852,2020-04-20,2.1283,2.2447,2.0368,2.0784,63832000.0
853,2020-04-21,2.0618,2.12,1.9953,2.0285,43978000.0
854,2020-04-22,1.9953,2.2862,1.9786,2.2447,88147624.0
855,2020-04-23,2.2862,2.3943,2.1865,2.2031,81276000.0
856,2020-04-24,2.2031,2.2779,2.1699,2.2696,42510000.0
857,2020-04-27,2.3528,2.4193,2.2696,2.3195,63965000.0
858,2020-04-28,2.3444,2.3694,2.2696,2.3444,21004100.0
859,2020-04-29,2.3694,2.3694,2.2696,2.2946,15036000.0
860,2020-05-04,2.2613,2.2613,2.12,2.1948,37113106.0
861,2020-05-05,2.2031,2.2779,2.2031,2.2696,22111334.0
862,2020-05-06,2.2696,2.2696,2.1283,2.1948,56770000.0
863,2020-05-07,2.1865,2.2031,2.1449,2.1865,26921484.0
864,2020-05-08,2.1615,2.2114,2.0867,2.12,39537000.0
865,2020-05-11,2.1283,2.1782,2.0535,2.0784,33446238.0
866,2020-05-12,2.0535,2.1033,1.9703,1.9786,35415000.0
867,2020-05-13,1.9537,2.0202,1.9371,1.9786,22488000.0
868,2020-05-14,1.962,1.987,1.8872,1.9121,25839000.0
869,2020-05-15,1.9038,1.9288,1.829,1.8789,24648000.0
870,2020-05-18,1.8955,1.9288,1.8789,1.8789,22298000.0
871,2020-05-19,1.8789,1.9204,1.8623,1.9121,20153000.0
872,2020-05-20,1.9121,1.9121,1.7957,1.7957,28205000.0
873,2020-05-21,1.7791,1.8539,1.7791,1.8041,28311000.0
874,2020-05-22,1.7791,1.7791,1.6794,1.7209,22364882.0
875,2020-05-25,1.7126,1.7791,1.696,1.7625,18257000.0
876,2020-05-26,1.7708,1.7708,1.7126,1.7708,14014000.0
877,2020-05-27,1.7791,1.7791,1.671,1.6794,17365000.0
878,2020-05-28,1.6877,1.7043,1.6212,1.6627,10650100.0
879,2020-05-29,1.6794,1.7292,1.6295,1.6794,12003000.0
880,2020-06-01,1.7375,1.7874,1.696,1.7791,14966000.0
881,2020-06-02,1.8124,1.8789,1.7957,1.8373,24269000.0
882,2020-06-03,1.8706,1.8789,1.7957,1.8124,18257252.0
883,2020-06-04,1.8532,2.0827,1.8277,2.0232,54869500.0
884,2020-06-05,2.0657,2.1082,1.9382,1.9892,38648858.0
885,2020-06-08,2.0147,2.0232,1.9467,1.9722,12938050.0
886,2020-06-09,2.0062,2.0232,1.9637,1.9637,10279000.0
887,2020-06-10,1.9552,1.9977,1.9382,1.9552,8254000.0
888,2020-06-11,1.9552,1.9892,1.8872,1.9042,15338000.0
889,2020-06-12,1.8532,1.9212,1.8447,1.9042,13036000.0
890,2020-06-15,1.9552,2.0572,1.9042,1.9382,26620000.0
891,2020-06-16,1.9637,2.0062,1.9467,1.9892,21417000.0
892,2020-06-17,2.0232,2.0912,1.9382,2.0657,35640000.0
893,2020-06-18,2.0997,2.2442,2.0827,2.1847,70127500.0
894,2020-06-19,2.1677,2.2102,2.1082,2.1422,30530452.0
895,2020-06-22,2.1592,2.2442,2.1252,2.2102,40806452.0
896,2020-06-23,2.2017,2.2782,2.1422,2.1762,18700000.0
897,2020-06-24,2.2017,2.2017,2.0827,2.0912,18536000.0
898,2020-06-26,2.0402,2.1337,2.0402,2.0742,8493800.0
899,2020-06-29,2.0912,2.1762,2.0912,2.1082,21273200.0
900,2020-06-30,2.1252,2.2017,2.0912,2.1762,21040000.0
901,2020-07-02,2.2272,2.2442,2.1762,2.2357,27962156.0
902,2020-07-03,2.2357,2.3122,2.1847,2.2867,28413000.0
903,2020-07-06,2.3292,2.4992,2.3292,2.4227,71955544.0
904,2020-07-07,2.4652,2.5502,2.3887,2.4142,33591000.0
905,2020-07-08,2.3887,2.6778,2.3887,2.6267,58618000.0
906,2020-07-09,2.6608,2.6948,2.5757,2.6437,51879000.0
907,2020-07-10,2.7203,2.7203,2.5247,2.5757,54443500.0
908,2020-07-13,2.5757,3.0178,2.5757,2.8053,92246000.0
909,2020-07-14,2.5502,2.6012,2.4737,2.5162,653814000.0
910,2020-07-15,2.6097,2.6182,2.4822,2.5077,75711000.0
911,2020-07-16,2.5417,2.5417,2.2697,2.2867,96359000.0
912,2020-07-17,2.3037,2.4227,2.3037,2.3462,62691740.0
913,2020-07-20,2.4142,2.6097,2.4057,2.4992,89419511.0
914,2020-07-21,2.5672,2.6182,2.5077,2.5587,58140000.0
915,2020-07-22,2.5502,2.5672,2.3972,2.3972,96418000.0
916,2020-07-23,2.4652,2.5332,2.3972,2.5162,59625000.0
917,2020-07-24,2.4567,2.6437,2.4482,2.4737,116531000.0
918,2020-07-27,2.5247,2.6097,2.4652,2.5162,80076000.0
919,2020-07-28,2.5672,2.7033,2.5247,2.6522,86999000.0
920,2020-07-29,2.6863,2.8138,2.6352,2.7968,78387000.0
921,2020-07-30,2.8138,3.2728,2.8053,3.2388,204270250.0
922,2020-07-31,3.2133,3.3918,3.1538,3.2728,107967000.0
923,2020-08-03,3.3323,3.5703,3.3153,3.4343,96710100.0
924,2020-08-04,3.4768,3.5023,3.2983,3.3748,85787000.0
925,2020-08-05,3.3748,3.6213,3.2643,3.6043,97189402.0
926,2020-08-06,3.6638,3.7574,3.5363,3.6638,70830444.0
927,2020-08-07,3.6978,3.6978,3.4003,3.5278,81719833.0
928,2020-08-10,3.5193,3.5788,3.3493,3.4428,62424000.0
929,2020-08-11,3.4683,3.5703,3.3493,3.4088,51889000.0
930,2020-08-12,3.4173,3.4258,3.2048,3.2983,67397000.0
931,2020-08-13,3.3238,3.4598,3.2643,3.3068,59613000.0
932,2020-08-14,3.3238,3.3578,3.2643,3.3068,28018000.0
933,2020-08-17,3.3238,3.3748,3.1963,3.2133,62704000.0
934,2020-08-18,3.2473,3.3918,3.2218,3.2813,70827200.0
935,2020-08-19,3.3663,3.3663,3.2303,3.2643,27594000.0
936,2020-08-20,3.2643,3.2898,3.1453,3.1708,40587000.0
937,2020-08-21,3.1963,3.2813,3.1538,3.2643,32818423.0
938,2020-08-24,3.2898,3.5108,3.2898,3.4938,75924850.0
939,2020-08-25,3.5023,3.5023,3.2558,3.3578,98728000.0
940,2020-08-26,3.4428,3.4513,3.0348,3.0688,148159942.0
941,2020-08-27,3.1028,3.1878,3.0603,3.0858,80311000.0
942,2020-08-28,3.1113,3.1793,3.0943,3.1283,51734000.0
943,2020-08-31,3.1623,3.2218,3.0518,3.0773,55607630.0
944,2020-09-01,3.0773,3.1198,3.0178,3.0773,40792000.0
945,2020-09-02,3.0858,3.2048,3.0773,3.1368,45674000.0
946,2020-09-03,3.1368,3.1538,3.0688,3.0858,29941193.0
947,2020-09-04,3.0348,3.1283,2.9923,3.1113,36748000.0
948,2020-09-07,3.1283,3.1453,2.7543,2.7968,113176500.0
949,2020-09-08,2.8479,2.892,2.7068,2.7685,61987000.0
950,2020-09-09,2.7509,2.892,2.7245,2.8303,37866333.0
951,2020-09-10,2.8744,2.9096,2.7333,2.7333,34212000.0
952,2020-09-11,2.7245,2.8126,2.7068,2.7509,34170000.0
953,2020-09-14,2.7685,2.8038,2.5658,2.6098,79608812.0
954,2020-09-15,2.5922,2.7245,2.5922,2.698,25518000.0
955,2020-09-16,2.7068,2.7245,2.6187,2.6451,19522842.0
956,2020-09-17,2.6451,2.6627,2.5834,2.5922,20066000.0
957,2020-09-18,2.5746,2.6804,2.5746,2.6275,39064458.0
958,2020-09-21,2.6275,2.6451,2.5129,2.5129,43826000.0
959,2020-09-22,2.5393,2.5393,2.4688,2.4864,23357601.0
960,2020-09-23,2.5305,2.5481,2.504,2.5393,13962000.0
961,2020-09-24,2.5129,2.5217,2.4247,2.4335,18702000.0
962,2020-09-25,2.46,2.4776,2.363,2.3982,18517356.0
963,2020-09-28,2.3894,2.4159,2.3453,2.3718,13446000.0
964,2020-09-29,2.3718,2.4511,2.3277,2.3894,9866334.0
965,2020-09-30,2.4247,2.4335,2.3541,2.363,9301569.0
966,2020-10-05,2.363,2.504,2.3277,2.4864,21595871.0
967,2020-10-06,2.4952,2.5129,2.4335,2.4864,11013000.0
968,2020-10-07,2.4688,2.4776,2.4159,2.4423,11601654.0
969,2020-10-08,2.4688,2.4688,2.363,2.4071,9769000.0
970,2020-10-09,2.4335,2.4423,2.3365,2.363,25656658.0
971,2020-10-12,2.3894,2.5481,2.3894,2.5481,41804000.0
972,2020-10-14,2.5834,2.6627,2.5481,2.5481,59294000.0
973,2020-10-15,2.6098,2.6363,2.4864,2.504,37148422.0
974,2020-10-16,2.5569,2.5658,2.4952,2.5569,20945000.0
975,2020-10-19,2.5393,2.5746,2.4423,2.4423,21789000.0
976,2020-10-20,2.4776,2.5217,2.4247,2.5129,14931000.0
977,2020-10-21,2.5217,2.5305,2.3982,2.4423,25391000.0
978,2020-10-22,2.4423,2.4952,2.3453,2.4159,35206000.0
979,2020-10-23,2.4159,2.4335,2.3189,2.3365,25683000.0
980,2020-10-27,2.3365,2.3982,2.2924,2.3101,20414000.0
981,2020-10-28,2.3365,2.3541,2.2836,2.2924,14413000.0
982,2020-10-29,2.2924,2.4247,2.2836,2.3982,18081000.0
983,2020-10-30,2.363,2.3806,2.2219,2.2219,31167000.0
984,2020-11-02,2.2483,2.2924,2.2307,2.2483,11539000.0
985,2020-11-03,2.2572,2.3365,2.2572,2.3101,8485000.0
986,2020-11-04,2.2836,2.363,2.2836,2.3541,9311000.0
987,2020-11-05,2.363,2.4071,2.3189,2.3894,14239000.0
988,2020-11-06,2.3894,2.3894,2.2836,2.2924,19045000.0
989,2020-11-09,2.3277,2.3277,2.2572,2.266,36910000.0
990,2020-11-10,2.3012,2.3012,2.1425,2.1514,64561000.0
991,2020-11-11,2.1337,2.2307,2.1249,2.1602,35975000.0
992,2020-11-12,2.169,2.2219,2.1514,2.1778,32219000.0
993,2020-11-13,2.1778,2.3012,2.1337,2.2836,54270000.0
994,2020-11-16,2.3101,2.3718,2.2307,2.3541,32954948.0
995,2020-11-17,2.3718,2.3806,2.3012,2.3189,12658000.0
996,2020-11-18,2.3277,2.363,2.266,2.2836,14585000.0
997,2020-11-19,2.2924,2.3894,2.2836,2.3718,28030000.0
998,2020-11-20,2.3894,2.3982,2.2483,2.266,33552000.0
999,2020-11-23,2.2836,2.2836,2.1161,2.1425,75641000.0
1000,2020-11-24,2.169,2.1866,2.1073,2.1249,26950000.0
1001,2020-11-25,2.1514,2.1514,2.072,2.0985,24433000.0
1002,2020-11-26,2.1073,2.2131,2.0896,2.2043,34039000.0
1003,2020-11-27,2.2307,2.3365,2.2043,2.2924,43061000.0
1004,2020-11-30,2.3277,2.3718,2.2924,2.3012,26859000.0
1005,2020-12-01,2.3101,2.5393,2.3101,2.5393,84438000.0
1006,2020-12-02,2.5569,2.5658,2.4159,2.4511,47622000.0
1007,2020-12-03,2.46,2.5217,2.4423,2.46,24686832.0
1008,2020-12-04,2.4864,2.4864,2.3718,2.4159,23077000.0
1009,2020-12-07,2.4423,2.4511,2.3718,2.4423,21831092.0
1010,2020-12-08,2.4423,2.4864,2.3894,2.3894,23377000.0
1011,2020-12-09,2.4159,2.4423,2.2924,2.3277,25767000.0
1012,2020-12-10,2.3101,2.363,2.2307,2.266,31946000.0
1013,2020-12-11,2.2748,2.2748,2.2131,2.266,16998000.0
1014,2020-12-14,2.2924,2.3453,2.2572,2.3365,21466000.0
1015,2020-12-15,2.3365,2.3365,2.2483,2.266,16734000.0
1016,2020-12-16,2.2572,2.2836,2.1866,2.2043,31513000.0
1017,2020-12-17,2.2219,2.2924,2.1602,2.2748,23522000.0
1018,2020-12-18,2.2924,2.2924,2.2219,2.2836,19329889.0
1019,2020-12-21,2.2836,2.2836,2.1866,2.2043,30600000.0
1020,2020-12-22,2.2131,2.2307,2.1514,2.169,20973000.0
1021,2020-12-23,2.1778,2.2395,2.1602,2.2131,21706000.0
1022,2020-12-24,2.2219,2.2748,2.1866,2.2307,15033000.0
1023,2020-12-28,2.2395,2.2748,2.2131,2.266,28648000.0
1024,2020-12-29,2.266,2.4159,2.2395,2.3718,43990210.0
1025,2020-12-30,2.3806,2.4423,2.3365,2.3982,48072073.0
1026,2020-12-31,2.4159,2.4511,2.363,2.3718,23422803.0
1027,2021-01-04,2.3806,2.6451,2.3806,2.5569,117937000.0
1028,2021-01-05,2.5569,2.6539,2.4864,2.6363,101041642.0
1029,2021-01-06,2.6804,2.7597,2.5481,2.601,98752493.0
1030,2021-01-07,2.6098,2.6187,2.4335,2.4952,85865000.0
1031,2021-01-08,2.5217,2.5217,2.3541,2.3806,75858000.0
1032,2021-01-11,2.363,2.3806,2.2748,2.2924,49267000.0
1033,2021-01-12,2.3365,2.3982,2.3189,2.363,48414840.0
1034,2021-01-13,2.3806,2.3894,2.3101,2.3189,34084000.0
1035,2021-01-14,2.3365,2.3365,2.266,2.2748,44582000.0
1036,2021-01-15,2.2836,2.3189,2.2219,2.2748,48107000.0
1037,2021-01-18,2.3101,2.363,2.2572,2.3541,37953000.0
1038,2021-01-19,2.3718,2.5569,2.363,2.5129,106400000.0
1039,2021-01-20,2.5569,2.6627,2.4688,2.6451,128833000.0
1040,2021-01-21,2.6804,2.7774,2.504,2.5129,106607138.0
1041,2021-01-22,2.5129,2.5746,2.4159,2.4423,54469000.0
1042,2021-01-25,2.4688,2.5569,2.4071,2.5481,50462000.0
1043,2021-01-26,2.5569,2.6716,2.5217,2.5922,91907535.0
1044,2021-01-27,2.6275,2.6892,2.5305,2.6716,75178000.0
1045,2021-01-28,2.6363,2.7333,2.504,2.5129,95284000.0
1046,2021-01-29,2.5481,2.5746,2.4071,2.4776,40133000.0
1047,2021-02-01,2.4776,2.6804,2.46,2.6451,70980000.0
1048,2021-02-02,2.6804,2.8655,2.6275,2.8126,141336136.0
1049,2021-02-03,2.8303,3.6414,2.8303,3.5973,373924500.0
1050,2021-02-04,3.5356,3.7472,3.421,3.712,178433000.0
1051,2021-02-05,3.7825,3.8442,3.2535,3.3417,142729000.0
1052,2021-02-08,3.4651,3.9941,3.4563,3.8001,248305828.0
1053,2021-02-09,4.0118,4.144,3.7472,3.8619,51983500.0
1054,2021-02-10,3.9148,4.0911,3.7825,4.0294,60861000.0
1055,2021-02-11,4.0294,4.1793,3.9677,4.1176,24748100.0
1056,2021-02-16,4.241,4.5672,4.2322,4.4879,86981000.0
1057,2021-02-17,4.5143,4.5849,4.3027,4.532,42075000.0
1058,2021-02-18,4.4262,4.7347,4.1969,4.338,181171000.0
1059,2021-02-19,4.3115,5.0786,4.3027,4.7876,186374000.0
1060,2021-02-22,5.0698,5.6253,4.867,5.5195,227875700.0
1061,2021-02-23,5.4137,5.4842,5.0257,5.2285,145166000.0
1062,2021-02-24,5.2814,5.299,4.532,4.7171,164841700.0
1063,2021-02-25,4.8494,5.1844,4.6995,4.7524,103541898.0
1064,2021-02-26,4.4702,4.9904,4.3115,4.5584,114077000.0
1065,2021-03-01,4.7612,5.1668,4.7612,4.8494,96038596.0
1066,2021-03-02,4.9375,5.3696,4.8406,4.9816,107102000.0
1067,2021-03-03,5.0257,5.0786,4.5584,4.6818,91667838.0
1068,2021-03-04,4.6025,4.6554,4.047,4.0999,175593838.0
1069,2021-03-05,3.9677,4.1087,3.853,4.0294,100162000.0
1070,2021-03-08,4.0911,4.1969,3.5533,3.6238,86293311.0
1071,2021-03-09,3.6591,4.0294,3.6238,3.7737,94044000.0
1072,2021-03-10,3.9765,4.047,3.8178,3.853,65021000.0
1073,2021-03-11,3.8442,4.2145,3.8178,4.1616,53857000.0
1074,2021-03-12,4.2586,4.3115,4.0558,4.144,47875000.0
1075,2021-03-15,4.1616,4.2674,4.0029,4.0735,46804941.0
1076,2021-03-16,4.0735,4.6378,4.0647,4.3997,97150000.0
1077,2021-03-17,4.4702,4.5672,4.2322,4.4173,73871000.0
1078,2021-03-18,4.4173,4.4614,4.1705,4.338,84658000.0
1079,2021-03-19,4.2498,4.2763,3.7561,3.8795,155836330.0
1080,2021-03-22,3.8619,3.9765,3.7913,3.8707,42651323.0
1081,2021-03-23,3.8707,3.8971,3.6767,3.7649,52734477.0
1082,2021-03-24,3.7913,3.8178,3.5533,3.6414,44404500.0
1083,2021-03-25,3.615,3.712,3.518,3.6679,47009727.0
1084,2021-03-26,3.6855,3.8266,3.6855,3.7737,32828000.0
1085,2021-03-29,3.7913,3.809,3.5973,3.6238,34500000.0
1086,2021-03-30,3.6414,3.7208,3.5621,3.6855,32625000.0
1087,2021-03-31,3.6679,3.6855,3.4739,3.518,54029000.0
1088,2021-04-01,3.5268,3.809,3.5268,3.8001,71050941.0
1089,2021-04-07,3.7384,3.7472,3.5004,3.5444,98414886.0
1090,2021-04-08,3.5356,3.5709,3.5004,3.5356,32282000.0
1091,2021-04-09,3.5533,3.7472,3.4386,3.6503,61156112.0
1092,2021-04-12,3.6326,3.7032,3.3681,3.4298,68937242.0
1093,2021-04-13,3.4298,3.5797,3.4298,3.5004,42628550.0
1094,2021-04-14,3.5092,3.5797,3.4739,3.5356,30154000.0
1095,2021-04-15,3.5621,3.5973,3.5004,3.5092,27452218.0
1096,2021-04-16,3.5356,3.6503,3.4563,3.6062,40840598.0
1097,2021-04-19,3.6062,3.8707,3.5709,3.8442,94449657.0
1098,2021-04-20,3.8354,3.9236,3.7825,3.8001,44986000.0
1099,2021-04-21,3.7384,3.7825,3.6943,3.7561,19979000.0
1100,2021-04-22,3.7913,3.8266,3.6238,3.6326,31348106.0
1101,2021-04-23,3.6238,3.7561,3.5885,3.6326,32110000.0
1102,2021-04-26,3.6062,3.615,3.4386,3.4563,49078000.0
1103,2021-04-27,3.4739,3.5268,3.4386,3.4475,20909000.0
1104,2021-04-28,3.4739,3.4827,3.4034,3.4122,30757000.0
1105,2021-04-29,3.421,3.4827,3.4034,3.4563,12942935.0
1106,2021-04-30,3.4651,3.4915,3.4122,3.4827,11692000.0
1107,2021-05-03,3.5004,3.5004,3.3857,3.4563,9127000.0
1108,2021-05-04,3.4563,3.5092,3.4298,3.5004,6398000.0
1109,2021-05-05,3.5004,3.6326,3.4651,3.5533,14170807.0
1110,2021-05-06,3.5621,3.5709,3.3857,3.4298,35193358.0
1111,2021-05-07,3.4386,3.5268,3.4034,3.4386,24224125.0
1112,2021-05-10,3.4475,3.4475,3.13,3.1389,96293000.0
1113,2021-05-11,3.1829,3.2535,3.086,3.2094,41040000.0
1114,2021-05-12,3.2094,3.2623,3.1741,3.2094,23159000.0
1115,2021-05-13,3.1389,3.1918,3.0683,3.1036,25458999.0
1116,2021-05-14,3.1124,3.2006,3.086,3.1653,18093000.0
1117,2021-05-17,3.1653,3.2447,3.1389,3.2094,18970000.0
1118,2021-05-18,3.2094,3.2447,3.1741,3.2359,15246500.0
1119,2021-05-20,3.2094,3.2535,3.1389,3.1653,18008000.0
1120,2021-05-21,3.2182,3.5533,3.1829,3.5092,67292000.0
1121,2021-05-24,3.4827,3.518,3.2094,3.2888,77748806.0
1122,2021-05-25,3.3064,3.3946,3.2976,3.3417,24825806.0
1123,2021-05-26,3.3328,3.3505,3.2623,3.2976,17373000.0
1124,2021-05-27,3.2976,3.2976,3.1477,3.2006,47985000.0
1125,2021-05-28,3.1565,3.1918,3.0771,3.1124,46077000.0
1126,2021-05-31,3.1212,3.1212,2.9537,3.0154,57322000.0
1127,2021-06-01,3.0154,3.0154,2.9537,2.9802,37596000.0
1128,2021-06-02,2.9713,3.1212,2.9449,3.1212,67208000.0
1129,2021-06-03,3.13,3.1389,3.0331,3.086,32134680.0
1130,2021-06-04,3.0507,3.0507,2.9008,2.9449,78644000.0
1131,2021-06-07,2.9008,2.9361,2.8479,2.8744,51307150.0
1132,2021-06-08,2.9096,2.9449,2.8567,2.8744,22539895.0
1133,2021-06-09,2.8832,2.9449,2.8567,2.9096,39848000.0
1134,2021-06-10,2.9361,2.9449,2.7421,2.7774,78797691.0
1135,2021-06-11,2.7862,2.8567,2.7421,2.8303,30548000.0
1136,2021-06-15,2.8126,2.8126,2.6892,2.7156,42043000.0
1137,2021-06-16,2.7156,2.7597,2.6363,2.6539,38402000.0
1138,2021-06-17,2.6451,2.7156,2.5746,2.6187,43070000.0
1139,2021-06-18,2.6098,2.6187,2.5481,2.601,39460626.0
1140,2021-06-21,2.5658,2.5658,2.504,2.5129,41090090.0
1141,2021-06-22,2.5305,2.5393,2.46,2.4776,54653173.0
1142,2021-06-23,2.4776,2.5834,2.4511,2.5481,65567000.0
1143,2021-06-24,2.5658,2.5746,2.504,2.5481,32343848.0
1144,2021-06-25,2.5834,2.7245,2.5746,2.698,57899000.0
1145,2021-06-28,2.8832,2.989,2.7509,2.8479,102872600.0
1146,2021-06-29,2.8391,2.8479,2.6892,2.7774,62783000.0
1147,2021-06-30,2.7774,2.8215,2.7156,2.7421,32386000.0
1148,2021-07-02,2.7068,2.7333,2.6627,2.7068,36821529.0
1149,2021-07-05,2.722,2.7787,2.703,2.703,30383760.0
1150,2021-07-06,2.722,2.7503,2.6463,2.6747,24970420.0
1151,2021-07-07,2.6747,2.6936,2.5707,2.618,31421420.0
1152,2021-07-08,2.618,2.6369,2.514,2.5424,39028986.0
1153,2021-07-09,2.514,2.5613,2.4951,2.5424,31211000.0
1154,2021-07-12,2.5613,2.5991,2.514,2.5613,26630989.0
1155,2021-07-13,2.5707,2.6085,2.5235,2.5518,35353000.0
1156,2021-07-14,2.5518,2.6369,2.5424,2.5707,31163000.0
1157,2021-07-15,2.5707,2.5802,2.5046,2.514,37863000.0
1158,2021-07-16,2.5329,2.5329,2.429,2.4384,38629000.0
1159,2021-07-19,2.429,2.4384,2.3061,2.3628,66887000.0
1160,2021-07-20,2.3439,2.3912,2.325,2.3439,24780000.0
1161,2021-07-21,2.3628,2.3912,2.3155,2.3345,21913528.0
1162,2021-07-22,2.3345,2.3628,2.3061,2.3155,32160698.0
1163,2021-07-23,2.3155,2.325,2.2494,2.2777,43234626.0
1164,2021-07-26,2.2683,2.2777,2.1549,2.1643,39423000.0
1165,2021-07-27,2.1927,2.2399,1.9942,2.0226,73820000.0
1166,2021-07-28,2.0604,2.1927,2.0226,2.1927,46236000.0
1167,2021-07-29,2.221,2.2494,2.1549,2.1832,30536000.0
1168,2021-07-30,2.1643,2.2021,2.1076,2.136,32696000.0
1169,2021-08-02,2.1171,2.2683,2.0887,2.2116,57168739.0
1170,2021-08-03,2.221,2.2305,2.1549,2.1738,24042859.0
1171,2021-08-04,2.1832,2.2116,2.1454,2.1549,21996180.0
1172,2021-08-05,2.1454,2.1738,2.0793,2.0887,32742851.0
1173,2021-08-06,2.1076,2.2872,2.0604,2.2494,86880212.0
1174,2021-08-09,2.2588,2.429,2.1927,2.3439,83883000.0
1175,2021-08-10,2.3723,2.4195,2.2872,2.4006,46962000.0
1176,2021-08-11,2.3817,2.4101,2.3439,2.3723,16662000.0
1177,2021-08-12,2.3723,2.4101,2.3061,2.325,26644000.0
1178,2021-08-13,2.325,2.325,2.2872,2.3061,16010000.0
1179,2021-08-16,2.325,2.4006,2.2966,2.3061,29594628.0
1180,2021-08-17,2.3155,2.3628,2.2399,2.2683,33680535.0
1181,2021-08-18,2.2683,2.2872,2.221,2.2399,18312000.0
1182,2021-08-19,2.2305,2.2305,2.0982,2.0982,44629000.0
1183,2021-08-20,2.0982,2.1076,2.032,2.1076,29160000.0
1184,2021-08-23,2.1076,2.136,2.0698,2.0887,26845000.0
1185,2021-08-24,2.0982,2.1549,2.0982,2.136,29358000.0
1186,2021-08-25,2.1549,2.2399,2.1454,2.1643,66545000.0
1187,2021-08-26,2.1643,2.1643,2.1076,2.1454,25944374.0
1188,2021-08-27,2.136,2.1454,2.0982,2.1265,18340850.0
1189,2021-08-30,2.1171,2.1832,2.1076,2.1454,17900000.0
1190,2021-08-31,2.1454,2.2021,2.1171,2.1738,60440000.0
1191,2021-09-01,2.1643,2.2683,2.136,2.2683,55508512.0
1192,2021-09-02,2.2777,2.2872,2.2305,2.2399,25043725.0
1193,2021-09-03,2.2494,2.3723,2.221,2.3345,57824000.0
1194,2021-09-06,2.3534,2.4384,2.3439,2.4195,54381000.0
1195,2021-09-07,2.4384,2.4573,2.3723,2.4006,30182000.0
1196,2021-09-08,2.3912,2.3912,2.3061,2.3061,29033824.0
1197,2021-09-09,2.3061,2.3439,2.2399,2.2588,34974690.0
1198,2021-09-10,2.2683,2.3155,2.2683,2.2966,18851000.0
1199,2021-09-13,2.2872,2.2872,2.2305,2.2494,23620100.0
1200,2021-09-14,2.2494,2.2683,2.1738,2.1832,24563000.0
1201,2021-09-15,2.1927,2.2021,2.1454,2.1454,16295000.0
1202,2021-09-16,2.1643,2.2588,2.1076,2.2399,29577000.0
1203,2021-09-17,2.2399,2.2588,2.1643,2.2399,18696547.0
1204,2021-09-20,2.2399,2.2399,2.0887,2.1643,13672000.0
1205,2021-09-21,2.1454,2.1738,2.0982,2.1738,8146216.0
1206,2021-09-23,2.1738,2.221,2.1265,2.1832,33218924.0
1207,2021-09-24,2.1832,2.325,2.1454,2.2683,65855078.0
1208,2021-09-27,2.2683,2.3723,2.2588,2.3345,74579451.0
1209,2021-09-28,2.3628,2.3723,2.2305,2.3061,34242000.0
1210,2021-09-29,2.2966,2.3912,2.2494,2.3817,27264000.0
1211,2021-09-30,2.3817,2.4479,2.3061,2.325,25335000.0
1212,2021-10-04,2.3345,2.4857,2.2872,2.4195,34810000.0
1213,2021-10-05,2.3912,2.4384,2.3628,2.3912,19361527.0
1214,2021-10-06,2.4006,2.4195,2.2966,2.3061,23531653.0
1215,2021-10-07,2.3061,2.6463,2.3061,2.618,81368875.0
1216,2021-10-08,2.5896,2.7692,2.5329,2.6463,145125000.0
1217,2021-10-11,2.6652,2.6936,2.5518,2.6369,85577000.0
1218,2021-10-12,2.722,2.911,2.6841,2.8165,243267000.0
1219,2021-10-15,2.7503,2.9771,2.6936,2.8259,159616000.0
1220,2021-10-18,2.8637,2.8732,2.7503,2.8637,77923976.0
1221,2021-10-19,2.8543,3.0244,2.8354,2.996,111976000.0
1222,2021-10-20,3.0055,3.0149,2.8448,2.8637,72062000.0
1223,2021-10-21,2.8543,2.911,2.7692,2.8259,75774791.0
1224,2021-10-22,2.8259,2.8921,2.7787,2.8448,37380000.0
1225,2021-10-25,2.9488,3.0149,2.8543,2.8543,74445162.0
1226,2021-10-26,2.8637,2.8826,2.703,2.722,67643000.0
1227,2021-10-27,2.7125,2.7976,2.6652,2.7409,29016000.0
1228,2021-10-28,2.7409,2.7692,2.6747,2.6936,19634000.0
1229,2021-10-29,2.703,2.9015,2.703,2.8543,65008000.0
1230,2021-11-01,2.8543,2.8543,2.7598,2.7787,20830000.0
1231,2021-11-02,2.7976,2.8259,2.722,2.7598,24947000.0
1232,2021-11-03,2.7692,2.911,2.7503,2.8448,46449000.0
1233,2021-11-04,2.8543,2.9771,2.7976,2.9204,65947000.0
1234,2021-11-05,2.9299,2.9582,2.807,2.8165,37253000.0
1235,2021-11-08,2.8259,2.8732,2.7976,2.8448,19456802.0
1236,2021-11-09,2.8543,2.9204,2.8448,2.8637,15368000.0
1237,2021-11-10,2.8732,2.8732,2.7881,2.8259,24068000.0
1238,2021-11-11,2.8259,2.9582,2.8165,2.911,30831000.0
1239,2021-11-12,2.9299,2.996,2.8354,2.8637,44142610.0
1240,2021-11-15,2.8921,2.911,2.8165,2.8259,26372000.0
1241,2021-11-16,2.8354,2.8732,2.7503,2.7598,54531000.0
1242,2021-11-17,2.7692,2.7787,2.703,2.7314,37618000.0
1243,2021-11-18,2.703,2.7409,2.6558,2.6841,42862000.0
1244,2021-11-19,2.6652,2.7692,2.6652,2.7503,27180173.0
1245,2021-11-22,2.7503,2.807,2.7409,2.7881,19860000.0
1246,2021-11-23,2.7881,2.807,2.7409,2.7787,23367000.0
1247,2021-11-24,2.7976,2.8637,2.7787,2.8354,38997882.0
1248,2021-11-25,2.8543,2.8543,2.7692,2.7881,24021599.0
1249,2021-11-26,2.7787,2.7881,2.6652,2.6747,37546000.0
1250,2021-11-29,2.6463,2.6652,2.5991,2.6085,24529000.0
1251,2021-11-30,2.618,2.6463,2.4384,2.4857,78680000.0
1252,2021-12-01,2.4762,2.5235,2.4573,2.4857,17638000.0
1253,2021-12-02,2.4857,2.5518,2.4762,2.5046,19539000.0
1254,2021-12-03,2.514,2.5235,2.4384,2.4762,22467750.0
1255,2021-12-06,2.4668,2.5329,2.3912,2.4006,33947000.0
1256,2021-12-07,2.4195,2.5329,2.4195,2.514,23219627.0
1257,2021-12-08,2.5235,2.5329,2.4573,2.5046,24892000.0
1258,2021-12-09,2.5046,2.6652,2.4857,2.6463,36717000.0
1259,2021-12-10,2.6463,2.703,2.618,2.6369,29947000.0
1260,2021-12-13,2.6369,2.6747,2.6085,2.618,25925000.0
1261,2021-12-14,2.618,2.6369,2.5046,2.514,21078000.0
1262,2021-12-15,2.5329,2.5802,2.514,2.5235,22023000.0
1263,2021-12-16,2.5518,2.6652,2.5518,2.6369,29663838.0
1264,2021-12-17,2.6274,2.6652,2.5707,2.5991,14320531.0
1265,2021-12-20,2.5802,2.6274,2.5046,2.514,18139000.0
1266,2021-12-21,2.5613,2.6463,2.5329,2.6274,17860000.0
1267,2021-12-22,2.6463,2.7125,2.618,2.7125,23643000.0
1268,2021-12-23,2.7125,2.8165,2.703,2.7976,36235000.0
1269,2021-12-24,2.7976,2.8637,2.7976,2.8354,25286000.0
1270,2021-12-28,2.8921,2.9015,2.7976,2.7976,31599000.0
1271,2021-12-29,2.7976,2.7976,2.7125,2.7503,8036000.0
1272,2021-12-30,2.7503,2.7598,2.7125,2.7503,4470000.0
1273,2021-12-31,2.7598,2.8259,2.7409,2.807,6817000.0
1274,2022-01-03,2.807,2.8637,2.7881,2.8637,14646000.0
1275,2022-01-04,2.8448,3.2985,2.8165,3.289,224639555.0
1276,2022-01-05,3.2607,3.4591,3.2607,3.3646,185953473.0
1277,2022-01-06,3.3646,3.3646,3.1851,3.3552,60501000.0
1278,2022-01-07,3.4213,3.4591,3.2229,3.2985,56407539.0
1279,2022-01-10,3.289,3.4875,3.2701,3.4497,75828637.0
1280,2022-01-11,3.4686,3.478,3.1851,3.2134,103999000.0
1281,2022-01-12,3.2418,3.2985,3.1756,3.2134,42463500.0
1282,2022-01-13,3.2134,3.2512,3.0622,3.0905,46640000.0
1283,2022-01-14,3.1,3.1851,3.0905,3.1284,23270000.0
1284,2022-01-17,3.1284,3.1473,3.0433,3.0622,26584000.0
1285,2022-01-18,3.0622,3.1095,3.0055,3.0338,35122000.0
1286,2022-01-19,3.0527,3.0716,2.9299,2.9582,30776000.0
1287,2022-01-20,2.9677,3.1662,2.9677,3.1284,49055300.0
1288,2022-01-21,3.1284,3.1662,3.0433,3.1095,20165700.0
1289,2022-01-24,3.1095,3.2418,3.0338,3.1284,34186000.0
1290,2022-01-25,3.1,3.1473,2.9771,3.0055,32075250.0
1291,2022-01-26,3.0149,3.1,2.996,3.0811,26608000.0
1292,2022-01-27,3.0527,3.0811,2.8826,2.9677,20867000.0
1293,2022-01-28,2.9582,3.1189,2.8921,3.0149,27017000.0
1294,2022-01-31,3.0149,3.0338,2.8921,3.0244,14961000.0
1295,2022-02-04,3.0055,3.1,2.9677,3.1,10768000.0
1296,2022-02-07,3.1095,3.2323,3.0527,3.2134,32888000.0
1297,2022-02-08,3.1945,3.3835,3.1945,3.2701,43305727.0
1298,2022-02-09,3.3079,3.4213,3.2701,3.4024,72865843.0
1299,2022-02-10,3.3835,3.5064,3.3174,3.4686,79693133.0
1300,2022-02-11,3.4213,3.4875,3.3646,3.4308,40185000.0
1301,2022-02-14,3.3741,3.4119,3.2701,3.289,33812000.0
1302,2022-02-15,3.2512,3.3646,3.2512,3.2985,15898000.0
1303,2022-02-16,3.3079,3.3363,3.204,3.2418,27362000.0
1304,2022-02-17,3.2418,3.3268,3.204,3.3079,24935000.0
1305,2022-02-18,3.3174,3.4875,3.2985,3.3552,45672000.0
1306,2022-02-21,3.3741,3.3835,3.3079,3.3174,16535000.0
1307,2022-02-22,3.3174,3.3174,3.1567,3.2512,37924103.0
1308,2022-02-23,3.2512,3.3174,3.2418,3.2701,19455000.0
1309,2022-02-24,3.2512,3.3363,3.1473,3.1756,32318140.0
1310,2022-02-25,3.2229,3.2701,3.1756,3.2418,14251550.0
1311,2022-02-28,3.2701,3.2701,3.0811,3.2134,33382920.0
1312,2022-03-01,3.2134,3.4497,3.2134,3.4119,69990000.0
1313,2022-03-02,3.3741,3.4402,3.3174,3.3363,25169000.0
1314,2022-03-03,3.3363,3.4119,3.3079,3.3079,19833000.0
1315,2022-03-04,3.2796,3.3741,3.2512,3.2796,24564000.0
1316,2022-03-07,3.2607,3.2796,3.1473,3.1945,30434350.0
1317,2022-03-08,3.1756,3.2323,3.0433,3.0527,42447000.0
1318,2022-03-09,3.0527,3.1284,2.9488,3.1095,46864256.0
1319,2022-03-10,3.1851,3.1945,3.0433,3.0811,19879884.0
1320,2022-03-11,3.0338,3.1378,2.9488,3.1,41850884.0
1321,2022-03-14,3.0716,3.0716,2.6652,2.6841,76535086.0
1322,2022-03-15,2.6936,2.703,2.4479,2.4857,100327000.0
1323,2022-03-16,2.618,2.722,2.4668,2.6841,67350000.0
1324,2022-03-17,2.8165,2.8826,2.6936,2.8637,59630000.0
1325,2022-03-18,2.8165,3.2134,2.7881,3.1567,80257000.0
1326,2022-03-21,3.1473,3.204,3.0622,3.0905,33401147.0
1327,2022-03-22,3.0905,3.2701,3.0905,3.1945,45035000.0
1328,2022-03-23,3.204,3.289,3.1473,3.1756,37642641.0
1329,2022-03-24,3.1378,3.204,3.1,3.1567,29332000.0
1330,2022-03-25,3.1473,3.2796,3.0716,3.1,40676369.0
1331,2022-03-28,3.1,3.2134,3.0149,3.1189,26719000.0
1332,2022-03-29,3.1284,3.3741,3.0905,3.3552,85312640.0
1333,2022-03-30,3.3552,3.4213,3.289,3.3457,41392000.0
1334,2022-03-31,3.3363,3.3646,3.204,3.2985,19938000.0
1335,2022-04-01,3.2796,3.4119,3.2796,3.393,20574550.0
1336,2022-04-04,3.4213,3.6198,3.3835,3.5442,44472000.0
1337,2022-04-06,3.4591,3.5348,3.4497,3.4875,37580826.0
1338,2022-04-07,3.4402,3.4686,3.2607,3.3268,42011616.0
1339,2022-04-08,3.3174,3.3174,3.1189,3.2323,33687000.0
1340,2022-04-11,3.2418,3.2796,3.1567,3.2134,25758886.0
1341,2022-04-12,3.1945,3.2607,3.1,3.1567,29062894.0
1342,2022-04-13,3.1756,3.2229,3.1189,3.204,12717000.0
1343,2022-04-14,3.2134,3.3552,3.1945,3.3268,20858000.0
1344,2022-04-19,3.4119,3.5064,3.2985,3.3457,82403000.0
1345,2022-04-20,3.3552,3.4024,3.2512,3.2796,47241000.0
1346,2022-04-21,3.2796,3.3174,3.1378,3.2418,41083000.0
1347,2022-04-22,3.1945,3.2701,3.0905,3.2512,35980685.0
1348,2022-04-25,3.1851,3.2418,3.0244,3.0433,43940000.0
1349,2022-04-26,3.0905,3.1945,3.0433,3.0811,24963347.0
1350,2022-04-27,3.0433,3.1756,3.0244,3.1378,28778099.0
1351,2022-04-28,3.1189,3.204,3.1,3.1473,8116108.0
1352,2022-04-29,3.1189,3.2229,3.0338,3.0527,35186000.0
1353,2022-05-03,3.1095,3.1284,3.0244,3.0527,12072000.0
1354,2022-05-04,3.0338,3.0905,3.0055,3.0338,9535000.0
1355,2022-05-05,3.0811,3.1095,3.0244,3.0433,19758120.0
1356,2022-05-06,2.996,3.0055,2.9015,2.9299,21945000.0
1357,2022-05-10,2.8732,3.0149,2.8354,2.9677,31112970.0
1358,2022-05-11,3.0055,3.0244,2.9015,2.9204,23192404.0
1359,2022-05-12,2.9204,2.9582,2.8354,2.8826,23224053.0
1360,2022-05-13,2.8826,2.9299,2.8543,2.8921,16465358.0
1361,2022-05-16,2.911,3.0244,2.8921,3.0244,24840000.0
1362,2022-05-17,3.0244,3.0622,2.9582,3.0244,30465249.0
1363,2022-05-18,3.0055,3.0905,2.9866,3.0622,14742999.0
1364,2022-05-19,2.9771,3.0244,2.9488,2.9866,22830000.0
1365,2022-05-20,2.996,3.0527,2.9771,3.0338,14245250.0
1366,2022-05-23,3.0338,3.1756,3.0338,3.1,26604000.0
1367,2022-05-24,3.0905,3.1189,3.0338,3.0527,12641151.0
1368,2022-05-25,3.0433,3.1284,3.0244,3.1095,18345000.0
1369,2022-05-26,3.1095,3.1189,3.0622,3.1,13736000.0
1370,2022-05-27,3.15,3.2,3.04,3.08,20083000.0
1371,2022-05-30,3.1,3.17,3.02,3.05,39398000.0
1372,2022-05-31,3.09,3.24,3.07,3.21,63740239.0
1373,2022-06-01,3.2,3.24,3.05,3.07,48871000.0
1374,2022-06-02,3.1,3.12,3.04,3.04,31261527.0
1375,2022-06-06,3.08,3.08,2.91,2.97,54956201.0
1376,2022-06-07,2.98,3.04,2.94,3.02,25641000.0
1377,2022-06-08,3.02,3.1,3.01,3.06,25278437.0
1378,2022-06-09,3.06,3.2,3.05,3.15,36052067.0
1379,2022-06-10,3.15,3.15,3.07,3.11,21687067.0
1380,2022-06-13,3.07,3.32,3.04,3.22,52288000.0
1381,2022-06-14,3.27,3.32,3.18,3.25,38413544.0
1382,2022-06-15,3.29,3.32,3.21,3.22,32206544.0
1383,2022-06-16,3.27,3.48,3.23,3.43,85472839.0
1384,2022-06-17,3.39,3.51,3.36,3.47,40647000.0
1385,2022-06-20,3.51,3.58,3.45,3.49,31152000.0
1386,2022-06-21,3.54,3.56,3.37,3.55,31953000.0
1387,2022-06-22,3.56,3.78,3.53,3.72,93224136.0
1388,2022-06-23,3.72,3.91,3.7,3.88,64670348.0
1389,2022-06-24,3.9,3.91,3.68,3.69,67155000.0
1390,2022-06-27,3.79,3.99,3.75,3.93,50724500.0
1391,2022-06-28,3.94,3.98,3.83,3.95,35383000.0
1392,2022-06-29,3.94,4.03,3.77,3.81,52032535.0
1393,2022-06-30,3.83,3.85,3.75,3.8,24373000.0
1394,2022-07-04,3.85,4.11,3.81,4.04,93252311.0
1395,2022-07-05,4.06,4.06,3.89,4.02,48862257.0
1396,2022-07-06,3.97,4.05,3.75,3.8,56637465.0
1397,2022-07-07,3.81,3.95,3.77,3.85,28886037.0
1398,2022-07-08,3.86,3.94,3.78,3.81,19491000.0
1399,2022-07-11,3.83,3.96,3.78,3.89,28352000.0
1400,2022-07-12,3.89,3.9,3.68,3.72,31657850.0
1401,2022-07-13,3.68,3.82,3.68,3.79,24755000.0
1402,2022-07-14,3.79,3.82,3.74,3.78,13862000.0
1403,2022-07-15,3.76,3.79,3.56,3.6,38017376.0
1404,2022-07-18,3.62,3.69,3.6,3.69,15283000.0
1405,2022-07-19,3.71,3.72,3.63,3.68,9049843.0
1406,2022-07-20,3.73,3.77,3.52,3.54,31441693.0
1407,2022-07-21,3.55,3.59,3.47,3.5,20671304.0
1408,2022-07-22,3.5,3.54,3.44,3.47,20994141.0
1409,2022-07-25,3.47,3.48,3.35,3.39,18219862.0
1410,2022-07-26,3.39,3.47,3.39,3.42,12964051.0
1411,2022-07-27,3.4,3.42,3.33,3.4,18153000.0
1412,2022-07-28,3.4,3.51,3.37,3.42,15065000.0
1413,2022-07-29,3.41,3.5,3.37,3.4,37141849.0
1414,2022-08-01,3.41,3.43,3.33,3.34,17225000.0
1415,2022-08-02,3.31,3.33,3.22,3.26,18016409.0
1416,2022-08-03,3.3,3.32,3.15,3.18,19263622.0
1417,2022-08-04,3.2,3.27,3.2,3.26,12149451.0
1418,2022-08-05,3.15,3.23,2.98,3.1,82327000.0
1419,2022-08-08,3.08,3.15,3.03,3.03,23049000.0
1420,2022-08-09,3.03,3.06,2.99,3.02,21127000.0
1421,2022-08-10,3.02,3.04,2.97,3.0,18341000.0
1422,2022-08-11,3.01,3.04,2.96,2.98,18436500.0
1423,2022-08-12,2.99,2.99,2.9,2.91,40813000.0
1424,2022-08-15,2.93,2.96,2.88,2.92,20000000.0
1425,2022-08-16,2.93,3.01,2.89,2.98,23761000.0
1426,2022-08-17,3.0,3.08,2.98,3.06,28766000.0
1427,2022-08-18,3.07,3.07,2.97,2.98,20119660.0
1428,2022-08-19,2.96,3.2,2.93,3.15,43573156.0
1429,2022-08-22,3.15,3.29,3.14,3.23,34007000.0
1430,2022-08-23,3.22,3.26,3.16,3.21,27134000.0
1431,2022-08-24,3.18,3.23,3.1,3.16,27684000.0
1432,2022-08-25,3.22,3.23,3.04,3.09,23815000.0
1433,2022-08-26,3.09,3.15,3.05,3.06,27823000.0
1434,2022-08-29,3.06,3.15,3.02,3.08,57049000.0
1435,2022-08-30,3.09,3.09,2.96,3.03,29057000.0
1436,2022-08-31,2.99,3.05,2.96,3.01,21474000.0
1437,2022-09-01,3.01,3.01,2.92,2.92,26023000.0
1438,2022-09-02,2.94,2.96,2.86,2.92,22716950.0
1439,2022-09-05,2.93,2.93,2.83,2.84,22905000.0
1440,2022-09-06,2.84,2.85,2.72,2.72,66961000.0
1441,2022-09-07,2.69,2.74,2.64,2.69,49250100.0
1442,2022-09-08,2.7,2.74,2.61,2.62,30312381.0
1443,2022-09-09,2.63,2.64,2.58,2.59,41180000.0
1444,2022-09-13,2.61,2.74,2.59,2.71,33626525.0
1445,2022-09-14,2.65,2.7,2.64,2.65,19820228.0
1446,2022-09-15,2.65,2.7,2.56,2.58,32163960.0
1447,2022-09-16,2.58,2.61,2.51,2.53,23575000.0
1448,2022-09-19,2.54,2.58,2.5,2.51,14440451.0
1449,2022-09-20,2.54,2.56,2.5,2.51,14192000.0
1450,2022-09-21,2.52,2.53,2.41,2.41,28951284.0
1451,2022-09-22,2.4,2.42,2.35,2.39,23949488.0
1452,2022-09-23,2.39,2.41,2.31,2.32,24473000.0
1453,2022-09-26,2.3,2.35,2.25,2.29,37155327.0
1454,2022-09-27,2.29,2.34,2.23,2.32,43114000.0
1455,2022-09-28,2.33,2.33,2.19,2.2,34086064.0
1456,2022-09-29,2.24,2.25,2.09,2.11,23514000.0
1457,2022-09-30,2.11,2.14,2.08,2.11,13138000.0
1458,2022-10-03,2.11,2.14,2.05,2.1,9573700.0
1459,2022-10-05,2.18,2.2,2.13,2.14,16546845.0
1460,2022-10-06,2.15,2.16,2.03,2.04,19991362.0
1461,2022-10-07,2.02,2.09,2.0,2.06,18246874.0
1462,2022-10-10,2.1,2.25,2.1,2.12,67994000.0
1463,2022-10-11,2.07,2.1,2.0,2.07,33658000.0
1464,2022-10-12,2.07,2.15,2.02,2.08,39886500.0
1465,2022-10-13,2.1,2.11,2.02,2.02,31853000.0
1466,2022-10-14,2.05,2.07,2.02,2.03,30072250.0
1467,2022-10-17,2.02,2.03,1.93,1.96,46847000.0
1468,2022-10-18,1.99,2.15,1.99,2.15,52217125.0
1469,2022-10-19,2.16,2.17,2.03,2.03,43599000.0
1470,2022-10-20,2.01,2.02,1.93,1.95,54022000.0
1471,2022-10-21,1.95,2.01,1.93,1.98,37163400.0
1472,2022-10-24,1.99,1.99,1.82,1.85,66658400.0
1473,2022-10-25,1.85,1.87,1.78,1.83,39302500.0
1474,2022-10-26,1.82,1.91,1.81,1.86,49803000.0
1475,2022-10-27,1.9,1.95,1.85,1.86,54346000.0
1476,2022-10-28,1.87,1.88,1.71,1.72,60236000.0
1477,2022-10-31,1.71,1.72,1.63,1.65,38364848.0
1478,2022-11-01,1.65,1.78,1.65,1.77,33548848.0
1479,2022-11-02,1.79,1.81,1.75,1.81,21016925.0
1480,2022-11-03,1.79,1.86,1.74,1.81,25051000.0
1481,2022-11-04,1.81,1.94,1.79,1.93,38542000.0
1482,2022-11-07,1.94,2.07,1.89,2.03,37608030.0
1483,2022-11-08,2.03,2.08,1.98,2.01,34408000.0
1484,2022-11-09,2.02,2.15,2.02,2.09,44890000.0
1485,2022-11-10,2.09,2.09,2.01,2.05,27847000.0
1486,2022-11-11,2.14,2.17,2.05,2.1,48933000.0
1487,2022-11-14,2.14,2.27,2.14,2.21,50110000.0
1488,2022-11-15,2.23,2.27,2.19,2.24,50319091.0
1489,2022-11-16,2.24,2.25,2.14,2.18,33260164.0
1490,2022-11-17,2.18,2.18,2.1,2.16,19908955.0
1491,2022-11-18,2.16,2.2,2.14,2.15,17485747.0
1492,2022-11-21,2.12,2.12,2.04,2.07,18653047.0
1493,2022-11-22,2.07,2.08,2.03,2.07,21161000.0
1494,2022-11-23,2.07,2.09,2.02,2.04,16443000.0
1495,2022-11-24,2.06,2.12,2.06,2.09,9532000.0
1496,2022-11-25,2.1,2.1,2.05,2.07,11354000.0
1497,2022-11-28,2.06,2.09,1.98,2.08,17132000.0
1498,2022-11-29,2.06,2.17,2.06,2.15,24026000.0
1499,2022-11-30,2.16,2.28,2.13,2.28,34444000.0
1500,2022-12-01,2.32,2.34,2.23,2.23,31952000.0
1501,2022-12-02,2.23,2.26,2.16,2.2,23501583.0
1502,2022-12-05,2.25,2.31,2.22,2.27,25423966.0
1503,2022-12-06,2.27,2.34,2.26,2.3,28618000.0
1504,2022-12-07,2.3,2.36,2.2,2.2,30376000.0
1505,2022-12-08,2.21,2.29,2.21,2.28,19000000.0
1506,2022-12-09,2.29,2.29,2.2,2.22,39784000.0
1507,2022-12-12,2.2,2.2,2.1,2.12,42446000.0
1508,2022-12-13,2.12,2.16,2.09,2.15,25358000.0
1509,2022-12-14,2.15,2.15,2.09,2.14,27687000.0
1510,2022-12-15,2.14,2.15,2.09,2.11,19246819.0
1511,2022-12-16,2.09,2.12,2.07,2.12,18080619.0
1512,2022-12-19,2.12,2.13,2.05,2.05,21891348.0
1513,2022-12-20,2.05,2.06,1.99,2.0,23567000.0
1514,2022-12-21,2.0,2.05,1.99,2.05,12701000.0
1515,2022-12-22,2.06,2.18,2.06,2.15,26802000.0
1516,2022-12-23,2.14,2.17,2.11,2.15,12154000.0
1517,2022-12-28,2.16,2.25,2.16,2.2,20057000.0
1518,2022-12-29,2.19,2.2,2.15,2.17,12863000.0
1519,2022-12-30,2.17,2.27,2.17,2.23,20756000.0
1520,2023-01-03,2.24,2.28,2.2,2.25,18580000.0
1521,2023-01-04,2.27,2.28,2.23,2.27,21158000.0
1522,2023-01-05,2.27,2.39,2.27,2.38,42109000.0
1523,2023-01-06,2.38,2.38,2.29,2.31,27273000.0
1524,2023-01-09,2.25,2.42,2.25,2.41,41138000.0
1525,2023-01-10,2.38,2.42,2.36,2.39,23346744.0
1526,2023-01-11,2.41,2.42,2.32,2.34,25320000.0
1527,2023-01-12,2.46,2.64,2.42,2.53,97178000.0
1528,2023-01-13,2.52,2.55,2.42,2.53,42498997.0
1529,2023-01-16,2.57,2.71,2.55,2.65,41774000.0
1530,2023-01-17,2.68,2.68,2.57,2.64,18692440.0
1531,2023-01-18,2.64,2.64,2.55,2.59,21170000.0
1532,2023-01-19,2.55,2.57,2.5,2.52,10325000.0
1533,2023-01-20,2.52,2.63,2.51,2.59,10276000.0
1534,2023-01-26,2.63,2.63,2.56,2.59,6726000.0
1535,2023-01-27,2.58,2.66,2.55,2.66,8928000.0
1536,2023-01-30,2.64,2.65,2.51,2.52,22256000.0
1537,2023-01-31,2.52,2.65,2.5,2.54,39548000.0
1538,2023-02-01,2.54,2.57,2.51,2.56,11024000.0
1539,2023-02-02,2.58,2.62,2.54,2.57,12356000.0
1540,2023-02-03,2.55,2.59,2.45,2.46,16813000.0
1541,2023-02-06,2.44,2.49,2.38,2.44,23012000.0
1542,2023-02-07,2.45,2.49,2.42,2.44,9046000.0
1543,2023-02-08,2.43,2.48,2.4,2.43,18133000.0
1544,2023-02-09,2.43,2.47,2.4,2.45,8938000.0
1545,2023-02-10,2.45,2.49,2.41,2.43,11589000.0
1546,2023-02-13,2.43,2.44,2.36,2.43,16578583.0
1547,2023-02-14,2.45,2.48,2.41,2.43,10834000.0
1548,2023-02-15,2.43,2.43,2.36,2.36,10459000.0
1549,2023-02-16,2.38,2.46,2.36,2.41,16088000.0
1550,2023-02-17,2.41,2.47,2.4,2.42,10450000.0
1551,2023-02-20,2.44,2.46,2.4,2.44,7744000.0
1552,2023-02-21,2.44,2.45,2.37,2.38,17772000.0
1553,2023-02-22,2.38,2.44,2.38,2.42,11527000.0
1554,2023-02-23,2.42,2.44,2.36,2.38,17755000.0
1555,2023-02-24,2.38,2.38,2.32,2.34,18293000.0
1556,2023-02-27,2.33,2.33,2.28,2.29,11574000.0
1557,2023-02-28,2.31,2.32,2.28,2.29,10526000.0
1558,2023-03-01,2.29,2.4,2.29,2.39,13126000.0
1559,2023-03-02,2.39,2.4,2.36,2.39,8348000.0
1560,2023-03-03,2.4,2.41,2.39,2.4,8789000.0
1561,2023-03-06,2.4,2.44,2.38,2.4,13701000.0
1562,2023-03-07,2.41,2.43,2.37,2.39,18813000.0
1563,2023-03-08,2.37,2.37,2.32,2.32,12070000.0
1564,2023-03-09,2.32,2.33,2.24,2.25,20513000.0
1565,2023-03-10,2.24,2.24,2.13,2.16,40200000.0
1566,2023-03-13,2.16,2.21,2.12,2.21,21365000.0
1567,2023-03-14,2.2,2.34,2.17,2.25,36089000.0
1568,2023-03-15,2.31,2.31,2.23,2.25,16060000.0
1569,2023-03-16,2.24,2.24,2.16,2.16,21586798.0
1570,2023-03-17,2.17,2.23,2.17,2.23,20311418.0
1571,2023-03-20,2.22,2.22,2.13,2.15,12380000.0
1572,2023-03-21,2.18,2.21,2.14,2.2,9945000.0
1573,2023-03-22,2.21,2.23,2.17,2.18,14669000.0
1574,2023-03-23,2.18,2.24,2.17,2.22,17523000.0
1575,2023-03-24,2.23,2.24,2.17,2.18,18884000.0
1576,2023-03-27,2.19,2.19,2.13,2.16,28718000.0
1577,2023-03-28,2.16,2.18,2.13,2.14,25449000.0
1578,2023-03-29,2.14,2.16,2.0,2.04,50250800.0
1579,2023-03-30,2.04,2.07,2.02,2.05,22923000.0
1580,2023-03-31,2.06,2.2,2.06,2.07,48044000.0
1581,2023-04-03,2.09,2.23,2.09,2.15,44352000.0
1582,2023-04-04,2.17,2.22,2.12,2.18,31009146.0
1583,2023-04-06,2.19,2.22,2.13,2.15,21536225.0
1584,2023-04-11,2.16,2.18,2.13,2.14,19820000.0
1585,2023-04-12,2.15,2.15,2.04,2.06,50000000.0
1586,2023-04-13,2.05,2.08,2.01,2.07,16729000.0
1587,2023-04-14,2.08,2.09,2.06,2.08,19360000.0
1588,2023-04-17,2.09,2.12,2.06,2.11,24559000.0
1589,2023-04-18,2.11,2.12,2.08,2.09,10755574.0
1590,2023-04-19,2.09,2.09,2.04,2.05,16894002.0
1591,2023-04-20,2.05,2.05,2.02,2.04,21839000.0
1592,2023-04-21,2.04,2.05,2.0,2.01,23501000.0
1593,2023-04-24,2.03,2.03,1.97,2.0,16543000.0
1594,2023-04-25,2.0,2.0,1.93,1.94,26170000.0
1595,2023-04-26,1.93,1.97,1.93,1.96,10881000.0
1596,2023-04-27,1.97,1.97,1.94,1.96,10710000.0
1597,2023-04-28,1.97,2.03,1.96,2.02,14243000.0
1598,2023-05-02,2.03,2.03,1.94,1.95,8184000.0
1599,2023-05-03,1.95,2.01,1.91,1.99,11790538.0
1600,2023-05-04,1.99,2.01,1.98,1.98,11786100.0
1601,2023-05-05,1.98,2.05,1.97,2.03,13343000.0
1602,2023-05-08,2.03,2.05,2.02,2.04,10456810.0
1603,2023-05-09,2.04,2.1,2.02,2.05,23667000.0
1604,2023-05-10,2.06,2.06,2.02,2.06,8520090.0
1605,2023-05-11,2.06,2.07,2.0,2.01,11036000.0
1606,2023-05-12,2.0,2.02,1.97,1.98,10300000.0
1607,2023-05-15,2.0,2.01,1.97,1.99,8791000.0
1608,2023-05-16,1.99,2.02,1.99,2.0,7235000.0
1609,2023-05-17,2.01,2.07,1.99,2.0,24595000.0
1610,2023-05-18,2.01,2.02,1.96,1.98,20397000.0
1611,2023-05-19,1.97,1.99,1.94,1.95,14997603.0
1612,2023-05-22,1.95,1.98,1.94,1.98,12956000.0
1613,2023-05-23,1.97,1.98,1.94,1.95,13216000.0
1614,2023-05-24,1.95,1.95,1.92,1.92,14418000.0
1615,2023-05-25,1.92,1.92,1.85,1.89,26957000.0
1616,2023-05-29,1.9,1.9,1.83,1.84,21708000.0
1617,2023-05-30,1.84,1.86,1.81,1.86,11766000.0
1618,2023-05-31,1.86,1.86,1.79,1.83,25550000.0
1619,2023-06-01,1.83,1.86,1.81,1.84,12788000.0
1620,2023-06-02,1.84,1.88,1.84,1.87,13646000.0
1621,2023-06-05,1.87,1.89,1.84,1.87,11021000.0
1622,2023-06-06,1.87,1.88,1.83,1.85,7915000.0
1623,2023-06-07,1.85,1.88,1.83,1.86,8399000.0
1624,2023-06-08,1.85,1.88,1.82,1.87,21644000.0
1625,2023-06-09,1.88,1.88,1.85,1.87,8584000.0
1626,2023-06-12,1.87,1.91,1.85,1.89,19638000.0
1627,2023-06-13,1.9,1.94,1.88,1.9,13212000.0
1628,2023-06-14,1.91,1.93,1.88,1.9,10533000.0
1629,2023-06-15,1.92,1.93,1.89,1.92,16876000.0
1630,2023-06-16,1.94,2.01,1.93,1.98,35977000.0
1631,2023-06-19,1.98,1.99,1.92,1.94,16554000.0
1632,2023-06-20,1.94,1.94,1.88,1.89,14011000.0
1633,2023-06-21,1.88,1.88,1.84,1.86,20517000.0
1634,2023-06-23,1.86,1.86,1.81,1.85,6362000.0
1635,2023-06-26,1.86,1.87,1.83,1.86,10382000.0
1636,2023-06-27,1.85,1.87,1.83,1.86,7497000.0
1637,2023-06-28,1.86,1.86,1.82,1.84,10703000.0
1638,2023-06-29,1.83,1.87,1.82,1.85,10079000.0
1639,2023-06-30,1.86,1.9,1.84,1.88,7343000.0
1640,2023-07-03,1.89,1.96,1.87,1.92,26452000.0
1641,2023-07-04,1.9,1.99,1.9,1.94,15730551.0
1642,2023-07-05,1.94,1.97,1.92,1.93,6265000.0
1643,2023-07-06,1.93,1.93,1.88,1.9,15245000.0
1644,2023-07-07,1.9,1.92,1.86,1.89,11273000.0
1645,2023-07-10,1.89,1.92,1.89,1.9,9454000.0
1646,2023-07-11,1.9,1.92,1.88,1.9,7140000.0
1647,2023-07-12,1.9,1.94,1.9,1.92,5946000.0
1648,2023-07-13,1.93,1.96,1.93,1.95,10625000.0
1649,2023-07-14,1.95,1.96,1.92,1.93,5699000.0
1650,2023-07-18,1.92,1.95,1.9,1.93,15322000.0
1651,2023-07-19,1.92,1.92,1.88,1.92,12925000.0
1652,2023-07-20,1.93,1.94,1.88,1.89,16820000.0
1653,2023-07-21,1.9,1.93,1.88,1.91,15465000.0
1654,2023-07-24,1.91,1.93,1.89,1.91,10257000.0
1655,2023-07-25,1.93,1.96,1.92,1.94,14304000.0
1656,2023-07-26,1.94,1.98,1.94,1.98,16908000.0
1657,2023-07-27,1.98,2.07,1.98,2.05,29721000.0
1658,2023-07-28,2.05,2.07,2.03,2.06,14448000.0
1659,2023-07-31,2.08,2.17,2.08,2.16,44062000.0
1660,2023-08-01,2.16,2.17,2.1,2.11,15422000.0
1661,2023-08-02,2.11,2.14,2.05,2.06,16216000.0
1662,2023-08-03,2.05,2.09,2.03,2.07,11216000.0
1663,2023-08-04,2.08,2.11,2.06,2.06,12512000.0
1664,2023-08-07,2.07,2.08,2.01,2.02,17808000.0
1665,2023-08-08,2.02,2.04,1.99,2.03,11892000.0
1666,2023-08-09,2.01,2.03,1.98,2.02,15653000.0
1667,2023-08-10,2.02,2.02,1.99,2.01,13046000.0
1668,2023-08-11,2.01,2.01,1.96,1.96,10165000.0
1669,2023-08-14,1.95,1.95,1.9,1.92,13479000.0
1670,2023-08-15,1.92,1.93,1.9,1.91,6599000.0
1671,2023-08-16,1.9,1.93,1.89,1.9,9529000.0
1672,2023-08-17,1.89,1.9,1.86,1.9,8927000.0
1673,2023-08-18,1.9,1.91,1.85,1.87,12994000.0
1674,2023-08-21,1.88,1.88,1.82,1.82,16652000.0
1675,2023-08-22,1.83,1.85,1.8,1.83,15479000.0
1676,2023-08-23,1.83,1.85,1.81,1.82,7053000.0
1677,2023-08-24,1.84,1.87,1.83,1.86,10081202.0
1678,2023-08-25,1.85,1.92,1.84,1.89,12300202.0
1679,2023-08-28,1.92,1.94,1.86,1.88,15026000.0
1680,2023-08-29,1.87,1.88,1.84,1.86,29590000.0
1681,2023-08-30,1.86,1.87,1.81,1.81,24002000.0
1682,2023-08-31,1.81,1.86,1.81,1.82,13695000.0
1683,2023-09-04,1.84,1.86,1.82,1.85,23958426.0
1684,2023-09-05,1.85,1.86,1.83,1.84,13050590.0
1685,2023-09-06,1.84,1.84,1.81,1.83,18678970.0
1686,2023-09-07,1.84,1.84,1.8,1.81,11306000.0
1687,2023-09-11,1.81,1.83,1.78,1.83,14915000.0
1688,2023-09-12,1.83,1.86,1.81,1.84,8714600.0
1689,2023-09-13,1.84,1.85,1.8,1.81,10760000.0
1690,2023-09-14,1.81,1.82,1.8,1.81,8950999.0
1691,2023-09-15,1.81,1.83,1.8,1.82,7523199.0
1692,2023-09-18,1.81,1.81,1.79,1.79,8221000.0
1693,2023-09-19,1.79,1.81,1.78,1.8,6733000.0
1694,2023-09-20,1.8,1.8,1.78,1.78,7167000.0
1695,2023-09-21,1.79,1.79,1.75,1.76,11354000.0
1696,2023-09-22,1.75,1.78,1.74,1.77,8669000.0
1697,2023-09-25,1.77,1.77,1.72,1.73,13605000.0
1698,2023-09-26,1.74,1.74,1.71,1.71,9015000.0
1699,2023-09-27,1.71,1.72,1.7,1.71,9772000.0
1700,2023-09-28,1.71,1.71,1.66,1.68,25287000.0
1701,2023-09-29,1.68,1.73,1.68,1.73,1650000.0
1702,2023-10-03,1.72,1.72,1.67,1.67,2285000.0
1703,2023-10-04,1.67,1.67,1.65,1.67,2129768.0
1704,2023-10-05,1.67,1.68,1.66,1.68,843000.0
1705,2023-10-06,1.67,1.73,1.67,1.71,2271000.0
1706,2023-10-09,1.7,1.71,1.64,1.69,7313000.0
1707,2023-10-10,1.69,1.74,1.69,1.72,7777000.0
1708,2023-10-11,1.72,1.75,1.72,1.73,8362422.0
1709,2023-10-12,1.74,1.75,1.73,1.74,8316422.0
1710,2023-10-13,1.72,1.73,1.7,1.71,4518000.0
1711,2023-10-16,1.71,1.71,1.68,1.68,3657000.0
1712,2023-10-17,1.69,1.71,1.67,1.7,10885000.0
1713,2023-10-18,1.69,1.7,1.68,1.68,5186000.0
1714,2023-10-19,1.66,1.69,1.65,1.67,10240000.0
1715,2023-10-20,1.66,1.7,1.65,1.68,7249136.0
1716,2023-10-24,1.67,1.69,1.66,1.68,7700000.0
1717,2023-10-25,1.69,1.74,1.68,1.73,14336000.0
1718,2023-10-26,1.73,1.77,1.73,1.75,10891000.0
1719,2023-10-27,1.76,1.8,1.74,1.8,14830000.0
1720,2023-10-30,1.79,1.86,1.79,1.85,14864000.0
1721,2023-10-31,1.84,1.86,1.8,1.82,10478000.0
1722,2023-11-01,1.82,1.83,1.79,1.81,4217426.0
1723,2023-11-02,1.83,1.83,1.78,1.79,7276000.0
1724,2023-11-03,1.8,1.83,1.77,1.83,11296000.0
1725,2023-11-06,1.84,1.89,1.83,1.84,10364000.0
1726,2023-11-07,1.84,1.84,1.82,1.84,5832000.0
1727,2023-11-08,1.83,1.83,1.79,1.8,5068000.0
1728,2023-11-09,1.8,1.81,1.77,1.78,4105000.0
1729,2023-11-10,1.78,1.78,1.74,1.76,5106000.0
1730,2023-11-13,1.77,1.79,1.74,1.79,4729000.0
1731,2023-11-14,1.79,1.8,1.78,1.79,1496000.0
1732,2023-11-15,1.8,1.83,1.8,1.81,7631000.0
1733,2023-11-16,1.83,1.83,1.79,1.81,4505000.0
1734,2023-11-17,1.8,1.81,1.76,1.79,6433000.0
1735,2023-11-20,1.79,1.9,1.78,1.89,21397000.0
1736,2023-11-21,1.9,1.93,1.86,1.87,12719000.0
1737,2023-11-22,1.85,1.92,1.85,1.9,9617000.0
1738,2023-11-23,1.9,1.92,1.87,1.92,7649000.0
1739,2023-11-24,1.92,1.94,1.89,1.89,6132000.0
1740,2023-11-27,1.89,1.91,1.87,1.89,6653000.0
1741,2023-11-28,1.89,1.9,1.87,1.89,7786000.0
1742,2023-11-29,1.89,1.89,1.83,1.84,9553000.0
1743,2023-11-30,1.84,1.88,1.83,1.88,10601359.0
1744,2023-12-01,1.87,1.88,1.83,1.83,4154000.0
1745,2023-12-04,1.84,1.89,1.83,1.88,15848000.0
1746,2023-12-05,1.87,1.91,1.82,1.84,16611000.0
1747,2023-12-06,1.85,1.94,1.82,1.92,25601426.0
1748,2023-12-07,1.9,1.92,1.87,1.9,13142452.0
1749,2023-12-08,1.91,1.92,1.88,1.9,13420000.0
1750,2023-12-11,1.9,1.9,1.81,1.87,21910000.0
1751,2023-12-12,1.88,1.88,1.79,1.82,17267661.0
1752,2023-12-13,1.82,1.85,1.72,1.72,21977661.0
1753,2023-12-14,1.73,1.77,1.72,1.75,7187000.0
1754,2023-12-15,1.75,1.79,1.73,1.75,10418000.0
1755,2023-12-18,1.77,1.79,1.75,1.78,9054000.0
1756,2023-12-19,1.78,1.81,1.75,1.8,8498000.0
1757,2023-12-20,1.81,1.85,1.76,1.76,8868600.0
1758,2023-12-21,1.76,1.81,1.74,1.8,6614000.0
1759,2023-12-22,1.79,1.83,1.78,1.81,11253000.0
1760,2023-12-27,1.81,1.85,1.79,1.83,11914680.0
1761,2023-12-28,1.83,1.84,1.8,1.84,17610000.0
1762,2023-12-29,1.84,1.88,1.83,1.88,9944000.0
1763,2024-01-02,1.87,1.87,1.84,1.85,7081000.0
1764,2024-01-03,1.85,1.86,1.83,1.84,3034000.0
1765,2024-01-04,1.83,1.83,1.78,1.81,10995574.0
1766,2024-01-05,1.8,1.82,1.76,1.78,9748000.0
1767,2024-01-08,1.77,1.78,1.72,1.73,11021000.0
1768,2024-01-09,1.74,1.77,1.73,1.74,9183000.0
1769,2024-01-10,1.77,1.77,1.71,1.72,6481000.0
1770,2024-01-11,1.72,1.77,1.72,1.75,6402000.0
1771,2024-01-12,1.73,1.78,1.71,1.77,6028000.0
1772,2024-01-15,1.75,1.77,1.74,1.77,5729000.0
1773,2024-01-16,1.75,1.77,1.71,1.73,5445000.0
1774,2024-01-17,1.72,1.72,1.64,1.66,18030000.0
1775,2024-01-18,1.68,1.68,1.58,1.62,18464000.0
1776,2024-01-19,1.62,1.62,1.55,1.59,11069000.0
1777,2024-01-22,1.58,1.58,1.51,1.54,14994000.0
