,date,open,high,low,close,volume
0,2018-11-06,2.759,2.7951,2.6148,2.7139,33489000.0
1,2018-11-07,2.7139,2.9754,2.7049,2.8943,27481000.0
2,2018-11-08,2.9484,3.0025,2.759,2.9123,16182000.0
3,2018-11-09,2.9033,3.2729,2.8852,2.9844,20711000.0
4,2018-11-12,3.0656,3.1648,3.0205,3.1107,8650000.0
5,2018-11-13,3.1197,3.1828,3.0475,3.1467,4278000.0
6,2018-11-14,3.1918,3.1918,3.0656,3.1197,1891000.0
7,2018-11-15,3.0746,3.0836,2.9303,3.0205,6486000.0
8,2018-11-16,3.0205,3.0566,2.9574,2.9754,6635000.0
9,2018-11-19,2.9754,2.9754,2.8492,2.9033,2935000.0
10,2018-11-20,2.8852,2.8852,2.8402,2.8492,370000.0
11,2018-11-21,2.8492,3.0025,2.7049,2.8131,7105000.0
12,2018-11-22,2.8131,2.8852,2.7951,2.8311,1558000.0
13,2018-11-23,2.8582,2.8672,2.777,2.7951,926000.0
14,2018-11-26,2.7951,2.9033,2.7951,2.8582,5399000.0
15,2018-11-27,2.8582,2.8582,2.777,2.8221,2799000.0
16,2018-11-28,2.8131,2.9213,2.8131,2.8943,1940000.0
17,2018-11-29,2.9123,2.9484,2.8582,2.8582,1766000.0
18,2018-11-30,2.8672,3.0475,2.8672,2.9303,10943000.0
19,2018-12-03,2.9213,3.1197,2.9213,3.0295,7814000.0
20,2018-12-04,3.1016,3.1828,3.0836,3.1648,17379000.0
21,2018-12-05,3.0926,3.309,3.0926,3.1738,14887000.0
22,2018-12-06,3.1557,3.1557,3.0205,3.0656,1337000.0
23,2018-12-07,3.1016,3.1287,3.0475,3.1197,1095000.0
24,2018-12-10,3.1197,3.1197,3.0025,3.0205,8091000.0
25,2018-12-11,3.0656,3.1016,3.0115,3.0746,3596000.0
26,2018-12-12,3.0836,3.1557,3.0385,3.0475,3006000.0
27,2018-12-13,3.1197,3.1377,3.0025,3.0746,6218000.0
28,2018-12-14,3.0926,3.0926,3.0385,3.0475,5444000.0
29,2018-12-17,3.1016,3.1287,3.0566,3.0746,1993000.0
30,2018-12-18,3.0566,3.0656,2.9664,3.0295,1929000.0
31,2018-12-19,3.0115,3.1738,3.0115,3.0656,1979000.0
32,2018-12-20,3.0566,3.0836,3.0025,3.0205,1953000.0
33,2018-12-21,2.9934,3.0656,2.9934,3.0205,1076000.0
34,2018-12-24,2.9934,3.0475,2.9934,3.0295,425000.0
35,2018-12-27,3.0205,3.1107,3.0205,3.0656,791000.0
36,2018-12-28,3.0746,3.3361,3.0115,3.309,1637000.0
37,2018-12-31,3.3811,3.5254,3.309,3.4713,2376000.0
38,2019-01-02,3.4893,3.4893,3.2639,3.327,1992000.0
39,2019-01-03,3.3451,3.6336,3.3451,3.4803,1321000.0
40,2019-01-04,3.6066,3.6066,3.309,3.3631,3379000.0
41,2019-01-07,3.4082,3.4443,3.3451,3.3811,1762000.0
42,2019-01-08,3.3811,3.3992,3.3361,3.3811,1745000.0
43,2019-01-09,3.3811,3.4893,3.3361,3.3811,3966000.0
44,2019-01-10,3.3811,3.3811,3.3361,3.3631,2210000.0
45,2019-01-11,3.3541,3.6967,3.3541,3.6697,5246000.0
46,2019-01-14,3.6697,3.9402,3.6066,3.9221,1661000.0
47,2019-01-15,3.9041,4.1836,3.8139,3.9131,2073000.0
48,2019-01-16,3.8951,3.9582,3.85,3.859,625000.0
49,2019-01-17,3.877,4.0754,3.7057,3.8049,1819000.0
50,2019-01-18,3.841,3.877,3.7598,3.8049,1428000.0
51,2019-01-21,3.85,4.0033,3.85,3.9041,581000.0
52,2019-01-22,3.8861,3.9672,3.8861,3.9311,267000.0
53,2019-01-23,3.9041,3.9582,3.7959,3.9402,947020.0
54,2019-01-24,3.9402,3.9672,3.8951,3.9221,664000.0
55,2019-01-25,3.9311,3.9492,3.8139,3.877,2099000.0
56,2019-01-28,3.9131,4.0574,3.868,3.877,1120000.0
57,2019-01-29,3.877,3.9311,3.859,3.877,934000.0
58,2019-01-30,3.9221,3.9402,3.868,3.9041,820000.0
59,2019-01-31,3.9221,4.0574,3.9041,4.0303,1681000.0
60,2019-02-01,4.0754,4.1295,3.9852,4.0754,4600000.0
61,2019-02-04,4.0754,4.0754,4.0303,4.0484,116000.0
62,2019-02-08,4.0123,4.2738,4.0033,4.2738,1315000.0
63,2019-02-11,4.2287,4.3639,4.1836,4.3279,1154000.0
64,2019-02-12,4.3098,4.4631,4.2467,4.391,1137000.0
65,2019-02-13,4.4361,4.5803,4.4361,4.5443,1968000.0
66,2019-02-14,4.5443,4.7066,4.427,4.6975,1839000.0
67,2019-02-15,4.6975,4.7336,4.5172,4.7066,1896000.0
68,2019-02-18,4.7156,5.0492,4.7066,5.0041,3241000.0
69,2019-02-19,5.1123,5.1844,4.9229,5.0402,1932000.0
70,2019-02-20,5.0492,5.3918,5.0492,5.2025,1662000.0
71,2019-02-21,5.2025,5.491,5.1754,5.3107,2552000.0
72,2019-02-22,5.3107,5.4279,5.1934,5.3377,2150000.0
73,2019-02-25,5.4729,5.5,5.2566,5.3016,2943000.0
74,2019-02-26,5.3016,5.518,5.1664,5.2656,1960000.0
75,2019-02-27,5.2746,5.3287,5.2295,5.3107,683000.0
76,2019-02-28,5.3107,5.6082,5.2385,5.5721,1332000.0
77,2019-03-01,5.6623,5.9688,5.5541,5.9328,737000.0
78,2019-03-04,5.9418,6.3115,5.6893,5.7885,3699000.0
79,2019-03-05,5.7615,5.9598,5.5992,5.8967,2342000.0
80,2019-03-06,5.9057,6.068,5.7615,5.8426,1808000.0
81,2019-03-07,5.8606,5.9508,5.491,5.5902,2709000.0
82,2019-03-08,5.482,5.7344,5.3918,5.4729,2396000.0
83,2019-03-11,5.4549,6.1041,5.4549,5.9508,3522000.0
84,2019-03-12,6.1041,6.3656,5.9508,6.041,2104000.0
85,2019-03-13,6.041,6.041,5.8877,5.9869,1006000.0
86,2019-03-14,6.1402,6.1492,5.8606,5.8877,1079000.0
87,2019-03-15,5.7975,6.4016,5.7975,6.3836,3056000.0
88,2019-03-18,6.5459,6.5459,6.2934,6.3656,2820000.0
89,2019-03-19,6.4467,6.591,6.4467,6.5098,1355000.0
90,2019-03-20,6.4106,6.582,6.3115,6.5369,2563120.0
91,2019-03-21,6.4738,6.6631,6.4467,6.5729,1603000.0
92,2019-03-22,6.582,6.6361,6.4647,6.591,1945000.0
93,2019-03-25,6.5459,6.5549,6.3566,6.4557,1104000.0
94,2019-03-26,6.5098,6.627,6.3836,6.5639,1190880.0
95,2019-03-27,6.5549,7.15,6.5279,7.0779,2299000.0
96,2019-03-28,7.1861,7.4836,6.9066,7.3934,3316700.0
97,2019-03-29,7.4565,7.4565,7.177,7.3213,752000.0
98,2019-04-01,7.3934,7.6549,7.3033,7.4295,5145000.0
99,2019-04-02,7.3574,7.5106,6.8975,7.177,3053000.0
100,2019-04-03,7.0779,7.0779,6.7533,6.9606,8321000.0
101,2019-04-04,6.9967,7.2943,6.7623,6.8705,3520000.0
102,2019-04-08,6.8164,6.8615,6.4828,6.6541,3488000.0
103,2019-04-09,6.6992,6.8525,6.4918,6.7443,4060000.0
104,2019-04-10,6.6541,6.7893,6.4918,6.591,1565000.0
105,2019-04-11,6.582,6.7352,6.582,6.6811,1386000.0
106,2019-04-12,6.6811,7.159,6.627,7.141,1298000.0
107,2019-04-15,7.1861,7.2221,6.5639,6.618,2490000.0
108,2019-04-16,6.618,6.7262,6.5369,6.6451,1794000.0
109,2019-04-17,6.5188,6.6451,6.5188,6.627,1778000.0
110,2019-04-18,6.5549,6.9877,6.4918,6.6451,1370000.0
111,2019-04-23,6.6,6.6721,6.1852,6.3926,2450000.0
112,2019-04-24,6.4106,6.4918,6.3115,6.3566,805000.0
113,2019-04-25,6.2754,6.3656,6.2754,6.2754,1381000.0
114,2019-04-26,6.2664,6.3385,6.2123,6.3115,1203000.0
115,2019-04-29,6.2754,6.3656,6.2574,6.3295,3226000.0
116,2019-04-30,6.2213,6.4287,6.1943,6.2033,1433000.0
117,2019-05-02,6.1582,6.6,6.05,6.3656,2181920.0
118,2019-05-03,6.2213,6.5639,6.1672,6.4918,1107000.0
119,2019-05-06,6.3115,6.3205,5.9508,6.077,3431000.0
120,2019-05-07,6.1311,6.1492,5.9057,5.9418,4325000.0
121,2019-05-08,5.8787,6.05,5.7164,5.8877,1829000.0
122,2019-05-09,5.8606,5.9057,5.5541,5.5631,1521000.0
123,2019-05-10,5.5902,5.9238,5.5721,5.8967,5815000.0
124,2019-05-14,5.8967,5.8967,5.6082,5.6984,5783000.0
125,2019-05-15,5.7344,5.7795,5.5721,5.7254,3078000.0
126,2019-05-16,5.7615,6.2303,5.7254,6.1582,852000.0
127,2019-05-17,6.1672,6.4197,5.9508,5.9869,1471000.0
128,2019-05-20,5.9598,5.9598,5.527,5.6352,2301000.0
129,2019-05-21,5.7164,5.9057,5.6443,5.6443,633000.0
130,2019-05-22,5.648,5.749,5.4552,5.5103,1069000.0
131,2019-05-23,5.4643,5.5378,5.3633,5.446,1488000.0
132,2019-05-24,5.5194,5.6113,5.3541,5.5929,4287000.0
133,2019-05-27,5.5562,5.7123,5.5286,5.6756,364000.0
134,2019-05-28,5.6756,5.8868,5.6756,5.7582,744000.0
135,2019-05-29,5.7674,5.9052,5.7674,5.8501,332000.0
136,2019-05-30,5.8776,6.2909,5.8776,6.2725,1449000.0
137,2019-05-31,6.3368,6.6491,6.3001,6.5205,2418000.0
138,2019-06-03,6.4929,6.4929,6.2725,6.3368,725000.0
139,2019-06-04,6.3552,6.5021,6.1439,6.346,851000.0
140,2019-06-05,6.5021,6.7409,6.4746,6.5388,919000.0
141,2019-06-06,6.5205,6.6582,6.4837,6.5664,461000.0
142,2019-06-10,6.6123,6.6766,6.5848,6.6123,522000.0
143,2019-06-11,6.6031,7.0256,6.5664,6.9889,3205000.0
144,2019-06-12,6.9062,7.1266,6.8419,6.9889,1922000.0
145,2019-06-13,6.9705,7.0531,6.8419,7.0164,976000.0
146,2019-06-14,7.0072,7.0256,6.9338,6.9797,719000.0
147,2019-06-17,6.9797,7.6042,6.9062,6.9062,521000.0
148,2019-06-18,7.0715,7.0715,6.7225,6.9705,651000.0
149,2019-06-19,7.2093,7.2093,6.9797,7.1266,604000.0
150,2019-06-20,7.145,7.6685,7.1358,7.4664,1847000.0
151,2019-06-21,7.5031,7.6225,7.3562,7.3929,1084000.0
152,2019-06-24,7.3838,7.8062,7.3838,7.7052,2085000.0
153,2019-06-25,7.7695,7.9991,7.5491,7.7878,802000.0
154,2019-06-26,7.7878,8.0634,7.7144,7.8154,1235000.0
155,2019-06-27,7.8154,7.9899,7.7144,7.7511,1369000.0
156,2019-06-28,7.7511,7.9072,7.6409,7.7052,733000.0
157,2019-07-02,7.8246,8.4123,7.8062,7.898,2097000.0
158,2019-07-03,8.0817,8.0817,5.5562,6.0246,32687000.0
159,2019-07-04,5.3725,5.3725,4.7756,5.2348,84560700.0
160,2019-07-05,5.2715,5.3266,4.6103,4.6654,36897100.0
161,2019-07-08,4.7296,5.3909,4.6286,5.2348,34731000.0
162,2019-07-09,5.3266,5.7031,5.2807,5.3725,26163000.0
163,2019-07-10,5.5103,5.8317,5.4368,5.8225,16226100.0
164,2019-07-11,5.795,6.2817,5.795,6.1899,24326100.0
165,2019-07-12,6.3368,6.8052,6.2725,6.5848,23024000.0
166,2019-07-15,6.594,6.6307,6.2909,6.3827,8325000.0
167,2019-07-16,6.3093,7.1633,6.3093,7.1542,13343000.0
168,2019-07-17,7.2552,7.5307,6.998,7.1725,16376000.0
169,2019-07-18,7.1174,7.347,6.7868,6.8786,10715000.0
170,2019-07-19,6.9062,7.0899,6.796,6.8419,5224000.0
171,2019-07-22,6.8419,7.044,6.6215,6.7133,5313000.0
172,2019-07-23,6.5113,6.594,5.749,6.1072,19533000.0
173,2019-07-24,6.1072,6.4195,5.8225,6.1899,19035000.0
174,2019-07-25,6.2725,6.4195,6.1899,6.2817,5622000.0
175,2019-07-26,6.245,6.4929,6.1072,6.346,4639000.0
176,2019-07-29,6.3184,6.4837,6.2266,6.3276,2603000.0
177,2019-07-30,6.3276,6.4011,6.1348,6.1899,1850000.0
178,2019-07-31,6.1072,6.1439,5.997,6.0888,998000.0
179,2019-08-01,6.0613,6.0797,5.6572,5.8225,4884000.0
180,2019-08-02,5.6297,5.7674,5.5011,5.7123,5106000.0
181,2019-08-05,5.8776,5.9235,5.5378,5.6664,4273000.0
182,2019-08-06,5.4827,5.6756,5.3725,5.6205,3422000.0
183,2019-08-07,5.6021,5.8409,5.5562,5.7858,2310000.0
184,2019-08-08,5.8041,5.9235,5.6939,5.7858,1515000.0
185,2019-08-09,5.8133,5.8592,5.5194,5.5378,1642000.0
186,2019-08-12,5.5654,5.5746,5.3725,5.5562,1597000.0
187,2019-08-13,5.4919,5.4919,5.2164,5.2256,2046000.0
188,2019-08-14,5.4184,5.446,5.1521,5.1705,2266000.0
189,2019-08-15,5.1429,5.345,5.0052,5.3266,2803000.0
190,2019-08-16,5.3266,5.5378,5.2164,5.4092,2785000.0
191,2019-08-19,5.6021,5.6848,5.4368,5.6113,5430000.0
192,2019-08-20,5.5562,5.6848,5.4184,5.4552,2310000.0
193,2019-08-21,5.3817,5.9327,5.3633,5.9144,3847000.0
194,2019-08-22,5.9235,6.0797,5.6756,5.8409,4873000.0
195,2019-08-23,5.8409,6.2174,5.7858,6.2082,5777000.0
196,2019-08-26,5.6297,6.0337,5.6297,6.0154,4405077.0
197,2019-08-27,5.9603,6.098,5.795,5.8592,3164000.0
198,2019-08-28,5.8592,5.8592,5.5562,5.6021,3325000.0
199,2019-08-29,5.6021,5.648,5.5103,5.5103,1526000.0
200,2019-08-30,5.6205,5.648,5.3725,5.4092,1683850.0
201,2019-09-02,5.3358,5.5011,5.2348,5.3817,1784000.0
202,2019-09-03,5.4643,5.5562,5.345,5.3633,1321000.0
203,2019-09-04,5.4184,5.5562,5.3725,5.5103,3583000.0
204,2019-09-05,5.5746,5.7031,5.3541,5.4735,4013000.0
205,2019-09-06,5.4827,5.7582,5.4735,5.5562,4398000.0
206,2019-09-09,5.6021,5.6939,5.5194,5.5194,3256000.0
207,2019-09-10,5.5562,5.6848,5.4276,5.6021,2299000.0
208,2019-09-11,5.5929,5.6205,5.4368,5.4735,4299000.0
209,2019-09-12,5.5378,5.7766,5.5103,5.7674,5361000.0
210,2019-09-13,5.8317,6.0888,5.7399,6.0429,5449000.0
211,2019-09-16,6.0429,6.1256,5.9144,5.9786,5008000.0
212,2019-09-17,6.0062,6.2633,5.9695,6.1348,6180000.0
213,2019-09-18,6.1807,6.4746,6.1715,6.4195,5700000.0
214,2019-09-19,6.4654,6.594,6.346,6.5664,3784000.0
215,2019-09-20,6.5664,6.796,6.4195,6.4378,4040000.0
216,2019-09-23,6.4286,6.5205,6.1715,6.2909,2396000.0
217,2019-09-24,6.3368,6.4837,6.2082,6.245,1987000.0
218,2019-09-25,6.2358,6.2358,6.0521,6.1531,1782000.0
219,2019-09-26,6.1623,6.5021,6.1623,6.346,4136000.0
220,2019-09-27,6.2909,6.5021,6.2909,6.2909,1453000.0
221,2019-09-30,6.2909,6.3276,6.1531,6.1899,1996000.0
222,2019-10-02,6.1623,6.3735,6.0888,6.3368,2074000.0
223,2019-10-03,6.3001,6.8052,6.2174,6.7776,5548000.0
224,2019-10-04,6.8511,7.0715,6.5848,6.7317,6877000.0
225,2019-10-08,6.7501,6.8695,6.6582,6.6766,3964000.0
226,2019-10-09,6.695,6.9062,6.6399,6.7409,4825000.0
227,2019-10-10,6.7501,7.044,6.7225,7.0256,3833000.0
228,2019-10-11,7.0256,7.3287,7.0256,7.1909,4635000.0
229,2019-10-14,7.3195,7.4756,7.2552,7.2552,3708000.0
230,2019-10-15,7.2644,7.696,7.2644,7.6225,4816000.0
231,2019-10-16,7.6134,7.8429,7.5031,7.6593,3031000.0
232,2019-10-17,7.7878,7.9623,7.6685,7.8521,2951000.0
233,2019-10-18,7.8338,8.1093,7.696,7.8338,3002000.0
234,2019-10-21,7.7603,7.9164,7.7144,7.898,2079000.0
235,2019-10-22,7.9623,8.5317,7.944,8.3756,4979000.0
236,2019-10-23,8.3756,8.6236,8.1827,8.3389,2334000.0
237,2019-10-24,8.4215,8.8072,8.2838,8.8072,2186000.0
238,2019-10-25,8.7613,9.1011,8.6419,9.0552,3541000.0
239,2019-10-28,9.147,9.1838,8.8807,9.1746,2575000.0
240,2019-10-29,9.3491,9.8266,9.1746,9.5511,5870000.0
241,2019-10-30,9.4777,9.8817,8.8715,9.2572,7386000.0
242,2019-10-31,9.2572,9.6062,8.9266,9.0185,4625000.0
243,2019-11-01,9.0001,9.5879,9.0001,9.5879,3863000.0
244,2019-11-04,9.7348,9.8266,9.3675,9.7715,3414000.0
245,2019-11-05,9.643,9.9736,9.5328,9.5879,4074000.0
246,2019-11-06,9.5879,9.9001,9.5144,9.7164,3082000.0
247,2019-11-07,9.6981,9.7164,9.5695,9.6613,1195000.0
248,2019-11-08,9.6613,9.6613,9.4409,9.5511,2559000.0
249,2019-11-11,9.3123,9.6246,9.1103,9.2389,2741000.0
250,2019-11-12,9.2756,10.2675,9.2389,10.2675,5273000.0
251,2019-11-13,10.2491,10.2491,9.7899,10.0103,2180000.0
252,2019-11-14,9.9185,10.4328,9.9001,10.0103,2137000.0
253,2019-11-15,10.0471,10.2491,9.7348,9.8266,1721000.0
254,2019-11-18,9.8266,10.6532,9.8266,10.6532,5815000.0
255,2019-11-19,10.6348,11.1124,10.5062,10.7266,5074000.0
256,2019-11-20,10.6532,10.9654,10.4695,10.6532,771000.0
257,2019-11-21,10.6532,10.6532,10.2307,10.5246,1726000.0
258,2019-11-22,10.5613,10.7266,10.2124,10.3777,921000.0
259,2019-11-25,10.4695,10.4879,10.1022,10.4695,1415000.0
260,2019-11-26,10.5246,10.5246,10.2124,10.4144,897000.0
261,2019-11-27,10.2307,10.4144,9.9001,10.0838,3640000.0
262,2019-11-28,10.0471,10.5613,9.9552,10.3777,4388000.0
263,2019-11-29,10.3777,10.4511,10.0287,10.2858,1890000.0
264,2019-12-02,10.3226,10.8369,10.2858,10.4695,2208000.0
265,2019-12-03,10.543,10.5797,10.2858,10.3226,691000.0
266,2019-12-04,10.194,10.3042,10.1022,10.1022,1697000.0
267,2019-12-05,10.1389,10.3042,9.8817,9.9552,1473000.0
268,2019-12-06,9.9185,10.2307,9.9185,10.1389,1268000.0
269,2019-12-09,9.9736,10.2124,9.9736,10.1022,1741000.0
270,2019-12-10,10.0654,10.2124,9.8634,10.2124,2372100.0
271,2019-12-11,10.1389,10.543,10.1389,10.3042,1631000.0
272,2019-12-12,10.2675,10.4511,9.9185,10.1205,1132000.0
273,2019-12-13,10.194,10.3042,10.0471,10.0838,1315000.0
274,2019-12-16,10.0287,10.194,9.9001,10.1205,887000.0
275,2019-12-17,10.1022,10.1205,9.9185,9.9919,1866000.0
276,2019-12-18,10.1022,10.1389,9.9736,10.1389,3045000.0
277,2019-12-19,10.1573,10.4695,10.0838,10.3226,2144100.0
278,2019-12-20,10.3777,10.4695,10.194,10.396,3463000.0
279,2019-12-23,10.396,10.892,10.3777,10.6899,6762000.0
280,2019-12-24,10.745,11.0022,10.5981,10.7266,884000.0
281,2019-12-27,10.745,10.9287,10.4511,10.8001,2598000.0
282,2019-12-30,10.9103,11.4797,10.8369,11.4797,3304000.0
283,2019-12-31,11.4797,11.5348,11.1307,11.1858,1218000.0
284,2020-01-02,11.3144,11.7369,11.1124,11.2042,1414000.0
285,2020-01-03,11.2593,11.5532,11.0205,11.3695,2104000.0
286,2020-01-06,11.3328,11.4797,11.094,11.1675,866000.0
287,2020-01-07,11.296,11.4797,11.1124,11.2777,1159000.0
288,2020-01-08,11.1124,11.296,10.9287,11.1307,1029000.0
289,2020-01-09,11.3328,11.994,11.2042,11.994,3320000.0
290,2020-01-10,12.0491,12.141,11.8103,11.8103,1452000.0
291,2020-01-13,11.8471,12.4532,10.4328,11.296,9534000.0
292,2020-01-14,11.7552,12.1226,11.3879,11.4614,5902900.0
293,2020-01-15,11.4614,11.9389,11.3879,11.7552,1422000.0
294,2020-01-16,11.8654,12.8573,11.8287,12.8389,4765000.0
295,2020-01-17,12.9675,13.6655,12.8206,13.592,4096000.0
296,2020-01-20,13.6838,13.9226,13.1328,13.7206,1998000.0
297,2020-01-21,13.7389,13.7389,12.8757,13.1328,3592038.0
298,2020-01-22,13.1328,13.4818,12.9491,13.4634,2223000.0
299,2020-01-23,13.4634,13.4634,12.1042,12.8573,2893000.0
300,2020-01-24,12.8573,13.1144,12.7103,12.9124,438000.0
301,2020-01-29,12.5083,12.7471,12.1961,12.6369,2471000.0
302,2020-01-30,12.6185,12.9308,12.0124,12.3981,3079000.0
303,2020-01-31,12.6552,12.7287,11.8471,12.3614,1741000.0
304,2020-02-03,12.4532,12.545,11.8471,12.4899,1524000.0
305,2020-02-04,12.4899,13.3165,12.4899,13.2981,1821000.0
306,2020-02-05,13.4634,13.6655,12.7838,12.9308,3217000.0
307,2020-02-06,13.1695,13.6471,12.8022,13.4083,2095485.0
308,2020-02-07,13.3899,13.5002,12.9491,13.3532,1664000.0
309,2020-02-10,13.3165,13.7757,12.9124,13.7389,1903000.0
310,2020-02-11,13.9777,14.694,13.9777,14.694,2424000.0
311,2020-02-12,14.8226,15.3369,14.694,15.0798,2294080.0
312,2020-02-13,15.1716,15.5206,14.9145,15.1532,1797000.0
313,2020-02-14,15.5941,16.3471,15.2451,16.1634,5205000.0
314,2020-02-17,16.2737,16.641,15.4655,16.0349,3948000.0
315,2020-02-18,16.0532,16.2553,15.5941,15.8879,3408257.0
316,2020-02-19,15.9798,16.5675,15.7043,15.7043,5272000.0
317,2020-02-20,15.9063,15.9981,15.0063,15.4287,3077041.0
318,2020-02-21,15.2267,15.6308,15.0063,15.4471,1747349.0
319,2020-02-24,15.19,15.2451,14.694,15.1532,2366746.0
320,2020-02-25,14.7859,15.2818,14.7859,14.9512,1372000.0
321,2020-02-26,14.8593,15.19,14.7675,14.8593,1288000.0
322,2020-02-27,14.8777,15.5206,14.7491,15.4471,1998690.0
323,2020-02-28,15.2634,15.2634,14.29,14.7124,3983086.0
324,2020-03-02,14.841,15.043,13.9593,14.3634,1679000.0
325,2020-03-03,14.5655,14.8226,14.2532,14.4553,1905000.0
326,2020-03-04,14.2349,14.6573,14.0695,14.5104,1643086.0
327,2020-03-05,14.8777,15.1349,14.6022,15.1349,2812000.0
328,2020-03-06,14.9512,14.9879,14.6389,14.8777,1425030.0
329,2020-03-09,14.5655,14.5655,13.4818,13.6471,3064000.0
330,2020-03-10,13.7022,13.9042,12.8573,13.5002,2303163.0
331,2020-03-11,13.7573,14.6757,13.5185,14.2349,2611087.0
332,2020-03-12,14.0328,14.0328,13.1328,13.2981,3135000.0
333,2020-03-13,12.2879,13.6471,12.1226,13.6104,4071700.0
334,2020-03-16,13.2063,13.6287,12.2695,12.6736,4079040.0
335,2020-03-17,12.3246,12.8573,11.3879,12.1961,4908094.0
336,2020-03-18,11.8287,13.1695,11.443,11.5532,4415300.0
337,2020-03-19,11.4246,11.8471,10.0103,11.3879,6147000.0
338,2020-03-20,11.7552,12.5818,11.6083,12.545,3586113.0
339,2020-03-23,11.4797,12.2879,11.3879,11.5899,3359487.0
340,2020-03-24,11.9389,12.7654,11.8103,12.3063,4734565.0
341,2020-03-25,12.894,13.1695,12.2512,12.692,3938906.0
342,2020-03-26,12.4899,13.7022,12.4899,13.2981,5382025.0
343,2020-03-27,13.592,14.143,13.2063,13.592,2299518.0
344,2020-03-30,13.4634,13.592,12.9491,13.243,1780000.0
345,2020-03-31,13.4083,14.4185,13.4083,14.3634,2858000.0
346,2020-04-01,14.3267,14.8593,14.143,14.5655,4426000.0
347,2020-04-02,14.7859,15.3736,14.1981,15.3369,4325473.0
348,2020-04-03,15.2818,15.7777,15.2451,15.5206,3033000.0
349,2020-04-06,15.7961,16.6226,15.5206,16.5859,3987030.0
350,2020-04-07,16.9165,17.3206,16.1818,17.1737,3611689.0
351,2020-04-08,17.4492,17.4492,16.7328,17.0084,2641000.0
352,2020-04-09,17.3206,17.3206,16.8247,16.99,2665000.0
353,2020-04-14,17.0818,17.4308,16.8614,17.0451,3015000.0
354,2020-04-15,17.1737,17.2104,15.4287,15.6859,4160155.0
355,2020-04-16,15.741,16.292,15.741,15.9798,1799000.0
356,2020-04-17,16.3471,16.3839,15.3185,15.4287,2837200.0
357,2020-04-20,15.5941,15.5941,15.0798,15.3736,1154898.0
358,2020-04-21,15.3369,15.5022,14.694,14.8777,1554000.0
359,2020-04-22,14.8226,15.6859,14.5471,15.6124,2286000.0
360,2020-04-23,15.9247,15.943,14.8042,15.0247,1936088.0
361,2020-04-24,15.0614,15.0798,14.694,14.8042,1245948.0
362,2020-04-27,15.1716,15.1716,14.6206,14.8961,986000.0
363,2020-04-28,14.9879,15.4838,14.4736,15.3553,1408000.0
364,2020-04-29,15.5022,16.439,15.4838,16.4022,3855000.0
365,2020-05-04,15.8879,16.2369,15.2818,15.7043,2828000.0
366,2020-05-05,16.0716,16.2185,15.6492,16.0165,1046000.0
367,2020-05-06,16.0165,16.2369,15.7594,15.9614,1202268.0
368,2020-05-07,15.9614,16.843,15.7961,16.4941,2093552.0
369,2020-05-08,16.8981,18.2022,16.8981,17.7431,4589024.0
370,2020-05-11,18.1288,18.5053,17.3573,17.8349,2224677.0
371,2020-05-12,17.7798,18.2573,17.541,17.89,1457000.0
372,2020-05-13,18.092,19.5614,17.7247,19.24,3397791.0
373,2020-05-14,19.1941,19.837,18.7349,19.4237,1785000.0
374,2020-05-15,19.837,20.5717,19.4237,20.5257,2232000.0
375,2020-05-18,20.5717,20.6176,19.4237,19.6074,2504100.0
376,2020-05-19,19.9288,20.2043,18.7808,19.4237,1786000.0
377,2020-05-20,19.3778,19.6533,18.689,18.9186,1234276.0
378,2020-05-21,19.1023,19.4696,18.1839,18.3676,1808000.0
379,2020-05-22,18.2941,18.7349,17.2655,17.9084,2691125.0
380,2020-05-25,17.9084,18.8267,17.1737,18.7349,2659538.0
381,2020-05-26,18.9645,19.2859,18.1104,18.4594,2067000.0
382,2020-05-27,18.689,18.689,17.4492,17.5961,1635000.0
383,2020-05-28,17.5961,18.0737,17.0818,17.339,1807000.0
384,2020-05-29,17.2104,17.8165,17.0818,17.8165,2107000.0
385,2020-06-01,18.092,19.0104,17.9818,18.7349,3193254.0
386,2020-06-02,18.8727,19.6074,18.5053,19.5155,1908888.0
387,2020-06-03,19.7451,19.9288,19.1482,19.1941,2430059.0
388,2020-06-04,19.2859,19.4696,18.1288,18.2206,3453000.0
389,2020-06-05,18.4594,18.5512,17.9267,18.239,1085048.0
390,2020-06-08,18.3676,18.5512,17.4675,17.8165,2041000.0
391,2020-06-09,17.7247,17.8349,17.4124,17.4492,2559552.0
392,2020-06-10,17.5043,18.3676,17.3573,18.2206,1354000.0
393,2020-06-11,18.3308,19.1482,18.1471,18.3676,2917000.0
394,2020-06-12,18.1839,18.5053,17.7063,18.3308,1190000.0
395,2020-06-15,18.5512,18.5971,17.4859,17.541,1647803.0
396,2020-06-16,17.8165,18.3676,17.8165,18.1839,838000.0
397,2020-06-17,18.2573,19.6533,17.9267,18.8727,3020000.0
398,2020-06-18,18.5053,19.1023,18.239,18.8727,2004000.0
399,2020-06-19,18.9645,20.1125,18.9645,19.6533,3271356.0
400,2020-06-22,19.5114,19.6504,18.2971,18.501,1998313.0
401,2020-06-23,18.501,18.6308,17.9449,18.26,1982200.0
402,2020-06-24,18.223,18.5381,17.8337,18.1117,1579218.0
403,2020-06-26,17.9078,18.223,17.6853,17.9263,2034000.0
404,2020-06-29,18.0746,18.4454,17.6112,18.1117,2025000.0
405,2020-06-30,18.1673,18.6308,18.1673,18.4454,2253996.0
406,2020-07-02,18.9089,20.0212,18.9089,19.465,2637794.0
407,2020-07-03,19.5114,20.7163,19.0016,19.4187,2628000.0
408,2020-07-06,19.2796,19.604,18.8162,19.0016,1708000.0
409,2020-07-07,19.465,20.5309,19.0479,19.9285,2710000.0
410,2020-07-08,20.0675,21.7823,20.0675,21.4115,2558581.0
411,2020-07-09,21.6896,21.875,21.1334,21.1334,2536500.0
412,2020-07-10,21.6896,23.6361,21.5969,22.8019,3037000.0
413,2020-07-13,22.9872,24.0068,22.9872,23.6361,2335000.0
414,2020-07-14,23.5897,24.3313,22.7555,23.4507,2289470.0
415,2020-07-15,23.497,24.1459,22.5238,24.0068,1995000.0
416,2020-07-16,23.5897,24.1459,21.6432,22.014,1807500.0
417,2020-07-17,21.5042,23.1263,21.5042,22.9872,1878884.0
418,2020-07-20,23.7288,24.4703,22.3384,23.1726,3285000.0
419,2020-07-21,23.219,24.0068,22.6165,23.5897,1787340.0
420,2020-07-22,23.4044,24.1459,22.4774,22.4774,1534134.0
421,2020-07-23,23.0799,23.4507,22.4311,23.1726,1313000.0
422,2020-07-24,22.8019,23.1263,21.6896,21.7823,1420000.0
423,2020-07-27,22.0603,22.3848,21.3652,21.4579,464000.0
424,2020-07-28,21.4579,22.2457,21.3188,21.7823,488166.0
425,2020-07-29,21.7823,21.875,21.2261,21.2725,1694000.0
426,2020-07-30,21.4115,22.7092,21.4115,22.0603,1840000.0
427,2020-07-31,22.6165,22.9872,22.2921,22.5701,858000.0
428,2020-08-03,22.5701,23.5897,22.4311,23.2653,1498820.0
429,2020-08-04,23.358,23.358,22.6628,23.0336,1142000.0
430,2020-08-05,22.8482,23.8678,22.8019,23.6824,1007000.0
431,2020-08-06,23.4507,24.0068,23.0336,23.6824,927000.0
432,2020-08-07,24.0995,24.0995,23.0336,23.6824,765818.0
433,2020-08-10,23.5434,23.5434,22.2457,22.2457,1180260.0
434,2020-08-11,22.2457,23.1263,22.2457,22.4774,596000.0
435,2020-08-12,22.2921,22.4311,20.5773,21.1798,2504000.0
436,2020-08-13,22.1067,22.7555,21.7823,22.6628,3179000.0
437,2020-08-14,22.8019,25.6289,22.7555,25.2582,4325273.0
438,2020-08-17,24.4703,25.3509,24.2849,24.702,2013000.0
439,2020-08-18,24.702,24.702,24.0068,24.563,2157012.0
440,2020-08-19,24.2849,24.2849,23.1726,23.9142,2184132.0
441,2020-08-20,23.8215,23.9142,22.9409,23.7751,699216.0
442,2020-08-21,24.0532,24.0532,23.0799,23.7288,1158115.0
443,2020-08-24,23.9142,24.2849,22.9872,23.1263,1070562.0
444,2020-08-25,23.7288,23.7288,22.153,22.6165,1148000.0
445,2020-08-26,22.6165,23.1726,22.2921,22.9409,781251.0
446,2020-08-27,22.8946,23.1263,21.6432,22.7555,1516000.0
447,2020-08-28,23.0336,23.7751,22.8482,22.8946,1339000.0
448,2020-08-31,22.8946,23.2653,22.2457,22.3848,1141000.0
449,2020-09-01,22.3848,22.4774,21.7359,22.0603,775238.0
450,2020-09-02,22.4311,22.7092,21.4115,22.2457,1597000.0
451,2020-09-03,22.2457,22.2457,21.4115,21.4579,1387000.0
452,2020-09-04,21.3188,21.3188,20.3919,20.9017,890000.0
453,2020-09-07,20.7627,21.0871,20.1138,20.5773,1604965.0
454,2020-09-08,20.7163,20.9944,19.465,20.0212,2522000.0
455,2020-09-09,19.465,20.5773,19.465,20.5773,1258000.0
456,2020-09-10,20.7163,21.1798,19.5577,19.5577,1077000.0
457,2020-09-11,19.5114,20.8554,19.5114,20.6236,1002000.0
458,2020-09-14,20.3919,21.0871,20.3919,20.7163,965505.0
459,2020-09-15,20.5773,21.5969,20.5309,21.3188,1628000.0
460,2020-09-16,21.2725,21.9213,21.0407,21.3188,1536132.0
461,2020-09-17,21.2725,21.7359,20.809,20.9017,1153000.0
462,2020-09-18,20.809,21.6432,20.6236,21.0407,1530000.0
463,2020-09-21,20.8554,21.4579,19.8358,19.9748,885176.0
464,2020-09-22,19.9748,20.1138,19.2796,19.326,1209000.0
465,2020-09-23,19.4187,19.9285,19.2333,19.6967,732850.0
466,2020-09-24,19.6967,19.7894,18.7698,19.0016,1122000.0
467,2020-09-25,19.0942,19.1869,18.26,18.5844,1617296.0
468,2020-09-28,18.7698,19.4187,18.2415,18.5381,498348.0
469,2020-09-29,18.9552,18.9552,17.8522,18.3156,880000.0
470,2020-09-30,18.3342,18.5844,18.019,18.4825,1026000.0
471,2020-10-05,18.4825,18.6308,17.4814,17.982,961576.0
472,2020-10-06,18.3527,19.465,18.2971,18.9552,2130000.0
473,2020-10-07,18.9552,19.1869,18.4269,18.4454,788919.0
474,2020-10-08,18.8162,18.9089,18.1673,18.2971,959000.0
475,2020-10-09,18.4825,18.501,18.1488,18.26,580251.0
476,2020-10-12,18.26,18.3527,17.7966,17.9449,2239344.0
477,2020-10-14,18.3156,19.0016,17.8337,18.5381,1660000.0
478,2020-10-15,18.5381,18.5381,17.5,17.7039,1224000.0
479,2020-10-16,18.0746,18.0746,17.4629,17.7039,499000.0
480,2020-10-19,17.7224,17.7224,16.2394,16.3135,2712164.0
481,2020-10-20,16.2208,17.5556,16.2208,17.5556,1572000.0
482,2020-10-21,17.5927,17.7224,16.9624,16.9809,1145300.0
483,2020-10-22,16.8511,17.3146,16.4804,17.3146,1062000.0
484,2020-10-23,16.9624,17.3702,16.8511,17.2404,1057508.0
485,2020-10-27,17.0736,17.3517,16.4989,16.5731,1188308.0
486,2020-10-28,16.5916,17.2404,16.3877,16.9994,668417.0
487,2020-10-29,16.9994,18.5196,16.6843,18.1488,1787000.0
488,2020-10-30,18.0746,18.0746,17.1477,17.7966,1349000.0
489,2020-11-02,17.7039,17.741,16.9438,16.9438,1018000.0
490,2020-11-03,16.9438,17.3331,16.7399,17.1292,1008000.0
491,2020-11-04,16.9438,17.8707,16.6287,17.7039,1336000.0
492,2020-11-05,17.8337,19.5114,17.8337,19.2333,2633000.0
493,2020-11-06,19.2796,19.7431,18.3898,18.9089,1396094.0
494,2020-11-09,19.0016,19.7431,18.6771,19.2333,1553000.0
495,2020-11-10,19.326,19.465,18.9089,19.326,1288000.0
496,2020-11-11,19.0942,19.1869,17.7224,17.7966,2164554.0
497,2020-11-12,18.0932,18.5844,18.0746,18.3527,1210200.0
498,2020-11-13,18.3527,18.9552,18.0932,18.6308,753000.0
499,2020-11-16,18.26,18.6771,18.1859,18.5381,452000.0
500,2020-11-17,18.4454,18.5196,17.7224,17.8522,628000.0
501,2020-11-18,17.741,18.2415,17.6853,17.7039,1352000.0
502,2020-11-19,17.7224,18.4639,17.3887,18.26,2118000.0
503,2020-11-20,18.4639,19.2796,18.3342,19.0479,973896.0
504,2020-11-23,19.4187,19.4187,17.7039,17.8893,1136000.0
505,2020-11-24,17.741,17.778,17.0921,17.296,1428000.0
506,2020-11-25,17.7595,17.7595,16.0355,16.4618,3143000.0
507,2020-11-26,16.6843,16.8697,16.1652,16.777,1008000.0
508,2020-11-27,17.1477,17.296,16.8141,17.0736,1081630.0
509,2020-11-30,17.0921,17.1477,16.4989,16.777,1053000.0
510,2020-12-01,16.777,16.777,16.0169,16.4248,1779000.0
511,2020-12-02,16.4248,16.4248,15.9428,16.0355,901000.0
512,2020-12-03,16.1281,16.2208,15.6647,16.2023,1338150.0
513,2020-12-04,16.3135,16.4989,16.0355,16.3506,1062000.0
514,2020-12-07,16.4433,16.4433,15.6647,15.8686,1229414.0
515,2020-12-08,15.8872,15.9057,15.1827,15.3495,1859500.0
516,2020-12-09,15.4793,15.8686,15.1271,15.8315,955000.0
517,2020-12-10,15.813,16.2023,15.3681,16.1652,590000.0
518,2020-12-11,16.4062,16.4062,15.4422,15.6091,793300.0
519,2020-12-14,15.4793,16.0355,15.4237,15.4237,639000.0
520,2020-12-15,15.2569,15.7574,15.2012,15.6091,494923.0
521,2020-12-16,15.6647,16.1096,15.6647,16.0355,771000.0
522,2020-12-17,16.1281,16.3506,15.8686,16.0355,726000.0
523,2020-12-18,15.8872,16.054,15.7203,15.8686,387000.0
524,2020-12-21,15.8686,17.3331,15.8686,17.0551,2867220.0
525,2020-12-22,16.8697,16.8882,16.2208,16.4618,1333000.0
526,2020-12-23,16.4618,16.6843,16.0355,16.4248,1064600.0
527,2020-12-24,16.4248,16.7584,16.2208,16.6101,959200.0
528,2020-12-28,16.4248,16.536,15.1271,15.3125,2706000.0
529,2020-12-29,15.4608,16.8697,15.1827,16.6843,4510000.0
530,2020-12-30,16.6843,16.9253,15.9984,16.4248,1954038.0
531,2020-12-31,16.777,16.777,15.9984,16.4618,984000.0
532,2021-01-04,16.6843,16.6843,15.2939,15.3866,3809000.0
533,2021-01-05,15.6647,15.9057,15.2569,15.7018,1390000.0
534,2021-01-06,16.1281,19.2333,16.1096,18.8625,10793000.0
535,2021-01-07,18.9552,20.3919,18.5381,19.8358,6366102.0
536,2021-01-08,19.465,20.9481,19.0479,20.9481,3793088.0
537,2021-01-11,20.9481,21.0871,19.2796,19.6504,4021740.0
538,2021-01-12,19.465,20.2065,18.9089,19.9285,2081100.0
539,2021-01-13,19.9285,20.4846,19.465,19.5577,1875200.0
540,2021-01-14,19.465,19.5114,18.7235,18.9089,2075000.0
541,2021-01-15,18.9089,19.465,18.7235,19.0479,1151000.0
542,2021-01-18,19.0942,21.4115,19.0942,20.4846,4856000.0
543,2021-01-19,20.4846,22.2457,19.6504,21.7823,5829000.0
544,2021-01-20,22.4311,22.8019,21.5505,22.0603,5764000.0
545,2021-01-21,22.153,22.3384,21.0407,21.1334,1893597.0
546,2021-01-22,21.3652,21.9213,20.67,21.3188,1659132.0
547,2021-01-25,21.3188,23.5897,21.2261,22.8946,3751000.0
548,2021-01-26,22.8946,22.8946,20.8554,21.3188,7608000.0
549,2021-01-27,21.1334,21.1334,19.6504,19.9748,3636000.0
550,2021-01-28,20.0675,20.1138,18.5844,18.8162,3284000.0
551,2021-01-29,18.9089,19.9285,18.1859,18.6308,3508100.0
552,2021-02-01,19.0016,19.0016,18.0932,18.3156,2108000.0
553,2021-02-02,18.5381,19.1869,18.3156,18.5381,4087000.0
554,2021-02-03,19.0016,19.1869,18.1859,18.7235,4579000.0
555,2021-02-04,19.0016,19.0016,17.6483,17.7039,2713000.0
556,2021-02-05,18.3527,18.501,16.9624,17.3517,4421104.0
557,2021-02-08,17.3331,17.7595,17.1477,17.5556,2766600.0
558,2021-02-09,17.8707,17.9634,17.4258,17.6112,2650000.0
559,2021-02-10,18.0746,18.0746,17.2775,17.4258,1903000.0
560,2021-02-11,17.537,17.537,17.1107,17.3517,447000.0
561,2021-02-16,17.5185,18.3342,17.2775,18.223,3055000.0
562,2021-02-17,18.4454,18.7235,17.7224,17.7224,2440000.0
563,2021-02-18,18.0746,18.0746,17.4814,17.8337,1426000.0
564,2021-02-19,18.0561,18.0561,17.1477,17.9449,1203000.0
565,2021-02-22,18.1673,18.1673,17.4258,17.4258,1894000.0
566,2021-02-23,17.5185,18.3156,17.2404,17.8707,1628104.0
567,2021-02-24,17.7966,18.1117,16.9253,17.0551,3444000.0
568,2021-02-25,17.5,19.7431,16.6287,18.9552,7748000.0
569,2021-02-26,18.501,19.326,17.296,18.3713,5625000.0
570,2021-03-01,19.0479,21.7823,19.0479,21.5505,8807000.0
571,2021-03-02,21.6432,21.6432,20.0675,20.4383,2502000.0
572,2021-03-03,20.3919,20.5309,19.8358,20.2065,1223000.0
573,2021-03-04,19.8358,19.8358,18.4083,18.6308,2605800.0
574,2021-03-05,18.0746,19.1869,17.3146,18.5381,3824051.0
575,2021-03-08,18.9089,18.9089,17.2404,17.4814,2125300.0
576,2021-03-09,17.0365,17.5185,16.0911,16.7584,5525000.0
577,2021-03-10,17.5927,17.5927,16.8697,17.2404,2369300.0
578,2021-03-11,17.4814,19.0016,16.9809,19.0016,2791000.0
579,2021-03-12,19.465,21.9677,19.0016,21.2261,10215100.0
580,2021-03-15,21.9677,22.5701,21.2261,22.014,10063000.0
581,2021-03-16,20.3919,20.9944,19.6504,20.2065,24942994.0
582,2021-03-17,20.2992,20.67,19.6504,20.4846,13242000.0
583,2021-03-18,20.5773,22.3384,20.2065,21.5042,12385100.0
584,2021-03-19,21.4579,21.7823,19.9748,21.7823,7746000.0
585,2021-03-22,21.8286,22.7092,21.2261,21.7359,4391900.0
586,2021-03-23,22.3384,22.3384,20.2992,21.0871,8102126.0
587,2021-03-24,20.809,20.9481,19.465,19.8358,13012442.0
588,2021-03-25,19.1406,19.7894,18.6308,19.5577,8549600.0
589,2021-03-26,19.326,21.5042,19.326,21.3188,6479849.0
590,2021-03-29,20.9944,22.7092,20.9944,21.875,5574152.0
591,2021-03-30,21.875,22.6165,21.4115,21.5042,2515000.0
592,2021-03-31,21.5042,22.1067,21.2261,22.1067,2876000.0
593,2021-04-01,21.875,22.6165,21.2725,21.5969,3072400.0
594,2021-04-07,22.014,24.1459,21.5505,24.0068,9036000.0
595,2021-04-08,23.5897,25.7216,23.5897,25.3972,9987000.0
596,2021-04-09,25.768,25.768,23.7288,24.5166,6162600.0
597,2021-04-12,24.563,24.6093,22.9409,23.497,3919200.0
598,2021-04-13,23.8678,23.9605,22.7555,22.9409,2564000.0
599,2021-04-14,23.219,23.7288,22.8019,23.4507,3016000.0
600,2021-04-15,23.6361,23.9142,22.8019,23.9142,1796000.0
601,2021-04-16,24.0532,24.2849,23.219,24.1459,2605529.0
602,2021-04-19,23.8215,25.2118,23.8215,25.0728,2228000.0
603,2021-04-20,24.702,25.4435,24.2386,24.563,2106172.0
604,2021-04-21,24.2849,24.7484,23.6824,24.0532,2620800.0
605,2021-04-22,23.9605,24.1922,23.0336,23.4507,4687346.0
606,2021-04-23,23.358,23.8215,23.1726,23.7751,2053000.0
607,2021-04-26,23.6361,24.1922,23.497,23.8215,1716880.0
608,2021-04-27,23.6824,24.0995,23.1726,23.5897,980000.0
609,2021-04-28,23.4507,24.563,23.4507,24.5166,2525000.0
610,2021-04-29,24.5166,24.6557,23.6824,23.7288,653174.0
611,2021-04-30,23.6824,23.8215,22.8946,23.5434,691000.0
612,2021-05-03,23.5434,23.6361,22.3848,22.6628,857000.0
613,2021-05-04,22.4774,22.9409,22.3848,22.8482,678000.0
614,2021-05-05,22.5701,22.8946,21.9213,22.2457,895000.0
615,2021-05-06,22.5238,22.8019,21.6896,22.4774,2581000.0
616,2021-05-07,22.5701,23.1263,21.7823,22.3384,2912000.0
617,2021-05-10,22.014,22.4774,21.5505,21.9677,2991888.0
618,2021-05-11,21.6896,21.875,20.7627,21.4115,3458800.0
619,2021-05-12,20.9944,21.7359,20.809,21.4579,1660000.0
620,2021-05-13,21.3188,21.3188,20.0212,20.3919,2810000.0
621,2021-05-14,20.67,20.7163,19.9748,20.4846,2041000.0
622,2021-05-17,20.809,20.9017,20.1138,20.4846,2555000.0
623,2021-05-18,20.7627,22.2457,20.6236,21.9677,2687600.0
624,2021-05-20,21.9677,21.9677,20.9481,20.9481,1702776.0
625,2021-05-21,21.0871,22.0603,20.7163,21.5969,2227000.0
626,2021-05-24,21.5042,22.8019,20.9944,22.4311,4096000.0
627,2021-05-25,22.2921,22.6628,21.7823,22.5238,3046000.0
628,2021-05-26,22.4774,23.0336,22.153,22.6165,2107000.0
629,2021-05-27,22.7555,23.1726,22.6165,22.9409,1395000.0
630,2021-05-28,22.8482,23.2653,21.9677,22.153,2382000.0
631,2021-05-31,22.153,23.0336,22.153,23.0336,1343000.0
632,2021-06-01,23.0336,23.9142,22.2457,22.3848,2144000.0
633,2021-06-02,22.2457,23.0799,22.2457,22.3848,1635552.0
634,2021-06-03,22.2921,22.7092,21.5042,21.7823,1277000.0
635,2021-06-04,21.6432,21.9213,20.67,20.809,2390000.0
636,2021-06-07,20.9017,21.6432,20.8554,21.1798,2098000.0
637,2021-06-08,21.4579,22.2457,20.9944,21.6896,1691000.0
638,2021-06-09,21.5969,22.2457,20.9017,21.0407,1449000.0
639,2021-06-10,20.9017,21.5505,19.7431,20.0675,4541500.0
640,2021-06-11,20.3456,20.9944,20.2065,20.9481,3437000.0
641,2021-06-15,20.809,20.9481,19.9748,20.2529,3299000.0
642,2021-06-16,20.2529,20.67,19.1869,19.465,3420000.0
643,2021-06-17,19.0479,19.6967,18.9089,19.1406,3889000.0
644,2021-06-18,19.4187,20.1138,18.7698,19.4187,2462000.0
645,2021-06-21,19.4187,20.1602,19.0016,19.604,3451000.0
646,2021-06-22,19.5577,20.6236,19.326,19.8358,3169000.0
647,2021-06-23,19.8821,21.1798,19.8821,20.9944,2971354.0
648,2021-06-24,20.9017,21.3188,20.6236,21.2725,1596888.0
649,2021-06-25,21.2725,21.5042,20.7163,21.3188,1996000.0
650,2021-06-28,21.2725,21.6896,20.7627,21.0407,835796.0
651,2021-06-29,20.9481,21.7823,20.7627,21.7823,2993000.0
652,2021-06-30,21.875,22.2457,21.4579,21.875,3412446.0
653,2021-07-02,22.5142,22.5142,20.8221,22.0912,4005000.0
654,2021-07-05,21.9032,21.9032,20.5871,20.7281,3474986.0
655,2021-07-06,20.6811,21.8562,20.6811,21.6212,6511212.0
656,2021-07-07,21.4332,22.0912,21.0101,21.3862,1438000.0
657,2021-07-08,21.1511,21.2452,19.8351,20.1171,3875931.0
658,2021-07-09,19.9291,20.2581,19.4121,19.8351,1558824.0
659,2021-07-12,19.9291,20.3051,19.6001,19.8821,1960834.0
660,2021-07-13,19.9291,19.9291,19.036,19.3651,4517000.0
661,2021-07-14,19.9291,20.0231,19.224,19.5061,1632175.0
662,2021-07-15,19.6941,19.8351,18.942,19.3651,1775000.0
663,2021-07-16,19.7411,19.8821,19.177,19.8821,2273352.0
664,2021-07-19,19.7881,20.2111,19.5061,19.7411,2099322.0
665,2021-07-20,19.6471,19.7411,17.9738,18.1806,7568000.0
666,2021-07-21,18.1806,19.177,18.1806,18.848,7830174.0
667,2021-07-22,18.989,19.7411,18.613,19.6001,1997500.0
668,2021-07-23,19.6001,19.8821,18.801,19.177,2257000.0
669,2021-07-26,18.989,18.989,15.586,16.5825,9858000.0
670,2021-07-27,16.5825,16.9209,13.9128,14.4016,8753000.0
671,2021-07-28,15.9809,17.0525,14.834,17.0525,7080000.0
672,2021-07-29,17.7294,18.143,17.1089,17.7482,6472000.0
673,2021-07-30,17.7482,17.7482,16.3569,16.6201,1554276.0
674,2021-08-02,16.6201,17.1653,15.9621,16.8645,2785000.0
675,2021-08-03,17.1277,17.4849,16.8457,17.4097,1451492.0
676,2021-08-04,17.5414,17.5414,16.7141,16.8081,2522000.0
677,2021-08-05,17.3345,17.3345,15.9621,16.2253,2058097.0
678,2021-08-06,16.3945,16.4321,15.6048,15.8493,2322000.0
679,2021-08-09,15.7553,16.7141,15.398,16.4509,1390174.0
680,2021-08-10,16.5073,16.9585,16.0373,16.8269,1273000.0
681,2021-08-11,16.8645,18.237,16.8645,17.8986,4325000.0
682,2021-08-12,18.143,18.143,16.8269,17.5602,1547540.0
683,2021-08-13,17.5602,17.7858,16.9585,17.2969,1225597.0
684,2021-08-16,16.9961,17.7106,16.9585,17.1277,758000.0
685,2021-08-17,17.2405,17.4473,16.2629,16.3381,488100.0
686,2021-08-18,16.4509,16.4885,15.5108,16.0373,1006177.0
687,2021-08-19,16.0373,16.0373,14.9092,15.1348,2299000.0
688,2021-08-20,15.2852,15.4544,14.2888,14.7588,5021062.0
689,2021-08-23,15.2288,16.3569,15.2288,16.1689,4769000.0
690,2021-08-24,16.3569,17.3157,16.3569,17.2969,3655000.0
691,2021-08-25,17.1089,17.4849,16.5637,16.7329,3052392.0
692,2021-08-26,16.8269,16.9585,16.4697,16.7329,1071000.0
693,2021-08-27,16.3945,16.7141,16.1313,16.5637,1055169.0
694,2021-08-30,16.9209,16.9209,15.6989,16.0561,2150000.0
695,2021-08-31,16.0561,16.4509,15.6989,16.2253,846000.0
696,2021-09-01,16.0561,16.6201,15.9057,16.4885,2069000.0
697,2021-09-02,16.4885,17.2029,16.4885,17.1653,2461348.0
698,2021-09-03,17.0149,17.1277,16.5637,16.9585,1741176.0
699,2021-09-06,16.7329,16.9209,16.3193,16.5261,867000.0
700,2021-09-07,16.3569,16.5261,16.0561,16.1877,1328697.0
701,2021-09-08,16.1689,16.2629,15.9057,15.9997,2166000.0
702,2021-09-09,15.8869,16.0185,15.4168,15.5108,2753631.0
703,2021-09-10,15.5108,15.9809,15.4168,15.9057,1503403.0
704,2021-09-13,15.6613,16.0749,15.5296,15.9809,2161171.0
705,2021-09-14,15.6424,15.9809,14.9844,15.304,2222534.0
706,2021-09-15,15.1348,15.3604,14.1948,14.3264,4938000.0
707,2021-09-16,14.3264,14.5332,13.6307,13.9504,4211000.0
708,2021-09-17,13.9692,14.5708,13.7811,14.1008,1455000.0
709,2021-09-20,13.6871,13.8188,12.8411,13.3111,1796000.0
710,2021-09-21,13.3111,14.1008,13.1043,13.988,1190000.0
711,2021-09-23,14.364,15.0408,14.2888,14.8152,2513527.0
712,2021-09-24,14.8904,14.8904,14.0444,14.2324,1224000.0
713,2021-09-27,14.1008,14.7588,13.5931,13.7811,2213000.0
714,2021-09-28,14.1008,15.4544,13.9316,15.3228,3000000.0
715,2021-09-29,14.8152,15.5108,14.7964,15.492,1245000.0
716,2021-09-30,15.4168,15.6424,15.0596,15.6424,859217.0
717,2021-10-04,15.5296,16.1125,15.0032,15.5672,954000.0
718,2021-10-05,15.1348,15.5484,14.646,14.9468,703000.0
719,2021-10-06,15.2476,15.2476,14.1008,14.7964,782000.0
720,2021-10-07,14.646,15.4168,14.4956,15.3228,1538000.0
721,2021-10-08,14.7776,15.3416,14.7776,15.0972,1948000.0
722,2021-10-11,15.0784,15.6989,15.0784,15.5484,1685000.0
723,2021-10-12,15.2476,16.0749,15.1724,15.3792,1736000.0
724,2021-10-15,15.3792,15.492,14.9468,15.304,1306000.0
725,2021-10-18,14.7776,15.4732,14.7776,14.9468,597000.0
726,2021-10-19,14.7776,15.0784,14.7588,14.8716,1011000.0
727,2021-10-20,14.8528,15.1348,14.8152,15.0596,927000.0
728,2021-10-21,14.9656,15.9621,14.9656,15.6989,2068000.0
729,2021-10-22,15.1348,16.7329,15.1348,16.1689,4199000.0
730,2021-10-25,16.1689,16.2065,15.5108,15.6989,2190000.0
731,2021-10-26,15.5484,15.8681,14.9656,15.2852,2102000.0
732,2021-10-27,14.5708,15.4168,14.4768,15.0972,1403000.0
733,2021-10-28,14.9844,15.2288,14.8152,14.9468,781000.0
734,2021-10-29,14.7964,14.7964,14.1008,14.2324,1746000.0
735,2021-11-01,14.1008,14.1384,13.7059,13.7999,718174.0
736,2021-11-02,13.7999,14.0444,13.1607,13.2735,1156000.0
737,2021-11-03,13.2923,13.6871,13.2359,13.4051,1291000.0
738,2021-11-04,13.4051,13.5555,12.9727,13.1419,1324000.0
739,2021-11-05,12.9351,12.9727,12.5779,12.6155,1402000.0
740,2021-11-08,12.5027,13.0291,12.4651,12.6907,804000.0
741,2021-11-09,12.7283,12.7847,12.3335,12.5403,769000.0
742,2021-11-10,12.4275,13.6683,12.1267,13.5367,3157000.0
743,2021-11-11,13.2735,14.1948,13.1795,14.0256,2035000.0
744,2021-11-12,14.4768,14.4768,13.6871,14.0632,1386000.0
745,2021-11-15,13.9692,14.1384,13.1983,13.2735,1085000.0
746,2021-11-16,13.2735,14.0632,13.2735,13.988,1381000.0
747,2021-11-17,13.7999,14.2324,13.1983,13.2547,937000.0
748,2021-11-18,13.2547,13.2547,12.5403,12.6343,1618000.0
749,2021-11-19,12.4463,13.1607,12.2959,12.9539,1544000.0
750,2021-11-22,13.1607,13.1607,12.6531,12.7283,817600.0
751,2021-11-23,12.5967,13.1043,12.4651,12.5967,1024000.0
752,2021-11-24,12.4839,12.7847,12.3523,12.6719,1058000.0
753,2021-11-25,12.6531,13.1231,12.6531,12.9915,683000.0
754,2021-11-26,12.8223,12.8787,12.4275,12.5779,1362000.0
755,2021-11-29,12.5215,12.6907,12.4275,12.6343,528000.0
756,2021-11-30,12.7471,12.9163,12.4275,12.7471,1611000.0
757,2021-12-01,12.7283,13.4991,12.4651,12.9915,2076000.0
758,2021-12-02,13.1043,13.1043,12.3899,12.4839,1400704.0
759,2021-12-03,12.7847,12.7847,11.8822,12.1079,1068000.0
760,2021-12-06,12.1831,12.9727,12.0891,12.4651,2803000.0
761,2021-12-07,12.6531,13.3487,12.6531,13.2359,2117175.0
762,2021-12-08,13.1607,13.2923,12.9351,13.0667,1766000.0
763,2021-12-09,13.0667,13.7247,13.0667,13.7247,1325705.0
764,2021-12-10,13.4991,13.6495,12.5215,12.7095,1559000.0
765,2021-12-13,12.7095,13.0667,12.2395,12.3147,978000.0
766,2021-12-14,12.4463,12.4463,10.961,10.961,6340353.0
767,2021-12-15,10.961,11.4122,10.4534,10.9422,5250020.0
768,2021-12-16,10.9798,11.431,10.3406,10.491,6366000.0
769,2021-12-17,10.7918,11.431,10.6226,11.0738,4291467.0
770,2021-12-20,11.1678,11.337,10.585,10.9986,1717167.0
771,2021-12-21,11.1114,11.5062,10.961,11.1866,1403174.0
772,2021-12-22,11.431,11.713,11.2994,11.6378,1488742.0
773,2021-12-23,11.713,11.9763,11.1678,11.3182,3067000.0
774,2021-12-24,11.0926,11.2806,10.4534,10.5286,3440000.0
775,2021-12-28,10.5286,11.1866,10.5286,10.9986,3742719.0
776,2021-12-29,11.1114,11.1114,9.8893,10.1714,3332000.0
777,2021-12-30,10.209,10.2466,9.6449,9.9269,3387529.0
778,2021-12-31,10.2842,10.5286,10.1526,10.5098,830000.0
779,2022-01-03,10.3782,10.4346,9.2783,9.3253,2081000.0
780,2022-01-04,9.4757,10.2278,9.4757,10.1902,4740352.0
781,2022-01-05,9.7765,10.6978,9.7765,10.491,5249955.0
782,2022-01-06,10.8106,10.8294,10.0961,10.2654,2690000.0
783,2022-01-07,10.3594,11.243,10.0773,11.0926,3160702.0
784,2022-01-10,11.1302,12.0703,10.7542,11.807,5393000.0
785,2022-01-11,11.2994,12.2771,11.2994,12.1267,1999500.0
786,2022-01-12,12.1267,12.3711,11.6378,11.8634,1648087.0
787,2022-01-13,11.5438,11.8446,11.0174,11.0738,1857000.0
788,2022-01-14,10.7354,11.1114,10.5662,10.6978,1906334.0
789,2022-01-17,11.4498,11.4686,10.303,10.7918,1906000.0
790,2022-01-18,10.9046,11.1866,10.7918,11.0362,778000.0
791,2022-01-19,11.1678,12.2771,11.1678,12.1455,3125000.0
792,2022-01-20,12.2207,13.6119,12.2207,13.5367,6629948.0
793,2022-01-21,13.1607,14.082,13.0667,13.7999,3839000.0
794,2022-01-24,13.7999,14.7588,13.4615,13.5743,3683000.0
795,2022-01-25,13.4803,14.082,13.2359,13.2547,2244347.0
796,2022-01-26,13.2923,13.894,13.2547,13.5179,3148674.0
797,2022-01-27,13.1607,13.2735,12.7095,12.8787,1231000.0
798,2022-01-28,12.8787,13.4051,12.7471,12.8787,622128.0
799,2022-01-31,13.0291,13.1231,12.7659,13.0667,290000.0
800,2022-02-04,14.1008,14.1008,13.3675,14.0068,510000.0
801,2022-02-07,13.6307,14.2324,13.5931,14.1008,859000.0
802,2022-02-08,13.9128,14.0444,13.3111,13.5743,1218000.0
803,2022-02-09,13.894,14.4956,13.8376,14.2888,2714894.0
804,2022-02-10,14.2888,15.1348,14.2888,15.0408,2110452.0
805,2022-02-11,15.5108,15.8493,14.6836,15.0408,4150000.0
806,2022-02-14,14.9468,14.9468,14.2888,14.3076,1142524.0
807,2022-02-15,14.3076,14.552,13.4239,13.7059,3037000.0
808,2022-02-16,13.7999,14.0256,13.4427,13.6683,2031171.0
809,2022-02-17,13.5555,13.988,13.2735,13.4991,1425738.0
810,2022-02-18,13.4991,14.646,13.4991,14.2512,1910000.0
811,2022-02-21,14.2136,14.646,13.5555,13.9128,1460000.0
812,2022-02-22,13.4615,14.1572,13.3299,13.7811,2289000.0
813,2022-02-23,13.7623,14.0256,13.5555,13.6871,1085000.0
814,2022-02-24,13.3863,13.3863,12.3147,12.6531,2050000.0
815,2022-02-25,12.6719,13.2735,12.6719,13.0103,2290000.0
816,2022-02-28,12.5967,12.8411,12.0139,12.2959,1968529.0
817,2022-03-01,12.2959,12.8787,12.1455,12.8223,2164000.0
818,2022-03-02,12.8975,12.8975,12.2959,12.6531,1740171.0
819,2022-03-03,12.6531,13.2547,12.6531,12.8223,1090000.0
820,2022-03-04,12.3147,12.7471,12.1455,12.4275,1155000.0
821,2022-03-07,11.9386,12.6155,11.6378,12.0515,4000353.0
822,2022-03-08,11.8634,11.9951,10.6414,10.9422,2968100.0
823,2022-03-09,11.7506,11.7506,10.1338,10.3406,5867000.0
824,2022-03-10,11.1302,11.1302,10.3782,10.8106,2769243.0
825,2022-03-11,10.4346,10.7542,9.8705,10.3218,3796000.0
826,2022-03-14,9.8893,10.1149,8.5169,8.6015,4887000.0
827,2022-03-15,8.6485,8.9963,6.6462,6.8624,9825784.0
828,2022-03-16,7.3418,9.1843,6.8718,8.8365,8216884.0
829,2022-03-17,9.8705,10.4534,9.3159,10.303,5972000.0
830,2022-03-18,10.209,10.209,9.1279,9.9081,3290000.0
831,2022-03-21,10.1149,10.2842,9.5885,9.7953,2005082.0
832,2022-03-22,9.5885,10.5098,9.3441,10.397,1651000.0
833,2022-03-23,10.1526,10.9046,10.0585,10.4346,3182000.0
834,2022-03-24,10.4158,10.7354,9.7765,9.8517,1424650.0
835,2022-03-25,9.5509,10.1526,8.8177,9.2783,3951998.0
836,2022-03-28,9.1185,9.1185,8.3477,8.4417,6887000.0
837,2022-03-29,8.4323,8.7143,7.8776,8.3665,4369000.0
838,2022-03-30,8.3195,9.3441,8.3195,8.8365,6587000.0
839,2022-03-31,9.2313,9.2313,8.4605,8.8835,1246000.0
840,2022-04-01,8.7425,8.8835,8.5263,8.8271,1251000.0
841,2022-04-04,8.9775,10.585,8.9775,10.3782,3479000.0
842,2022-04-06,10.5474,10.8106,9.6073,10.5662,5843074.0
843,2022-04-07,10.4346,10.773,10.1526,10.2278,3815000.0
844,2022-04-08,10.4722,10.5286,9.9457,10.3782,2585000.0
845,2022-04-11,10.0585,10.0585,9.3723,9.5509,2405311.0
846,2022-04-12,9.8141,9.9081,9.3817,9.6261,1520000.0
847,2022-04-13,9.7013,9.7765,9.2877,9.4757,671000.0
848,2022-04-14,9.5885,9.9833,9.4193,9.9645,1747000.0
849,2022-04-19,9.8329,9.9269,9.4193,9.5509,1691047.0
850,2022-04-20,9.2595,9.5509,8.9775,9.1655,1917507.0
851,2022-04-21,8.7707,9.1561,8.7237,8.7519,1662000.0
852,2022-04-22,8.6955,8.9211,8.5075,8.5921,1365000.0
853,2022-04-25,8.4605,8.4605,7.934,8.169,1399000.0
854,2022-04-26,8.1784,8.5545,7.9904,8.0374,1619000.0
855,2022-04-27,8.028,8.4511,7.8494,8.1972,1346775.0
856,2022-04-28,8.0938,8.2536,7.887,8.1314,671775.0
857,2022-04-29,8.1314,8.6861,7.8964,8.6861,594000.0
858,2022-05-03,8.6861,9.0433,8.3289,8.7237,513583.0
859,2022-05-04,8.5733,8.6391,8.2348,8.3571,344000.0
860,2022-05-05,8.4323,8.8647,8.3007,8.3007,1335000.0
861,2022-05-06,8.0186,8.0468,7.5392,7.5392,1701000.0
862,2022-05-10,7.4734,7.4734,7.0504,7.276,1627174.0
863,2022-05-11,7.699,7.699,7.1256,7.1914,1497000.0
864,2022-05-12,7.2008,7.2008,6.7778,6.9658,3524000.0
865,2022-05-13,7.2572,7.746,7.2102,7.7178,1116834.0
866,2022-05-16,8.0186,8.0844,7.3418,7.5862,3122000.0
867,2022-05-17,7.5862,7.7366,7.3512,7.7178,1259000.0
868,2022-05-18,7.7178,7.7836,7.4734,7.7366,833000.0
869,2022-05-19,7.2948,8.0844,7.2948,7.9716,2243000.0
870,2022-05-20,8.2348,8.3665,7.652,7.8682,2101000.0
871,2022-05-23,7.8024,7.8024,7.5204,7.6896,613000.0
872,2022-05-24,7.7272,7.7836,7.4358,7.464,425000.0
873,2022-05-25,7.4546,7.5392,7.3418,7.464,472000.0
874,2022-05-26,7.464,7.6238,7.2572,7.3888,540000.0
875,2022-05-27,7.5486,7.6238,7.0692,7.2854,1341000.0
876,2022-05-30,7.088,7.4922,7.088,7.3982,602000.0
877,2022-05-31,7.5204,7.8024,7.5204,7.8024,1430000.0
878,2022-06-01,7.7648,8.1596,7.7648,7.7648,850000.0
879,2022-06-02,7.9246,7.9246,7.558,7.7836,618439.0
880,2022-06-06,7.793,7.8024,7.4358,7.7836,642000.0
881,2022-06-07,7.7742,7.981,7.7554,7.9246,703000.0
882,2022-06-08,8.0562,8.0562,7.8494,7.9434,973000.0
883,2022-06-09,8.0374,8.4229,7.84,8.3853,2476000.0
884,2022-06-10,8.1596,8.2442,7.9058,8.0844,1207000.0
885,2022-06-13,7.84,7.84,7.2666,7.3324,2062000.0
886,2022-06-14,7.323,7.3982,7.0974,7.2948,939506.0
887,2022-06-15,7.4076,8.0844,7.4076,7.8682,2356000.0
888,2022-06-16,7.9058,8.0844,7.5016,7.5956,559528.0
889,2022-06-17,7.5862,7.7084,7.4734,7.7084,843000.0
890,2022-06-20,7.8776,8.6109,7.8776,8.4605,2728000.0
891,2022-06-21,8.5075,8.7143,8.2066,8.5451,1254494.0
892,2022-06-22,8.5733,8.5733,7.9904,8.1878,959109.0
893,2022-06-23,8.1126,8.3477,8.1126,8.216,631000.0
894,2022-06-24,8.3477,8.5169,8.1502,8.1878,1714000.0
895,2022-06-27,8.3759,8.5545,8.2724,8.4041,2352000.0
896,2022-06-28,8.4041,8.6391,8.2724,8.6015,1001352.0
897,2022-06-29,8.6015,9.1091,8.3477,8.6579,2354000.0
898,2022-06-30,8.6787,8.9663,8.4581,8.7554,865000.0
899,2022-07-04,8.5923,8.6403,8.0841,8.3142,1948525.0
900,2022-07-05,8.343,8.343,8.1608,8.1992,463752.0
901,2022-07-06,8.2375,8.2375,7.8539,8.0745,1875330.0
902,2022-07-07,8.2375,8.2375,7.9211,7.9498,778000.0
903,2022-07-08,8.2471,8.4389,8.0457,8.0457,824000.0
904,2022-07-11,7.8827,7.8827,7.4799,7.6526,1789000.0
905,2022-07-12,7.6717,7.7293,7.4416,7.4416,629000.0
906,2022-07-13,7.384,7.3936,7.0005,7.01,1797000.0
907,2022-07-14,6.9909,7.384,6.8087,6.9717,2178000.0
908,2022-07-15,7.01,7.01,6.4826,6.6456,1376000.0
909,2022-07-18,6.8662,7.0388,6.7415,6.895,1057000.0
910,2022-07-19,6.9525,7.0292,6.7032,6.8662,647000.0
911,2022-07-20,6.6744,6.9142,6.5977,6.6169,1388000.0
912,2022-07-21,6.6265,6.7032,6.3388,6.3484,1441000.0
913,2022-07-22,6.5306,6.5306,6.2812,6.3292,1176147.0
914,2022-07-25,6.4251,6.8374,6.4251,6.6648,1343000.0
915,2022-07-26,6.5881,7.2881,6.4922,7.2402,2220791.0
916,2022-07-27,7.1443,7.2402,6.099,6.4251,5690000.0
917,2022-07-28,6.5785,6.8087,6.2333,6.5593,3030000.0
918,2022-07-29,6.5785,6.5785,6.31,6.3388,1500171.0
919,2022-08-01,6.3388,6.3388,5.8018,5.9168,2447000.0
920,2022-08-02,5.984,5.984,5.61,5.8305,911000.0
921,2022-08-03,5.8305,5.8785,5.61,5.7346,1199000.0
922,2022-08-04,5.7442,5.9744,5.6195,5.6195,1229000.0
923,2022-08-05,5.6387,6.0894,5.6387,6.0127,991000.0
924,2022-08-08,6.0127,6.2908,5.8976,5.9168,460000.0
925,2022-08-09,5.8113,6.31,5.8113,6.2812,1644000.0
926,2022-08-10,6.2141,6.521,5.7538,5.8497,1357775.0
927,2022-08-11,5.8881,6.0031,5.725,5.9935,1600000.0
928,2022-08-12,5.8976,6.2045,5.7634,6.1757,945060.0
929,2022-08-15,6.0127,6.1757,5.9072,5.9552,422292.0
930,2022-08-16,5.9552,6.7895,5.9552,6.1853,3681100.0
931,2022-08-17,6.1853,6.4538,6.099,6.4347,717000.0
932,2022-08-18,6.4251,6.5977,6.3004,6.5497,893000.0
933,2022-08-19,6.5497,6.9046,6.521,6.6552,999000.0
934,2022-08-22,6.8087,7.1635,6.6169,7.0964,2177000.0
935,2022-08-23,7.0005,7.0005,6.8183,6.9237,906000.0
936,2022-08-24,6.9237,6.9237,6.4826,6.4922,570168.0
937,2022-08-25,6.521,6.7032,6.4443,6.7032,447000.0
938,2022-08-26,6.7032,7.2018,6.7032,7.0964,876000.0
939,2022-08-29,6.6648,7.01,6.6361,6.9046,876000.0
940,2022-08-30,6.8087,7.0196,6.3771,6.4155,1537000.0
941,2022-08-31,6.3963,6.5306,6.1374,6.3292,1209000.0
942,2022-09-01,6.3292,6.6169,6.1757,6.4922,1883000.0
943,2022-09-02,6.2812,6.5977,6.1853,6.2333,1024000.0
944,2022-09-05,6.2525,6.3771,6.1182,6.2141,839168.0
945,2022-09-06,6.2333,6.5114,6.2333,6.3292,1175000.0
946,2022-09-07,6.2812,6.3484,6.0415,6.1949,688166.0
947,2022-09-08,6.1853,6.1949,6.0415,6.0894,288000.0
948,2022-09-09,6.0894,6.7128,6.0894,6.6648,2938000.0
949,2022-09-13,6.8087,6.8278,6.473,6.7415,1192000.0
950,2022-09-14,6.5977,6.7799,6.521,6.7128,680859.0
951,2022-09-15,6.8566,7.1923,6.847,7.0388,2495000.0
952,2022-09-16,7.0005,7.0388,6.6552,6.6648,800000.0
953,2022-09-19,6.7128,6.7128,6.1374,6.3388,1715225.0
954,2022-09-20,6.4538,6.4538,6.1853,6.2429,386000.0
955,2022-09-21,6.4155,6.4155,6.0415,6.1662,681000.0
956,2022-09-22,6.1278,6.1757,5.984,6.0031,613000.0
957,2022-09-23,6.1182,6.1182,5.8113,5.8113,361000.0
958,2022-09-26,6.0415,6.0415,5.7346,5.7922,519930.0
959,2022-09-27,5.8018,6.0799,5.7538,6.0607,838000.0
960,2022-09-28,6.0511,6.0511,5.773,5.8018,1066862.0
961,2022-09-29,5.8018,5.8018,5.2839,5.7346,624000.0
962,2022-09-30,5.7346,5.7346,5.399,5.4949,110000.0
963,2022-10-03,5.562,5.6963,4.9674,5.0825,1121000.0
964,2022-10-05,5.1017,5.4278,5.0729,5.3127,699000.0
965,2022-10-06,5.3702,5.5141,5.1592,5.2264,342000.0
966,2022-10-07,5.4278,5.4278,4.9579,4.9866,264000.0
967,2022-10-10,4.9962,5.1784,4.7565,4.8716,991000.0
968,2022-10-11,4.8811,4.977,4.5455,4.6893,689000.0
969,2022-10-12,5.0729,5.0729,4.4592,4.651,1154704.0
970,2022-10-13,4.6222,4.6222,4.2386,4.2866,1761474.0
971,2022-10-14,4.277,4.7085,4.277,4.6318,1238000.0
972,2022-10-17,4.6702,4.6893,4.3729,4.5263,1363734.0
973,2022-10-18,4.603,4.603,4.2866,4.3921,953000.0
974,2022-10-19,4.44,4.651,4.229,4.2482,907174.0
975,2022-10-20,4.229,4.3058,3.9605,4.3058,1967552.0
976,2022-10-21,4.3633,4.4688,4.2578,4.3345,1301521.0
977,2022-10-24,4.4208,4.4208,3.6824,3.8934,3349000.0
978,2022-10-25,3.8838,3.9797,3.7016,3.7783,1283000.0
979,2022-10-26,3.8071,4.0852,3.7783,3.9701,1335000.0
980,2022-10-27,4.1236,4.1907,3.9318,3.9989,946000.0
981,2022-10-28,4.0277,4.0277,3.6824,3.855,1157000.0
982,2022-10-31,3.7879,3.7879,3.3947,3.4523,1846000.0
983,2022-11-01,3.4427,3.5194,3.2701,3.4906,3908000.0
984,2022-11-02,3.4906,3.8838,3.4235,3.8646,4065000.0
985,2022-11-03,3.74,4.1236,3.74,4.0277,4218000.0
986,2022-11-04,4.0468,4.4976,3.9989,4.3345,5087250.0
987,2022-11-07,4.3249,5.1017,4.3154,4.9483,5195000.0
988,2022-11-08,5.0921,5.1784,4.7565,4.8524,2544000.0
989,2022-11-09,5.025,5.4086,4.8332,4.9387,3994500.0
990,2022-11-10,4.8811,4.9099,4.4784,4.651,2575000.0
991,2022-11-11,5.1784,6.0894,5.1784,6.0415,12143000.0
992,2022-11-14,6.9429,7.6621,6.5114,6.7991,19954000.0
993,2022-11-15,6.8662,7.969,6.5881,7.8156,10433907.0
994,2022-11-16,7.7389,7.7389,6.684,7.0388,12134301.0
995,2022-11-17,6.8183,7.1443,6.4251,7.1155,7279000.0
996,2022-11-18,7.2018,7.4704,6.8854,7.3073,3424180.0
997,2022-11-21,7.0388,7.1059,6.6456,6.7991,2580000.0
998,2022-11-22,6.9237,7.1251,6.2525,6.473,3081000.0
999,2022-11-23,6.473,6.7895,6.2333,6.7415,2364162.0
1000,2022-11-24,6.8566,7.4799,6.8566,7.4799,5735747.0
1001,2022-11-25,7.5758,7.8443,7.2402,7.7485,3388703.0
1002,2022-11-28,7.5758,7.5758,7.1635,7.5279,2820000.0
1003,2022-11-29,8.0074,8.7458,7.969,8.4773,10523860.0
1004,2022-11-30,8.4389,8.6499,7.9594,8.1992,4244000.0
1005,2022-12-01,8.343,8.6019,7.5471,7.969,3322000.0
1006,2022-12-02,8.0553,8.0841,7.7101,8.0457,1787056.0
1007,2022-12-05,8.2663,9.513,8.2663,9.4938,6523096.0
1008,2022-12-06,9.3979,9.9157,9.2732,9.6664,7731000.0
1009,2022-12-07,9.8198,10.3568,8.9663,9.1965,5184440.0
1010,2022-12-08,9.302,9.5705,9.1006,9.3787,3780112.0
1011,2022-12-09,9.3883,10.5678,9.3883,10.5486,8349000.0
1012,2022-12-12,9.9541,10.6062,9.5513,9.5897,4478485.0
1013,2022-12-13,10.1075,10.1075,9.1581,9.3979,5747130.0
1014,2022-12-14,9.5513,9.6664,9.2253,9.5705,2715025.0
1015,2022-12-15,9.2349,9.4171,8.6691,9.254,3085700.0
1016,2022-12-16,9.2444,9.7431,9.0239,9.5801,1434053.0
1017,2022-12-19,9.7239,9.8774,9.2253,9.6856,1851000.0
1018,2022-12-20,9.6856,9.6856,8.9759,9.1965,2037083.0
1019,2022-12-21,9.0335,9.3883,8.7266,9.2061,1553000.0
1020,2022-12-22,9.2061,9.6856,9.2061,9.2828,2743000.0
1021,2022-12-23,9.1006,9.4746,9.1006,9.3499,560000.0
1022,2022-12-28,9.5609,9.5705,8.8225,8.9855,3762430.0
1023,2022-12-29,8.8033,8.8992,8.3622,8.717,1723042.0
1024,2022-12-30,8.8609,8.928,8.3718,8.8225,2556000.0
1025,2023-01-03,8.6499,8.8033,8.2663,8.5828,2902000.0
1026,2023-01-04,8.7937,9.1581,8.6499,9.1294,3027080.0
1027,2023-01-05,9.1677,9.254,8.9184,9.0814,2251000.0
1028,2023-01-06,9.1581,9.4938,8.8704,9.0431,4794000.0
1029,2023-01-09,9.1485,9.1485,8.5636,8.6499,4160000.0
1030,2023-01-10,8.7937,8.7937,8.1225,8.2471,2767742.0
1031,2023-01-11,8.3526,8.506,8.017,8.1704,3905254.0
1032,2023-01-12,8.2471,8.2471,7.8923,7.9882,4219026.0
1033,2023-01-13,8.1225,8.1225,7.7293,7.9594,2445300.0
1034,2023-01-16,7.969,8.2567,7.6909,7.7676,1741000.0
1035,2023-01-17,7.7197,7.8635,7.3553,7.8635,1203000.0
1036,2023-01-18,7.6717,7.9211,7.6717,7.7676,3555000.0
1037,2023-01-19,7.7772,7.8923,7.6238,7.8443,844000.0
1038,2023-01-20,7.7197,7.9211,7.6717,7.9211,646000.0
1039,2023-01-26,7.9498,8.4389,7.9498,8.4389,836622.0
1040,2023-01-27,8.4869,8.8704,8.2471,8.8704,1891000.0
1041,2023-01-30,8.8609,8.8609,8.0074,8.0553,1491200.0
1042,2023-01-31,8.2471,8.2471,7.8443,8.0841,809140.0
1043,2023-02-01,8.1704,8.2088,7.806,8.1512,2384000.0
1044,2023-02-02,8.1512,8.1512,7.7005,7.7676,2003000.0
1045,2023-02-03,7.7676,7.7676,7.432,7.6238,1703083.0
1046,2023-02-06,7.6238,7.6238,7.1731,7.1731,967000.0
1047,2023-02-07,7.3265,7.6238,7.2498,7.4416,2138200.0
1048,2023-02-08,7.5567,7.5758,7.1923,7.2114,1521000.0
1049,2023-02-09,7.1539,7.2114,7.0484,7.0772,3324077.0
1050,2023-02-10,7.0964,7.1155,6.7991,6.847,1248000.0
1051,2023-02-13,6.9046,7.1347,6.7128,7.1347,3133060.0
1052,2023-02-14,7.1347,7.2594,7.058,7.1443,1169000.0
1053,2023-02-15,7.1539,7.1539,6.8087,6.8758,1751000.0
1054,2023-02-16,6.8854,7.1059,6.8854,6.9621,595000.0
1055,2023-02-17,6.9621,7.0292,6.6936,6.7032,1208000.0
1056,2023-02-20,6.7607,6.9813,6.7032,6.9237,1455000.0
1057,2023-02-21,7.2498,7.2498,6.7607,6.7799,1158136.0
1058,2023-02-22,6.9909,6.9909,6.4155,6.5018,2153000.0
1059,2023-02-23,6.4347,6.5689,6.3867,6.4059,759001.0
1060,2023-02-24,6.358,6.3867,6.2141,6.3292,869000.0
1061,2023-02-27,6.3292,6.4347,6.1374,6.2908,578000.0
1062,2023-02-28,6.521,6.5306,6.0223,6.0703,1435000.0
1063,2023-03-01,6.0511,6.4347,6.0511,6.4251,1906000.0
1064,2023-03-02,6.4251,6.4251,6.31,6.3292,623000.0
1065,2023-03-03,6.3867,6.5497,6.31,6.5497,1564000.0
1066,2023-03-06,6.4443,6.521,6.1374,6.5114,1046000.0
1067,2023-03-07,6.4059,6.473,6.0894,6.1086,1038000.0
1068,2023-03-08,6.1374,6.1853,5.8785,5.9072,598000.0
1069,2023-03-09,5.8689,6.0894,5.7346,5.7442,1292000.0
1070,2023-03-10,5.5716,5.7826,5.4853,5.61,2321000.0
1071,2023-03-13,5.3798,5.6579,5.3798,5.5045,953000.0
1072,2023-03-14,5.5045,5.5045,5.1784,5.3414,2093000.0
1073,2023-03-15,5.4086,5.7059,5.2168,5.3127,4875000.0
1074,2023-03-16,5.3223,5.5524,5.3223,5.5045,1150000.0
1075,2023-03-17,5.5908,5.725,5.5236,5.6771,732110.0
1076,2023-03-20,5.5716,5.5812,5.4373,5.5236,1047000.0
1077,2023-03-21,5.6004,5.7059,5.5236,5.61,1095000.0
1078,2023-03-22,5.6771,5.7826,5.6771,5.7346,1349060.0
1079,2023-03-23,5.6004,5.7154,5.5236,5.7154,840000.0
1080,2023-03-24,5.5716,5.6579,5.4086,5.5141,1698000.0
1081,2023-03-27,5.5141,5.5236,5.1976,5.2072,1424000.0
1082,2023-03-28,5.236,5.3127,5.1113,5.2072,1394000.0
1083,2023-03-29,5.3031,5.4373,5.2072,5.3702,1555000.0
1084,2023-03-30,5.3702,6.2908,5.3702,6.0415,6348000.0
1085,2023-03-31,6.0799,6.2716,5.8401,5.9168,4641400.0
1086,2023-04-03,5.9168,6.0223,5.6291,5.7442,2585000.0
1087,2023-04-04,5.6963,5.7826,5.5332,5.7826,2307000.0
1088,2023-04-06,5.5908,5.5908,5.188,5.4565,2576000.0
1089,2023-04-11,5.5236,6.2333,5.5236,6.1374,4618954.0
1090,2023-04-12,6.1949,6.1949,5.8593,6.0415,1874000.0
1091,2023-04-13,6.0607,6.0799,5.7059,5.9935,2602000.0
1092,2023-04-14,6.0607,6.0607,5.8401,5.8401,690000.0
1093,2023-04-17,5.9744,5.9744,5.6675,5.7346,1234000.0
1094,2023-04-18,5.7538,5.8305,5.5716,5.5812,1496000.0
1095,2023-04-19,5.6195,5.6195,5.399,5.4182,1597000.0
1096,2023-04-20,5.4373,5.5045,5.2264,5.2264,990000.0
1097,2023-04-21,5.3223,5.4086,5.1784,5.236,1399000.0
1098,2023-04-24,5.236,5.3031,5.0538,5.1497,689000.0
1099,2023-04-25,5.1784,5.1784,4.7757,4.8524,2142000.0
1100,2023-04-26,4.8716,5.0442,4.8428,4.9099,1405000.0
1101,2023-04-27,4.8907,4.8907,4.5935,4.6126,4990000.0
1102,2023-04-28,4.7181,4.7181,4.5647,4.6606,1920000.0
1103,2023-05-02,4.7661,4.7661,4.488,4.5647,458000.0
1104,2023-05-03,4.5455,4.5935,4.44,4.5263,504000.0
1105,2023-05-04,4.7181,4.7181,4.3633,4.4688,1819000.0
1106,2023-05-05,4.5263,4.7661,4.4688,4.7277,1879000.0
1107,2023-05-08,4.5839,4.7181,4.4688,4.5263,2443000.0
1108,2023-05-09,4.5359,4.6126,4.3345,4.3441,2535000.0
1109,2023-05-10,4.3825,4.4017,4.2674,4.3729,1299000.0
1110,2023-05-11,4.4112,4.488,4.3154,4.3825,1193000.0
1111,2023-05-12,4.3345,4.3729,4.2195,4.2962,1579000.0
1112,2023-05-15,4.2866,4.2962,4.1907,4.2195,679000.0
1113,2023-05-16,4.277,4.277,4.1523,4.1907,924000.0
1114,2023-05-17,4.2674,4.2674,4.0373,4.0564,1056000.0
1115,2023-05-18,4.1044,4.114,4.0277,4.0277,679000.0
1116,2023-05-19,3.9989,3.9989,3.903,3.9414,991000.0
1117,2023-05-22,3.9222,4.0564,3.903,3.9797,933000.0
1118,2023-05-23,3.9701,4.0373,3.8646,3.8646,1015000.0
1119,2023-05-24,3.903,3.903,3.8359,3.8742,885000.0
1120,2023-05-25,3.8359,3.8359,3.7208,3.7687,1898000.0
1121,2023-05-29,3.7879,3.7879,3.6441,3.692,1564000.0
1122,2023-05-30,3.6728,3.7783,3.5386,3.7304,4569000.0
1123,2023-05-31,3.6633,3.6824,3.5386,3.6153,2285000.0
1124,2023-06-01,3.6441,3.7016,3.529,3.5386,1863000.0
1125,2023-06-02,3.5961,4.2003,3.5961,4.114,5796000.0
1126,2023-06-05,4.0564,4.0564,3.8071,3.9318,4199000.0
1127,2023-06-06,4.0373,4.44,4.0277,4.1044,4618000.0
1128,2023-06-07,4.1523,4.3154,4.1523,4.2195,2046000.0
1129,2023-06-08,4.2195,4.3825,4.0852,4.2578,2049600.0
1130,2023-06-09,4.2674,4.2674,4.0756,4.1715,1976000.0
1131,2023-06-12,4.1907,4.1907,3.9797,4.0756,1381000.0
1132,2023-06-13,4.0948,4.2674,4.0948,4.1907,1346000.0
1133,2023-06-14,4.229,4.2866,4.1523,4.1619,930000.0
1134,2023-06-15,4.277,4.4112,4.2099,4.3441,3005000.0
1135,2023-06-16,4.3345,4.488,4.277,4.4304,4117000.0
1136,2023-06-19,4.4688,4.4688,4.0852,4.1236,2907000.0
1137,2023-06-20,4.1619,4.1619,3.903,3.9222,2861000.0
1138,2023-06-21,3.903,3.9605,3.8263,3.8359,893000.0
1139,2023-06-23,3.7687,3.8167,3.6345,3.6537,423000.0
1140,2023-06-26,3.692,3.8263,3.5961,3.7592,5083000.0
1141,2023-06-27,3.8167,4.1236,3.7687,4.0277,7115000.0
1142,2023-06-28,3.9989,4.1044,3.9222,4.0852,2911000.0
1143,2023-06-29,4.0277,4.0468,3.9701,3.9797,1305000.0
1144,2023-06-30,3.9414,4.1523,3.8646,4.066,1256000.0
1145,2023-07-03,4.15,4.23,4.1,4.22,1692500.0
1146,2023-07-04,4.22,4.31,4.12,4.3,1220000.0
1147,2023-07-05,4.23,4.29,4.0,4.11,2174400.0
1148,2023-07-06,4.06,4.17,4.02,4.08,1223000.0
1149,2023-07-07,4.15,4.15,4.05,4.11,514000.0
1150,2023-07-10,4.18,4.28,4.13,4.19,1811000.0
1151,2023-07-11,4.28,4.4,4.17,4.19,2037095.0
1152,2023-07-12,4.19,4.2,4.01,4.01,1484000.0
1153,2023-07-13,4.13,4.18,4.05,4.08,1432000.0
1154,2023-07-14,4.05,4.11,3.96,4.08,1140000.0
1155,2023-07-18,4.11,4.11,3.75,3.82,2895000.0
1156,2023-07-19,3.81,4.12,3.78,4.09,1637000.0
1157,2023-07-20,4.16,4.3,4.15,4.15,2324000.0
1158,2023-07-21,4.3,4.3,4.05,4.11,843000.0
1159,2023-07-24,4.11,4.11,3.91,3.96,2256300.0
1160,2023-07-25,4.18,4.7,4.18,4.7,4841300.0
1161,2023-07-26,4.77,4.77,4.57,4.7,3068000.0
1162,2023-07-27,4.78,5.09,4.59,5.0,3288000.0
1163,2023-07-28,5.0,5.16,4.75,5.0,3661000.0
1164,2023-07-31,5.12,5.75,5.1,5.22,6574000.0
1165,2023-08-01,5.12,5.25,4.91,4.92,2301000.0
1166,2023-08-02,5.1,5.4,4.92,5.02,2644000.0
1167,2023-08-03,4.94,5.12,4.86,5.0,2007000.0
1168,2023-08-04,5.21,5.25,4.96,5.06,1723000.0
1169,2023-08-07,5.1,5.1,4.76,4.84,1387000.0
1170,2023-08-08,4.72,4.85,4.54,4.76,2923135.0
1171,2023-08-09,4.57,4.72,4.53,4.68,1605000.0
1172,2023-08-10,4.61,4.65,4.53,4.56,593450.0
1173,2023-08-11,4.52,4.56,4.36,4.53,1159000.0
1174,2023-08-14,4.53,4.53,4.27,4.38,1048828.0
1175,2023-08-15,4.5,4.55,4.27,4.32,629000.0
1176,2023-08-16,4.3,4.5,4.27,4.34,648000.0
1177,2023-08-17,4.29,4.47,4.25,4.47,1114000.0
1178,2023-08-18,4.41,4.52,4.4,4.41,890000.0
1179,2023-08-21,4.32,4.37,4.19,4.21,1252000.0
1180,2023-08-22,4.4,4.41,4.12,4.38,1608000.0
1181,2023-08-23,4.25,4.38,4.21,4.26,1195000.0
1182,2023-08-24,4.29,4.61,4.27,4.6,1391000.0
1183,2023-08-25,4.46,4.74,4.45,4.71,1075000.0
1184,2023-08-28,4.9,5.11,4.48,4.6,3134000.0
1185,2023-08-29,4.52,4.89,4.5,4.86,6326000.0
1186,2023-08-30,4.9,4.99,4.58,4.59,1876000.0
1187,2023-08-31,4.64,4.79,4.38,4.38,2673240.0
1188,2023-09-04,4.63,5.0,4.56,4.92,4331000.0
1189,2023-09-05,5.0,5.0,4.7,4.81,1272000.0
1190,2023-09-06,4.7,5.23,4.63,5.23,4564000.0
1191,2023-09-07,5.27,5.3,4.93,5.03,2105000.0
1192,2023-09-11,4.87,4.87,4.62,4.77,2816000.0
1193,2023-09-12,4.78,4.78,4.6,4.62,1911000.0
1194,2023-09-13,4.67,4.93,4.67,4.77,1806000.0
1195,2023-09-14,4.86,4.86,4.51,4.62,1035000.0
1196,2023-09-15,4.64,4.64,4.52,4.59,1682000.0
1197,2023-09-18,4.65,4.65,4.4,4.46,643000.0
1198,2023-09-19,4.46,4.46,4.34,4.37,874000.0
1199,2023-09-20,4.43,4.46,4.29,4.32,831000.0
1200,2023-09-21,4.25,4.41,4.25,4.31,1271000.0
1201,2023-09-22,4.3,4.71,4.28,4.58,1577200.0
1202,2023-09-25,4.58,4.58,4.3,4.34,997000.0
1203,2023-09-26,4.29,4.4,4.22,4.34,1084000.0
1204,2023-09-27,4.34,4.36,4.08,4.1,1330000.0
1205,2023-09-28,4.11,4.13,3.96,3.99,1029000.0
1206,2023-09-29,4.0,4.2,4.0,4.16,193500.0
1207,2023-10-03,4.1,4.1,3.82,3.99,279000.0
1208,2023-10-04,3.99,3.99,3.86,3.87,86000.0
1209,2023-10-05,3.87,3.99,3.87,3.92,207172.0
1210,2023-10-06,4.14,4.2,4.05,4.09,330000.0
1211,2023-10-09,4.07,4.08,3.89,4.05,588000.0
1212,2023-10-10,4.14,4.23,3.9,3.9,733000.0
1213,2023-10-11,3.99,4.1,3.93,4.07,697000.0
1214,2023-10-12,4.07,4.11,4.03,4.08,503000.0
1215,2023-10-13,4.0,4.06,3.94,3.94,359500.0
1216,2023-10-16,3.95,4.03,3.87,3.95,497000.0
1217,2023-10-17,3.95,3.96,3.92,3.94,248000.0
1218,2023-10-18,3.88,3.94,3.8,3.8,744000.0
1219,2023-10-19,3.83,3.85,3.75,3.78,333000.0
1220,2023-10-20,3.83,3.98,3.8,3.83,618300.0
1221,2023-10-24,3.77,3.8,3.68,3.71,631000.0
1222,2023-10-25,3.86,3.86,3.68,3.69,667000.0
1223,2023-10-26,3.69,3.77,3.63,3.71,464000.0
1224,2023-10-27,3.69,3.87,3.69,3.84,559000.0
1225,2023-10-30,3.84,3.89,3.79,3.83,355000.0
1226,2023-10-31,3.9,3.9,3.7,3.76,627000.0
1227,2023-11-01,3.73,3.73,3.55,3.56,1012500.0
1228,2023-11-02,3.61,3.62,3.45,3.48,779000.0
1229,2023-11-03,3.57,3.59,3.52,3.54,574000.0
1230,2023-11-06,3.6,4.02,3.6,4.02,2617600.0
1231,2023-11-07,4.09,4.09,3.82,3.9,1354000.0
1232,2023-11-08,3.9,4.17,3.9,4.02,1287000.0
1233,2023-11-09,4.0,4.0,3.78,3.81,1098000.0
1234,2023-11-10,3.74,3.81,3.74,3.76,474000.0
1235,2023-11-13,3.73,3.78,3.66,3.72,546000.0
1236,2023-11-14,3.72,3.9,3.72,3.85,747000.0
1237,2023-11-15,3.9,4.01,3.9,3.96,1049000.0
1238,2023-11-16,4.03,4.03,3.84,3.95,1049000.0
1239,2023-11-17,3.93,3.93,3.79,3.8,464000.0
1240,2023-11-20,3.9,3.93,3.78,3.89,910000.0
1241,2023-11-21,4.0,4.4,4.0,4.18,4774000.0
1242,2023-11-22,4.22,4.22,3.91,3.99,1717000.0
1243,2023-11-23,4.08,4.35,3.97,4.35,4173000.0
1244,2023-11-24,4.38,4.4,4.13,4.2,2025000.0
1245,2023-11-27,4.27,4.28,3.93,4.03,1645000.0
1246,2023-11-28,4.1,4.12,3.92,3.94,752000.0
1247,2023-11-29,3.93,3.97,3.75,3.77,1336000.0
1248,2023-11-30,3.77,3.81,3.7,3.73,873000.0
1249,2023-12-01,3.7,3.76,3.58,3.71,3227000.0
1250,2023-12-04,3.77,3.77,3.51,3.53,1168400.0
1251,2023-12-05,3.53,3.59,3.42,3.42,1280000.0
1252,2023-12-06,3.43,3.55,3.4,3.48,480000.0
1253,2023-12-07,3.45,3.55,3.45,3.51,866000.0
1254,2023-12-08,3.5,3.5,3.36,3.36,673000.0
1255,2023-12-11,3.34,3.37,3.16,3.28,2083000.0
1256,2023-12-12,3.3,3.42,3.28,3.35,973000.0
1257,2023-12-13,3.3,3.3,3.17,3.17,891500.0
1258,2023-12-14,3.26,3.3,3.18,3.19,1219000.0
1259,2023-12-15,3.32,3.41,3.26,3.34,1651000.0
1260,2023-12-18,3.28,3.34,3.24,3.29,1339000.0
1261,2023-12-19,3.28,3.28,3.06,3.07,2537000.0
1262,2023-12-20,3.08,3.12,3.03,3.05,1537000.0
1263,2023-12-21,3.06,3.09,2.94,3.06,1809000.0
1264,2023-12-22,3.08,3.1,2.97,2.98,842000.0
1265,2023-12-27,2.96,2.97,2.84,2.86,4696000.0
1266,2023-12-28,2.96,3.03,2.85,3.02,3190000.0
1267,2023-12-29,3.06,3.15,3.02,3.15,1887000.0
1268,2024-01-02,3.15,3.26,3.04,3.06,603000.0
1269,2024-01-03,3.0,3.07,2.98,3.05,402000.0
1270,2024-01-04,3.04,3.04,2.95,3.0,1278000.0
1271,2024-01-05,2.95,3.04,2.94,2.95,700000.0
1272,2024-01-08,2.91,2.96,2.86,2.92,1405000.0
1273,2024-01-09,2.92,2.93,2.84,2.86,1253000.0
1274,2024-01-10,2.85,2.92,2.83,2.83,362000.0
1275,2024-01-11,2.81,2.95,2.81,2.91,1025000.0
1276,2024-01-12,2.85,2.91,2.85,2.85,475000.0
1277,2024-01-15,2.87,2.87,2.77,2.85,497000.0
1278,2024-01-16,2.78,2.84,2.72,2.75,1744000.0
1279,2024-01-17,2.75,2.75,2.59,2.62,1577000.0
1280,2024-01-18,2.55,2.72,2.55,2.65,1156000.0
1281,2024-01-19,2.69,2.69,2.56,2.59,556000.0
1282,2024-01-22,2.61,2.61,2.41,2.43,1336000.0
