,date,open,high,low,close,volume
0,2018-10-11,10.2128,10.2128,7.3826,7.8498,40783100.0
1,2018-10-12,8.3304,8.8911,8.1969,8.6375,12760800.0
2,2018-10-15,8.7309,9.0113,8.3304,8.6108,5239400.0
3,2018-10-16,8.6775,8.7309,8.4239,8.6508,2093450.0
4,2018-10-18,8.6108,8.7309,8.4906,8.5307,2162600.0
5,2018-10-19,8.5173,8.8244,8.2103,8.504,2998200.0
6,2018-10-22,8.6108,9.3584,8.5307,9.2783,4241400.0
7,2018-10-23,9.2916,9.2916,8.5173,8.7309,1142400.0
8,2018-10-24,8.7309,8.9445,8.5307,8.6775,1951600.0
9,2018-10-25,8.4773,8.7309,8.3571,8.544,831000.0
10,2018-10-26,8.6642,8.6642,8.2503,8.2503,994400.0
11,2018-10-29,8.3438,8.4773,8.1969,8.4239,724400.0
12,2018-10-30,8.3438,8.6241,8.2103,8.4906,1114200.0
13,2018-10-31,8.3438,8.6508,8.3438,8.4372,858200.0
14,2018-11-01,8.4506,8.5707,8.1836,8.2503,2385000.0
15,2018-11-02,8.3438,9.2516,8.3438,8.8778,6612200.0
16,2018-11-05,8.6909,9.7322,8.6909,9.345,4139500.0
17,2018-11-06,9.6654,9.7055,9.2249,9.6254,3175460.0
18,2018-11-07,9.7722,10.4798,9.6521,9.6788,6534200.0
19,2018-11-08,9.9191,9.9458,9.5186,9.5987,2229400.0
20,2018-11-09,9.7055,9.7055,9.3984,9.5319,1075000.0
21,2018-11-12,9.3984,9.6654,9.1448,9.4785,989800.0
22,2018-11-13,9.4652,9.5453,9.2115,9.2916,2036600.0
23,2018-11-14,9.2783,9.7989,9.2783,9.5186,1405200.0
24,2018-11-15,9.4251,9.8123,9.345,9.6521,1432600.0
25,2018-11-16,9.6521,10.3062,9.5987,10.2261,2906859.0
26,2018-11-19,10.3463,10.3463,9.9057,9.9191,1641200.0
27,2018-11-20,9.7455,10.3463,9.6921,10.1327,2462800.0
28,2018-11-21,10.106,10.4664,9.8924,10.3329,1783400.0
29,2018-11-22,10.3329,10.6266,10.0659,10.0659,1906000.0
30,2018-11-23,10.0125,10.1327,9.7188,9.8123,954600.0
31,2018-11-26,9.8123,10.1861,9.6788,9.9591,1446800.0
32,2018-11-27,10.0259,10.3062,9.879,10.1594,1484235.0
33,2018-11-28,10.0926,10.2261,9.9458,10.1327,1216800.0
34,2018-11-29,10.1727,10.2662,9.9992,10.1327,994800.0
35,2018-11-30,9.9458,10.6667,9.9458,10.2128,2766200.0
36,2018-12-03,10.4397,10.5866,10.3329,10.4531,2109400.0
37,2018-12-04,10.5866,10.6133,10.373,10.5198,590200.0
38,2018-12-05,10.413,10.64,10.146,10.5599,1275200.0
39,2018-12-06,10.3863,10.5065,10.2929,10.3997,821000.0
40,2018-12-07,10.3463,10.5465,10.3062,10.373,823200.0
41,2018-12-10,10.4531,10.4531,10.1327,10.1861,1084000.0
42,2018-12-11,10.1193,10.3596,10.106,10.1594,384200.0
43,2018-12-12,10.1594,10.3596,9.879,10.0125,912400.0
44,2018-12-13,10.0793,10.1193,9.879,10.0926,1212800.0
45,2018-12-14,10.0125,10.1594,9.8523,9.8924,1402800.0
46,2018-12-17,10.0526,10.146,9.839,10.146,759400.0
47,2018-12-18,10.0793,10.146,9.9191,10.0526,638600.0
48,2018-12-19,10.0125,10.0392,9.2783,9.2783,1431600.0
49,2018-12-20,9.3584,9.4385,8.9445,8.9579,1137000.0
50,2018-12-21,8.8778,8.9712,8.5173,8.6909,1316190.0
51,2018-12-24,8.4639,8.9445,8.4639,8.6108,179200.0
52,2018-12-27,8.7176,8.7977,8.2904,8.3171,629200.0
53,2018-12-28,8.3438,8.5841,8.0367,8.237,883000.0
54,2018-12-31,8.4372,8.5707,8.3438,8.4639,42200.0
55,2019-01-02,8.4372,8.5173,7.9967,8.01,880400.0
56,2019-01-03,8.0367,8.237,8.01,8.0901,379200.0
57,2019-01-04,8.0501,8.2236,8.0367,8.2236,774000.0
58,2019-01-07,8.4105,8.7576,8.1569,8.237,1538100.0
59,2019-01-08,8.2637,8.3705,8.237,8.2503,570400.0
60,2019-01-09,8.2637,8.5173,8.237,8.3571,1217900.0
61,2019-01-10,8.3037,8.5707,8.3037,8.4105,472786.0
62,2019-01-11,8.504,8.504,8.2904,8.3705,344000.0
63,2019-01-14,8.3171,8.504,8.2637,8.3438,328400.0
64,2019-01-15,8.237,8.4773,8.237,8.4239,338000.0
65,2019-01-16,8.3037,8.504,8.3037,8.3838,470600.0
66,2019-01-17,8.3438,8.5974,8.2904,8.3304,605600.0
67,2019-01-18,8.3171,8.504,8.3171,8.3972,367800.0
68,2019-01-21,8.4773,8.7576,8.4773,8.544,766300.0
69,2019-01-22,8.6108,8.6108,8.3171,8.3571,330600.0
70,2019-01-23,8.3438,8.544,8.3171,8.4372,233600.0
71,2019-01-24,8.504,8.5707,8.3705,8.504,301600.0
72,2019-01-25,8.504,8.9445,8.3838,8.6775,1210600.0
73,2019-01-28,8.6775,8.8511,8.6108,8.6508,306000.0
74,2019-01-29,8.5307,8.6375,8.3972,8.4906,890200.0
75,2019-01-30,8.5841,8.6775,8.4105,8.6108,737000.0
76,2019-01-31,8.6108,8.6775,8.4105,8.4639,331200.0
77,2019-02-01,8.544,9.1314,8.3972,8.6775,483600.0
78,2019-02-04,8.6775,8.6909,8.544,8.6775,102000.0
79,2019-02-08,8.6775,8.6909,8.4906,8.6241,358000.0
80,2019-02-11,8.5974,9.1982,8.5707,9.1848,2191400.0
81,2019-02-12,9.1848,9.2115,8.9445,9.1047,1229600.0
82,2019-02-13,9.2115,9.6788,9.2115,9.5853,2318000.0
83,2019-02-14,9.572,9.7856,9.4118,9.6788,798000.0
84,2019-02-15,9.7856,9.9591,9.4785,9.6788,979400.0
85,2019-02-18,9.9191,10.106,9.612,10.0392,1447188.0
86,2019-02-19,10.1193,10.1193,9.6521,9.7722,794000.0
87,2019-02-20,10.1994,10.1994,9.7455,9.9725,1795200.0
88,2019-02-21,10.0926,10.1327,9.8657,9.8924,1135400.0
89,2019-02-22,9.9992,9.9992,9.5853,9.7322,1370000.0
90,2019-02-25,9.7322,10.4531,9.6788,10.4531,4219000.0
91,2019-02-26,10.5198,11.0939,10.2395,10.5866,4034800.0
92,2019-02-27,10.68,10.8002,10.0926,10.1994,1515346.0
93,2019-02-28,10.1994,10.5465,9.879,9.9191,1332400.0
94,2019-03-01,10.1994,10.2528,9.7455,9.9591,701400.0
95,2019-03-04,10.1327,10.413,9.8123,9.9858,1082000.0
96,2019-03-05,10.0125,10.1594,9.879,9.9591,1341000.0
97,2019-03-06,9.9591,10.2128,9.9191,10.0526,1243000.0
98,2019-03-07,10.0125,10.1327,9.7455,9.839,1205000.0
99,2019-03-08,9.879,9.879,9.1448,9.2649,1527400.0
100,2019-03-11,9.345,9.572,9.1982,9.5186,679600.0
101,2019-03-12,9.7589,9.7589,9.3317,9.4118,486800.0
102,2019-03-13,9.4251,10.0926,9.3317,9.8523,1628600.0
103,2019-03-14,10.1327,10.4931,9.8523,9.9057,2587000.0
104,2019-03-15,10.0125,10.146,9.8924,9.9458,988800.0
105,2019-03-18,9.9992,10.2128,9.9458,10.0659,679600.0
106,2019-03-19,10.0659,10.0659,9.8924,9.8924,881000.0
107,2019-03-20,10.0259,10.0259,9.2916,9.5586,1015500.0
108,2019-03-21,9.5853,9.6387,9.3717,9.5319,397800.0
109,2019-03-22,9.5319,9.5987,9.2115,9.2115,1066400.0
110,2019-03-25,9.1181,9.1982,8.9045,8.9178,633800.0
111,2019-03-26,9.1181,9.1181,8.8511,8.8644,678900.0
112,2019-03-27,8.8778,8.9579,8.4773,8.7443,1045000.0
113,2019-03-28,8.7977,8.7977,8.5841,8.7576,545200.0
114,2019-03-29,8.6909,8.8778,8.6241,8.7309,1066800.0
115,2019-04-01,8.7443,9.0914,8.7443,9.0113,1497400.0
116,2019-04-02,9.0113,9.5186,9.0113,9.4785,1590100.0
117,2019-04-03,9.5186,9.572,9.3584,9.4785,716999.0
118,2019-04-04,9.5987,9.7188,9.1982,9.2516,883200.0
119,2019-04-08,9.8657,10.1594,9.5987,9.8523,2564400.0
120,2019-04-09,9.9057,9.9725,9.6654,9.6788,863200.0
121,2019-04-10,9.7455,9.7455,9.4785,9.6254,464000.0
122,2019-04-11,9.6654,10.0125,9.5453,9.5453,911000.0
123,2019-04-12,9.5987,9.5987,9.2916,9.3717,519600.0
124,2019-04-15,9.5453,9.6788,9.2916,9.3584,276600.0
125,2019-04-16,9.3851,9.6387,9.3584,9.4785,332000.0
126,2019-04-17,9.4919,9.7455,9.4518,9.7455,496800.0
127,2019-04-18,9.7455,9.8123,9.3183,9.4118,576000.0
128,2019-04-23,9.345,9.4118,9.0113,9.2382,534600.0
129,2019-04-24,9.4652,9.4652,9.0914,9.1982,553800.0
130,2019-04-25,9.0914,9.1715,9.0647,9.0647,806200.0
131,2019-04-26,9.0113,9.0246,8.771,8.8377,552200.0
132,2019-04-29,8.811,8.9979,8.4773,8.8511,587200.0
133,2019-04-30,8.7309,8.9979,8.544,8.9979,341600.0
134,2019-05-02,8.9445,8.9445,8.7977,8.7977,298200.0
135,2019-05-03,9.078,9.078,8.7977,8.9312,323800.0
136,2019-05-06,8.8511,8.8778,8.4639,8.5173,1783400.0
137,2019-05-07,8.8644,9.038,8.4639,8.4639,820400.0
138,2019-05-08,8.4105,8.4906,8.277,8.277,582000.0
139,2019-05-09,8.3171,8.3171,8.0234,8.0501,1252600.0
140,2019-05-10,8.1168,8.1969,7.8632,8.0768,1514800.0
141,2019-05-14,7.6763,7.9299,7.6763,7.7964,1153600.0
142,2019-05-15,7.7697,7.9433,7.7297,7.8231,616000.0
143,2019-05-16,7.8365,8.0234,7.7831,8.01,804800.0
144,2019-05-17,8.0234,8.0367,7.6896,7.7564,1051800.0
145,2019-05-20,7.8098,7.8098,7.4226,7.4627,1104000.0
146,2019-05-21,7.5294,7.6629,7.4226,7.6095,993800.0
147,2019-05-22,7.8632,7.8765,7.5161,7.5161,416880.0
148,2019-05-23,7.6095,7.6095,7.2491,7.2624,934400.0
149,2019-05-24,7.3025,7.4226,7.209,7.3158,296117.0
150,2019-05-27,7.3158,7.5027,7.2224,7.4493,313600.0
151,2019-05-28,7.5027,7.6229,7.476,7.5428,393800.0
152,2019-05-29,7.6763,7.6763,7.5828,7.6362,245200.0
153,2019-05-30,7.6496,7.8365,7.6095,7.7163,396000.0
154,2019-05-31,7.6362,7.743,7.6095,7.6896,418600.0
155,2019-06-03,7.6896,7.743,7.476,7.5962,201200.0
156,2019-06-04,7.6229,7.6229,7.3692,7.3826,451600.0
157,2019-06-05,7.6629,7.6763,7.3292,7.4093,594400.0
158,2019-06-06,7.4093,7.5161,7.3559,7.436,168200.0
159,2019-06-10,7.3425,7.6362,7.3425,7.5561,295200.0
160,2019-06-11,7.6095,7.9967,7.6095,7.8765,962000.0
161,2019-06-12,7.8765,7.9433,7.703,7.7831,268800.0
162,2019-06-13,7.743,7.7564,7.3559,7.6496,170800.0
163,2019-06-14,7.7744,7.8019,7.5129,7.568,456800.0
164,2019-06-17,7.7744,7.7744,7.5817,7.5955,87200.0
165,2019-06-18,7.6643,7.6643,7.568,7.568,548000.0
166,2019-06-19,7.7056,7.8294,7.6092,7.678,358000.0
167,2019-06-20,7.7193,7.7744,7.6368,7.6368,240600.0
168,2019-06-21,7.7056,7.8019,7.6505,7.7056,241990.0
169,2019-06-24,7.7056,7.7606,7.5955,7.6368,212200.0
170,2019-06-25,7.6643,7.6643,7.3753,7.4441,483400.0
171,2019-06-26,7.4441,7.6368,7.4166,7.4441,363000.0
172,2019-06-27,7.4716,7.623,7.4166,7.5129,631200.0
173,2019-06-28,7.5129,7.5129,7.2928,7.3616,787200.0
174,2019-07-02,7.4441,7.7056,7.4441,7.6505,1081400.0
175,2019-07-03,7.7056,7.7744,7.5267,7.678,487800.0
176,2019-07-04,7.678,7.7331,7.5817,7.678,237400.0
177,2019-07-05,7.6918,7.7468,7.623,7.6643,266600.0
178,2019-07-08,7.568,7.568,7.3891,7.4579,208800.0
179,2019-07-09,7.4854,7.6092,7.4579,7.6092,185800.0
180,2019-07-10,7.568,7.6918,7.5129,7.678,164200.0
181,2019-07-11,7.7331,7.8156,7.623,7.7606,550829.0
182,2019-07-12,7.7744,7.8019,7.7193,7.7193,205000.0
183,2019-07-15,7.4441,7.6368,7.4166,7.6092,665600.0
184,2019-07-16,7.7193,7.7193,7.568,7.623,74600.0
185,2019-07-17,7.6368,7.7193,7.4716,7.5955,175000.0
186,2019-07-18,7.5129,7.5267,7.4579,7.4992,346400.0
187,2019-07-19,7.5129,7.6092,7.2928,7.3753,576800.0
188,2019-07-22,7.3478,7.3891,6.8937,6.9763,898000.0
189,2019-07-23,7.0176,7.1276,7.0176,7.1139,161400.0
190,2019-07-24,7.1139,7.3065,7.0038,7.1139,520800.0
191,2019-07-25,6.9625,7.1552,6.9625,7.1139,411922.0
192,2019-07-26,7.1139,7.1827,6.9488,7.0726,325400.0
193,2019-07-29,7.0726,7.0726,6.935,6.9625,287600.0
194,2019-07-30,7.0451,7.1001,6.9488,7.0451,221133.0
195,2019-07-31,7.0451,7.0451,6.9075,6.9212,211200.0
196,2019-08-01,6.8937,7.2652,6.88,7.1827,671200.0
197,2019-08-02,7.0864,7.1414,6.88,6.9212,579400.0
198,2019-08-05,6.9212,7.0726,6.6392,6.6392,795600.0
199,2019-08-06,6.6392,6.6392,6.3502,6.4809,696800.0
200,2019-08-07,6.536,6.6392,6.3846,6.5566,838400.0
201,2019-08-08,6.6667,6.6873,6.5635,6.6048,274271.0
202,2019-08-09,6.6529,6.7492,6.4396,6.4603,215200.0
203,2019-08-12,6.4603,6.5841,6.4396,6.5841,165600.0
204,2019-08-13,6.5016,6.5016,6.3571,6.3915,352800.0
205,2019-08-14,6.536,6.536,6.364,6.3709,203000.0
206,2019-08-15,6.4534,6.4534,6.1989,6.3846,315200.0
207,2019-08-16,6.3846,6.5016,6.3021,6.3915,173000.0
208,2019-08-19,6.4053,6.536,6.4053,6.4465,125200.0
209,2019-08-20,6.4465,6.5566,6.4465,6.5084,177800.0
210,2019-08-21,6.5566,6.5566,6.3296,6.3777,276800.0
211,2019-08-22,6.4878,6.6392,6.3846,6.5497,429600.0
212,2019-08-23,6.5497,6.5772,6.3777,6.3915,244600.0
213,2019-08-26,6.2677,6.4947,6.2677,6.4878,377600.0
214,2019-08-27,6.4947,6.536,6.3365,6.3433,171954.0
215,2019-08-28,6.3365,6.5016,6.3365,6.3984,182000.0
216,2019-08-29,6.3777,6.3777,6.2333,6.3158,575273.0
217,2019-08-30,6.3915,6.4465,6.2333,6.2883,542200.0
218,2019-09-02,6.364,6.4259,6.3089,6.3709,499600.0
219,2019-09-03,5.6416,6.3296,5.6416,6.2264,371400.0
220,2019-09-04,6.2539,6.3365,6.2401,6.3089,400000.0
221,2019-09-05,6.3158,6.5084,6.3089,6.4328,716800.0
222,2019-09-06,6.4328,6.536,6.3571,6.4328,442600.0
223,2019-09-09,6.4328,6.536,6.3984,6.5016,816200.0
224,2019-09-10,6.536,6.7699,6.5153,6.5979,1003400.0
225,2019-09-11,6.6185,6.88,6.6185,6.646,417565.0
226,2019-09-12,6.646,6.7905,6.3846,6.5222,350400.0
227,2019-09-13,6.5222,6.6185,6.4672,6.5841,93200.0
228,2019-09-16,6.7355,7.224,6.6392,7.0176,2255400.0
229,2019-09-17,7.1276,7.9257,7.0864,7.7744,5328600.0
230,2019-09-18,7.8844,7.8844,7.4441,7.6092,1439000.0
231,2019-09-19,7.6918,8.3248,7.678,7.912,3538600.0
232,2019-09-20,8.0496,8.311,7.8432,8.2284,1862930.0
233,2019-09-23,8.2422,8.8064,8.1734,8.8064,2348650.0
234,2019-09-24,8.8064,9.5219,8.6275,9.5219,3333000.0
235,2019-09-25,9.4118,9.8796,8.6,9.3568,6260100.0
236,2019-09-26,9.4668,9.632,8.655,9.0128,2656300.0
237,2019-09-27,9.0128,9.0128,8.2972,8.366,381000.0
238,2019-09-30,8.6,8.6,7.9808,8.3798,239200.0
239,2019-10-02,8.3798,8.3798,7.7468,8.1184,188000.0
240,2019-10-03,8.0496,8.3936,7.912,8.2835,205200.0
241,2019-10-04,8.256,8.4624,7.8156,8.256,353325.0
242,2019-10-08,8.256,9.0128,8.256,8.8752,2013356.0
243,2019-10-09,8.9715,9.3843,8.8201,9.0403,1111300.0
244,2019-10-10,9.0816,9.5632,9.0816,9.3568,1670800.0
245,2019-10-11,9.4256,9.4944,9.0403,9.288,1035050.0
246,2019-10-14,9.4806,10.031,9.3155,9.9622,2296403.0
247,2019-10-15,9.8796,9.9072,9.3843,9.6182,1622400.0
248,2019-10-16,9.4393,9.687,9.3568,9.4944,846400.0
249,2019-10-17,9.2192,9.8934,9.2192,9.5769,1265200.0
250,2019-10-18,9.7833,9.976,9.6182,9.6732,1413000.0
251,2019-10-21,9.6595,9.742,9.2054,9.2054,712997.0
252,2019-10-22,9.3017,9.6182,9.2192,9.398,821760.0
253,2019-10-23,9.3568,9.4393,9.2054,9.3017,348600.0
254,2019-10-24,9.4118,9.7008,9.3292,9.687,727656.0
255,2019-10-25,9.3843,9.8934,9.3843,9.8934,931400.0
256,2019-10-28,9.8934,9.9897,9.2054,9.7696,652729.0
257,2019-10-29,9.5219,10.0448,9.5219,9.8796,1313600.0
258,2019-10-30,10.0172,10.0172,9.8108,9.8796,484333.0
259,2019-10-31,9.6732,9.9209,9.6457,9.8108,363600.0
260,2019-11-01,9.8108,9.8108,9.4118,9.6457,1430800.0
261,2019-11-04,9.8108,11.0217,9.2467,10.9391,3435000.0
262,2019-11-05,11.1043,11.407,10.8566,11.1731,2218400.0
263,2019-11-06,11.2831,11.8198,10.7465,10.9254,3160200.0
264,2019-11-07,11.0079,11.2419,10.7465,11.0905,956340.0
265,2019-11-08,11.2969,11.4345,10.9391,11.1043,611400.0
266,2019-11-11,11.2969,11.2969,10.2512,10.3888,656200.0
267,2019-11-12,10.5952,10.7327,10.2099,10.375,1261800.0
268,2019-11-13,10.2512,10.4988,10.2512,10.3337,536350.0
269,2019-11-14,10.3888,10.5814,10.32,10.3337,349800.0
270,2019-11-15,10.3337,10.6777,10.3337,10.5676,238200.0
271,2019-11-18,10.32,10.8703,9.6732,10.6364,533800.0
272,2019-11-19,10.32,11.4758,10.32,11.3657,1330200.0
273,2019-11-20,11.3657,11.6134,11.1318,11.4758,1339113.0
274,2019-11-21,11.462,11.8886,11.063,11.6134,1444451.0
275,2019-11-22,11.4207,12.4527,11.4207,11.9161,2276000.0
276,2019-11-25,11.9161,12.1363,11.5859,11.6271,791000.0
277,2019-11-26,11.6959,12.3702,11.6409,12.3702,1209000.0
278,2019-11-27,12.2876,12.7279,11.9711,12.5491,1902600.0
279,2019-11-28,12.3839,12.7417,11.6134,11.6547,1573800.0
280,2019-11-29,11.8473,12.2463,11.4207,12.15,1290800.0
281,2019-12-02,12.1775,12.1913,11.6547,12.1087,816600.0
282,2019-12-03,12.095,12.3014,11.9023,12.15,1161400.0
283,2019-12-04,12.1087,12.7279,11.9023,12.6729,1740500.0
284,2019-12-05,12.7279,12.7967,12.494,12.5628,835400.0
285,2019-12-06,12.6591,12.6729,12.3151,12.5215,816200.0
286,2019-12-09,12.4252,12.7004,12.2739,12.4527,848600.0
287,2019-12-10,12.4665,12.6316,12.3977,12.4665,907800.0
288,2019-12-11,12.494,12.5078,12.2601,12.3839,428400.0
289,2019-12-12,12.7279,12.7692,11.9711,11.9849,6634600.0
290,2019-12-13,12.0537,12.3839,12.0262,12.0812,1507235.0
291,2019-12-16,12.6591,12.6591,11.8198,12.1087,2169000.0
292,2019-12-17,12.2463,13.4847,12.15,13.0719,17492000.0
293,2019-12-18,13.2233,13.2921,12.8243,12.8655,4520400.0
294,2019-12-19,13.0444,13.0582,12.4665,12.8655,1986828.0
295,2019-12-20,12.9481,13.1545,12.7279,12.8105,3639225.0
296,2019-12-23,12.783,13.3884,12.7279,13.2371,3283400.0
297,2019-12-24,13.2095,13.8287,13.2095,13.5535,2373270.0
298,2019-12-27,13.8287,14.9295,13.526,13.5673,10093748.0
299,2019-12-30,13.7599,13.8631,12.838,12.8655,5166200.0
300,2019-12-31,12.9343,13.5535,12.9343,13.3471,2018400.0
301,2020-01-02,13.3471,13.9663,12.9481,13.127,3793600.0
302,2020-01-03,13.2646,13.5398,12.9481,13.4847,2373400.0
303,2020-01-06,13.4847,15.3079,13.4847,14.6887,8236600.0
304,2020-01-07,14.7919,15.1703,13.7943,14.3447,3987265.0
305,2020-01-08,14.3103,14.9983,13.7462,14.1727,7398200.0
306,2020-01-09,14.6543,15.0327,14.1039,14.7919,4393260.0
307,2020-01-10,15.1359,15.1359,14.3103,14.4823,2453000.0
308,2020-01-13,14.8263,14.9983,14.1039,14.4479,2325600.0
309,2020-01-14,14.7919,15.8239,14.7919,15.5831,7439601.0
310,2020-01-15,15.8239,15.8239,14.6543,14.9983,5160400.0
311,2020-01-16,14.9983,15.0671,14.5855,14.7575,3329638.0
312,2020-01-17,14.9639,14.9983,14.6543,14.9639,1994562.0
313,2020-01-20,15.0327,15.6519,14.8607,15.5143,2961000.0
314,2020-01-21,15.4111,15.6175,14.8607,15.2391,3592010.0
315,2020-01-22,15.2391,16.1679,14.6199,16.0991,5947450.0
316,2020-01-23,16.1679,16.6839,14.7919,15.3423,4629318.0
317,2020-01-24,15.1359,15.4455,14.6887,15.3423,1513529.0
318,2020-01-29,14.5855,15.2735,13.8975,14.0351,3485501.0
319,2020-01-30,13.9663,14.8607,13.4159,13.8287,4667250.0
320,2020-01-31,14.2071,14.7231,13.6086,13.7324,3854259.0
321,2020-02-03,13.7324,14.5855,13.2508,14.5511,7601952.0
322,2020-02-04,15.3767,16.7183,15.0327,15.7895,12774600.0
323,2020-02-05,16.6495,19.8831,16.4775,19.0919,21011659.0
324,2020-02-06,18.0255,20.4335,17.6127,18.8855,12384662.0
325,2020-02-07,18.9199,19.7455,18.2319,18.9199,9111570.0
326,2020-02-10,18.5759,21.8095,18.3007,21.4999,15213500.0
327,2020-02-11,22.0159,23.1855,20.9151,21.0527,11128710.0
328,2020-02-12,20.8807,23.9767,20.8807,23.5639,14994219.0
329,2020-02-13,23.3919,26.2815,23.0479,23.3231,24030486.0
330,2020-02-14,24.1487,24.6991,22.5663,23.5295,12975681.0
331,2020-02-17,23.5295,24.9399,23.3231,24.9055,9717201.0
332,2020-02-18,24.7679,24.8367,22.4631,23.1167,14433489.0
333,2020-02-19,22.5319,24.4239,22.4287,22.6351,8257054.0
334,2020-02-20,23.3919,23.3919,22.6007,22.6695,5325200.0
335,2020-02-21,22.6695,23.3919,21.3279,21.8783,10006449.0
336,2020-02-24,21.3279,22.2567,20.7775,21.4655,13475312.0
337,2020-02-25,20.8463,23.7015,20.7775,23.5639,18403400.0
338,2020-02-26,23.0135,23.4607,22.1191,22.4631,13002813.0
339,2020-02-27,22.3599,22.9447,21.3279,21.9471,6355600.0
340,2020-02-28,20.8463,21.8095,20.2959,20.8119,13327380.0
341,2020-03-02,20.2615,22.9103,20.2615,22.0159,6986600.0
342,2020-03-03,22.8415,24.1487,22.2567,22.4975,10191547.0
343,2020-03-04,22.1879,22.8759,22.0847,22.5663,4250937.0
344,2020-03-05,22.7039,22.8759,21.1903,21.9127,6238400.0
345,2020-03-06,21.8783,22.5319,21.4655,21.6031,2804200.0
346,2020-03-09,20.6399,21.1903,19.6079,19.6423,7982800.0
347,2020-03-10,19.2639,20.7431,19.0575,20.3647,9987800.0
348,2020-03-11,20.8463,21.0527,20.3647,20.3647,4229300.0
349,2020-03-12,19.8143,20.3647,18.9543,19.0575,5333200.0
350,2020-03-13,17.5439,19.6079,17.1999,19.3327,7603537.0
351,2020-03-16,18.6447,18.9543,16.3055,16.5119,9068800.0
352,2020-03-17,16.8215,17.4751,15.1015,17.1655,8227800.0
353,2020-03-18,17.1999,18.5071,15.7207,16.1335,7332000.0
354,2020-03-19,16.5119,17.0623,15.3079,16.8215,6737200.0
355,2020-03-20,17.4407,17.7847,16.3055,16.3055,5199264.0
356,2020-03-23,15.4455,16.3399,14.1727,14.1727,7029425.0
357,2020-03-24,15.0671,15.6863,14.5855,15.5831,5804730.0
358,2020-03-25,16.4431,17.5783,16.4087,17.4407,6336300.0
359,2020-03-26,17.1311,17.5095,16.7527,17.1311,4555200.0
360,2020-03-27,17.6815,17.7503,16.6495,16.6839,3361800.0
361,2020-03-30,16.1679,16.8903,15.9615,16.3055,2110982.0
362,2020-03-31,16.8215,17.3719,16.5807,17.0967,3712800.0
363,2020-04-01,17.4407,18.7479,16.8559,17.1999,9789800.0
364,2020-04-02,17.2343,18.3007,16.8903,18.3007,1827600.0
365,2020-04-03,18.6447,18.6791,17.4751,17.6815,1644800.0
366,2020-04-06,18.0255,18.0255,17.1311,17.8879,1101200.0
367,2020-04-07,18.2319,18.5415,17.7159,18.5071,4391200.0
368,2020-04-08,18.2319,18.3007,17.7503,18.0255,2467200.0
369,2020-04-09,18.3007,18.3351,17.3375,17.7847,2126981.0
370,2020-04-14,17.8879,19.4015,17.8535,19.3671,7868600.0
371,2020-04-15,19.0231,19.9863,18.1287,18.1287,9414050.0
372,2020-04-16,18.1287,19.0575,18.0255,18.6791,3168600.0
373,2020-04-17,19.1607,19.5735,18.7479,18.9199,4172600.0
374,2020-04-20,18.9199,19.0575,18.4727,19.0231,1864800.0
375,2020-04-21,18.5759,18.7823,16.9935,17.1311,5428056.0
376,2020-04-22,16.8903,17.4751,16.6495,17.4407,2753600.0
377,2020-04-23,17.5783,17.7503,16.7871,16.9247,2757600.0
378,2020-04-24,17.0279,17.8191,16.8559,17.0623,2594324.0
379,2020-04-27,17.0967,17.4751,16.8215,17.1655,1571800.0
380,2020-04-28,17.5439,17.6815,16.9591,17.5095,1152600.0
381,2020-04-29,17.6127,17.9567,17.3031,17.4063,1141000.0
382,2020-05-04,17.4063,17.4407,16.7871,16.7871,683232.0
383,2020-05-05,16.9591,17.8535,16.9591,17.8535,1294864.0
384,2020-05-06,18.0255,19.3327,17.9567,18.9199,6624200.0
385,2020-05-07,18.9887,20.1583,18.9543,20.0895,4830250.0
386,2020-05-08,20.5023,20.5023,19.5391,19.6423,3584255.0
387,2020-05-11,19.9519,20.2271,19.2295,19.7111,3061900.0
388,2020-05-12,19.3327,19.9175,19.0231,19.4703,2353200.0
389,2020-05-13,19.4015,20.2959,19.1607,19.2639,3607900.0
390,2020-05-14,19.1951,19.5047,18.7135,18.9543,2374200.0
391,2020-05-15,19.2639,20.0895,18.9887,19.6767,3221200.0
392,2020-05-18,20.2959,20.2959,19.2639,19.5047,1484416.0
393,2020-05-19,19.8831,20.0895,19.5047,19.8831,2328000.0
394,2020-05-20,20.1239,21.4311,19.9175,19.9863,10340600.0
395,2020-05-21,19.7799,20.2959,18.7135,19.0231,3357000.0
396,2020-05-22,18.4383,18.8167,17.9223,18.3695,4134300.0
397,2020-05-25,17.7503,18.4383,17.7503,18.4039,2227600.0
398,2020-05-26,18.8167,19.1263,18.4039,18.9543,2386400.0
399,2020-05-27,19.2639,19.4015,18.5415,19.2639,2656608.0
400,2020-05-28,19.2295,19.4359,18.4039,18.7823,1906430.0
401,2020-05-29,18.6447,19.6767,18.5759,19.0919,1729800.0
402,2020-06-01,19.2983,20.6055,19.1263,20.5023,3885800.0
403,2020-06-02,20.6399,21.0183,19.7111,19.7799,2059400.0
404,2020-06-03,20.1927,20.1927,19.2295,19.4015,2414000.0
405,2020-06-04,19.7111,20.1927,19.4703,20.0207,3555000.0
406,2020-06-05,19.8831,20.0551,19.6079,19.8487,1199896.0
407,2020-06-08,19.9175,20.1583,19.5391,19.6767,1716200.0
408,2020-06-09,19.9519,21.5343,19.9519,21.0527,6242480.0
409,2020-06-10,21.4999,21.5687,20.6399,21.2591,2502296.0
410,2020-06-11,21.9471,23.2199,20.9151,21.2935,7849611.0
411,2020-06-12,20.3647,21.7751,20.0895,21.2591,3688000.0
412,2020-06-15,21.2591,22.4287,20.9495,21.2247,3979000.0
413,2020-06-16,22.4631,24.7679,22.1879,24.7679,8526600.0
414,2020-06-17,25.0431,25.3527,23.4951,24.5271,7267400.0
415,2020-06-18,24.5271,26.3503,24.1143,25.7655,5612600.0
416,2020-06-19,25.7311,26.5223,25.0431,25.0431,4627342.0
417,2020-06-22,24.8711,26.3503,24.8367,25.4559,3656082.0
418,2020-06-23,25.7999,25.7999,24.3551,25.4903,1779710.0
419,2020-06-24,25.5591,25.6623,24.3895,24.3895,2517224.0
420,2020-06-26,24.3207,24.9743,23.5295,23.8391,1971200.0
421,2020-06-29,24.0323,25.1089,23.1988,24.4838,3619400.0
422,2020-06-30,24.4838,25.4215,24.4491,24.9005,2526204.0
423,2020-07-02,26.8106,26.8106,25.4215,26.4286,4612720.0
424,2020-07-03,26.8453,28.0261,26.637,27.1926,6053000.0
425,2020-07-06,27.6094,28.304,26.6022,26.7412,5630000.0
426,2020-07-07,28.5471,32.0199,28.5471,30.214,13364172.0
427,2020-07-08,31.3948,31.8463,29.6584,31.2906,3617000.0
428,2020-07-09,31.1517,32.2283,30.4224,31.4295,2933400.0
429,2020-07-10,32.2978,32.2978,29.9709,30.5613,3506184.0
430,2020-07-13,31.6032,36.1179,31.5685,35.3539,6069608.0
431,2020-07-14,33.3396,34.1384,31.4295,31.9505,6946088.0
432,2020-07-15,33.3396,34.4509,30.0404,31.8116,4980800.0
433,2020-07-16,31.9505,33.3396,28.0261,28.7554,5960229.0
434,2020-07-17,28.7554,31.0128,28.4776,29.3458,4215400.0
435,2020-07-20,30.9086,32.5061,29.3458,32.4714,4761000.0
436,2020-07-21,33.548,34.5204,31.3601,31.6032,5145092.0
437,2020-07-22,31.8116,33.0618,31.0475,31.0475,3130014.0
438,2020-07-23,31.1517,33.0271,30.9086,32.9229,3998800.0
439,2020-07-24,31.8116,32.6451,28.7554,30.1446,6299169.0
440,2020-07-27,31.2559,31.2559,28.4081,28.7902,3121500.0
441,2020-07-28,29.5889,30.735,29.068,29.9709,3942900.0
442,2020-07-29,29.7278,31.117,29.3111,30.9433,2107636.0
443,2020-07-30,31.3601,31.3948,29.6931,29.9362,2637000.0
444,2020-07-31,29.7278,30.735,29.1722,29.8667,2603104.0
445,2020-08-03,30.0751,30.5961,29.3805,30.3877,1547040.0
446,2020-08-04,31.0128,32.9229,30.8739,31.9505,4067200.0
447,2020-08-05,32.2283,32.6451,30.9781,31.9505,2392600.0
448,2020-08-06,32.6103,32.6451,31.0475,31.6032,1559136.0
449,2020-08-07,31.6379,31.8116,29.9362,30.3877,2487000.0
450,2020-08-10,30.214,30.3877,28.4776,28.8596,3211000.0
451,2020-08-11,29.2416,30.214,28.8249,29.068,1552960.0
452,2020-08-12,29.3805,30.353,28.165,30.0751,3844110.0
453,2020-08-13,30.7697,31.2559,29.1374,29.1722,2285855.0
454,2020-08-14,29.5195,29.832,28.4081,28.5123,1879800.0
455,2020-08-17,28.4776,29.2069,28.1303,28.8249,1549000.0
456,2020-08-18,29.5195,29.7278,28.304,28.5471,2043800.0
457,2020-08-19,28.4429,28.5471,27.9567,28.2692,1483800.0
458,2020-08-20,28.2692,28.5471,27.7136,28.4776,1575129.0
459,2020-08-21,28.9291,28.9638,28.0261,28.4429,1850600.0
460,2020-08-24,29.1722,29.3111,28.304,28.6512,2133065.0
461,2020-08-25,28.4776,29.45,28.165,29.0333,1610574.0
462,2020-08-26,27.9219,28.5471,25.5604,26.6717,7460074.0
463,2020-08-27,26.3939,27.3663,26.3939,27.3663,1864800.0
464,2020-08-28,27.3663,28.2692,26.9148,27.7483,1182400.0
465,2020-08-31,27.7483,28.5818,27.0884,27.2621,1731200.0
466,2020-09-01,27.9567,29.6931,27.0884,29.4847,3127030.0
467,2020-09-02,30.0751,30.2835,28.9985,29.1722,2057845.0
468,2020-09-03,29.1722,29.3458,28.0261,28.165,1393400.0
469,2020-09-04,27.0884,27.783,26.4286,27.6441,1151830.0
470,2020-09-07,27.6441,27.7483,26.3939,26.6022,1550200.0
471,2020-09-08,26.6022,27.0884,25.5951,26.3591,1253000.0
472,2020-09-09,25.6646,26.0813,24.8658,25.9771,1674200.0
473,2020-09-10,26.7412,26.8453,25.0047,25.0742,864000.0
474,2020-09-11,24.8311,26.3244,24.7616,25.734,939800.0
475,2020-09-14,26.3939,28.0261,26.255,27.0884,1578500.0
476,2020-09-15,27.4357,28.3387,27.1926,27.783,3037438.0
477,2020-09-16,26.9495,29.1027,26.6717,27.9219,9508839.0
478,2020-09-17,27.9219,28.5818,26.7412,27.783,3527250.0
479,2020-09-18,28.0261,31.1864,28.0261,30.5961,7913560.0
480,2020-09-21,31.2212,31.3948,28.6512,28.686,6645798.0
481,2020-09-22,29.2069,29.45,27.6441,27.9219,5609777.0
482,2020-09-23,27.5399,27.8178,26.2897,26.5675,6181400.0
483,2020-09-24,25.9077,25.9424,25.1436,25.2826,7870400.0
484,2020-09-25,25.8382,26.4286,25.2478,25.4909,2291600.0
485,2020-09-28,25.6646,26.2202,25.4909,25.6993,1072200.0
486,2020-09-29,26.3939,26.8801,26.0466,26.2897,2443860.0
487,2020-09-30,26.6022,26.7412,25.9424,26.2202,1108880.0
488,2020-10-05,26.7412,26.8801,25.9771,26.3591,658200.0
489,2020-10-06,26.9843,28.5471,26.9495,28.4081,4949096.0
490,2020-10-07,28.3734,29.8667,27.4705,29.8667,2568095.0
491,2020-10-08,30.4224,30.6308,29.2764,30.2488,2692830.0
492,2020-10-09,30.2488,30.8044,29.6584,30.1446,5130400.0
493,2020-10-12,30.8044,31.2559,29.3458,29.9709,5447860.0
494,2020-10-14,30.4224,30.4224,28.8943,29.5542,4942100.0
495,2020-10-15,30.0751,32.1936,30.0751,30.5613,7077366.0
496,2020-10-16,31.3948,31.7074,29.5195,30.0751,4666200.0
497,2020-10-19,30.0751,30.8739,29.5889,30.1099,4079600.0
498,2020-10-20,30.0751,31.0823,29.3111,30.8392,2385504.0
499,2020-10-21,30.8739,30.9781,29.7278,30.5613,2084570.0
500,2020-10-22,30.9781,31.5337,29.7973,31.4295,3163674.0
501,2020-10-23,31.6726,33.9995,30.0057,30.3182,9248800.0
502,2020-10-27,30.7002,33.3396,30.5613,33.3396,7899376.0
503,2020-10-28,34.1037,34.3468,32.7145,33.5133,4126400.0
504,2020-10-29,32.6451,33.2702,31.8463,32.0199,5434511.0
505,2020-10-30,31.2559,32.8187,30.4571,31.117,6372539.0
506,2020-11-02,31.6726,33.7911,31.117,33.2702,4904860.0
507,2020-11-03,33.93,34.3468,33.0618,33.7216,4564200.0
508,2020-11-04,33.7564,37.5071,33.3396,37.2293,10737761.0
509,2020-11-05,37.6807,40.5632,37.3682,38.4448,10921475.0
510,2020-11-06,39.5908,42.3691,39.2435,40.6327,9975200.0
511,2020-11-09,42.0566,42.6469,39.3477,41.3967,7386588.0
512,2020-11-10,41.6745,41.9871,38.6184,40.077,5941871.0
513,2020-11-11,38.3753,40.459,37.0556,37.3682,4271114.0
514,2020-11-12,38.5142,40.2159,38.5142,39.9728,3544381.0
515,2020-11-13,40.98,42.5775,40.6674,41.2231,5169120.0
516,2020-11-16,41.8829,44.5918,41.2231,43.4457,6654194.0
517,2020-11-17,44.4528,45.3558,42.1607,43.0637,4353676.0
518,2020-11-18,43.411,44.4528,40.4938,41.744,5095106.0
519,2020-11-19,42.2302,42.5775,40.7021,41.6745,2431393.0
520,2020-11-20,42.1607,42.89,41.5356,42.7511,3293641.0
521,2020-11-23,43.2721,47.4395,42.7511,47.4395,7522107.0
522,2020-11-24,49.3149,50.0094,47.127,47.9257,8225590.0
523,2020-11-25,48.273,48.9328,45.078,45.2863,4782497.0
524,2020-11-26,46.5366,49.6622,45.4947,46.8144,4450705.0
525,2020-11-27,47.509,47.509,44.6959,45.3558,2386850.0
526,2020-11-30,45.4947,47.2311,44.7654,46.8144,3654832.0
527,2020-12-01,47.2311,47.4048,45.3211,45.9809,2303240.0
528,2020-12-02,46.2587,46.2587,44.1055,45.2516,3287400.0
529,2020-12-03,46.1893,46.3629,44.6959,45.4947,1555780.0
530,2020-12-04,46.1893,48.0994,45.1821,47.7173,2996880.0
531,2020-12-07,47.2311,49.037,47.2311,48.6203,3555946.0
532,2020-12-08,49.3149,52.753,48.9328,51.8501,4064760.0
533,2020-12-09,53.0308,54.1074,49.5927,50.4609,3912637.0
534,2020-12-10,51.1902,51.1902,48.6203,50.1831,1771287.0
535,2020-12-11,51.0513,52.0932,49.3149,50.1831,1909155.0
536,2020-12-14,50.1831,53.135,49.037,52.0237,4052800.0
537,2020-12-15,51.9543,52.7877,50.8429,52.0584,2304447.0
538,2020-12-16,52.7877,52.8919,51.468,52.5794,1765533.0
539,2020-12-17,52.7183,53.9685,52.4405,53.0656,1971180.0
540,2020-12-18,53.4823,57.4761,53.4129,57.4761,4458072.0
541,2020-12-21,57.8234,61.0185,57.0594,60.8448,5097800.0
542,2020-12-22,62.234,63.8315,57.9971,60.0808,4796499.0
543,2020-12-23,61.1227,63.8662,60.4975,63.8662,3902350.0
544,2020-12-24,65.1512,67.1655,62.7896,65.6374,2343451.0
545,2020-12-28,69.527,72.7915,65.2901,67.0265,7111600.0
546,2020-12-29,67.6169,67.9989,58.8306,60.9837,10885955.0
547,2020-12-30,62.5118,65.6374,62.3382,65.6374,6346018.0
548,2020-12-31,66.3667,66.8876,63.2064,64.3177,3905006.0
549,2021-01-04,65.7763,73.625,64.5955,72.6526,7454906.0
550,2021-01-05,72.9304,76.2644,70.43,72.0969,6112884.0
551,2021-01-06,76.4033,78.8343,71.3329,72.2359,7863211.0
552,2021-01-07,75.5698,75.6393,72.2359,74.8058,5850446.0
553,2021-01-08,75.7087,76.7506,69.5965,73.8334,6768818.0
554,2021-01-11,75.8477,83.3491,72.7915,75.9866,10856428.0
555,2021-01-12,76.3339,79.8762,71.194,79.5289,8949406.0
556,2021-01-13,81.9599,82.9323,75.8477,77.8619,10108716.0
557,2021-01-14,79.3205,79.3205,72.9304,74.4585,9129970.0
558,2021-01-15,74.9447,79.3205,73.2777,78.7649,6475595.0
559,2021-01-18,79.1816,80.4319,76.2644,78.5565,4597845.0
560,2021-01-19,79.8762,81.3348,72.0275,74.3196,12202600.0
561,2021-01-20,76.4033,79.8762,76.4033,79.8762,8102518.0
562,2021-01-21,80.4319,86.4747,79.0427,83.9047,6640450.0
563,2021-01-22,84.7382,92.2396,84.0436,90.2948,6276975.0
564,2021-01-25,92.1007,96.546,90.8505,92.6564,7497779.0
565,2021-01-26,93.7677,96.8238,90.9894,92.6564,5720303.0
566,2021-01-27,93.2815,94.115,82.9323,88.35,7676100.0
567,2021-01-28,84.8771,87.5165,80.2235,81.3348,8553080.0
568,2021-01-29,82.585,85.2939,73.3472,75.9171,11201600.0
569,2021-02-01,77.9314,81.2653,75.3614,79.0427,5267851.0
570,2021-02-02,81.5432,87.3776,80.7097,85.9885,6028904.0
571,2021-02-03,86.5441,90.781,84.7382,89.5308,7361883.0
572,2021-02-04,91.684,91.684,80.9181,83.2796,8227035.0
573,2021-02-05,84.0436,84.6688,75.0142,77.5146,8867025.0
574,2021-02-08,79.1816,84.7382,76.4728,83.0018,6889724.0
575,2021-02-09,84.7382,88.9057,84.1826,87.8638,3765820.0
576,2021-02-10,89.253,89.9475,85.5717,89.6697,3871085.0
577,2021-02-11,88.6278,89.3919,86.1968,89.114,1093060.0
578,2021-02-16,91.4756,102.2415,91.4756,100.7135,5774487.0
579,2021-02-17,101.6859,102.9361,98.3519,102.6583,2347916.0
580,2021-02-18,103.978,103.978,92.3091,95.0179,6820314.0
581,2021-02-19,95.782,95.782,86.9609,91.7534,7525726.0
582,2021-02-22,93.7677,95.782,89.1835,90.3643,4925877.0
583,2021-02-23,88.9057,91.684,81.1264,82.4461,8701755.0
584,2021-02-24,82.6545,84.5993,74.1112,78.626,9088230.0
585,2021-02-25,82.585,82.8629,75.292,77.6535,8097204.0
586,2021-02-26,72.2359,72.4442,68.2768,69.2145,14220886.0
587,2021-03-01,71.8886,76.6811,70.9162,76.6117,7485069.0
588,2021-03-02,79.8762,79.8762,71.5413,73.0694,6820964.0
589,2021-03-03,74.3196,78.487,72.0969,77.0979,4780546.0
590,2021-03-04,73.625,74.2501,67.8253,70.1521,7471858.0
591,2021-03-05,65.9847,70.43,64.2135,67.6864,5706716.0
592,2021-03-08,68.4852,69.0408,57.1636,57.8234,11696971.0
593,2021-03-09,59.7335,65.7763,56.2606,60.6017,8687814.0
594,2021-03-10,67.3391,68.4157,64.4566,66.0889,8610000.0
595,2021-03-11,68.3462,70.5689,65.9847,69.9438,5654916.0
596,2021-03-12,72.2359,73.9723,67.7211,69.5965,6129396.0
597,2021-03-15,70.7078,73.5556,67.0265,69.1103,4365563.0
598,2021-03-16,70.291,71.5413,65.9847,69.1103,2928755.0
599,2021-03-17,69.2492,72.3053,67.3738,71.0551,6309800.0
600,2021-03-18,72.5137,74.1807,70.5689,71.6107,3870338.0
601,2021-03-19,69.4576,70.1521,67.3738,69.8743,3504830.0
602,2021-03-22,70.5689,70.9856,67.8253,69.1797,2501768.0
603,2021-03-23,70.1521,70.1521,65.2554,66.4014,2806417.0
604,2021-03-24,66.2972,66.2972,61.331,63.2064,4201030.0
605,2021-03-25,61.1227,64.4219,59.1084,63.3106,3991289.0
606,2021-03-26,63.2064,69.1103,63.2064,67.3738,3935800.0
607,2021-03-29,67.3738,69.2492,65.8458,66.6098,1999200.0
608,2021-03-30,65.2901,69.1103,64.0746,67.2349,4573877.0
609,2021-03-31,69.0755,71.1245,64.2482,65.9152,4454114.0
610,2021-04-01,67.3391,68.4852,65.6721,67.9989,3969100.0
611,2021-04-07,72.2359,72.2359,68.6588,70.1521,4294994.0
612,2021-04-08,68.5199,69.3881,66.7487,67.5822,2832400.0
613,2021-04-09,68.0684,71.2635,67.2002,68.9366,3142560.0
614,2021-04-12,68.763,69.0408,62.9633,64.3177,4698368.0
615,2021-04-13,64.9428,65.3943,62.8591,64.1788,2559402.0
616,2021-04-14,64.8734,70.3605,64.5608,69.4228,6135597.0
617,2021-04-15,70.4994,70.7078,68.1379,69.7354,6784691.0
618,2021-04-16,69.8048,70.4994,65.9847,68.4852,3137989.0
619,2021-04-19,68.4852,74.4585,67.6864,70.2216,15301204.0
620,2021-04-20,69.8048,71.194,67.9295,68.6241,8340067.0
621,2021-04-21,67.3044,68.4157,66.0541,67.3738,4021521.0
622,2021-04-22,68.0684,68.5546,66.1583,67.3738,3305428.0
623,2021-04-23,67.3738,70.0827,67.3391,68.763,4706152.0
624,2021-04-26,68.8324,70.4994,66.714,67.478,6910938.0
625,2021-04-27,68.2768,68.4157,65.1859,66.2972,3688433.0
626,2021-04-28,67.2349,68.9019,65.429,68.2768,5326400.0
627,2021-04-29,68.6241,71.5413,67.096,71.0551,5811502.0
628,2021-04-30,69.8743,73.4861,68.9019,72.6526,6831014.0
629,2021-05-03,73.3472,73.9723,67.7211,68.2073,3847924.0
630,2021-05-04,68.0684,70.4994,67.0265,70.2216,2738800.0
631,2021-05-05,68.9019,71.0551,68.2073,68.8672,1574800.0
632,2021-05-06,69.6659,70.6383,66.9571,68.4852,4228882.0
633,2021-05-07,69.1797,70.2216,66.332,66.8529,6373436.0
634,2021-05-10,67.9989,70.1521,67.4086,69.3881,6205270.0
635,2021-05-11,67.8948,68.4157,62.6507,64.283,8386576.0
636,2021-05-12,64.9428,66.7834,63.9357,65.0123,4472995.0
637,2021-05-13,62.9285,63.2758,60.7059,60.7754,6139402.0
638,2021-05-14,60.7754,61.7478,59.4557,60.0461,4846087.0
639,2021-05-17,59.803,64.0051,59.7682,63.2064,5241873.0
640,2021-05-18,64.4566,65.429,63.6926,64.4566,3373300.0
641,2021-05-20,65.4985,69.1103,64.5955,67.3738,8716160.0
642,2021-05-21,67.5822,68.5546,66.4014,67.0265,3429623.0
643,2021-05-24,67.0265,69.3186,66.8876,68.4504,4204139.0
644,2021-05-25,68.763,69.3881,67.6517,69.1103,5321383.0
645,2021-05-26,69.4576,70.4994,68.5546,69.4576,5658667.0
646,2021-05-27,70.0827,70.43,68.4157,69.2492,16542159.0
647,2021-05-28,70.1521,74.3196,70.0827,72.3053,10940014.0
648,2021-05-31,73.9723,80.9875,73.2777,80.9181,12288330.0
649,2021-06-01,85.4328,85.4328,78.2092,79.5984,6053647.0
650,2021-06-02,79.9456,83.3491,79.39,82.8629,7469694.0
651,2021-06-03,83.2796,83.6269,79.6678,81.821,4341227.0
652,2021-06-04,80.4319,83.0018,78.487,79.6678,5870322.0
653,2021-06-07,80.2929,81.6821,78.6954,79.5984,2702859.0
654,2021-06-08,78.947,80.1316,74.2088,76.2295,5363919.0
655,2021-06-09,76.0205,78.529,75.1147,75.8115,3280723.0
656,2021-06-10,75.6024,77.5534,74.2088,74.3482,5206733.0
657,2021-06-11,75.6024,78.738,74.1391,77.7625,17523292.0
658,2021-06-15,79.6438,80.2013,74.9056,76.2992,6683410.0
659,2021-06-16,76.3689,77.205,70.4461,71.9791,5635950.0
660,2021-06-17,71.77,74.9056,70.7248,73.3727,3993289.0
661,2021-06-18,73.1636,76.6476,73.1636,76.5083,4859395.0
662,2021-06-21,74.0695,76.1599,73.1636,74.3482,4143043.0
663,2021-06-22,75.045,76.6476,73.3727,74.4875,4773925.0
664,2021-06-23,75.8811,81.3858,75.1147,80.0619,9969393.0
665,2021-06-24,81.5252,81.5252,75.8811,78.0412,13782121.0
666,2021-06-25,80.1316,80.9677,77.6231,79.9226,5708060.0
667,2021-06-28,80.1316,81.1768,76.5779,78.3896,3164845.0
668,2021-06-29,79.3651,79.3651,76.6476,78.738,4660680.0
669,2021-06-30,79.4348,81.1768,77.205,80.8284,5688861.0
670,2021-07-02,80.8284,80.8284,76.2295,77.7625,4393152.0
671,2021-07-05,78.4593,87.448,78.1109,86.9602,16540146.0
672,2021-07-06,87.448,89.1899,81.8039,86.6815,10901758.0
673,2021-07-07,87.0996,92.9526,84.0337,92.3952,11614792.0
674,2021-07-08,91.6287,95.3218,88.4932,88.9809,8488492.0
675,2021-07-09,88.4932,94.834,85.4969,92.3255,8674539.0
676,2021-07-12,96.0186,100.9658,95.3914,99.8509,11719070.0
677,2021-07-13,100.8961,102.3594,97.7605,99.5722,7370697.0
678,2021-07-14,98.6664,98.9451,91.4197,98.318,9834269.0
679,2021-07-15,100.9658,108.7002,99.6419,102.011,9493693.0
680,2021-07-16,102.011,107.446,98.318,102.22,7890561.0
681,2021-07-19,100.9658,110.4422,100.478,104.1711,8636708.0
682,2021-07-20,103.2652,105.4253,99.6419,102.3594,4851666.0
683,2021-07-21,104.5195,121.3123,104.5195,116.7831,12854455.0
684,2021-07-22,117.8283,123.6117,116.156,120.4064,13987235.0
685,2021-07-23,121.1032,124.0298,111.9055,112.7417,8364075.0
686,2021-07-26,113.6475,119.2916,109.188,113.7869,10264059.0
687,2021-07-27,113.5778,116.574,103.1259,108.7002,15441309.0
688,2021-07-28,103.2652,110.7906,103.2652,107.7247,10238679.0
689,2021-07-29,110.8603,119.5006,110.8603,116.9224,7674080.0
690,2021-07-30,119.1522,123.1239,112.7417,116.156,7886796.0
691,2021-08-02,119.64,123.8904,112.881,118.2464,8189525.0
692,2021-08-03,119.1522,119.1522,108.979,111.4874,7226159.0
693,2021-08-04,111.4178,121.9394,110.7906,121.8697,7923610.0
694,2021-08-05,121.8,121.8,116.5044,117.8283,4531350.0
695,2021-08-06,121.9394,126.6776,117.7586,118.7341,11978247.0
696,2021-08-09,117.6889,117.6889,109.2577,112.1145,7363845.0
697,2021-08-10,113.5778,115.5985,107.6551,111.4874,5763932.0
698,2021-08-11,111.8358,113.0901,109.5364,111.2784,3726043.0
699,2021-08-12,110.9997,112.4629,108.6306,112.1842,3576094.0
700,2021-08-13,112.1842,116.2256,110.2332,112.1842,4521573.0
701,2021-08-16,112.1842,112.1842,103.3349,103.4743,7292868.0
702,2021-08-17,103.1259,106.8189,97.2031,100.1297,7800407.0
703,2021-08-18,100.3387,105.0072,97.7605,102.7078,4467350.0
704,2021-08-19,103.753,109.188,99.9206,103.8227,6240352.0
705,2021-08-20,103.1956,106.6099,98.6664,101.4536,6561043.0
706,2021-08-23,104.5195,110.3726,103.6833,109.397,5894702.0
707,2021-08-24,111.4874,116.365,111.4874,114.414,5656099.0
708,2021-08-25,115.1108,115.3198,109.0486,110.0242,3683424.0
709,2021-08-26,110.721,111.8358,107.3067,108.7002,2691750.0
710,2021-08-27,108.7002,113.9262,105.0769,113.2294,4316520.0
711,2021-08-30,114.9714,122.8452,114.9714,121.3819,8607888.0
712,2021-08-31,122.4271,124.8659,116.6437,124.8659,7107293.0
713,2021-09-01,125.284,128.9073,115.3198,117.6889,8482928.0
714,2021-09-02,119.1522,120.1277,114.2746,116.0863,5101525.0
715,2021-09-03,116.8528,116.8528,108.7699,110.5119,7677896.0
716,2021-09-06,111.2087,114.4837,108.9093,114.4837,4485551.0
717,2021-09-07,114.9714,115.4592,112.8113,113.5778,2770652.0
718,2021-09-08,111.5571,113.5778,109.2577,110.1635,4429699.0
719,2021-09-09,112.1842,114.623,109.0486,111.9752,4435232.0
720,2021-09-10,113.7869,113.7869,108.6306,110.5119,6877763.0
721,2021-09-13,110.3029,112.3236,104.2407,105.7737,7520786.0
722,2021-09-14,107.5854,109.397,100.4084,106.6795,4343770.0
723,2021-09-15,108.6306,111.4874,105.0072,108.7699,5892231.0
724,2021-09-16,110.7906,110.7906,97.9696,101.5232,7870134.0
725,2021-09-17,103.962,103.962,98.9451,102.8472,5364107.0
726,2021-09-20,101.1748,101.5232,94.834,99.7813,4212111.0
727,2021-09-21,96.9244,100.1993,95.6005,99.5722,2262304.0
728,2021-09-23,101.0355,104.8679,100.3387,101.5929,4476397.0
729,2021-09-24,102.011,102.2897,96.576,96.9941,3260874.0
730,2021-09-27,97.5515,98.5967,92.0468,94.834,4480582.0
731,2021-09-28,94.7643,95.7398,92.3952,94.4856,3492909.0
732,2021-09-29,92.5346,93.7191,89.2596,91.0713,3495788.0
733,2021-09-30,91.4197,97.5515,91.4197,96.4366,3284394.0
734,2021-10-04,98.5967,100.1993,93.9282,94.3462,2092056.0
735,2021-10-05,92.3952,102.4291,90.9319,100.8264,3870222.0
736,2021-10-06,101.1052,101.5232,97.3425,99.0148,1857892.0
737,2021-10-07,98.9451,102.4291,98.9451,102.011,2013646.0
738,2021-10-08,103.0562,103.6833,94.7643,96.4366,4391758.0
739,2021-10-11,97.5515,98.1786,93.301,95.3914,3217500.0
740,2021-10-12,97.4818,97.4818,89.8867,91.9771,5752827.0
741,2021-10-15,94.5553,97.4818,89.2596,97.3425,8627318.0
742,2021-10-18,97.6212,100.8961,96.2276,100.6871,5419463.0
743,2021-10-19,101.7323,104.3104,99.8509,104.2407,4161410.0
744,2021-10-20,107.237,108.0035,104.3104,105.5647,4452482.0
745,2021-10-21,106.6099,106.6099,101.7323,103.2652,2763191.0
746,2021-10-22,103.8227,106.2615,101.4536,105.7737,4186300.0
747,2021-10-25,103.8924,107.237,102.4291,106.7492,2284631.0
748,2021-10-26,110.0938,112.1842,106.1221,106.8886,4568476.0
749,2021-10-27,106.6099,109.6061,106.6099,108.4215,3702884.0
750,2021-10-28,109.0486,109.6061,102.22,102.4291,4614274.0
751,2021-10-29,103.544,104.9375,100.4084,101.6626,3465579.0
752,2021-11-01,103.0562,103.6136,99.7116,100.06,3343250.0
753,2021-11-02,109.0486,109.397,102.22,103.4743,8140533.0
754,2021-11-03,104.5195,106.0524,98.527,100.6174,3675007.0
755,2021-11-04,101.7323,103.1259,99.6419,103.1259,2241030.0
756,2021-11-05,101.7323,107.3067,101.1748,104.2407,4368446.0
757,2021-11-08,104.5891,108.3518,103.6833,106.8886,7754458.0
758,2021-11-09,108.7699,108.8396,104.3801,105.1466,3748800.0
759,2021-11-10,104.1014,104.5195,97.0637,100.1297,6850884.0
760,2021-11-11,99.6419,99.9903,97.5515,98.9451,2715759.0
761,2021-11-12,100.3387,100.5477,97.5515,98.9451,3656475.0
762,2021-11-15,99.6419,99.7813,94.7643,96.7153,3399542.0
763,2021-11-16,97.2728,97.6909,95.5308,96.9941,2794007.0
764,2021-11-17,97.0637,102.3594,97.0637,102.011,4832341.0
765,2021-11-18,101.0355,103.6833,98.8754,101.7323,3561000.0
766,2021-11-19,101.7323,102.7078,100.269,101.802,2476515.0
767,2021-11-22,101.802,106.9583,101.3142,106.9583,5128662.0
768,2021-11-23,105.8434,106.5402,101.1052,101.6626,4333078.0
769,2021-11-24,101.6626,103.1956,100.4084,103.1956,1955232.0
770,2021-11-25,103.6833,104.8679,101.8716,103.1259,1839200.0
771,2021-11-26,103.3349,105.9131,102.4291,102.4988,2904842.0
772,2021-11-29,101.0355,104.4498,100.3387,101.5929,2605431.0
773,2021-11-30,103.0562,108.0035,102.9865,105.9827,6309713.0
774,2021-12-01,105.704,105.9827,102.2897,102.6381,2918844.0
775,2021-12-02,102.4291,103.8227,100.8264,101.1052,2062314.0
776,2021-12-03,101.0355,101.7323,98.527,100.3387,2409218.0
777,2021-12-06,98.9451,99.5722,91.9771,91.9771,6303911.0
778,2021-12-07,94.6946,95.3218,87.657,90.3048,6918250.0
779,2021-12-08,92.6739,95.1127,90.5835,94.9734,4142327.0
780,2021-12-09,96.0882,97.2728,94.7643,96.8547,2146908.0
781,2021-12-10,94.4856,98.8754,92.2559,96.6457,2485412.0
782,2021-12-13,98.4573,99.9903,96.9244,97.1334,2098279.0
783,2021-12-14,96.8547,97.3425,93.3707,94.2766,2137167.0
784,2021-12-15,94.2766,95.6702,91.0016,92.1862,1797567.0
785,2021-12-16,91.35,93.9282,90.7229,93.9282,1983118.0
786,2021-12-17,92.5346,93.301,90.7926,90.7926,4589785.0
787,2021-12-20,89.9564,90.7926,78.738,79.5045,9939173.0
788,2021-12-21,78.0412,81.1071,76.0205,79.8529,7110904.0
789,2021-12-22,80.6194,83.8943,80.6194,82.5007,3694191.0
790,2021-12-23,83.2672,84.4517,80.5497,82.2917,2064380.0
791,2021-12-24,82.7097,83.6853,79.0167,81.1768,2018474.0
792,2021-12-28,81.2465,85.706,81.1768,84.0337,4106922.0
793,2021-12-29,84.9395,86.6815,83.8943,84.8698,2081242.0
794,2021-12-30,85.0092,86.2634,82.9188,83.6156,1386282.0
795,2021-12-31,86.4028,86.9602,84.8001,85.4969,907319.0
796,2022-01-03,86.2634,88.1448,85.8453,87.5176,1499504.0
797,2022-01-04,89.8867,91.141,81.3858,83.0581,6700094.0
798,2022-01-05,82.7794,82.9188,79.9922,80.8981,3066967.0
799,2022-01-06,83.1975,83.1975,76.787,82.5704,3483443.0
800,2022-01-07,82.431,82.9188,79.0167,81.3858,3782659.0
801,2022-01-10,81.6645,83.2672,79.5045,80.7587,3623822.0
802,2022-01-11,80.6194,81.5252,77.6231,79.0864,4768556.0
803,2022-01-12,80.3406,83.4762,80.271,83.3369,5056218.0
804,2022-01-13,85.0092,85.0092,80.1316,81.8039,4256216.0
805,2022-01-14,80.3406,81.8039,79.4348,81.8039,2831461.0
806,2022-01-17,81.9433,82.1523,79.2954,80.1316,2978582.0
807,2022-01-18,80.3406,81.4555,79.5045,80.5497,1727078.0
808,2022-01-19,80.1316,81.1768,77.205,78.738,3400498.0
809,2022-01-20,79.2258,79.9922,77.2747,79.7135,3794972.0
810,2022-01-21,80.0619,81.3858,78.1109,81.0374,3037878.0
811,2022-01-24,78.3896,88.0751,78.3896,87.1692,10727865.0
812,2022-01-25,87.7964,90.5835,85.706,87.3086,8801856.0
813,2022-01-26,87.657,90.1655,86.3331,87.2389,3874720.0
814,2022-01-27,88.2841,88.2841,84.1033,85.6363,2859817.0
815,2022-01-28,85.8453,86.4028,80.8284,83.4762,2849972.0
816,2022-01-31,83.6156,86.0544,82.9188,85.2879,1346600.0
817,2022-02-04,86.6815,89.0506,85.706,88.2144,2288092.0
818,2022-02-07,89.3293,89.6777,85.0092,85.706,4324310.0
819,2022-02-08,86.124,86.124,79.5045,81.1768,4660740.0
820,2022-02-09,82.8491,84.2427,80.9677,83.964,3585435.0
821,2022-02-10,84.6608,85.3576,82.2917,83.8943,3534922.0
822,2022-02-11,83.6156,86.8208,82.431,83.1975,4813327.0
823,2022-02-14,82.222,86.2634,81.0374,84.5911,2740665.0
824,2022-02-15,83.8246,85.5666,82.431,85.4272,2795571.0
825,2022-02-16,87.0299,89.8867,86.4028,87.5873,3584997.0
826,2022-02-17,87.5176,94.9037,85.915,94.2766,7982658.0
827,2022-02-18,95.1824,95.3218,92.7436,93.301,3887182.0
828,2022-02-21,92.5346,92.5346,88.9112,90.8623,4421043.0
829,2022-02-22,90.4442,93.9282,89.2596,91.9771,6864979.0
830,2022-02-23,91.9771,92.4649,89.1899,92.2559,4722579.0
831,2022-02-24,91.2803,91.2803,84.8698,86.3331,6278202.0
832,2022-02-25,87.448,91.0016,87.448,88.7719,3994526.0
833,2022-02-28,89.1899,91.6287,88.7719,91.6287,4480702.0
834,2022-03-01,91.9771,92.4649,87.866,90.0958,4311613.0
835,2022-03-02,90.2351,91.8378,89.8867,90.5139,2732249.0
836,2022-03-03,91.4197,91.6984,87.448,87.866,3227623.0
837,2022-03-04,86.4028,87.3086,83.1278,84.3821,4822660.0
838,2022-03-07,81.9433,83.5459,79.8529,80.2013,4778487.0
839,2022-03-08,79.7832,81.0374,69.9584,71.77,8502577.0
840,2022-03-09,73.1636,73.5817,68.2861,72.2578,4404734.0
841,2022-03-10,76.2992,76.5083,72.1184,73.5817,4446998.0
842,2022-03-11,71.561,73.4423,69.0874,71.2823,3620477.0
843,2022-03-14,72.1881,72.1881,62.1194,62.9207,6912797.0
844,2022-03-15,61.0394,66.1957,59.9245,61.4226,11995799.0
845,2022-03-16,67.5196,70.6552,61.8755,70.5158,10562068.0
846,2022-03-17,74.9753,76.5779,72.4668,74.7663,9270425.0
847,2022-03-18,73.1636,75.4631,71.9791,73.8604,4499756.0
848,2022-03-21,73.8604,75.6721,71.2823,72.2578,4084581.0
849,2022-03-22,72.6062,75.3934,71.8397,75.1843,2841355.0
850,2022-03-23,75.3934,77.3444,75.3934,76.5083,3490247.0
851,2022-03-24,76.2992,79.6438,74.9056,78.2502,3498838.0
852,2022-03-25,78.738,81.6645,77.0657,78.1806,3990075.0
853,2022-03-28,77.9018,77.9715,74.0695,76.7173,2953166.0
854,2022-03-29,76.6476,77.6928,74.4179,75.254,2942398.0
855,2022-03-30,76.6476,79.1561,76.2992,79.0864,3323267.0
856,2022-03-31,80.8284,81.3161,76.0902,78.0412,2781804.0
857,2022-04-01,77.3444,79.3651,76.0205,79.0167,2713413.0
858,2022-04-04,79.7135,81.5252,78.738,79.9922,2402169.0
859,2022-04-06,80.8284,80.8284,75.5327,76.2992,3960558.0
860,2022-04-07,75.9508,77.6231,75.7418,76.2295,2021906.0
861,2022-04-08,75.6721,76.996,73.8604,76.0205,1856502.0
862,2022-04-11,74.9056,74.9056,63.9311,64.593,12111934.0
863,2022-04-12,65.1505,68.3557,64.8021,67.7286,4650777.0
864,2022-04-13,66.997,69.9584,66.997,68.3557,4343292.0
865,2022-04-14,69.9584,71.9094,69.2267,71.9094,5233740.0
866,2022-04-19,71.0732,71.0732,68.4603,69.4009,2800028.0
867,2022-04-20,69.4009,70.0977,65.9518,66.6486,4169395.0
868,2022-04-21,65.2201,66.4395,61.6665,62.1542,6359094.0
869,2022-04-22,61.4574,62.5723,59.5064,62.5375,4449015.0
870,2022-04-25,61.3181,61.3181,54.803,55.1166,8005564.0
871,2022-04-26,56.7192,58.078,55.7437,57.1373,5251126.0
872,2022-04-27,57.8341,65.3943,56.4754,64.2795,11868450.0
873,2022-04-28,64.2446,66.335,61.3181,64.384,6618564.0
874,2022-04-29,64.8021,66.8925,63.0252,66.7531,4247819.0
875,2022-05-03,66.126,66.126,61.4226,63.7569,4220161.0
876,2022-05-04,63.6175,64.384,62.0846,62.5723,2247460.0
877,2022-05-05,64.8021,65.4989,62.1194,62.642,5196822.0
878,2022-05-06,59.9245,61.6665,59.7851,60.0639,2942110.0
879,2022-05-10,56.6496,61.8755,56.1966,61.0742,3878511.0
880,2022-05-11,60.6561,65.7079,60.6561,64.3143,5062672.0
881,2022-05-12,62.2588,63.7917,61.1439,61.4574,3092542.0
882,2022-05-13,62.6768,63.304,61.3529,62.1891,2313440.0
883,2022-05-16,63.4085,64.3143,62.2239,62.642,1717759.0
884,2022-05-17,63.4085,68.6345,62.7117,67.4499,7003189.0
885,2022-05-18,68.5299,70.3068,67.5196,69.5751,5873620.0
886,2022-05-19,67.1015,70.3764,66.7879,69.4009,3427998.0
887,2022-05-20,71.0732,73.1636,68.8435,70.1674,3318634.0
888,2022-05-23,70.9339,73.0939,69.7493,70.9339,3457034.0
889,2022-05-24,70.9339,72.1184,69.1222,69.819,3502495.0
890,2022-05-25,69.5403,70.7248,68.3906,68.5648,2595763.0
891,2022-05-26,69.819,72.0488,68.9828,70.2371,3322013.0
892,2022-05-27,72.1881,72.3972,69.3312,70.4461,1775192.0
893,2022-05-30,71.2823,71.6307,69.0525,70.8642,3701435.0
894,2022-05-31,70.8642,71.2126,68.9828,70.2371,7059605.0
895,2022-06-01,68.9828,68.9828,66.335,67.4847,6647485.0
896,2022-06-02,65.8473,67.1712,65.3595,66.5441,3373441.0
897,2022-06-06,66.126,72.9546,66.126,72.8849,7932281.0
898,2022-06-07,73.0243,73.7907,71.2126,72.3972,3261344.0
899,2022-06-08,73.5817,79.0864,73.2333,77.6928,9512185.0
900,2022-06-09,78.3199,78.3199,74.8359,75.9508,3654705.0
901,2022-06-10,74.5572,78.3199,73.2333,77.7625,4422980.0
902,2022-06-13,74.8359,80.1316,73.512,77.7625,5008396.0
903,2022-06-14,76.8566,77.8322,74.4875,76.3689,3599531.0
904,2022-06-15,76.9263,79.0864,76.0205,77.205,3058631.0
905,2022-06-16,78.5986,79.0167,74.3482,75.1147,3286396.0
906,2022-06-17,75.7517,83.092,75.7517,79.5198,10363348.0
907,2022-06-20,80.9389,81.1835,77.6602,79.8623,5248188.0
908,2022-06-21,79.8134,80.5963,78.541,79.2751,3679103.0
909,2022-06-22,80.3027,80.3027,78.1006,78.8347,2517074.0
910,2022-06-23,79.2751,80.2538,76.1432,79.0793,5644259.0
911,2022-06-24,79.9602,80.2538,78.7368,79.5687,3036848.0
912,2022-06-27,79.8623,89.5025,79.7155,86.3707,9918041.0
913,2022-06-28,86.3707,89.0621,85.6367,88.5728,6298384.0
914,2022-06-29,87.8877,87.9855,82.7984,82.8473,6895186.0
915,2022-06-30,83.3367,85.4898,82.2601,84.5111,5174445.0
916,2022-07-04,77.807,83.1899,77.1219,81.7218,16076047.0
917,2022-07-05,83.1899,84.8048,80.2048,81.1346,5535379.0
918,2022-07-06,80.7431,84.1686,80.2048,81.0857,7695289.0
919,2022-07-07,81.2325,81.4282,78.7857,80.058,5331731.0
920,2022-07-08,82.4069,83.6792,79.8623,81.2814,6791003.0
921,2022-07-11,81.2814,81.2814,75.0666,76.0943,7251554.0
922,2022-07-12,77.0241,78.0517,72.1305,74.2347,6612724.0
923,2022-07-13,74.2347,75.1645,71.739,74.7241,5080672.0
924,2022-07-14,75.8496,75.8496,72.8646,75.2134,4240111.0
925,2022-07-15,76.4858,78.8836,75.0666,75.4581,5029480.0
926,2022-07-18,75.6539,77.6113,74.773,76.339,3035681.0
927,2022-07-19,76.339,76.7304,74.9688,75.2134,1774945.0
928,2022-07-20,76.4858,77.6602,75.6539,76.1922,2475870.0
929,2022-07-21,76.339,76.4368,72.8156,73.5007,4522809.0
930,2022-07-22,74.3816,74.4794,71.739,72.6199,3259094.0
931,2022-07-25,73.305,73.305,70.1242,71.005,3171101.0
932,2022-07-26,69.8306,73.7943,69.8306,72.7667,2765055.0
933,2022-07-27,72.3263,72.4731,70.5646,71.739,1604102.0
934,2022-07-28,72.1795,72.8646,70.1242,70.7114,2582091.0
935,2022-07-29,71.1518,71.4454,68.5583,69.4391,2833290.0
936,2022-08-01,69.3412,71.9837,69.3412,70.6625,2631675.0
937,2022-08-02,70.4667,70.4667,66.6987,68.3136,4382456.0
938,2022-08-03,68.6072,70.2221,67.6285,68.2157,2365641.0
939,2022-08-04,68.9987,70.3199,68.7051,69.8306,1947036.0
940,2022-08-05,69.3902,70.8582,68.2157,70.3199,3730645.0
941,2022-08-08,70.3199,70.3199,68.02,68.9008,4662764.0
942,2022-08-09,68.7051,71.8369,68.7051,71.1029,4391286.0
943,2022-08-10,71.054,72.2284,68.9987,70.271,4370177.0
944,2022-08-11,71.4454,71.739,69.6838,71.739,2530973.0
945,2022-08-12,71.739,73.4028,71.3965,72.2284,3950407.0
946,2022-08-15,72.2773,74.3816,71.9837,73.305,5469387.0
947,2022-08-16,73.7943,73.7943,70.6135,71.4944,3435621.0
948,2022-08-17,71.739,71.8859,68.8519,69.488,4777914.0
949,2022-08-18,69.488,70.1242,68.9987,69.8795,2014320.0
950,2022-08-19,70.1731,70.1731,68.5583,68.6072,2103781.0
951,2022-08-22,68.0689,70.9561,66.7966,70.4178,3249868.0
952,2022-08-23,70.4667,72.2284,70.4178,71.4454,3914625.0
953,2022-08-24,72.0327,73.0114,68.6072,68.9497,4483301.0
954,2022-08-25,67.5306,68.9497,65.4264,68.5093,5594562.0
955,2022-08-26,69.3902,73.1092,68.3625,71.8369,6670206.0
956,2022-08-29,70.5157,71.8859,69.6838,71.054,1906772.0
957,2022-08-30,71.054,71.2008,69.3902,70.6625,1815747.0
958,2022-08-31,69.5859,69.5859,66.3562,67.8732,7346149.0
959,2022-09-01,67.9221,68.2646,65.5243,65.6711,3632682.0
960,2022-09-02,65.72,65.9647,62.686,63.5669,5070060.0
961,2022-09-05,62.9796,63.4201,61.218,61.6095,3757045.0
962,2022-09-06,61.8052,64.3009,61.8052,63.8605,3152322.0
963,2022-09-07,63.4201,65.769,62.3924,64.3988,4218928.0
964,2022-09-08,65.1328,65.3775,63.1754,63.6158,1792636.0
965,2022-09-09,63.6647,65.0349,63.5669,64.4966,3017435.0
966,2022-09-13,65.2796,66.4051,64.6434,66.0626,2907876.0
967,2022-09-14,64.4966,65.4753,63.6647,65.1817,1753183.0
968,2022-09-15,65.6221,66.9923,63.4201,64.3988,4323211.0
969,2022-09-16,64.3498,64.3498,60.8754,61.4137,8779509.0
970,2022-09-19,61.169,63.8605,61.169,62.5392,3417978.0
971,2022-09-20,62.8328,65.6711,62.8328,64.1052,24297919.0
972,2022-09-21,63.6158,63.7137,62.3924,63.3711,4784788.0
973,2022-09-22,62.1477,62.6371,60.7286,61.5605,3332095.0
974,2022-09-23,60.7286,62.5882,57.8904,58.4776,6054696.0
975,2022-09-26,57.0585,58.3308,55.9819,56.8138,3601165.0
976,2022-09-27,56.5691,57.1563,55.4436,56.9117,3339740.0
977,2022-09-28,56.9117,56.9117,52.9479,53.6819,7839287.0
978,2022-09-29,54.8564,55.2479,50.7458,51.382,8111390.0
979,2022-09-30,51.2841,52.4096,50.8926,51.1373,3752920.0
980,2022-10-03,51.1373,52.5564,50.5012,51.4309,1492472.0
981,2022-10-05,54.3181,56.2755,53.8288,55.3457,5287563.0
982,2022-10-06,55.3947,55.5415,54.416,55.3457,2629159.0
983,2022-10-07,54.2202,54.5138,52.4586,53.2415,2303475.0
984,2022-10-10,52.116,52.4096,50.4522,51.0884,2740860.0
985,2022-10-11,51.4799,52.5075,51.0884,51.3331,3005263.0
986,2022-10-12,50.9416,53.0947,49.4735,52.116,3469796.0
987,2022-10-13,51.8713,52.0671,48.8374,48.8374,3292958.0
988,2022-10-14,50.2075,52.9969,49.5225,51.7735,5952658.0
989,2022-10-17,52.899,53.7798,51.382,52.4586,3827465.0
990,2022-10-18,53.6819,53.7798,52.5075,53.633,2943181.0
991,2022-10-19,53.4862,55.2479,52.6543,53.0458,3933193.0
992,2022-10-20,52.6543,53.0947,50.6969,52.7522,2483576.0
993,2022-10-21,52.3607,53.4373,52.116,52.3118,2119998.0
994,2022-10-24,52.85,54.8564,50.9416,51.6267,6533230.0
995,2022-10-25,51.1373,52.85,50.0607,52.4586,4051075.0
996,2022-10-26,53.1437,55.5904,52.85,54.2202,5009162.0
997,2022-10-27,55.7372,56.7159,53.6819,54.416,4639863.0
998,2022-10-28,54.1224,54.3181,50.7948,51.382,3399037.0
999,2022-10-31,51.9203,53.633,51.1863,51.9692,4654454.0
1000,2022-11-01,52.899,57.5968,52.85,56.667,9099530.0
1001,2022-11-02,58.2329,58.7223,56.4713,58.6244,3808283.0
1002,2022-11-03,58.7223,58.7223,56.0798,56.9606,5851818.0
1003,2022-11-04,57.5478,62.9307,57.0585,61.3648,9467788.0
1004,2022-11-07,62.3435,64.3009,61.7073,62.686,7744436.0
1005,2022-11-08,63.6158,65.0839,62.8328,64.5456,5876682.0
1006,2022-11-09,65.1817,66.9923,65.0349,65.5243,7002584.0
1007,2022-11-10,64.203,64.203,61.4137,61.9031,5730522.0
1008,2022-11-11,65.3285,66.2583,63.6158,65.5732,5670968.0
1009,2022-11-14,66.7477,66.8945,62.5392,62.686,8008337.0
1010,2022-11-15,62.3435,64.7413,61.5116,64.3988,6956642.0
1011,2022-11-16,65.3775,65.3775,61.8541,62.8818,5983609.0
1012,2022-11-17,62.8328,62.8328,60.435,61.6584,4498939.0
1013,2022-11-18,61.6584,62.0988,60.435,61.169,4658750.0
1014,2022-11-21,61.169,62.4903,59.3584,62.3435,3389668.0
1015,2022-11-22,62.8328,63.0286,60.3861,61.4627,3577127.0
1016,2022-11-23,61.4137,62.4903,60.6797,61.6095,3299324.0
1017,2022-11-24,63.1264,63.1264,61.6095,62.1967,2974198.0
1018,2022-11-25,61.8052,62.3435,61.169,62.0499,4718260.0
1019,2022-11-28,60.4839,60.6797,58.2819,60.6797,4118079.0
1020,2022-11-29,60.7286,62.5392,60.435,62.3435,3372620.0
1021,2022-11-30,62.6371,66.3562,62.3435,66.3562,10558401.0
1022,2022-12-01,67.5306,68.5093,66.8455,67.2859,6155181.0
1023,2022-12-02,66.5519,68.02,66.503,67.5306,3714208.0
1024,2022-12-05,68.3136,68.8519,66.6987,68.2157,4980236.0
1025,2022-12-06,66.5519,68.6561,65.72,67.7753,5025975.0
1026,2022-12-07,68.4115,68.9987,65.9647,66.2094,5835269.0
1027,2022-12-08,66.5519,68.9497,66.0626,67.1391,5958153.0
1028,2022-12-09,67.5306,68.9987,66.3562,68.754,5645335.0
1029,2022-12-12,68.7051,68.7051,66.0136,66.8945,3194619.0
1030,2022-12-13,66.9923,66.9923,64.8881,65.2796,2982961.0
1031,2022-12-14,65.4264,66.454,64.3009,64.7413,2673511.0
1032,2022-12-15,64.7413,65.4264,63.3222,63.9094,4194207.0
1033,2022-12-16,62.9796,63.5179,61.6584,62.2456,12958816.0
1034,2022-12-19,63.1264,65.1328,62.735,63.0286,3852205.0
1035,2022-12-20,63.0286,63.9094,60.1414,61.3648,4132974.0
1036,2022-12-21,60.6797,61.8541,60.1903,61.4137,1464286.0
1037,2022-12-22,62.1967,62.1967,59.2116,59.701,3968413.0
1038,2022-12-23,59.3095,60.1903,57.7436,58.4776,3506151.0
1039,2022-12-28,58.4776,59.2606,57.6457,58.918,4210884.0
1040,2022-12-29,58.3308,59.2116,56.8627,57.2542,2639172.0
1041,2022-12-30,56.9606,58.184,56.5202,57.0585,1852714.0
1042,2023-01-03,56.667,57.6946,55.7862,57.4989,2816525.0
1043,2023-01-04,56.9606,57.45,54.1713,54.8075,10098274.0
1044,2023-01-05,55.7372,57.7925,55.5904,57.3521,5888370.0
1045,2023-01-06,57.401,60.1903,57.2053,58.1351,5317556.0
1046,2023-01-09,59.701,60.5818,58.918,59.7989,3554888.0
1047,2023-01-10,59.7989,60.435,58.3797,60.3371,3236068.0
1048,2023-01-11,60.6797,60.6797,59.1138,59.1627,2472694.0
1049,2023-01-12,59.7499,62.5882,59.7499,60.9244,3836393.0
1050,2023-01-13,61.4627,62.1477,60.4839,61.6095,3051318.0
1051,2023-01-16,62.0988,64.0562,61.3158,64.0562,4749508.0
1052,2023-01-17,64.203,64.203,61.7563,62.3924,2917464.0
1053,2023-01-18,62.2456,65.3775,61.6584,63.4201,3484584.0
1054,2023-01-19,63.2243,63.5179,61.6584,63.4201,2538213.0
1055,2023-01-20,64.3498,67.4817,63.6647,67.4817,5716831.0
1056,2023-01-26,69.488,73.9411,68.6072,73.0603,6781665.0
1057,2023-01-27,72.4241,74.773,72.2284,74.6262,3980242.0
1058,2023-01-30,74.773,74.773,69.8306,70.7603,8468776.0
1059,2023-01-31,73.1092,73.1092,68.9497,69.7816,5056031.0
1060,2023-02-01,70.4667,71.6412,69.9774,71.5922,3864153.0
1061,2023-02-02,71.005,71.4454,69.6838,69.6838,2596152.0
1062,2023-02-03,71.9348,71.9348,68.7051,70.0263,4585426.0
1063,2023-02-06,69.488,69.488,66.6008,67.1391,4035021.0
1064,2023-02-07,66.9434,68.02,66.3562,66.9434,3633636.0
1065,2023-02-08,67.5306,71.8369,67.5306,70.271,7036044.0
1066,2023-02-09,69.9284,71.2986,68.9008,71.2008,3383144.0
1067,2023-02-10,71.2008,71.2008,67.971,68.3136,2626243.0
1068,2023-02-13,68.5583,68.7051,67.0413,67.6285,1956978.0
1069,2023-02-14,67.4327,67.9221,65.6221,66.3562,3804655.0
1070,2023-02-15,66.454,67.3838,64.3988,64.7902,4300920.0
1071,2023-02-16,64.8392,66.0136,62.4414,63.1264,4329879.0
1072,2023-02-17,63.8115,63.9583,61.0222,61.3158,4467490.0
1073,2023-02-20,60.3861,60.5818,58.4287,59.7989,6851673.0
1074,2023-02-21,58.7712,60.3861,58.5755,59.2116,5439906.0
1075,2023-02-22,58.918,59.2116,57.3521,57.7925,4761893.0
1076,2023-02-23,57.401,58.184,57.1563,57.5968,3071378.0
1077,2023-02-24,58.0372,58.4776,56.9606,57.1074,4084728.0
1078,2023-02-27,57.7436,58.2329,55.3457,56.0308,4160064.0
1079,2023-02-28,55.8351,55.9819,53.2415,53.5351,7853186.0
1080,2023-03-01,54.0245,55.5904,53.2415,55.5904,5094971.0
1081,2023-03-02,55.0032,55.5415,54.0734,54.7585,2665482.0
1082,2023-03-03,55.2968,55.2968,53.8777,54.2202,3680218.0
1083,2023-03-06,54.6607,55.6394,53.2905,55.3457,4162637.0
1084,2023-03-07,54.8075,55.7372,53.9266,54.5628,3238354.0
1085,2023-03-08,54.416,54.416,52.4586,53.2905,4120975.0
1086,2023-03-09,53.2905,55.0521,53.2905,53.2905,2726748.0
1087,2023-03-10,52.3607,52.4096,50.599,50.8437,4522505.0
1088,2023-03-13,50.7948,50.7948,47.0268,49.4735,9308513.0
1089,2023-03-14,48.8863,49.9139,47.0268,47.565,6469452.0
1090,2023-03-15,48.8863,48.8863,47.0268,47.2225,3962719.0
1091,2023-03-16,46.7821,46.9289,44.4332,44.8247,6496358.0
1092,2023-03-17,45.4119,46.1949,45.314,46.0481,8061649.0
1093,2023-03-20,45.4119,46.2927,44.5311,45.0204,5245333.0
1094,2023-03-21,45.1183,46.88,44.4332,46.7821,5833668.0
1095,2023-03-22,47.1246,49.2778,47.1246,47.4672,8435900.0
1096,2023-03-23,46.88,48.4459,46.831,48.348,3826369.0
1097,2023-03-24,48.3969,48.9842,47.565,47.7119,3107186.0
1098,2023-03-27,47.7119,48.0055,46.9778,47.3693,2079298.0
1099,2023-03-28,47.8587,48.5437,46.88,46.88,2162155.0
1100,2023-03-29,47.4672,48.4948,46.7821,47.2714,3397289.0
1101,2023-03-30,47.9565,48.3969,46.5374,48.3969,5147139.0
1102,2023-03-31,48.7884,49.6693,47.7608,47.7608,3201349.0
1103,2023-04-03,48.2501,49.5714,47.565,48.8374,3967123.0
1104,2023-04-04,48.8374,48.8374,45.8034,46.0481,6755725.0
1105,2023-04-06,45.5587,45.7544,43.0141,44.0906,9715054.0
1106,2023-04-11,44.8247,47.5161,44.4332,46.7331,11262751.0
1107,2023-04-12,47.1736,47.565,45.9991,46.831,5044585.0
1108,2023-04-13,46.5374,47.7119,45.8034,46.88,3861451.0
1109,2023-04-14,46.9289,51.1863,46.9289,50.7948,10376307.0
1110,2023-04-17,50.9416,51.5777,49.5714,50.7458,6667216.0
1111,2023-04-18,50.9905,53.1926,50.9905,51.9692,6333888.0
1112,2023-04-19,53.1437,53.6819,51.5777,52.7032,10755558.0
1113,2023-04-20,53.0947,53.0947,50.7948,50.8437,7096442.0
1114,2023-04-21,50.8437,52.3118,49.9139,50.3544,3359731.0
1115,2023-04-24,50.3544,52.3607,49.3756,50.9905,6815306.0
1116,2023-04-25,51.4799,51.4799,46.4885,47.4672,8153837.0
1117,2023-04-26,47.3693,50.8926,45.6076,50.2075,6685631.0
1118,2023-04-27,50.4033,52.7032,49.5225,52.116,8713136.0
1119,2023-04-28,51.8713,52.6543,47.8587,50.3544,6160972.0
1120,2023-05-02,51.6756,53.5841,50.599,52.9969,6348032.0
1121,2023-05-03,52.5075,53.1926,52.4096,52.7032,3586476.0
1122,2023-05-04,52.4096,53.4862,52.2628,52.7032,4675224.0
1123,2023-05-05,53.2415,53.7309,51.8713,53.1926,4296835.0
1124,2023-05-08,53.9266,54.5138,52.5075,53.4373,4047985.0
1125,2023-05-09,53.4862,53.633,50.599,50.8926,5266280.0
1126,2023-05-10,50.9905,53.5351,50.7948,53.3394,5299905.0
1127,2023-05-11,54.0245,55.5904,53.5351,54.9053,8965219.0
1128,2023-05-12,55.4926,55.7862,52.9479,53.5351,4091213.0
1129,2023-05-15,54.0245,57.7925,53.9266,57.0585,9136388.0
1130,2023-05-16,57.7925,57.7925,56.2755,57.1563,4449356.0
1131,2023-05-17,56.5691,56.5691,54.3181,54.3181,5574081.0
1132,2023-05-18,54.6117,55.5904,54.0245,55.0032,2322970.0
1133,2023-05-19,55.0032,55.0032,52.6543,53.2415,4251224.0
1134,2023-05-22,52.6543,53.2415,52.165,52.5564,2606409.0
1135,2023-05-23,52.0182,53.5351,51.6267,52.0671,2321055.0
1136,2023-05-24,52.0671,52.3607,50.4522,50.7948,4973102.0
1137,2023-05-25,50.9416,50.9416,49.6203,49.9139,2432411.0
1138,2023-05-29,49.9139,50.1097,48.3969,49.7182,3084434.0
1139,2023-05-30,49.7182,50.3054,48.5437,49.4735,1870174.0
1140,2023-05-31,49.2288,49.4735,47.9565,48.4948,4689727.0
1141,2023-06-01,48.4459,50.1586,48.1033,48.5437,2104414.0
1142,2023-06-02,49.4246,52.2139,49.2288,52.2139,3554114.0
1143,2023-06-05,52.85,52.85,51.5777,52.5075,2367673.0
1144,2023-06-06,52.4586,52.5564,51.4309,52.2139,1895600.0
1145,2023-06-07,52.3607,52.6054,50.599,51.6756,2229381.0
1146,2023-06-08,52.0182,52.9479,51.8224,52.6054,2617952.0
1147,2023-06-09,52.7522,53.9756,52.4096,53.3394,3791131.0
1148,2023-06-12,52.5564,53.1437,51.8224,52.6054,1819897.0
1149,2023-06-13,52.899,53.1437,51.9692,52.8011,2691532.0
1150,2023-06-14,53.2905,53.2905,51.8713,52.2139,2182791.0
1151,2023-06-15,52.5075,54.8075,51.4799,54.7096,4431437.0
1152,2023-06-16,55.3457,55.7862,54.5628,55.1989,5488676.0
1153,2023-06-19,54.1224,55.2479,53.9266,54.5628,2117649.0
1154,2023-06-20,54.6117,54.6117,52.4586,52.8011,2929000.0
1155,2023-06-21,51.8713,53.2415,51.0884,51.5777,2926846.0
1156,2023-06-23,51.8713,51.8713,50.2075,50.9905,1284089.0
1157,2023-06-26,51.0394,52.116,49.9629,50.648,1759620.0
1158,2023-06-27,50.8926,51.2841,50.1586,50.9905,998576.0
1159,2023-06-28,50.8926,50.8926,48.6416,49.4246,4086732.0
1160,2023-06-29,49.4246,49.5225,48.0544,48.6416,2849059.0
1161,2023-06-30,48.6416,50.6969,48.348,50.0118,3017458.0
1162,2023-07-03,50.2,52.1,50.2,51.7,2397562.0
1163,2023-07-04,51.55,52.15,51.4,51.95,888179.0
1164,2023-07-05,51.95,52.7,51.55,52.05,1361920.0
1165,2023-07-06,52.45,52.45,50.05,50.8,1537441.0
1166,2023-07-07,50.35,51.0,49.85,50.5,1231099.0
1167,2023-07-10,51.35,52.8,50.75,51.05,2092626.0
1168,2023-07-11,51.05,51.85,50.75,51.5,878810.0
1169,2023-07-12,51.7,52.5,51.45,51.9,1257050.0
1170,2023-07-13,52.55,52.75,51.65,52.1,1978325.0
1171,2023-07-14,52.3,53.25,51.85,53.05,2019592.0
1172,2023-07-18,52.4,52.4,50.75,52.0,2008084.0
1173,2023-07-19,52.4,52.4,50.8,51.25,1285862.0
1174,2023-07-20,51.8,52.4,51.1,51.7,1641793.0
1175,2023-07-21,51.5,51.5,49.4,49.5,4779764.0
1176,2023-07-24,49.5,49.5,45.75,46.95,6237281.0
1177,2023-07-25,48.85,49.35,47.85,48.65,2862747.0
1178,2023-07-26,48.8,49.9,48.7,49.25,1929117.0
1179,2023-07-27,49.75,49.85,49.0,49.3,1832863.0
1180,2023-07-28,49.3,50.55,48.6,50.25,2063466.0
1181,2023-07-31,51.0,51.7,49.75,49.9,3583459.0
1182,2023-08-01,50.45,51.0,49.8,49.95,1459682.0
1183,2023-08-02,50.45,50.45,48.5,49.2,2311774.0
1184,2023-08-03,48.1,49.2,48.1,48.8,2117435.0
1185,2023-08-04,48.8,49.8,48.35,48.4,1934733.0
1186,2023-08-07,48.2,48.65,47.5,48.4,1345588.0
1187,2023-08-08,48.6,48.6,47.0,47.35,2668746.0
1188,2023-08-09,47.35,47.4,46.5,47.1,1572703.0
1189,2023-08-10,46.9,47.4,46.45,46.9,1608620.0
1190,2023-08-11,46.9,46.9,45.65,46.0,1792795.0
1191,2023-08-14,45.95,45.95,44.0,44.95,2550754.0
1192,2023-08-15,44.4,44.85,43.55,43.9,2323526.0
1193,2023-08-16,43.8,43.9,42.1,42.65,3728487.0
1194,2023-08-17,40.4,42.5,40.4,42.4,3691390.0
1195,2023-08-18,42.3,42.3,40.8,41.05,1572140.0
1196,2023-08-21,40.7,41.0,39.75,40.0,3004990.0
1197,2023-08-22,40.0,40.8,39.9,40.5,2584481.0
1198,2023-08-23,40.5,40.5,38.95,39.5,3375921.0
1199,2023-08-24,39.5,40.05,39.1,39.15,4155759.0
1200,2023-08-25,38.95,39.5,38.7,39.0,2482989.0
1201,2023-08-28,40.2,40.7,38.7,39.0,2736600.0
1202,2023-08-29,39.0,40.3,38.75,40.15,4337474.0
1203,2023-08-30,40.45,41.25,39.65,40.15,3930960.0
1204,2023-08-31,40.1,40.1,36.8,37.5,11908362.0
1205,2023-09-04,37.2,39.8,37.1,39.4,5050347.0
1206,2023-09-05,39.2,39.65,38.6,39.25,2120598.0
1207,2023-09-06,38.95,39.0,38.0,38.75,2349400.0
1208,2023-09-07,38.8,38.8,37.3,37.5,1959457.0
1209,2023-09-11,37.4,37.45,35.8,37.4,3967348.0
1210,2023-09-12,37.4,39.05,37.0,38.05,2900515.0
1211,2023-09-13,38.05,38.05,37.05,37.3,2461216.0
1212,2023-09-14,37.85,37.85,36.1,36.3,3064174.0
1213,2023-09-15,36.3,36.35,35.25,35.85,4781426.0
1214,2023-09-18,35.8,37.05,35.05,35.8,3261448.0
1215,2023-09-19,36.0,36.35,35.2,35.5,1963000.0
1216,2023-09-20,35.2,35.6,35.0,35.2,2334730.0
1217,2023-09-21,35.05,35.05,33.55,34.3,5135011.0
1218,2023-09-22,33.95,34.75,33.65,34.45,3702869.0
1219,2023-09-25,34.5,34.6,32.85,32.95,3255327.0
1220,2023-09-26,33.0,33.25,31.8,32.05,3887904.0
1221,2023-09-27,32.0,32.7,31.5,31.6,4862866.0
1222,2023-09-28,31.65,32.8,31.5,31.55,3206060.0
1223,2023-09-29,31.65,32.5,31.6,32.15,1981572.0
1224,2023-10-03,31.0,31.85,29.5,29.7,3297111.0
1225,2023-10-04,29.7,29.7,28.1,28.6,2515758.0
1226,2023-10-05,29.0,29.5,28.1,29.05,1869143.0
1227,2023-10-06,29.2,29.65,28.6,29.15,3209331.0
1228,2023-10-09,29.4,29.85,28.5,29.15,3046310.0
1229,2023-10-10,29.6,31.4,29.55,30.6,5132532.0
1230,2023-10-11,31.0,31.35,30.4,30.8,4285237.0
1231,2023-10-12,30.75,34.5,30.75,34.0,13535019.0
1232,2023-10-13,34.0,34.0,32.65,33.1,4662408.0
1233,2023-10-16,33.2,33.25,30.45,30.65,6677144.0
1234,2023-10-17,31.25,33.0,30.95,32.2,5407858.0
1235,2023-10-18,32.2,32.2,30.65,30.8,3605242.0
1236,2023-10-19,29.75,30.65,29.6,29.95,3480918.0
1237,2023-10-20,29.95,32.3,29.45,31.15,5867228.0
1238,2023-10-24,30.95,32.25,30.4,31.35,6685408.0
1239,2023-10-25,32.1,32.3,30.85,31.1,5033540.0
1240,2023-10-26,30.5,30.95,29.7,30.3,3296975.0
1241,2023-10-27,30.45,32.2,29.85,31.65,4437257.0
1242,2023-10-30,31.25,32.2,31.25,31.95,2776160.0
1243,2023-10-31,29.95,29.95,27.6,28.05,15972117.0
1244,2023-11-01,28.0,28.0,27.3,27.55,3922384.0
1245,2023-11-02,27.55,28.05,27.3,27.4,3111976.0
1246,2023-11-03,27.7,28.8,27.45,28.6,4441776.0
1247,2023-11-06,28.9,30.3,28.9,29.85,4633622.0
1248,2023-11-07,29.8,29.8,28.9,29.1,2522618.0
1249,2023-11-08,28.8,29.35,28.25,28.75,4439513.0
1250,2023-11-09,28.75,29.2,28.55,28.95,2841418.0
1251,2023-11-10,28.8,29.05,27.85,27.95,3768200.0
1252,2023-11-13,27.9,28.1,27.5,27.95,2504299.0
1253,2023-11-14,27.75,28.1,26.9,26.95,3977184.0
1254,2023-11-15,28.5,29.0,27.75,28.75,6976850.0
1255,2023-11-16,28.8,29.7,28.45,29.1,4254211.0
1256,2023-11-17,28.6,29.1,27.85,27.9,3569876.0
1257,2023-11-20,28.2,28.5,27.75,28.25,1997512.0
1258,2023-11-21,28.75,28.95,27.65,27.75,4225544.0
1259,2023-11-22,27.75,27.75,26.7,26.85,4517800.0
1260,2023-11-23,26.85,27.3,26.6,27.3,3188060.0
1261,2023-11-24,27.3,27.3,26.3,26.45,3943045.0
1262,2023-11-27,26.45,26.5,25.3,26.0,3997788.0
1263,2023-11-28,25.6,26.15,25.45,25.9,3574624.0
1264,2023-11-29,26.0,26.4,24.85,25.15,3642035.0
1265,2023-11-30,25.15,25.25,24.3,25.0,9348525.0
1266,2023-12-01,24.95,24.95,23.55,24.0,5950774.0
1267,2023-12-04,24.3,24.4,23.6,23.7,5498862.0
1268,2023-12-05,23.65,24.85,23.35,24.25,7450074.0
1269,2023-12-06,24.15,26.85,23.95,25.95,11505435.0
1270,2023-12-07,25.95,27.15,25.1,26.6,6771967.0
1271,2023-12-08,27.3,27.45,26.45,26.8,5247142.0
1272,2023-12-11,26.8,26.8,25.65,26.6,4652224.0
1273,2023-12-12,26.55,26.7,25.4,25.6,5227748.0
1274,2023-12-13,25.65,25.7,24.4,25.4,3954602.0
1275,2023-12-14,26.0,26.6,25.7,26.15,5405470.0
1276,2023-12-15,26.75,28.15,26.6,27.8,9133786.0
1277,2023-12-18,27.35,28.2,26.7,27.0,2842752.0
1278,2023-12-19,27.0,27.65,26.7,27.05,3645760.0
1279,2023-12-20,27.55,27.55,26.85,27.05,1934950.0
1280,2023-12-21,26.9,27.5,26.2,27.05,3600846.0
1281,2023-12-22,27.1,27.9,26.25,26.9,5271567.0
1282,2023-12-27,26.9,27.8,26.3,27.5,4036820.0
1283,2023-12-28,27.3,29.85,27.2,29.5,5712677.0
1284,2023-12-29,29.5,30.2,29.25,29.5,2985190.0
1285,2024-01-02,29.65,29.7,28.5,28.95,2313719.0
1286,2024-01-03,28.95,29.05,28.2,28.6,3084127.0
1287,2024-01-04,28.8,28.8,27.55,28.1,3815260.0
1288,2024-01-05,28.1,29.8,27.95,28.4,5131232.0
1289,2024-01-08,28.4,29.65,28.3,28.65,4506471.0
1290,2024-01-09,28.65,28.85,27.5,28.4,4440735.0
1291,2024-01-10,28.6,28.8,27.6,27.7,4413216.0
1292,2024-01-11,27.7,29.3,27.05,28.65,10493684.0
1293,2024-01-12,28.65,29.5,28.45,28.7,4955573.0
1294,2024-01-15,28.7,28.7,27.3,27.6,4910938.0
1295,2024-01-16,27.55,28.15,26.9,27.1,3663490.0
1296,2024-01-17,27.1,27.15,24.85,25.15,6986383.0
1297,2024-01-18,25.1,25.6,24.5,25.35,5791882.0
1298,2024-01-19,25.35,26.3,24.2,24.35,4585891.0
1299,2024-01-22,24.35,24.35,22.6,23.1,7639189.0
1300,2024-01-23,23.05,23.75,22.4,23.35,4071056.0
1301,2024-01-24,23.8,24.3,22.9,24.15,3813450.0
1302,2024-01-25,24.25,24.6,23.25,24.6,5606387.0
1303,2024-01-26,24.55,24.8,23.85,23.95,3092625.0
1304,2024-01-29,24.2,24.45,22.95,23.2,3351604.0
