,date,open,high,low,close,volume
0,2019-09-30,26.2378,27.6741,26.0941,27.0038,261975591.0
1,2019-10-02,27.0038,28.536,26.8123,28.4402,98097465.0
2,2019-10-03,28.2487,28.7754,27.8178,28.3444,56170457.0
3,2019-10-04,28.3923,29.4935,28.0572,29.2063,39929505.0
4,2019-10-08,29.0148,30.7384,28.7754,30.2596,81922852.0
5,2019-10-09,30.0202,31.2651,29.9245,31.1214,27387084.0
6,2019-10-10,31.1214,31.2651,30.0202,30.1639,28226926.0
7,2019-10-11,30.4032,30.6426,29.3978,29.9245,20950729.0
8,2019-10-14,30.2117,31.0257,30.0681,30.6905,23357374.0
9,2019-10-15,30.7384,31.1214,30.1639,30.6426,108049063.0
10,2019-10-16,30.5948,30.5948,29.4935,29.4935,28864067.0
11,2019-10-17,30.1639,30.1639,29.3978,30.0681,12671930.0
12,2019-10-18,29.9723,30.0681,28.5838,28.8711,19036631.0
13,2019-10-21,29.2063,30.4032,29.1584,30.116,17809514.0
14,2019-10-22,30.6426,30.6426,29.7329,30.116,12026936.0
15,2019-10-23,29.8766,30.116,29.3978,29.7329,8985202.0
16,2019-10-24,29.8287,30.116,28.8711,29.2063,17880204.0
17,2019-10-25,27.6741,28.8232,26.9559,28.4402,44762051.0
18,2019-10-28,28.4402,28.4402,27.1475,27.2911,21216438.0
19,2019-10-29,27.2911,27.4826,26.2856,26.6208,25749692.0
20,2019-10-30,26.525,27.4347,26.525,27.4347,56561860.0
21,2019-10-31,27.5784,27.5784,27.0038,27.4347,11446335.0
22,2019-11-01,27.2432,27.6741,27.2432,27.6263,7803379.0
23,2019-11-04,27.6263,28.3923,27.5305,28.0572,13506850.0
24,2019-11-05,28.2966,28.3444,27.9135,28.105,12266024.0
25,2019-11-06,28.0572,28.1529,27.8178,28.0093,6210270.0
26,2019-11-07,28.0572,28.105,27.8657,28.0572,5662131.0
27,2019-11-08,28.2008,28.2008,27.2911,27.339,7645565.0
28,2019-11-11,27.1953,27.1953,26.8123,27.0038,9592462.0
29,2019-11-12,27.1475,27.5784,27.0038,27.5305,6227164.0
30,2019-11-13,27.5305,27.5784,27.1475,27.3869,5612165.0
31,2019-11-14,27.2911,27.6263,27.0996,27.2911,5427000.0
32,2019-11-15,27.5784,28.8711,27.3869,28.3923,12303100.0
33,2019-11-18,28.4402,28.8232,28.0093,28.105,9025610.0
34,2019-11-19,28.0572,28.3923,27.7699,28.3923,4285796.0
35,2019-11-20,28.2487,28.2487,27.7699,28.0572,7646008.0
36,2019-11-21,28.0572,28.105,27.5784,27.9614,4865884.0
37,2019-11-22,27.9614,28.105,27.8178,28.0572,3750412.0
38,2019-11-25,28.105,28.2487,27.722,27.7699,10356500.0
39,2019-11-26,27.8657,28.105,27.4826,27.8657,16307813.0
40,2019-11-27,27.7699,28.0093,27.2432,27.3869,5682561.0
41,2019-11-28,27.5305,27.5305,26.8123,27.0517,8536819.0
42,2019-11-29,27.0038,27.0996,26.7166,26.7166,7326880.0
43,2019-12-02,27.2432,27.339,26.8123,27.0038,5794384.0
44,2019-12-03,27.3869,27.5305,26.9559,27.5305,2743931.0
45,2019-12-04,27.2911,27.5784,26.9559,27.0038,2253059.0
46,2019-12-05,27.2911,27.4347,27.0038,27.0517,1551951.0
47,2019-12-06,27.339,27.6741,27.2432,27.6741,4226437.0
48,2019-12-09,27.8657,27.8657,27.4347,27.5305,2142281.0
49,2019-12-10,27.4826,27.5305,27.1953,27.2911,2074831.0
50,2019-12-11,27.4347,27.4347,27.0038,27.1953,2769417.0
51,2019-12-12,27.2432,27.2432,26.8123,26.8123,4121841.0
52,2019-12-13,27.0996,27.1953,26.7644,26.8123,6973732.0
53,2019-12-16,26.8123,26.9559,26.3335,26.525,7848077.0
54,2019-12-17,26.7166,26.8602,25.9984,26.8123,10345885.0
55,2019-12-18,26.8602,26.9559,26.3335,26.3814,5665618.0
56,2019-12-19,26.5729,26.9559,26.4772,26.8123,6101233.0
57,2019-12-20,26.7166,26.9081,26.4772,26.4772,6289837.0
58,2019-12-23,26.525,26.5729,26.3335,26.4772,2237356.0
59,2019-12-24,26.5729,26.6208,26.1899,26.2378,1662960.0
60,2019-12-27,26.3335,26.5729,26.3335,26.3335,3721054.0
61,2019-12-30,26.3335,26.3335,26.0941,26.1899,4920700.0
62,2019-12-31,26.2378,26.4293,25.1844,25.1844,9613698.0
63,2020-01-02,25.1844,25.7111,25.0408,25.3759,9841900.0
64,2020-01-03,25.5675,25.8068,25.2802,25.6632,8397400.0
65,2020-01-06,25.4238,25.5196,24.9929,25.1844,7314019.0
66,2020-01-07,25.3281,25.7111,25.1844,25.5196,6845818.0
67,2020-01-08,25.2323,25.5675,25.1844,25.2323,2969182.0
68,2020-01-09,25.5196,25.5196,25.0887,25.1844,5615108.0
69,2020-01-10,25.3281,25.3759,24.4184,24.4662,14936051.0
70,2020-01-13,24.4184,24.4184,23.365,23.5565,30641310.0
71,2020-01-14,23.748,25.0887,23.6523,25.0887,46473246.0
72,2020-01-15,25.1844,25.759,24.7056,24.9929,12649693.0
73,2020-01-16,24.9929,25.0408,24.2747,24.562,10332279.0
74,2020-01-17,24.6099,24.8014,24.179,24.8014,16330341.0
75,2020-01-20,24.8971,24.9929,24.6099,24.945,6929600.0
76,2020-01-21,24.945,24.945,23.6523,23.7959,10085020.0
77,2020-01-22,23.7959,24.3226,23.4608,24.2747,4884175.0
78,2020-01-23,23.9396,24.3226,23.6044,23.8438,9642073.0
79,2020-01-24,23.748,23.748,23.4608,23.6523,2263603.0
80,2020-01-29,22.982,23.4129,22.9341,23.2214,13660509.0
81,2020-01-30,23.4608,23.4608,22.4553,22.5511,18987203.0
82,2020-01-31,22.5511,23.0777,22.2638,22.5989,8641001.0
83,2020-02-03,22.2159,22.982,22.168,22.6947,7588841.0
84,2020-02-04,22.982,23.365,22.8383,23.365,6936252.0
85,2020-02-05,23.4129,23.4129,22.4553,22.5511,8537367.0
86,2020-02-06,22.6947,23.4608,22.5511,23.0299,9030794.0
87,2020-02-07,23.1256,23.1256,22.2159,22.4074,12158311.0
88,2020-02-10,22.3117,22.5511,22.1202,22.4074,4743800.0
89,2020-02-11,22.6468,22.6468,22.168,22.3117,8113181.0
90,2020-02-12,22.5511,22.982,22.3596,22.7905,10200319.0
91,2020-02-13,22.982,22.982,22.4553,22.5032,4258936.0
92,2020-02-14,22.4074,22.6468,22.168,22.3596,9401900.0
93,2020-02-17,22.5032,22.982,22.3596,22.9341,18329073.0
94,2020-02-18,23.0777,23.8917,22.982,23.0777,26298243.0
95,2020-02-19,23.6523,23.9396,23.2214,23.8438,14557900.0
96,2020-02-20,23.748,23.8438,23.2214,23.7959,7145162.0
97,2020-02-21,23.4608,23.7959,23.4608,23.5565,7644455.0
98,2020-02-24,23.3171,23.4608,22.4074,22.5511,13754852.0
99,2020-02-25,22.3117,22.6468,22.0723,22.5989,8796927.0
100,2020-02-26,22.1202,23.3171,22.1202,23.2693,12841991.0
101,2020-02-27,22.6468,22.982,22.3596,22.982,18638109.0
102,2020-02-28,22.3117,22.5989,22.1202,22.4074,23639398.0
103,2020-03-02,22.2638,22.5511,22.0723,22.2159,12318033.0
104,2020-03-03,22.5032,22.5032,22.0244,22.3117,9489528.0
105,2020-03-04,22.1202,22.8383,22.1202,22.7905,6467850.0
106,2020-03-05,22.982,23.6523,22.7905,23.5087,11177985.0
107,2020-03-06,23.1735,23.5565,22.7905,23.0777,8065002.0
108,2020-03-09,22.3117,22.9341,22.168,22.4553,7884853.0
109,2020-03-10,22.7905,22.8862,22.5032,22.7426,5942371.0
110,2020-03-11,22.7905,22.982,22.3117,22.5032,7415637.0
111,2020-03-12,22.1202,22.168,21.1626,21.3541,17142599.0
112,2020-03-13,19.6304,21.7371,19.6304,21.7371,20960908.0
113,2020-03-16,21.5456,21.7371,20.9711,21.0668,10892937.0
114,2020-03-17,21.0668,21.6414,20.9232,21.3541,14023241.0
115,2020-03-18,21.1147,21.5935,20.6359,20.7795,16675552.0
116,2020-03-19,20.7317,21.0189,19.6304,20.1571,15081998.0
117,2020-03-20,20.1571,20.4444,19.4868,20.3008,15746742.0
118,2020-03-23,20.0135,20.0135,18.9984,19.0559,7002560.0
119,2020-03-24,19.391,20.2529,19.3432,19.7262,18273760.0
120,2020-03-25,20.4923,21.0189,20.0135,20.7795,12407508.0
121,2020-03-26,21.0668,21.0668,20.2529,20.6359,6259565.0
122,2020-03-27,20.3008,20.588,20.0135,20.2529,12663324.0
123,2020-03-30,20.1571,20.205,18.8644,19.1325,13115152.0
124,2020-03-31,19.2474,19.4389,19.0176,19.1517,11841914.0
125,2020-04-01,19.391,19.391,18.3281,18.5388,7206120.0
126,2020-04-02,18.4813,18.7686,18.2132,18.5771,5817530.0
127,2020-04-03,18.6729,18.6729,17.5621,18.0026,11255995.0
128,2020-04-06,18.0217,18.0792,17.2365,17.9642,8940191.0
129,2020-04-07,18.0983,18.941,18.0983,18.692,36049967.0
130,2020-04-08,18.3856,19.1325,18.3856,19.1325,21821151.0
131,2020-04-09,19.6304,20.1571,19.2953,19.9177,16003883.0
132,2020-04-14,20.3008,20.4444,19.9656,20.205,11933130.0
133,2020-04-15,20.588,20.9232,19.9177,20.0614,17940272.0
134,2020-04-16,19.9177,20.5401,19.9177,20.3486,8473630.0
135,2020-04-17,21.0668,21.5935,20.3965,20.588,12481523.0
136,2020-04-20,21.0668,21.0668,20.5401,20.8753,12717033.0
137,2020-04-21,20.6838,20.7317,19.9177,20.3486,15198764.0
138,2020-04-22,19.7741,20.6359,19.7741,20.5401,16321227.0
139,2020-04-23,20.4923,20.7317,19.9656,20.1092,8444370.0
140,2020-04-24,19.5347,20.1092,19.5347,19.8698,2144671.0
141,2020-04-27,19.8698,20.1571,19.4868,19.9656,6289600.0
142,2020-04-28,20.1092,20.2529,19.4868,19.7262,6405700.0
143,2020-04-29,20.0614,20.3486,19.8698,20.2529,8238450.0
144,2020-05-04,19.9177,21.3062,19.7262,21.3062,16152025.0
145,2020-05-05,21.7371,21.785,20.6838,21.1626,18682900.0
146,2020-05-06,21.2583,21.2583,20.7795,20.8274,17873188.0
147,2020-05-07,21.0189,21.0189,19.9177,20.3008,30067453.0
148,2020-05-08,20.4923,21.4977,20.1092,21.402,46488459.0
149,2020-05-11,21.6892,22.6947,21.4977,22.2638,26201166.0
150,2020-05-12,22.5989,22.5989,21.5935,21.9286,17035940.0
151,2020-05-13,21.7371,23.0299,21.7371,22.6947,21419141.0
152,2020-05-14,22.6468,22.6947,21.785,21.9286,14796631.0
153,2020-05-15,22.168,22.3596,21.5935,22.2638,12227961.0
154,2020-05-18,22.0244,22.2638,21.402,21.5456,15718324.0
155,2020-05-19,22.1775,22.2741,21.3561,21.4044,9111087.0
156,2020-05-20,21.646,21.646,20.7763,20.9696,8649534.0
157,2020-05-21,21.2595,21.4527,20.7763,20.8246,6144850.0
158,2020-05-22,20.2931,20.583,19.2108,19.5201,14674932.0
159,2020-05-25,19.0369,20.2931,19.0369,20.1965,10472524.0
160,2020-05-26,20.2931,20.6797,19.9066,20.4381,12532811.0
161,2020-05-27,20.7763,20.7763,20.1965,20.5347,7785746.0
162,2020-05-28,20.728,21.0179,20.2448,20.5347,12102230.0
163,2020-05-29,20.4864,21.2112,20.2448,20.9696,41173620.0
164,2020-06-01,21.5977,21.5977,20.9696,21.5011,15393422.0
165,2020-06-02,21.4527,22.2741,21.2112,22.2741,10210828.0
166,2020-06-03,22.2741,23.9652,22.2258,23.9652,22436014.0
167,2020-06-04,24.1585,24.7383,23.5787,24.6417,17852293.0
168,2020-06-05,24.5933,24.5933,23.8203,23.9652,8167647.0
169,2020-06-08,24.3518,24.3518,23.4337,23.9652,8862732.0
170,2020-06-09,24.3034,24.7866,24.1585,24.545,9275457.0
171,2020-06-10,24.4967,24.6417,23.3854,23.772,9410312.0
172,2020-06-11,23.627,23.772,23.0955,23.0955,7545705.0
173,2020-06-12,22.3708,22.9989,22.2258,22.7573,8434779.0
174,2020-06-15,22.3224,22.564,21.4527,21.5494,15645875.0
175,2020-06-16,22.1775,22.4674,21.8876,22.2258,9273500.0
176,2020-06-17,22.2258,22.3708,21.4527,22.0809,7022354.0
177,2020-06-18,21.9842,22.4674,21.9359,22.1292,5106318.0
178,2020-06-19,21.9359,22.4674,21.6943,22.4191,12046296.0
179,2020-06-22,22.1775,22.3224,21.5494,21.7426,6667602.0
180,2020-06-23,21.791,22.6124,21.5977,22.3224,5952540.0
181,2020-06-24,22.3708,22.3708,21.791,21.9359,6320706.0
182,2020-06-26,22.1292,22.1292,21.5494,21.5494,5431059.0
183,2020-06-29,21.3561,21.5977,21.1145,21.2595,5967000.0
184,2020-06-30,21.2595,21.8393,21.2595,21.791,7046505.0
185,2020-07-02,22.3708,22.3708,21.5494,21.8393,8664553.0
186,2020-07-03,21.9359,22.1292,21.646,21.8393,5249393.0
187,2020-07-06,21.8876,22.8056,21.8393,22.4674,7395300.0
188,2020-07-07,22.9023,23.0955,22.0809,22.4191,9880068.0
189,2020-07-08,22.564,23.8203,22.4674,22.9989,14172821.0
190,2020-07-09,23.1438,23.3371,22.6124,22.9023,9856251.0
191,2020-07-10,22.9023,22.9023,21.8393,22.2741,7265928.0
192,2020-07-13,22.3224,22.9506,21.9359,22.9506,11186545.0
193,2020-07-14,22.6607,23.772,22.6124,23.772,13033539.0
194,2020-07-15,24.1585,24.545,23.1922,23.3854,17959574.0
195,2020-07-16,23.4821,23.6753,22.0809,22.2258,12782364.0
196,2020-07-17,22.2258,22.9023,22.0325,22.9023,4917089.0
197,2020-07-20,22.9023,23.1438,22.1292,23.1438,7186649.0
198,2020-07-21,23.1922,23.9169,22.9989,23.7236,12538118.0
199,2020-07-22,23.5787,23.6753,22.709,22.709,6407620.0
200,2020-07-23,22.9023,23.772,22.709,23.3854,6653022.0
201,2020-07-24,22.9989,23.4337,22.8539,22.9506,4237835.0
202,2020-07-27,23.0472,23.4821,22.7573,23.1438,7101076.0
203,2020-07-28,23.8686,24.4484,23.4337,24.4484,19543709.0
204,2020-07-29,24.6417,24.7866,23.9169,24.6417,12351120.0
205,2020-07-30,26.0912,27.1541,25.608,25.8496,39178640.0
206,2020-07-31,26.5743,27.8789,26.4777,27.1541,21936326.0
207,2020-08-03,27.0092,27.1058,25.8979,26.7193,14967616.0
208,2020-08-04,27.0092,27.2025,25.753,25.9945,14195351.0
209,2020-08-05,26.2361,26.7676,25.8496,26.2844,14594475.0
210,2020-08-06,26.4777,26.526,25.3664,25.8979,8407300.0
211,2020-08-07,25.9945,26.3328,25.2698,25.3664,7792539.0
212,2020-08-10,24.9316,25.6563,24.4967,25.1732,9837484.0
213,2020-08-11,25.8979,26.671,25.608,26.3328,14884086.0
214,2020-08-12,26.4777,26.7193,25.7046,26.6227,11593166.0
215,2020-08-13,27.0575,27.0575,26.2844,26.3328,9248430.0
216,2020-08-14,26.6227,27.2508,26.1395,26.8642,7829333.0
217,2020-08-17,26.6227,26.8642,26.2844,26.4777,7037587.0
218,2020-08-18,26.8642,26.8642,26.2844,26.5743,4194713.0
219,2020-08-19,26.4777,27.2025,26.4777,27.0575,5735886.0
220,2020-08-20,26.9126,26.9126,25.7046,25.9945,8529816.0
221,2020-08-21,26.2844,26.4294,25.8013,26.2361,3300837.0
222,2020-08-24,26.2844,26.7676,26.2844,26.7193,3474131.0
223,2020-08-25,26.9609,26.9609,26.1878,26.4777,3553490.0
224,2020-08-26,26.5743,26.671,25.8979,26.0429,3610736.0
225,2020-08-27,26.3328,26.3328,25.7046,25.8979,4965354.0
226,2020-08-28,26.0912,26.1395,25.2698,25.8979,5554360.0
227,2020-08-31,25.9945,26.1395,24.9799,25.2698,8863669.0
228,2020-09-01,25.2215,25.2215,24.545,24.7383,10571426.0
229,2020-09-02,24.6417,25.4147,24.0619,25.3664,11954359.0
230,2020-09-03,25.0765,25.3181,24.6417,25.0282,6358348.0
231,2020-09-04,24.4967,24.9316,24.0619,24.4484,11749703.0
232,2020-09-07,24.4967,24.5933,23.4821,23.9652,9258414.0
233,2020-09-08,24.2551,24.545,23.9652,24.3034,6406200.0
234,2020-09-09,23.9652,24.4484,23.8203,24.3034,4665757.0
235,2020-09-10,24.5933,24.6417,23.5304,23.627,6145623.0
236,2020-09-11,23.9652,24.3034,23.3854,24.2068,5194445.0
237,2020-09-14,24.2068,24.7383,24.0135,24.545,5589236.0
238,2020-09-15,24.545,24.545,23.8203,23.9652,4809163.0
239,2020-09-16,23.8686,24.545,23.8203,24.4484,3703439.0
240,2020-09-17,24.4484,24.6417,23.6753,23.7236,7736094.0
241,2020-09-18,23.9169,24.2068,23.4821,23.6753,25741280.0
242,2020-09-21,23.4821,23.5787,22.9023,22.9989,5983020.0
243,2020-09-22,22.9023,22.9989,22.3224,22.3224,8803172.0
244,2020-09-23,22.2741,22.7573,22.2741,22.4674,5087560.0
245,2020-09-24,22.2258,22.7573,22.2258,22.4191,6500032.0
246,2020-09-25,22.3224,22.564,22.0325,22.2741,6114712.0
247,2020-09-28,22.1775,22.564,22.0325,22.0325,6015232.0
248,2020-09-29,22.564,22.564,21.8393,21.8876,3306721.0
249,2020-09-30,21.6943,22.2741,21.646,21.7426,7411694.0
250,2020-10-05,21.8876,22.1775,21.5011,22.0325,5071409.0
251,2020-10-06,22.1292,23.8203,22.0325,23.5787,9745250.0
252,2020-10-07,23.5787,23.8203,22.9989,23.772,9156350.0
253,2020-10-08,23.8686,24.3518,23.772,24.3034,7957000.0
254,2020-10-09,24.6417,25.2215,24.2068,24.9799,12478605.0
255,2020-10-12,24.69,25.0765,23.9652,24.1585,15675700.0
256,2020-10-14,22.9989,23.5304,22.9989,23.0472,14114702.0
257,2020-10-15,23.1922,23.1922,22.2258,22.6607,12896400.0
258,2020-10-16,22.564,23.0472,22.5157,22.8056,5644432.0
259,2020-10-19,22.8539,23.3371,22.8056,23.1922,5412600.0
260,2020-10-20,23.2405,23.9169,23.1922,23.9169,7389721.0
261,2020-10-21,23.9169,24.0619,23.7236,23.9169,4357149.0
262,2020-10-22,23.9652,23.9652,23.3371,23.9169,2569752.0
263,2020-10-23,23.6753,24.1585,23.5787,23.8203,3768318.0
264,2020-10-27,23.9169,24.0135,22.9023,23.3371,7698863.0
265,2020-10-28,22.9506,23.2405,22.7573,22.9989,8191784.0
266,2020-10-29,22.9989,23.0955,22.1775,22.4191,15447752.0
267,2020-10-30,22.0325,22.5157,21.7426,22.0325,9339929.0
268,2020-11-02,22.0325,22.0809,20.8729,21.1145,13037907.0
269,2020-11-03,21.5011,21.7426,20.9213,21.7426,8037827.0
270,2020-11-04,21.7426,21.8876,21.3561,21.5011,6283300.0
271,2020-11-05,21.791,22.1775,21.4044,22.1775,9427784.0
272,2020-11-06,22.2258,22.6607,21.7426,21.791,10261797.0
273,2020-11-09,21.9359,22.0809,21.7426,21.9842,8700464.0
274,2020-11-10,24.0135,24.9316,22.9506,24.5933,33424035.0
275,2020-11-11,24.5933,24.6417,23.2888,23.4821,10882313.0
276,2020-11-12,23.4337,24.0619,23.2405,23.8686,9995821.0
277,2020-11-13,23.9652,24.1585,23.5304,23.8686,9669908.0
278,2020-11-16,25.8979,25.8979,24.7383,25.2698,39490926.0
279,2020-11-17,25.3181,25.3664,24.3518,24.4967,14865064.0
280,2020-11-18,24.4001,25.1248,24.4001,24.7383,10475763.0
281,2020-11-19,24.7866,26.3328,24.69,26.0912,27115024.0
282,2020-11-20,26.0912,26.9609,25.8979,26.5743,28644174.0
283,2020-11-23,26.9609,28.3138,26.9126,28.1688,25650633.0
284,2020-11-24,28.3138,28.507,27.2508,27.2991,12782092.0
285,2020-11-25,27.2991,27.734,26.3328,26.4777,11387931.0
286,2020-11-26,27.1541,27.734,26.526,26.7193,12723022.0
287,2020-11-27,26.7193,27.1058,26.4777,26.8159,5345029.0
288,2020-11-30,26.671,26.7676,25.608,25.8013,17114634.0
289,2020-12-01,26.2844,26.6227,25.9462,26.526,11043432.0
290,2020-12-02,26.526,27.0092,26.1878,27.0092,12503441.0
291,2020-12-03,27.0092,27.444,26.5743,26.7193,10411206.0
292,2020-12-04,26.9126,27.2508,26.0912,26.1395,52524322.0
293,2020-12-07,26.0912,26.7193,25.6563,25.9462,28120171.0
294,2020-12-08,25.8979,26.0912,25.1732,25.2698,10521604.0
295,2020-12-09,25.1248,25.6563,25.1248,25.5114,7703514.0
296,2020-12-10,25.1732,25.6563,25.0282,25.5597,5365754.0
297,2020-12-11,25.8013,26.3328,25.6563,25.8979,7967680.0
298,2020-12-14,26.1878,26.1878,25.5597,25.753,8891393.0
299,2020-12-15,25.5597,25.8496,25.5114,25.7046,9142141.0
300,2020-12-16,25.7046,26.0912,25.6563,26.0912,9228522.0
301,2020-12-17,25.608,25.608,24.545,25.0765,16183340.0
302,2020-12-18,24.7383,24.9799,24.2068,24.9316,11077060.0
303,2020-12-21,24.69,25.2215,24.545,24.7383,8379713.0
304,2020-12-22,24.7383,24.7383,23.9652,24.3034,9500467.0
305,2020-12-23,24.545,24.5933,23.7236,23.9652,6572810.0
306,2020-12-24,24.1585,24.4484,23.9652,24.3518,2854700.0
307,2020-12-28,24.3518,24.6417,23.9169,23.9169,4970300.0
308,2020-12-29,23.9169,23.9169,23.3854,23.627,4198207.0
309,2020-12-30,23.627,24.5933,23.5787,24.4967,5743300.0
310,2020-12-31,24.6417,24.9316,24.4967,24.7383,3929274.0
311,2021-01-04,25.0765,25.0765,24.1585,24.3034,6346900.0
312,2021-01-05,24.1102,25.4631,23.772,25.4147,14290957.0
313,2021-01-06,25.7046,26.2844,24.9316,25.0282,12682357.0
314,2021-01-07,25.0282,25.1732,24.6417,24.6417,8134682.0
315,2021-01-08,24.6417,25.608,24.4967,25.4631,10749909.0
316,2021-01-11,25.4631,25.5597,24.6417,24.7866,6140724.0
317,2021-01-12,24.7866,24.8832,24.4001,24.7383,4045337.0
318,2021-01-13,24.7383,24.7383,24.0135,24.0619,6677868.0
319,2021-01-14,24.0619,24.1102,23.6753,23.9169,6009903.0
320,2021-01-15,24.1102,24.1102,23.4337,23.5787,10417026.0
321,2021-01-18,23.3854,23.6753,22.8056,23.5787,13863559.0
322,2021-01-19,23.4821,24.545,23.2888,24.2068,17261958.0
323,2021-01-20,24.0135,24.8349,23.8686,24.2551,7119600.0
324,2021-01-21,24.545,24.5933,23.5304,23.627,9174811.0
325,2021-01-22,23.5304,23.5787,23.1438,23.3371,7454946.0
326,2021-01-25,23.3371,23.9652,22.8056,23.9169,11323724.0
327,2021-01-26,23.9169,24.3518,23.5304,24.0619,11038266.0
328,2021-01-27,24.545,25.2215,24.545,24.8832,12568938.0
329,2021-01-28,24.8832,27.0575,24.69,26.0912,31598988.0
330,2021-01-29,26.0912,26.0912,24.8349,25.1732,17767456.0
331,2021-02-01,24.9799,25.1248,24.6417,24.7866,6923486.0
332,2021-02-02,24.7866,25.608,24.545,25.0282,11404186.0
333,2021-02-03,25.0282,25.0765,24.0619,24.3518,7727700.0
334,2021-02-04,24.3518,24.3518,23.6753,23.9169,13320743.0
335,2021-02-05,23.7236,24.1102,23.4337,23.627,6515533.0
336,2021-02-08,23.7236,24.0135,23.4337,23.5304,7545740.0
337,2021-02-09,23.4337,24.7383,23.3854,24.6417,9239978.0
338,2021-02-10,24.6417,25.8496,24.3034,25.2698,12672003.0
339,2021-02-11,24.9316,25.5114,24.9316,25.3181,3215488.0
340,2021-02-16,25.4147,26.0912,25.3181,25.8013,10897742.0
341,2021-02-17,25.8013,26.2361,25.1732,26.0429,7901830.0
342,2021-02-18,26.2361,26.2844,25.2698,25.7046,5798856.0
343,2021-02-19,26.1878,26.526,25.753,26.2844,7655000.0
344,2021-02-22,26.8642,27.0575,26.1878,26.3328,12336039.0
345,2021-02-23,26.4777,26.4777,25.8496,26.1395,5785388.0
346,2021-02-24,26.3811,26.7193,25.9945,26.2844,14177441.0
347,2021-02-25,25.8979,26.8159,24.1102,24.3518,17618000.0
348,2021-02-26,24.2551,24.2551,22.8056,22.9023,17281848.0
349,2021-03-01,22.9506,23.1922,22.4191,23.0955,15577649.0
350,2021-03-02,22.9506,23.1438,22.4674,22.6124,8893669.0
351,2021-03-03,22.9023,22.9506,22.4191,22.7573,6683470.0
352,2021-03-04,22.2741,22.4674,21.7426,21.9359,7549784.0
353,2021-03-05,21.791,22.4674,21.4527,22.3224,11447121.0
354,2021-03-08,22.3708,22.4191,21.5011,21.646,8872469.0
355,2021-03-09,22.0325,22.6607,21.5977,22.3708,8701781.0
356,2021-03-10,22.3708,22.7573,22.2258,22.7573,6987609.0
357,2021-03-11,22.7573,23.0955,22.4674,22.7573,4779072.0
358,2021-03-12,22.9506,23.0955,22.2741,22.3708,7459880.0
359,2021-03-15,22.2258,22.564,21.9359,22.0809,3892731.0
360,2021-03-16,22.3224,22.4674,21.9842,22.1775,4452984.0
361,2021-03-17,22.1292,23.2888,21.9359,23.1922,8443737.0
362,2021-03-18,23.4337,23.9652,23.1922,23.627,10203282.0
363,2021-03-19,23.5304,23.772,22.9506,23.772,9762038.0
364,2021-03-22,23.3854,23.772,22.8056,22.8539,4405399.0
365,2021-03-23,22.7573,23.2888,22.564,23.2888,5655899.0
366,2021-03-24,22.8539,23.1438,22.4191,22.4674,5580634.0
367,2021-03-25,22.3708,22.7573,22.0325,22.6124,5541605.0
368,2021-03-26,22.564,22.9023,22.4191,22.709,4708150.0
369,2021-03-29,22.3224,22.9506,22.2741,22.6124,2619062.0
370,2021-03-30,22.564,23.0955,22.4191,22.6607,4344144.0
371,2021-03-31,22.7573,22.8539,22.3224,22.4191,4688399.0
372,2021-04-01,22.5157,22.709,21.8876,22.6607,6478276.0
373,2021-04-07,22.9989,23.7236,22.9023,23.2405,11223201.0
374,2021-04-08,23.2405,24.1585,23.1922,24.0619,8135716.0
375,2021-04-09,24.2068,24.545,23.6753,23.772,7096062.0
376,2021-04-12,23.9652,23.9652,22.9506,23.2405,4284555.0
377,2021-04-13,23.2405,23.5787,22.8056,23.0955,5648459.0
378,2021-04-14,23.3854,23.627,23.1922,23.3371,3004342.0
379,2021-04-15,23.4821,23.6753,22.9989,23.0955,3115301.0
380,2021-04-16,23.0955,23.5787,23.0472,23.5304,3542449.0
381,2021-04-19,23.5304,23.772,23.2405,23.6753,4783406.0
382,2021-04-20,23.4337,23.8203,23.2888,23.7236,4731947.0
383,2021-04-21,23.6753,23.7236,23.1438,23.6753,3802427.0
384,2021-04-22,23.6753,24.4001,23.3371,24.2551,6683926.0
385,2021-04-23,24.3518,25.4147,24.1102,24.8832,8613407.0
386,2021-04-26,24.7383,24.8349,23.9169,24.2068,4897781.0
387,2021-04-27,24.2068,24.3518,23.7236,23.7236,3521757.0
388,2021-04-28,23.8686,23.9652,23.4337,23.5304,4839423.0
389,2021-04-29,23.5304,24.8832,23.5304,24.545,5242746.0
390,2021-04-30,24.4967,24.69,23.6753,23.7236,4448682.0
391,2021-05-03,23.772,23.8203,23.3371,23.5787,3581762.0
392,2021-05-04,23.5304,23.6753,23.2888,23.4821,1761010.0
393,2021-05-05,23.5304,23.9652,23.3854,23.4821,2515697.0
394,2021-05-06,25.1248,25.608,24.1585,24.6417,20735293.0
395,2021-05-07,24.8349,25.8013,24.7383,25.2215,11674291.0
396,2021-05-10,25.4631,25.608,24.9799,25.3664,5422924.0
397,2021-05-11,25.2698,25.608,24.7866,25.3181,6097701.0
398,2021-05-12,25.3664,25.753,24.9316,25.6563,6735838.0
399,2021-05-13,25.6563,25.8979,25.2698,25.8013,5456075.0
400,2021-05-14,26.0429,26.8642,25.9462,26.526,14586757.0
401,2021-05-17,26.3016,26.4477,25.7171,26.0093,6914701.0
402,2021-05-18,26.2529,26.4477,25.7658,26.2529,4805776.0
403,2021-05-20,25.8145,26.0581,25.23,25.4736,8095576.0
404,2021-05-21,25.4736,25.5223,25.0352,25.23,7457733.0
405,2021-05-24,25.3275,25.7658,25.1326,25.7658,5338379.0
406,2021-05-25,25.6197,26.5938,25.6197,26.5451,6232109.0
407,2021-05-26,26.3503,26.7399,26.2042,26.399,5813324.0
408,2021-05-27,26.5451,26.6912,26.1068,26.3016,12799717.0
409,2021-05-28,26.3016,26.3503,25.8145,26.0093,3674007.0
410,2021-05-31,25.9119,25.9119,25.4736,25.6684,6058293.0
411,2021-06-01,25.7658,26.2042,25.4249,25.6197,4591292.0
412,2021-06-02,25.5223,25.6684,25.2787,25.5223,4466180.0
413,2021-06-03,25.3762,25.6684,25.0839,25.3762,5386242.0
414,2021-06-04,25.3275,25.3762,24.3533,25.0839,12349756.0
415,2021-06-07,25.3275,25.7171,24.8891,25.6197,5375182.0
416,2021-06-08,26.1068,26.3503,24.8891,24.9865,10583434.0
417,2021-06-09,24.9378,25.4249,24.8891,25.2787,5905767.0
418,2021-06-10,25.3762,25.6197,24.9865,25.0839,4847938.0
419,2021-06-11,25.5223,25.6197,25.1326,25.571,4728977.0
420,2021-06-15,25.3762,25.6197,25.0352,25.4249,3773423.0
421,2021-06-16,25.0352,25.3275,24.2072,24.2559,10328108.0
422,2021-06-17,23.8663,24.8404,23.8663,24.4994,6789295.0
423,2021-06-18,24.4994,24.6943,23.915,24.0124,7336074.0
424,2021-06-21,23.7201,24.2072,23.6227,23.7201,7441498.0
425,2021-06-22,23.7201,23.915,23.3792,23.4279,6596040.0
426,2021-06-23,23.4279,23.8663,23.1844,23.6227,6537531.0
427,2021-06-24,23.7201,24.1098,23.6714,23.8663,5013438.0
428,2021-06-25,24.1585,25.1813,24.1585,24.8891,8342557.0
429,2021-06-28,24.9378,25.2787,24.3533,24.4507,3279295.0
430,2021-06-29,24.2559,24.8404,24.0611,24.1585,4226147.0
431,2021-06-30,24.2559,24.4994,23.7688,23.8663,2962900.0
432,2021-07-02,23.2818,23.4766,22.8921,23.4279,9401742.0
433,2021-07-05,23.1357,23.6227,23.1357,23.5253,2320542.0
434,2021-07-06,23.6227,23.6714,23.2331,23.5253,4042900.0
435,2021-07-07,23.4279,23.6714,23.1357,23.6227,6460467.0
436,2021-07-08,23.574,23.8175,22.9408,23.1357,5844971.0
437,2021-07-09,23.1357,23.1844,22.5999,22.9895,6568295.0
438,2021-07-12,22.9895,23.4279,22.8434,23.3792,11284211.0
439,2021-07-13,23.7688,23.9637,23.2331,23.574,8841665.0
440,2021-07-14,23.6227,24.3046,23.3792,23.9637,4831883.0
441,2021-07-15,23.9637,24.0611,23.4279,23.7201,6987190.0
442,2021-07-16,23.7201,24.3533,23.4279,23.8663,5455683.0
443,2021-07-19,23.8175,23.8175,23.3792,23.5253,16261265.0
444,2021-07-20,23.5253,23.8175,23.2818,23.574,2560709.0
445,2021-07-21,23.4279,23.8175,23.2818,23.7201,14269522.0
446,2021-07-22,23.7688,24.1098,23.6227,23.6714,5012578.0
447,2021-07-23,23.6714,23.6714,23.1844,23.574,5331018.0
448,2021-07-26,23.1844,23.3792,22.8921,23.1844,6520765.0
449,2021-07-27,23.574,23.8663,21.8206,22.1128,14163724.0
450,2021-07-28,22.3563,22.6486,22.1128,22.4051,15820355.0
451,2021-07-29,22.4051,22.4051,20.7003,21.7232,28447093.0
452,2021-07-30,21.1874,21.6257,20.4568,21.1387,16705818.0
453,2021-08-02,21.1387,21.2848,20.262,21.1387,12903756.0
454,2021-08-03,20.8951,21.3335,20.5542,21.1874,6522894.0
455,2021-08-04,21.1387,21.1874,20.6516,20.7977,5726118.0
456,2021-08-05,20.7977,20.8951,20.3594,20.4568,6999285.0
457,2021-08-06,20.4568,20.7003,20.0671,20.5542,3778466.0
458,2021-08-09,20.1158,20.8951,20.1158,20.8464,3903921.0
459,2021-08-10,20.749,21.3335,20.5542,21.09,5223991.0
460,2021-08-11,20.6516,20.9439,20.5055,20.8951,5165503.0
461,2021-08-12,20.6516,20.9926,20.5542,20.749,4803541.0
462,2021-08-13,20.4568,20.7977,20.1645,20.4568,5011646.0
463,2021-08-16,20.4568,20.8951,20.4081,20.7977,3608042.0
464,2021-08-17,21.0413,21.0413,20.1645,20.262,6115309.0
465,2021-08-18,20.1645,20.749,20.1645,20.4568,3123122.0
466,2021-08-19,20.6029,20.6029,19.4047,19.5801,6842048.0
467,2021-08-20,19.5801,19.6775,18.9566,19.054,7441588.0
468,2021-08-23,19.4827,19.5314,18.9371,19.054,6169735.0
469,2021-08-24,19.054,19.1515,18.7813,19.093,11175187.0
470,2021-08-25,18.9956,19.6775,18.9956,19.2294,10876895.0
471,2021-08-26,19.1709,19.3852,18.6644,18.8397,8794003.0
472,2021-08-27,18.7033,19.0735,18.7033,18.8787,9357994.0
473,2021-08-30,18.7033,18.8982,18.5085,18.8592,5789432.0
474,2021-08-31,18.528,19.0151,18.3527,18.9566,20211218.0
475,2021-09-01,18.8592,19.2489,18.6839,19.1709,20039785.0
476,2021-09-02,19.2099,19.3658,18.9566,19.1709,6120800.0
477,2021-09-03,19.093,19.3073,18.8008,19.1709,9781088.0
478,2021-09-06,18.9371,19.5314,18.9371,19.4047,5080523.0
479,2021-09-07,19.2878,19.3463,18.8982,18.9566,3543592.0
480,2021-09-08,18.7228,18.9761,18.7228,18.9566,6067339.0
481,2021-09-09,18.7228,18.7618,18.1968,18.2942,7518099.0
482,2021-09-10,18.3916,18.7423,18.0604,18.6449,10685943.0
483,2021-09-13,18.6059,18.6644,17.8851,18.0799,7795964.0
484,2021-09-14,18.0799,18.3916,17.9825,18.0215,7684873.0
485,2021-09-15,18.0799,18.3527,17.7097,17.8656,8226397.0
486,2021-09-16,18.2163,18.4696,17.8461,18.0799,6358372.0
487,2021-09-17,18.0799,18.6839,18.0215,18.6839,11890746.0
488,2021-09-20,18.5085,18.6644,18.3332,18.4501,5438697.0
489,2021-09-21,18.3137,18.6254,18.0994,18.489,4751562.0
490,2021-09-23,18.7228,18.8592,18.3332,18.7033,8292040.0
491,2021-09-24,18.7033,18.9761,18.6059,18.7423,8279334.0
492,2021-09-27,18.7813,19.2489,18.6254,18.9956,11418994.0
493,2021-09-28,19.0151,19.1125,18.7423,18.9177,8298722.0
494,2021-09-29,18.6839,19.3463,18.6059,19.3073,5762421.0
495,2021-09-30,19.1904,19.4047,19.054,19.2294,9530586.0
496,2021-10-04,19.1904,19.5801,18.9566,19.3073,7680543.0
497,2021-10-05,19.0735,19.6775,19.0346,19.4827,17779216.0
498,2021-10-06,19.4827,19.6775,19.1515,19.4047,7627874.0
499,2021-10-07,19.7262,20.262,19.5801,20.1158,6521900.0
500,2021-10-08,20.1158,20.6516,19.7749,19.8236,4415592.0
501,2021-10-11,19.921,20.1645,19.4437,19.5801,7092788.0
502,2021-10-12,19.3268,19.7749,18.8592,19.6775,25503345.0
503,2021-10-15,19.4827,19.4827,18.8008,18.9761,22168165.0
504,2021-10-18,18.9761,18.9761,18.4306,18.7423,4349939.0
505,2021-10-19,18.7423,19.2294,18.7423,19.1125,15005492.0
506,2021-10-20,19.6288,19.6288,18.9956,19.2294,4676781.0
507,2021-10-21,19.1515,19.1904,18.7423,18.9177,10276521.0
508,2021-10-22,18.8008,18.9566,18.7033,18.8008,4675776.0
509,2021-10-25,18.7813,18.7813,18.0604,18.0994,12549387.0
510,2021-10-26,18.2163,19.6288,18.1189,18.7813,20127866.0
511,2021-10-27,18.5475,18.8397,18.5085,18.528,7496150.0
512,2021-10-28,18.7033,20.5542,18.3527,20.1158,27098945.0
513,2021-10-29,20.5055,21.1874,19.921,20.8951,16017300.0
514,2021-11-01,20.8951,21.09,20.4568,20.8464,7518777.0
515,2021-11-02,21.1387,21.1387,20.4568,20.5542,5459889.0
516,2021-11-03,20.5542,20.5542,19.7749,20.3594,7172234.0
517,2021-11-04,20.749,21.2848,20.1158,20.3594,6416513.0
518,2021-11-05,20.1158,20.6516,19.921,20.5055,4519287.0
519,2021-11-08,20.5542,20.749,20.0671,20.3107,4158419.0
520,2021-11-09,20.5055,20.6029,19.8236,20.1158,2145646.0
521,2021-11-10,20.1645,20.262,19.4242,20.262,6757726.0
522,2021-11-11,19.921,20.1645,19.6775,20.0671,5238133.0
523,2021-11-12,19.8723,20.7977,19.8723,20.4081,4373845.0
524,2021-11-15,20.8464,20.8951,20.262,20.6029,2134825.0
525,2021-11-16,20.6029,21.1387,20.5542,20.8951,4079448.0
526,2021-11-17,20.749,20.9926,20.4568,20.9926,2797033.0
527,2021-11-18,20.9439,21.0413,20.4568,20.6516,2782160.0
528,2021-11-19,20.4568,20.5055,20.0184,20.2133,2927173.0
529,2021-11-22,20.2133,20.4081,19.8236,20.3107,3232500.0
530,2021-11-23,20.2133,20.2133,19.921,20.0671,2514644.0
531,2021-11-24,20.1158,20.5055,20.0671,20.3594,5180372.0
532,2021-11-25,20.4568,20.7003,19.8236,19.921,3236912.0
533,2021-11-26,19.921,19.921,19.0346,19.5801,15895023.0
534,2021-11-29,19.6775,19.8236,19.2099,19.6775,4063441.0
535,2021-11-30,19.3852,19.4437,18.9177,19.2878,9385505.0
536,2021-12-01,19.054,19.2294,18.5865,18.9177,12990618.0
537,2021-12-02,18.7423,19.093,18.7033,18.9566,7820467.0
538,2021-12-03,18.9177,19.093,18.6644,18.9956,7847194.0
539,2021-12-06,19.2878,19.6775,18.9371,18.9761,4544283.0
540,2021-12-07,18.9761,19.5314,18.8202,19.5314,3727293.0
541,2021-12-08,19.4827,19.5801,19.1709,19.5314,3641470.0
542,2021-12-09,19.6775,20.3594,19.6775,20.0184,5358752.0
543,2021-12-10,19.7262,20.1158,19.7262,20.0671,4604432.0
544,2021-12-13,20.3107,20.3107,19.5801,19.6288,5092002.0
545,2021-12-14,19.6288,20.1645,19.4827,19.7749,5539459.0
546,2021-12-15,19.8723,20.3107,19.7262,20.262,4697954.0
547,2021-12-16,20.1158,20.3594,19.9697,20.1645,6294418.0
548,2021-12-17,20.3594,20.7977,20.1645,20.7977,8685601.0
549,2021-12-20,20.4568,20.6029,20.0671,20.262,4941495.0
550,2021-12-21,20.3107,20.5542,20.1645,20.3107,3541239.0
551,2021-12-22,20.0671,20.6029,19.7749,20.5055,6382059.0
552,2021-12-23,20.3594,20.6516,20.0671,20.4568,2246901.0
553,2021-12-24,20.5542,20.6516,20.3594,20.4568,431813.0
554,2021-12-28,20.4568,20.7977,20.3594,20.6516,2648226.0
555,2021-12-29,20.6516,20.6516,20.0671,20.3594,1818046.0
556,2021-12-30,20.262,20.3107,19.8723,20.0671,3339874.0
557,2021-12-31,20.3594,20.5542,19.7749,19.921,4185035.0
558,2022-01-03,19.921,20.5542,19.8723,20.0671,3323241.0
559,2022-01-04,20.262,20.262,19.2683,19.7749,4884620.0
560,2022-01-05,19.5801,19.921,19.3658,19.6288,4110913.0
561,2022-01-06,19.9697,19.9697,19.4242,19.8236,3993755.0
562,2022-01-07,19.7749,20.8951,19.6775,20.8464,10269682.0
563,2022-01-10,20.8464,21.1874,20.4081,20.4568,6252441.0
564,2022-01-11,20.4081,20.6029,20.0671,20.1158,5249330.0
565,2022-01-12,20.1645,20.262,19.8723,20.1645,5143826.0
566,2022-01-13,20.2133,20.2133,19.5801,19.6775,5701024.0
567,2022-01-14,19.4827,19.7262,19.054,19.5801,10826231.0
568,2022-01-17,19.5801,19.5801,19.1709,19.3268,5059286.0
569,2022-01-18,19.3073,19.4242,18.8008,19.2683,8496408.0
570,2022-01-19,19.3073,19.4242,18.8982,19.0346,7680164.0
571,2022-01-20,19.093,19.9697,19.054,19.921,8595341.0
572,2022-01-21,19.921,21.0413,19.921,20.5542,9562881.0
573,2022-01-24,20.8464,21.1387,20.749,21.0413,11696855.0
574,2022-01-25,20.6516,21.0413,20.4081,20.9926,11421400.0
575,2022-01-26,20.9439,21.8206,20.9439,21.3335,11363528.0
576,2022-01-27,21.1387,21.3335,20.8464,21.0413,7895770.0
577,2022-01-28,21.1387,21.2361,20.5055,20.8951,9315312.0
578,2022-01-31,21.1387,21.1387,20.0184,20.0184,4720723.0
579,2022-02-04,20.262,21.1387,20.1645,21.0413,6588610.0
580,2022-02-07,21.0413,21.1874,20.6029,21.1387,4628600.0
581,2022-02-08,21.1387,21.5283,20.7977,20.8464,5015261.0
582,2022-02-09,20.8464,21.4309,20.8464,21.3335,4113196.0
583,2022-02-10,21.2848,21.577,21.0413,21.5283,4203421.0
584,2022-02-11,21.577,22.3563,21.1387,22.3076,8667426.0
585,2022-02-14,22.3563,22.746,22.1128,22.4538,9836280.0
586,2022-02-15,22.2589,22.4538,22.0641,22.2589,6347406.0
587,2022-02-16,22.4051,22.7947,22.3563,22.6973,4431000.0
588,2022-02-17,22.746,22.8434,22.3563,22.5512,5269220.0
589,2022-02-18,22.5999,22.8921,22.4538,22.5025,6740564.0
590,2022-02-21,22.3563,22.5999,22.1128,22.3563,2748417.0
591,2022-02-22,21.6257,22.5512,21.6257,22.4051,9148756.0
592,2022-02-23,22.3076,22.4051,21.4309,22.2589,6656787.0
593,2022-02-24,22.746,23.8175,22.3076,23.3305,48197035.0
594,2022-02-25,23.7201,24.4994,23.5253,24.2072,14528727.0
595,2022-02-28,24.2559,24.2559,23.5253,23.6227,8574143.0
596,2022-03-01,23.6227,24.5481,23.574,23.9637,16851978.0
597,2022-03-02,23.8663,24.0611,23.5253,23.8663,11312523.0
598,2022-03-03,24.0124,24.6456,24.0124,24.4507,17551995.0
599,2022-03-04,24.6943,24.743,24.2072,24.4507,12967360.0
600,2022-03-07,24.0124,24.0124,23.1844,23.5253,9055770.0
601,2022-03-08,23.2331,23.7688,22.0641,22.4538,15323748.0
602,2022-03-09,22.6973,22.7947,21.4309,21.7719,14866825.0
603,2022-03-10,22.2102,22.3076,21.09,21.577,23413276.0
604,2022-03-11,20.749,21.4796,20.4081,21.3822,21011690.0
605,2022-03-14,21.2361,21.2361,19.7262,20.3594,20104000.0
606,2022-03-15,20.1158,20.1645,18.9956,19.5314,18723731.0
607,2022-03-16,20.2133,20.6516,19.3852,20.0184,15352047.0
608,2022-03-17,20.262,21.09,20.0184,21.09,22157234.0
609,2022-03-18,21.09,21.577,20.3594,21.09,13915776.0
610,2022-03-21,21.4309,21.4309,20.6029,20.7977,8387088.0
611,2022-03-22,21.1387,21.4309,20.6516,20.8951,4811808.0
612,2022-03-23,20.8951,21.2361,20.4568,20.6516,9008419.0
613,2022-03-24,20.6516,20.8464,19.8723,20.3594,12092273.0
614,2022-03-25,20.3594,20.5055,19.4437,19.7749,17216447.0
615,2022-03-28,19.7749,19.7749,18.9177,19.4827,15330443.0
616,2022-03-29,19.8723,19.9697,19.4437,19.7262,5880392.0
617,2022-03-30,19.9697,20.6516,19.9697,20.4568,9766533.0
618,2022-03-31,20.4568,20.5055,20.1645,20.3107,9547283.0
619,2022-04-01,19.9697,20.6516,19.8723,20.6029,16645576.0
620,2022-04-04,20.5055,20.6516,19.8723,19.921,9910230.0
621,2022-04-06,19.8236,20.1158,19.4047,19.8723,9946968.0
622,2022-04-07,19.5801,19.6775,18.7033,19.1125,14407153.0
623,2022-04-08,19.1904,19.5314,19.0346,19.4827,12412789.0
624,2022-04-11,19.4827,19.4827,18.6254,18.9566,12146098.0
625,2022-04-12,18.8592,20.1645,18.7813,19.4632,18331744.0
626,2022-04-13,19.4632,19.921,19.1125,19.6288,8394785.0
627,2022-04-14,19.5801,20.262,19.5801,19.8723,7413692.0
628,2022-04-19,19.3268,19.6775,19.1904,19.4047,4342114.0
629,2022-04-20,19.3073,20.262,19.2489,19.7749,8847649.0
630,2022-04-21,19.7749,20.0184,19.4827,19.8723,4476079.0
631,2022-04-22,19.4827,20.1645,19.2099,20.0184,6696326.0
632,2022-04-25,19.4827,20.0671,19.1515,19.2878,7280616.0
633,2022-04-26,19.4827,19.8236,19.2099,19.4437,7140934.0
634,2022-04-27,19.2683,19.9697,19.1904,19.4827,8173585.0
635,2022-04-28,19.3852,19.5314,19.1125,19.2683,5262834.0
636,2022-04-29,19.2683,19.4437,18.9177,19.2683,8703920.0
637,2022-05-03,19.2683,19.7262,19.1515,19.4242,7333124.0
638,2022-05-04,19.4047,19.5314,19.054,19.1515,5814918.0
639,2022-05-05,19.7262,21.3335,19.5801,20.4568,20936577.0
640,2022-05-06,20.1158,20.1645,18.8202,18.8982,16879613.0
641,2022-05-10,18.3332,18.9956,18.0409,18.8008,11226610.0
642,2022-05-11,18.6839,19.6775,18.6059,19.4437,13003341.0
643,2022-05-12,19.2489,19.5801,19.093,19.3073,6244888.0
644,2022-05-13,19.6775,19.6775,19.093,19.3268,6309409.0
645,2022-05-16,19.4025,19.58,19.1265,19.3631,5034806.0
646,2022-05-17,19.2842,19.8659,19.2842,19.5405,6324119.0
647,2022-05-18,19.5405,19.6983,19.4025,19.5405,5603931.0
648,2022-05-19,19.087,19.2448,18.5744,18.8898,8977497.0
649,2022-05-20,19.087,19.8659,18.9884,19.7673,19025465.0
650,2022-05-23,19.6391,19.7673,19.3039,19.3631,6070063.0
651,2022-05-24,19.5208,19.5208,19.0476,19.1462,3795835.0
652,2022-05-25,19.3039,19.3236,18.949,19.1265,3152224.0
653,2022-05-26,19.3039,19.3039,18.8307,18.9293,4231186.0
654,2022-05-27,19.225,19.7673,19.1462,19.5603,6172912.0
655,2022-05-30,19.6983,20.211,19.6588,20.0631,7554181.0
656,2022-05-31,20.0631,20.6053,20.0631,20.556,12860857.0
657,2022-06-01,20.556,21.2954,20.4574,21.1968,10599056.0
658,2022-06-02,21.1968,21.4926,20.9997,21.394,7433670.0
659,2022-06-06,21.6898,21.887,20.8518,21.8377,10303283.0
660,2022-06-07,21.8377,21.9856,21.3447,21.7391,7938022.0
661,2022-06-08,21.7391,22.2813,21.4926,21.9856,8835088.0
662,2022-06-09,21.9363,21.9363,21.049,21.2461,12794241.0
663,2022-06-10,21.2461,21.2954,20.8025,20.9997,5461437.0
664,2022-06-13,20.6053,20.6053,19.8659,20.3588,10947682.0
665,2022-06-14,19.9152,20.3588,19.6391,20.3095,5406069.0
666,2022-06-15,19.9152,20.4574,19.8166,20.1617,7837887.0
667,2022-06-16,20.211,20.5067,19.8659,20.0631,4582629.0
668,2022-06-17,20.0631,20.3588,19.718,19.9645,8191165.0
669,2022-06-20,19.9645,20.5067,19.8166,20.4081,5181281.0
670,2022-06-21,20.3095,20.8025,20.3095,20.6546,2359516.0
671,2022-06-22,20.6546,20.9504,20.1617,20.211,4359353.0
672,2022-06-23,20.6546,20.9011,20.3095,20.8518,7572028.0
673,2022-06-24,20.9997,22.3799,20.9997,22.2813,15553696.0
674,2022-06-27,22.4292,22.6757,21.8377,22.0842,8238920.0
675,2022-06-28,22.1828,23.0701,21.9856,23.0208,8907264.0
676,2022-06-29,22.9715,23.0701,22.4292,22.5278,9633504.0
677,2022-06-30,22.3306,23.4644,22.2813,23.1686,18129964.0
678,2022-07-04,22.6757,22.9715,22.3799,22.8236,8146576.0
679,2022-07-05,23.1686,23.4644,22.5278,22.8236,5039183.0
680,2022-07-06,22.6757,22.8729,22.0842,22.4785,10283790.0
681,2022-07-07,22.4785,22.9715,21.887,22.9222,10138805.0
682,2022-07-08,23.1194,23.2179,22.5278,22.7743,4349510.0
683,2022-07-11,22.5771,22.6264,22.232,22.2813,4422181.0
684,2022-07-12,22.232,22.3306,21.8377,22.1828,8536263.0
685,2022-07-13,21.887,22.3799,21.7884,22.1335,9076335.0
686,2022-07-14,22.1828,22.5771,21.9856,22.1335,4328993.0
687,2022-07-15,22.0842,22.4292,21.9363,22.0842,5463441.0
688,2022-07-18,21.9856,22.3799,21.7391,22.1335,5893216.0
689,2022-07-19,22.0842,22.232,21.7391,21.887,4678121.0
690,2022-07-20,22.0349,22.3799,21.9363,22.0842,4576144.0
691,2022-07-21,22.0842,22.5771,21.887,22.3306,5086840.0
692,2022-07-22,22.4785,22.9222,22.2813,22.4785,7259805.0
693,2022-07-25,22.1828,22.725,21.9856,22.6264,8918927.0
694,2022-07-26,22.8236,23.0701,22.725,22.9222,7687776.0
695,2022-07-27,22.7743,22.9715,22.6757,22.9715,7769250.0
696,2022-07-28,23.3165,23.9081,22.9222,23.3658,12148544.0
697,2022-07-29,22.725,23.2179,21.0983,21.4433,22414796.0
698,2022-08-01,21.4926,23.0701,21.4926,22.6264,12213443.0
699,2022-08-02,22.6264,22.8236,22.1828,22.4785,10048943.0
700,2022-08-03,22.5771,22.5771,21.887,22.0349,5699658.0
701,2022-08-04,21.9363,22.725,21.9363,22.6264,6752762.0
702,2022-08-05,22.6264,22.8729,22.4292,22.5771,3800729.0
703,2022-08-08,22.5771,23.0701,22.3306,22.6757,5327926.0
704,2022-08-09,22.6757,22.8729,22.4292,22.725,5299323.0
705,2022-08-10,22.6757,22.9222,22.0842,22.232,2319893.0
706,2022-08-11,22.6757,22.7743,22.3799,22.6757,3585523.0
707,2022-08-12,22.7743,22.7743,22.2813,22.3306,3176993.0
708,2022-08-15,22.3799,22.4785,21.9363,22.3306,3526522.0
709,2022-08-16,22.3799,22.6264,21.9363,22.232,2874816.0
710,2022-08-17,22.3306,22.6757,22.1828,22.4785,4527883.0
711,2022-08-18,22.6264,23.4644,22.5278,22.7743,7889958.0
712,2022-08-19,22.6264,22.9715,22.4785,22.9222,3965154.0
713,2022-08-22,22.7743,22.8729,22.2813,22.3799,3342842.0
714,2022-08-23,22.3799,22.3799,21.9856,22.1828,4280753.0
715,2022-08-24,22.1335,22.3306,21.5419,21.887,4301553.0
716,2022-08-25,22.6264,22.6264,22.0349,22.4292,2533854.0
717,2022-08-26,22.0842,23.0208,22.0842,22.8729,4509526.0
718,2022-08-29,22.4785,22.9222,22.3799,22.6264,3022453.0
719,2022-08-30,22.3306,22.6757,22.1335,22.5771,3090500.0
720,2022-08-31,22.1828,22.9715,22.1828,22.8236,8337947.0
721,2022-09-01,22.4292,22.4292,21.4926,21.5419,8828504.0
722,2022-09-02,21.5419,22.0349,21.4926,21.9856,6236576.0
723,2022-09-05,21.7391,21.9856,21.049,21.394,11865466.0
724,2022-09-06,21.5419,21.6898,21.0983,21.4926,2283399.0
725,2022-09-07,20.9504,21.2461,20.6546,20.8518,3875448.0
726,2022-09-08,20.8518,20.9997,20.5067,20.7532,4183921.0
727,2022-09-09,20.9504,21.2954,20.9011,21.0983,4037718.0
728,2022-09-13,20.9011,21.7391,20.6546,21.5419,5280506.0
729,2022-09-14,20.9011,21.3447,20.8025,21.0983,5481591.0
730,2022-09-15,21.049,21.5912,20.9997,21.4926,4320023.0
731,2022-09-16,21.4926,22.1828,21.3447,22.1828,8773731.0
732,2022-09-19,22.2813,22.3306,21.887,22.1828,4592234.0
733,2022-09-20,22.1335,22.6264,21.9856,22.3799,5569964.0
734,2022-09-21,21.9856,22.2813,21.7391,21.9363,3454598.0
735,2022-09-22,21.4433,22.3799,21.3447,22.2813,5525098.0
736,2022-09-23,22.0842,22.5278,21.7391,21.7884,3229900.0
737,2022-09-26,21.6898,21.7391,20.9997,21.4433,11286999.0
738,2022-09-27,21.4433,21.4433,19.8659,21.0983,13922950.0
739,2022-09-28,20.8518,21.2954,20.3588,20.5067,8451321.0
740,2022-09-29,20.7532,21.1968,20.2602,20.5067,6884310.0
741,2022-09-30,20.9997,21.1476,20.0631,20.2602,7126821.0
742,2022-10-03,19.9152,20.4081,19.6391,20.3095,3237334.0
743,2022-10-05,20.9997,21.5419,20.8518,21.4433,5396975.0
744,2022-10-06,21.2954,21.7884,20.9011,21.6898,5102750.0
745,2022-10-07,21.6898,21.9363,21.2954,21.394,4131716.0
746,2022-10-10,20.9504,21.0983,20.4574,20.5067,4923765.0
747,2022-10-11,20.5067,20.6546,20.0138,20.211,3251320.0
748,2022-10-12,19.9152,20.2602,18.8898,19.4617,13056221.0
749,2022-10-13,19.3236,19.6194,19.087,19.225,4991293.0
750,2022-10-14,19.4419,19.5011,18.7321,18.811,6256771.0
751,2022-10-17,18.811,18.9293,18.318,18.6532,7949818.0
752,2022-10-18,18.7321,18.9884,18.3575,18.9096,4746211.0
753,2022-10-19,18.9096,18.949,18.6138,18.6729,5724803.0
754,2022-10-20,18.3575,18.3969,17.687,17.7856,5640343.0
755,2022-10-21,17.7462,17.7462,16.7209,16.8392,12756340.0
756,2022-10-24,16.8392,16.8786,16.1096,16.3462,12266362.0
757,2022-10-25,16.4054,16.4842,15.6758,16.2279,9560434.0
758,2022-10-26,16.2279,17.1152,16.0702,16.5631,12182600.0
759,2022-10-27,17.1941,17.7462,17.0758,17.687,21885125.0
760,2022-10-28,18.1406,18.1406,16.4448,16.5434,10896432.0
761,2022-10-31,16.4054,16.6814,15.9913,16.2871,7808589.0
762,2022-11-01,16.4251,17.549,16.3659,17.3518,11342315.0
763,2022-11-02,17.3518,18.0617,17.1547,17.9434,6469643.0
764,2022-11-03,18.1208,18.1208,17.3913,17.8054,12117176.0
765,2022-11-04,17.8054,19.2053,17.7856,18.7913,15951842.0
766,2022-11-07,19.1856,19.4222,18.8307,19.2645,11255814.0
767,2022-11-08,19.2842,19.4222,18.318,18.6927,14027197.0
768,2022-11-09,18.456,18.6335,18.18,18.4166,7742381.0
769,2022-11-10,18.2983,18.9096,18.1208,18.8307,9319433.0
770,2022-11-11,19.8166,20.211,19.1265,19.718,12938420.0
771,2022-11-14,20.3588,21.049,20.1124,20.4081,19491680.0
772,2022-11-15,20.556,20.7532,20.1617,20.6546,8107162.0
773,2022-11-16,20.9011,21.7884,20.6546,21.5912,14318731.0
774,2022-11-17,21.6898,21.887,21.049,21.5419,17692831.0
775,2022-11-18,21.6898,22.2813,21.6405,22.0842,14067635.0
776,2022-11-21,21.3447,21.4433,20.3588,20.7039,16569940.0
777,2022-11-22,20.7039,20.9997,20.1124,20.2602,6823764.0
778,2022-11-23,20.0631,20.211,19.6588,20.0138,11011281.0
779,2022-11-24,20.2602,20.4574,19.9152,20.1124,3964481.0
780,2022-11-25,20.1617,20.2602,19.6983,19.718,3889062.0
781,2022-11-28,18.9884,20.5067,18.7518,20.211,6738430.0
782,2022-11-29,20.4081,21.1968,20.3588,20.9997,6151977.0
783,2022-11-30,20.9997,22.0842,20.5067,22.0842,18332738.0
784,2022-12-01,22.1335,24.056,22.0349,23.1194,20206163.0
785,2022-12-02,23.563,23.8095,23.0701,23.4151,11209070.0
786,2022-12-05,24.1053,24.1546,23.4644,23.8588,14357955.0
787,2022-12-06,23.6616,24.7954,23.3165,24.2531,9825725.0
788,2022-12-07,24.2038,24.6968,23.5137,23.563,10952075.0
789,2022-12-08,23.563,23.9574,23.2179,23.7602,8568689.0
790,2022-12-09,23.8588,24.3024,23.0701,24.1546,12380400.0
791,2022-12-12,23.8095,24.2038,23.563,23.6616,8679238.0
792,2022-12-13,23.6616,24.3024,23.4644,24.2038,9099058.0
793,2022-12-14,24.3024,24.5982,24.0067,24.401,9569526.0
794,2022-12-15,24.5489,24.5489,23.6123,23.7109,3451689.0
795,2022-12-16,23.8588,24.1053,23.1686,24.1053,6782707.0
796,2022-12-19,23.7109,24.4503,23.7109,24.401,4523425.0
797,2022-12-20,24.1053,24.2531,23.6123,23.9081,2956908.0
798,2022-12-21,23.9081,24.2038,23.5137,23.6616,5496035.0
799,2022-12-22,24.1546,24.4996,23.6123,24.401,4248998.0
800,2022-12-23,24.3024,24.7461,24.1546,24.3517,2229511.0
801,2022-12-28,24.5982,25.6827,24.401,25.0419,8342850.0
802,2022-12-29,25.0419,25.0419,24.4996,24.6475,3358275.0
803,2022-12-30,25.0419,25.1897,24.056,24.2038,3008072.0
804,2023-01-03,23.4644,24.9926,23.3165,24.5982,4322360.0
805,2023-01-04,24.9926,25.239,24.3024,25.1897,4301031.0
806,2023-01-05,25.1897,26.7179,25.1897,26.0771,10654842.0
807,2023-01-06,26.6686,27.0137,26.2249,26.5207,7565745.0
808,2023-01-09,26.7672,27.0137,26.3235,26.6193,7925843.0
809,2023-01-10,26.6193,26.6193,25.8306,25.9785,6480902.0
810,2023-01-11,25.9292,25.9292,24.8447,25.0419,8623452.0
811,2023-01-12,25.0419,25.3869,24.2038,25.0912,6669550.0
812,2023-01-13,25.1897,25.6827,24.401,25.4855,6756670.0
813,2023-01-16,25.8306,25.8306,25.0912,25.3376,3425449.0
814,2023-01-17,25.1404,25.8799,24.8447,24.9926,6169796.0
815,2023-01-18,24.7954,24.894,24.056,24.4503,7929100.0
816,2023-01-19,23.8588,24.894,23.7109,24.4996,8128831.0
817,2023-01-20,24.3517,24.7461,24.3024,24.6475,6165841.0
818,2023-01-26,24.8447,25.0912,24.1546,25.0912,8727162.0
819,2023-01-27,24.9926,25.3376,24.6475,24.894,2495570.0
820,2023-01-30,24.7461,25.1404,24.4996,24.6968,6110036.0
821,2023-01-31,24.6475,24.7461,24.0067,24.3517,8418143.0
822,2023-02-01,24.1546,24.401,23.9574,24.401,5164293.0
823,2023-02-02,24.4503,24.7461,24.0067,24.2531,5897521.0
824,2023-02-03,24.401,24.5982,23.6123,24.1053,4813168.0
825,2023-02-06,24.0067,24.2531,23.3658,23.6123,7901486.0
826,2023-02-07,23.6123,23.7602,23.1686,23.2179,10492192.0
827,2023-02-08,23.0701,23.3165,22.6757,23.1194,11364640.0
828,2023-02-09,22.8729,23.4644,22.8729,23.3658,10099648.0
829,2023-02-10,23.1686,23.2179,22.4785,22.5771,10043195.0
830,2023-02-13,22.4785,23.4151,21.9856,23.2672,14770830.0
831,2023-02-14,23.3658,23.5137,22.9222,23.3658,5488758.0
832,2023-02-15,23.3658,23.563,22.7743,23.0208,2655579.0
833,2023-02-16,23.1686,23.4644,22.8729,23.2179,6160815.0
834,2023-02-17,23.2179,23.3658,22.8236,22.9715,3306762.0
835,2023-02-20,22.9715,23.3658,22.6757,22.9222,2768092.0
836,2023-02-21,22.9222,23.3658,22.6264,22.6757,4683300.0
837,2023-02-22,22.5278,23.1194,22.5278,22.725,2738027.0
838,2023-02-23,22.6757,23.2672,22.6757,22.8729,3322976.0
839,2023-02-24,22.8729,23.1686,22.6757,22.8236,4491714.0
840,2023-02-27,22.5278,23.3658,22.4785,23.3658,7247036.0
841,2023-02-28,23.4151,24.056,23.1194,23.1686,11893367.0
842,2023-03-01,23.3658,24.9433,23.3165,24.7954,15591615.0
843,2023-03-02,24.1546,24.5982,23.3165,24.3024,8454495.0
844,2023-03-03,24.401,24.5489,23.1686,23.4151,8874028.0
845,2023-03-06,23.2179,23.8588,23.2179,23.7602,4054919.0
846,2023-03-07,23.7602,23.9081,23.0208,23.1194,6792420.0
847,2023-03-08,22.9222,23.2179,22.725,22.9715,4134717.0
848,2023-03-09,22.9715,23.4151,22.6757,23.2672,7253964.0
849,2023-03-10,23.2672,23.3165,22.6757,22.8236,8063321.0
850,2023-03-13,22.8729,24.1546,22.8236,23.6616,6314776.0
851,2023-03-14,23.7602,23.8095,22.9222,22.9715,2927612.0
852,2023-03-15,23.2672,23.8095,23.2179,23.3658,4866622.0
853,2023-03-16,22.9222,22.9222,22.1828,22.6757,6963482.0
854,2023-03-17,23.0208,23.3165,22.8729,23.2179,7937163.0
855,2023-03-20,23.2179,23.2179,22.0349,22.1335,6274077.0
856,2023-03-21,22.1335,22.9222,22.1335,22.8729,4877665.0
857,2023-03-22,22.8729,23.5137,22.725,23.0208,4011561.0
858,2023-03-23,23.3165,23.4644,22.725,23.4644,4376664.0
859,2023-03-24,23.2672,23.8095,23.2179,23.4644,3003972.0
860,2023-03-27,23.3165,24.1546,23.1194,23.7109,5110210.0
861,2023-03-28,24.2038,24.401,23.8095,24.2038,12713983.0
862,2023-03-29,24.2038,24.8447,23.8588,24.056,7845677.0
863,2023-03-30,23.9081,24.3517,23.8588,24.3024,4158364.0
864,2023-03-31,24.2531,24.6968,23.563,23.6123,11511492.0
865,2023-04-03,23.6123,23.8588,23.3658,23.8095,5518111.0
866,2023-04-04,24.0067,24.4996,23.9081,24.056,8302285.0
867,2023-04-06,24.0067,24.6475,23.9081,24.2531,3971508.0
868,2023-04-11,24.3024,24.4996,23.563,23.9574,5832707.0
869,2023-04-12,24.1053,24.1053,23.6123,23.7109,5065736.0
870,2023-04-13,23.7109,23.7602,23.1194,23.7109,4555614.0
871,2023-04-14,23.8588,24.4996,23.8095,24.4503,5010119.0
872,2023-04-17,24.4503,24.4503,23.9081,24.1053,4697082.0
873,2023-04-18,24.1053,24.2531,23.8588,24.056,2891300.0
874,2023-04-19,24.056,24.056,23.4644,23.5137,7278142.0
875,2023-04-20,23.5137,23.7602,23.1686,23.3165,6116788.0
876,2023-04-21,23.3165,23.4644,23.0208,23.1686,3265600.0
877,2023-04-24,23.1686,23.2179,22.5771,22.8729,2904424.0
878,2023-04-25,22.725,22.8729,21.6898,21.9856,9839805.0
879,2023-04-26,22.1335,22.5771,21.9363,22.5771,6383895.0
880,2023-04-27,22.1828,22.4292,21.9856,22.0349,5481348.0
881,2023-04-28,22.0349,22.6264,21.9363,22.2813,4780954.0
882,2023-05-02,22.3306,22.725,21.9856,22.3306,4842021.0
883,2023-05-03,21.9856,23.2672,21.9856,22.9715,6922561.0
884,2023-05-04,22.6264,22.6757,21.4926,21.9856,15447810.0
885,2023-05-05,22.1828,22.2813,21.2461,21.8377,9411597.0
886,2023-05-08,21.8377,22.2813,21.7884,21.8377,4503888.0
887,2023-05-09,21.7391,21.9856,21.4926,21.5419,9856026.0
888,2023-05-10,21.4433,21.6405,20.8518,20.9504,10727468.0
889,2023-05-11,20.9997,21.0983,20.4081,20.6546,8800596.0
890,2023-05-12,20.6053,20.9504,20.5067,20.7039,6050819.0
891,2023-05-15,20.85,21.65,20.75,21.4,5614011.0
892,2023-05-16,21.4,21.5,21.0,21.15,4062049.0
893,2023-05-17,21.2,21.2,20.4,20.6,7256587.0
894,2023-05-18,20.6,20.8,20.25,20.4,4984835.0
895,2023-05-19,20.05,21.05,20.05,20.8,6069960.0
896,2023-05-22,20.9,21.3,20.55,20.95,3826510.0
897,2023-05-23,20.95,21.15,20.65,20.85,7860012.0
898,2023-05-24,20.85,21.1,20.25,20.25,8382005.0
899,2023-05-25,20.1,20.25,19.66,20.15,9837513.0
900,2023-05-29,20.1,20.15,19.64,19.86,6412687.0
901,2023-05-30,19.86,20.25,19.8,20.0,5556455.0
902,2023-05-31,20.0,20.15,19.56,19.68,14954764.0
903,2023-06-01,19.6,20.05,19.36,19.38,5651743.0
904,2023-06-02,19.5,20.25,19.5,20.1,9855122.0
905,2023-06-05,20.1,20.3,19.44,19.68,6994871.0
906,2023-06-06,19.82,20.45,19.66,20.3,5634900.0
907,2023-06-07,20.4,20.75,20.35,20.55,5180785.0
908,2023-06-08,20.8,21.25,20.55,21.0,12329102.0
909,2023-06-09,21.0,21.25,20.85,21.05,10464612.0
910,2023-06-12,21.05,21.7,21.05,21.45,9705600.0
911,2023-06-13,21.3,21.8,21.2,21.7,4563328.0
912,2023-06-14,21.65,21.65,21.0,21.25,9016305.0
913,2023-06-15,21.45,21.9,21.25,21.8,4891038.0
914,2023-06-16,21.9,22.5,21.75,22.2,7195793.0
915,2023-06-19,21.95,22.15,21.4,21.65,5814685.0
916,2023-06-20,21.35,21.85,21.35,21.7,2632255.0
917,2023-06-21,21.7,21.75,21.25,21.3,4010500.0
918,2023-06-23,21.15,21.15,20.3,20.75,5698281.0
919,2023-06-26,20.75,21.0,20.5,20.85,4238656.0
920,2023-06-27,20.75,21.15,20.65,20.85,3481245.0
921,2023-06-28,20.6,20.95,20.6,20.8,3538932.0
922,2023-06-29,20.8,20.8,19.3,19.92,17144885.0
923,2023-06-30,19.84,20.5,19.64,20.2,10044254.0
924,2023-07-03,20.2,20.8,20.15,20.55,9493523.0
925,2023-07-04,20.5,20.6,20.25,20.4,3106399.0
926,2023-07-05,20.3,20.5,20.15,20.25,4771590.0
927,2023-07-06,19.82,20.1,18.98,19.26,18102239.0
928,2023-07-07,19.14,19.2,18.68,18.88,9764310.0
929,2023-07-10,19.04,19.3,18.4,18.62,6506998.0
930,2023-07-11,18.68,18.88,18.48,18.68,17193447.0
931,2023-07-12,18.68,18.98,18.52,18.66,9293200.0
932,2023-07-13,18.72,19.12,18.72,18.94,14612837.0
933,2023-07-14,18.94,19.14,18.74,18.86,9705351.0
934,2023-07-18,18.72,18.9,18.12,18.28,14150310.0
935,2023-07-19,18.14,18.34,17.74,18.06,14039948.0
936,2023-07-20,18.06,18.5,18.02,18.28,15047657.0
937,2023-07-21,18.18,18.4,18.1,18.3,5375879.0
938,2023-07-24,18.08,18.62,18.08,18.4,8439852.0
939,2023-07-25,19.04,19.1,18.64,18.68,14566368.0
940,2023-07-26,18.56,18.84,18.36,18.44,8866441.0
941,2023-07-27,18.52,18.86,18.48,18.82,10667791.0
942,2023-07-28,18.6,18.78,18.42,18.58,8645933.0
943,2023-07-31,18.88,19.28,18.74,18.9,13740829.0
944,2023-08-01,18.94,19.04,18.5,18.68,7400800.0
945,2023-08-02,18.42,18.58,18.06,18.24,7816746.0
946,2023-08-03,17.24,17.82,16.92,17.5,27088283.0
947,2023-08-04,17.5,17.78,17.32,17.72,17909304.0
948,2023-08-07,17.7,18.5,17.66,18.38,10593440.0
949,2023-08-08,18.16,18.38,17.86,17.98,13709334.0
950,2023-08-09,17.8,18.28,17.76,18.26,6710962.0
951,2023-08-10,18.1,18.3,17.9,18.26,4497957.0
952,2023-08-11,18.1,18.24,17.72,17.94,7505977.0
953,2023-08-14,17.6,17.76,17.42,17.74,6936965.0
954,2023-08-15,17.4,17.7,16.88,17.16,39170852.0
955,2023-08-16,17.0,17.1,16.68,16.92,9933716.0
956,2023-08-17,16.9,17.36,16.56,17.34,9451853.0
957,2023-08-18,17.14,17.42,17.0,17.06,7910907.0
958,2023-08-21,16.76,17.16,16.7,16.94,4064497.0
959,2023-08-22,16.94,17.26,16.76,16.9,3215795.0
960,2023-08-23,16.8,17.08,16.72,16.9,3611800.0
961,2023-08-24,17.1,17.24,16.94,16.96,6255880.0
962,2023-08-25,16.9,16.94,16.6,16.74,4233786.0
963,2023-08-28,17.22,17.38,16.7,16.76,6598460.0
964,2023-08-29,17.02,17.2,16.72,17.14,4668137.0
965,2023-08-30,17.48,17.6,17.08,17.16,8695426.0
966,2023-08-31,17.16,17.32,16.84,17.0,9336132.0
967,2023-09-04,17.32,17.32,16.82,17.14,7945088.0
968,2023-09-05,16.94,17.04,16.82,16.84,4600954.0
969,2023-09-06,16.86,16.86,16.56,16.76,4792906.0
970,2023-09-07,16.78,16.86,16.66,16.74,4712354.0
971,2023-09-11,16.44,16.78,16.2,16.72,7649956.0
972,2023-09-12,16.72,17.02,16.64,16.82,4542178.0
973,2023-09-13,17.0,17.08,16.74,16.8,3401021.0
974,2023-09-14,17.0,17.0,16.56,16.88,4426866.0
975,2023-09-15,16.88,17.06,16.6,17.06,6873413.0
976,2023-09-18,16.94,17.06,16.72,16.82,5080343.0
977,2023-09-19,16.68,16.8,16.58,16.78,3700970.0
978,2023-09-20,16.84,16.94,16.58,16.76,4971178.0
979,2023-09-21,16.74,16.78,16.16,16.5,8930284.0
980,2023-09-22,16.4,16.7,16.1,16.7,8052952.0
981,2023-09-25,16.7,16.7,16.12,16.12,6015500.0
982,2023-09-26,16.0,16.02,15.4,15.88,11756919.0
983,2023-09-27,15.84,15.84,15.46,15.7,9926194.0
984,2023-09-28,15.7,15.78,15.28,15.3,8493453.0
985,2023-09-29,15.3,15.72,15.28,15.46,16173700.0
986,2023-10-03,15.0,15.4,14.88,15.2,8698029.0
987,2023-10-04,15.0,15.08,14.72,15.06,5902258.0
988,2023-10-05,15.16,16.12,15.16,15.88,8768158.0
989,2023-10-06,15.88,16.1,15.52,15.6,4889397.0
990,2023-10-09,15.3,15.5,15.08,15.38,3230291.0
991,2023-10-10,15.6,16.08,15.54,15.68,4927138.0
992,2023-10-11,15.84,15.88,15.5,15.58,8347680.0
993,2023-10-12,15.8,15.96,15.66,15.96,8918734.0
994,2023-10-13,15.58,15.78,15.18,15.26,6811767.0
995,2023-10-16,15.1,15.3,14.92,14.96,6471015.0
996,2023-10-17,15.34,15.34,15.04,15.12,4755821.0
997,2023-10-18,15.12,15.12,14.68,14.94,9345300.0
998,2023-10-19,14.56,14.82,14.5,14.58,5742409.0
999,2023-10-20,14.58,14.66,14.24,14.42,5033677.0
1000,2023-10-24,14.18,14.44,14.02,14.2,6400439.0
1001,2023-10-25,14.66,15.08,14.54,14.62,7806399.0
1002,2023-10-26,14.7,14.9,14.68,14.84,5295736.0
1003,2023-10-27,14.84,15.26,14.74,15.2,8578688.0
1004,2023-10-30,15.18,15.64,15.12,15.48,7377426.0
1005,2023-10-31,15.48,15.48,14.76,14.88,7789765.0
1006,2023-11-01,15.0,15.36,14.92,14.96,11346901.0
1007,2023-11-02,15.2,15.32,14.94,15.0,5295675.0
1008,2023-11-03,15.18,15.36,14.92,15.34,6854041.0
1009,2023-11-06,15.52,16.18,15.48,16.08,11622325.0
1010,2023-11-07,16.08,16.12,15.64,15.66,9090138.0
1011,2023-11-08,15.6,15.88,15.42,15.76,5208208.0
1012,2023-11-09,15.76,15.76,15.24,15.38,7678523.0
1013,2023-11-10,15.38,15.38,15.02,15.12,3714454.0
1014,2023-11-13,15.08,15.26,14.22,15.24,7742914.0
1015,2023-11-14,15.2,15.56,15.1,15.4,5167684.0
1016,2023-11-15,15.88,16.06,15.54,16.0,7688787.0
1017,2023-11-16,16.0,16.08,15.36,15.44,6586063.0
1018,2023-11-17,15.44,15.58,15.16,15.22,3625435.0
1019,2023-11-20,15.22,15.98,15.22,15.92,6681797.0
1020,2023-11-21,16.02,16.26,15.5,15.56,5576216.0
1021,2023-11-22,15.48,15.64,15.34,15.5,5516868.0
1022,2023-11-23,15.62,15.62,15.14,15.5,5519048.0
1023,2023-11-24,15.52,15.52,15.06,15.1,5661201.0
1024,2023-11-27,15.12,15.12,14.54,14.66,6414874.0
1025,2023-11-28,14.66,14.68,14.1,14.14,8037220.0
1026,2023-11-29,14.02,14.1,13.3,13.62,17331501.0
1027,2023-11-30,13.62,14.08,13.62,13.82,19043744.0
1028,2023-12-01,13.84,13.94,13.48,13.66,25843888.0
1029,2023-12-04,13.76,13.94,13.26,13.4,17925829.0
1030,2023-12-05,13.36,13.36,12.42,12.92,26253646.0
1031,2023-12-06,12.7,13.0,12.56,12.82,17254321.0
1032,2023-12-07,12.82,13.0,12.7,12.98,8850496.0
1033,2023-12-08,12.98,13.1,12.82,12.94,6725333.0
1034,2023-12-11,12.72,12.92,12.64,12.8,7043578.0
1035,2023-12-12,12.8,12.94,12.66,12.84,8848635.0
1036,2023-12-13,12.84,13.02,12.48,12.64,11050265.0
1037,2023-12-14,12.88,13.16,12.88,13.16,12837553.0
1038,2023-12-15,13.38,13.84,13.32,13.84,20300572.0
1039,2023-12-18,13.66,14.02,13.66,13.94,14593756.0
1040,2023-12-19,13.94,14.1,13.86,14.0,12048483.0
1041,2023-12-20,14.2,14.42,14.0,14.22,10003628.0
1042,2023-12-21,14.22,14.56,14.04,14.46,13724910.0
1043,2023-12-22,14.4,14.58,14.04,14.4,9115190.0
1044,2023-12-27,14.4,14.4,14.04,14.18,5844039.0
1045,2023-12-28,14.22,14.6,14.04,14.56,8001700.0
1046,2023-12-29,14.56,14.68,14.32,14.62,4987036.0
1047,2024-01-02,14.62,14.84,13.7,14.0,9472487.0
1048,2024-01-03,13.66,13.96,13.52,13.92,7574002.0
1049,2024-01-04,13.88,13.96,13.54,13.68,5608481.0
1050,2024-01-05,13.52,13.8,13.52,13.76,6054324.0
1051,2024-01-08,13.76,13.86,13.4,13.56,8516918.0
1052,2024-01-09,13.58,13.74,13.5,13.6,7214796.0
1053,2024-01-10,13.6,13.6,13.04,13.14,6793850.0
1054,2024-01-11,13.06,13.28,13.0,13.22,10994044.0
1055,2024-01-12,13.22,13.46,13.06,13.18,15217965.0
1056,2024-01-15,13.18,13.24,12.92,12.98,5856965.0
1057,2024-01-16,12.92,12.96,12.32,12.42,9880053.0
1058,2024-01-17,12.28,12.36,11.76,11.94,15003876.0
1059,2024-01-18,11.94,12.18,11.84,12.16,17039023.0
1060,2024-01-19,12.08,12.46,11.94,12.08,10348783.0
1061,2024-01-22,11.9,12.08,11.04,11.54,19209329.0
1062,2024-01-23,11.54,11.94,11.16,11.34,14240991.0
1063,2024-01-24,11.46,11.58,11.16,11.54,21926902.0
