,date,open,high,low,close,volume
0,2021-06-30,18.86,18.98,16.68,17.12,150646900.0
1,2021-07-02,16.8,16.86,15.8,16.66,31376696.0
2,2021-07-05,16.88,17.04,16.22,16.88,15992100.0
3,2021-07-06,16.92,16.92,16.28,16.32,11492200.0
4,2021-07-07,16.32,16.66,15.98,16.66,7336180.0
5,2021-07-08,16.6,16.7,16.02,16.02,5158500.0
6,2021-07-09,15.88,16.76,15.2,16.72,15531900.0
7,2021-07-12,16.88,17.2,16.2,16.72,7644260.0
8,2021-07-13,16.72,16.88,16.2,16.26,3702050.0
9,2021-07-14,16.26,16.26,15.8,16.14,3468900.0
10,2021-07-15,16.06,16.2,15.84,15.84,4655500.0
11,2021-07-16,15.76,15.84,15.46,15.46,3458500.0
12,2021-07-19,15.28,15.38,14.34,14.56,6590000.0
13,2021-07-20,14.0,14.38,13.58,13.6,5546000.0
14,2021-07-21,13.6,13.6,12.84,12.96,6441424.0
15,2021-07-22,13.2,13.9,13.1,13.68,5130886.0
16,2021-07-23,13.68,14.48,13.34,13.84,5798226.0
17,2021-07-26,13.56,13.6,12.4,12.5,4259700.0
18,2021-07-27,12.4,12.7,9.1,9.15,19013000.0
19,2021-07-28,9.3,10.24,9.23,10.08,8565700.0
20,2021-07-29,10.36,11.7,10.32,11.48,6117256.0
21,2021-07-30,11.0,11.48,10.62,11.3,2098000.0
22,2021-08-02,11.3,11.4,10.54,10.9,3355000.0
23,2021-08-03,10.0,10.3,9.72,9.72,6693150.0
24,2021-08-04,9.6,10.44,9.6,10.16,3019460.0
25,2021-08-05,10.1,10.12,9.55,9.64,2014000.0
26,2021-08-06,9.64,9.86,9.61,9.73,877000.0
27,2021-08-09,9.73,9.83,9.62,9.75,997500.0
28,2021-08-10,9.82,11.0,9.82,10.86,4491200.0
29,2021-08-11,10.7,11.52,10.38,10.82,3367597.0
30,2021-08-12,10.82,10.82,10.42,10.6,1135000.0
31,2021-08-13,10.6,10.6,10.1,10.34,1074000.0
32,2021-08-16,10.32,10.6,10.0,10.32,804500.0
33,2021-08-17,10.32,10.38,9.92,10.02,1021500.0
34,2021-08-18,9.98,10.1,9.8,9.99,739500.0
35,2021-08-19,9.87,10.2,9.87,10.02,1261740.0
36,2021-08-20,10.0,10.02,9.43,9.85,1392000.0
37,2021-08-23,9.78,10.06,9.5,9.54,1584000.0
38,2021-08-24,9.51,9.94,9.48,9.87,2361000.0
39,2021-08-25,9.87,10.5,9.76,10.28,2594000.0
40,2021-08-26,10.8,11.36,10.7,11.04,6269976.0
41,2021-08-27,11.0,11.0,10.5,10.64,1448000.0
42,2021-08-30,10.6,10.74,10.12,10.26,1374000.0
43,2021-08-31,10.26,11.62,10.26,11.5,5892000.0
44,2021-09-01,11.48,12.58,11.12,12.34,6037082.0
45,2021-09-02,12.34,12.82,12.06,12.7,3464500.0
46,2021-09-03,12.7,13.66,12.54,13.46,5084050.0
47,2021-09-06,13.46,13.58,12.6,13.32,3918631.0
48,2021-09-07,13.34,14.3,13.32,14.0,5031468.0
49,2021-09-08,14.02,14.28,13.6,13.9,4482500.0
50,2021-09-09,13.78,13.78,12.66,13.6,4372100.0
51,2021-09-10,13.6,13.86,13.2,13.68,2762700.0
52,2021-09-13,13.26,13.52,12.72,13.44,2473000.0
53,2021-09-14,13.66,13.98,13.16,13.18,2115260.0
54,2021-09-15,13.1,13.88,13.04,13.6,3561500.0
55,2021-09-16,13.78,13.78,13.12,13.26,1815000.0
56,2021-09-17,13.26,13.48,13.02,13.06,582500.0
57,2021-09-20,13.04,13.04,11.84,12.5,2812000.0
58,2021-09-21,12.06,13.08,12.06,13.0,1499500.0
59,2021-09-23,13.28,13.44,12.88,13.4,2084600.0
60,2021-09-24,13.4,13.48,12.52,12.84,1948500.0
61,2021-09-27,12.6,13.12,12.4,12.78,2877000.0
62,2021-09-28,12.78,12.98,12.48,12.52,1972700.0
63,2021-09-29,12.46,12.48,11.72,12.04,2358500.0
64,2021-09-30,12.04,12.04,11.1,11.26,3599500.0
65,2021-10-04,11.08,11.32,10.9,11.08,1073000.0
66,2021-10-05,11.08,11.2,10.7,11.08,704500.0
67,2021-10-06,11.1,11.18,10.6,10.7,1065000.0
68,2021-10-07,10.7,11.1,10.52,11.0,1074372.0
69,2021-10-08,11.02,11.6,11.02,11.3,2380000.0
70,2021-10-11,11.18,11.56,10.86,10.94,1802500.0
71,2021-10-12,10.94,11.38,10.82,11.2,1711128.0
72,2021-10-15,11.2,11.2,10.04,10.2,3640000.0
73,2021-10-18,10.22,10.46,10.1,10.12,1618000.0
74,2021-10-19,10.2,10.42,9.86,9.93,3744000.0
75,2021-10-20,10.0,10.14,9.7,9.86,4537300.0
76,2021-10-21,9.86,10.14,9.42,9.65,5571105.0
77,2021-10-22,9.65,10.32,9.45,10.28,6324000.0
78,2021-10-25,9.99,10.16,9.71,9.75,3494200.0
79,2021-10-26,9.76,10.72,9.76,10.54,4892500.0
80,2021-10-27,10.54,10.72,10.2,10.52,2794000.0
81,2021-10-28,10.48,10.68,10.18,10.36,1845000.0
82,2021-10-29,10.36,10.42,10.2,10.3,2846000.0
83,2021-11-01,9.93,10.0,9.33,9.36,5552200.0
84,2021-11-02,9.5,9.64,9.19,9.21,3461000.0
85,2021-11-03,9.21,9.35,8.9,9.0,2312500.0
86,2021-11-04,9.0,9.44,9.0,9.28,2350500.0
87,2021-11-05,9.28,9.58,9.1,9.39,2037000.0
88,2021-11-08,9.36,9.62,9.34,9.5,1815000.0
89,2021-11-09,9.5,9.6,9.16,9.25,956500.0
90,2021-11-10,9.26,9.32,9.05,9.19,1060635.0
91,2021-11-11,9.19,9.66,9.07,9.53,2350500.0
92,2021-11-12,9.68,9.68,9.27,9.31,2482800.0
93,2021-11-15,9.24,9.63,9.21,9.29,1440900.0
94,2021-11-16,9.26,9.46,9.15,9.31,2476000.0
95,2021-11-17,9.31,9.58,9.15,9.39,1351500.0
96,2021-11-18,9.39,9.45,9.2,9.3,1441000.0
97,2021-11-19,9.2,9.55,9.12,9.5,1944000.0
98,2021-11-22,9.5,10.16,9.32,9.78,2552000.0
99,2021-11-23,9.75,9.87,9.55,9.67,1160000.0
100,2021-11-24,9.59,10.14,9.48,10.02,2621500.0
101,2021-11-25,10.02,10.08,9.88,9.88,927500.0
102,2021-11-26,9.88,9.99,9.45,9.46,1181500.0
103,2021-11-29,9.32,9.69,9.32,9.6,636500.0
104,2021-11-30,9.5,9.81,9.36,9.42,810500.0
105,2021-12-01,9.35,9.6,9.25,9.25,1453000.0
106,2021-12-02,9.26,9.41,9.09,9.1,1085700.0
107,2021-12-03,9.1,9.1,8.8,8.84,2491000.0
108,2021-12-06,8.8,8.87,8.03,8.12,4384500.0
109,2021-12-07,8.3,8.47,8.15,8.43,2394500.0
110,2021-12-08,8.43,8.85,8.43,8.58,1556000.0
111,2021-12-09,8.58,9.07,8.58,9.03,1922000.0
112,2021-12-10,8.98,9.05,8.7,8.83,810500.0
113,2021-12-13,8.83,9.1,8.56,8.58,653500.0
114,2021-12-14,8.58,8.8,8.41,8.7,2010500.0
115,2021-12-15,8.72,8.72,8.19,8.29,1423000.0
116,2021-12-16,8.29,8.6,8.19,8.51,1278000.0
117,2021-12-17,8.43,8.63,8.29,8.57,1989500.0
118,2021-12-20,8.32,8.46,8.18,8.4,904000.0
119,2021-12-21,8.4,8.84,8.4,8.66,1815000.0
120,2021-12-22,8.78,9.17,8.55,8.57,1661500.0
121,2021-12-23,8.57,8.67,8.35,8.4,953700.0
122,2021-12-24,8.4,8.8,8.4,8.8,484000.0
123,2021-12-28,8.75,9.09,8.58,8.75,1127940.0
124,2021-12-29,8.75,8.84,8.58,8.72,363000.0
125,2021-12-30,8.7,8.88,8.51,8.56,926000.0
126,2021-12-31,8.73,8.74,8.47,8.56,678500.0
127,2022-01-03,8.55,8.55,7.93,8.02,3004130.0
128,2022-01-04,8.12,8.16,7.75,7.75,2535500.0
129,2022-01-05,7.73,7.76,7.2,7.28,3155596.0
130,2022-01-06,7.3,7.32,6.92,7.06,2299500.0
131,2022-01-07,7.06,7.18,6.83,6.92,2757000.0
132,2022-01-10,6.92,7.41,6.9,7.34,3546500.0
133,2022-01-11,7.34,7.52,7.27,7.41,1675000.0
134,2022-01-12,7.42,7.67,7.32,7.5,3028500.0
135,2022-01-13,7.42,7.77,7.3,7.48,4159100.0
136,2022-01-14,7.48,7.7,7.3,7.67,2659500.0
137,2022-01-17,7.58,7.58,6.96,7.0,6428711.0
138,2022-01-18,7.01,7.4,7.01,7.18,5371500.0
139,2022-01-19,7.2,7.2,6.87,6.95,2733000.0
140,2022-01-20,6.95,7.14,6.82,7.13,2244500.0
141,2022-01-21,7.15,8.02,7.15,7.73,13350400.0
142,2022-01-24,7.61,8.04,7.47,8.0,6037520.0
143,2022-01-25,7.81,8.13,7.75,8.0,4652500.0
144,2022-01-26,8.0,8.07,7.82,7.95,1955000.0
145,2022-01-27,7.95,7.95,7.14,7.21,2617100.0
146,2022-01-28,7.21,7.23,6.61,6.75,3041950.0
147,2022-01-31,6.75,6.95,6.75,6.93,444800.0
148,2022-02-04,6.93,7.47,6.93,7.41,1675210.0
149,2022-02-07,7.5,7.74,7.08,7.41,5993000.0
150,2022-02-08,7.4,7.43,6.95,7.1,4066000.0
151,2022-02-09,7.09,7.26,7.01,7.13,4544000.0
152,2022-02-10,7.13,7.4,6.95,7.27,4706000.0
153,2022-02-11,7.27,7.46,7.18,7.38,4481500.0
154,2022-02-14,7.1,7.58,7.1,7.5,3432500.0
155,2022-02-15,7.29,7.47,7.16,7.28,2041000.0
156,2022-02-16,7.52,7.56,7.3,7.47,2003000.0
157,2022-02-17,7.5,7.65,7.23,7.23,1412000.0
158,2022-02-18,7.23,7.55,7.06,7.45,2842500.0
159,2022-02-21,7.45,7.45,7.21,7.31,8495000.0
160,2022-02-22,7.24,7.26,6.88,7.0,4295500.0
161,2022-02-23,6.98,7.12,6.9,6.99,2292500.0
162,2022-02-24,6.9,6.91,6.32,6.49,9096770.0
163,2022-02-25,6.5,6.64,6.26,6.35,2757500.0
164,2022-02-28,6.35,6.37,6.05,6.18,1469500.0
165,2022-03-01,6.18,6.36,6.17,6.21,6378500.0
166,2022-03-02,6.11,6.21,5.89,5.91,4636500.0
167,2022-03-03,5.98,6.07,5.87,5.91,2300500.0
168,2022-03-04,5.9,5.9,5.55,5.7,5835500.0
169,2022-03-07,5.55,5.63,5.22,5.24,4286500.0
170,2022-03-08,5.24,5.35,4.8,4.89,4715000.0
171,2022-03-09,4.89,5.04,4.6,4.76,3191000.0
172,2022-03-10,4.91,5.04,4.73,4.84,2823500.0
173,2022-03-11,4.84,4.84,4.35,4.7,4968500.0
174,2022-03-14,4.58,4.58,3.96,3.99,4900000.0
175,2022-03-15,3.89,4.13,3.65,3.8,7106192.0
176,2022-03-16,4.0,4.27,3.81,4.23,5734560.0
177,2022-03-17,4.39,4.96,4.39,4.86,10291500.0
178,2022-03-18,4.86,4.86,4.45,4.73,5576500.0
179,2022-03-21,4.82,4.86,4.43,4.48,3085500.0
180,2022-03-22,4.5,4.62,4.44,4.58,2355000.0
181,2022-03-23,4.65,4.97,4.6,4.93,6083500.0
182,2022-03-24,4.8,5.13,4.62,5.02,4472500.0
183,2022-03-25,5.01,5.21,4.7,4.86,6002010.0
184,2022-03-28,4.8,4.86,4.6,4.81,2484000.0
185,2022-03-29,4.7,4.9,4.7,4.88,1401500.0
186,2022-03-30,4.81,5.07,4.81,5.04,3854500.0
187,2022-03-31,5.03,5.1,4.78,4.9,629000.0
188,2022-04-01,4.88,4.89,4.56,4.64,2095000.0
189,2022-04-04,4.65,4.9,4.6,4.88,781000.0
190,2022-04-06,4.71,4.84,4.59,4.79,4325100.0
191,2022-04-07,4.74,4.84,4.68,4.75,3189200.0
192,2022-04-08,4.78,4.86,4.56,4.65,3112000.0
193,2022-04-11,4.61,4.66,4.33,4.38,2088000.0
194,2022-04-12,4.36,4.67,4.28,4.58,2387000.0
195,2022-04-13,4.58,4.64,4.5,4.51,1092926.0
196,2022-04-14,4.52,4.93,4.52,4.89,2370000.0
197,2022-04-19,4.8,4.8,4.5,4.55,1899000.0
198,2022-04-20,4.55,4.92,4.54,4.68,2069000.0
199,2022-04-21,4.61,4.86,4.61,4.81,1568000.0
200,2022-04-22,4.77,4.84,4.61,4.74,905500.0
201,2022-04-25,4.71,4.71,4.25,4.35,3278500.0
202,2022-04-26,4.38,4.6,4.33,4.43,1537500.0
203,2022-04-27,4.45,5.03,4.2,5.03,6272500.0
204,2022-04-28,5.0,5.0,4.71,4.73,1349500.0
205,2022-04-29,4.71,4.83,4.5,4.71,991000.0
206,2022-05-03,4.57,4.93,4.47,4.88,1193300.0
207,2022-05-04,4.86,4.87,4.7,4.74,399500.0
208,2022-05-05,4.88,4.88,4.69,4.71,1262684.0
209,2022-05-06,4.71,4.71,4.57,4.63,644000.0
210,2022-05-10,4.63,4.63,4.39,4.42,1510500.0
211,2022-05-11,4.45,4.7,4.45,4.65,1793500.0
212,2022-05-12,4.64,4.8,4.52,4.53,639500.0
213,2022-05-13,4.45,4.67,4.45,4.59,1959500.0
214,2022-05-16,4.64,4.78,4.55,4.55,1487000.0
215,2022-05-17,4.58,4.78,4.56,4.75,2092000.0
216,2022-05-18,4.72,4.89,4.66,4.83,1422541.0
217,2022-05-19,4.8,4.8,4.63,4.7,697500.0
218,2022-05-20,4.75,4.84,4.75,4.84,761000.0
219,2022-05-23,4.84,4.98,4.72,4.79,1467000.0
220,2022-05-24,4.77,5.25,4.77,4.9,5221550.0
221,2022-05-25,4.76,5.2,4.76,5.1,2681684.0
222,2022-05-26,5.1,5.22,5.01,5.18,1621000.0
223,2022-05-27,5.18,5.39,5.08,5.14,2160600.0
224,2022-05-30,5.14,5.84,5.14,5.77,5745000.0
225,2022-05-31,5.77,6.47,5.77,6.18,22078000.0
226,2022-06-01,6.19,6.43,6.18,6.18,5364930.0
227,2022-06-02,6.2,6.4,6.01,6.3,2963000.0
228,2022-06-06,6.3,6.33,6.1,6.17,3436500.0
229,2022-06-07,6.3,6.82,6.3,6.49,10399500.0
230,2022-06-08,6.51,6.65,6.34,6.44,4513000.0
231,2022-06-09,6.44,6.7,6.09,6.16,4727000.0
232,2022-06-10,6.16,6.32,5.91,6.22,3962500.0
233,2022-06-13,6.11,6.37,5.99,5.99,3594500.0
234,2022-06-14,5.91,6.07,5.79,5.99,1965000.0
235,2022-06-15,6.0,6.34,6.0,6.15,1900500.0
236,2022-06-16,6.34,6.47,6.04,6.14,3550783.0
237,2022-06-17,6.14,6.4,6.06,6.35,2936000.0
238,2022-06-20,6.35,6.36,6.16,6.27,2936500.0
239,2022-06-21,6.24,6.98,6.24,6.92,7045500.0
240,2022-06-22,6.92,6.92,6.48,6.53,4055000.0
241,2022-06-23,6.6,6.82,6.53,6.75,3296000.0
242,2022-06-24,6.8,6.98,6.63,6.92,3237500.0
243,2022-06-27,6.97,7.18,6.73,6.86,4411000.0
244,2022-06-28,6.81,7.25,6.63,7.2,5285500.0
245,2022-06-29,7.19,7.19,6.65,6.72,4614000.0
246,2022-06-30,6.71,6.81,6.51,6.65,5640500.0
247,2022-07-04,6.65,6.77,6.39,6.66,2812500.0
248,2022-07-05,6.6,6.76,6.31,6.33,2561650.0
249,2022-07-06,6.37,6.4,6.1,6.24,1796000.0
250,2022-07-07,6.24,6.35,6.05,6.35,2008457.0
251,2022-07-08,6.4,6.45,6.28,6.3,774000.0
252,2022-07-11,6.29,6.29,6.04,6.06,1424500.0
253,2022-07-12,6.04,6.2,5.93,6.05,1428000.0
254,2022-07-13,6.05,6.48,6.02,6.45,2633500.0
255,2022-07-14,6.38,6.45,6.23,6.28,1231500.0
256,2022-07-15,6.28,6.48,6.12,6.13,1867500.0
257,2022-07-18,6.13,6.24,5.9,6.13,1594000.0
258,2022-07-19,6.0,6.15,5.96,6.01,1056500.0
259,2022-07-20,6.06,6.15,5.94,5.99,2337500.0
260,2022-07-21,6.0,6.12,5.99,6.04,792987.0
261,2022-07-22,6.03,6.15,5.96,6.03,821700.0
262,2022-07-25,5.98,6.14,5.98,6.09,466000.0
263,2022-07-26,6.07,6.26,6.07,6.13,948000.0
264,2022-07-27,6.03,6.11,5.88,6.04,1179500.0
265,2022-07-28,6.1,6.1,5.78,5.8,1876000.0
266,2022-07-29,5.79,5.85,5.41,5.53,3509000.0
267,2022-08-01,5.53,5.85,5.18,5.81,2799500.0
268,2022-08-02,5.57,5.79,5.44,5.52,2513000.0
269,2022-08-03,5.56,5.85,5.56,5.71,2041000.0
270,2022-08-04,5.76,5.86,5.69,5.72,676000.0
271,2022-08-05,5.7,5.81,5.61,5.65,1028000.0
272,2022-08-08,5.6,5.64,5.3,5.38,2648500.0
273,2022-08-09,5.36,5.42,5.2,5.29,2414000.0
274,2022-08-10,5.25,5.35,5.1,5.2,2161500.0
275,2022-08-11,5.2,5.3,5.15,5.19,1416500.0
276,2022-08-12,5.23,5.46,5.16,5.43,1214100.0
277,2022-08-15,5.4,5.67,5.4,5.52,992500.0
278,2022-08-16,5.53,5.65,5.45,5.57,930500.0
279,2022-08-17,5.55,5.65,5.52,5.55,216500.0
280,2022-08-18,5.55,5.67,5.52,5.62,522500.0
281,2022-08-19,5.55,5.74,5.52,5.54,413200.0
282,2022-08-22,5.51,5.56,5.45,5.5,121500.0
283,2022-08-23,5.52,5.69,5.37,5.41,252000.0
284,2022-08-24,5.4,5.42,5.23,5.26,381000.0
285,2022-08-25,5.26,5.35,5.16,5.34,628500.0
286,2022-08-26,5.37,5.59,5.34,5.44,1042400.0
287,2022-08-29,5.4,5.69,5.35,5.61,1142500.0
288,2022-08-30,5.52,5.56,5.46,5.51,183000.0
289,2022-08-31,5.5,5.75,5.49,5.71,808000.0
290,2022-09-01,5.66,6.23,5.66,5.95,5620000.0
291,2022-09-02,5.92,6.22,5.92,6.05,4893000.0
292,2022-09-05,6.07,6.07,5.79,6.03,3026000.0
293,2022-09-06,6.0,6.14,6.0,6.13,1618000.0
294,2022-09-07,6.05,6.18,6.01,6.14,2062500.0
295,2022-09-08,6.08,6.19,6.0,6.08,916500.0
296,2022-09-09,6.08,6.33,6.06,6.26,781000.0
297,2022-09-13,6.21,6.32,6.06,6.06,853000.0
298,2022-09-14,6.05,6.12,6.01,6.05,1056000.0
299,2022-09-15,6.05,6.18,5.99,6.13,1361400.0
300,2022-09-16,5.98,6.14,5.95,6.04,1352500.0
301,2022-09-19,6.04,6.13,5.94,6.02,1224500.0
302,2022-09-20,6.0,6.11,5.7,5.79,1377500.0
303,2022-09-21,5.66,5.87,5.62,5.76,731450.0
304,2022-09-22,5.66,5.74,5.5,5.68,852000.0
305,2022-09-23,5.62,5.66,5.32,5.33,1200000.0
306,2022-09-26,5.31,5.6,5.28,5.38,615000.0
307,2022-09-27,5.43,5.64,5.31,5.57,1095500.0
308,2022-09-28,5.41,5.81,5.41,5.68,1714500.0
309,2022-09-29,5.69,5.84,5.55,5.77,560000.0
310,2022-09-30,5.77,5.77,5.42,5.77,974000.0
311,2022-10-03,5.54,5.77,4.96,4.99,1810000.0
312,2022-10-05,5.05,5.5,5.05,5.45,847500.0
313,2022-10-06,5.47,5.57,5.4,5.52,248500.0
314,2022-10-07,5.31,5.5,5.25,5.31,191000.0
315,2022-10-10,5.31,5.55,5.14,5.47,2149500.0
316,2022-10-11,5.47,5.47,5.13,5.34,1595500.0
317,2022-10-12,5.21,5.4,5.05,5.26,2627500.0
318,2022-10-13,5.2,5.31,5.03,5.1,1123500.0
319,2022-10-14,5.11,5.32,5.1,5.1,1125500.0
320,2022-10-17,5.06,5.16,4.8,4.85,1958000.0
321,2022-10-18,4.86,4.93,4.67,4.89,1420000.0
322,2022-10-19,4.87,4.87,4.68,4.76,578000.0
323,2022-10-20,4.67,4.85,4.4,4.6,1330000.0
324,2022-10-21,4.6,4.8,4.6,4.6,619000.0
325,2022-10-24,4.51,4.53,4.3,4.42,2072000.0
326,2022-10-25,4.42,4.42,4.16,4.32,1147500.0
327,2022-10-26,4.33,4.53,4.27,4.4,1377500.0
328,2022-10-27,4.52,4.55,4.24,4.36,747500.0
329,2022-10-28,4.38,4.39,4.0,4.1,1177500.0
330,2022-10-31,4.2,4.2,3.94,4.03,1114500.0
331,2022-11-01,4.11,4.54,4.0,4.44,2623500.0
332,2022-11-02,4.51,4.84,4.38,4.81,2842500.0
333,2022-11-03,4.77,4.77,4.45,4.68,2513500.0
334,2022-11-04,4.54,5.07,4.54,4.94,1890000.0
335,2022-11-07,4.94,5.24,4.8,5.09,1282000.0
336,2022-11-08,5.07,5.2,4.95,5.0,544000.0
337,2022-11-09,5.17,5.17,4.8,4.8,519000.0
338,2022-11-10,4.8,4.91,4.63,4.77,1051000.0
339,2022-11-11,4.99,5.4,4.99,5.39,2666500.0
340,2022-11-14,5.47,5.58,5.28,5.29,939000.0
341,2022-11-15,5.36,5.8,5.3,5.64,3150500.0
342,2022-11-16,5.7,5.84,5.47,5.63,1450000.0
343,2022-11-17,5.59,5.59,5.32,5.44,515000.0
344,2022-11-18,5.66,5.66,5.34,5.37,577500.0
345,2022-11-21,5.38,5.38,5.03,5.14,502000.0
346,2022-11-22,5.16,5.16,4.92,4.98,601000.0
347,2022-11-23,5.1,5.1,4.79,5.05,786408.0
348,2022-11-24,5.05,5.07,4.9,4.92,337000.0
349,2022-11-25,4.87,4.89,4.72,4.78,677500.0
350,2022-11-28,4.71,5.07,4.5,5.06,1215592.0
351,2022-11-29,5.06,5.48,5.04,5.26,2665000.0
352,2022-11-30,5.28,6.51,5.2,6.16,12329800.0
353,2022-12-01,6.77,6.8,6.09,6.4,19080900.0
354,2022-12-02,6.44,7.17,6.44,6.6,18247907.0
355,2022-12-05,6.83,8.0,6.83,7.2,30073298.0
356,2022-12-06,7.28,8.49,7.27,7.55,28420000.0
357,2022-12-07,7.74,8.0,7.1,7.14,26167831.0
358,2022-12-08,7.29,7.63,7.06,7.55,18098206.0
359,2022-12-09,7.53,7.76,7.45,7.6,9220499.0
360,2022-12-12,7.53,7.53,6.98,7.02,6331999.0
361,2022-12-13,7.15,7.66,6.98,7.49,11154998.0
362,2022-12-14,7.49,7.63,7.2,7.24,4623500.0
363,2022-12-15,7.45,7.5,6.98,7.21,4517361.0
364,2022-12-16,7.01,7.14,6.88,7.06,3402500.0
365,2022-12-19,7.06,7.21,6.72,6.99,4239000.0
366,2022-12-20,6.9,6.9,6.55,6.68,3481500.0
367,2022-12-21,6.68,6.96,6.68,6.86,2351800.0
368,2022-12-22,7.12,7.32,6.91,7.2,6063500.0
369,2022-12-23,7.2,7.23,6.9,7.05,3564260.0
370,2022-12-28,7.25,7.4,7.01,7.39,8158500.0
371,2022-12-29,7.34,7.55,7.16,7.37,2988500.0
372,2022-12-30,7.23,7.75,7.2,7.53,5937500.0
373,2023-01-03,7.53,7.88,7.32,7.82,4358200.0
374,2023-01-04,7.82,7.95,7.68,7.75,4179000.0
375,2023-01-05,7.75,8.24,7.56,7.59,7316000.0
376,2023-01-06,7.61,7.61,6.55,6.81,73374500.0
377,2023-01-09,6.9,7.25,6.68,7.15,20425999.0
378,2023-01-10,7.15,7.24,6.9,6.93,8964000.0
379,2023-01-11,7.0,7.0,6.7,6.72,7660500.0
380,2023-01-12,6.77,6.85,6.52,6.58,3288500.0
381,2023-01-13,6.61,6.61,6.31,6.55,12157500.0
382,2023-01-16,6.55,6.74,6.31,6.32,6650500.0
383,2023-01-17,6.34,6.39,6.12,6.22,4273000.0
384,2023-01-18,6.27,6.42,6.16,6.29,8617750.0
385,2023-01-19,6.28,6.39,6.18,6.25,1247000.0
386,2023-01-20,6.19,6.4,6.19,6.38,1270997.0
387,2023-01-26,6.38,6.55,6.38,6.5,2061700.0
388,2023-01-27,6.5,6.58,6.4,6.58,1180549.0
389,2023-01-30,6.68,6.73,6.24,6.28,12002500.0
390,2023-01-31,6.28,6.37,6.1,6.26,8220000.0
391,2023-02-01,6.22,6.34,6.11,6.3,4781500.0
392,2023-02-02,6.34,6.64,6.26,6.51,8464500.0
393,2023-02-03,6.41,6.65,6.32,6.35,4187500.0
394,2023-02-06,6.35,6.42,6.13,6.17,3418500.0
395,2023-02-07,6.13,6.24,6.13,6.15,1564000.0
396,2023-02-08,6.18,6.31,6.11,6.19,1996500.0
397,2023-02-09,6.16,6.36,6.15,6.31,2474000.0
398,2023-02-10,6.25,6.35,6.03,6.07,2055500.0
399,2023-02-13,6.03,6.33,6.03,6.21,4285494.0
400,2023-02-14,6.11,6.28,6.1,6.11,1528500.0
401,2023-02-15,6.15,6.21,5.9,6.06,4030500.0
402,2023-02-16,6.14,6.26,6.06,6.16,3373000.0
403,2023-02-17,6.16,6.37,6.16,6.28,3567500.0
404,2023-02-20,6.27,6.9,6.27,6.84,21612500.0
405,2023-02-21,6.84,7.22,6.75,6.93,14105500.0
406,2023-02-22,6.85,7.51,6.74,7.46,19613500.0
407,2023-02-23,7.5,7.58,7.22,7.53,14157500.0
408,2023-02-24,7.4,7.41,6.77,6.8,12135500.0
409,2023-02-27,6.88,7.2,6.67,7.01,6219433.0
410,2023-02-28,6.96,7.45,6.88,7.26,10419200.0
411,2023-03-01,7.26,8.04,7.26,7.9,14498550.0
412,2023-03-02,8.0,8.16,7.82,8.04,5017800.0
413,2023-03-03,8.08,8.75,8.08,8.49,15429000.0
414,2023-03-06,8.42,8.6,7.85,8.02,15843500.0
415,2023-03-07,8.02,8.29,7.86,8.22,10671500.0
416,2023-03-08,8.17,8.48,8.03,8.41,8543900.0
417,2023-03-09,8.41,8.41,7.84,8.09,8774500.0
418,2023-03-10,7.96,7.98,7.52,7.75,7089500.0
419,2023-03-13,7.8,8.2,7.65,7.73,13490500.0
420,2023-03-14,7.73,7.85,7.4,7.43,8885500.0
421,2023-03-15,7.44,7.79,7.44,7.52,4076500.0
422,2023-03-16,7.46,7.46,7.17,7.22,3578500.0
423,2023-03-17,7.36,8.04,7.36,8.0,7995000.0
424,2023-03-20,7.99,8.05,7.55,7.68,4114500.0
425,2023-03-21,7.68,7.71,7.31,7.56,5194000.0
426,2023-03-22,7.36,7.73,7.36,7.45,4669500.0
427,2023-03-23,7.41,7.6,7.33,7.48,5086500.0
428,2023-03-24,7.5,7.5,6.96,6.99,8623500.0
429,2023-03-27,6.96,7.17,6.95,7.0,3504500.0
430,2023-03-28,7.0,7.08,6.87,6.91,2619000.0
431,2023-03-29,7.0,7.27,7.0,7.09,2378500.0
432,2023-03-30,7.09,7.3,7.0,7.26,2651000.0
433,2023-03-31,7.26,8.65,7.26,8.49,25602500.0
434,2023-04-03,8.52,9.11,8.37,8.85,19042360.0
435,2023-04-04,8.95,8.95,8.19,8.4,12430500.0
436,2023-04-06,8.41,8.41,8.03,8.18,4959874.0
437,2023-04-11,8.17,8.28,8.03,8.21,5353000.0
438,2023-04-12,8.2,8.32,7.94,7.97,3971000.0
439,2023-04-13,7.9,8.1,7.69,8.03,5833000.0
440,2023-04-14,8.03,8.18,7.85,7.93,2339000.0
441,2023-04-17,8.1,8.71,7.93,8.53,7768000.0
442,2023-04-18,8.5,8.76,8.26,8.58,4781500.0
443,2023-04-19,8.58,8.88,8.49,8.6,6771000.0
444,2023-04-20,8.78,8.78,8.26,8.29,1901000.0
445,2023-04-21,8.29,8.29,7.64,7.7,8085000.0
446,2023-04-24,7.66,7.73,7.51,7.63,3167500.0
447,2023-04-25,7.63,7.8,7.5,7.68,7404500.0
448,2023-04-26,7.72,8.04,7.66,7.79,2409000.0
449,2023-04-27,7.79,7.94,7.53,7.72,2672500.0
450,2023-04-28,7.84,8.24,7.73,8.2,5812500.0
451,2023-05-02,8.14,8.41,7.75,7.78,2010600.0
452,2023-05-03,7.78,7.78,7.58,7.76,1058000.0
453,2023-05-04,7.78,7.95,7.53,7.59,3574350.0
454,2023-05-05,7.61,7.74,7.51,7.55,1926000.0
455,2023-05-08,7.6,7.61,6.98,7.17,10654195.0
456,2023-05-09,7.25,7.25,6.96,6.98,2837000.0
457,2023-05-10,6.99,7.05,6.9,7.03,1533355.0
458,2023-05-11,6.97,7.05,6.89,6.94,1768500.0
459,2023-05-12,7.0,7.04,6.85,6.91,1137000.0
460,2023-05-15,6.82,7.1,6.77,7.08,2332000.0
461,2023-05-16,7.1,7.16,6.91,6.94,1605500.0
462,2023-05-17,6.91,6.91,6.43,6.52,6062500.0
463,2023-05-18,6.5,6.6,6.39,6.43,2541826.0
464,2023-05-19,6.39,6.75,6.33,6.56,3102000.0
465,2023-05-22,6.56,6.94,6.41,6.77,2925400.0
466,2023-05-23,6.7,6.88,6.55,6.55,1527000.0
467,2023-05-24,6.56,6.56,6.29,6.34,2660000.0
468,2023-05-25,6.3,6.31,6.15,6.21,3456500.0
469,2023-05-29,6.22,6.28,5.9,5.91,3810000.0
470,2023-05-30,5.91,6.14,5.91,6.04,3223500.0
471,2023-05-31,6.0,6.0,5.62,5.87,8178500.0
472,2023-06-01,5.83,6.07,5.8,5.86,3689500.0
473,2023-06-02,6.04,6.34,5.92,6.27,7984600.0
474,2023-06-05,6.35,6.35,6.01,6.05,3442000.0
475,2023-06-06,6.06,6.17,5.9,5.93,2570560.0
476,2023-06-07,5.99,6.09,5.91,5.91,3665000.0
477,2023-06-08,5.83,5.87,5.64,5.74,5054500.0
478,2023-06-09,5.81,5.88,5.74,5.8,1848000.0
479,2023-06-12,5.82,5.86,5.6,5.78,2513500.0
480,2023-06-13,5.71,5.98,5.71,5.95,2397500.0
481,2023-06-14,5.95,6.15,5.83,6.04,3098500.0
482,2023-06-15,6.04,6.22,5.89,6.22,6459000.0
483,2023-06-16,6.27,6.37,6.11,6.18,5527500.0
484,2023-06-19,6.15,6.26,6.06,6.13,1964500.0
485,2023-06-20,6.1,6.11,5.86,6.0,3329500.0
486,2023-06-21,5.9,5.99,5.77,5.84,2388500.0
487,2023-06-23,5.84,5.84,5.57,5.62,1267000.0
488,2023-06-26,5.66,5.7,5.5,5.52,3847500.0
489,2023-06-27,5.52,5.64,5.46,5.6,2799000.0
490,2023-06-28,5.61,5.61,5.47,5.6,1189000.0
491,2023-06-29,5.53,5.55,5.32,5.35,4230500.0
492,2023-06-30,5.32,5.47,5.24,5.42,2565500.0
493,2023-07-03,5.36,5.71,5.36,5.63,3334500.0
494,2023-07-04,5.57,5.77,5.57,5.68,1799500.0
495,2023-07-05,5.68,5.69,5.42,5.51,1620000.0
496,2023-07-06,5.47,5.5,5.32,5.36,2834500.0
497,2023-07-07,5.31,5.57,5.29,5.36,2586500.0
498,2023-07-10,5.46,5.55,5.38,5.46,1430500.0
499,2023-07-11,5.5,5.66,5.48,5.63,2658000.0
500,2023-07-12,5.67,5.75,5.51,5.62,1957400.0
501,2023-07-13,5.68,5.82,5.68,5.74,3441000.0
502,2023-07-14,5.84,5.84,5.56,5.59,3709500.0
503,2023-07-18,5.55,5.64,5.43,5.44,1415000.0
504,2023-07-19,5.4,5.45,5.27,5.45,2224600.0
505,2023-07-20,5.45,6.13,5.4,6.02,18603500.0
506,2023-07-21,5.99,5.99,5.65,5.7,9019500.0
507,2023-07-24,5.7,5.75,5.07,5.11,12418500.0
508,2023-07-25,5.3,5.32,5.11,5.24,6672000.0
509,2023-07-26,5.24,5.35,5.15,5.27,2075000.0
510,2023-07-27,5.33,5.44,5.27,5.38,3097000.0
511,2023-07-28,5.38,5.45,5.16,5.44,9283500.0
512,2023-07-31,5.56,5.8,5.3,5.36,19576500.0
513,2023-08-01,5.4,5.66,5.27,5.32,12825000.0
514,2023-08-02,5.32,5.39,5.15,5.19,5264500.0
515,2023-08-03,5.18,5.22,5.12,5.19,3012500.0
516,2023-08-04,5.34,5.34,5.11,5.15,3575000.0
517,2023-08-07,5.15,5.15,4.9,5.03,7168000.0
518,2023-08-08,5.03,5.09,4.87,4.87,4152000.0
519,2023-08-09,4.87,5.01,4.85,4.95,1500500.0
520,2023-08-10,4.95,4.98,4.85,4.95,3205000.0
521,2023-08-11,4.95,4.95,4.81,4.82,2138000.0
522,2023-08-14,4.8,4.8,4.58,4.78,2290000.0
523,2023-08-15,4.77,4.77,4.6,4.7,2491598.0
524,2023-08-16,4.7,4.7,4.6,4.64,1515500.0
525,2023-08-17,4.6,4.69,4.44,4.64,2155500.0
526,2023-08-18,4.64,4.68,4.49,4.56,3086000.0
527,2023-08-21,4.49,4.51,4.38,4.4,3853500.0
528,2023-08-22,4.45,4.63,4.45,4.56,3173000.0
529,2023-08-23,4.55,4.69,4.48,4.66,2046000.0
530,2023-08-24,4.67,4.78,4.62,4.68,1604500.0
531,2023-08-25,4.68,4.74,4.57,4.66,1958945.0
532,2023-08-28,4.76,4.85,4.58,4.6,2433000.0
533,2023-08-29,4.67,4.99,4.6,4.88,6027000.0
534,2023-08-30,5.01,5.19,4.74,4.88,11583500.0
535,2023-08-31,4.89,5.06,4.77,4.81,5641000.0
536,2023-09-04,4.83,5.08,4.83,5.0,5963500.0
537,2023-09-05,5.0,5.13,4.85,4.88,3822000.0
538,2023-09-06,4.89,4.89,4.71,4.73,3118000.0
539,2023-09-07,4.73,4.73,4.57,4.61,2116500.0
540,2023-09-11,4.61,4.65,4.47,4.61,2143902.0
541,2023-09-12,4.61,4.66,4.52,4.62,1541000.0
542,2023-09-13,4.64,4.64,4.53,4.57,1367500.0
543,2023-09-14,4.55,4.65,4.44,4.6,3290922.0
544,2023-09-15,4.67,4.8,4.59,4.73,3632500.0
545,2023-09-18,4.73,4.73,4.58,4.59,1499500.0
546,2023-09-19,4.58,4.61,4.45,4.49,1665000.0
547,2023-09-20,4.49,4.49,4.37,4.39,1480000.0
548,2023-09-21,4.36,4.36,4.05,4.1,8070500.0
549,2023-09-22,4.12,4.2,4.06,4.2,1595800.0
550,2023-09-25,4.2,4.2,4.01,4.02,4738500.0
551,2023-09-26,4.04,4.11,3.97,4.0,1846500.0
552,2023-09-27,4.03,4.08,4.0,4.04,1099000.0
553,2023-09-28,4.08,4.08,3.93,3.97,1944500.0
554,2023-09-29,3.97,4.14,3.97,4.13,228500.0
555,2023-10-03,4.13,4.13,3.94,4.04,398500.0
556,2023-10-04,3.99,3.99,3.89,3.92,351000.0
557,2023-10-05,3.96,4.05,3.91,3.96,340500.0
558,2023-10-06,4.02,4.05,3.97,4.04,178000.0
559,2023-10-09,3.94,4.0,3.73,3.93,1040000.0
560,2023-10-10,3.99,4.06,3.87,3.87,2151000.0
561,2023-10-11,3.91,3.96,3.8,3.92,4067000.0
562,2023-10-12,3.95,4.12,3.95,4.07,3668000.0
563,2023-10-13,4.03,4.06,3.95,4.01,2235500.0
564,2023-10-16,4.01,4.01,3.81,3.82,2461500.0
565,2023-10-17,3.82,3.91,3.82,3.87,1396500.0
566,2023-10-18,3.85,3.86,3.75,3.77,2375000.0
567,2023-10-19,3.7,3.8,3.68,3.69,3820500.0
568,2023-10-20,3.68,3.73,3.62,3.69,1745000.0
569,2023-10-24,3.67,3.68,3.57,3.63,2675000.0
570,2023-10-25,3.66,3.76,3.56,3.6,3760500.0
571,2023-10-26,3.61,3.61,3.5,3.58,2252000.0
572,2023-10-27,3.54,3.75,3.52,3.74,2203500.0
573,2023-10-30,3.74,4.0,3.74,3.96,3630500.0
574,2023-10-31,3.99,4.0,3.86,3.89,1690500.0
575,2023-11-01,3.92,4.0,3.85,3.89,1994000.0
576,2023-11-02,3.91,3.97,3.87,3.9,735500.0
577,2023-11-03,3.88,4.09,3.88,4.03,2023500.0
578,2023-11-06,4.06,4.22,4.06,4.18,3187659.0
579,2023-11-07,4.18,4.18,4.07,4.09,1136500.0
580,2023-11-08,4.06,4.21,4.06,4.11,1153800.0
581,2023-11-09,4.15,4.17,4.01,4.05,1131500.0
582,2023-11-10,4.02,4.02,3.86,3.91,1499500.0
583,2023-11-13,3.9,4.1,3.86,3.96,2388500.0
584,2023-11-14,3.89,4.04,3.89,3.98,1093000.0
585,2023-11-15,4.05,4.08,3.86,3.91,2511500.0
586,2023-11-16,3.9,3.93,3.73,3.77,3815502.0
587,2023-11-17,3.77,3.79,3.66,3.68,3475500.0
588,2023-11-20,3.72,3.87,3.7,3.78,2472337.0
589,2023-11-21,3.79,3.88,3.73,3.73,4198435.0
590,2023-11-22,3.78,3.78,3.65,3.69,3163000.0
591,2023-11-23,3.7,3.85,3.68,3.81,4557774.0
592,2023-11-24,3.81,3.83,3.67,3.67,4415000.0
593,2023-11-27,3.68,3.72,3.57,3.62,3430251.0
594,2023-11-28,3.58,3.61,3.53,3.56,1911500.0
595,2023-11-29,3.53,3.54,3.44,3.49,2696500.0
596,2023-11-30,3.55,3.55,3.46,3.48,1401000.0
597,2023-12-01,3.47,3.55,3.42,3.43,2664500.0
598,2023-12-04,3.45,3.47,3.33,3.35,2969500.0
599,2023-12-05,3.36,3.38,3.16,3.26,8288001.0
600,2023-12-06,3.27,3.34,3.25,3.32,2649000.0
601,2023-12-07,3.22,3.36,3.22,3.36,1101500.0
602,2023-12-08,3.42,3.42,3.25,3.3,2891500.0
603,2023-12-11,3.3,3.3,3.12,3.18,6112500.0
604,2023-12-12,3.18,3.21,3.03,3.19,6327500.0
605,2023-12-13,3.12,3.13,3.03,3.04,3586500.0
606,2023-12-14,3.08,3.14,3.0,3.06,6481000.0
607,2023-12-15,3.02,3.15,3.02,3.1,4378500.0
608,2023-12-18,3.08,3.1,2.97,3.0,5295000.0
609,2023-12-19,3.0,3.0,2.92,2.95,2126000.0
610,2023-12-20,2.95,3.0,2.93,2.95,1402000.0
611,2023-12-21,2.95,3.03,2.91,3.0,1788000.0
612,2023-12-22,3.0,3.06,2.9,2.9,1916000.0
613,2023-12-27,2.9,3.0,2.88,2.96,3093000.0
614,2023-12-28,2.97,3.18,2.97,3.17,3536280.0
615,2023-12-29,3.17,3.24,3.14,3.17,2186000.0
616,2024-01-02,3.17,3.25,3.09,3.1,1170500.0
617,2024-01-03,3.1,3.16,3.06,3.13,1521000.0
618,2024-01-04,3.15,3.22,3.07,3.19,1865500.0
619,2024-01-05,3.19,3.32,3.16,3.28,3929400.0
620,2024-01-08,3.31,3.31,3.15,3.25,3699500.0
621,2024-01-09,3.22,3.4,3.22,3.33,7404500.0
622,2024-01-10,3.28,3.42,3.28,3.4,2532500.0
623,2024-01-11,3.43,3.44,3.32,3.33,3325500.0
624,2024-01-12,3.33,3.33,3.2,3.22,1898000.0
625,2024-01-15,3.22,3.26,3.13,3.2,3951500.0
626,2024-01-16,3.2,3.28,3.08,3.24,8107500.0
627,2024-01-17,3.23,3.23,3.07,3.11,15554500.0
628,2024-01-18,3.1,3.12,2.85,3.0,6159500.0
629,2024-01-19,3.0,3.02,2.88,2.97,4037000.0
630,2024-01-22,3.0,3.0,2.64,2.79,64035500.0
631,2024-01-23,2.8,2.97,2.65,2.97,19457500.0
632,2024-01-24,2.97,3.11,2.87,3.03,18140450.0
633,2024-01-25,3.03,3.04,2.91,2.99,3246500.0
634,2024-01-26,2.98,3.02,2.84,2.89,2960500.0
635,2024-01-29,2.92,2.95,2.83,2.84,1469500.0
636,2024-01-30,2.85,2.85,2.6,2.6,41838500.0
637,2024-01-31,2.61,2.62,2.48,2.52,4409500.0
638,2024-02-01,2.51,2.77,2.45,2.58,44926100.0
639,2024-02-02,2.58,2.73,2.53,2.54,13244500.0
640,2024-02-05,2.53,2.54,2.43,2.44,2901000.0
641,2024-02-06,2.44,2.7,2.4,2.67,7273400.0
642,2024-02-07,2.74,2.78,2.63,2.65,3373500.0
643,2024-02-08,2.65,2.82,2.64,2.75,4260000.0
644,2024-02-09,2.75,2.75,2.65,2.7,243500.0
645,2024-02-14,2.62,2.75,2.6,2.75,834000.0
646,2024-02-15,2.75,2.79,2.69,2.73,930000.0
647,2024-02-16,2.73,2.95,2.68,2.92,1869500.0
648,2024-02-19,2.92,2.92,2.82,2.83,1177000.0
