,date,open,high,low,close,volume
0,2017-06-13,8.3333,9.5667,8.3333,9.4167,143609085.0
1,2017-06-14,9.2167,9.8667,9.1667,9.5,15447363.0
2,2017-06-15,9.45,9.6167,9.1667,9.4167,7885988.0
3,2017-06-16,9.4167,9.5333,8.8333,9.2833,11730500.0
4,2017-06-19,9.2667,9.4,8.9333,9.3,6637000.0
5,2017-06-20,9.3,9.3333,8.95,8.9833,2911000.0
6,2017-06-21,8.9833,8.9833,8.6333,8.7,3152000.0
7,2017-06-22,8.8167,9.3833,8.7667,9.2,3886500.0
8,2017-06-23,9.2,9.45,9.2,9.3167,2047000.0
9,2017-06-26,9.3333,9.5,9.2667,9.4167,1623500.0
10,2017-06-27,9.3333,9.5167,9.0667,9.1333,2712000.0
11,2017-06-28,9.1833,9.3,9.05,9.1,1658500.0
12,2017-06-29,9.1,9.4,9.1,9.3667,2415000.0
13,2017-06-30,9.3333,10.2167,9.2667,9.7833,3271000.0
14,2017-07-03,9.95,10.0833,9.7667,9.9667,2936000.0
15,2017-07-04,9.9667,9.9833,9.7,9.9,1471661.0
16,2017-07-05,9.8333,10.1,9.8,10.0833,2278000.0
17,2017-07-06,10.1333,10.75,10.0,10.7,3890839.0
18,2017-07-07,10.7,11.6,10.6,11.1,6516000.0
19,2017-07-10,11.0,11.2167,9.8333,9.9667,4134500.0
20,2017-07-11,10.0,10.65,10.0,10.2833,2695000.0
21,2017-07-12,10.3333,10.9167,10.3167,10.45,1338500.0
22,2017-07-13,10.6,10.8,10.2667,10.7333,1969000.0
23,2017-07-14,10.8,11.0667,10.5833,10.7333,1111000.0
24,2017-07-17,11.0333,12.3333,11.0333,11.7667,6525500.0
25,2017-07-18,11.9833,12.2833,11.6167,11.9833,2736000.0
26,2017-07-19,12.0,12.4,11.4,12.3333,2445500.0
27,2017-07-20,12.35,12.8333,12.2667,12.7333,1743500.0
28,2017-07-21,12.8333,12.9,12.4,12.4667,597500.0
29,2017-07-24,12.6333,12.6333,11.9667,12.0333,1310800.0
30,2017-07-25,12.05,12.2833,11.9,12.0333,468500.0
31,2017-07-26,12.1833,12.2,11.35,11.5667,2176500.0
32,2017-07-27,11.65,11.8167,11.6167,11.7333,1002000.0
33,2017-07-28,11.6667,11.7667,11.3333,11.4667,2479000.0
34,2017-07-31,11.4667,11.6667,11.1667,11.6667,1257500.0
35,2017-08-01,11.6667,11.8333,11.4,11.5,319250.0
36,2017-08-02,11.5,11.65,11.1,11.2833,888000.0
37,2017-08-03,11.2833,11.2833,10.8,10.9167,729000.0
38,2017-08-04,10.9167,11.25,10.6667,11.0167,1369500.0
39,2017-08-07,11.0333,11.1667,10.8167,10.9667,435500.0
40,2017-08-08,10.95,11.45,10.7167,11.25,1614800.0
41,2017-08-09,11.2667,11.4333,11.1167,11.2667,973500.0
42,2017-08-10,11.2667,11.2667,10.8,10.95,679000.0
43,2017-08-11,10.75,10.75,10.4,10.4833,1323000.0
44,2017-08-14,10.4833,10.8833,10.4833,10.7,599000.0
45,2017-08-15,10.8167,11.0,10.7333,10.9,380000.0
46,2017-08-16,10.9667,11.2333,10.8333,11.1,734500.0
47,2017-08-17,11.2833,12.1667,11.2333,12.15,3908000.0
48,2017-08-18,12.0667,12.1667,11.7667,11.9667,1532000.0
49,2017-08-21,12.15,12.6667,11.7333,11.8333,2163000.0
50,2017-08-22,11.6667,12.45,11.3333,12.4167,2016000.0
51,2017-08-24,12.35,13.3333,12.35,13.25,3721700.0
52,2017-08-25,13.2333,13.3333,12.8333,13.1333,670300.0
53,2017-08-28,13.15,13.2,12.4,12.5833,1906500.0
54,2017-08-29,12.5833,13.0667,12.4,12.8333,560500.0
55,2017-08-30,12.8333,13.1667,12.7167,13.15,935500.0
56,2017-08-31,13.3,13.9667,12.6667,12.8667,3243000.0
57,2017-09-01,13.0,13.2667,12.5,12.5667,2282000.0
58,2017-09-04,12.5667,12.7,12.0,12.3333,2620500.0
59,2017-09-05,12.4667,12.5,12.1667,12.1667,729000.0
60,2017-09-06,12.1,12.4333,11.9,12.1333,989500.0
61,2017-09-07,12.3333,12.5,12.1333,12.1833,772000.0
62,2017-09-08,12.2167,12.3333,12.0167,12.2667,488000.0
63,2017-09-11,12.3333,12.85,12.0333,12.1833,1857000.0
64,2017-09-12,12.3333,12.3667,12.0333,12.2,807500.0
65,2017-09-13,12.2,12.6167,12.0833,12.45,773000.0
66,2017-09-14,12.45,12.55,12.2833,12.3,412000.0
67,2017-09-15,12.2667,12.55,12.2333,12.55,1065100.0
68,2017-09-18,12.55,12.7167,12.4333,12.5667,1552500.0
69,2017-09-19,12.6,13.1,12.5667,12.9667,2068000.0
70,2017-09-20,13.3167,13.8,13.1667,13.55,3463042.0
71,2017-09-21,13.55,13.7333,13.0667,13.1667,1750500.0
72,2017-09-22,13.1333,13.1667,12.75,13.0,1339500.0
73,2017-09-25,13.0,13.0,12.2667,12.5,1458500.0
74,2017-09-26,12.5,12.7667,12.3333,12.6333,888000.0
75,2017-09-27,12.6333,13.0833,12.6333,13.0,784000.0
76,2017-09-28,13.0167,13.0167,12.7333,12.9667,288500.0
77,2017-09-29,13.0,13.2,13.0,13.15,460500.0
78,2017-10-03,13.2,13.3333,13.0167,13.0667,384000.0
79,2017-10-04,13.0333,13.0667,12.7667,13.0667,220000.0
80,2017-10-06,12.8667,13.2,12.8333,13.1333,334400.0
81,2017-10-09,12.9667,13.2,12.8833,13.1667,419500.0
82,2017-10-10,13.2667,13.2667,12.9,13.0,570800.0
83,2017-10-11,12.9833,13.1,12.8833,13.0167,285500.0
84,2017-10-12,13.0167,13.0167,12.8333,12.8667,408500.0
85,2017-10-13,12.8167,13.0333,12.7167,13.0167,492000.0
86,2017-10-16,12.9667,13.3833,12.9167,13.2333,609000.0
87,2017-10-17,13.1333,13.2667,13.0,13.2333,673000.0
88,2017-10-18,13.2333,13.5,13.1,13.5,999000.0
89,2017-10-19,13.5667,13.7167,13.1,13.25,1155000.0
90,2017-10-20,13.45,13.5667,13.3333,13.4667,461500.0
91,2017-10-23,13.4,13.6667,13.3,13.5167,334500.0
92,2017-10-24,13.4167,14.2333,13.4,14.2333,1254000.0
93,2017-10-25,14.1667,16.4167,14.1667,16.1,4407300.0
94,2017-10-26,16.0,16.0,14.85,15.1667,3482400.0
95,2017-10-27,15.1667,15.45,14.15,14.3667,1977700.0
96,2017-10-30,14.2667,14.8167,13.7667,14.2333,1681500.0
97,2017-10-31,14.0333,14.8667,14.0333,14.7333,1584000.0
98,2017-11-01,14.7333,15.1833,14.5,14.9333,1054000.0
99,2017-11-02,15.1833,15.1833,14.6667,14.6667,1043854.0
100,2017-11-03,14.7333,14.8667,14.4,14.6833,444000.0
101,2017-11-06,14.6667,14.7,14.1667,14.5833,1842000.0
102,2017-11-07,14.4167,14.7167,14.1667,14.55,1264500.0
103,2017-11-08,14.4333,15.0833,14.1667,14.2333,1577595.0
104,2017-11-09,14.2333,14.5667,14.1833,14.4667,956854.0
105,2017-11-10,14.45,15.1667,14.45,15.0833,1264500.0
106,2017-11-13,15.1167,15.6333,14.7,14.8333,941000.0
107,2017-11-14,14.85,14.85,14.4,14.4,1096500.0
108,2017-11-15,14.3667,14.6667,14.2667,14.5667,933050.0
109,2017-11-16,14.6833,14.7333,14.3,14.4333,691500.0
110,2017-11-17,14.6667,14.9833,14.5,14.6333,871000.0
111,2017-11-20,14.6,14.8667,14.35,14.6833,338000.0
112,2017-11-21,14.5,15.4,14.45,15.0833,974000.0
113,2017-11-22,15.2667,15.3333,14.8167,15.1333,685000.0
114,2017-11-23,14.8333,15.0,14.65,14.6833,505500.0
115,2017-11-24,15.0,15.0,14.5333,14.65,446000.0
116,2017-11-27,14.7833,14.9167,14.4833,14.6833,476500.0
117,2017-11-28,15.3333,15.3333,14.6833,15.3167,1106500.0
118,2017-11-29,15.45,16.3,15.45,15.9833,1790000.0
119,2017-11-30,16.0667,16.0667,15.3167,15.4833,1256715.0
120,2017-12-01,15.6667,15.9667,15.4,15.6667,1836307.0
121,2017-12-04,15.6833,15.8833,15.3333,15.4333,1491095.0
122,2017-12-05,15.4333,15.8333,15.1833,15.2667,728000.0
123,2017-12-06,15.4,15.4,14.0667,14.2333,3348000.0
124,2017-12-07,14.5,14.5,13.3333,13.7,1956330.0
125,2017-12-08,13.8167,14.4333,13.75,14.3333,1105721.0
126,2017-12-11,14.4,15.1,14.3,14.75,1985000.0
127,2017-12-12,14.9167,15.0833,14.7,14.9167,1712000.0
128,2017-12-13,15.0,15.0,13.8667,13.8667,2803500.0
129,2017-12-14,13.7667,14.2833,13.5167,14.25,144839020.0
130,2017-12-15,14.3333,14.3833,13.7833,14.0,11181693.0
131,2017-12-18,14.0,14.0,13.5,13.6667,7907893.0
132,2017-12-19,13.6833,14.0833,13.6833,14.0833,6594745.0
133,2017-12-20,14.2667,14.2667,13.9667,13.9667,1741602.0
134,2017-12-21,14.0833,14.5,14.0667,14.35,3765200.0
135,2017-12-22,14.5667,14.8333,14.3167,14.4167,2277091.0
136,2017-12-27,14.4333,14.5167,14.25,14.45,1625256.0
137,2017-12-28,14.5333,14.5333,14.0167,14.5,1433000.0
138,2017-12-29,14.4667,14.6333,14.3333,14.5667,1359500.0
139,2018-01-02,14.5667,15.0167,14.55,14.7,1267500.0
140,2018-01-03,14.6667,15.0333,14.4667,14.8167,1681500.0
141,2018-01-04,15.0833,16.1667,15.0833,16.0,5135800.0
142,2018-01-05,16.1,17.1833,15.85,16.8,5693991.0
143,2018-01-08,16.8333,16.8333,16.0,16.4167,2689851.0
144,2018-01-09,16.5,17.0,16.25,16.8833,3112785.0
145,2018-01-10,16.95,17.8,16.9,17.7167,5587934.0
146,2018-01-11,17.7333,17.7333,16.6667,17.1333,2511704.0
147,2018-01-12,17.3333,17.9833,17.3333,17.7833,2351469.0
148,2018-01-15,17.9333,18.6,17.6667,18.3333,4332569.0
149,2018-01-16,18.3333,18.3333,17.8667,18.15,1552872.0
150,2018-01-17,18.0,18.0,17.1333,17.4,3016333.0
151,2018-01-18,17.65,17.8833,16.6667,16.9167,3494704.0
152,2018-01-19,17.0,17.3167,16.6667,17.0167,1642074.0
153,2018-01-22,17.15,17.6333,16.9167,17.5833,1980065.0
154,2018-01-23,18.0,18.3333,17.35,17.5833,3509810.0
155,2018-01-24,17.65,17.6667,17.2333,17.5667,2483956.0
156,2018-01-25,17.6333,17.7667,17.0333,17.25,2559020.0
157,2018-01-26,17.3333,17.9667,17.3333,17.9667,2121808.0
158,2018-01-29,18.0,19.0,17.5,18.9333,4792544.0
159,2018-01-30,18.8333,18.8333,17.5333,17.75,3841058.0
160,2018-01-31,17.4667,17.9667,17.1167,17.95,1565454.0
161,2018-02-01,18.0,18.5833,17.6667,17.75,1531053.0
162,2018-02-02,17.8,18.4333,17.5333,18.1167,1222004.0
163,2018-02-05,17.05,17.3333,16.8667,17.1167,3539261.0
164,2018-02-06,16.6667,16.6667,15.2667,16.0667,6306724.0
165,2018-02-07,16.4,16.9,15.6667,15.95,3148588.0
166,2018-02-08,15.95,16.1833,15.85,15.95,1328725.0
167,2018-02-09,15.2,16.3667,15.1333,16.3167,3854336.0
168,2018-02-12,16.5333,16.5333,16.0,16.3,1534654.0
169,2018-02-13,16.65,16.9167,16.5333,16.6667,1782086.0
170,2018-02-14,16.7333,16.7333,16.1,16.6833,1104978.0
171,2018-02-15,16.7833,17.0,16.7,16.8,403180.0
172,2018-02-20,16.8167,17.2667,16.7167,17.1167,1013719.0
173,2018-02-21,16.8167,16.9667,16.5,16.9667,1527190.0
174,2018-02-22,17.0,17.0833,16.6333,16.7,945195.0
175,2018-02-23,16.9667,17.2167,16.7333,17.2167,1044385.0
176,2018-02-26,17.4,18.1667,17.4,18.0,2100120.0
177,2018-02-27,18.1667,18.2667,17.5,17.5333,1923990.0
178,2018-02-28,17.3333,18.2,17.05,18.1667,1462600.0
179,2018-03-01,18.3167,18.3167,17.7,17.8667,1001500.0
180,2018-03-02,17.65,18.3333,17.5,18.1,1280309.0
181,2018-03-05,18.3333,19.8333,18.3333,19.5,7371565.0
182,2018-03-06,20.0,20.2667,18.8167,19.5833,3963969.0
183,2018-03-07,19.65,22.1667,19.65,20.6333,6104983.0
184,2018-03-08,20.9333,22.8,20.9333,21.6833,10316425.0
185,2018-03-09,22.5,22.6167,21.0,21.35,4604784.0
186,2018-03-12,21.6667,22.2333,21.5333,21.9167,2124436.0
187,2018-03-13,21.9167,22.0667,21.2667,21.3833,2206064.0
188,2018-03-14,21.1,22.4,20.7833,22.2167,2137472.0
189,2018-03-15,22.2,24.1667,21.6833,23.6667,4873128.0
190,2018-03-16,23.4167,23.6,22.8333,23.3333,3656312.0
191,2018-03-19,23.5333,24.5,23.0167,23.7333,4283877.0
192,2018-03-20,23.5,27.2667,23.2833,25.2333,9701403.0
193,2018-03-21,26.2333,27.3,25.0167,25.0167,8923629.0
194,2018-03-22,24.2,25.0833,24.1667,24.3,27271863.0
195,2018-03-23,23.3667,23.8333,22.5167,23.6333,13150701.0
196,2018-03-26,23.7333,24.9167,23.3,24.6667,13407744.0
197,2018-03-27,25.3333,27.2833,25.0,26.8667,11782415.0
198,2018-03-28,26.35,26.9667,25.0,25.0,6507442.0
199,2018-03-29,25.45,25.9667,24.8833,25.15,4631322.0
200,2018-04-03,24.7167,26.2,24.6667,26.0667,5175642.0
201,2018-04-04,26.4667,28.3333,26.3333,27.7,8397228.0
202,2018-04-06,27.3667,27.6,26.2667,27.0333,7239206.0
203,2018-04-09,27.1667,27.9667,26.6,27.7667,4819960.0
204,2018-04-10,27.9167,28.2167,26.9333,27.6667,3597442.0
205,2018-04-11,28.2667,28.8333,27.9667,28.3667,5939576.0
206,2018-04-12,28.65,28.6667,27.05,27.3667,3189139.0
207,2018-04-13,27.55,27.9167,26.2833,26.3667,4166380.0
208,2018-04-16,26.3167,26.8667,25.9833,26.2,3795930.0
209,2018-04-17,26.2,26.5833,24.1,24.6667,5733890.0
210,2018-04-18,24.95,25.1333,22.6667,24.4333,9278547.0
211,2018-04-19,24.8167,25.7,24.6333,25.4,5842654.0
212,2018-04-20,25.5,25.9,25.0167,25.5,3037548.0
213,2018-04-23,25.6167,25.8667,23.4833,23.9,5609570.0
214,2018-04-24,24.4333,24.45,23.6667,24.1333,5270125.0
215,2018-04-25,24.0333,25.4167,23.8,25.15,6889100.0
216,2018-04-26,25.3667,25.3667,23.8833,24.2667,3292573.0
217,2018-04-27,24.6,24.75,24.0333,24.1333,2160762.0
218,2018-04-30,24.3,24.8667,23.7833,23.9167,2523025.0
219,2018-05-02,24.3333,24.3667,23.7,23.85,3081000.0
220,2018-05-03,23.8333,24.1667,23.1667,23.4667,3369077.0
221,2018-05-04,23.3167,23.55,23.1,23.3333,2640589.0
222,2018-05-07,23.55,24.3333,23.1667,23.5,3827714.0
223,2018-05-08,23.8167,25.2333,23.8167,25.0833,6179479.0
224,2018-05-09,25.2667,25.7667,24.6333,25.3833,4777933.0
225,2018-05-10,25.6667,25.7,24.85,25.2667,3449787.0
226,2018-05-11,25.5,26.2,25.0833,25.6333,4614318.0
227,2018-05-14,26.0,26.45,25.2,26.4,3478427.0
228,2018-05-15,26.8333,27.45,26.5667,27.2167,5618522.0
229,2018-05-16,26.95,27.9333,26.9167,27.7667,4461935.0
230,2018-05-17,28.7333,28.7333,27.0667,27.4667,4319398.0
231,2018-05-18,27.3333,27.4667,26.3667,26.6667,4755696.0
232,2018-05-21,27.0333,27.0333,25.85,25.95,4215237.0
233,2018-05-23,26.2,26.7,26.1833,26.4167,3978306.0
234,2018-05-24,26.6667,27.05,26.1833,26.7,2985241.0
235,2018-05-25,26.9,28.2333,26.8333,27.5833,8584823.0
236,2018-05-28,27.9167,29.7,27.9,28.3167,9239446.0
237,2018-05-29,28.3167,29.4667,27.7333,27.9833,7165263.0
238,2018-05-30,27.3333,29.1,26.6,29.0,7643280.0
239,2018-05-31,29.3667,29.7167,28.5667,29.3167,42311814.0
240,2018-06-01,29.0,30.4,29.0,30.2167,6605324.0
241,2018-06-04,30.6667,32.2,30.55,31.85,10930263.0
242,2018-06-05,32.1667,32.1667,30.3333,31.75,7446582.0
243,2018-06-06,32.0333,32.1333,31.5167,31.7333,4564747.0
244,2018-06-07,32.3,32.8333,31.45,31.7,6346761.0
245,2018-06-08,32.3333,32.4,31.5333,31.9,6189945.0
246,2018-06-11,32.3333,32.8,30.2667,30.65,8726163.0
247,2018-06-12,32.0,32.0,30.3667,31.0833,4249039.0
248,2018-06-13,31.2667,31.3,29.3167,29.5,5217280.0
249,2018-06-14,29.8,29.85,28.3667,28.8,6035300.0
250,2018-06-15,29.1,30.1333,28.7,29.3,7758746.0
251,2018-06-19,28.8167,29.8333,28.1667,28.1833,8148138.0
252,2018-06-20,27.0333,28.4667,27.0333,28.1667,67376854.0
253,2018-06-21,28.35,29.3333,28.2833,28.9,10063069.0
254,2018-06-22,29.1333,30.1667,28.8333,29.9167,6914817.0
255,2018-06-25,30.0,30.1333,28.4333,28.9333,6787175.0
256,2018-06-26,28.6167,29.7333,28.4667,28.8833,4888120.0
257,2018-06-27,29.15,29.8167,28.6167,28.6333,4626750.0
258,2018-06-28,28.55,28.8333,27.6333,27.75,6138148.0
259,2018-06-29,28.15,29.2667,27.9667,29.1167,5861561.0
260,2018-07-03,29.6667,29.6667,26.75,27.6667,6247751.0
261,2018-07-04,27.6667,27.6667,26.0333,26.2333,4425758.0
262,2018-07-05,26.4333,26.4667,24.4667,24.8333,10281465.0
263,2018-07-06,24.8333,26.0,24.05,25.8833,7964470.0
264,2018-07-09,26.3167,27.1167,26.0167,26.9167,4810400.0
265,2018-07-10,27.4,27.4167,25.2667,25.35,4602950.0
266,2018-07-11,24.15,26.0667,24.15,25.4833,2545474.0
267,2018-07-12,25.3333,26.95,25.3333,26.6333,3936031.0
268,2018-07-13,27.1667,27.4833,26.4833,27.4833,2623350.0
269,2018-07-16,27.9667,27.9833,26.7667,27.45,1892148.0
270,2018-07-17,27.6,27.65,26.05,26.15,2270114.0
271,2018-07-18,26.3167,26.8,26.0833,26.3667,1768097.0
272,2018-07-19,26.6333,26.7333,25.6667,25.9167,1486650.0
273,2018-07-20,25.9333,26.1333,25.0,26.1333,2862499.0
274,2018-07-23,27.0,27.6667,26.2167,26.7167,6569283.0
275,2018-07-24,26.8667,27.25,25.8,25.9833,3006035.0
276,2018-07-25,26.15,27.0167,25.9167,26.75,2245783.0
277,2018-07-26,27.05,27.35,26.7667,27.0833,1705025.0
278,2018-07-27,27.3833,28.6333,26.3667,28.4833,3642190.0
279,2018-07-30,28.5,28.6333,27.7833,28.1833,3101151.0
280,2018-07-31,28.3167,28.3167,26.1,26.6,3834812.0
281,2018-08-01,27.0,27.3,26.0333,26.3667,3047416.0
282,2018-08-02,26.6167,26.6167,25.0,25.5667,4834136.0
283,2018-08-03,25.35,25.5667,24.3167,24.5667,5681668.0
284,2018-08-06,24.7833,25.2667,23.75,24.35,5419541.0
285,2018-08-07,24.3333,25.1833,24.1,25.0,4211256.0
286,2018-08-08,25.2333,25.65,24.7333,25.1333,2427303.0
287,2018-08-09,24.6833,25.7667,24.6833,25.25,2197102.0
288,2018-08-10,25.4833,26.2667,25.4333,25.5667,2265748.0
289,2018-08-13,25.3167,26.5333,25.1667,26.3333,2140996.0
290,2018-08-14,26.2167,26.65,25.5,26.3833,2671755.0
291,2018-08-15,26.3833,26.3833,24.4333,24.7,8540803.0
292,2018-08-16,24.6667,24.6667,22.6667,22.8167,9632028.0
293,2018-08-17,23.1667,23.2833,20.0667,20.8333,12324550.0
294,2018-08-20,21.4667,21.95,20.7,21.55,7947034.0
295,2018-08-21,22.1667,23.95,21.9,23.5,9050882.0
296,2018-08-22,23.6667,25.5333,23.6667,24.1667,5519920.0
297,2018-08-23,24.9333,26.0,24.35,25.4833,4927395.0
298,2018-08-24,25.5167,26.25,25.0333,25.4333,3915627.0
299,2018-08-27,25.5833,27.25,25.5833,27.0667,5554520.0
300,2018-08-28,27.3333,28.1667,26.4667,26.7833,2533322.0
301,2018-08-29,26.6833,26.9667,26.0833,26.6833,1788400.0
302,2018-08-30,27.0,27.0,25.8,26.2167,2425737.0
303,2018-08-31,25.35,26.5,24.8667,25.8333,4164994.0
304,2018-09-03,25.8167,26.3167,25.2,26.0,1578397.0
305,2018-09-04,26.0333,26.25,25.4167,25.8333,1569240.0
306,2018-09-05,25.75,26.8333,25.55,25.7,3178748.0
307,2018-09-06,25.5833,26.1667,24.4333,24.6833,2817245.0
308,2018-09-07,25.1667,25.3667,24.5667,24.8333,1886245.0
309,2018-09-10,24.4667,24.65,23.5,24.3167,2464686.0
310,2018-09-11,24.1667,24.2833,23.05,23.35,4741188.0
311,2018-09-12,23.35,23.5,21.8333,22.1833,8581217.0
312,2018-09-13,22.9833,23.9833,22.5,23.3,7111034.0
313,2018-09-14,23.8833,23.8833,23.15,23.6667,3849383.0
314,2018-09-17,23.4167,23.9,23.0,23.7167,1914522.0
315,2018-09-18,23.6833,24.0,23.1333,23.8333,2651792.0
316,2018-09-19,23.9,25.4333,23.8,25.15,4163140.0
317,2018-09-20,25.2333,25.7667,25.0,25.45,2064698.0
318,2018-09-21,25.6167,26.25,25.5667,26.1,3970317.0
319,2018-09-24,26.3333,26.3333,25.3333,26.0167,2897500.0
320,2018-09-26,25.9333,26.0,25.3333,25.8,3156000.0
321,2018-09-27,26.1,27.0,26.05,26.45,3505791.0
322,2018-09-28,26.5167,26.65,26.15,26.3833,2256315.0
323,2018-10-02,27.0,27.0,26.0,26.3,3116781.0
324,2018-10-03,26.5833,26.5833,25.0667,25.4833,3313889.0
325,2018-10-04,25.45,25.95,25.0,25.8667,1931164.0
326,2018-10-05,25.4167,25.6,23.7667,24.2667,5364698.0
327,2018-10-08,24.5,25.15,22.8333,22.8667,5141642.0
328,2018-10-09,23.0167,23.5167,22.65,23.1667,2209407.0
329,2018-10-10,23.3333,23.4,22.4333,22.65,3889559.0
330,2018-10-11,21.3333,21.3667,19.7833,20.8,10060602.0
331,2018-10-12,20.75,21.7833,20.3167,21.6667,12058183.0
332,2018-10-15,21.4833,22.6333,21.0167,21.6667,3849790.0
333,2018-10-16,21.9,21.95,21.0,21.3167,5288520.0
334,2018-10-18,21.3167,21.5333,20.6667,21.0,3444789.0
335,2018-10-19,20.5,21.5667,20.0667,21.2333,3503859.0
336,2018-10-22,21.2333,23.2667,21.2333,22.4667,4408108.0
337,2018-10-23,22.6667,22.6667,20.9333,21.0,4999339.0
338,2018-10-24,21.3167,21.65,20.9,20.9,3009695.0
339,2018-10-25,20.3333,20.7833,19.7333,20.0667,6761293.0
340,2018-10-26,20.1667,20.6167,18.4333,18.6333,8464631.0
341,2018-10-29,19.2167,19.2167,17.5333,17.6667,7528915.0
342,2018-10-30,17.2167,18.9,17.0333,18.15,7890135.0
343,2018-10-31,18.3333,18.9667,18.0,18.6167,4440038.0
344,2018-11-01,18.9,20.0667,18.8667,19.1333,9335782.0
345,2018-11-02,20.0,21.4167,20.0,21.3667,14136712.0
346,2018-11-05,20.6333,21.3333,20.35,20.6833,5513642.0
347,2018-11-06,21.1667,21.1667,20.3333,20.9333,2835536.0
348,2018-11-07,21.0,21.8,20.6667,21.6667,10531363.0
349,2018-11-08,22.3167,22.6,21.5167,21.7667,3059415.0
350,2018-11-09,21.5,21.5667,20.7,21.1833,5243500.0
351,2018-11-12,21.1,21.2667,20.1333,20.6667,3104600.0
352,2018-11-13,19.9167,21.1,19.3667,21.0167,6127247.0
353,2018-11-14,21.0333,21.7333,20.7667,21.0833,5601656.0
354,2018-11-15,21.3333,21.9667,20.8333,21.8,3099149.0
355,2018-11-16,22.2333,22.2333,21.3333,21.9333,3511097.0
356,2018-11-19,21.5,22.7667,21.5,22.5667,4451512.0
357,2018-11-20,22.0667,22.0833,21.2,21.85,2724643.0
358,2018-11-21,21.55,22.1667,21.1333,21.9333,1588885.0
359,2018-11-22,21.9667,22.5667,21.5833,21.7167,1572799.0
360,2018-11-23,21.5833,21.9833,20.2167,20.6,4441216.0
361,2018-11-26,20.4667,20.5,19.6833,19.9333,5577500.0
362,2018-11-27,20.05,20.2667,19.55,19.9833,7049202.0
363,2018-11-28,20.0,21.1667,19.9167,20.7167,4693627.0
364,2018-11-29,21.2667,21.7333,20.6667,21.3833,4937683.0
365,2018-11-30,21.9333,22.3,21.5667,21.8667,4827178.0
366,2018-12-03,22.5,22.7167,22.3333,22.5167,5544588.0
367,2018-12-04,22.5167,22.65,22.1,22.5333,2597939.0
368,2018-12-05,22.0,22.2667,21.6667,22.1333,2044525.0
369,2018-12-06,21.8833,22.05,20.7333,20.7833,4642498.0
370,2018-12-07,20.45,20.45,18.4,19.6667,9057768.0
371,2018-12-10,19.6333,19.6333,16.45,16.6333,16541502.0
372,2018-12-11,16.6667,17.6667,16.6667,17.45,9724296.0
373,2018-12-12,17.8333,18.4833,17.8167,18.2,9615022.0
374,2018-12-13,18.6667,18.9667,18.1667,18.9667,3477230.0
375,2018-12-14,19.1667,19.1667,18.5167,18.9833,6294573.0
376,2018-12-17,18.9833,19.1667,18.3,18.8333,2632124.0
377,2018-12-18,18.8333,18.8333,18.2,18.6167,2685637.0
378,2018-12-19,18.5667,18.6667,17.35,17.6667,3536746.0
379,2018-12-20,17.4,17.8667,16.8,16.8167,5342637.0
380,2018-12-21,16.8333,17.1667,16.45,17.0,5205066.0
381,2018-12-24,16.8667,16.9167,16.4667,16.4667,3534814.0
382,2018-12-27,16.75,17.2,16.35,16.5667,4495144.0
383,2018-12-28,16.55,17.2167,16.55,17.2,2814477.0
384,2018-12-31,17.3667,17.4833,16.7167,16.7167,2520224.0
385,2019-01-02,16.8333,17.1167,16.05,16.2333,3363053.0
386,2019-01-03,16.2333,16.2333,15.1333,15.25,5254780.0
387,2019-01-04,14.95,16.55,14.8333,16.4833,3992710.0
388,2019-01-07,17.3833,17.8333,16.7667,16.9833,4939156.0
389,2019-01-08,17.1667,17.5667,16.5833,17.4333,2621133.0
390,2019-01-09,18.3167,18.5667,17.55,18.1667,6940653.0
391,2019-01-10,18.5667,19.55,17.85,19.4,7245088.0
392,2019-01-11,19.8,19.9333,18.8,19.2667,3621472.0
393,2019-01-14,18.6667,19.1833,18.2333,18.95,1834980.0
394,2019-01-15,19.3333,19.3333,18.9333,19.2333,2213473.0
395,2019-01-16,19.0,19.5167,18.9833,19.5167,1922894.0
396,2019-01-17,21.1667,21.1667,19.8833,20.0,6304132.0
397,2019-01-18,20.3833,20.4833,19.9167,20.4833,4943483.0
398,2019-01-21,20.5833,20.8333,20.1167,20.8333,5091628.0
399,2019-01-22,20.4833,20.85,20.05,20.1667,3773500.0
400,2019-01-23,19.9833,20.3333,19.6333,20.2333,1278904.0
401,2019-01-24,20.3333,21.0167,20.2,21.0167,2780450.0
402,2019-01-25,21.3333,21.5333,21.0,21.3333,2679002.0
403,2019-01-28,21.6,21.6667,20.6,20.7,2810500.0
404,2019-01-29,20.3167,21.6833,19.95,21.6833,3355204.0
405,2019-01-30,22.2667,22.2667,21.3333,22.15,3190500.0
406,2019-01-31,22.3333,22.5333,21.9833,22.4833,1902303.0
407,2019-02-01,22.6667,23.0,22.4167,22.6667,2334364.0
408,2019-02-04,23.15,23.15,22.35,22.5167,2231995.0
409,2019-02-08,22.5,23.3167,22.3333,23.0333,4253241.0
410,2019-02-11,23.1667,23.2667,22.7833,23.0,3511014.0
411,2019-02-12,23.4333,24.2667,23.2,23.3333,3802629.0
412,2019-02-13,23.65,23.8333,23.15,23.4,3040039.0
413,2019-02-14,23.6667,23.9,23.3333,23.5667,2492185.0
414,2019-02-15,23.6667,23.8,22.4833,22.95,2868054.0
415,2019-02-18,23.1667,23.3333,22.7167,23.0667,2518375.0
416,2019-02-19,22.9333,23.4667,22.1833,22.3167,3419500.0
417,2019-02-20,23.6667,25.1667,22.8,23.0,7813785.0
418,2019-02-21,23.35,24.4333,22.9833,24.2167,5560531.0
419,2019-02-22,23.95,25.8833,23.95,25.85,7276175.0
420,2019-02-25,26.3,26.6,25.2167,25.3667,6836021.0
421,2019-02-26,26.15,26.1667,24.95,25.2833,3224754.0
422,2019-02-27,25.3,25.3333,24.5833,25.0,2691538.0
423,2019-02-28,24.9,25.0667,24.6333,24.8333,2713286.0
424,2019-03-01,24.6,26.1167,24.6,25.9333,2527008.0
425,2019-03-04,26.0,26.8167,25.3667,26.8167,6378305.0
426,2019-03-05,26.5,26.8,26.3167,26.65,3666225.0
427,2019-03-06,26.8333,26.8333,26.3333,26.6667,2776686.0
428,2019-03-07,26.8167,27.1667,26.2667,26.55,4222642.0
429,2019-03-08,25.9333,26.2667,25.2167,25.5833,2929086.0
430,2019-03-11,25.6667,26.7333,25.6167,26.7167,3455540.0
431,2019-03-12,26.8333,26.9,26.3333,26.4,2672981.0
432,2019-03-13,26.3333,26.7167,26.3,26.6,2669621.0
433,2019-03-14,26.6667,26.8,25.95,26.1833,2284867.0
434,2019-03-15,26.2667,27.1667,26.0833,26.4333,4459893.0
435,2019-03-18,26.7,27.0833,25.3667,27.0,3251136.0
436,2019-03-19,27.8333,28.9833,27.5167,27.7833,10045345.0
437,2019-03-20,27.95,28.6667,26.7,26.95,6714314.0
438,2019-03-21,25.7667,26.6833,25.7667,26.05,70076763.0
439,2019-03-22,25.8333,26.4667,25.7667,26.0,6445896.0
440,2019-03-25,25.3333,25.4833,23.7833,24.65,10099788.0
441,2019-03-26,24.9667,25.0,24.2167,24.4667,3002956.0
442,2019-03-27,24.3333,25.8333,24.2667,25.7,6402176.0
443,2019-03-28,25.65,25.75,25.05,25.2333,1688453.0
444,2019-03-29,25.4833,25.75,25.2667,25.45,2126568.0
445,2019-04-01,25.6667,25.9667,25.2,25.7167,3557164.0
446,2019-04-02,26.6,26.7167,25.7,25.7167,3436908.0
447,2019-04-03,26.0333,26.6167,25.8333,26.4,4045126.0
448,2019-04-04,26.6667,27.2667,26.2,26.5,4973109.0
449,2019-04-08,27.0167,27.3167,26.6333,26.8,4097775.0
450,2019-04-09,27.0,27.6333,26.5167,27.5667,4128597.0
451,2019-04-10,27.5833,27.8333,26.95,27.7333,3509510.0
452,2019-04-11,27.9333,27.9333,26.9333,27.0,2702118.0
453,2019-04-12,27.3,27.3,26.5667,27.2,1962864.0
454,2019-04-15,27.0,27.9333,27.0,27.2667,2417638.0
455,2019-04-16,27.3333,28.15,27.1,27.95,3478822.0
456,2019-04-17,28.0,28.3,27.05,27.8833,3667519.0
457,2019-04-18,27.9667,27.9667,26.5,26.75,5118250.0
458,2019-04-23,26.6667,27.0,26.1667,26.6667,2495516.0
459,2019-04-24,27.1333,27.3333,26.4167,26.5333,2500774.0
460,2019-04-25,26.5,26.7,25.8,26.15,2393001.0
461,2019-04-26,26.2,26.8,26.15,26.3667,1186781.0
462,2019-04-29,25.85,26.5333,25.8333,26.4333,1459620.0
463,2019-04-30,26.4667,26.65,26.05,26.3,1139502.0
464,2019-05-02,26.3,27.3,26.2667,27.1667,2097563.0
465,2019-05-03,27.1667,27.8333,27.0667,27.75,1852649.0
466,2019-05-06,26.8333,26.8333,25.0,26.4333,4926985.0
467,2019-05-07,26.35,27.7167,26.35,27.1667,5702095.0
468,2019-05-08,26.9333,27.25,26.5,26.7,2374800.0
469,2019-05-09,27.1667,27.1667,24.8667,25.05,6481986.0
470,2019-05-10,25.6667,26.6,25.5833,26.35,5725169.0
471,2019-05-14,25.0,25.7,24.5333,24.9,7988167.0
472,2019-05-15,24.9333,25.8667,24.9333,25.5,3242016.0
473,2019-05-16,25.4667,26.2167,25.25,25.6833,2586921.0
474,2019-05-17,26.1,26.3167,24.9333,25.1333,3508813.0
475,2019-05-20,25.0,25.2,23.1167,23.45,8729726.0
476,2019-05-21,23.8333,24.1,22.7833,23.4667,7427200.0
477,2019-05-22,23.7333,24.0,23.15,23.4,6224850.0
478,2019-05-23,23.4833,24.0833,23.3167,23.5,6234556.0
479,2019-05-24,23.8667,24.6167,23.8667,24.3,3691617.0
480,2019-05-27,24.3167,25.7833,24.3167,25.3,6252771.0
481,2019-05-28,25.6167,26.3333,25.4167,26.1167,7582380.0
482,2019-05-29,26.0,26.0833,25.5167,25.7667,2710797.0
483,2019-05-30,26.1,26.1,24.8667,25.1833,2989814.0
484,2019-05-31,25.3333,25.65,24.6667,24.7,3663321.0
485,2019-06-03,25.0333,25.0333,24.3833,24.55,2615588.0
486,2019-06-04,24.4667,24.8333,23.2333,23.75,4949343.0
487,2019-06-05,24.35,24.35,23.7,23.9,3096501.0
488,2019-06-06,24.0833,24.5,23.8167,24.15,1782508.0
489,2019-06-10,24.8333,25.05,24.3333,24.7667,2748777.0
490,2019-06-11,24.75,24.9,23.8,24.8,3736420.0
491,2019-06-12,24.6167,24.8167,24.3167,24.7833,1175090.0
492,2019-06-13,24.4167,24.7,24.2,24.7,1862447.0
493,2019-06-14,24.6667,24.6667,24.1833,24.4,2304499.0
494,2019-06-17,24.4167,24.7833,24.2,24.5,1245100.0
495,2019-06-18,24.4167,24.6833,24.2167,24.3167,3967207.0
496,2019-06-19,23.4833,23.9333,23.4167,23.6,72951784.0
497,2019-06-20,23.7667,24.7167,23.65,24.45,13321888.0
498,2019-06-21,24.4333,24.6833,22.7,23.0167,13872940.0
499,2019-06-24,23.0167,23.3,22.8,23.1,9852671.0
500,2019-06-25,23.2,23.2,21.6667,22.1667,9512194.0
501,2019-06-26,22.2167,22.8667,22.2167,22.7,3968822.0
502,2019-06-27,23.0167,23.1667,22.7667,23.1333,2640612.0
503,2019-06-28,23.1667,23.5667,23.1,23.3833,3659702.0
504,2019-07-02,24.4833,25.0667,24.1667,24.9167,6956742.0
505,2019-07-03,24.9833,25.0333,24.1667,24.8,2850944.0
506,2019-07-04,25.0667,25.2833,24.75,24.95,2345718.0
507,2019-07-05,24.8,25.1333,24.6833,24.8833,1729875.0
508,2019-07-08,24.6833,24.7167,24.0333,24.4833,2221101.0
509,2019-07-09,24.4833,24.6,24.1667,24.4667,2504250.0
510,2019-07-10,24.5,24.9167,24.1333,24.5333,2053869.0
511,2019-07-11,24.6667,24.8833,24.3333,24.4667,1304379.0
512,2019-07-12,24.4,24.4167,23.5833,23.9,2786092.0
513,2019-07-15,23.75,24.3333,23.3667,24.3,3560688.0
514,2019-07-16,24.5167,25.1333,24.3333,25.1167,6111089.0
515,2019-07-17,24.7667,25.6,24.7667,25.45,9484532.0
516,2019-07-18,25.55,26.3833,25.3,26.3,5368560.0
517,2019-07-19,26.6667,28.3167,26.4,27.35,7423101.0
518,2019-07-22,27.5,27.6,26.9167,27.2667,2829362.0
519,2019-07-23,27.6167,27.95,26.95,27.3333,2023574.0
520,2019-07-24,27.65,27.8167,27.2667,27.3833,2025026.0
521,2019-07-25,27.4333,27.6833,27.2667,27.5667,2858945.0
522,2019-07-26,27.6333,27.6333,27.1333,27.3333,2186192.0
523,2019-07-29,27.1167,27.9333,27.1167,27.7667,1606448.0
524,2019-07-30,27.8833,28.2,27.65,27.8167,2514442.0
525,2019-07-31,27.7167,28.2667,27.1667,28.1167,1991376.0
526,2019-08-01,27.6833,28.1167,27.6167,27.9,2241795.0
527,2019-08-02,27.5333,27.7333,26.4333,27.05,5398705.0
528,2019-08-05,27.3667,27.3667,26.0167,26.2167,2688089.0
529,2019-08-06,25.8333,26.9833,24.8833,26.5167,5061452.0
530,2019-08-07,26.8667,27.3333,26.15,26.5167,2390577.0
531,2019-08-08,26.5,26.8167,26.2833,26.4667,1490750.0
532,2019-08-09,26.6667,27.1667,26.2667,26.2667,1780727.0
533,2019-08-12,26.6667,26.9,25.3333,26.6333,1345186.0
534,2019-08-13,26.7,27.1667,26.2,26.4667,4359352.0
535,2019-08-14,26.6667,27.3333,26.2833,26.9,2343354.0
536,2019-08-15,26.4,26.8167,26.0667,26.3333,1465148.0
537,2019-08-16,26.2667,27.5667,26.0667,26.6333,2266040.0
538,2019-08-19,27.6,27.9667,27.1667,27.4667,2492521.0
539,2019-08-20,27.3333,28.05,27.15,27.6667,7138866.0
540,2019-08-21,27.2,27.65,27.1,27.5,6225786.0
541,2019-08-22,27.2333,27.8833,27.2,27.5833,7067477.0
542,2019-08-23,27.4333,28.3,27.35,28.2667,9573697.0
543,2019-08-26,26.6667,27.4667,26.2667,26.8833,8624573.0
544,2019-08-27,26.8667,27.5167,26.5167,26.8,3600448.0
545,2019-08-28,27.0833,27.0833,26.3333,26.3333,3074140.0
546,2019-08-29,26.2333,27.5667,26.1333,27.5333,3972181.0
547,2019-08-30,27.5333,27.7333,27.2667,27.5333,3436984.0
548,2019-09-02,27.4833,27.9167,27.1,27.65,1930546.0
549,2019-09-03,27.5,27.6667,26.8167,26.9,3668236.0
550,2019-09-04,27.1833,27.3667,26.8667,27.1667,2899696.0
551,2019-09-05,27.0,27.6,27.0,27.45,3724801.0
552,2019-09-06,27.8333,27.8333,27.4833,27.5333,1901832.0
553,2019-09-09,27.6833,27.7333,27.35,27.5333,1718234.0
554,2019-09-10,27.55,27.55,26.9333,27.0833,3260265.0
555,2019-09-11,27.0833,27.0833,25.9333,26.15,2875162.0
556,2019-09-12,26.1,26.7333,25.9333,26.5333,1674442.0
557,2019-09-13,26.7333,26.7667,26.4667,26.6667,1647191.0
558,2019-09-16,26.9,26.9,26.2667,26.45,1700412.0
559,2019-09-17,26.55,26.6333,26.0667,26.4833,1170672.0
560,2019-09-18,26.6333,27.1333,25.9667,26.0333,2215037.0
561,2019-09-19,26.15,26.2667,25.6667,26.0833,2110842.0
562,2019-09-20,26.25,26.85,25.9333,26.6333,3424102.0
563,2019-09-23,26.8333,27.15,26.35,26.6333,2483927.0
564,2019-09-24,26.5167,26.8333,26.1167,26.6667,2136530.0
565,2019-09-25,26.4833,26.9,26.0667,26.25,2195040.0
566,2019-09-26,26.5833,26.7333,26.1167,26.6667,2693400.0
567,2019-09-27,26.4,26.65,26.2167,26.2667,1218564.0
568,2019-09-30,26.2667,26.6667,25.75,26.6667,2527385.0
569,2019-10-02,26.1667,26.6333,26.1333,26.2667,1326872.0
570,2019-10-03,26.0,26.55,25.7667,26.2167,1283704.0
571,2019-10-04,26.3833,27.3333,26.25,26.65,2569796.0
572,2019-10-08,27.0,27.3333,26.7,26.8833,2560992.0
573,2019-10-09,26.5333,26.8667,26.2333,26.45,1604024.0
574,2019-10-10,26.6167,27.2333,26.1,27.0667,2410146.0
575,2019-10-11,27.1333,27.8,27.1167,27.5,6725625.0
576,2019-10-14,27.5,28.1,27.1833,27.25,2355344.0
577,2019-10-15,27.3333,27.6667,26.8167,27.1167,2980365.0
578,2019-10-16,27.2667,27.45,26.8,27.3833,1158100.0
579,2019-10-17,27.45,27.6333,27.0333,27.3,2072195.0
580,2019-10-18,27.5,28.3,27.0,27.6667,5460691.0
581,2019-10-21,27.7833,28.0667,27.1833,27.3,2492518.0
582,2019-10-22,27.1667,27.4667,27.1667,27.4333,5572720.0
583,2019-10-23,27.3333,27.5333,26.5167,26.6833,3138238.0
584,2019-10-24,27.0,27.0833,26.5167,26.7167,2156630.0
585,2019-10-25,26.8333,27.4667,26.65,27.2833,1485219.0
586,2019-10-28,27.1833,29.8333,27.1833,28.7833,9202469.0
587,2019-10-29,29.0,30.6,28.8667,30.3833,12206691.0
588,2019-10-30,30.3833,30.3833,29.25,29.3333,6731121.0
589,2019-10-31,29.5333,32.45,29.5167,30.8333,10721971.0
590,2019-11-01,28.9,29.3833,28.5333,28.8167,70651990.0
591,2019-11-04,29.1667,29.2333,28.7,28.9,9643078.0
592,2019-11-05,28.95,29.1333,28.2833,28.6833,8184087.0
593,2019-11-06,28.8667,28.8667,28.2167,28.2667,6209365.0
594,2019-11-07,28.2667,29.45,28.0667,29.0667,9604951.0
595,2019-11-08,29.3333,30.05,29.0333,29.8167,9308463.0
596,2019-11-11,29.7,29.7,28.2667,28.7833,7364965.0
597,2019-11-12,28.8333,29.0,28.3333,28.4,3998269.0
598,2019-11-13,28.3,29.0333,28.2,28.55,5358801.0
599,2019-11-14,28.6333,29.1667,28.3667,28.6,3404062.0
600,2019-11-15,28.6,29.0333,28.5333,28.5667,4184542.0
601,2019-11-18,28.4667,28.8,28.2,28.5833,3478836.0
602,2019-11-19,28.5833,29.5,28.3667,29.5,4486408.0
603,2019-11-20,29.25,30.0,29.1667,29.8,3403572.0
604,2019-11-21,29.8333,30.0,29.5667,29.8,4111230.0
605,2019-11-22,29.6833,31.2,29.65,30.4833,5777742.0
606,2019-11-25,30.55,30.6,29.1333,29.2667,4920068.0
607,2019-11-26,29.2667,29.8667,29.2667,29.4667,3143895.0
608,2019-11-27,29.5667,30.5,29.2167,30.3333,3830690.0
609,2019-11-28,30.0333,30.6167,29.9333,30.2333,2260955.0
610,2019-11-29,30.3167,30.3333,28.9833,29.4833,4108367.0
611,2019-12-02,29.8,29.8,29.0,29.15,2385554.0
612,2019-12-03,28.9333,29.3167,28.3667,29.1333,1184756.0
613,2019-12-04,29.1667,29.4667,28.8333,29.0167,2285659.0
614,2019-12-05,29.15,29.4833,28.9833,29.4833,1595588.0
615,2019-12-06,29.6667,30.7,29.6167,30.6,2898078.0
616,2019-12-09,30.5333,31.0167,30.1333,30.4667,2431506.0
617,2019-12-10,30.45,31.1667,30.2,30.4833,3676736.0
618,2019-12-11,30.5,31.05,29.9167,30.5167,2821497.0
619,2019-12-12,30.6,31.1,30.5667,30.8167,2812621.0
620,2019-12-13,31.3333,31.9333,31.1167,31.6167,4766057.0
621,2019-12-16,31.3167,32.3,31.1667,32.0,3083653.0
622,2019-12-17,32.0,33.15,31.9667,32.7,3825236.0
623,2019-12-18,32.6,33.2167,32.5,33.2167,5096425.0
624,2019-12-19,33.3,33.3167,32.6833,33.2833,1685711.0
625,2019-12-20,33.2833,33.2833,32.75,33.2,3466300.0
626,2019-12-23,33.0667,33.5,32.7,33.3333,1996012.0
627,2019-12-24,33.3,33.3667,32.8333,32.9333,1239865.0
628,2019-12-27,32.9,33.3,32.9,33.0667,2913851.0
629,2019-12-30,32.8667,33.2167,32.65,32.9833,2400791.0
630,2019-12-31,32.7333,33.1667,32.5833,32.8833,1482836.0
631,2020-01-02,33.0,33.9667,32.7833,33.5667,3240673.0
632,2020-01-03,33.9667,34.5,33.4667,33.8667,2608221.0
633,2020-01-06,33.3333,34.1333,32.2667,32.5167,3997036.0
634,2020-01-07,32.45,34.3333,32.3667,33.6667,3735435.0
635,2020-01-08,32.9167,33.8667,32.8667,33.5,3097523.0
636,2020-01-09,33.7333,35.6667,33.7,34.4,5439427.0
637,2020-01-10,32.8333,33.3667,32.4167,32.5333,81119411.0
638,2020-01-13,32.7,33.2667,32.7,33.0,10429288.0
639,2020-01-14,33.2667,33.8,32.9667,32.9833,5630879.0
640,2020-01-15,33.2667,33.9667,32.9667,33.3,7861374.0
641,2020-01-16,33.6667,35.2333,33.6667,35.1667,10410062.0
642,2020-01-17,35.3667,35.7667,34.7,35.3333,3957191.0
643,2020-01-20,35.1,35.8667,35.0333,35.4,3726093.0
644,2020-01-21,35.4,35.8667,34.6,34.6667,3098913.0
645,2020-01-22,35.0,35.5,34.7,34.8333,2582940.0
646,2020-01-23,35.0,35.2,33.25,34.0333,4262160.0
647,2020-01-24,34.1333,34.8333,33.9667,34.8333,1884090.0
648,2020-01-29,34.0,35.0,33.7,34.2,3636407.0
649,2020-01-30,34.1333,34.3333,32.4333,32.9333,5231325.0
650,2020-01-31,33.3333,34.1333,32.8833,33.15,3333068.0
651,2020-02-03,34.0,34.0,32.5667,33.2167,3427027.0
652,2020-02-04,34.6,34.6667,33.6,34.2333,4865058.0
653,2020-02-05,35.1,35.3,33.7,34.5667,2754214.0
654,2020-02-06,35.2,35.8333,34.1,35.5667,4670054.0
655,2020-02-07,35.4,36.9667,35.4,36.0667,5199127.0
656,2020-02-10,35.7667,37.2,35.7,36.8333,4303713.0
657,2020-02-11,37.1,37.8333,36.8333,37.1,4191158.0
658,2020-02-12,38.2333,38.6333,37.6333,38.2333,5718498.0
659,2020-02-13,38.3333,38.8,37.9333,38.6333,5759333.0
660,2020-02-14,37.8667,39.5667,37.8667,39.0,3285897.0
661,2020-02-17,39.3333,40.4333,38.7667,38.9,4689205.0
662,2020-02-18,39.0,40.0667,38.0667,39.6333,3619999.0
663,2020-02-19,40.0,40.3333,38.3,38.5,5956153.0
664,2020-02-20,38.8,39.8333,38.6667,39.3333,5279140.0
665,2020-02-21,39.2,39.5,38.8333,38.9333,4652916.0
666,2020-02-24,38.5,39.1333,38.1667,38.3,3349424.0
667,2020-02-25,39.0,39.9333,38.4333,39.8,6686704.0
668,2020-02-26,39.6,39.7333,38.1667,38.5,4192096.0
669,2020-02-27,38.5667,38.6333,37.8,38.2333,5637605.0
670,2020-02-28,37.7,38.3333,36.7667,38.0,22152663.0
671,2020-03-02,37.6333,39.3,37.5,38.9333,5125250.0
672,2020-03-03,39.2333,40.0,38.8667,39.2333,4494420.0
673,2020-03-04,39.9667,39.9667,39.0333,39.8,3171760.0
674,2020-03-05,40.6667,40.9667,39.8333,40.2,4838255.0
675,2020-03-06,39.6667,40.6333,39.6667,40.2333,3591820.0
676,2020-03-09,38.9,39.6,38.0667,39.0333,5715899.0
677,2020-03-10,39.1,39.9333,38.7667,39.5333,6072186.0
678,2020-03-11,40.0,41.0667,39.5333,40.7,4683780.0
679,2020-03-12,41.2667,41.2667,36.4667,36.9667,10072005.0
680,2020-03-13,32.3333,37.0333,32.0,36.8667,15312867.0
681,2020-03-16,35.9,36.0,31.2167,31.6333,13670172.0
682,2020-03-17,31.0333,33.7667,30.15,32.6167,11819879.0
683,2020-03-18,33.6333,34.8667,31.1333,31.8,10828515.0
684,2020-03-19,32.0,32.8667,28.7833,30.4,11184270.0
685,2020-03-20,31.3333,32.7667,30.5667,32.5167,7979170.0
686,2020-03-23,31.4667,32.2,30.6667,30.9833,7396765.0
687,2020-03-24,33.1333,33.5,31.65,32.1833,7671481.0
688,2020-03-25,34.0,34.6667,33.0,34.1667,8464961.0
689,2020-03-26,34.9333,35.3,33.4667,34.6,4036080.0
690,2020-03-27,36.2667,36.2667,33.1,33.3333,11221892.0
691,2020-03-30,32.45,33.0,31.35,32.3333,7460974.0
692,2020-03-31,33.2,34.1,33.0167,33.5,7257957.0
693,2020-04-01,33.3333,35.5667,33.05,35.1667,68918066.0
694,2020-04-02,36.6667,36.7667,35.2,36.7667,7588400.0
695,2020-04-03,37.5,38.2667,36.6667,37.6,4960529.0
696,2020-04-06,38.3333,38.6,37.7,38.0,5512691.0
697,2020-04-07,38.6667,38.8,37.6667,38.4,5474223.0
698,2020-04-08,39.1333,39.1333,37.5,37.9667,3252042.0
699,2020-04-09,38.0,38.4667,37.0333,38.2333,3952160.0
700,2020-04-14,38.3333,38.7333,37.7333,38.1333,4922458.0
701,2020-04-15,38.2,38.9,37.6,37.8667,3218091.0
702,2020-04-16,38.0,38.7333,37.5,38.4667,4518490.0
703,2020-04-17,39.0,39.6667,38.5,38.8333,3171213.0
704,2020-04-20,39.3333,40.3,39.0333,39.9667,4429176.0
705,2020-04-21,39.9667,40.2667,38.9333,39.5,3830455.0
706,2020-04-22,39.1,40.0,38.6667,40.0,3471689.0
707,2020-04-23,40.1667,40.6667,39.9333,40.5,3397216.0
708,2020-04-24,40.9,40.9,38.4,38.4667,3411337.0
709,2020-04-27,40.6,40.6,38.7667,39.2333,2707982.0
710,2020-04-28,40.0,40.0,39.0667,39.8667,2775833.0
711,2020-04-29,40.5,40.6,40.0333,40.3333,1747471.0
712,2020-05-04,39.6667,40.1,38.7333,38.9,4655343.0
713,2020-05-05,39.0,39.4333,38.3333,38.9667,1909754.0
714,2020-05-06,39.5333,39.7,38.6333,39.6,2866763.0
715,2020-05-07,40.4333,40.8667,40.1,40.1667,2929059.0
716,2020-05-08,40.8667,41.8,40.1667,41.6,4473349.0
717,2020-05-11,42.1333,42.6667,41.7,42.3333,3129381.0
718,2020-05-12,42.6667,43.9,42.0667,43.2667,3760795.0
719,2020-05-13,43.2333,46.1667,43.0333,44.9667,6069880.0
720,2020-05-14,44.9667,45.3333,43.8,45.0,4695137.0
721,2020-05-15,45.5,46.0,44.3,45.0333,3541229.0
722,2020-05-18,45.0333,46.9333,44.3333,46.2667,3287802.0
723,2020-05-19,46.6667,46.8,45.2,45.2333,2855842.0
724,2020-05-20,45.5667,46.0,44.2667,44.5667,4755249.0
725,2020-05-21,43.3667,44.3333,43.0,44.3333,79840617.0
726,2020-05-22,43.2333,43.3333,40.9667,41.8333,14474616.0
727,2020-05-25,41.5333,42.9,41.5,42.1667,7030840.0
728,2020-05-26,43.0,43.3333,42.5667,43.0,9163974.0
729,2020-05-27,43.0,43.3,40.7,41.5,7069928.0
730,2020-05-28,40.7,41.7,39.4,40.3333,10712671.0
731,2020-05-29,40.0,41.2667,39.6667,40.6,15241863.0
732,2020-06-01,41.8333,42.7667,41.7,42.3667,7621076.0
733,2020-06-02,43.5667,43.9,42.6333,43.1,4514130.0
734,2020-06-03,43.8333,44.3667,42.9667,44.0667,3981417.0
735,2020-06-04,44.6,45.0333,43.5,44.1667,3718483.0
736,2020-06-05,44.2667,44.7,43.2333,43.7,1573054.0
737,2020-06-08,43.1667,43.3333,41.2667,41.6667,4820331.0
738,2020-06-09,41.3667,42.4333,40.9333,41.9,3853830.0
739,2020-06-10,41.6667,42.9333,41.6667,42.6667,3573896.0
740,2020-06-11,42.8333,44.1333,42.4333,42.7333,3193856.0
741,2020-06-12,41.6667,43.1333,40.8667,43.0,2890802.0
742,2020-06-15,43.3333,43.6,41.6667,42.3333,3839177.0
743,2020-06-16,44.4333,44.4333,42.8333,43.6,3794623.0
744,2020-06-17,43.3667,45.2667,43.1,44.9,3689400.0
745,2020-06-18,44.2667,45.5,44.0,45.3667,3202935.0
746,2020-06-19,45.6667,46.5333,45.0,46.2,4952179.0
747,2020-06-22,45.7,47.3333,45.4333,46.1333,2682476.0
748,2020-06-23,47.3,48.8333,46.2,48.6,4100794.0
749,2020-06-24,48.9333,49.0667,48.1333,48.5,2135333.0
750,2020-06-26,49.8333,50.2,49.2,49.8333,3067042.0
751,2020-06-29,49.8333,50.2667,47.8667,49.5667,2881736.0
752,2020-06-30,46.9333,48.1333,46.8667,47.2667,14164786.0
753,2020-07-02,48.0333,48.5333,46.8667,47.3333,7552872.0
754,2020-07-03,48.2333,48.3333,46.6667,46.9667,6342921.0
755,2020-07-06,47.1,47.4667,46.2,46.5,7608058.0
756,2020-07-07,46.3667,47.0667,45.1667,46.6667,7476219.0
757,2020-07-08,45.6667,47.4667,45.6667,47.0333,5492937.0
758,2020-07-09,48.0,48.1333,46.6,47.6667,6977441.0
759,2020-07-10,48.3333,49.5,47.2667,48.4667,4732132.0
760,2020-07-13,48.9333,52.9667,48.7667,52.1333,8868696.0
761,2020-07-14,50.0333,51.3333,48.6,49.5,5620223.0
762,2020-07-15,49.9,51.6,49.0,49.5667,4274241.0
763,2020-07-16,50.3333,50.3333,46.6667,46.8667,5693817.0
764,2020-07-17,46.5,48.7333,46.5,47.4333,2856008.0
765,2020-07-20,47.4333,48.6667,46.7,48.3333,3227164.0
766,2020-07-21,50.0333,51.7333,50.0333,50.8333,4530842.0
767,2020-07-22,50.2,52.3333,49.6667,50.5,3942428.0
768,2020-07-23,51.9333,51.9333,49.9,51.4667,3573464.0
769,2020-07-24,50.3667,50.6333,47.9333,48.4,5787134.0
770,2020-07-27,48.6,49.7333,47.2667,47.9,3592985.0
771,2020-07-28,49.0,50.5667,48.4667,50.0,4505602.0
772,2020-07-29,50.6333,54.0,50.6,52.0,7295721.0
773,2020-07-30,53.3333,53.8667,52.2,53.3333,5233697.0
774,2020-07-31,54.0,54.5,53.2,53.2,2747533.0
775,2020-08-03,54.3333,54.9,53.2333,53.9333,2718847.0
776,2020-08-04,54.6667,56.1333,53.9667,54.9,5255996.0
777,2020-08-05,54.6667,57.9,54.4333,57.5,3875036.0
778,2020-08-06,59.3333,64.3333,57.6667,58.2333,5310667.0
779,2020-08-07,58.2667,60.0,55.5333,56.6667,4229314.0
780,2020-08-10,55.7,56.2667,53.7333,55.4667,4104244.0
781,2020-08-11,55.2667,56.3333,53.8667,54.6667,4088311.0
782,2020-08-12,54.0,54.0,50.6333,51.9333,5869764.0
783,2020-08-13,53.4,55.8333,53.3333,54.6333,6032523.0
784,2020-08-14,54.3333,55.1,53.1667,53.8,2123889.0
785,2020-08-17,57.0,57.1667,54.8333,56.3333,9782237.0
786,2020-08-18,56.8333,59.7667,56.5667,58.6,8365737.0
787,2020-08-19,60.1,60.9,57.8667,60.6667,5336092.0
788,2020-08-20,60.4,60.7,58.6333,58.8,5751005.0
789,2020-08-21,59.6333,59.9,58.1667,59.4333,4021298.0
790,2020-08-24,60.5,61.8333,59.7667,61.6333,4214528.0
791,2020-08-25,61.5,61.5333,58.8667,59.3333,5702859.0
792,2020-08-26,59.9333,63.2333,59.8,62.8333,6681872.0
793,2020-08-27,62.8667,66.6667,62.8667,65.3333,8556577.0
794,2020-08-28,65.0,69.7333,65.0,67.4,7262060.0
795,2020-08-31,69.2667,69.2667,66.6667,67.1333,10389083.0
796,2020-09-01,66.6667,67.9333,65.7333,66.1,10537778.0
797,2020-09-02,63.1667,65.2667,63.0,64.8,49040493.0
798,2020-09-03,64.2667,65.4,63.4667,64.1667,7237323.0
799,2020-09-04,62.6667,63.2,60.5667,62.7333,19968359.0
800,2020-09-07,61.6333,62.6333,60.1333,60.5,15559392.0
801,2020-09-08,61.3333,61.9,58.7333,59.9333,5746013.0
802,2020-09-09,58.4,60.2333,57.6667,59.5333,4340877.0
803,2020-09-10,59.5667,61.2,59.0,59.3333,3229411.0
804,2020-09-11,60.0,61.9,59.7,61.4333,4429078.0
805,2020-09-14,61.4333,62.9333,61.3333,62.3333,3419728.0
806,2020-09-15,63.0,64.4667,62.3333,64.4667,3014327.0
807,2020-09-16,64.6667,65.8333,63.4,64.2,4577284.0
808,2020-09-17,64.2,64.5,60.3333,61.6667,5271962.0
809,2020-09-18,61.9667,64.6667,61.7667,63.7,14648482.0
810,2020-09-21,64.7,65.9667,62.5,62.9333,3812055.0
811,2020-09-22,63.3333,64.5,61.7,62.6333,3110741.0
812,2020-09-23,63.2667,64.4,62.4333,63.8333,2277673.0
813,2020-09-24,63.2,63.2,59.3333,60.6333,4829439.0
814,2020-09-25,61.2667,61.8333,57.9333,59.1,4273782.0
815,2020-09-28,59.9667,60.9,59.0667,60.9,3515639.0
816,2020-09-29,61.6667,62.0,60.6667,61.6,3099462.0
817,2020-09-30,62.3333,62.8667,61.1333,62.8667,3074288.0
818,2020-10-05,65.2667,65.2667,63.6,64.6667,3389028.0
819,2020-10-06,65.6667,68.2,64.9667,67.8667,3246003.0
820,2020-10-07,68.0,68.9333,66.5667,67.6,2591777.0
821,2020-10-08,67.9333,68.6667,66.8667,68.6,1605923.0
822,2020-10-09,69.0667,69.3333,67.3333,67.5333,2937453.0
823,2020-10-12,68.3333,72.6667,68.1333,71.4667,4807409.0
824,2020-10-14,71.0,71.3333,67.6667,68.1333,5274823.0
825,2020-10-15,68.2,68.2,66.6,66.9333,3008326.0
826,2020-10-16,67.9333,68.8,67.0667,68.1333,2328962.0
827,2020-10-19,68.3333,68.8667,66.2667,66.7333,4503840.0
828,2020-10-20,66.7333,67.2,65.3667,67.2,3780548.0
829,2020-10-21,69.5333,77.6667,69.4667,75.0,12462619.0
830,2020-10-22,75.5333,75.5333,73.1333,74.4,4626633.0
831,2020-10-23,73.6,73.9333,71.4667,72.8667,4559049.0
832,2020-10-27,72.8667,74.9333,72.1333,74.9333,4130024.0
833,2020-10-28,73.7333,75.8,73.7333,74.6,4213832.0
834,2020-10-29,74.0,75.0667,72.8,73.5333,3025540.0
835,2020-10-30,74.2667,74.2667,71.1333,72.2,3108139.0
836,2020-11-02,72.8,73.6667,70.2667,71.9333,3243219.0
837,2020-11-03,73.6667,73.6667,70.1333,71.9333,3582400.0
838,2020-11-04,71.8667,74.4,70.4667,73.9333,3147632.0
839,2020-11-05,75.9333,79.2667,75.3333,79.2667,4276730.0
840,2020-11-06,80.0,80.6667,76.3333,78.3333,3235202.0
841,2020-11-09,79.6667,80.5333,77.8,80.1333,3807661.0
842,2020-11-10,78.5333,78.8,74.7333,76.1333,7949040.0
843,2020-11-11,75.4,79.3333,74.0,74.4667,8310831.0
844,2020-11-12,75.3333,78.0,73.4667,77.1333,7605363.0
845,2020-11-13,78.3333,82.6667,77.9333,81.5333,6402918.0
846,2020-11-30,77.05,77.6,74.9,76.9,10207515.0
847,2020-12-01,78.25,80.45,76.9,77.6,11787832.0
848,2020-12-02,78.15,78.3,74.65,76.45,13512672.0
849,2020-12-03,75.45,78.5,75.45,78.3,11078253.0
850,2020-12-04,78.3,79.05,77.3,79.05,9276450.0
851,2020-12-07,79.55,81.0,78.8,80.95,9279774.0
852,2020-12-08,81.2,82.45,79.9,81.6,7996838.0
853,2020-12-09,81.6,82.0,78.7,79.4,9749721.0
854,2020-12-10,78.0,79.65,77.25,79.25,7211104.0
855,2020-12-11,79.0,81.5,78.95,81.5,10348705.0
856,2020-12-14,82.0,82.0,77.5,78.2,10711492.0
857,2020-12-15,78.2,81.4,77.7,81.0,11269302.0
858,2020-12-16,81.95,82.6,80.3,82.0,10179720.0
859,2020-12-17,86.8,88.0,84.0,87.35,19806243.0
860,2020-12-18,87.5,88.0,86.15,87.45,15690335.0
861,2020-12-21,88.0,92.0,86.75,90.65,10272323.0
862,2020-12-22,90.6,94.0,90.3,92.2,9583163.0
863,2020-12-23,91.3,92.3,89.4,91.4,8178771.0
864,2020-12-24,92.0,92.0,89.6,91.45,4216519.0
865,2020-12-28,91.65,96.65,91.65,96.4,9853635.0
866,2020-12-29,97.0,97.9,93.3,94.35,7578961.0
867,2020-12-30,95.55,99.35,94.2,99.35,8916699.0
868,2020-12-31,99.5,102.8,99.45,102.8,6967073.0
869,2021-01-04,99.75,104.8,98.3,103.2,11032196.0
870,2021-01-05,99.5,102.4,98.95,101.9,141905809.0
871,2021-01-06,99.9,100.5,97.1,98.0,26929564.0
872,2021-01-07,96.05,97.45,94.15,94.95,29853919.0
873,2021-01-08,95.75,97.85,94.35,95.0,19339931.0
874,2021-01-11,95.0,98.4,94.9,97.1,20169397.0
875,2021-01-12,98.05,99.55,97.1,98.5,12642538.0
876,2021-01-13,99.45,101.8,97.8,98.7,14243043.0
877,2021-01-14,99.25,104.7,99.0,104.7,17650347.0
878,2021-01-15,105.2,106.5,101.1,103.0,15394075.0
879,2021-01-18,101.4,105.9,101.4,104.6,8223990.0
880,2021-01-19,105.1,111.1,103.3,110.8,23046955.0
881,2021-01-20,112.0,117.0,109.1,116.6,19108140.0
882,2021-01-21,120.0,121.9,113.0,114.4,17214554.0
883,2021-01-22,118.3,128.2,115.7,121.3,23988419.0
884,2021-01-25,123.3,125.1,120.5,120.9,19203055.0
885,2021-01-26,120.0,121.6,113.5,115.5,20705808.0
886,2021-01-27,115.7,116.0,108.2,111.8,21000158.0
887,2021-01-28,108.4,114.5,106.0,107.3,25485318.0
888,2021-01-29,109.9,114.5,107.1,109.1,23874159.0
889,2021-02-01,111.0,116.7,109.5,115.9,20691857.0
890,2021-02-02,120.0,122.2,116.8,120.4,17278358.0
891,2021-02-03,116.8,118.9,115.3,117.6,47690381.0
892,2021-02-04,117.6,120.4,113.5,117.0,22149496.0
893,2021-02-05,118.0,122.3,117.1,120.7,23067209.0
894,2021-02-08,123.8,124.5,118.8,118.9,15829217.0
895,2021-02-09,118.9,121.8,117.4,121.8,8335911.0
896,2021-02-10,122.0,125.4,121.2,124.3,10909868.0
897,2021-02-11,124.7,125.0,121.0,124.4,7203645.0
898,2021-02-16,127.6,128.9,122.5,124.0,14969815.0
899,2021-02-17,122.9,123.4,119.6,122.7,13980281.0
900,2021-02-18,123.7,124.6,116.2,116.4,24194063.0
901,2021-02-19,118.0,118.0,114.9,117.2,18277693.0
902,2021-02-22,118.7,118.8,107.0,107.9,29720893.0
903,2021-02-23,105.5,110.5,103.3,107.2,24910622.0
904,2021-02-24,107.0,109.4,100.1,102.2,32369251.0
905,2021-02-25,105.7,106.7,99.35,104.3,26950645.0
906,2021-02-26,102.0,102.5,94.95,96.05,56487866.0
907,2021-03-01,103.0,104.0,99.75,102.3,26187278.0
908,2021-03-02,106.2,106.2,98.85,99.8,16672746.0
909,2021-03-03,101.5,103.0,98.7,102.4,11839870.0
910,2021-03-04,99.0,99.0,90.5,92.0,32320000.0
911,2021-03-05,88.0,92.3,85.1,89.5,29871669.0
912,2021-03-08,91.0,91.35,79.4,80.85,60914268.0
913,2021-03-09,82.75,87.3,77.7,83.15,38994756.0
914,2021-03-10,88.0,89.2,85.65,87.9,33746292.0
915,2021-03-11,88.95,94.45,87.7,94.35,30414898.0
916,2021-03-12,100.3,100.4,90.35,91.2,23482769.0
917,2021-03-15,91.0,91.9,85.0,86.5,23729929.0
918,2021-03-16,88.05,92.7,88.05,91.25,15162347.0
919,2021-03-17,91.25,92.8,88.15,92.8,12675078.0
920,2021-03-18,95.0,96.65,93.65,95.25,18569873.0
921,2021-03-19,92.95,93.4,88.25,90.2,20202965.0
922,2021-03-22,89.65,91.8,88.2,90.35,9360669.0
923,2021-03-23,91.2,91.35,86.35,87.4,15042743.0
924,2021-03-24,86.15,89.55,85.0,87.95,21427624.0
925,2021-03-25,87.1,93.4,84.25,91.9,29670955.0
926,2021-03-26,93.35,100.2,93.0,97.35,29456019.0
927,2021-03-29,98.7,100.6,95.75,96.25,20473732.0
928,2021-03-30,97.75,101.5,96.25,98.25,23082527.0
929,2021-03-31,97.7,99.7,94.55,97.35,20315242.0
930,2021-04-01,99.0,105.5,98.0,105.1,19657726.0
931,2021-04-07,108.2,108.3,104.3,106.6,21931155.0
932,2021-04-08,105.5,107.5,102.5,107.2,15461609.0
933,2021-04-09,108.0,108.1,100.1,102.0,15997297.0
934,2021-04-12,102.4,103.0,98.85,102.7,11943084.0
935,2021-04-13,102.9,104.9,100.0,102.1,9906808.0
936,2021-04-14,104.8,107.4,103.8,107.0,11579459.0
937,2021-04-15,107.6,108.0,103.7,104.8,10385211.0
938,2021-04-16,106.0,106.4,103.0,105.0,9211885.0
939,2021-04-19,105.0,109.9,103.5,108.3,17956973.0
940,2021-04-20,107.0,108.8,106.2,108.6,10795972.0
941,2021-04-21,105.8,108.3,105.0,107.6,10461308.0
942,2021-04-22,107.6,110.8,105.5,110.2,11386916.0
943,2021-04-23,109.8,115.8,109.5,115.0,17429411.0
944,2021-04-26,115.7,118.4,113.7,114.8,13136481.0
945,2021-04-27,108.9,109.8,107.1,108.0,158075570.0
946,2021-04-28,108.1,112.2,107.7,110.2,25884997.0
947,2021-04-29,110.8,112.2,108.6,111.8,10646954.0
948,2021-04-30,109.1,111.7,108.6,109.5,14733506.0
949,2021-05-03,108.6,110.3,106.8,108.2,9004856.0
950,2021-05-04,109.8,109.8,105.1,107.7,9622335.0
951,2021-05-05,105.5,106.5,102.1,103.3,10366603.0
952,2021-05-06,103.7,107.8,103.2,106.3,18359394.0
953,2021-05-07,106.6,108.9,101.5,101.8,15065815.0
954,2021-05-10,103.8,105.9,102.0,103.2,14161139.0
955,2021-05-11,100.6,105.2,98.0,103.6,17278559.0
956,2021-05-12,103.0,106.8,102.1,106.6,11482117.0
957,2021-05-13,105.0,107.0,103.5,103.5,9742097.0
958,2021-05-14,104.4,106.7,101.5,105.5,11442937.0
959,2021-05-17,105.6,108.6,104.3,107.9,14892444.0
960,2021-05-18,107.9,109.9,106.8,109.9,8450160.0
961,2021-05-20,109.9,112.0,107.6,108.2,9774135.0
962,2021-05-21,107.0,112.0,107.0,110.7,12235711.0
963,2021-05-24,109.8,111.8,106.2,109.8,7685891.0
964,2021-05-25,110.0,116.8,109.8,116.3,19694438.0
965,2021-05-26,116.8,118.7,114.0,118.5,13426874.0
966,2021-05-27,118.1,121.3,117.4,121.2,20510847.0
967,2021-05-28,120.5,121.0,114.0,115.1,19660708.0
968,2021-05-31,117.3,121.4,115.4,121.3,14117959.0
969,2021-06-01,120.4,125.3,119.7,124.7,17173604.0
970,2021-06-02,125.0,125.7,119.9,120.9,11636177.0
971,2021-06-03,122.0,122.5,118.6,119.3,8227654.0
972,2021-06-04,119.3,121.6,117.3,121.1,13796470.0
973,2021-06-07,120.1,121.0,116.7,119.6,10494556.0
974,2021-06-08,121.9,123.0,118.1,119.5,8523058.0
975,2021-06-09,119.5,122.9,117.2,122.4,10152247.0
976,2021-06-10,122.9,124.9,121.2,124.0,9403816.0
977,2021-06-11,124.6,125.2,122.8,124.8,7608999.0
978,2021-06-15,124.5,125.0,119.8,121.0,14026081.0
979,2021-06-16,120.9,121.8,116.6,116.9,15321683.0
980,2021-06-17,116.9,121.5,115.5,120.8,10338809.0
981,2021-06-18,122.5,132.5,121.7,132.1,32180277.0
982,2021-06-21,131.2,142.6,129.5,137.4,28214132.0
983,2021-06-22,137.4,139.8,134.3,135.1,17411410.0
984,2021-06-23,135.0,142.3,134.5,139.0,16620102.0
985,2021-06-24,142.4,142.4,136.5,138.8,8369518.0
986,2021-06-25,140.1,143.1,138.6,142.3,9310496.0
987,2021-06-28,142.3,147.3,139.5,145.6,10080991.0
988,2021-06-29,146.8,146.9,142.4,144.1,9812974.0
989,2021-06-30,144.1,146.0,141.0,142.3,7978125.0
990,2021-07-02,145.7,148.0,137.6,139.5,22771399.0
991,2021-07-05,136.2,140.3,133.6,138.0,16989295.0
992,2021-07-06,136.6,136.6,116.5,126.4,46405883.0
993,2021-07-07,120.0,135.8,120.0,134.5,22182136.0
994,2021-07-08,138.0,139.4,127.6,128.0,19427774.0
995,2021-07-09,128.4,137.3,127.2,134.4,19687766.0
996,2021-07-12,133.9,139.0,129.6,135.5,13486412.0
997,2021-07-13,137.5,137.5,131.1,131.3,11915587.0
998,2021-07-14,136.5,143.0,136.5,139.8,27059758.0
999,2021-07-15,139.0,139.2,132.8,137.7,13089294.0
1000,2021-07-16,138.5,142.9,135.8,139.9,13507631.0
1001,2021-07-19,139.9,142.6,137.9,139.6,11129607.0
1002,2021-07-20,139.8,142.0,136.6,138.0,10202280.0
1003,2021-07-21,132.0,134.3,131.7,131.8,116922412.0
1004,2021-07-22,132.7,134.1,132.5,133.8,13697661.0
1005,2021-07-23,133.8,134.8,128.2,129.7,15637957.0
1006,2021-07-26,125.0,125.5,116.1,117.0,38038890.0
1007,2021-07-27,114.1,119.4,103.6,107.9,45715500.0
1008,2021-07-28,107.3,120.0,107.3,119.1,55110050.0
1009,2021-07-29,126.5,126.7,122.7,124.6,45735734.0
1010,2021-07-30,124.0,125.0,115.1,118.5,28349043.0
1011,2021-08-02,118.9,121.1,114.2,121.1,13223200.0
1012,2021-08-03,119.8,127.4,119.1,126.2,16426353.0
1013,2021-08-04,129.9,132.6,126.1,131.3,13744253.0
1014,2021-08-05,132.6,135.8,129.7,129.8,8031787.0
1015,2021-08-06,128.4,132.0,122.5,123.5,13713488.0
1016,2021-08-09,123.0,126.3,121.4,125.5,7522380.0
1017,2021-08-10,126.0,130.0,124.3,127.5,7381151.0
1018,2021-08-11,125.5,128.2,121.8,123.5,9471539.0
1019,2021-08-12,125.9,126.5,116.4,120.1,20584796.0
1020,2021-08-13,121.8,124.2,119.5,122.4,15424419.0
1021,2021-08-16,122.2,123.8,119.6,121.0,12237773.0
1022,2021-08-17,121.8,122.0,107.8,113.7,36371407.0
1023,2021-08-18,115.0,115.6,111.1,112.6,17386743.0
1024,2021-08-19,113.1,117.3,112.3,113.8,15361726.0
1025,2021-08-20,111.7,112.7,99.2,105.3,43047050.0
1026,2021-08-23,106.3,114.1,103.5,113.0,20995639.0
1027,2021-08-24,122.0,124.0,118.0,121.7,26861586.0
1028,2021-08-25,126.5,126.5,119.0,121.1,13906852.0
1029,2021-08-26,120.9,121.9,113.3,116.9,16275997.0
1030,2021-08-27,116.0,116.5,111.9,116.0,18080686.0
1031,2021-08-30,116.0,121.4,116.0,119.8,15731875.0
1032,2021-08-31,119.8,120.4,114.5,120.4,27757206.0
1033,2021-09-01,121.0,121.5,114.3,116.8,27274643.0
1034,2021-09-02,119.2,119.2,111.0,114.0,20448853.0
1035,2021-09-03,113.2,117.2,111.8,115.8,15317021.0
1036,2021-09-06,115.3,121.8,114.4,120.3,16313228.0
1037,2021-09-07,121.0,121.4,118.1,120.1,7610703.0
1038,2021-09-08,119.6,122.3,119.5,122.0,10921843.0
1039,2021-09-09,122.6,124.7,119.0,119.8,10472439.0
1040,2021-09-10,120.2,120.7,116.5,118.6,12387700.0
1041,2021-09-13,118.1,119.8,110.5,115.2,21982023.0
1042,2021-09-14,116.3,118.8,112.6,117.3,12677358.0
1043,2021-09-15,117.3,119.9,114.1,117.4,11465579.0
1044,2021-09-16,119.5,119.6,114.0,116.4,9237195.0
1045,2021-09-17,117.3,123.1,116.9,123.1,15779082.0
1046,2021-09-20,121.7,122.4,117.6,121.3,8066220.0
1047,2021-09-21,120.6,123.4,119.1,121.5,7815603.0
1048,2021-09-23,123.0,123.1,116.4,120.5,16949716.0
1049,2021-09-24,120.4,122.3,117.0,117.8,15326159.0
1050,2021-09-27,116.7,124.4,116.7,121.9,13006376.0
1051,2021-09-28,123.4,126.8,118.1,125.6,18197436.0
1052,2021-09-29,123.2,125.9,121.1,125.8,15137010.0
1053,2021-09-30,126.1,127.3,123.5,126.5,10214125.0
1054,2021-10-04,124.4,124.8,113.9,115.6,25058751.0
1055,2021-10-05,112.0,118.6,112.0,117.8,11520584.0
1056,2021-10-06,117.7,119.0,113.8,115.6,9172924.0
1057,2021-10-07,118.0,119.3,116.8,119.0,9034545.0
1058,2021-10-08,120.9,120.9,109.3,112.0,29644726.0
1059,2021-10-11,112.2,113.6,109.7,112.1,15398679.0
1060,2021-10-12,110.4,113.1,106.2,108.4,21016563.0
1061,2021-10-15,111.8,111.8,105.1,109.4,20256119.0
1062,2021-10-18,109.4,114.9,109.2,114.9,13990237.0
1063,2021-10-19,115.0,118.5,113.5,117.9,11066020.0
1064,2021-10-20,118.6,119.5,115.0,116.7,11434435.0
1065,2021-10-21,117.1,117.1,111.0,113.1,11420572.0
1066,2021-10-22,114.4,114.7,111.6,113.3,8277904.0
1067,2021-10-25,112.3,118.6,111.3,117.7,14953115.0
1068,2021-10-26,118.7,121.5,118.1,120.0,11054499.0
1069,2021-10-27,121.3,121.3,116.5,117.5,8093145.0
1070,2021-10-28,118.4,119.0,114.6,115.2,8839158.0
1071,2021-10-29,115.2,118.5,113.6,118.4,10354945.0
1072,2021-11-01,118.4,118.8,108.9,111.5,22945320.0
1073,2021-11-02,113.9,116.7,111.0,112.0,20072540.0
1074,2021-11-03,115.0,116.0,108.8,110.2,14965433.0
1075,2021-11-04,110.3,111.4,99.85,104.8,50674174.0
1076,2021-11-05,101.2,104.8,100.3,101.9,30612608.0
1077,2021-11-08,98.0,98.3,92.05,93.1,64394848.0
1078,2021-11-09,95.2,102.8,94.5,102.6,33923476.0
1079,2021-11-10,103.1,105.0,99.85,104.0,17126366.0
1080,2021-11-11,106.8,107.2,103.9,105.7,13615269.0
1081,2021-11-12,107.8,109.0,104.0,105.0,12261259.0
1082,2021-11-15,106.6,109.0,105.7,107.7,11245256.0
1083,2021-11-16,108.0,111.1,106.6,110.2,15792070.0
1084,2021-11-17,113.8,113.8,110.2,112.4,14147220.0
1085,2021-11-18,112.4,113.1,110.2,111.3,8953015.0
1086,2021-11-19,110.8,113.6,109.1,110.6,7497157.0
1087,2021-11-22,112.0,112.2,104.0,105.7,19708159.0
1088,2021-11-23,103.1,103.8,99.8,101.3,26324603.0
1089,2021-11-24,101.6,105.3,100.5,104.0,10060344.0
1090,2021-11-25,104.7,106.0,102.3,104.1,7784138.0
1091,2021-11-26,104.1,106.0,102.6,103.4,9097511.0
1092,2021-11-29,103.7,110.5,103.7,106.4,14672308.0
1093,2021-11-30,109.1,109.7,103.6,106.2,22298718.0
1094,2021-12-01,107.0,108.6,105.0,107.7,12049171.0
1095,2021-12-02,107.7,107.9,100.3,102.5,17236691.0
1096,2021-12-03,101.7,103.2,99.6,103.2,15215308.0
1097,2021-12-06,102.9,103.2,94.15,95.9,28601690.0
1098,2021-12-07,97.6,99.5,96.6,97.0,18705019.0
1099,2021-12-08,98.9,103.5,98.9,101.8,14288115.0
1100,2021-12-09,103.3,105.7,101.5,105.0,11593305.0
1101,2021-12-10,102.9,103.4,99.3,100.5,11667769.0
1102,2021-12-13,102.5,103.0,97.7,98.2,13420227.0
1103,2021-12-14,96.2,99.75,96.2,97.95,9433955.0
1104,2021-12-15,98.15,100.5,73.65,79.1,100185483.0
1105,2021-12-16,80.0,89.45,79.5,88.05,93347323.0
1106,2021-12-17,93.0,94.9,88.1,89.15,56895458.0
1107,2021-12-20,89.15,89.5,82.75,85.15,27529047.0
1108,2021-12-21,87.5,89.35,84.9,88.7,19121856.0
1109,2021-12-22,88.5,89.0,85.4,88.0,18210802.0
1110,2021-12-23,89.0,89.85,87.35,87.75,8721473.0
1111,2021-12-24,88.25,89.0,86.2,87.15,4812365.0
1112,2021-12-28,88.95,89.6,86.05,88.85,13309770.0
1113,2021-12-29,86.6,87.85,85.35,87.45,9608194.0
1114,2021-12-30,86.55,90.35,84.05,90.0,11563875.0
1115,2021-12-31,92.85,93.8,90.8,92.55,10276647.0
1116,2022-01-03,92.55,92.6,84.9,87.2,13212513.0
1117,2022-01-04,84.25,85.95,79.1,82.85,33956022.0
1118,2022-01-05,82.4,82.4,77.05,79.3,30741662.0
1119,2022-01-06,75.65,78.45,72.1,78.35,38501411.0
1120,2022-01-07,79.6,82.75,77.9,80.75,14900067.0
1121,2022-01-10,80.85,84.1,78.8,82.7,18330265.0
1122,2022-01-11,82.7,88.9,81.0,87.65,28174410.0
1123,2022-01-12,91.3,93.6,89.7,92.75,32755709.0
1124,2022-01-13,94.65,94.65,90.1,91.25,23450785.0
1125,2022-01-14,89.0,92.5,88.2,92.3,13807155.0
1126,2022-01-17,92.15,92.5,87.95,90.2,14792122.0
1127,2022-01-18,90.4,92.1,88.7,89.2,10662552.0
1128,2022-01-19,90.0,91.1,85.4,86.85,18988418.0
1129,2022-01-20,85.3,92.0,85.3,91.35,18143560.0
1130,2022-01-21,92.0,92.9,87.15,89.6,21715729.0
1131,2022-01-24,87.1,90.4,86.8,87.65,14047974.0
1132,2022-01-25,86.8,86.9,83.7,85.55,17710917.0
1133,2022-01-26,84.7,85.05,78.9,79.7,25695319.0
1134,2022-01-27,78.2,79.7,73.5,77.2,38045312.0
1135,2022-01-28,78.5,78.5,73.5,74.3,17754342.0
1136,2022-01-31,76.4,76.85,74.35,75.95,9205910.0
1137,2022-02-04,79.7,79.75,74.65,79.55,17063952.0
1138,2022-02-07,82.0,82.45,80.0,80.6,16825387.0
1139,2022-02-08,68.7,68.9,55.0,62.25,97681903.0
1140,2022-02-09,68.0,68.0,59.55,61.6,105279790.0
1141,2022-02-10,60.05,61.85,56.55,58.3,77695420.0
1142,2022-02-11,55.7,57.65,55.05,56.7,65679486.0
1143,2022-02-14,55.5,58.6,55.35,56.0,56834312.0
1144,2022-02-15,56.2,61.85,55.65,61.65,59412467.0
1145,2022-02-16,62.2,64.0,60.35,61.1,35380222.0
1146,2022-02-17,61.3,65.75,60.75,64.8,37998864.0
1147,2022-02-18,63.15,63.9,61.7,62.55,29875578.0
1148,2022-02-21,61.15,64.0,61.15,62.45,16405004.0
1149,2022-02-22,60.4,61.75,58.45,59.2,19634114.0
1150,2022-02-23,59.9,62.55,59.55,62.1,16815000.0
1151,2022-02-24,61.0,63.7,60.45,61.75,25811712.0
1152,2022-02-25,64.4,66.45,63.25,64.2,27009294.0
1153,2022-02-28,64.25,64.5,62.05,64.25,25287895.0
1154,2022-03-01,65.2,67.95,65.15,67.35,28463434.0
1155,2022-03-02,67.25,67.35,64.95,66.05,13663820.0
1156,2022-03-03,65.3,66.7,62.15,63.25,20160933.0
1157,2022-03-04,60.05,62.4,59.4,61.95,24015075.0
1158,2022-03-07,59.65,59.9,55.1,56.25,33506916.0
1159,2022-03-08,55.2,58.6,55.2,55.9,26216075.0
1160,2022-03-09,55.2,56.25,50.25,52.0,46880429.0
1161,2022-03-10,53.5,56.0,52.6,54.0,38925858.0
1162,2022-03-11,50.1,54.35,49.15,53.25,29744035.0
1163,2022-03-14,51.35,51.65,44.55,44.9,61166312.0
1164,2022-03-15,41.8,46.8,40.3,40.95,72277103.0
1165,2022-03-16,42.1,47.85,41.45,47.25,99327668.0
1166,2022-03-17,52.75,56.85,52.65,56.6,77995856.0
1167,2022-03-18,54.5,55.25,50.8,53.55,57709699.0
1168,2022-03-21,56.75,56.85,53.2,55.6,37646449.0
1169,2022-03-22,55.45,58.7,54.7,58.35,26849430.0
1170,2022-03-23,61.0,67.3,56.8,65.3,89041196.0
1171,2022-03-24,65.4,71.5,63.2,69.4,69665250.0
1172,2022-03-25,68.55,70.05,62.05,63.6,58903743.0
1173,2022-03-28,63.6,68.0,61.7,65.05,38220928.0
1174,2022-03-29,67.95,69.1,66.3,67.85,28310719.0
1175,2022-03-30,68.95,69.75,66.35,69.2,34290678.0
1176,2022-03-31,69.2,69.2,63.45,65.05,33554314.0
1177,2022-04-01,63.0,66.3,62.45,65.85,14467181.0
1178,2022-04-04,67.5,69.95,66.7,69.55,15898241.0
1179,2022-04-06,68.0,70.55,67.2,68.6,18806759.0
1180,2022-04-07,68.85,69.05,64.0,65.0,25363451.0
1181,2022-04-08,62.85,65.8,62.85,65.25,14189912.0
1182,2022-04-11,64.95,64.95,60.5,61.65,18252154.0
1183,2022-04-12,60.85,64.2,60.35,62.65,18323046.0
1184,2022-04-13,60.6,62.35,59.3,61.4,16908743.0
1185,2022-04-14,62.25,64.1,61.55,63.6,14023953.0
1186,2022-04-19,61.5,62.25,59.7,60.25,19699802.0
1187,2022-04-20,60.2,61.55,59.5,60.1,10390366.0
1188,2022-04-21,58.5,59.2,54.0,56.0,34216567.0
1189,2022-04-22,53.05,58.0,53.05,56.8,16341082.0
1190,2022-04-25,55.6,56.65,52.7,53.65,21317347.0
1191,2022-04-26,54.8,56.8,53.1,55.5,20432729.0
1192,2022-04-27,54.75,56.05,53.0,55.05,17650568.0
1193,2022-04-28,55.9,56.5,54.0,55.2,8547560.0
1194,2022-04-29,54.8,60.4,54.25,60.0,24428075.0
1195,2022-05-03,58.8,61.4,57.4,60.4,17967863.0
1196,2022-05-04,59.7,60.25,56.7,57.3,7584437.0
1197,2022-05-05,58.25,58.95,52.3,54.2,28071240.0
1198,2022-05-06,52.05,52.95,50.4,50.4,20683293.0
1199,2022-05-10,47.8,50.15,46.8,49.4,28862006.0
1200,2022-05-11,48.95,55.15,47.75,52.6,28078770.0
1201,2022-05-12,50.9,52.2,50.1,51.1,15939151.0
1202,2022-05-13,51.7,52.9,51.2,51.9,12424892.0
1203,2022-05-16,52.75,53.5,51.3,53.05,12780506.0
1204,2022-05-17,52.35,54.55,51.8,54.3,14780969.0
1205,2022-05-18,54.25,54.8,51.05,52.95,16663725.0
1206,2022-05-19,51.35,53.1,50.4,52.2,28372183.0
1207,2022-05-20,52.65,56.9,52.65,56.3,23894610.0
1208,2022-05-23,56.5,57.6,55.5,56.25,17402362.0
1209,2022-05-24,55.45,55.55,52.7,53.1,18220959.0
1210,2022-05-25,53.1,54.3,52.25,53.3,9610267.0
1211,2022-05-26,53.0,53.3,49.7,50.65,21827266.0
1212,2022-05-27,53.15,55.4,52.85,54.3,23054253.0
1213,2022-05-30,54.9,56.95,54.35,56.4,15804801.0
1214,2022-05-31,56.4,59.1,55.05,58.0,28085567.0
1215,2022-06-01,58.5,58.5,55.95,56.85,16035442.0
1216,2022-06-02,56.4,57.6,55.15,57.0,13444847.0
1217,2022-06-06,58.6,62.95,58.3,62.9,41967336.0
1218,2022-06-07,62.45,65.1,61.8,64.65,32989383.0
1219,2022-06-08,66.0,71.15,65.35,69.85,53152844.0
1220,2022-06-09,71.85,72.1,69.6,71.1,41552727.0
1221,2022-06-10,69.15,70.75,68.1,69.0,24551006.0
1222,2022-06-13,64.45,67.0,63.8,65.0,33724137.0
1223,2022-06-14,64.5,65.7,62.6,65.0,17439216.0
1224,2022-06-15,64.85,69.0,64.0,68.0,19259569.0
1225,2022-06-16,69.2,70.4,64.65,65.15,24197576.0
1226,2022-06-17,64.45,67.5,62.5,67.0,37364178.0
1227,2022-06-20,66.1,68.85,65.2,67.7,12191282.0
1228,2022-06-21,69.2,72.0,67.1,71.1,24817925.0
1229,2022-06-22,70.1,71.75,68.8,69.1,24003334.0
1230,2022-06-23,69.0,71.65,68.9,69.95,12218081.0
1231,2022-06-24,71.5,77.6,71.05,77.2,44521764.0
1232,2022-06-27,77.4,79.75,73.4,76.65,36426421.0
1233,2022-06-28,76.55,76.55,73.05,75.05,25046655.0
1234,2022-06-29,73.75,75.05,70.35,72.65,24080493.0
1235,2022-06-30,72.25,73.4,70.65,71.8,16535015.0
1236,2022-07-04,70.8,77.85,69.65,77.55,26726198.0
1237,2022-07-05,77.85,87.0,76.15,82.6,66959714.0
1238,2022-07-06,84.5,85.85,80.5,83.25,36235900.0
1239,2022-07-07,84.4,84.55,79.65,82.7,27492502.0
1240,2022-07-08,85.0,85.0,79.3,80.0,30596145.0
1241,2022-07-11,79.1,79.75,75.55,77.05,25534567.0
1242,2022-07-12,75.0,77.8,73.75,74.85,15826231.0
1243,2022-07-13,74.85,77.35,74.6,75.75,11461656.0
1244,2022-07-14,75.75,80.4,75.7,79.45,20484292.0
1245,2022-07-15,79.05,79.4,74.8,76.0,19493429.0
1246,2022-07-18,77.1,77.2,72.05,76.35,19809471.0
1247,2022-07-19,80.0,80.8,75.55,77.55,23176272.0
1248,2022-07-20,80.0,82.05,79.15,79.55,17580159.0
1249,2022-07-21,81.65,82.95,80.0,80.45,20065882.0
1250,2022-07-22,82.6,82.9,80.3,81.85,18960085.0
1251,2022-07-25,82.25,82.25,76.55,78.9,19112587.0
1252,2022-07-26,78.8,81.35,78.7,81.15,13697689.0
1253,2022-07-27,79.4,81.05,77.2,77.8,17265775.0
1254,2022-07-28,77.5,78.5,75.8,76.95,15885681.0
1255,2022-07-29,76.95,77.35,73.0,74.55,26900211.0
1256,2022-08-01,73.1,74.4,71.9,73.8,13479915.0
1257,2022-08-02,72.05,72.05,69.3,71.1,24218816.0
1258,2022-08-03,72.6,72.8,70.55,71.75,12337282.0
1259,2022-08-04,72.5,75.6,72.5,74.85,13421615.0
1260,2022-08-05,76.1,76.95,73.5,74.15,13897616.0
1261,2022-08-08,73.45,75.1,71.6,73.95,9305810.0
1262,2022-08-09,74.5,75.3,72.85,74.5,6461074.0
1263,2022-08-10,72.85,73.3,67.2,67.6,32387844.0
1264,2022-08-11,69.25,72.3,68.8,71.95,15815073.0
1265,2022-08-12,72.0,72.25,69.9,70.85,11791463.0
1266,2022-08-15,69.3,71.5,69.2,70.3,10727174.0
1267,2022-08-16,70.55,71.25,68.7,70.0,9691545.0
1268,2022-08-17,70.0,71.45,68.7,69.75,8502130.0
1269,2022-08-18,70.7,72.95,69.05,71.7,17614547.0
1270,2022-08-19,70.5,71.55,67.4,68.2,21156929.0
1271,2022-08-22,67.55,69.45,67.25,67.85,12804293.0
1272,2022-08-23,67.4,68.0,64.5,66.25,18316262.0
1273,2022-08-24,67.0,67.0,64.75,65.5,11851221.0
1274,2022-08-25,65.65,68.7,65.65,68.45,17416690.0
1275,2022-08-26,69.45,72.3,69.35,72.05,26980101.0
1276,2022-08-29,70.6,71.8,70.0,70.85,10834121.0
1277,2022-08-30,70.6,70.75,67.05,69.9,13855549.0
1278,2022-08-31,67.7,71.05,67.2,69.7,13901060.0
1279,2022-09-01,67.65,69.55,67.1,67.95,9959175.0
1280,2022-09-02,67.2,68.35,65.6,66.45,10238514.0
1281,2022-09-05,65.95,66.15,62.8,64.0,19789855.0
1282,2022-09-06,64.1,65.3,62.9,64.1,8326165.0
1283,2022-09-07,62.5,63.6,61.7,63.3,10005086.0
1284,2022-09-08,63.15,63.75,62.2,62.95,10954710.0
1285,2022-09-09,63.3,66.9,63.3,66.7,15086442.0
1286,2022-09-13,61.75,62.3,52.8,53.4,108185119.0
1287,2022-09-14,51.65,52.35,50.1,50.8,70314230.0
1288,2022-09-15,53.35,55.3,53.1,54.15,65803905.0
1289,2022-09-16,52.5,54.0,51.85,51.85,35562394.0
1290,2022-09-19,51.7,51.7,48.6,49.25,44634758.0
1291,2022-09-20,49.25,50.8,49.05,49.45,25483528.0
1292,2022-09-21,49.15,49.4,47.8,48.4,31808653.0
1293,2022-09-22,46.0,47.9,45.7,47.65,21056284.0
1294,2022-09-23,47.0,48.3,46.3,46.4,15593843.0
1295,2022-09-26,47.2,49.25,47.2,47.95,22108691.0
1296,2022-09-27,48.15,50.25,47.05,48.9,26267996.0
1297,2022-09-28,48.6,49.6,47.85,48.35,24185984.0
1298,2022-09-29,49.25,49.65,46.7,47.7,18364265.0
1299,2022-09-30,46.5,47.85,46.35,47.4,10849696.0
1300,2022-10-03,47.8,49.9,47.5,48.3,12402270.0
1301,2022-10-05,49.9,50.65,48.85,50.35,14630629.0
1302,2022-10-06,50.35,50.35,48.8,49.75,12954076.0
1303,2022-10-07,49.5,49.5,48.0,48.2,13567311.0
1304,2022-10-10,51.0,51.0,45.45,47.0,33273457.0
1305,2022-10-11,46.9,47.05,44.65,46.25,15797964.0
1306,2022-10-12,45.45,48.2,43.65,47.0,25015146.0
1307,2022-10-13,46.65,50.0,46.2,47.1,23233719.0
1308,2022-10-14,48.0,54.5,47.1,51.15,60002825.0
1309,2022-10-17,50.5,52.4,49.15,50.15,22559118.0
1310,2022-10-18,51.0,51.65,48.3,50.4,37307200.0
1311,2022-10-19,49.35,49.65,46.85,47.2,31461479.0
1312,2022-10-20,45.05,45.3,42.25,42.7,61109603.0
1313,2022-10-21,41.45,44.1,41.45,42.15,38266998.0
1314,2022-10-24,41.0,43.1,38.25,38.9,49734179.0
1315,2022-10-25,38.35,40.0,37.5,38.7,44996200.0
1316,2022-10-26,38.15,41.95,38.15,40.0,73956173.0
1317,2022-10-27,41.8,42.5,39.35,39.75,60744470.0
1318,2022-10-28,40.55,43.0,38.6,38.8,88038160.0
1319,2022-10-31,37.7,38.2,35.0,35.5,69954587.0
1320,2022-11-01,35.2,38.7,35.2,37.95,77047874.0
1321,2022-11-02,37.5,40.4,37.0,39.9,47040532.0
1322,2022-11-03,38.0,40.15,37.8,39.25,44520525.0
1323,2022-11-04,39.3,44.9,39.1,43.35,75006453.0
1324,2022-11-07,42.75,48.0,42.05,47.0,65853654.0
1325,2022-11-08,47.65,48.5,46.15,46.8,29093931.0
1326,2022-11-09,46.6,47.0,43.2,44.6,43727281.0
1327,2022-11-10,43.9,45.1,43.25,43.75,14302124.0
1328,2022-11-11,50.0,51.6,47.65,50.95,69365065.0
1329,2022-11-14,53.1,54.1,50.5,51.55,46097912.0
1330,2022-11-15,52.0,54.75,50.05,54.0,45779818.0
1331,2022-11-16,53.0,56.3,52.55,54.05,36245857.0
1332,2022-11-17,53.35,53.5,50.55,52.3,36081127.0
1333,2022-11-18,53.0,54.15,51.1,51.65,19205439.0
1334,2022-11-21,50.5,51.4,49.25,50.8,21238886.0
1335,2022-11-22,50.05,50.8,48.1,49.0,20476108.0
1336,2022-11-23,48.95,49.25,45.7,48.3,26355720.0
1337,2022-11-24,48.35,49.45,47.65,48.55,10835252.0
1338,2022-11-25,48.0,48.0,46.7,47.75,11125515.0
1339,2022-11-28,45.0,47.7,44.0,47.35,21481184.0
1340,2022-11-29,48.3,49.4,46.55,48.95,17980311.0
1341,2022-11-30,48.6,50.15,47.1,50.15,24377793.0
1342,2022-12-01,52.0,53.5,49.65,50.65,25595945.0
1343,2022-12-02,50.8,52.2,50.4,51.8,18588427.0
1344,2022-12-05,54.35,55.35,52.5,55.05,38410376.0
1345,2022-12-06,53.55,56.4,52.1,53.1,32081710.0
1346,2022-12-07,53.3,55.35,50.45,50.8,36898871.0
1347,2022-12-08,51.05,55.75,50.4,55.55,37210042.0
1348,2022-12-09,54.9,56.4,53.3,53.9,35184566.0
1349,2022-12-12,52.55,54.0,51.2,51.85,24641971.0
1350,2022-12-13,51.25,51.85,50.45,51.35,21268123.0
1351,2022-12-14,52.3,52.65,50.25,50.8,20973086.0
1352,2022-12-15,51.0,51.1,48.5,48.65,30421852.0
1353,2022-12-16,50.0,52.3,48.8,51.3,50662033.0
1354,2022-12-19,51.3,52.25,50.0,50.2,18459867.0
1355,2022-12-20,50.0,50.7,49.3,50.0,24930816.0
1356,2022-12-21,50.3,52.2,50.0,51.25,16313079.0
1357,2022-12-22,52.0,53.25,50.55,52.35,20762928.0
1358,2022-12-23,51.45,54.45,51.1,54.05,24454802.0
1359,2022-12-28,54.45,59.55,54.45,57.8,42543091.0
1360,2022-12-29,56.95,60.7,56.65,59.55,33272579.0
1361,2022-12-30,60.55,61.8,59.4,59.85,25971523.0
1362,2023-01-03,58.6,63.95,58.55,62.55,34213741.0
1363,2023-01-04,63.35,66.3,61.6,66.2,37718374.0
1364,2023-01-05,68.4,71.3,66.4,67.5,44794363.0
1365,2023-01-06,68.1,68.2,65.0,66.05,24547320.0
1366,2023-01-09,67.1,69.0,66.7,67.65,24761293.0
1367,2023-01-10,68.0,68.65,66.9,67.4,16590938.0
1368,2023-01-11,68.05,73.3,68.0,69.95,46916592.0
1369,2023-01-12,71.0,71.55,67.4,68.25,36570184.0
1370,2023-01-13,69.05,72.9,68.6,72.6,28819059.0
1371,2023-01-16,72.6,77.4,71.0,73.9,44583660.0
1372,2023-01-17,72.0,72.0,68.6,69.4,108777405.0
1373,2023-01-18,68.75,70.1,67.25,69.35,28487628.0
1374,2023-01-19,68.25,71.5,67.7,70.4,15832908.0
1375,2023-01-20,71.0,72.1,69.9,71.35,13218880.0
1376,2023-01-26,72.15,72.5,69.7,71.4,14399558.0
1377,2023-01-27,71.4,72.0,69.85,70.95,11477611.0
1378,2023-01-30,70.95,71.1,66.35,67.0,42280340.0
1379,2023-01-31,65.7,66.2,64.15,65.25,39669822.0
1380,2023-02-01,64.3,67.75,64.3,67.05,22524464.0
1381,2023-02-02,68.0,69.8,67.7,68.1,24138297.0
1382,2023-02-03,68.15,69.45,65.8,65.95,18837663.0
1383,2023-02-06,63.5,63.7,60.7,63.5,38136156.0
1384,2023-02-07,63.4,66.15,63.4,64.45,15581230.0
1385,2023-02-08,64.45,66.9,64.2,65.2,13548492.0
1386,2023-02-09,64.35,66.3,64.15,65.7,10337740.0
1387,2023-02-10,66.75,66.75,62.1,64.55,21650478.0
1388,2023-02-13,63.3,65.0,63.25,64.55,9163148.0
1389,2023-02-14,64.75,65.2,60.9,62.0,29202129.0
1390,2023-02-15,62.0,62.1,59.9,60.45,18522268.0
1391,2023-02-16,60.6,61.35,57.15,57.85,40275516.0
1392,2023-02-17,57.6,58.2,55.95,56.65,26150447.0
1393,2023-02-20,56.05,58.85,55.9,58.5,19478360.0
1394,2023-02-21,58.5,58.5,55.7,56.05,13621461.0
1395,2023-02-22,55.0,56.2,54.55,54.9,19031607.0
1396,2023-02-23,54.5,56.25,54.2,54.8,14273904.0
1397,2023-02-24,54.55,54.95,53.0,53.3,13654639.0
1398,2023-02-27,52.2,54.1,52.15,53.45,16154054.0
1399,2023-02-28,53.6,54.95,53.4,54.7,23336441.0
1400,2023-03-01,54.0,58.8,54.0,58.3,37518235.0
1401,2023-03-02,57.95,58.45,56.55,57.6,17741574.0
1402,2023-03-03,59.15,59.95,57.25,57.75,16274916.0
1403,2023-03-06,57.35,58.15,56.5,57.25,10785258.0
1404,2023-03-07,57.15,57.7,54.6,55.65,21510486.0
1405,2023-03-08,55.4,55.4,52.6,53.3,25815433.0
1406,2023-03-09,52.9,54.8,52.9,53.2,14068482.0
1407,2023-03-10,51.5,53.0,50.2,52.0,26311644.0
1408,2023-03-13,51.2,52.75,49.0,50.2,50536339.0
1409,2023-03-14,49.9,52.4,49.05,49.85,20976983.0
1410,2023-03-15,50.85,52.4,50.55,50.65,13138570.0
1411,2023-03-16,50.15,50.75,48.45,48.8,24955923.0
1412,2023-03-17,51.0,51.1,46.3,48.0,48666549.0
1413,2023-03-20,47.5,47.55,44.2,45.15,51522821.0
1414,2023-03-21,45.6,49.55,45.6,49.15,42447807.0
1415,2023-03-22,50.05,52.15,49.7,49.9,32477289.0
1416,2023-03-23,49.85,51.0,48.0,50.7,29178076.0
1417,2023-03-24,50.15,50.55,48.05,48.9,25632542.0
1418,2023-03-27,48.95,50.5,47.4,49.05,22392881.0
1419,2023-03-28,49.0,49.25,47.55,48.3,15389470.0
1420,2023-03-29,49.45,50.05,47.6,48.45,17221496.0
1421,2023-03-30,48.2,49.8,48.2,49.3,19697892.0
1422,2023-03-31,50.25,50.35,48.0,48.6,21702395.0
1423,2023-04-03,48.2,48.4,46.1,47.3,20820804.0
1424,2023-04-04,47.05,47.1,45.0,46.5,30510667.0
1425,2023-04-06,45.85,48.2,45.15,47.35,26706781.0
1426,2023-04-11,48.9,50.7,48.65,50.0,34611572.0
1427,2023-04-12,50.35,51.1,49.05,49.95,17291212.0
1428,2023-04-13,49.1,54.2,47.7,53.85,43513104.0
1429,2023-04-14,55.45,56.7,53.9,54.8,39915615.0
1430,2023-04-17,54.65,54.85,52.75,54.1,23655862.0
1431,2023-04-18,54.0,55.15,53.6,54.35,18134087.0
1432,2023-04-19,54.3,54.7,53.4,53.55,15156187.0
1433,2023-04-20,53.55,53.95,51.25,52.15,20823786.0
1434,2023-04-21,52.0,52.5,49.75,50.35,19919726.0
1435,2023-04-24,49.95,51.15,48.75,49.85,13450350.0
1436,2023-04-25,49.85,50.1,45.85,46.3,34930464.0
1437,2023-04-26,46.0,47.35,45.2,46.8,19211227.0
1438,2023-04-27,46.5,47.65,45.85,47.4,11904766.0
1439,2023-04-28,47.4,48.5,46.35,46.45,18278012.0
1440,2023-05-02,47.0,47.8,45.7,46.5,7082993.0
1441,2023-05-03,45.55,46.0,44.65,45.65,13484222.0
1442,2023-05-04,46.25,47.85,46.0,46.85,20652609.0
1443,2023-05-05,47.0,48.45,46.85,47.45,10553356.0
1444,2023-05-08,48.0,48.55,46.85,47.4,12657416.0
1445,2023-05-09,46.95,47.05,44.85,45.05,27426489.0
1446,2023-05-10,44.85,45.6,44.6,45.25,14167733.0
1447,2023-05-11,45.25,47.65,44.85,46.6,21727323.0
1448,2023-05-12,47.1,47.2,46.05,46.05,8465550.0
1449,2023-05-15,46.05,46.45,44.55,46.25,19991287.0
1450,2023-05-16,46.9,47.0,46.2,46.7,7085457.0
1451,2023-05-17,46.85,46.85,44.75,44.85,15821385.0
1452,2023-05-18,44.85,45.05,43.15,43.6,19842561.0
1453,2023-05-19,43.0,43.55,41.75,42.15,18785592.0
1454,2023-05-22,42.75,45.25,42.4,44.55,24200688.0
1455,2023-05-23,44.7,45.6,44.4,44.85,11360864.0
1456,2023-05-24,44.65,45.05,44.05,44.35,10717905.0
1457,2023-05-25,43.75,43.95,42.55,42.95,12986011.0
1458,2023-05-29,43.9,44.15,41.85,42.0,14317333.0
1459,2023-05-30,42.15,42.85,41.05,41.7,15318724.0
1460,2023-05-31,41.0,41.45,39.3,40.05,37167845.0
1461,2023-06-01,40.05,42.9,39.85,41.75,31234872.0
1462,2023-06-02,43.55,44.8,42.55,44.45,27944097.0
1463,2023-06-05,45.0,45.05,42.85,43.85,17398339.0
1464,2023-06-06,44.0,44.2,42.8,43.35,9095914.0
1465,2023-06-07,44.1,44.8,43.15,43.6,12096603.0
1466,2023-06-08,42.5,43.7,42.5,43.55,9661613.0
1467,2023-06-09,44.0,45.75,43.65,44.85,16930996.0
1468,2023-06-12,44.75,45.3,42.95,44.1,14067939.0
1469,2023-06-13,44.2,45.0,43.45,44.8,14372670.0
1470,2023-06-14,45.0,45.65,43.55,44.15,10592668.0
1471,2023-06-15,44.5,47.55,44.25,47.3,25333760.0
1472,2023-06-16,47.45,48.7,47.05,47.45,23164038.0
1473,2023-06-19,47.3,47.35,45.45,46.7,10886451.0
1474,2023-06-20,46.9,46.9,38.5,38.75,94193720.0
1475,2023-06-21,38.5,39.45,36.35,37.75,59762483.0
1476,2023-06-23,37.5,38.4,37.25,37.75,17524768.0
1477,2023-06-26,37.45,39.55,37.1,38.45,25453651.0
1478,2023-06-27,38.3,38.9,37.9,38.25,19661643.0
1479,2023-06-28,38.15,38.15,36.75,37.8,22409295.0
1480,2023-06-29,37.7,38.15,35.5,35.95,33206131.0
1481,2023-06-30,35.9,38.45,35.45,37.55,27492013.0
1482,2023-07-03,37.5,38.3,36.85,38.1,15840804.0
1483,2023-07-04,38.1,39.85,37.35,39.4,24085495.0
1484,2023-07-05,39.15,39.5,38.55,39.05,14992955.0
1485,2023-07-06,38.6,38.7,37.6,38.2,20672270.0
1486,2023-07-07,38.0,38.3,37.0,37.8,17763306.0
1487,2023-07-10,38.95,39.25,37.2,38.0,15634801.0
1488,2023-07-11,38.8,38.95,37.7,38.45,16113150.0
1489,2023-07-12,38.75,38.75,37.2,37.5,18722733.0
1490,2023-07-13,38.0,41.45,37.9,40.7,37987353.0
1491,2023-07-14,40.9,41.7,40.0,40.9,21234024.0
1492,2023-07-18,40.9,41.3,39.7,40.85,15409824.0
1493,2023-07-19,39.95,40.65,39.55,40.05,16468699.0
1494,2023-07-20,40.65,41.75,40.0,40.45,14428184.0
1495,2023-07-21,40.5,41.75,40.2,40.7,11582919.0
1496,2023-07-24,39.95,41.75,39.7,40.55,16368532.0
1497,2023-07-25,41.7,42.25,41.2,41.7,17438977.0
1498,2023-07-26,41.05,42.4,41.05,42.05,11218517.0
1499,2023-07-27,42.05,42.15,41.4,41.9,11065099.0
1500,2023-07-28,41.2,44.35,40.6,43.3,17659975.0
1501,2023-07-31,44.5,45.35,43.65,44.1,23690843.0
1502,2023-08-01,44.9,46.25,44.4,44.6,24379876.0
1503,2023-08-02,44.15,45.35,43.35,43.85,21988436.0
1504,2023-08-03,43.85,46.45,43.6,45.35,21372519.0
1505,2023-08-04,45.9,46.25,44.5,44.95,30258110.0
1506,2023-08-07,44.8,44.8,42.8,43.85,26686132.0
1507,2023-08-08,43.1,43.7,41.9,43.25,22690993.0
1508,2023-08-09,43.2,44.9,42.8,43.85,15187465.0
1509,2023-08-10,43.7,44.25,43.4,43.85,10465246.0
1510,2023-08-11,44.45,44.75,42.85,43.35,11068595.0
1511,2023-08-14,42.55,42.75,41.2,42.55,19290422.0
1512,2023-08-15,42.0,42.4,40.85,41.7,11512425.0
1513,2023-08-16,40.95,42.15,40.75,41.85,8879057.0
1514,2023-08-17,41.0,41.55,40.1,41.25,19502014.0
1515,2023-08-18,40.85,41.25,40.0,40.05,17157484.0
1516,2023-08-21,39.85,40.4,39.25,39.8,12843396.0
1517,2023-08-22,39.6,41.2,38.7,40.55,19256559.0
1518,2023-08-23,40.75,41.5,40.05,41.1,16914561.0
1519,2023-08-24,42.05,46.0,42.05,44.6,58643421.0
1520,2023-08-25,44.6,45.95,43.95,44.35,21065443.0
1521,2023-08-28,46.0,46.35,45.15,45.25,18706513.0
1522,2023-08-29,45.9,46.45,45.3,45.95,16060818.0
1523,2023-08-30,46.1,47.35,45.65,46.25,15326236.0
1524,2023-08-31,46.95,46.95,43.85,44.15,28235199.0
1525,2023-09-04,44.2,45.5,44.2,44.95,21314769.0
1526,2023-09-05,44.75,44.75,43.15,43.7,14179968.0
1527,2023-09-06,43.3,43.55,41.85,42.8,14177362.0
1528,2023-09-07,43.05,43.15,41.5,41.85,10030810.0
1529,2023-09-11,41.25,43.05,41.25,42.7,11558429.0
1530,2023-09-12,42.7,42.95,41.9,42.5,8904763.0
1531,2023-09-13,42.45,42.85,41.35,41.9,10760401.0
1532,2023-09-14,42.3,42.3,41.05,41.9,11679006.0
1533,2023-09-15,41.4,44.4,41.4,43.9,19874571.0
1534,2023-09-18,43.5,44.0,43.2,43.6,9664496.0
1535,2023-09-19,43.15,43.7,42.8,43.4,7905049.0
1536,2023-09-20,43.35,43.35,41.6,41.95,13206833.0
1537,2023-09-21,41.6,41.6,40.15,40.75,16875242.0
1538,2023-09-22,40.35,42.95,39.8,42.65,16598304.0
1539,2023-09-25,42.7,44.6,42.4,43.7,17337798.0
1540,2023-09-26,43.45,43.7,42.45,42.95,10476527.0
1541,2023-09-27,42.6,45.8,42.6,44.55,31921576.0
1542,2023-09-28,44.55,45.2,43.85,44.1,15888394.0
1543,2023-09-29,44.45,46.2,43.55,45.65,17905418.0
1544,2023-10-03,44.5,45.2,43.8,44.45,10387015.0
1545,2023-10-04,44.45,44.45,43.25,43.65,7293914.0
1546,2023-10-05,44.25,44.25,42.55,42.9,6790912.0
1547,2023-10-06,42.9,43.95,42.6,43.7,9848648.0
1548,2023-10-09,45.65,45.95,42.95,44.9,11714511.0
1549,2023-10-10,45.2,45.95,44.5,44.75,14903326.0
1550,2023-10-11,45.7,48.25,45.45,46.95,23997371.0
1551,2023-10-12,48.35,50.0,48.1,49.65,36469886.0
1552,2023-10-13,48.95,51.0,48.05,49.1,32214569.0
1553,2023-10-16,48.65,50.65,48.4,49.0,18562866.0
1554,2023-10-17,49.25,50.3,48.6,50.05,14600758.0
1555,2023-10-18,50.0,50.0,46.5,47.35,32078902.0
1556,2023-10-19,45.85,47.15,45.5,45.95,18375042.0
1557,2023-10-20,45.2,46.5,45.2,46.1,18267702.0
1558,2023-10-24,45.35,46.75,44.8,46.15,18865932.0
1559,2023-10-25,47.8,47.95,45.3,45.65,16423591.0
1560,2023-10-26,44.8,44.8,42.55,44.5,24533286.0
1561,2023-10-27,44.65,49.15,44.0,47.75,30678757.0
1562,2023-10-30,47.95,51.2,47.95,50.5,33123072.0
1563,2023-10-31,49.8,50.15,47.75,48.6,23770964.0
1564,2023-11-01,48.6,49.35,46.7,47.9,17364578.0
1565,2023-11-02,48.1,48.55,46.55,47.0,16328894.0
1566,2023-11-03,47.2,48.4,47.2,47.95,19048990.0
1567,2023-11-06,49.1,51.2,49.1,50.1,43501732.0
1568,2023-11-07,50.15,50.65,48.8,49.15,19647679.0
1569,2023-11-08,49.25,52.45,49.0,51.0,32202858.0
1570,2023-11-09,51.05,51.35,50.25,50.4,18317010.0
1571,2023-11-10,49.5,49.85,48.6,48.85,14744465.0
1572,2023-11-13,48.75,49.9,47.5,48.8,14097984.0
1573,2023-11-14,48.85,49.1,47.05,47.8,16819272.0
1574,2023-11-15,50.7,51.0,49.15,50.7,34645511.0
1575,2023-11-16,50.75,50.9,46.8,47.75,26238079.0
1576,2023-11-17,47.1,47.95,47.0,47.25,17545910.0
1577,2023-11-20,47.7,48.35,46.2,48.0,16701223.0
1578,2023-11-21,48.45,49.7,47.8,48.55,18129993.0
1579,2023-11-22,48.0,48.35,46.85,47.4,13152733.0
1580,2023-11-23,47.25,47.5,46.3,46.8,18922063.0
1581,2023-11-24,46.8,46.8,44.5,44.9,23944476.0
1582,2023-11-27,45.25,46.5,44.25,46.05,15288752.0
1583,2023-11-28,46.1,47.05,45.25,45.55,12662292.0
1584,2023-11-29,46.0,46.2,44.0,44.7,20130467.0
1585,2023-11-30,44.2,44.7,42.7,43.5,33386659.0
1586,2023-12-01,43.05,43.9,43.05,43.5,13576939.0
1587,2023-12-04,37.95,38.0,32.8,33.15,96554172.0
1588,2023-12-05,31.5,32.25,29.05,30.35,169708907.0
1589,2023-12-06,31.0,32.15,30.15,30.7,84686025.0
1590,2023-12-07,30.35,30.6,28.5,29.95,70349835.0
1591,2023-12-08,29.95,30.0,28.6,29.35,51164057.0
1592,2023-12-11,28.6,29.3,28.1,28.6,38820199.0
1593,2023-12-12,28.6,28.8,27.9,28.6,32003045.0
1594,2023-12-13,28.5,28.85,27.45,28.0,35588175.0
1595,2023-12-14,28.9,30.0,28.7,28.95,44073843.0
1596,2023-12-15,29.35,30.35,29.25,29.5,33761054.0
1597,2023-12-18,29.1,30.0,29.0,29.3,17613034.0
1598,2023-12-19,29.05,29.25,28.0,28.4,27472721.0
1599,2023-12-20,28.75,29.2,28.5,28.7,18032861.0
1600,2023-12-21,28.3,29.0,28.1,28.45,16292347.0
1601,2023-12-22,28.5,28.55,26.6,26.95,61942246.0
1602,2023-12-27,27.1,27.8,26.9,27.5,25935462.0
1603,2023-12-28,27.45,29.35,27.25,28.9,32497357.0
1604,2023-12-29,28.9,30.3,28.6,29.6,26309785.0
1605,2024-01-02,28.75,29.5,28.4,28.7,20797601.0
1606,2024-01-03,28.6,29.25,28.0,28.55,14264033.0
1607,2024-01-04,28.55,28.65,27.7,28.25,13229160.0
1608,2024-01-05,28.0,28.0,27.15,27.55,20754077.0
1609,2024-01-08,27.25,27.6,25.85,26.35,29432061.0
1610,2024-01-09,26.4,27.2,26.35,26.35,19028956.0
1611,2024-01-10,26.55,28.2,25.95,28.0,44472262.0
1612,2024-01-11,32.2,33.4,30.0,30.45,108552093.0
1613,2024-01-12,31.6,31.6,29.25,29.5,42331090.0
1614,2024-01-15,29.6,31.4,29.2,30.5,26589098.0
1615,2024-01-16,30.5,31.25,29.9,30.45,26423196.0
1616,2024-01-17,30.35,30.45,28.35,28.85,42441415.0
1617,2024-01-18,28.9,29.5,28.5,29.1,22802311.0
1618,2024-01-19,29.15,29.9,27.95,28.35,39879684.0
1619,2024-01-22,28.5,28.8,26.4,27.0,35578360.0
1620,2024-01-23,26.95,29.35,26.95,28.45,36159119.0
1621,2024-01-24,29.05,29.9,27.9,29.4,38723653.0
1622,2024-01-25,29.4,30.35,28.9,30.0,30133583.0
1623,2024-01-26,31.45,32.25,21.65,24.55,307053388.0
1624,2024-01-29,24.8,25.7,22.65,23.15,120235342.0
1625,2024-01-30,21.55,23.2,21.55,22.35,95782966.0
1626,2024-01-31,21.9,22.3,20.25,20.5,98926570.0
1627,2024-02-01,20.8,21.85,20.35,21.15,61799006.0
1628,2024-02-02,21.3,21.75,16.3,16.78,245370225.0
1629,2024-02-05,16.7,17.84,16.32,17.3,127922342.0
1630,2024-02-06,17.4,18.3,16.2,18.16,94337399.0
