,date,open,high,low,close,volume
0,2018-12-13,27.5289,28.2274,26.6866,27.9397,20213983.0
1,2018-12-14,27.9397,27.9808,27.5289,27.9397,2579900.0
2,2018-12-17,27.9397,28.1452,27.7754,27.9397,1131467.0
3,2018-12-18,27.9397,27.9397,27.6316,27.8987,961400.0
4,2018-12-19,27.8781,27.9397,27.2823,27.7343,2965300.0
5,2018-12-20,27.6932,27.7343,26.7482,27.5289,1478400.0
6,2018-12-21,26.9125,27.5289,26.9125,27.5289,1338000.0
7,2018-12-24,27.5289,27.5289,27.2207,27.5289,351000.0
8,2018-12-27,26.9536,27.5289,26.9536,27.5289,995100.0
9,2018-12-28,27.5905,27.5905,27.3029,27.5289,1132300.0
10,2018-12-31,27.611,27.9397,27.5494,27.9397,827300.0
11,2019-01-02,27.9397,27.9397,27.6316,27.8987,571302.0
12,2019-01-03,27.9397,27.9397,27.611,27.6932,2974300.0
13,2019-01-04,27.6316,27.6727,27.2618,27.5083,1737900.0
14,2019-01-07,27.5083,27.5083,26.9536,27.3234,925200.0
15,2019-01-08,27.3234,27.9603,27.2002,27.9397,638600.0
16,2019-01-09,28.0425,28.2274,27.8165,27.9397,258400.0
17,2019-01-10,27.9397,28.1452,27.7343,27.8576,208900.0
18,2019-01-11,27.9808,27.9808,27.5494,27.7548,350700.0
19,2019-01-14,27.5699,27.9192,27.3029,27.4056,170100.0
20,2019-01-15,27.7343,27.9397,27.3234,27.7754,148100.0
21,2019-01-16,27.8165,27.8576,27.4672,27.7343,25000.0
22,2019-01-17,28.3506,28.5971,27.9397,28.2684,754200.0
23,2019-01-18,28.3301,29.1107,28.3095,28.7615,1465400.0
24,2019-01-21,29.008,31.8225,29.008,31.8225,1388900.0
25,2019-01-22,31.6376,31.8431,30.405,30.8159,429500.0
26,2019-01-23,30.3845,31.2679,30.3845,30.8159,244600.0
27,2019-01-24,30.6104,31.5966,30.6104,31.2884,205100.0
28,2019-01-25,31.3295,31.5966,30.7337,31.1446,257300.0
29,2019-01-28,31.4528,31.4528,29.8914,30.1996,372500.0
30,2019-01-29,30.3845,30.5488,29.5833,30.405,896600.0
31,2019-01-30,30.8159,31.4733,30.0969,31.4733,264800.0
32,2019-01-31,31.7198,32.8703,31.0008,32.8703,1017000.0
33,2019-02-01,32.254,32.7881,32.0691,32.4183,288268.0
34,2019-02-04,32.7059,33.6715,32.0485,33.6099,107500.0
35,2019-02-08,33.6099,34.0824,32.747,33.6099,126800.0
36,2019-02-11,32.6238,33.692,32.5416,33.6099,273000.0
37,2019-02-12,33.6099,33.8975,32.8292,32.973,294600.0
38,2019-02-13,33.0757,33.2401,32.7059,32.8908,1430900.0
39,2019-02-14,32.8703,34.6576,32.8703,34.2262,529400.0
40,2019-02-15,34.3084,34.6371,33.8153,34.596,507200.0
41,2019-02-18,34.7603,36.8969,34.7398,36.7325,1652500.0
42,2019-02-19,36.7942,38.5815,36.7942,37.1023,1345800.0
43,2019-02-20,37.164,37.4721,34.6781,34.863,721800.0
44,2019-02-21,34.863,35.2945,33.5688,33.8153,1273200.0
45,2019-02-22,33.3633,35.4999,33.3633,35.1301,658000.0
46,2019-02-25,34.7192,35.8286,34.1235,35.1507,578000.0
47,2019-02-26,35.3356,35.767,34.5549,35.3356,639500.0
48,2019-02-27,35.1301,36.1573,35.0274,35.3356,699200.0
49,2019-02-28,35.4794,35.9519,34.9658,35.1917,347200.0
50,2019-03-01,35.3766,35.8697,35.2739,35.7259,510500.0
51,2019-03-04,36.0546,37.9241,35.3766,36.9174,1195200.0
52,2019-03-05,36.6093,37.6159,36.3627,37.1023,666400.0
53,2019-03-06,36.7325,37.3694,36.4244,36.938,667700.0
54,2019-03-07,37.1845,37.1845,35.5821,35.9519,368900.0
55,2019-03-08,35.5821,35.8902,35.4794,35.7259,250900.0
56,2019-03-11,35.7259,36.9791,35.5821,35.8697,495300.0
57,2019-03-12,36.0546,36.8969,35.7875,36.6298,315400.0
58,2019-03-13,36.6093,36.6093,35.9519,36.1573,936900.0
59,2019-03-14,36.0546,36.3833,35.7259,35.9108,297500.0
60,2019-03-15,35.3356,36.3011,35.3356,35.8492,252073.0
61,2019-03-18,36.1573,36.3217,35.3766,35.7464,334500.0
62,2019-03-19,35.7464,36.9996,35.7464,36.9791,769800.0
63,2019-03-20,37.205,38.5404,36.5887,36.9791,228803.0
64,2019-03-21,36.9791,36.9791,36.034,36.5682,202300.0
65,2019-03-22,36.5682,38.2117,36.5682,37.883,504400.0
66,2019-03-25,38.4171,39.6292,37.7803,38.6431,835900.0
67,2019-03-26,38.8691,39.0335,37.2667,37.8008,628020.0
68,2019-03-27,37.9035,39.0335,37.8008,38.9924,778350.0
69,2019-03-28,38.3966,39.3005,38.3966,39.1978,641800.0
70,2019-03-29,39.3827,39.6087,38.7869,39.2594,468000.0
71,2019-04-01,39.6087,40.8824,39.2594,40.8824,842500.0
72,2019-04-02,41.0057,43.1422,40.1839,40.225,914300.0
73,2019-04-03,40.2661,41.5398,40.2045,40.677,490035.0
74,2019-04-04,41.4987,41.4987,40.1223,40.2045,366200.0
75,2019-04-08,40.2661,40.677,40.225,40.2661,561816.0
76,2019-04-09,40.1017,41.5398,40.1017,41.0879,683120.0
77,2019-04-10,41.2933,42.7314,40.4715,42.4438,541446.0
78,2019-04-11,42.7725,42.7725,41.17,41.6631,302765.0
79,2019-04-12,41.4987,42.3616,41.4987,42.3616,428350.0
80,2019-04-15,42.6492,42.6492,41.0879,41.0879,509658.0
81,2019-04-16,40.9235,41.622,40.8002,41.2111,786600.0
82,2019-04-17,42.115,42.3205,41.0262,41.2111,592770.0
83,2019-04-18,41.2111,41.4166,40.6359,40.6564,342100.0
84,2019-04-23,39.8552,40.6564,37.3899,38.5404,1231900.0
85,2019-04-24,39.1978,39.3622,37.7392,38.7869,1287700.0
86,2019-04-25,39.1978,39.1978,38.2117,38.4377,338800.0
87,2019-04-26,38.828,39.1567,38.5609,39.0951,1006388.0
88,2019-04-29,39.4854,39.4854,38.7253,39.1567,308657.0
89,2019-04-30,39.3005,40.2661,38.9513,39.6498,880850.0
90,2019-05-02,39.4443,39.8552,38.5815,39.0335,1095905.0
91,2019-05-03,38.9307,38.9307,37.8419,38.2117,688300.0
92,2019-05-06,37.8008,37.8008,35.1712,35.8697,722600.0
93,2019-05-07,36.8353,36.8353,35.9519,36.3627,494498.0
94,2019-05-08,35.8902,36.5476,35.0479,36.0135,382286.0
95,2019-05-09,35.7464,35.9724,33.199,33.2195,1281100.0
96,2019-05-10,34.3084,35.8492,34.3084,35.4794,1627743.0
97,2019-05-14,35.4999,36.0957,34.6165,35.089,2178060.0
98,2019-05-15,35.7464,36.0957,35.0274,35.0479,796600.0
99,2019-05-16,34.863,36.0751,34.7809,35.2945,744300.0
100,2019-05-17,35.541,36.6093,35.0068,35.3356,1199090.0
101,2019-05-20,35.4177,36.3627,34.5138,34.5138,903572.0
102,2019-05-21,34.4316,35.6643,34.4316,35.1096,1009800.0
103,2019-05-22,35.8697,36.1573,35.3356,35.4383,1215200.0
104,2019-05-23,35.2534,35.7875,34.1851,34.2467,869500.0
105,2019-05-24,35.1096,35.3561,34.5138,35.1917,681898.0
106,2019-05-27,35.6643,35.7259,34.5343,34.8014,869757.0
107,2019-05-28,34.7398,35.7464,34.4522,35.7464,8508458.0
108,2019-05-29,35.0068,36.1573,34.9658,35.6232,1714084.0
109,2019-05-30,35.5204,36.0546,35.0068,35.5615,469579.0
110,2019-05-31,35.3356,35.9519,35.2328,35.2739,630878.0
111,2019-06-03,35.4999,35.4999,34.9247,34.9863,457800.0
112,2019-06-04,35.2534,35.4999,34.5343,34.9247,357176.0
113,2019-06-05,35.2945,35.7464,34.9658,35.1507,467400.0
114,2019-06-06,35.1507,35.7259,35.1507,35.2534,971553.0
115,2019-06-10,35.4588,36.712,35.4177,35.8081,1146539.0
116,2019-06-11,36.0135,36.6915,35.541,36.6093,1743465.0
117,2019-06-12,35.7464,36.9791,35.7464,36.3217,670851.0
118,2019-06-13,35.993,36.8147,35.8902,36.034,253700.0
119,2019-06-14,36.5066,37.5954,36.3627,36.9791,378676.0
120,2019-06-17,37.5502,41.7225,36.9997,37.5502,1034126.0
121,2019-06-18,38.2456,39.7812,37.5502,38.7382,1042983.0
122,2019-06-19,39.1728,40.6505,39.1728,39.6943,1484480.0
123,2019-06-20,39.8682,40.1869,39.3466,40.1869,2325350.0
124,2019-06-21,40.1579,40.1579,37.8979,37.9848,6674494.0
125,2019-06-24,37.9559,38.5643,37.811,38.1297,719226.0
126,2019-06-25,38.1297,38.5354,36.8549,37.0867,1420620.0
127,2019-06-26,37.0867,38.7382,36.6231,38.5643,985920.0
128,2019-06-27,39.0859,40.013,38.7961,40.013,1677680.0
129,2019-06-28,40.0999,40.0999,39.5494,39.6943,873341.0
130,2019-07-02,40.4476,44.4171,40.4476,42.4468,1866500.0
131,2019-07-03,41.8674,42.7655,41.5197,42.3889,1210750.0
132,2019-07-04,41.7225,42.5338,41.7225,41.8674,1136890.0
133,2019-07-05,41.7225,42.0991,41.0271,41.143,330992.0
134,2019-07-08,40.7663,41.143,39.6074,40.0999,536810.0
135,2019-07-09,39.4046,40.5346,39.4046,40.071,856320.0
136,2019-07-10,39.9551,40.9402,39.7523,40.2738,218110.0
137,2019-07-11,40.6505,40.6505,39.7812,40.1579,388400.0
138,2019-07-12,40.0999,41.0851,39.7233,39.7523,274360.0
139,2019-07-15,38.8251,40.6794,38.8251,40.3028,452021.0
140,2019-07-16,40.5056,41.6066,39.9551,41.2589,1161000.0
141,2019-07-17,41.6066,42.273,40.3028,41.4038,473805.0
142,2019-07-18,41.143,41.3169,40.5346,41.114,202320.0
143,2019-07-19,41.6066,42.0702,41.4327,41.6066,520243.0
144,2019-07-22,41.4327,41.4327,40.7374,40.8533,272820.0
145,2019-07-23,40.9981,42.1571,40.7374,41.4907,463332.0
146,2019-07-24,41.4617,41.8963,41.2589,41.2589,257691.0
147,2019-07-25,41.0561,41.7804,41.0271,41.4907,344824.0
148,2019-07-26,40.7953,42.1861,40.7953,41.9253,245718.0
149,2019-07-29,41.143,42.8235,41.143,42.6786,448988.0
150,2019-07-30,43.4609,43.4609,42.3309,42.8235,205335.0
151,2019-07-31,42.0122,42.7655,41.8674,42.0702,190050.0
152,2019-08-01,42.0122,42.6786,41.7804,41.8384,498536.0
153,2019-08-02,41.2589,41.5197,40.5925,40.7663,585700.0
154,2019-08-05,39.4915,40.8243,38.5064,39.1728,576080.0
155,2019-08-06,38.3905,39.4625,37.4923,38.9989,469110.0
156,2019-08-07,39.5784,40.071,39.0859,39.2307,271480.0
157,2019-08-08,39.6653,40.7663,38.97,40.5635,3382720.0
158,2019-08-09,40.9692,41.7225,40.013,40.1289,317233.0
159,2019-08-12,39.8392,41.8384,39.7812,41.6356,408280.0
160,2019-08-13,42.0122,42.273,41.2879,41.6935,676820.0
161,2019-08-14,41.8384,44.3012,40.4766,43.1712,1135971.0
162,2019-08-15,43.1422,43.8955,41.6645,41.9833,365800.0
163,2019-08-16,41.5486,45.0545,41.5486,44.0404,718160.0
164,2019-08-19,44.6199,45.8078,44.6199,45.1994,625220.0
165,2019-08-20,43.7796,47.2275,43.7796,46.9088,1175373.0
166,2019-08-21,47.5173,48.6762,46.735,48.2706,1000848.0
167,2019-08-22,50.7624,50.7624,48.2706,48.5314,404746.0
168,2019-08-23,48.6183,50.8203,48.2706,50.6465,1188680.0
169,2019-08-26,48.2706,49.6324,48.2706,49.2557,899862.0
170,2019-08-27,49.5455,51.4577,49.5455,51.4288,2432407.0
171,2019-08-28,52.1531,52.1531,48.966,49.1108,1854111.0
172,2019-08-29,48.966,49.4875,48.7342,49.2557,1035102.0
173,2019-08-30,49.5455,51.8923,49.5455,50.9362,1527120.0
174,2019-09-02,51.3708,51.4577,50.3278,51.4288,1390060.0
175,2019-09-03,51.5736,51.6026,49.2557,49.8352,731420.0
176,2019-09-04,50.8783,51.2259,48.0968,48.6473,1610043.0
177,2019-09-05,49.1398,49.3426,48.0968,49.1108,531340.0
178,2019-09-06,49.7772,49.7772,47.5173,47.778,1326860.0
179,2019-09-09,48.1257,48.3865,47.0537,47.807,1246399.0
180,2019-09-10,48.0388,48.0388,47.1696,47.5463,2070180.0
181,2019-09-11,47.1986,47.4883,46.0686,46.0976,1509480.0
182,2019-09-12,46.1845,48.0968,46.1265,46.9668,614040.0
183,2019-09-13,46.8509,47.3724,46.5901,46.9668,174560.0
184,2019-09-16,47.4014,47.4304,46.5322,46.764,965429.0
185,2019-09-17,46.764,47.1986,46.5322,46.677,491758.0
186,2019-09-18,46.5611,48.0678,46.3873,47.7201,950993.0
187,2019-09-19,47.4883,48.0968,47.0247,47.9519,1018080.0
188,2019-09-20,48.4444,49.4006,48.2996,49.4006,2028073.0
189,2019-09-23,49.1978,49.1978,48.0968,48.6473,1141060.0
190,2019-09-24,48.6473,49.1978,47.6042,48.7052,1775590.0
191,2019-09-25,48.966,49.9511,48.3865,49.0819,708736.0
192,2019-09-26,49.1688,50.3278,49.1688,49.9221,1191460.0
193,2019-09-27,49.9511,50.6465,48.908,50.2119,670370.0
194,2019-09-30,49.8352,50.7044,49.3716,49.6613,918780.0
195,2019-10-02,49.5455,50.5306,49.4585,50.096,723690.0
196,2019-10-03,49.6034,50.2988,49.5455,49.5744,191902.0
197,2019-10-04,49.8352,50.4726,49.3426,49.5165,671775.0
198,2019-10-08,50.2119,50.2408,48.5603,49.1108,1043600.0
199,2019-10-09,48.8791,48.8791,48.0388,48.1547,454971.0
200,2019-10-10,48.3285,50.8493,48.0678,50.4726,2593610.0
201,2019-10-11,50.9942,51.4288,50.4147,50.5595,2648250.0
202,2019-10-14,50.5885,51.7475,50.5885,51.2259,541700.0
203,2019-10-15,51.5447,52.4428,50.7913,51.11,383760.0
204,2019-10-16,51.11,51.6895,50.3567,51.0521,471680.0
205,2019-10-17,51.6895,51.6895,50.4726,51.5157,493440.0
206,2019-10-18,51.5157,52.4139,50.038,50.5016,588115.0
207,2019-10-21,50.5016,51.139,49.0529,49.2557,525298.0
208,2019-10-22,49.2557,49.8352,48.9949,49.4006,522075.0
209,2019-10-23,49.0529,49.1398,47.5463,47.6621,852283.0
210,2019-10-24,48.0968,48.908,46.9957,48.0098,360780.0
211,2019-10-25,47.2275,48.8211,47.2275,48.5314,317200.0
212,2019-10-28,49.0239,49.8352,48.937,49.5165,451100.0
213,2019-10-29,49.9221,50.7624,49.2847,50.1539,2576806.0
214,2019-10-30,50.096,50.4147,48.6762,49.0239,621131.0
215,2019-10-31,49.2557,56.3833,49.2557,54.8767,4659080.0
216,2019-11-01,54.5579,55.4561,53.1962,54.1813,1424212.0
217,2019-11-04,55.8907,56.7889,54.7028,56.2095,1298760.0
218,2019-11-05,56.2384,56.9338,54.5579,55.1954,868180.0
219,2019-11-06,55.7169,55.7169,54.1813,54.5869,579694.0
220,2019-11-07,55.4272,56.731,54.7608,56.2095,727735.0
221,2019-11-08,56.731,57.861,56.0646,56.76,769057.0
222,2019-11-11,55.63,57.0207,53.7757,54.5869,763000.0
223,2019-11-12,55.63,55.7459,54.2972,55.4851,724150.0
224,2019-11-13,55.4851,56.9918,54.5579,56.731,1517950.0
225,2019-11-14,57.6582,58.1797,56.3833,56.6441,1212627.0
226,2019-11-15,56.7889,57.9479,56.1515,56.2964,877760.0
227,2019-11-18,56.9628,57.2815,55.3402,55.9197,474004.0
228,2019-11-19,56.8179,57.1077,56.0066,57.1077,874160.0
229,2019-11-20,57.3105,58.7012,56.6151,57.6002,594389.0
230,2019-11-21,57.9479,58.3535,55.8328,57.2236,534172.0
231,2019-11-22,57.3684,57.832,55.63,55.8618,1170947.0
232,2019-11-25,55.63,56.1805,53.1382,54.529,849960.0
233,2019-11-26,55.4561,55.4561,53.2251,53.7757,1307373.0
234,2019-11-27,53.8915,54.3841,53.37,53.8626,616679.0
235,2019-11-28,53.2831,54.1813,53.1382,53.4569,916939.0
236,2019-11-29,53.6598,53.6887,50.9942,52.6457,940020.0
237,2019-12-02,52.7326,54.0654,52.327,53.5728,866184.0
238,2019-12-03,53.2831,53.7757,52.24,53.341,453040.0
239,2019-12-04,53.37,54.9636,52.7905,53.399,533560.0
240,2019-12-05,53.7177,55.4851,53.3121,55.3113,863840.0
241,2019-12-06,54.9056,56.2095,54.9056,55.8328,681346.0
242,2019-12-09,56.7889,56.7889,54.1813,55.4272,792900.0
243,2019-12-10,56.4702,56.4702,53.5149,54.2392,363980.0
244,2019-12-11,53.8626,55.0505,53.8626,54.8767,480700.0
245,2019-12-12,55.0505,55.601,54.471,54.6449,303800.0
246,2019-12-13,54.9346,57.4264,54.9346,56.3254,915000.0
247,2019-12-16,56.4992,58.0058,56.3833,57.7161,654051.0
248,2019-12-17,58.2376,60.3238,57.9479,60.034,1023528.0
249,2019-12-18,59.9761,60.1499,57.6582,59.1648,735320.0
250,2019-12-19,58.6433,58.6433,56.9048,57.9479,583076.0
251,2019-12-20,59.1069,59.1069,55.9197,55.9197,2490842.0
252,2019-12-23,56.4702,57.0787,55.8038,56.5861,328725.0
253,2019-12-24,57.2236,57.2236,55.63,55.8038,288340.0
254,2019-12-27,56.2095,56.702,55.659,56.673,532100.0
255,2019-12-30,56.0936,56.6151,55.2823,55.601,377400.0
256,2019-12-31,55.4851,56.4702,55.4851,56.0066,187400.0
257,2020-01-02,56.4413,56.5571,54.8767,55.1954,683262.0
258,2020-01-03,55.63,56.0066,54.5579,55.2533,599785.0
259,2020-01-06,55.2243,55.2243,53.2831,53.7757,757906.0
260,2020-01-07,53.4859,54.4421,53.0223,53.6887,781529.0
261,2020-01-08,53.6018,54.7028,53.0223,53.5439,587327.0
262,2020-01-09,53.5439,56.0936,53.5439,55.8907,681590.0
263,2020-01-10,56.2095,56.9048,55.7749,56.0356,349200.0
264,2020-01-13,56.6151,57.1656,56.4413,56.8759,521756.0
265,2020-01-14,56.9048,57.9479,56.9048,57.3394,698740.0
266,2020-01-15,57.3394,58.5853,57.0497,57.861,511007.0
267,2020-01-16,58.4115,58.6433,57.3684,58.5853,965815.0
268,2020-01-17,60.3238,60.5556,58.7012,60.5556,1032374.0
269,2020-01-20,60.6135,61.8884,60.2658,61.6566,567330.0
270,2020-01-21,62.1781,62.1781,60.9612,61.2509,658838.0
271,2020-01-22,61.5986,62.5258,60.1499,60.9612,712020.0
272,2020-01-23,61.4248,61.4248,58.4115,59.8602,548410.0
273,2020-01-24,59.6863,59.8022,58.3535,59.1069,227002.0
274,2020-01-29,58.5274,59.0489,57.1656,57.3394,522634.0
275,2020-01-30,56.8179,58.2376,54.7028,55.0215,902175.0
276,2020-01-31,55.8618,57.1946,53.0803,54.8767,1227322.0
277,2020-02-03,54.529,57.6582,54.529,55.6879,1540436.0
278,2020-02-04,55.8907,58.7012,55.8907,58.0058,984790.0
279,2020-02-05,59.1648,60.6715,58.1797,59.1069,708301.0
280,2020-02-06,59.6863,64.0904,59.2228,63.5109,1211391.0
281,2020-02-07,63.2212,65.5391,62.0043,63.395,1632932.0
282,2020-02-10,63.395,66.4083,62.294,65.3073,1150720.0
283,2020-02-11,65.9447,66.2924,64.0904,64.9016,509790.0
284,2020-02-12,65.4232,67.3934,65.1334,65.597,928572.0
285,2020-02-13,66.2924,67.6252,64.3222,67.0457,893350.0
286,2020-02-14,67.799,69.4216,66.698,67.9729,705080.0
287,2020-02-17,68.7842,70.8123,68.3785,70.2329,537000.0
288,2020-02-18,70.3487,71.6236,69.3636,70.2908,531202.0
289,2020-02-19,72.4349,72.4349,67.9729,69.3057,1165900.0
290,2020-02-20,69.7693,69.7693,67.2196,68.6683,1423550.0
291,2020-02-21,68.7262,70.117,67.3355,69.7693,580700.0
292,2020-02-24,69.5954,71.1021,68.1467,69.1898,1002590.0
293,2020-02-25,69.8272,71.9713,67.9729,70.9282,797186.0
294,2020-02-26,70.6964,71.5077,67.6831,68.1467,816905.0
295,2020-02-27,68.4944,68.9001,67.3934,67.7411,736099.0
296,2020-02-28,65.3652,66.9878,64.4381,66.5821,1417700.0
297,2020-03-02,66.0606,69.1898,65.3652,68.2626,854397.0
298,2020-03-03,69.3057,71.7395,69.0159,69.8852,771032.0
299,2020-03-04,71.218,72.8405,70.059,71.1021,928300.0
300,2020-03-05,72.4349,72.7246,70.117,70.9862,713418.0
301,2020-03-06,70.3487,73.0144,70.1749,71.5657,729127.0
302,2020-03-09,69.7693,70.8703,66.8139,67.0457,909173.0
303,2020-03-10,66.9298,68.0888,65.1334,66.4662,1409008.0
304,2020-03-11,66.4662,67.1616,65.3073,66.3503,1420368.0
305,2020-03-12,66.3503,66.3503,60.8453,61.3089,1599523.0
306,2020-03-13,55.63,60.1499,55.63,59.2228,3814147.0
307,2020-03-16,57.3105,58.5853,51.4577,52.2111,2961296.0
308,2020-03-17,50.9072,54.9926,50.6465,54.6738,3600947.0
309,2020-03-18,55.7459,57.0207,51.8634,52.4428,1536131.0
310,2020-03-19,51.8634,53.1382,49.2847,51.8054,2406409.0
311,2020-03-20,54.3841,55.9777,52.298,55.9197,2092223.0
312,2020-03-23,52.7905,53.8336,50.8493,51.0521,2594377.0
313,2020-03-24,52.8485,54.4421,52.24,53.8915,1382847.0
314,2020-03-25,55.7459,57.9479,55.7459,57.7451,1980851.0
315,2020-03-26,58.0058,58.6433,56.2964,57.6002,1029900.0
316,2020-03-27,59.6284,59.6863,56.3833,57.1656,1547263.0
317,2020-03-30,57.1656,57.1656,52.0372,53.0803,1786371.0
318,2020-03-31,54.1813,55.2823,52.9934,55.2823,1317880.0
319,2020-04-01,55.9197,56.2095,54.0654,54.471,1176911.0
320,2020-04-02,55.601,56.3833,54.6159,56.3833,1072601.0
321,2020-04-03,56.7889,57.7451,56.3254,56.3543,732080.0
322,2020-04-06,57.5423,59.2807,57.3684,58.8751,1299935.0
323,2020-04-07,59.4545,59.6863,56.9628,58.7592,1335333.0
324,2020-04-08,57.9479,58.991,57.1077,57.6582,714656.0
325,2020-04-09,58.4694,61.5986,58.0058,61.0771,2057687.0
326,2020-04-14,61.4248,62.4099,60.7873,62.0622,1645075.0
327,2020-04-15,62.5837,62.5837,60.1499,60.5556,812600.0
328,2020-04-16,60.7873,61.2509,59.3386,60.9032,1175580.0
329,2020-04-17,63.0473,63.0473,60.3238,60.9032,1128895.0
330,2020-04-20,60.9032,64.2642,60.9032,63.7427,1175095.0
331,2020-04-21,64.2063,64.2063,61.2509,63.395,1498600.0
332,2020-04-22,62.8735,66.1186,61.7145,65.0755,1519675.0
333,2020-04-23,65.7129,66.1765,62.294,63.2212,1134155.0
334,2020-04-24,62.0622,62.294,60.2658,61.7725,716223.0
335,2020-04-27,61.8884,64.0324,61.8304,63.2212,570247.0
336,2020-04-28,64.554,64.554,62.4099,64.496,946182.0
337,2020-04-29,64.9016,66.0606,62.9894,63.4529,566206.0
338,2020-05-04,63.7427,65.4811,61.4248,62.0043,558715.0
339,2020-05-05,62.294,63.6847,61.0771,61.8304,298800.0
340,2020-05-06,62.0622,63.0473,60.6135,61.0771,1145887.0
341,2020-05-07,60.8453,62.9894,60.8453,62.236,925300.0
342,2020-05-08,62.9894,64.554,62.4099,63.8006,865713.0
343,2020-05-11,63.8006,65.3652,63.1632,64.2063,697600.0
344,2020-05-12,66.0606,66.0606,64.2063,65.1914,1340865.0
345,2020-05-13,65.4811,68.5524,64.9016,67.9149,1390536.0
346,2020-05-14,67.3355,68.9001,66.9878,68.2626,790293.0
347,2020-05-15,67.6831,68.4944,66.8719,67.9729,531200.0
348,2020-05-18,67.799,70.059,67.4514,68.8421,929746.0
349,2020-05-19,70.4067,70.4067,67.2196,69.3057,906047.0
350,2020-05-20,69.5375,69.7693,67.799,68.3785,1005439.0
351,2020-05-21,68.1467,69.7693,67.6252,68.9001,1036436.0
352,2020-05-22,69.0739,69.0739,64.6699,65.7709,1346765.0
353,2020-05-25,64.8437,66.4083,64.8437,66.3503,550489.0
354,2020-05-26,68.3665,69.4246,66.7387,68.041,1481223.0
355,2020-05-27,69.628,69.628,64.9889,66.8608,2183017.0
356,2020-05-28,66.2504,67.4712,62.71,64.0936,1842614.0
357,2020-05-29,64.0936,66.7387,63.8901,66.7387,2673176.0
358,2020-06-01,69.0176,69.8315,67.7561,69.0176,1880210.0
359,2020-06-02,69.0176,69.5466,68.163,69.2618,1153600.0
360,2020-06-03,70.2791,72.7208,69.5873,72.6394,1751253.0
361,2020-06-04,73.087,81.0631,72.965,73.3719,3050584.0
362,2020-06-05,73.2905,74.8776,72.0697,73.1277,1074957.0
363,2020-06-08,71.4593,73.2091,69.3839,70.2791,1956696.0
364,2020-06-09,71.5814,72.1104,68.8141,69.7908,1262961.0
365,2020-06-10,71.5407,73.2498,70.6454,72.0697,1437639.0
366,2020-06-11,71.3779,72.8836,71.3779,72.1511,1200002.0
367,2020-06-12,70.5233,73.0464,70.1978,72.2732,1323861.0
368,2020-06-15,71.7848,74.552,71.7848,72.965,1538569.0
369,2020-06-16,75.2845,75.6508,73.8195,75.2845,1370455.0
370,2020-06-17,75.5694,79.7609,75.5694,76.424,1054560.0
371,2020-06-18,76.6682,76.9123,74.8776,75.6508,650007.0
372,2020-06-19,77.2379,79.4354,75.488,78.8656,2072459.0
373,2020-06-22,79.354,79.7202,77.8483,78.7843,653146.0
374,2020-06-23,78.4587,81.7956,78.1738,81.7143,813248.0
375,2020-06-24,82.1212,84.4815,80.9004,82.8537,1304455.0
376,2020-06-26,83.0165,83.749,80.2493,80.5748,1291978.0
377,2020-06-29,82.2026,84.1559,80.819,83.1792,2034870.0
378,2020-06-30,84.0745,84.0745,80.5748,81.9584,2571190.0
379,2020-07-02,83.8304,83.8304,80.0865,80.4934,2321311.0
380,2020-07-03,80.7376,82.8537,79.7609,82.2026,2159980.0
381,2020-07-06,82.2026,82.2026,80.2493,80.4934,1426908.0
382,2020-07-07,80.0458,83.4234,78.4994,81.7956,2627652.0
383,2020-07-08,82.1212,86.679,81.2666,85.9465,1999786.0
384,2020-07-09,86.679,90.3415,85.4581,89.5276,1801071.0
385,2020-07-10,89.9345,91.9692,87.1673,87.737,1416377.0
386,2020-07-13,87.9812,92.4576,87.9812,91.4809,877195.0
387,2020-07-14,92.6203,92.6203,87.8998,90.0973,1650800.0
388,2020-07-15,93.3528,96.4456,91.074,94.5737,2265443.0
389,2020-07-16,94.8992,97.585,88.5509,89.9345,3919750.0
390,2020-07-17,89.8531,92.2948,88.4695,89.0392,1542475.0
391,2020-07-20,90.1787,90.9926,86.5162,88.7137,1632815.0
392,2020-07-21,90.3415,95.062,90.0159,94.5737,3560882.0
393,2020-07-22,96.7712,97.5037,91.8064,91.8878,2427280.0
394,2020-07-23,94.3295,100.1081,94.0853,97.7478,2854681.0
395,2020-07-24,96.6898,97.7478,90.667,91.4809,2421395.0
396,2020-07-27,92.3762,95.062,89.7717,90.9926,1478781.0
397,2020-07-28,92.6203,94.6551,91.1553,92.7017,1890080.0
398,2020-07-29,92.7831,92.7831,88.7951,91.2367,13312221.0
399,2020-07-30,92.7831,95.062,91.6437,92.8645,4667868.0
400,2020-07-31,94.3295,95.7945,93.1901,94.9806,2591826.0
401,2020-08-03,96.0387,98.0734,94.4923,97.2595,6588997.0
402,2020-08-04,98.3175,99.6198,96.6084,97.6664,3134460.0
403,2020-08-05,97.3409,102.0614,96.7712,100.1895,4639262.0
404,2020-08-06,100.5964,102.4684,97.9106,99.457,3896583.0
405,2020-08-07,100.4337,101.0034,95.5503,98.2362,3877632.0
406,2020-08-10,96.9339,100.5964,96.2828,97.8292,6719471.0
407,2020-08-11,97.585,100.922,95.2248,95.2248,3246477.0
408,2020-08-12,94.4109,96.0387,89.4462,91.6437,3465882.0
409,2020-08-13,93.4342,94.3295,90.7484,92.2134,2401482.0
410,2020-08-14,92.6203,94.4109,89.6903,91.1553,2699384.0
411,2020-08-17,92.2948,92.5389,88.5509,90.667,1973680.0
412,2020-08-18,90.9926,94.8178,90.7484,93.2714,2133321.0
413,2020-08-19,92.7831,93.2714,90.7484,91.8878,1253668.0
414,2020-08-20,91.9692,92.3762,89.6903,90.3415,1402975.0
415,2020-08-21,91.7251,91.9692,90.0159,91.2367,979907.0
416,2020-08-24,91.9692,91.9692,89.5276,90.9926,1661477.0
417,2020-08-25,91.4809,92.0506,90.0159,92.0506,1073982.0
418,2020-08-26,91.9692,94.2481,91.1553,93.6784,1896814.0
419,2020-08-27,95.2248,95.2248,90.3415,93.0273,1901887.0
420,2020-08-28,92.0506,96.2014,90.3415,95.062,2881140.0
421,2020-08-31,96.8525,97.6664,92.7831,93.4342,3091140.0
422,2020-09-01,94.4109,94.4109,91.1553,91.2367,1784239.0
423,2020-09-02,91.8878,94.1667,90.3415,93.7598,1312446.0
424,2020-09-03,94.7364,97.1781,92.7017,93.597,2659344.0
425,2020-09-04,91.8878,92.4576,89.5276,92.0506,2562303.0
426,2020-09-07,91.1553,91.8064,88.2253,88.2253,1436221.0
427,2020-09-08,88.6323,88.8765,86.5162,88.3067,1412874.0
428,2020-09-09,86.1906,87.4928,85.1326,86.3534,1727275.0
429,2020-09-10,87.8998,88.2253,84.807,85.5395,1609205.0
430,2020-09-11,84.6442,87.5742,84.6442,87.4115,1226522.0
431,2020-09-14,87.4115,88.6323,86.1092,87.4928,1519135.0
432,2020-09-15,87.8998,88.9578,86.9231,88.9578,1034624.0
433,2020-09-16,88.9578,91.3995,86.3534,88.6323,1859556.0
434,2020-09-17,89.0392,89.0392,84.807,86.272,1411340.0
435,2020-09-18,87.5742,88.2253,85.3767,88.2253,1993352.0
436,2020-09-21,87.0859,88.144,84.9698,86.272,1387654.0
437,2020-09-22,85.4581,86.9231,84.2373,85.4581,1061179.0
438,2020-09-23,87.0045,89.1206,86.1906,88.3881,1482999.0
439,2020-09-24,88.0626,88.0626,85.7837,86.1906,1196909.0
440,2020-09-25,86.4348,88.5509,86.4348,87.6556,2153411.0
441,2020-09-28,87.8998,89.0392,85.6209,86.679,1661700.0
442,2020-09-29,86.272,89.4462,86.272,88.7951,1014442.0
443,2020-09-30,89.6903,91.8064,88.7951,90.5856,1221920.0
444,2020-10-05,91.9692,93.597,90.5042,91.8064,758823.0
445,2020-10-06,92.7831,93.2714,90.8298,92.5389,785083.0
446,2020-10-07,92.5389,92.5389,90.8298,91.7251,514410.0
447,2020-10-08,91.6437,92.5389,90.4228,91.8878,853680.0
448,2020-10-09,91.1553,93.9226,90.8298,92.7017,992464.0
449,2020-10-12,95.5503,97.0153,94.2481,95.4689,1849296.0
450,2020-10-14,97.0967,97.4223,94.4923,96.0387,1754149.0
451,2020-10-15,96.8525,97.6664,95.4689,96.3642,1227060.0
452,2020-10-16,97.0153,98.2362,93.7598,95.4689,1290029.0
453,2020-10-19,95.3062,96.7712,91.5623,92.6203,1278955.0
454,2020-10-20,92.6203,96.8525,91.9692,96.6084,1003816.0
455,2020-10-21,97.3409,98.8873,96.0387,97.4223,2483412.0
456,2020-10-22,97.4223,97.9106,94.4923,97.3409,1124906.0
457,2020-10-23,97.4223,97.4223,92.2134,92.7017,982928.0
458,2020-10-27,91.1553,96.9339,86.9231,96.3642,1431326.0
459,2020-10-28,98.4803,99.2942,96.9339,98.9687,1409048.0
460,2020-10-29,97.5037,103.1195,97.1781,100.4337,2065926.0
461,2020-10-30,103.6078,104.4217,99.3756,100.515,1741589.0
462,2020-11-02,102.387,104.1775,99.8639,102.5498,1422942.0
463,2020-11-03,104.5031,105.3984,103.0381,104.3403,1678467.0
464,2020-11-04,104.1775,104.5845,101.7359,104.4217,1250757.0
465,2020-11-05,105.5611,108.5725,102.7125,108.3284,2484852.0
466,2020-11-06,110.2003,110.2003,106.0495,108.247,1683261.0
467,2020-11-09,108.9795,113.1303,108.7353,111.6653,1911920.0
468,2020-11-10,111.7467,111.9095,105.8867,111.6653,2572458.0
469,2020-11-11,111.6653,112.235,102.0614,103.5264,2941654.0
470,2020-11-12,104.2589,108.8981,104.2589,106.0495,1808852.0
471,2020-11-13,108.7353,108.7353,106.2122,107.9214,1659010.0
472,2020-11-16,109.4678,111.2583,107.9214,110.2003,1329179.0
473,2020-11-17,110.2003,111.177,106.782,109.712,1307995.0
474,2020-11-18,108.3284,109.5492,98.7245,100.7592,3367390.0
475,2020-11-19,100.922,101.98,96.9339,100.1081,2611840.0
476,2020-11-20,100.1081,103.1195,99.9453,102.1428,1771992.0
477,2020-11-23,104.0961,104.0961,99.457,100.1081,893004.0
478,2020-11-24,101.6545,101.6545,96.3642,97.3409,1992615.0
479,2020-11-25,98.4803,98.8873,92.0506,92.6203,3712769.0
480,2020-11-26,92.6203,94.8178,92.2134,93.4342,2313704.0
481,2020-11-27,93.4342,94.4109,91.1553,93.2714,1033368.0
482,2020-11-30,94.0853,95.1434,90.8298,94.4109,2823073.0
483,2020-12-01,95.2248,97.6664,94.4109,97.2595,1652913.0
484,2020-12-02,98.4803,99.05,95.4689,97.1781,1692788.0
485,2020-12-03,98.0734,101.2475,96.2014,100.1081,1260568.0
486,2020-12-04,102.1428,102.1428,99.5384,101.4917,809848.0
487,2020-12-07,101.4917,103.2823,100.922,102.5498,1274853.0
488,2020-12-08,104.0961,104.4217,101.6545,102.0614,534973.0
489,2020-12-09,102.5498,103.7706,100.1081,101.2475,973150.0
490,2020-12-10,102.0614,102.0614,99.2128,100.8406,711484.0
491,2020-12-11,102.5498,103.2823,101.3289,102.5498,790687.0
492,2020-12-14,104.9914,105.5611,101.0848,104.3403,1361865.0
493,2020-12-15,104.5845,108.247,104.5845,106.1309,880943.0
494,2020-12-16,108.8981,109.712,107.1889,108.4097,1006697.0
495,2020-12-17,113.1303,115.3278,109.9561,112.3164,2146135.0
496,2020-12-18,112.5606,114.6767,111.8281,113.2931,968278.0
497,2020-12-21,113.3745,115.4906,113.0489,113.9442,776560.0
498,2020-12-22,115.0836,118.5019,113.6186,115.5719,1336047.0
499,2020-12-23,115.5719,116.9556,113.5372,114.6767,1015575.0
500,2020-12-24,115.0022,116.7114,114.1883,115.3278,494366.0
501,2020-12-28,118.8275,124.5247,117.0369,120.3739,1631858.0
502,2020-12-29,121.3505,121.6761,116.7928,118.4206,863260.0
503,2020-12-30,118.4206,122.8969,118.4206,121.5947,700944.0
504,2020-12-31,121.5947,125.1758,121.5947,123.548,1090211.0
505,2021-01-04,123.548,129.2452,123.548,128.1872,1066007.0
506,2021-01-05,128.1872,132.9077,125.3386,132.0939,1720584.0
507,2021-01-06,130.4661,133.3961,128.1872,130.7102,1876371.0
508,2021-01-07,130.7102,134.21,129.5708,132.2566,1519518.0
509,2021-01-08,134.1286,139.5816,132.338,133.7216,1459278.0
510,2021-01-11,134.6169,141.6163,131.1986,138.6049,2184605.0
511,2021-01-12,138.3608,138.7677,133.8844,137.6283,1340348.0
512,2021-01-13,137.5469,139.2561,132.0939,132.5822,1267997.0
513,2021-01-14,132.6636,136.733,128.9197,135.9191,1588741.0
514,2021-01-15,136.733,137.5469,131.28,134.1286,1542659.0
515,2021-01-18,134.6983,137.8725,131.6869,137.8725,760842.0
516,2021-01-19,138.3608,142.1861,136.0005,138.5236,1278896.0
517,2021-01-20,139.1747,149.7552,139.1747,149.0227,2342763.0
518,2021-01-21,151.4644,153.0921,146.581,147.8833,2436113.0
519,2021-01-22,151.383,167.3352,151.383,166.0329,3495181.0
520,2021-01-25,166.0329,170.1024,161.8007,168.9629,2941216.0
521,2021-01-26,168.9629,168.9629,159.2777,162.4518,2234974.0
522,2021-01-27,159.5218,160.9868,151.4644,151.4644,4427165.0
523,2021-01-28,150.3249,156.4291,144.4649,148.2902,5191807.0
524,2021-01-29,148.9413,157.0802,148.6158,150.5691,2614822.0
525,2021-02-01,153.0107,157.0802,150.2435,155.778,2611521.0
526,2021-02-02,160.0916,163.4285,155.6152,159.1963,1775766.0
527,2021-02-03,158.0568,172.544,158.0568,169.2885,2269844.0
528,2021-02-04,166.3585,167.0096,159.1963,163.5913,2261213.0
529,2021-02-05,166.0329,169.1257,161.5566,163.2657,1524772.0
530,2021-02-08,166.0329,166.0329,158.7893,161.8007,1941624.0
531,2021-02-09,162.6146,168.4746,162.6146,167.6607,928251.0
532,2021-02-10,168.4746,172.3813,163.5913,171.5674,1518382.0
533,2021-02-11,169.4513,170.2652,167.0096,168.3118,342467.0
534,2021-02-16,173.1951,175.7996,169.2885,171.4046,970390.0
535,2021-02-17,173.5207,174.6601,167.1724,172.7068,936548.0
536,2021-02-18,173.8463,173.8463,159.0335,161.1496,2843212.0
537,2021-02-19,162.7774,163.4285,157.243,162.2077,2125680.0
538,2021-02-22,165.2191,165.2191,148.453,148.9413,2431498.0
539,2021-02-23,146.581,150.976,145.6858,146.581,3370214.0
540,2021-02-24,150.976,150.976,135.1866,138.0352,3024059.0
541,2021-02-25,139.9886,141.3722,136.0819,138.2794,2512935.0
542,2021-02-26,130.9544,137.14,130.2219,131.6055,4305400.0
543,2021-03-01,138.6049,142.4302,134.7797,141.6163,1850321.0
544,2021-03-02,144.4649,146.4997,133.6402,135.268,3442356.0
545,2021-03-03,135.268,139.4188,135.1052,138.4422,1438602.0
546,2021-03-04,134.3727,135.9191,127.8616,127.8616,1996754.0
547,2021-03-05,122.7342,127.6989,120.9436,124.8503,2581193.0
548,2021-03-08,126.1525,127.7803,113.8628,114.2697,4884363.0
549,2021-03-09,114.5953,119.3158,110.6886,114.4325,4965629.0
550,2021-03-10,120.4553,122.5714,118.095,120.618,3960113.0
551,2021-03-11,124.2805,129.0825,121.9203,126.8036,3199143.0
552,2021-03-12,129.408,130.1405,123.4667,125.7455,3121681.0
553,2021-03-15,125.8269,127.1291,114.5953,115.6533,2806764.0
554,2021-03-16,117.6067,120.8622,116.3858,120.618,1608145.0
555,2021-03-17,120.0483,121.7575,115.2464,121.7575,2262967.0
556,2021-03-18,124.9316,124.9316,120.9436,122.5714,2657386.0
557,2021-03-19,120.4553,121.5947,116.7928,118.9903,1826569.0
558,2021-03-22,119.3158,119.8855,113.1303,114.7581,1818400.0
559,2021-03-23,115.2464,117.9322,113.1303,115.0022,2266032.0
560,2021-03-24,115.0022,116.9556,111.9095,113.7814,2101768.0
561,2021-03-25,113.7814,119.2344,110.6886,117.6881,2614680.0
562,2021-03-26,117.7694,124.6061,117.7694,123.0597,3851084.0
563,2021-03-29,125.1758,127.2105,120.2111,120.6994,2992304.0
564,2021-03-30,122.8969,128.6755,120.8622,127.3733,3879763.0
565,2021-03-31,129.8964,129.8964,122.9783,124.4433,2577144.0
566,2021-04-01,125.2572,132.338,125.2572,132.338,2375958.0
567,2021-04-07,133.1519,134.1286,127.6175,132.5008,2367309.0
568,2021-04-08,129.1639,134.9425,129.1639,134.1286,2416010.0
569,2021-04-09,134.1286,136.733,128.5941,129.7336,2814061.0
570,2021-04-12,129.3266,130.1405,122.5714,125.013,2417815.0
571,2021-04-13,125.7455,127.5361,123.4667,125.2572,1913807.0
572,2021-04-14,128.5941,129.0825,123.6294,128.0244,1597311.0
573,2021-04-15,128.0244,129.408,123.3853,127.6989,2173994.0
574,2021-04-16,128.5128,128.5941,124.1178,127.8616,1440558.0
575,2021-04-19,127.8616,130.1405,124.7689,129.815,1829159.0
576,2021-04-20,131.0358,135.268,127.4547,133.4775,3835655.0
577,2021-04-21,134.4541,134.8611,130.0591,133.4775,2088365.0
578,2021-04-22,137.8725,137.8725,132.9077,133.8844,1919064.0
579,2021-04-23,133.4775,141.2908,131.6869,140.9652,1844824.0
580,2021-04-26,140.8024,144.8719,139.1747,139.2561,2873504.0
581,2021-04-27,141.4536,142.9186,139.3374,142.1047,1586412.0
582,2021-04-28,142.7558,147.3949,141.2094,146.3369,1841117.0
583,2021-04-29,150.2435,150.2435,144.7091,148.046,1237692.0
584,2021-04-30,149.5924,153.5805,147.5577,149.511,2013384.0
585,2021-05-03,150.0808,152.5224,147.3949,150.4877,695332.0
586,2021-05-04,150.8946,152.1969,145.4416,146.3369,693114.0
587,2021-05-05,144.8719,147.1508,139.8258,141.6977,1168079.0
588,2021-05-06,142.1047,144.3835,136.5702,139.2561,2883346.0
589,2021-05-07,139.2561,141.5349,133.6402,134.9425,1952814.0
590,2021-05-10,135.0238,139.5816,133.0705,138.0352,2064215.0
591,2021-05-11,134.9425,140.9652,132.338,139.5002,2221358.0
592,2021-05-12,139.9886,144.5463,138.3608,143.8138,1157271.0
593,2021-05-13,143.8138,144.3022,138.7677,140.6397,1086231.0
594,2021-05-14,142.4302,144.7905,138.1166,142.593,1604679.0
595,2021-05-17,144.058,151.383,142.5116,148.3716,2189317.0
596,2021-05-18,148.9413,149.7552,145.9299,149.7552,551324.0
597,2021-05-20,147.3135,151.383,146.3369,151.383,1333653.0
598,2021-05-21,152.1969,154.9641,150.976,154.6385,1521834.0
599,2021-05-24,157.8941,157.8941,149.511,153.3363,1364852.0
600,2021-05-25,153.3363,161.1496,153.3363,160.8241,3026373.0
601,2021-05-26,160.8241,165.2191,157.9755,163.1029,2545954.0
602,2021-05-27,163.1029,163.1029,158.5452,159.4405,3479508.0
603,2021-05-28,162.385,165.7129,154.0651,157.2951,2267895.0
604,2021-05-31,159.5464,162.7765,157.5888,162.6786,1803432.0
605,2021-06-01,163.6574,172.0752,161.7977,171.0964,2664517.0
606,2021-06-02,171.6837,173.5434,164.6362,165.4193,2029215.0
607,2021-06-03,166.2023,169.5303,162.7765,163.7553,1035268.0
608,2021-06-04,160.721,167.7684,160.721,166.3981,2328915.0
609,2021-06-07,169.3345,169.3345,161.504,164.832,644611.0
610,2021-06-08,166.3981,169.1388,161.6019,163.168,1399632.0
611,2021-06-09,161.6019,165.4193,158.9591,164.6362,1156435.0
612,2021-06-10,165.4193,168.6494,163.5595,167.5727,1567428.0
613,2021-06-11,169.7261,169.8239,165.2235,167.0833,886739.0
614,2021-06-15,166.0066,168.16,161.4062,164.2447,1675228.0
615,2021-06-16,164.2447,164.3426,151.0307,152.9884,2924674.0
616,2021-06-17,152.6947,156.4142,151.9117,154.3587,2024526.0
617,2021-06-18,155.6312,163.2659,155.0439,161.7977,3196573.0
618,2021-06-21,161.504,166.3002,159.1549,163.9511,2151562.0
619,2021-06-22,162.0913,171.8795,160.1337,167.1812,2902873.0
620,2021-06-23,167.3769,177.0672,167.3769,172.7604,2821552.0
621,2021-06-24,173.3477,175.4032,167.9642,172.6625,1719909.0
622,2021-06-25,172.6625,181.5697,170.7049,178.4375,1827388.0
623,2021-06-28,178.4375,181.0803,176.382,179.8078,1307878.0
624,2021-06-29,179.8078,180.1015,175.1095,176.1862,1613414.0
625,2021-06-30,177.9481,180.1015,174.8159,177.4587,1805957.0
626,2021-07-02,182.0591,184.0167,168.943,172.8583,2879342.0
627,2021-07-05,172.271,176.6756,168.2578,171.2922,1445260.0
628,2021-07-06,171.2922,171.2922,154.3587,163.2659,4407201.0
629,2021-07-07,165.9087,175.4032,160.8189,174.9138,3340742.0
630,2021-07-08,173.1519,179.1227,165.6151,166.7896,2861837.0
631,2021-07-09,165.5172,170.607,160.721,167.1812,1762868.0
632,2021-07-12,167.1812,179.5142,162.5807,177.165,2074422.0
633,2021-07-13,176.0883,179.5142,172.3689,173.5434,1370150.0
634,2021-07-14,176.9693,183.5273,173.6413,179.1227,2370628.0
635,2021-07-15,180.1015,181.8633,175.7947,180.2972,2296774.0
636,2021-07-16,192.7282,192.7282,183.3316,186.0722,3913994.0
637,2021-07-19,186.0722,189.6938,182.4506,183.3316,1217914.0
638,2021-07-20,183.3316,185.7786,178.1439,181.7655,1779928.0
639,2021-07-21,187.1489,187.1489,181.6676,181.7655,2083046.0
640,2021-07-22,184.0167,184.9955,176.2841,178.2417,1336376.0
641,2021-07-23,180.2972,181.3739,169.3345,172.6625,1770292.0
642,2021-07-26,167.3769,169.0409,157.1973,160.8189,4578599.0
643,2021-07-27,152.5968,161.4062,147.8986,151.3244,5365408.0
644,2021-07-28,149.8562,169.3345,149.7583,169.2367,4075913.0
645,2021-07-29,176.1862,176.1862,170.5091,174.2286,1647354.0
646,2021-07-30,175.2074,175.2074,165.0278,168.16,1922872.0
647,2021-08-02,169.1388,169.1388,156.7079,168.5515,1725196.0
648,2021-08-03,180.1015,180.1015,167.3769,175.6968,2202302.0
649,2021-08-04,178.046,178.1439,172.0752,177.165,2681376.0
650,2021-08-05,177.4587,177.9481,172.5646,173.3477,2161598.0
651,2021-08-06,173.1519,174.4244,160.2316,160.8189,3095976.0
652,2021-08-09,158.274,161.4062,155.6312,159.2528,2008934.0
653,2021-08-10,160.5252,162.8744,156.4142,162.8744,1886086.0
654,2021-08-11,160.721,163.0701,158.1761,160.1337,1362637.0
655,2021-08-12,160.1337,162.4829,151.3244,155.1418,3333571.0
656,2021-08-13,156.61,160.3295,153.3799,156.8057,2404464.0
657,2021-08-16,159.2528,159.8401,151.3244,152.2053,1151065.0
658,2021-08-17,150.5413,155.6312,139.1871,142.8087,4843417.0
659,2021-08-18,142.9066,144.8642,138.9914,140.6553,3138623.0
660,2021-08-19,140.5575,144.4727,139.0892,142.0257,3084235.0
661,2021-08-20,140.949,141.732,128.8117,133.9994,4565974.0
662,2021-08-23,134.4888,140.1659,131.2587,138.4041,3861722.0
663,2021-08-24,141.1447,148.1922,140.2638,148.0943,3514672.0
664,2021-08-25,150.0519,150.0519,144.7664,146.3325,2298671.0
665,2021-08-26,145.843,146.0388,137.9147,140.0681,1602234.0
666,2021-08-27,136.3486,145.5494,136.3486,141.8299,1519624.0
667,2021-08-30,146.2346,150.2477,143.4939,147.507,3020243.0
668,2021-08-31,147.8986,152.6947,145.843,151.7159,3264916.0
669,2021-09-01,152.9884,152.9884,142.5151,151.2265,2579020.0
670,2021-09-02,152.6947,153.4778,145.06,146.3325,1729294.0
671,2021-09-03,146.3325,153.4778,144.0812,151.9117,1464638.0
672,2021-09-06,152.5968,162.2871,152.5968,161.7977,3234063.0
673,2021-09-07,161.7977,164.4405,157.4909,163.8532,2446175.0
674,2021-09-08,165.4193,165.4193,157.2951,161.8956,2286960.0
675,2021-09-09,160.5252,163.6574,158.7634,159.7422,1369979.0
676,2021-09-10,159.7422,161.7977,157.8824,161.6019,1101680.0
677,2021-09-13,160.6231,162.7765,156.3163,157.4909,1975438.0
678,2021-09-14,161.504,165.7129,157.2951,165.3214,2344346.0
679,2021-09-15,165.4193,171.7816,162.7765,164.5384,3316249.0
680,2021-09-16,164.4405,168.0621,161.2104,166.3981,1703110.0
681,2021-09-17,166.9854,175.7947,164.5384,174.8159,3295439.0
682,2021-09-20,173.935,176.382,170.5091,176.1862,1064082.0
683,2021-09-21,175.2074,178.1439,174.2286,176.1862,1302460.0
684,2021-09-23,178.1439,178.6333,172.6625,175.1095,3717751.0
685,2021-09-24,174.3265,177.6544,172.271,173.6413,1664479.0
686,2021-09-27,174.2286,178.6333,173.054,176.6756,2462199.0
687,2021-09-28,178.1439,178.1439,171.6837,176.6756,2561331.0
688,2021-09-29,176.6756,176.6756,171.0964,173.935,2543871.0
689,2021-09-30,173.054,178.829,172.6625,178.2417,1719455.0
690,2021-10-04,178.7311,185.7786,169.4324,175.5989,2652302.0
691,2021-10-05,171.2922,177.165,170.4112,172.9561,1333717.0
692,2021-10-06,172.7604,174.4244,168.7473,172.7604,2030413.0
693,2021-10-07,172.7604,174.2286,169.0409,172.271,1110848.0
694,2021-10-08,175.8926,180.3951,168.5515,170.9985,3240770.0
695,2021-10-11,172.6625,173.3477,160.1337,162.2871,3874575.0
696,2021-10-12,161.6998,166.1045,160.9168,162.7765,1414301.0
697,2021-10-15,165.3214,165.3214,159.6443,161.0146,3977083.0
698,2021-10-18,161.0146,167.3769,160.6231,166.6917,2012344.0
699,2021-10-19,166.6917,168.7473,162.6786,167.7684,2939250.0
700,2021-10-20,167.3769,170.0197,162.7765,166.2023,2556862.0
701,2021-10-21,163.4617,166.3981,163.168,165.5172,1752771.0
702,2021-10-22,166.2023,166.6917,160.5252,164.1468,1905913.0
703,2021-10-25,160.1337,165.9087,160.1337,164.6362,1422680.0
704,2021-10-26,165.1256,166.3002,162.4829,164.832,1343478.0
705,2021-10-27,165.2235,165.2235,157.393,158.9591,1229217.0
706,2021-10-28,158.0782,159.7422,155.8269,157.393,1763093.0
707,2021-10-29,157.7846,163.168,154.7502,162.7765,1351112.0
708,2021-11-01,169.7261,169.7261,150.1498,150.835,5063272.0
709,2021-11-02,151.618,156.8057,150.9329,152.2053,1820039.0
710,2021-11-03,152.2053,156.61,152.0096,156.1206,3324821.0
711,2021-11-04,156.1206,157.393,145.1579,150.6392,5754062.0
712,2021-11-05,148.6816,151.0307,146.8219,147.8986,2093567.0
713,2021-11-08,148.4858,151.4223,142.9066,144.6685,3078684.0
714,2021-11-09,146.8219,151.5202,144.2769,150.9329,4195032.0
715,2021-11-10,151.4223,153.9672,146.6261,153.6735,3307525.0
716,2021-11-11,153.6735,155.8269,151.0307,153.0863,1546256.0
717,2021-11-12,154.5545,154.5545,150.835,152.2053,789480.0
718,2021-11-15,151.618,155.6312,151.618,155.0439,768698.0
719,2021-11-16,155.5333,162.8744,154.6524,161.8956,2360553.0
720,2021-11-17,164.4405,167.8663,161.9934,163.3638,2628578.0
721,2021-11-18,163.5595,163.5595,155.729,157.7846,1682275.0
722,2021-11-19,157.5888,157.5888,153.6735,154.946,2325328.0
723,2021-11-22,155.4354,155.4354,150.4435,152.6947,1871965.0
724,2021-11-23,152.1074,153.6735,150.0519,151.2265,2118466.0
725,2021-11-24,152.8905,156.61,151.8138,156.3163,1450337.0
726,2021-11-25,157.1973,161.1125,156.2185,159.9379,1060854.0
727,2021-11-26,161.504,166.3002,161.3083,163.6574,1955777.0
728,2021-11-29,166.496,172.9561,166.3981,168.8451,2235473.0
729,2021-11-30,169.6282,171.0964,167.7684,170.0197,3534245.0
730,2021-12-01,170.607,175.4032,167.8663,172.6625,3069519.0
731,2021-12-02,174.1307,174.1307,165.6151,166.7896,3890297.0
732,2021-12-03,167.279,171.7816,166.1045,170.2155,2049913.0
733,2021-12-06,165.4193,171.2922,156.61,156.7079,4610450.0
734,2021-12-07,155.6312,160.9168,155.4354,156.61,3922237.0
735,2021-12-08,158.3718,163.5595,157.0015,161.8956,1332324.0
736,2021-12-09,163.9511,168.2578,161.6019,168.2578,2405616.0
737,2021-12-10,166.2023,166.2023,160.721,162.0913,1464349.0
738,2021-12-13,162.8744,163.3638,154.7502,155.4354,1454244.0
739,2021-12-14,155.4354,160.4273,155.3375,158.1761,1288145.0
740,2021-12-15,157.0994,158.1761,123.7219,128.0287,11978861.0
741,2021-12-16,130.182,140.6553,130.182,137.0337,13384498.0
742,2021-12-17,146.8219,151.8138,136.3486,137.9147,6179630.0
743,2021-12-20,137.3274,138.502,126.1689,126.8541,4907294.0
744,2021-12-21,126.2668,133.9015,126.1689,132.6291,2853962.0
745,2021-12-22,131.063,133.9015,128.5181,130.4757,1572864.0
746,2021-12-23,130.2799,131.846,127.1477,128.2244,1186621.0
747,2021-12-24,128.2244,130.0842,122.2537,125.3859,1169549.0
748,2021-12-28,125.288,131.6503,123.4282,127.8329,3216401.0
749,2021-12-29,125.0922,129.399,121.7643,124.1134,4018484.0
750,2021-12-30,124.3092,127.5393,120.6876,126.5604,3955302.0
751,2021-12-31,128.5181,132.9227,127.5393,132.1397,1301979.0
752,2022-01-03,132.2376,132.8248,121.5685,122.7431,1384345.0
753,2022-01-04,123.3304,123.5261,113.6401,115.3041,4500349.0
754,2022-01-05,114.521,114.521,109.1376,111.8783,4549780.0
755,2022-01-06,111.8783,113.9338,102.6774,113.5422,4867625.0
756,2022-01-07,112.5634,116.0871,110.8016,115.4999,1818548.0
757,2022-01-10,115.5977,123.3304,111.291,118.3384,2054367.0
758,2022-01-11,118.8278,127.0498,116.6744,124.7986,3887529.0
759,2022-01-12,124.7986,131.3566,124.7986,129.3011,4163786.0
760,2022-01-13,129.3011,133.0206,127.1477,129.0075,3167570.0
761,2022-01-14,126.2668,131.7481,125.4837,130.7693,2129263.0
762,2022-01-17,131.063,134.0973,125.9732,127.735,2462810.0
763,2022-01-18,128.0287,133.9994,127.3435,129.2032,1122208.0
764,2022-01-19,132.1397,136.5443,118.5342,119.7088,7014681.0
765,2022-01-20,117.4575,123.1346,116.5766,123.0367,6844326.0
766,2022-01-21,123.5261,126.071,116.0871,118.4363,5408053.0
767,2022-01-24,117.5554,125.288,116.2829,122.1558,2376114.0
768,2022-01-25,121.2749,125.9732,120.3939,121.3727,2410924.0
769,2022-01-26,123.5261,124.0155,107.963,108.9418,5210227.0
770,2022-01-27,107.6694,108.7461,102.7753,106.299,5029209.0
771,2022-01-28,106.299,107.6694,101.7965,104.3414,5435029.0
772,2022-01-31,107.0821,109.627,106.0054,108.9418,1182517.0
773,2022-02-04,111.8783,112.5634,106.299,111.5846,1244580.0
774,2022-02-07,111.7804,114.7168,108.7461,111.1931,2261165.0
775,2022-02-08,99.8389,101.6986,80.8988,98.5664,31820601.0
776,2022-02-09,99.0558,99.3495,89.3166,94.4554,11440250.0
777,2022-02-10,94.4554,95.0916,86.3313,93.4276,10936620.0
778,2022-02-11,88.7783,91.7637,85.5482,87.9463,6077698.0
779,2022-02-14,86.1844,90.8827,86.1844,88.7783,4932676.0
780,2022-02-15,88.7783,99.8389,88.7783,99.5452,7408219.0
781,2022-02-16,102.7753,104.4393,99.1537,102.3838,6666334.0
782,2022-02-17,103.5583,108.0609,101.7965,107.0821,4147544.0
783,2022-02-18,106.1033,106.2011,101.2092,105.3202,4040124.0
784,2022-02-21,107.6694,107.6694,102.3838,103.7541,2748892.0
785,2022-02-22,103.7541,104.4393,101.3071,103.0689,2259720.0
786,2022-02-23,103.0689,108.4524,102.5795,106.9842,1559094.0
787,2022-02-24,103.7541,109.3333,103.5583,105.516,3793926.0
788,2022-02-25,108.6482,114.2274,107.2778,108.5503,4175216.0
789,2022-02-28,108.4524,108.6482,105.516,108.4524,2376805.0
790,2022-03-01,108.4524,114.2274,108.4524,113.2486,2961820.0
791,2022-03-02,113.2486,113.2486,108.3545,108.9418,1481554.0
792,2022-03-03,108.9418,113.4444,105.3202,106.2011,1551337.0
793,2022-03-04,102.7753,108.8439,102.3838,104.8308,2327304.0
794,2022-03-07,100.8177,103.5583,98.6643,100.8177,2477468.0
795,2022-03-08,99.9367,106.4948,98.5664,100.2304,2775642.0
796,2022-03-09,100.6219,100.6219,90.0507,95.8257,3849931.0
797,2022-03-10,99.5452,109.1376,99.5452,104.0478,4689192.0
798,2022-03-11,102.3838,102.3838,93.2808,99.5452,5859701.0
799,2022-03-14,96.0215,99.2516,90.638,91.2743,2676969.0
800,2022-03-15,86.1355,92.7914,80.5563,81.8287,5809958.0
801,2022-03-16,90.0507,98.077,85.3035,97.8812,4731429.0
802,2022-03-17,106.8863,113.738,102.3838,113.2486,8449422.0
803,2022-03-18,112.1719,112.1719,102.8732,110.6058,5772915.0
804,2022-03-21,113.5422,114.521,105.8096,107.7672,2887898.0
805,2022-03-22,107.6694,110.0185,104.9287,109.8227,2168826.0
806,2022-03-23,112.5634,123.1346,110.3122,122.1558,6133142.0
807,2022-03-24,122.3515,134.7825,115.4999,127.3435,6348996.0
808,2022-03-25,126.1689,128.4202,117.066,119.0236,3169070.0
809,2022-03-28,120.8833,121.3727,116.4787,118.7299,2451665.0
810,2022-03-29,118.3384,122.2537,116.5766,119.4151,2118559.0
811,2022-03-30,120.9812,124.7986,119.4151,123.5261,2413614.0
812,2022-03-31,124.3092,125.5816,119.0236,121.8621,3152344.0
813,2022-04-01,121.2749,121.6664,118.0448,121.5685,1897761.0
814,2022-04-04,123.3304,134.6846,121.5685,133.7058,2940888.0
815,2022-04-06,129.6926,129.8884,120.1982,122.1558,5311966.0
816,2022-04-07,120.5897,122.6452,116.5766,117.1638,2866727.0
817,2022-04-08,116.6744,120.0024,115.0105,116.7723,2715233.0
818,2022-04-11,117.4575,117.4575,111.3888,112.074,3075896.0
819,2022-04-12,111.8783,115.9893,111.5846,113.6401,2001755.0
820,2022-04-13,112.3677,112.5634,108.0609,111.1931,2151167.0
821,2022-04-14,111.9761,116.7723,111.0952,115.4999,1880099.0
822,2022-04-19,112.5634,117.4575,109.2355,109.8227,2962066.0
823,2022-04-20,109.0397,111.5846,104.2435,105.2223,2870825.0
824,2022-04-21,103.1668,107.5715,99.5452,101.7965,3354804.0
825,2022-04-22,97.8812,106.1033,97.8812,104.7329,1630818.0
826,2022-04-25,104.2435,107.6694,99.5452,100.6219,2750708.0
827,2022-04-26,102.7753,105.6139,101.405,102.3838,4635925.0
828,2022-04-27,100.8177,102.7753,99.0558,102.0901,2489768.0
829,2022-04-28,106.6905,106.6905,99.741,101.3071,1960142.0
830,2022-04-29,100.0346,107.3757,98.5664,106.6905,2617612.0
831,2022-05-03,106.3969,106.4948,102.2859,105.1244,1150392.0
832,2022-05-04,105.7117,107.3757,102.9711,104.1456,1428462.0
833,2022-05-05,105.3202,106.2011,95.4342,98.4685,3896446.0
834,2022-05-06,95.2874,97.3918,92.9872,94.0149,1885105.0
835,2022-05-10,88.4846,94.7001,88.0931,93.7213,2530104.0
836,2022-05-11,92.6446,100.4261,92.3999,95.8257,1280644.0
837,2022-05-12,92.9872,97.245,92.9872,95.0427,1435339.0
838,2022-05-13,96.0215,98.4685,95.581,96.3641,1116427.0
839,2022-05-16,96.9024,98.2728,92.4978,96.7067,1955972.0
840,2022-05-17,95.1406,96.2173,92.0084,95.4342,4239750.0
841,2022-05-18,96.1194,96.7067,91.5679,94.9448,2480930.0
842,2022-05-19,93.4276,93.4276,89.9039,92.3999,2507885.0
843,2022-05-20,92.5957,98.3706,91.5679,97.8812,2396211.0
844,2022-05-23,97.8812,97.8812,93.3298,93.7213,2217304.0
845,2022-05-24,92.7914,93.8681,87.6037,87.6037,3097695.0
846,2022-05-25,87.359,88.9251,86.8207,86.8696,1966305.0
847,2022-05-26,86.8207,88.3868,83.7863,85.2546,1893934.0
848,2022-05-27,86.6249,92.0084,86.6249,89.4635,2502711.0
849,2022-05-30,91.4012,93.5692,89.2824,93.175,2542530.0
850,2022-05-31,93.175,95.7372,91.007,95.4415,4627574.0
851,2022-06-01,96.7226,96.7226,92.3373,93.6184,1238350.0
852,2022-06-02,91.4012,92.9286,88.297,89.923,1712637.0
853,2022-06-06,90.2679,99.6297,89.6766,97.5603,4602882.0
854,2022-06-07,97.5603,101.6992,96.1806,100.6152,3222586.0
855,2022-06-08,101.6006,109.6814,101.305,109.1887,5975589.0
856,2022-06-09,108.4003,108.6959,103.7686,105.5425,3365596.0
857,2022-06-10,103.5716,105.2468,102.8817,103.8672,2481997.0
858,2022-06-13,97.8066,98.053,91.7461,92.7315,4972375.0
859,2022-06-14,93.4706,94.7024,89.8737,93.9633,3156175.0
860,2022-06-15,93.6184,97.5603,92.9286,96.6734,2177917.0
861,2022-06-16,95.9343,97.3632,93.6184,94.259,2251909.0
862,2022-06-17,93.1257,96.0821,92.4359,94.9488,2644867.0
863,2022-06-20,94.1604,98.3486,94.1604,96.3284,1393204.0
864,2022-06-21,97.5603,99.0384,95.2444,98.5457,2451350.0
865,2022-06-22,98.6443,99.6297,94.2097,94.6532,1555456.0
866,2022-06-23,95.5893,96.7226,93.5199,95.7864,2195640.0
867,2022-06-24,97.5603,106.3308,96.6241,106.3308,4119629.0
868,2022-06-27,107.809,109.6814,104.1628,107.5134,3623246.0
869,2022-06-28,105.7396,105.7396,102.0934,104.4585,1779277.0
870,2022-06-29,102.9803,107.9076,100.6152,102.6846,2318556.0
871,2022-06-30,100.8123,104.7541,100.6152,102.9803,3538083.0
872,2022-07-04,105.4439,111.5538,102.0934,110.2727,4340922.0
873,2022-07-05,110.8639,122.1967,106.2323,114.6087,8912559.0
874,2022-07-06,115.4956,120.2258,111.8494,116.1854,4636652.0
875,2022-07-07,116.284,116.3825,110.3712,113.7218,2699130.0
876,2022-07-08,116.284,116.8752,111.4552,113.5247,2246798.0
877,2022-07-11,113.3276,113.3276,107.9076,109.4843,1633037.0
878,2022-07-12,110.4698,113.229,104.4585,105.7396,1876346.0
879,2022-07-13,105.7396,109.1887,105.2468,107.0207,1270293.0
880,2022-07-14,107.0207,111.1596,107.0207,109.3857,2474147.0
881,2022-07-15,108.0061,109.8785,105.1483,105.641,1336016.0
882,2022-07-18,105.2468,107.0207,101.305,104.7541,1330532.0
883,2022-07-19,104.7541,106.0352,99.7283,100.7137,2383046.0
884,2022-07-20,102.6846,105.0497,102.4875,103.3745,2041573.0
885,2022-07-21,103.9657,104.4585,100.8123,101.8963,1525565.0
886,2022-07-22,104.4585,105.4439,100.7137,101.2065,2255537.0
887,2022-07-25,101.2065,101.7977,97.1661,98.3486,3153998.0
888,2022-07-26,98.3486,99.9254,97.1661,99.2355,1943798.0
889,2022-07-27,98.053,98.6443,93.8155,94.8995,3377592.0
890,2022-07-28,94.8995,97.0675,93.6184,94.259,2921106.0
891,2022-07-29,94.801,95.5893,92.1402,93.6184,3153044.0
892,2022-08-01,94.4561,95.0966,92.1402,92.633,1456323.0
893,2022-08-02,92.633,92.633,88.3955,89.5288,3285172.0
894,2022-08-03,90.5142,92.633,89.2331,89.6766,2107548.0
895,2022-08-04,92.5344,95.2444,90.9084,95.2444,2758274.0
896,2022-08-05,95.7372,97.6588,93.6184,94.3083,3181930.0
897,2022-08-08,94.3083,95.4908,91.1548,91.3026,2397257.0
898,2022-08-09,92.1895,92.5344,90.2186,91.9432,1977802.0
899,2022-08-10,91.8446,92.4359,87.6564,88.2477,3687985.0
900,2022-08-11,90.1693,93.6184,89.3317,93.3721,2431895.0
901,2022-08-12,93.1257,94.6532,92.3373,94.4561,1103600.0
902,2022-08-15,94.6039,95.343,92.4359,92.9779,1294806.0
903,2022-08-16,92.8301,93.7663,88.839,90.8592,3716674.0
904,2022-08-17,91.8939,92.4359,89.7259,91.3519,2301754.0
905,2022-08-18,89.923,92.0417,89.8737,90.4157,1431220.0
906,2022-08-19,89.8244,89.923,87.5086,88.5433,1442255.0
907,2022-08-22,88.5433,89.6766,87.755,88.8882,1108991.0
908,2022-08-23,88.8882,88.8882,84.158,85.045,4257525.0
909,2022-08-24,85.3406,86.3261,83.9117,84.1088,1834587.0
910,2022-08-25,84.0595,86.7202,84.0595,86.7202,1948968.0
911,2022-08-26,87.0159,89.5288,86.3261,89.1346,2769573.0
912,2022-08-29,88.297,88.297,85.045,86.7695,1575679.0
913,2022-08-30,85.784,86.7695,83.8624,86.0304,2564599.0
914,2022-08-31,83.9117,89.5288,83.9117,88.0506,3314575.0
915,2022-09-01,87.7057,87.9521,84.9957,85.045,1250860.0
916,2022-09-02,85.242,86.129,82.4828,82.8277,1732316.0
917,2022-09-05,81.7929,82.6799,79.5264,79.9699,1561849.0
918,2022-09-06,79.9699,81.448,79.7728,80.6104,1148502.0
919,2022-09-07,79.6742,80.4626,77.3584,79.822,2872237.0
920,2022-09-08,79.822,81.0046,77.8511,78.6395,1746412.0
921,2022-09-09,86.7202,86.7202,79.5757,81.448,1967058.0
922,2022-09-13,78.0482,78.0482,67.6024,67.7502,14412483.0
923,2022-09-14,65.9764,70.5095,65.9764,68.44,8211438.0
924,2022-09-15,70.7558,73.6137,70.7558,72.1847,5117697.0
925,2022-09-16,72.1847,72.5789,69.4255,69.524,2607257.0
926,2022-09-19,67.9965,69.524,67.6024,67.7995,2300859.0
927,2022-09-20,67.7502,68.4893,66.3213,67.7009,2585607.0
928,2022-09-21,67.1096,67.4545,65.0402,65.6807,2390842.0
929,2022-09-22,63.9562,65.3851,63.7591,64.5967,2706219.0
930,2022-09-23,63.9069,65.0894,61.8374,62.0838,3017075.0
931,2022-09-26,61.394,64.5967,61.394,63.2171,3844548.0
932,2022-09-27,62.6258,65.5329,61.6896,64.9909,2396003.0
933,2022-09-28,64.104,65.2373,61.9853,62.6258,2224829.0
934,2022-09-29,63.2171,65.6314,62.6751,63.562,2252186.0
935,2022-09-30,62.7736,64.9416,61.394,62.5273,3086706.0
936,2022-10-03,61.6896,64.6953,61.6896,62.9707,868748.0
937,2022-10-05,66.3213,66.5184,64.104,65.73,1166116.0
938,2022-10-06,65.4344,65.73,62.5273,64.0547,665346.0
939,2022-10-07,63.7591,63.7591,61.6896,62.0838,1482091.0
940,2022-10-10,65.0402,65.0402,59.9651,60.0636,3573560.0
941,2022-10-11,60.31,61.0983,57.6492,60.1129,2138709.0
942,2022-10-12,59.9158,61.394,57.8463,60.4085,1796449.0
943,2022-10-13,61.936,65.0402,61.7882,62.2316,3427718.0
944,2022-10-14,62.8229,70.4109,62.3794,68.5878,5883993.0
945,2022-10-17,68.44,70.8051,66.8633,69.3762,4290167.0
946,2022-10-18,69.7211,71.1993,67.1589,70.8051,1815390.0
947,2022-10-19,70.8544,71.4456,66.6169,66.8633,2743150.0
948,2022-10-20,64.8924,67.0111,64.0547,65.2373,3940065.0
949,2022-10-21,65.2373,66.814,62.2316,62.4287,3219277.0
950,2022-10-24,62.4287,64.2518,58.6347,59.1767,2706388.0
951,2022-10-25,57.9449,59.9651,57.058,58.2898,3565933.0
952,2022-10-26,58.2898,64.0054,58.0434,60.7042,7765919.0
953,2022-10-27,64.5474,66.2227,62.6751,64.9909,7539860.0
954,2022-10-28,64.9909,67.898,63.4634,65.0894,5624043.0
955,2022-10-31,64.1533,64.8924,61.936,61.9853,3199923.0
956,2022-11-01,62.7244,68.6371,62.6258,67.7995,5204866.0
957,2022-11-02,68.0951,70.8544,67.356,70.2631,4199236.0
958,2022-11-03,70.2631,71.5442,68.0951,70.9036,3569880.0
959,2022-11-04,69.7704,74.8947,68.3415,73.318,9520035.0
960,2022-11-07,73.318,76.7178,72.9238,75.7324,3942749.0
961,2022-11-08,75.6831,75.8802,72.6282,73.7615,2223680.0
962,2022-11-09,72.9238,74.7962,71.9384,73.2687,1820723.0
963,2022-11-10,72.4311,74.402,70.9529,71.5442,1477912.0
964,2022-11-11,75.8802,80.8075,75.8802,79.8713,4840206.0
965,2022-11-14,82.0886,83.5668,80.8075,82.2857,5027023.0
966,2022-11-15,80.1177,85.045,80.1177,84.7986,4022668.0
967,2022-11-16,84.158,86.6217,83.1233,85.242,3716900.0
968,2022-11-17,84.158,84.5522,80.4626,83.5668,3659676.0
969,2022-11-18,84.503,84.7,82.3349,82.7784,2424864.0
970,2022-11-21,81.3988,81.6944,79.6249,80.8568,1970635.0
971,2022-11-22,79.8713,82.0886,77.3584,78.2946,2367002.0
972,2022-11-23,77.8511,78.5409,74.402,76.1266,2185184.0
973,2022-11-24,76.6193,78.3438,76.1266,76.7671,807424.0
974,2022-11-25,76.7671,76.7671,74.6484,76.028,728837.0
975,2022-11-28,69.0806,71.2486,67.0604,70.8544,6306715.0
976,2022-11-29,71.2978,73.8107,69.9182,73.0717,6331647.0
977,2022-11-30,70.9036,75.6831,70.9036,75.6831,5256802.0
978,2022-12-01,76.8657,78.4917,75.486,75.7817,2237240.0
979,2022-12-02,76.5208,76.6193,72.9731,73.318,2207261.0
980,2022-12-05,75.2889,77.8511,73.9093,77.7033,4490126.0
981,2022-12-06,77.8018,78.1468,74.6484,75.5846,1984325.0
982,2022-12-07,75.4367,78.1468,73.318,73.4166,2452339.0
983,2022-12-08,73.9586,77.9004,73.9586,77.9004,2206041.0
984,2022-12-09,77.7033,78.3931,75.9788,77.6048,1866462.0
985,2022-12-12,75.9788,78.6395,75.9788,77.4569,1423932.0
986,2022-12-13,77.9004,77.9004,74.2049,74.4513,2397987.0
987,2022-12-14,74.7962,76.1758,73.9093,75.4367,2254996.0
988,2022-12-15,74.8947,75.4367,73.6137,74.7469,1416074.0
989,2022-12-16,75.0918,76.7178,73.86,75.9788,2170090.0
990,2022-12-19,75.6338,76.57,73.1209,73.5151,1153707.0
991,2022-12-20,73.1702,74.8455,71.1993,72.8253,1135808.0
992,2022-12-21,73.9093,74.5006,72.5297,73.5644,1258599.0
993,2022-12-22,74.402,76.6686,72.9731,75.7324,897681.0
994,2022-12-23,75.6831,76.2744,73.9093,76.1758,1218566.0
995,2022-12-28,76.8657,79.6742,76.6686,78.8366,2013960.0
996,2022-12-29,78.5902,81.99,77.112,81.2509,1877794.0
997,2022-12-30,81.448,81.9408,80.3148,81.2509,1931780.0
998,2023-01-03,80.4133,84.2566,78.6888,84.1088,2700403.0
999,2023-01-04,84.1088,86.4739,83.3697,85.4884,3415437.0
1000,2023-01-05,86.7202,93.0764,86.0797,89.7259,7111845.0
1001,2023-01-06,89.7752,91.4504,88.9375,89.7259,2072559.0
1002,2023-01-09,89.8244,94.4068,89.6273,93.8648,2967837.0
1003,2023-01-10,96.7719,96.7719,91.4504,91.8446,2749886.0
1004,2023-01-11,92.633,96.5748,92.633,93.5199,2539929.0
1005,2023-01-12,94.6039,96.0328,92.9286,93.4706,2067991.0
1006,2023-01-13,94.1604,96.8212,93.3721,96.8212,2524162.0
1007,2023-01-16,97.511,112.3421,96.5748,103.0788,6087948.0
1008,2023-01-17,103.0788,105.2468,97.8559,99.9254,3737158.0
1009,2023-01-18,100.9108,100.9108,97.6588,100.221,2017544.0
1010,2023-01-19,99.9254,105.3454,98.7428,104.3599,3061878.0
1011,2023-01-20,103.6701,105.8381,103.473,105.641,1303922.0
1012,2023-01-26,108.1047,108.4003,105.0497,106.5279,2186805.0
1013,2023-01-27,108.4003,108.4003,105.4439,108.2032,616470.0
1014,2023-01-30,107.5134,108.9916,101.1079,102.1919,3129202.0
1015,2023-01-31,103.6701,104.4585,98.2501,100.0239,3459500.0
1016,2023-02-01,98.7428,101.5021,98.7428,101.4035,1636641.0
1017,2023-02-02,102.6846,105.9366,100.9108,101.7977,1528719.0
1018,2023-02-03,102.2905,102.7832,98.7428,99.8268,1597062.0
1019,2023-02-06,97.7574,98.6443,93.9141,95.9343,1757328.0
1020,2023-02-07,93.6184,98.4472,93.6184,95.885,1465944.0
1021,2023-02-08,96.6734,98.9399,95.2937,95.885,1112168.0
1022,2023-02-09,95.343,97.6095,94.801,96.8704,1085080.0
1023,2023-02-10,98.053,98.053,92.4359,94.0126,1310077.0
1024,2023-02-13,93.2243,95.2444,92.2388,93.4213,900733.0
1025,2023-02-14,94.3083,94.3083,91.6475,92.6823,920139.0
1026,2023-02-15,91.9924,94.7024,89.3317,90.4157,2334625.0
1027,2023-02-16,92.9286,92.9286,87.8535,88.6911,2195339.0
1028,2023-02-17,88.6911,90.3664,87.6071,88.0506,1107592.0
1029,2023-02-20,88.6419,89.7752,86.4739,89.5781,1025842.0
1030,2023-02-21,90.0215,90.2186,86.2768,86.8188,1621921.0
1031,2023-02-22,85.6362,86.8188,84.9464,85.1435,1806490.0
1032,2023-02-23,85.1435,87.5579,84.9464,85.7348,2011969.0
1033,2023-02-24,86.4246,86.4246,82.9262,83.419,1057023.0
1034,2023-02-27,81.9408,83.5175,81.3988,82.3842,1578988.0
1035,2023-02-28,82.2364,83.5668,81.5959,82.3349,2417756.0
1036,2023-03-01,82.3349,86.9173,81.8422,86.7695,3179161.0
1037,2023-03-02,86.1782,86.7202,84.6508,85.9811,2634801.0
1038,2023-03-03,87.1637,88.0013,84.7986,85.4391,1533576.0
1039,2023-03-06,85.4391,85.4884,83.5175,84.1088,1488837.0
1040,2023-03-07,83.5668,85.4391,81.3495,82.3349,1423114.0
1041,2023-03-08,81.7437,81.7437,79.0337,79.822,1804451.0
1042,2023-03-09,79.822,82.0393,79.0337,79.9206,1779399.0
1043,2023-03-10,77.8511,80.6104,77.8511,79.1815,2108590.0
1044,2023-03-13,79.1815,80.4626,76.9149,77.7526,3156778.0
1045,2023-03-14,76.8657,79.0337,76.3237,77.2106,2648175.0
1046,2023-03-15,78.3438,79.6249,76.1266,76.4715,3946643.0
1047,2023-03-16,75.8802,77.2106,73.9093,74.1557,1151774.0
1048,2023-03-17,74.5991,75.7817,72.9238,74.1064,2148587.0
1049,2023-03-20,74.1064,74.8455,71.4949,72.5789,2143679.0
1050,2023-03-21,72.9731,79.5757,72.9731,78.7873,2701783.0
1051,2023-03-22,79.822,82.3842,79.822,81.1031,3064888.0
1052,2023-03-23,79.3293,82.877,79.3293,80.8075,2444167.0
1053,2023-03-24,80.5119,83.074,80.2655,81.99,1838923.0
1054,2023-03-27,81.99,84.7986,79.9699,83.0248,1945540.0
1055,2023-03-28,84.7493,84.7493,81.3988,82.2364,1480108.0
1056,2023-03-29,84.7493,84.7493,81.3988,83.0248,2444468.0
1057,2023-03-30,83.0248,84.6015,81.8915,83.961,2370987.0
1058,2023-03-31,84.7493,85.3899,80.5119,81.0046,2974504.0
1059,2023-04-03,81.6451,83.074,78.9844,80.3148,982382.0
1060,2023-04-04,79.822,81.0046,77.4077,80.4133,2200575.0
1061,2023-04-06,79.3293,82.2857,77.6048,81.6451,1881805.0
1062,2023-04-11,83.6653,86.671,83.616,84.7493,3416746.0
1063,2023-04-12,84.7493,85.9811,83.1726,84.0595,1588505.0
1064,2023-04-13,84.0595,89.1839,81.9408,88.5926,1842484.0
1065,2023-04-14,89.6273,91.4504,87.3115,88.1491,1513804.0
1066,2023-04-17,88.1491,89.1346,85.9319,86.9173,1555760.0
1067,2023-04-18,83.7639,84.4537,80.8075,83.5668,2638643.0
1068,2023-04-19,82.9755,82.9755,80.2655,81.0539,2360863.0
1069,2023-04-20,81.3002,81.7437,77.9497,78.9844,2749168.0
1070,2023-04-21,78.9844,78.9844,76.6193,77.5555,1978644.0
1071,2023-04-24,79.5264,79.5264,74.4513,76.0773,2490136.0
1072,2023-04-25,76.1266,76.2744,66.9125,67.6516,5924512.0
1073,2023-04-26,67.8487,70.066,66.5184,69.5733,3024144.0
1074,2023-04-27,69.7704,70.066,67.5531,68.0458,1780479.0
1075,2023-04-28,68.0951,69.5733,67.2575,67.6516,2462039.0
1076,2023-05-02,68.6371,69.524,66.272,69.0806,1387278.0
1077,2023-05-03,68.5878,69.4747,66.9125,69.0806,1405532.0
1078,2023-05-04,69.0806,69.6226,68.0458,69.2776,2715615.0
1079,2023-05-05,69.8196,70.1153,68.4893,69.1791,3004858.0
1080,2023-05-08,70.0167,70.9036,68.5385,70.4602,3908390.0
1081,2023-05-09,69.8689,69.9675,67.9473,68.2922,2823206.0
1082,2023-05-10,68.2922,68.7356,67.2082,68.0458,2096956.0
1083,2023-05-11,68.3907,71.4456,68.3907,70.0167,1854926.0
1084,2023-05-12,69.9182,70.3616,67.5531,67.5531,1385783.0
1085,2023-05-15,67.5038,70.4602,67.5038,69.9182,1507541.0
1086,2023-05-16,71.1007,71.15,69.524,70.9036,1344707.0
1087,2023-05-17,70.1646,70.8051,67.9965,67.9965,1025157.0
1088,2023-05-18,68.1936,68.7356,67.1096,67.2082,835732.0
1089,2023-05-19,67.2082,67.9965,65.8778,67.5531,768841.0
1090,2023-05-22,67.1096,69.6226,66.7155,68.5385,1254372.0
1091,2023-05-23,69.0806,70.7066,68.6371,69.9675,1722238.0
1092,2023-05-24,68.982,70.4602,68.7849,69.1791,987766.0
1093,2023-05-25,69.1791,69.1791,66.7155,67.5531,1294033.0
1094,2023-05-29,67.5531,68.1936,64.7938,66.3705,1186094.0
1095,2023-05-30,66.3705,67.8487,63.6113,65.6314,1450677.0
1096,2023-05-31,65.2373,65.8285,63.0693,63.562,2397950.0
1097,2023-06-01,63.6113,66.814,63.6113,65.73,1527905.0
1098,2023-06-02,67.356,67.7009,65.73,67.0111,1185530.0
1099,2023-06-05,68.2,68.2,65.8,67.25,857923.0
1100,2023-06-06,67.3,67.45,64.1,64.75,1026593.0
1101,2023-06-07,66.2,66.3,63.25,63.95,1669647.0
1102,2023-06-08,63.95,64.8,62.6,63.5,1033946.0
1103,2023-06-09,63.75,67.8,63.7,66.9,2537261.0
1104,2023-06-12,66.6,67.2,65.6,66.3,1616243.0
1105,2023-06-13,66.3,68.0,66.0,67.3,1507191.0
1106,2023-06-14,66.65,68.1,65.8,66.1,1565219.0
1107,2023-06-15,67.0,71.25,66.35,71.15,2462747.0
1108,2023-06-16,71.2,73.75,70.95,73.55,3681327.0
1109,2023-06-19,71.55,72.8,70.1,71.3,1698306.0
1110,2023-06-20,71.0,71.4,66.15,67.45,4558347.0
1111,2023-06-21,67.3,67.3,61.2,61.85,3465589.0
1112,2023-06-23,61.85,61.85,59.5,61.4,1562606.0
1113,2023-06-26,60.1,65.0,60.1,63.5,2020917.0
1114,2023-06-27,62.0,64.15,62.0,63.25,827219.0
1115,2023-06-28,64.35,64.35,61.6,62.85,1520115.0
1116,2023-06-29,63.5,63.5,60.6,61.35,778677.0
1117,2023-06-30,61.35,62.9,60.65,62.5,984743.0
1118,2023-07-03,61.5,63.9,61.5,63.85,497459.0
1119,2023-07-04,63.6,65.8,62.5,65.75,1950560.0
1120,2023-07-05,65.75,65.75,63.85,64.8,893456.0
1121,2023-07-06,63.0,64.7,62.75,63.25,1019526.0
1122,2023-07-07,62.9,63.65,61.8,62.05,1138918.0
1123,2023-07-10,63.9,64.6,62.25,62.75,991924.0
1124,2023-07-11,63.7,64.15,62.7,63.8,907768.0
1125,2023-07-12,63.5,64.2,63.1,63.85,695763.0
1126,2023-07-13,64.75,68.1,64.75,67.1,1332288.0
1127,2023-07-14,67.6,70.2,67.6,69.35,3930387.0
1128,2023-07-18,68.65,70.1,67.9,70.1,4410938.0
1129,2023-07-19,70.1,70.1,68.75,69.55,1617103.0
1130,2023-07-20,69.55,71.0,69.0,69.35,1412345.0
1131,2023-07-21,69.45,71.0,69.0,69.85,1222510.0
1132,2023-07-24,70.55,71.8,68.95,69.6,787288.0
1133,2023-07-25,71.0,71.2,69.0,70.15,2153926.0
1134,2023-07-26,70.15,71.75,69.6,70.85,938858.0
1135,2023-07-27,70.85,71.85,70.15,70.8,1048668.0
1136,2023-07-28,69.8,72.2,69.05,72.15,1795137.0
1137,2023-07-31,74.3,75.5,72.45,73.55,2663407.0
1138,2023-08-01,76.35,79.15,76.2,79.1,7059082.0
1139,2023-08-02,78.7,78.7,75.35,75.65,2312756.0
1140,2023-08-03,75.65,79.9,75.2,79.65,4066469.0
1141,2023-08-04,80.6,80.75,78.1,78.95,2834328.0
1142,2023-08-07,78.05,78.9,75.5,78.0,2746432.0
1143,2023-08-08,77.9,77.9,75.25,77.1,3406611.0
1144,2023-08-09,77.1,81.8,75.05,81.6,5922093.0
1145,2023-08-10,81.4,84.05,80.15,83.45,6942405.0
1146,2023-08-11,83.5,83.9,82.0,82.15,5322474.0
1147,2023-08-14,82.1,82.5,79.5,82.25,3040906.0
1148,2023-08-15,82.25,82.25,80.0,81.65,3519959.0
1149,2023-08-16,81.65,82.6,80.65,81.55,6451377.0
1150,2023-08-17,81.0,84.0,80.1,83.85,5642355.0
1151,2023-08-18,83.85,83.85,81.65,81.9,4142193.0
1152,2023-08-21,81.85,82.9,80.55,82.15,4330917.0
1153,2023-08-22,82.25,83.65,81.7,82.3,5507609.0
1154,2023-08-23,82.3,83.0,80.4,81.55,4138164.0
1155,2023-08-24,82.5,84.9,81.95,84.9,6772876.0
1156,2023-08-25,84.9,86.4,82.75,83.65,2573475.0
1157,2023-08-28,84.2,87.9,82.8,82.95,1806610.0
1158,2023-08-29,81.05,86.8,81.05,86.5,2248141.0
1159,2023-08-30,86.7,87.3,85.1,86.1,2293362.0
1160,2023-08-31,86.1,87.4,85.45,85.9,4228048.0
1161,2023-09-04,85.9,87.75,85.0,87.4,2850811.0
1162,2023-09-05,87.4,87.4,85.0,86.2,2171953.0
1163,2023-09-06,86.2,86.2,80.3,81.0,2607816.0
1164,2023-09-07,81.0,81.0,79.9,80.3,1569048.0
1165,2023-09-11,79.2,83.3,79.0,82.75,2128656.0
1166,2023-09-12,81.4,83.0,81.4,82.0,1223154.0
1167,2023-09-13,82.2,82.55,80.85,81.6,933422.0
1168,2023-09-14,80.8,83.4,80.8,83.2,1340687.0
1169,2023-09-15,83.9,86.9,82.85,85.5,3561199.0
1170,2023-09-18,84.6,87.4,84.6,87.1,2656357.0
1171,2023-09-19,87.1,87.1,85.15,85.55,1756321.0
1172,2023-09-20,85.55,85.85,84.3,84.75,3064012.0
1173,2023-09-21,84.35,85.2,82.8,83.15,1824665.0
1174,2023-09-22,83.25,86.0,82.55,85.4,1524269.0
1175,2023-09-25,85.4,87.8,84.3,87.1,1687229.0
1176,2023-09-26,87.5,87.65,86.15,86.75,1462171.0
1177,2023-09-27,87.4,94.05,87.4,93.45,4756041.0
1178,2023-09-28,95.15,95.15,91.95,93.0,5491949.0
1179,2023-09-29,93.0,94.25,91.4,93.75,1493414.0
1180,2023-10-03,92.0,94.1,91.35,93.2,1188509.0
1181,2023-10-04,93.2,94.35,91.65,93.2,1082258.0
1182,2023-10-05,92.9,95.5,92.9,94.8,1972185.0
1183,2023-10-06,94.8,95.8,94.05,95.25,1206670.0
1184,2023-10-09,94.35,94.95,93.0,94.25,1901677.0
1185,2023-10-10,94.0,95.15,91.25,92.2,2569849.0
1186,2023-10-11,92.95,98.8,92.85,98.05,5428933.0
1187,2023-10-12,102.5,102.5,97.45,100.5,5395809.0
1188,2023-10-13,98.55,101.4,98.1,100.1,3460577.0
1189,2023-10-16,102.2,102.6,97.2,97.4,2363225.0
1190,2023-10-17,98.15,98.8,96.45,98.35,1774455.0
1191,2023-10-18,97.85,97.85,95.65,95.8,1800877.0
1192,2023-10-19,93.8,96.0,93.6,94.2,2921353.0
1193,2023-10-20,93.0,94.0,91.55,92.1,2194539.0
1194,2023-10-24,91.85,94.45,90.95,94.4,3489112.0
1195,2023-10-25,94.9,96.3,91.65,92.3,3686165.0
1196,2023-10-26,92.3,93.8,91.15,92.25,2029607.0
1197,2023-10-27,92.25,99.15,90.25,98.2,4560723.0
1198,2023-10-30,97.55,103.6,97.45,102.2,5797250.0
1199,2023-10-31,96.4,97.0,92.8,94.0,11382256.0
1200,2023-11-01,93.75,94.8,89.55,92.35,3197477.0
1201,2023-11-02,91.1,94.8,91.1,92.3,2264163.0
1202,2023-11-03,93.25,96.2,92.65,95.15,2657939.0
1203,2023-11-06,93.0,99.95,93.0,99.7,2610089.0
1204,2023-11-07,99.7,100.6,97.3,98.4,2867808.0
1205,2023-11-08,98.4,101.5,96.85,97.5,2796041.0
1206,2023-11-09,97.65,99.55,95.4,95.8,1405482.0
1207,2023-11-10,94.8,96.15,93.65,94.6,969610.0
1208,2023-11-13,94.95,96.7,92.55,94.15,1241863.0
1209,2023-11-14,92.5,95.8,91.3,92.2,2309247.0
1210,2023-11-15,95.5,97.2,94.55,96.25,1675807.0
1211,2023-11-16,97.3,97.3,92.55,93.65,927608.0
1212,2023-11-17,93.55,94.2,92.35,93.1,1425408.0
1213,2023-11-20,94.9,97.25,93.35,96.35,4014129.0
1214,2023-11-21,98.9,98.9,96.05,97.0,2285925.0
1215,2023-11-22,96.5,97.0,93.3,94.0,2686865.0
1216,2023-11-23,94.0,95.35,93.1,94.95,1926282.0
1217,2023-11-24,95.3,95.3,92.9,92.9,1686248.0
1218,2023-11-27,93.4,94.0,92.0,92.95,2000878.0
1219,2023-11-28,92.95,95.1,92.3,94.15,2542965.0
1220,2023-11-29,94.85,95.1,92.85,93.3,1922410.0
1221,2023-11-30,93.05,93.7,90.95,91.5,4286285.0
1222,2023-12-01,91.3,93.15,90.3,91.5,10879303.0
1223,2023-12-04,91.2,91.5,82.75,83.45,9953069.0
1224,2023-12-05,80.65,84.2,80.3,81.0,11132674.0
1225,2023-12-06,80.9,84.1,80.85,83.0,5479895.0
1226,2023-12-07,82.5,82.7,80.75,81.65,2937630.0
1227,2023-12-08,81.2,81.9,80.2,81.15,3615678.0
1228,2023-12-11,80.5,82.0,80.0,81.35,4609723.0
1229,2023-12-12,81.4,81.6,79.85,80.45,3369185.0
1230,2023-12-13,80.2,80.9,78.0,79.2,2650846.0
1231,2023-12-14,80.65,82.25,78.8,79.75,4382680.0
1232,2023-12-15,80.8,80.95,78.75,80.3,4129864.0
1233,2023-12-18,78.8,79.1,77.3,78.05,5280302.0
1234,2023-12-19,78.05,78.05,76.75,77.2,2237909.0
1235,2023-12-20,77.85,78.5,76.8,77.2,2313593.0
1236,2023-12-21,75.8,79.2,75.35,78.0,3168499.0
1237,2023-12-22,78.3,78.3,75.95,76.65,2297307.0
1238,2023-12-27,77.55,77.9,75.75,77.05,1322399.0
1239,2023-12-28,77.25,80.35,76.0,79.85,2309991.0
1240,2023-12-29,79.85,80.2,79.15,79.45,1239636.0
1241,2024-01-02,78.75,78.85,74.5,75.1,2167444.0
1242,2024-01-03,75.05,76.4,74.15,75.6,1337036.0
1243,2024-01-04,75.3,77.7,74.3,75.2,2081399.0
1244,2024-01-05,76.35,76.35,72.2,72.85,2051390.0
1245,2024-01-08,72.0,73.15,70.8,72.15,2234785.0
1246,2024-01-09,73.1,74.1,72.15,72.4,2313173.0
1247,2024-01-10,72.4,74.2,71.85,74.05,2510145.0
1248,2024-01-11,78.1,80.95,75.8,79.0,22340766.0
1249,2024-01-12,79.0,80.25,77.55,78.2,2206876.0
1250,2024-01-15,78.2,79.75,77.55,78.45,1744900.0
1251,2024-01-16,78.45,79.0,76.45,78.8,1947125.0
1252,2024-01-17,77.9,78.0,75.65,76.15,4561149.0
1253,2024-01-18,76.3,79.0,75.15,78.4,3305840.0
1254,2024-01-19,77.85,80.5,77.8,79.35,3422080.0
1255,2024-01-22,79.35,80.15,77.9,78.65,3733872.0
