,date,open,high,low,close,volume
0,2020-06-29,22.6805,27.5549,22.5313,25.8638,78681020.0
1,2020-06-30,26.3612,28.2512,25.8638,26.5601,16321320.0
2,2020-07-02,26.5601,28.3507,25.4161,27.5549,7996800.0
3,2020-07-03,27.6543,29.1962,26.958,28.6491,6024400.0
4,2020-07-06,28.8481,31.8323,28.8481,31.335,6804300.0
5,2020-07-07,31.8323,33.9711,28.6988,30.5889,5143600.0
6,2020-07-08,30.6386,32.8271,29.8428,31.5339,4350200.0
7,2020-07-09,32.2302,33.8219,31.9318,32.5784,4541900.0
8,2020-07-10,32.5784,32.6281,30.8376,31.4842,3953000.0
9,2020-07-13,31.4842,32.5287,29.6439,31.6831,2657000.0
10,2020-07-14,30.6386,32.3297,30.3402,31.5339,1274780.0
11,2020-07-15,32.0313,32.4292,30.2905,30.8376,1891000.0
12,2020-07-16,30.7878,31.335,26.6596,28.9973,3571800.0
13,2020-07-17,29.047,29.8926,29.047,29.6439,898400.0
14,2020-07-20,29.6439,30.0418,27.5549,28.8481,1753400.0
15,2020-07-21,28.8978,30.2407,28.8978,29.3454,957400.0
16,2020-07-22,29.6936,31.7329,29.3454,29.5941,2435800.0
17,2020-07-23,30.0418,31.6831,28.9475,31.5836,1934200.0
18,2020-07-24,30.7878,31.3847,29.0967,29.5444,2731000.0
19,2020-07-27,30.3402,30.3402,27.7538,28.8481,3117610.0
20,2020-07-28,28.8481,30.5889,28.4004,30.5391,3548400.0
21,2020-07-29,30.5391,31.5339,29.8428,31.4344,1992776.0
22,2020-07-30,31.9318,33.0758,30.3402,31.1857,3626400.0
23,2020-07-31,31.1857,32.28,30.8873,31.7329,954200.0
24,2020-08-03,31.7329,34.9161,31.5339,34.6177,3339100.0
25,2020-08-04,35.5129,37.204,34.3192,34.8166,3784700.0
26,2020-08-05,34.8664,36.8061,33.9213,36.2093,1996600.0
27,2020-08-06,36.4082,36.7067,34.8166,36.4082,1467400.0
28,2020-08-07,36.3088,36.3088,34.4187,35.7119,1714800.0
29,2020-08-10,35.2145,35.2145,33.3742,34.5182,1454600.0
30,2020-08-11,34.6177,40.7852,34.5182,39.6412,5277200.0
31,2020-08-12,39.7904,39.7904,35.6622,36.8061,3087400.0
32,2020-08-13,37.0548,39.0941,36.6072,38.0496,2426400.0
33,2020-08-14,38.1491,39.6412,37.6517,38.547,2007037.0
34,2020-08-17,38.1988,40.7354,37.7512,38.9946,1870900.0
35,2020-08-18,39.492,43.9187,39.293,43.67,3541800.0
36,2020-08-19,43.2223,43.67,41.8297,42.0286,1283563.0
37,2020-08-20,41.5312,44.1674,41.0836,42.526,1243600.0
38,2020-08-21,42.5757,43.7197,42.3768,42.5757,1058600.0
39,2020-08-24,43.1726,43.2721,38.3978,39.1936,2936400.0
40,2020-08-25,39.1936,40.5365,37.9004,39.5915,1169400.0
41,2020-08-26,40.1883,42.1281,40.0888,40.2878,1569400.0
42,2020-08-27,40.5365,40.5365,37.9004,38.6464,2472800.0
43,2020-08-28,38.7957,39.5915,38.0993,38.7459,812000.0
44,2020-08-31,39.293,40.6857,38.6962,40.5862,955400.0
45,2020-09-01,40.7354,44.5653,40.4868,44.5155,2247000.0
46,2020-09-02,44.5653,44.7642,43.2721,44.3663,1139130.0
47,2020-09-03,44.2668,46.9527,43.8192,44.9134,1613000.0
48,2020-09-04,42.6255,46.6543,40.9841,46.3558,1664800.0
49,2020-09-07,46.704,53.6176,46.704,50.0365,10268000.0
50,2020-09-08,49.738,50.4344,45.6098,47.649,5627375.0
51,2020-09-09,45.8585,51.4291,44.5653,47.4998,4313883.0
52,2020-09-10,48.0469,50.5338,48.0469,49.738,2950000.0
53,2020-09-11,49.4396,54.9605,49.2904,53.1699,2818770.0
54,2020-09-14,54.2144,59.1882,53.5181,55.8061,2423300.0
55,2020-09-15,56.005,58.5417,54.0155,55.06,1640000.0
56,2020-09-16,55.1595,56.7013,52.6726,53.6176,2005400.0
57,2020-09-17,53.6176,55.4579,53.3192,54.7616,1038600.0
58,2020-09-18,54.7118,55.6071,53.5181,53.8165,943800.0
59,2020-09-21,53.7171,55.0103,53.0705,53.4186,738800.0
60,2020-09-22,53.1202,53.7171,50.2354,50.3846,1925670.0
61,2020-09-23,50.4344,52.9213,50.3349,51.9265,1313400.0
62,2020-09-24,51.1307,51.8768,48.992,49.8375,632000.0
63,2020-09-25,49.738,52.9213,46.8532,49.0417,1647000.0
64,2020-09-28,49.0914,49.5391,46.903,48.4448,1316400.0
65,2020-09-29,49.3899,49.3899,44.814,45.3611,1677600.0
66,2020-09-30,45.3611,47.2511,44.1674,46.2066,991400.0
67,2020-10-05,46.7537,46.7537,43.6202,44.5653,1288800.0
68,2020-10-06,44.5155,47.3009,44.4161,47.3009,1071600.0
69,2020-10-07,46.9527,46.9527,45.56,46.6045,620600.0
70,2020-10-08,46.903,47.7485,46.2564,47.6988,631000.0
71,2020-10-09,48.0469,50.683,47.7485,50.3349,2032400.0
72,2020-10-12,51.0809,53.2197,51.0809,51.8768,1233200.0
73,2020-10-14,52.3244,53.1202,50.3349,50.6333,1025500.0
74,2020-10-15,50.4841,51.3296,48.9422,49.738,604200.0
75,2020-10-16,49.8375,51.5286,49.0417,49.1412,378600.0
76,2020-10-19,48.7433,48.7433,45.6098,45.759,1084400.0
77,2020-10-20,44.9134,47.5496,43.9684,46.4553,1073400.0
78,2020-10-21,45.3113,48.0469,45.3113,46.7537,709200.0
79,2020-10-22,45.759,47.7982,45.759,47.1019,481400.0
80,2020-10-23,47.1019,47.8977,46.1071,46.4553,715400.0
81,2020-10-27,45.8087,47.2014,44.7642,46.5548,791400.0
82,2020-10-28,46.3061,46.3558,44.7642,45.56,1339600.0
83,2020-10-29,45.4606,47.3506,44.814,47.3506,743800.0
84,2020-10-30,46.6045,50.0862,46.5548,47.7485,1668400.0
85,2020-11-02,47.7485,50.0365,47.7485,49.4396,761600.0
86,2020-11-03,50.0365,50.5338,48.6935,49.2904,589000.0
87,2020-11-04,48.0967,55.9055,48.0967,54.7616,2091800.0
88,2020-11-05,55.8061,57.6464,54.9605,57.1987,999600.0
89,2020-11-06,57.1987,57.5966,53.6673,55.3087,697400.0
90,2020-11-09,55.6568,57.5966,52.3244,52.971,1364600.0
91,2020-11-10,53.7171,53.8165,50.0365,50.683,977600.0
92,2020-11-11,50.683,50.683,47.5496,47.649,673600.0
93,2020-11-12,48.6438,52.3741,48.0469,50.8323,621400.0
94,2020-11-13,51.827,53.7171,49.8872,53.4684,836000.0
95,2020-11-16,53.4684,55.0103,52.7223,52.9213,604917.0
96,2020-11-17,53.2694,53.5181,50.7825,51.2302,521200.0
97,2020-11-18,52.1254,55.2092,51.6778,54.2144,1291200.0
98,2020-11-19,54.2144,55.9055,52.3741,54.5129,665800.0
99,2020-11-20,55.2092,58.6411,54.8113,55.7066,1798200.0
100,2020-11-23,56.4029,56.95,52.7223,53.1202,1087420.0
101,2020-11-24,53.2694,53.916,50.0862,50.3846,1052800.0
102,2020-11-25,50.4841,51.7275,48.2459,48.3951,1334200.0
103,2020-11-26,48.3951,51.2302,48.3951,49.2904,677600.0
104,2020-11-27,49.738,50.7825,48.7433,50.0862,411400.0
105,2020-11-30,50.0862,50.4841,48.594,48.793,639200.0
106,2020-12-01,48.793,50.3846,48.793,49.9867,657600.0
107,2020-12-02,50.3349,50.3349,48.0967,49.2406,1065000.0
108,2020-12-03,49.3899,54.2144,48.6935,53.5181,1928000.0
109,2020-12-04,53.5181,54.7118,52.7223,53.8663,937400.0
110,2020-12-07,54.0652,55.4082,52.4736,53.916,901800.0
111,2020-12-08,53.916,54.7118,52.2249,53.2197,697000.0
112,2020-12-09,53.5181,53.916,50.3349,50.9317,1928200.0
113,2020-12-10,50.9317,52.0757,49.6883,50.0365,1368200.0
114,2020-12-11,49.9867,50.3349,48.7433,48.793,1186400.0
115,2020-12-14,48.793,49.6385,48.1961,48.2459,1844620.0
116,2020-12-15,49.738,49.738,47.5496,47.5993,1056400.0
117,2020-12-16,47.7485,49.0914,45.1621,45.8585,2909200.0
118,2020-12-17,46.5548,48.9422,46.4056,47.848,2484918.0
119,2020-12-18,47.848,49.3401,47.0024,48.3454,1769140.0
120,2020-12-21,49.0417,50.0365,47.4998,49.2406,2570400.0
121,2020-12-22,49.3899,49.8872,48.3454,48.7433,1300600.0
122,2020-12-23,48.7433,50.2354,48.3454,49.738,1711600.0
123,2020-12-24,50.2354,51.0312,49.2406,49.6385,1574000.0
124,2020-12-28,48.7433,50.882,46.9527,47.0024,4163783.0
125,2020-12-29,46.9527,47.7485,45.759,46.5548,4514200.0
126,2020-12-30,46.2564,46.9527,45.0129,46.4553,11329600.0
127,2020-12-31,46.8532,49.3401,45.759,48.5443,12568118.0
128,2021-01-04,48.6438,53.4186,48.4946,51.6281,7472200.0
129,2021-01-05,49.0417,53.0207,48.7433,51.5286,34078800.0
130,2021-01-06,52.1752,54.3139,50.2354,51.4291,7869066.0
131,2021-01-07,51.4789,54.2144,51.0312,53.3192,6540000.0
132,2021-01-08,53.916,56.6019,53.5181,55.6071,5240700.0
133,2021-01-11,56.5024,58.9893,53.5679,54.6621,4562900.0
134,2021-01-12,53.916,56.7013,53.916,55.6568,3283600.0
135,2021-01-13,54.2144,55.2589,53.1699,54.9108,22182300.0
136,2021-01-14,54.9108,55.5076,51.9762,54.115,3770800.0
137,2021-01-15,54.115,54.7118,51.0312,52.7223,3518800.0
138,2021-01-18,52.7223,54.4631,51.7275,52.4239,2995000.0
139,2021-01-19,52.5234,60.8296,52.5234,60.8296,8400863.0
140,2021-01-20,61.7746,63.9631,59.1882,63.0181,5313900.0
141,2021-01-21,64.4605,67.1463,63.416,65.3558,5497200.0
142,2021-01-22,65.4552,72.4186,63.5652,68.8872,11078242.0
143,2021-01-25,68.9369,74.0102,67.2458,70.7772,4077000.0
144,2021-01-26,72.6175,72.6175,64.162,66.251,4639400.0
145,2021-01-27,66.649,69.1359,61.7249,64.2615,4618700.0
146,2021-01-28,61.7746,63.4657,57.2982,59.9343,6581533.0
147,2021-01-29,60.8793,63.6647,58.7903,59.6359,4051600.0
148,2021-02-01,60.0338,65.5547,60.0338,62.5704,4433354.0
149,2021-02-02,64.7092,65.9029,62.8689,64.162,5333091.0
150,2021-02-03,64.162,66.9971,63.1176,63.6647,5222733.0
151,2021-02-04,63.6647,63.6647,61.2772,62.8191,1476800.0
152,2021-02-05,63.6647,64.7589,63.217,63.6647,3550721.0
153,2021-02-08,65.1568,65.6045,63.4657,64.7092,4160424.0
154,2021-02-09,65.0573,65.0573,63.3165,64.4107,1997513.0
155,2021-02-10,64.2118,64.8086,62.9186,64.6594,3062533.0
156,2021-02-11,64.9081,72.3191,64.4107,69.8322,2227763.0
157,2021-02-16,70.628,72.8165,68.8872,69.2851,2968871.0
158,2021-02-17,69.2851,69.8322,66.649,69.5338,1605263.0
159,2021-02-18,70.429,72.6175,64.6594,64.9579,4352000.0
160,2021-02-19,64.9579,69.6332,55.3087,68.4395,3715117.0
161,2021-02-22,69.484,70.1306,64.8584,66.1516,5341800.0
162,2021-02-23,64.8086,65.5547,62.6699,64.8584,3856172.0
163,2021-02-24,64.9579,65.6542,56.7013,61.4762,11982142.0
164,2021-02-25,62.6699,62.6699,58.1437,58.7406,1966400.0
165,2021-02-26,55.3584,57.5469,53.6673,56.1045,5408175.0
166,2021-03-01,56.8008,58.6909,55.8061,58.4422,3506500.0
167,2021-03-02,59.6359,61.6751,56.95,58.293,3854067.0
168,2021-03-03,58.293,59.6359,56.3034,59.6359,2608200.0
169,2021-03-04,56.9998,58.7903,53.4186,53.8663,3224200.0
170,2021-03-05,51.7275,55.9055,48.4946,52.4239,3955400.0
171,2021-03-08,52.8218,54.6621,45.759,46.6543,5229670.0
172,2021-03-09,46.8035,47.6988,43.1229,45.2616,7450619.0
173,2021-03-10,47.2511,48.7433,45.9082,46.8532,2606263.0
174,2021-03-11,46.8532,51.2302,46.8532,50.6333,3562946.0
175,2021-03-12,51.4291,53.4684,47.6988,48.2459,2496897.0
176,2021-03-15,48.3951,49.3401,45.3611,46.1071,2699873.0
177,2021-03-16,46.5548,50.1359,46.5548,49.738,1723600.0
178,2021-03-17,50.7328,51.4789,48.7433,51.2302,1714200.0
179,2021-03-18,52.2747,52.6228,50.3349,51.5286,1500600.0
180,2021-03-19,50.5836,51.1307,48.7433,49.7878,8816430.0
181,2021-03-22,49.7878,50.2851,48.2459,49.3401,1092800.0
182,2021-03-23,49.3401,50.4841,47.0522,48.0469,1415600.0
183,2021-03-24,45.9579,48.0469,44.9632,45.6098,1843800.0
184,2021-03-25,44.7642,46.903,42.0784,45.6098,2276400.0
185,2021-03-26,45.759,48.9422,45.7092,47.7485,1806800.0
186,2021-03-29,48.0967,49.2406,46.8532,47.7485,777902.0
187,2021-03-30,50.7328,56.6516,49.5391,54.9108,6770546.0
188,2021-03-31,55.6071,56.204,54.7118,56.1542,1934812.0
189,2021-04-01,56.7013,62.6699,56.7013,59.6856,6981800.0
190,2021-04-07,60.5809,62.0233,58.4919,59.6856,3173175.0
191,2021-04-08,59.6856,61.8741,59.0888,61.0783,3186709.0
192,2021-04-09,60.7799,61.5259,58.4919,58.5914,4186000.0
193,2021-04-12,58.5914,59.8348,54.2144,54.7118,2623025.0
194,2021-04-13,54.7118,56.5024,53.2694,53.7171,1642600.0
195,2021-04-14,55.2092,58.094,54.7118,57.5469,2183600.0
196,2021-04-15,57.0993,57.4972,54.7118,56.9998,1299000.0
197,2021-04-16,57.9945,59.238,55.3087,56.1542,1421861.0
198,2021-04-19,56.0548,59.8846,55.0103,59.4867,2961700.0
199,2021-04-20,58.2432,60.8793,57.8453,59.4867,3050600.0
200,2021-04-21,58.4422,60.9788,56.5024,59.1385,3823163.0
201,2021-04-22,59.1385,60.4317,58.293,59.7354,1317059.0
202,2021-04-23,59.4867,61.9736,58.7406,60.7799,2802700.0
203,2021-04-26,66.1516,66.5992,63.6149,63.9631,7465764.0
204,2021-04-27,64.162,64.6594,62.7694,64.162,1759463.0
205,2021-04-28,64.2615,64.6097,62.9186,63.5155,2263150.0
206,2021-04-29,64.6594,64.6594,61.4762,62.3217,784800.0
207,2021-04-30,62.8689,63.1673,60.183,60.7799,1159653.0
208,2021-05-03,60.7799,62.0233,58.9396,61.6254,508512.0
209,2021-05-04,60.5809,62.6202,60.5809,62.0731,816528.0
210,2021-05-05,61.6751,61.6751,59.6856,60.1333,1029081.0
211,2021-05-06,60.6307,62.5704,58.7406,61.8244,2632432.0
212,2021-05-07,62.1725,62.3217,59.8846,59.8846,1713800.0
213,2021-05-10,61.6751,63.1176,60.4317,61.4762,1880400.0
214,2021-05-11,60.7301,61.7249,57.7956,60.4814,2635665.0
215,2021-05-12,60.3322,60.6307,56.5521,60.0338,3344066.0
216,2021-05-13,59.1882,63.6647,59.1882,62.5704,5083800.0
217,2021-05-14,62.6699,67.0469,60.7799,66.6987,4938800.0
218,2021-05-17,67.6437,67.6934,65.4055,67.0469,2890161.0
219,2021-05-18,67.3453,71.9709,65.8531,69.8819,4118300.0
220,2021-05-20,69.8819,73.5128,69.3348,72.9657,4190762.0
221,2021-05-21,73.3138,78.3871,73.0154,76.696,5751200.0
222,2021-05-24,76.5966,80.3269,75.6515,78.5861,4559040.0
223,2021-05-25,78.4369,80.3766,77.4918,78.7353,3233202.0
224,2021-05-26,78.4369,79.1829,75.3034,76.1987,3418520.0
225,2021-05-27,76.5966,78.4866,74.1097,74.2091,4938706.0
226,2021-05-28,74.1097,83.6594,74.1097,80.874,8116877.0
227,2021-05-31,81.3714,91.2195,81.0232,89.3295,5879494.0
228,2021-06-01,89.3295,93.2588,87.0415,90.0258,4283541.0
229,2021-06-02,89.0311,90.5232,86.0468,88.5337,3451000.0
230,2021-06-03,87.5389,89.7771,86.4944,86.6436,2471682.0
231,2021-06-04,84.4552,85.3007,83.0625,83.5599,30414358.0
232,2021-06-07,82.3662,85.7981,81.7693,84.107,4449041.0
233,2021-06-08,84.1567,89.8269,84.1567,84.5546,3977877.0
234,2021-06-09,84.0573,89.5284,83.5599,88.6332,2829200.0
235,2021-06-10,88.6332,91.518,86.2955,88.8321,3213000.0
236,2021-06-11,89.5284,92.5127,87.5389,91.1698,3471900.0
237,2021-06-15,92.0651,93.9054,87.8871,91.0703,4261200.0
238,2021-06-16,89.8269,91.1201,84.9028,86.0468,3064972.0
239,2021-06-17,85.1515,92.9604,85.1515,92.3138,2315400.0
240,2021-06-18,93.0101,96.7902,92.7614,94.9001,2273237.0
241,2021-06-21,94.9996,97.9839,93.3085,94.9001,2995254.0
242,2021-06-22,96.0441,103.2561,95.7457,98.1829,4775427.0
243,2021-06-23,99.476,109.4237,98.531,107.7326,4728638.0
244,2021-06-24,109.4237,109.4237,99.3766,101.8635,5323256.0
245,2021-06-25,103.654,105.4446,98.1829,100.7692,3569250.0
246,2021-06-28,100.7692,107.4341,100.4708,102.4603,1795606.0
247,2021-06-29,104.2509,105.942,100.9682,102.3609,3320458.0
248,2021-06-30,103.6001,104.2974,100.6117,101.6078,1877467.0
249,2021-07-02,102.604,103.3013,89.8034,96.129,6344843.0
250,2021-07-05,96.129,99.4661,93.6884,95.6309,2617489.0
251,2021-07-06,96.2784,98.4699,88.5582,91.1482,6512672.0
252,2021-07-07,91.7957,99.1672,89.4547,98.2707,3398423.0
253,2021-07-08,98.2707,101.8071,92.9911,93.788,2783400.0
254,2021-07-09,94.1367,95.6309,88.7574,92.5926,4379100.0
255,2021-07-12,93.1405,94.3857,90.5007,92.742,4171000.0
256,2021-07-13,92.6424,97.0753,90.7995,91.6463,3259884.0
257,2021-07-14,91.6961,97.9719,89.903,97.0753,5748366.0
258,2021-07-15,96.4278,96.6769,92.3934,95.6807,2446013.0
259,2021-07-16,95.332,97.1749,91.3474,93.1903,1407323.0
260,2021-07-19,94.5849,96.4776,91.7459,91.9949,2273383.0
261,2021-07-20,91.9949,93.4892,88.857,89.654,2507519.0
262,2021-07-21,89.5543,92.4432,86.1674,88.9068,2094566.0
263,2021-07-22,89.2555,91.6463,85.9184,87.1138,2381862.0
264,2021-07-23,87.1138,88.2593,81.1866,82.2326,4748519.0
265,2021-07-26,80.1407,80.1407,67.8382,71.9224,20079824.0
266,2021-07-27,70.478,74.5124,62.3095,65.7462,8904229.0
267,2021-07-28,64.5509,78.2978,64.5509,75.6082,7129541.0
268,2021-07-29,80.3399,88.0601,77.7001,80.589,8305380.0
269,2021-07-30,80.589,81.087,76.1063,77.2518,5395200.0
270,2021-08-02,78.1982,78.1982,72.7193,76.1063,4208306.0
271,2021-08-03,76.7039,79.6924,74.3132,77.7001,2965237.0
272,2021-08-04,78.6464,82.8801,76.0066,80.0411,4365800.0
273,2021-08-05,79.792,83.179,76.3553,76.5047,3952160.0
274,2021-08-06,76.5545,81.2863,76.5047,77.0028,4151800.0
275,2021-08-09,77.0028,77.0028,74.1139,76.6043,1637200.0
276,2021-08-10,77.0028,81.6847,77.0028,79.1943,2106054.0
277,2021-08-11,80.589,80.589,75.907,76.5047,1830800.0
278,2021-08-12,77.6503,77.6503,71.2749,72.9186,6022858.0
279,2021-08-13,71.9224,75.2097,69.7309,72.7193,2404866.0
280,2021-08-16,72.7193,74.7116,69.6312,70.6772,3830200.0
281,2021-08-17,71.3247,71.3745,67.7386,69.4818,4116800.0
282,2021-08-18,69.2328,70.9262,67.8382,70.5776,1890800.0
283,2021-08-19,71.3247,71.4741,64.3516,65.2482,5156330.0
284,2021-08-20,65.7462,66.9416,59.072,59.4705,10950200.0
285,2021-08-23,60.2674,65.1984,58.1755,64.7003,5868313.0
286,2021-08-24,68.8841,69.2826,60.8651,63.0566,10327400.0
287,2021-08-25,63.7041,66.1945,61.8612,62.1103,5226200.0
288,2021-08-26,62.1103,62.4589,56.9801,59.1218,6581184.0
289,2021-08-27,59.1218,62.8076,58.1257,59.8191,3675800.0
290,2021-08-30,60.7655,63.2559,58.9724,59.5203,4567000.0
291,2021-08-31,59.6697,61.3632,56.2828,60.0682,4269435.0
292,2021-09-01,60.0682,60.5164,51.1526,58.823,11035452.0
293,2021-09-02,58.5739,62.5087,56.9303,57.6276,5615600.0
294,2021-09-03,57.7272,60.367,57.2291,60.2674,2836600.0
295,2021-09-06,62.2099,64.003,59.9685,63.2559,4593670.0
296,2021-09-07,64.0528,66.6926,63.7041,65.6964,6027800.0
297,2021-09-08,65.7462,66.6428,61.8114,62.3095,2983600.0
298,2021-09-09,61.3632,64.501,60.7655,62.2099,1664800.0
299,2021-09-10,62.3095,64.5509,61.4628,62.6582,1646600.0
300,2021-09-13,62.6582,63.2559,59.321,61.0145,2396954.0
301,2021-09-14,60.8651,63.6543,60.2674,61.7616,2834800.0
302,2021-09-15,61.2635,62.1601,57.5778,57.777,2350600.0
303,2021-09-16,57.2789,57.2789,55.0376,55.3862,1938600.0
304,2021-09-17,54.9878,60.1678,54.7885,59.6697,6197383.0
305,2021-09-20,59.7693,59.7693,57.0299,58.026,2509000.0
306,2021-09-21,57.4283,60.1678,56.6812,57.3785,1713400.0
307,2021-09-23,57.528,59.8689,57.528,58.6735,2320800.0
308,2021-09-24,52.7962,58.3747,52.6966,53.7924,89202050.0
309,2021-09-27,54.8383,59.8191,54.8383,57.2789,19953400.0
310,2021-09-28,58.0758,58.3747,55.9839,57.1793,9222000.0
311,2021-09-29,56.5318,56.8307,54.2905,54.8881,5157800.0
312,2021-09-30,54.8881,58.026,54.8881,57.8766,2048855.0
313,2021-10-04,58.0758,59.6199,56.5816,58.9226,3995800.0
314,2021-10-05,57.9762,58.1257,55.5855,57.3287,3877800.0
315,2021-10-06,57.777,58.3747,55.187,57.4283,3190192.0
316,2021-10-07,58.3747,64.7501,57.7272,64.3018,4685800.0
317,2021-10-08,64.3018,66.2941,62.7578,65.4474,7298523.0
318,2021-10-11,64.7501,72.1714,64.7501,67.888,9072430.0
319,2021-10-12,67.2903,70.727,66.3439,67.6389,3652200.0
320,2021-10-15,66.0949,71.4741,61.5624,69.9799,6506638.0
321,2021-10-18,69.6312,72.4703,65.3478,69.6312,4781600.0
322,2021-10-19,68.1868,70.5278,67.9378,70.1293,2930400.0
323,2021-10-20,70.1293,70.6772,67.5891,69.8803,1924600.0
324,2021-10-21,69.7309,71.7232,67.8382,68.2864,2578600.0
325,2021-10-22,68.5853,71.1753,68.5355,70.5776,2233400.0
326,2021-10-25,70.727,73.317,69.1332,71.2749,2213700.0
327,2021-10-26,71.773,73.1178,68.1868,69.5814,2301552.0
328,2021-10-27,69.183,70.478,65.9455,68.6849,3246324.0
329,2021-10-28,67.7884,69.8803,66.2443,66.4435,2656400.0
330,2021-10-29,66.4435,69.0336,66.1447,68.3362,1712200.0
331,2021-11-01,68.3362,68.3362,63.9532,64.7999,4303200.0
332,2021-11-02,64.7999,67.2405,61.1639,61.9609,4666400.0
333,2021-11-03,61.7616,63.7539,59.1218,60.7157,3541300.0
334,2021-11-04,61.5624,64.3018,60.7655,61.7616,2751432.0
335,2021-11-05,61.1141,62.6582,60.367,60.6658,2175400.0
336,2021-11-08,60.9647,62.957,59.7693,62.2597,3689600.0
337,2021-11-09,62.8574,65.0489,62.4091,63.6045,2744000.0
338,2021-11-10,63.1562,66.5432,62.3593,66.2443,2487800.0
339,2021-11-11,65.1984,67.1907,64.7501,65.796,3811609.0
340,2021-11-12,67.7386,68.2366,64.0528,66.5432,5797500.0
341,2021-11-15,66.9416,71.3247,66.9416,70.9262,4754200.0
342,2021-11-16,70.9262,75.2097,69.7309,74.8611,5829200.0
343,2021-11-17,74.9109,76.4549,72.8189,74.1139,3884400.0
344,2021-11-18,74.0143,74.0143,69.8803,69.8803,4302000.0
345,2021-11-19,69.8803,71.3247,69.1332,70.2289,3224420.0
346,2021-11-22,69.7309,70.6772,65.6466,66.2443,5983390.0
347,2021-11-23,66.7424,66.8918,64.4512,64.9991,4026800.0
348,2021-11-24,65.5968,68.6351,64.9493,66.842,4002400.0
349,2021-11-25,68.0374,68.9339,66.5432,68.6351,2655800.0
350,2021-11-26,67.4397,68.9339,66.3937,66.6428,2667000.0
351,2021-11-29,66.9914,69.2328,65.3976,65.6964,2918952.0
352,2021-11-30,65.796,67.7386,60.2176,60.4168,37596811.0
353,2021-12-01,61.4628,64.003,59.2214,59.8689,5820441.0
354,2021-12-02,59.8689,61.911,59.7693,60.6658,3371790.0
355,2021-12-03,60.6658,60.8651,56.5816,58.9724,5497279.0
356,2021-12-06,58.7732,58.8728,53.5433,54.6391,8463959.0
357,2021-12-07,55.5855,56.7808,54.4897,55.1372,6029863.0
358,2021-12-08,55.9839,57.777,55.6851,56.1333,3499933.0
359,2021-12-09,56.6812,60.367,56.5816,59.6697,6253100.0
360,2021-12-10,59.321,60.2674,57.777,58.3249,2427200.0
361,2021-12-13,59.2712,60.2176,56.6314,56.6812,2506686.0
362,2021-12-14,56.482,57.2291,55.0376,56.5816,1374531.0
363,2021-12-15,56.1333,57.3287,50.8039,51.9993,6633566.0
364,2021-12-16,52.1487,55.7847,51.8499,55.2866,4383308.0
365,2021-12-17,55.7847,55.7847,50.8039,51.302,7335333.0
366,2021-12-20,51.302,51.302,46.3212,47.3174,11599500.0
367,2021-12-21,47.8154,49.1104,46.6201,48.8116,5081559.0
368,2021-12-22,48.961,50.5051,47.9649,48.5626,3695848.0
369,2021-12-23,48.9112,49.7081,47.8653,48.4629,3043379.0
370,2021-12-24,49.5587,51.2024,48.9112,49.2101,3639232.0
371,2021-12-28,48.3633,49.3097,47.0185,49.1603,3275800.0
372,2021-12-29,49.2101,49.8078,46.4208,46.8691,1214200.0
373,2021-12-30,46.4208,48.0147,45.9228,47.2178,757462.0
374,2021-12-31,48.1143,49.2101,48.1143,48.6124,591518.0
375,2022-01-03,49.1104,49.1104,44.5281,45.7235,1130400.0
376,2022-01-04,46.5204,46.5204,42.1872,45.3749,7047600.0
377,2022-01-05,45.3749,45.3749,42.0377,42.3864,8447537.0
378,2022-01-06,41.7389,43.4822,40.942,42.8845,4153526.0
379,2022-01-07,42.6852,43.9803,41.3404,42.7849,4760461.0
380,2022-01-10,42.7849,46.2714,42.4362,45.9726,7011349.0
381,2022-01-11,45.9228,48.3135,44.6278,47.4668,6624800.0
382,2022-01-12,48.961,52.1487,48.1641,51.7503,9376586.0
383,2022-01-13,51.8001,52.3978,48.6622,48.961,2924949.0
384,2022-01-14,47.8154,49.3595,46.9687,48.5626,2710800.0
385,2022-01-17,48.4131,48.6124,46.1718,46.6201,3134888.0
386,2022-01-18,46.7197,48.712,45.7235,46.3212,2176920.0
387,2022-01-19,47.0185,47.0185,44.7772,45.3251,1951934.0
388,2022-01-20,45.8231,46.8193,44.2791,46.5703,2836000.0
389,2022-01-21,46.5703,46.5703,40.8424,41.5895,10747800.0
390,2022-01-24,40.942,42.6354,37.9037,38.7504,11098017.0
391,2022-01-25,38.8002,39.2983,36.3099,36.4095,7620741.0
392,2022-01-26,37.1068,38.0531,34.0187,34.8156,11816400.0
393,2022-01-27,34.9152,35.4133,33.8195,35.3137,6911900.0
394,2022-01-28,35.4631,35.6125,33.5206,34.8654,2657200.0
395,2022-01-31,35.9114,36.0608,34.1681,34.9152,1312600.0
396,2022-02-04,35.3635,36.0608,33.67,34.467,1367970.0
397,2022-02-07,34.965,36.2102,34.6164,35.6125,4647200.0
398,2022-02-08,35.0149,35.5129,32.9727,33.2218,4774428.0
399,2022-02-09,33.7199,34.965,33.2218,34.2677,5081200.0
400,2022-02-10,34.7658,38.0531,34.467,37.8041,7285150.0
401,2022-02-11,37.6547,38.8501,35.6125,36.1604,5917014.0
402,2022-02-14,36.1604,37.0072,34.716,36.5091,4963200.0
403,2022-02-15,36.011,40.1451,35.9114,39.5474,5363800.0
404,2022-02-16,40.6431,41.9381,39.647,40.942,5937067.0
405,2022-02-17,40.8424,41.2906,39.9458,40.5435,2703697.0
406,2022-02-18,39.9458,40.2447,39.0493,39.5474,2357259.0
407,2022-02-21,39.5474,39.7466,38.1527,39.1489,1429575.0
408,2022-02-22,38.8501,39.1987,37.057,38.1029,3200000.0
409,2022-02-23,38.352,41.5895,38.352,40.942,4453025.0
410,2022-02-24,40.4439,41.3404,38.9995,40.0454,2846769.0
411,2022-02-25,40.8424,42.6354,40.8424,42.3366,4521586.0
412,2022-02-28,42.237,43.1833,40.2447,42.237,4623909.0
413,2022-03-01,42.7351,45.0262,42.6354,44.4285,4946096.0
414,2022-03-02,44.4285,44.6776,43.1335,43.5818,2664000.0
415,2022-03-03,43.781,44.827,42.4362,43.6814,2696462.0
416,2022-03-04,42.7849,43.1833,40.942,41.6393,5066406.0
417,2022-03-07,41.2906,41.6393,38.8002,40.9918,3109131.0
418,2022-03-08,40.9918,41.2408,37.5052,38.3022,4389711.0
419,2022-03-09,38.7504,39.7466,35.6125,38.3022,4921665.0
420,2022-03-10,39.8462,40.7427,37.3558,37.9535,2876516.0
421,2022-03-11,36.5589,37.6547,34.5666,37.1566,4796212.0
422,2022-03-14,35.8616,36.26,27.9422,28.7889,11362000.0
423,2022-03-15,27.3943,33.172,16.1377,20.1223,124142618.0
424,2022-03-16,22.7123,30.4325,21.3177,29.8348,52354257.0
425,2022-03-17,32.8731,33.172,30.3329,32.0264,12039560.0
426,2022-03-18,30.6318,32.5743,30.2333,31.5781,7646510.0
427,2022-03-21,32.375,32.375,29.536,29.8348,5941098.0
428,2022-03-22,29.785,30.2333,28.2908,29.785,8499470.0
429,2022-03-23,29.536,32.8233,28.49,31.5283,12782729.0
430,2022-03-24,31.1298,35.0149,30.9804,32.8233,8330325.0
431,2022-03-25,33.172,34.2677,30.3827,30.9804,6882036.0
432,2022-03-28,31.3789,32.2256,29.4862,30.1835,4084800.0
433,2022-03-29,30.2333,31.2793,29.6854,30.3827,8289400.0
434,2022-03-30,30.9804,34.8654,30.5322,34.1681,13135902.0
435,2022-03-31,33.67,34.8156,30.0839,30.4325,4639047.0
436,2022-04-01,29.4364,30.6318,28.7889,30.5322,4214088.0
437,2022-04-04,31.3291,34.467,30.6816,33.9191,3460902.0
438,2022-04-06,34.2677,35.4133,33.1222,33.7199,10742520.0
439,2022-04-07,34.2677,35.762,32.9727,33.2218,6199101.0
440,2022-04-08,33.2218,34.4172,32.2754,34.4172,5256294.0
441,2022-04-11,33.7199,33.7697,30.6318,31.6279,7252855.0
442,2022-04-12,31.8272,33.3712,30.6816,32.5743,10121603.0
443,2022-04-13,32.5743,32.5743,30.5322,31.7275,4649100.0
444,2022-04-14,32.2754,36.1604,32.2754,35.4631,11519928.0
445,2022-04-19,35.3137,36.5589,34.1681,35.6624,5672000.0
446,2022-04-20,35.6624,38.352,35.0647,36.3597,5553264.0
447,2022-04-21,36.3099,36.3099,33.9191,34.6164,5171100.0
448,2022-04-22,34.0187,36.3099,33.3712,35.8118,5108686.0
449,2022-04-25,34.6164,34.8156,32.1758,33.3214,8567070.0
450,2022-04-26,33.6202,36.8577,33.2218,33.6202,7140776.0
451,2022-04-27,33.0225,36.5091,32.9229,36.011,6685674.0
452,2022-04-28,36.0608,36.8079,34.9152,35.9612,1519859.0
453,2022-04-29,35.9612,38.6508,34.4172,38.5512,3664987.0
454,2022-05-03,38.5512,38.5512,36.6585,38.0531,1347816.0
455,2022-05-04,36.8577,37.8041,35.2141,36.011,1473922.0
456,2022-05-05,37.3558,37.6547,35.5627,36.26,5275800.0
457,2022-05-06,35.6624,35.6624,33.7697,33.7697,5740808.0
458,2022-05-10,31.6777,33.9191,30.4823,32.8233,9444441.0
459,2022-05-11,32.8233,36.2102,32.4747,33.7199,6424301.0
460,2022-05-12,32.9727,34.7658,32.8731,34.0187,3973000.0
461,2022-05-13,33.4708,35.6125,33.4708,35.3635,4106871.0
462,2022-05-16,36.26,37.4056,35.3635,36.6585,4370386.0
463,2022-05-17,37.4056,37.555,36.6585,36.7083,3315800.0
464,2022-05-18,37.3558,37.8041,36.8079,37.5052,2957000.0
465,2022-05-19,36.5589,37.306,35.8616,36.7581,2148510.0
466,2022-05-20,36.8079,38.8501,36.8079,38.7504,3477448.0
467,2022-05-23,38.8501,38.8501,37.8539,38.2524,1136299.0
468,2022-05-24,38.2524,38.601,36.1106,36.5091,1470200.0
469,2022-05-25,36.011,37.5052,36.011,36.9574,1884193.0
470,2022-05-26,37.1566,38.601,36.1604,38.4516,2063475.0
471,2022-05-27,39.3481,39.8462,38.0531,38.9497,1818800.0
472,2022-05-30,39.1987,40.6431,39.0991,40.4937,3262890.0
473,2022-05-31,40.6431,44.6776,40.3443,43.3826,10299572.0
474,2022-06-01,43.3826,45.4745,42.7849,44.2791,4852554.0
475,2022-06-02,44.5281,44.5281,42.3366,42.7351,2199400.0
476,2022-06-06,43.532,44.2791,42.1872,43.8806,4483900.0
477,2022-06-07,43.781,45.6737,42.6354,43.2829,3878594.0
478,2022-06-08,44.1297,45.8231,43.3826,45.7235,3479158.0
479,2022-06-09,46.1718,46.9189,43.5818,44.7274,6023609.0
480,2022-06-10,43.1335,45.7733,42.8845,45.076,3187189.0
481,2022-06-13,43.8308,43.9803,41.5895,43.532,6135986.0
482,2022-06-14,43.4324,43.9304,41.3404,43.2331,2920078.0
483,2022-06-15,43.2331,45.5741,41.7887,44.7274,4047817.0
484,2022-06-16,45.2254,46.0224,41.8385,43.2829,4510855.0
485,2022-06-17,41.9381,44.7274,41.3902,44.2293,5344324.0
486,2022-06-20,44.7274,48.2637,44.7274,47.7656,4943204.0
487,2022-06-21,48.5626,49.7081,47.4668,48.961,3635725.0
488,2022-06-22,48.0147,49.3595,47.3174,48.0645,3270672.0
489,2022-06-23,48.4629,49.2599,46.6699,48.6124,2801400.0
490,2022-06-24,49.2599,51.5012,48.4131,50.8537,4844492.0
491,2022-06-27,52.1487,53.5931,51.6008,52.846,4206872.0
492,2022-06-28,51.9993,53.3939,50.007,52.9955,2896533.0
493,2022-06-29,51.8997,52.6468,49.8078,51.2522,4006300.0
494,2022-06-30,51.7503,52.7962,50.5051,51.9495,3756608.0
495,2022-07-04,51.4514,54.4897,50.9533,54.3901,5260735.0
496,2022-07-05,54.7885,55.0874,52.6966,53.6928,3398922.0
497,2022-07-06,53.9916,54.4897,50.007,52.4974,3716935.0
498,2022-07-07,51.7005,51.7005,49.4093,50.4055,4125793.0
499,2022-07-08,51.1028,51.6506,47.8154,49.2599,4093401.0
500,2022-07-11,48.2637,49.2101,45.8231,48.1143,3559495.0
501,2022-07-12,46.9189,48.5626,46.3212,47.3174,1583215.0
502,2022-07-13,46.9189,49.0606,46.9189,47.5166,2150380.0
503,2022-07-14,48.5626,51.2522,47.5166,51.2522,3199000.0
504,2022-07-15,51.4514,51.9993,49.3097,49.8078,1820400.0
505,2022-07-18,48.9112,51.4514,48.5128,50.4055,2479655.0
506,2022-07-19,50.4055,51.2522,48.3135,48.961,2509646.0
507,2022-07-20,50.6047,52.0989,49.6085,49.758,2458635.0
508,2022-07-21,50.3058,50.3058,48.3633,48.8116,2503067.0
509,2022-07-22,48.8116,49.758,46.9189,47.7656,3003994.0
510,2022-07-25,47.7656,47.7656,45.1756,45.7235,4703000.0
511,2022-07-26,45.9228,47.9649,45.6737,47.9649,2475658.0
512,2022-07-27,47.6162,48.9112,46.8691,48.9112,2576745.0
513,2022-07-28,48.9112,49.5587,47.417,47.8154,1580491.0
514,2022-07-29,47.666,47.8653,44.1297,44.9764,5571488.0
515,2022-08-01,44.9764,45.5741,43.4324,44.7274,2490192.0
516,2022-08-02,45.0262,45.076,42.3864,44.3787,3413498.0
517,2022-08-03,44.3787,47.2178,44.3787,46.2714,1929693.0
518,2022-08-04,46.8193,47.417,45.4745,46.371,1451994.0
519,2022-08-05,46.7695,47.8154,46.3212,46.5703,907317.0
520,2022-08-08,47.1679,47.1679,44.4285,44.827,2034900.0
521,2022-08-09,44.9266,46.122,44.4285,45.4247,921291.0
522,2022-08-10,45.9228,45.9228,43.2331,43.9304,3037798.0
523,2022-08-11,44.5281,45.0262,42.8347,44.1795,1755800.0
524,2022-08-12,44.1795,44.4285,43.2331,44.0301,1224800.0
525,2022-08-15,44.0301,44.7772,43.1833,44.3787,1238600.0
526,2022-08-16,44.7274,45.1258,42.9343,43.8308,1475800.0
527,2022-08-17,43.8806,44.5281,43.0339,43.8308,1137354.0
528,2022-08-18,43.6316,43.9304,43.2829,43.3327,982000.0
529,2022-08-19,44.2293,44.2293,40.942,41.2906,3094900.0
530,2022-08-22,40.7926,41.3902,39.9956,40.5435,2404000.0
531,2022-08-23,40.6431,42.7849,40.6431,42.0876,2752782.0
532,2022-08-24,41.6891,42.0876,40.1451,40.3941,1212200.0
533,2022-08-25,40.4439,42.5856,39.5474,42.4362,1238500.0
534,2022-08-26,42.6354,46.0224,42.6354,44.827,3843600.0
535,2022-08-29,44.827,44.827,42.7351,42.9841,2044280.0
536,2022-08-30,42.9841,43.3826,40.8424,41.4899,2441330.0
537,2022-08-31,39.9956,43.7312,39.9956,42.486,2156900.0
538,2022-09-01,43.6316,44.5779,41.8883,42.3366,4106000.0
539,2022-09-02,41.8883,43.2331,41.5397,42.0377,1906235.0
540,2022-09-05,42.0377,42.5856,41.1412,41.6891,2907635.0
541,2022-09-06,41.8883,42.8845,41.6393,42.5856,1349361.0
542,2022-09-07,42.1374,44.3787,41.4401,43.9803,2629800.0
543,2022-09-08,44.0301,45.9726,43.4324,44.7274,3358537.0
544,2022-09-09,45.9726,47.666,45.0262,46.6201,3611585.0
545,2022-09-13,47.2676,48.3135,45.4247,45.9726,4087914.0
546,2022-09-14,45.1258,46.2714,44.3289,45.4745,1780564.0
547,2022-09-15,45.4745,47.0185,44.5779,45.6737,1674338.0
548,2022-09-16,45.6737,45.9726,44.5281,44.7274,1949593.0
549,2022-09-19,44.9266,44.9266,41.8385,42.237,3238467.0
550,2022-09-20,42.4362,44.827,42.4362,44.5281,3726200.0
551,2022-09-21,44.5281,45.6737,43.1335,44.3787,4365213.0
552,2022-09-22,43.8806,44.2791,41.7887,42.7849,3909306.0
553,2022-09-23,42.7849,43.3327,42.0377,42.6354,1946256.0
554,2022-09-26,42.6354,45.076,42.2868,44.5779,4618207.0
555,2022-09-27,44.9266,48.8116,44.0301,48.5128,5812700.0
556,2022-09-28,48.5128,50.2062,47.8154,49.4093,8500620.0
557,2022-09-29,49.8576,50.3556,46.0224,46.7695,4124000.0
558,2022-09-30,45.8729,46.7197,43.8308,44.1795,2854357.0
559,2022-10-03,43.3826,45.7235,42.8347,43.7312,871352.0
560,2022-10-05,45.3749,46.6201,44.8768,46.0722,1619209.0
561,2022-10-06,47.2676,47.2676,43.2829,43.9304,1631400.0
562,2022-10-07,44.0799,44.2293,42.9343,43.9304,1145800.0
563,2022-10-10,43.9304,46.2714,42.4362,43.2331,4688686.0
564,2022-10-11,43.7312,43.781,39.2983,40.7926,5618699.0
565,2022-10-12,41.5895,41.5895,37.9535,39.5474,6090600.0
566,2022-10-13,39.9458,42.6354,39.2485,40.6431,2249005.0
567,2022-10-14,41.3902,46.8193,40.8424,44.5281,4255007.0
568,2022-10-17,44.5281,46.4208,44.1297,44.827,3301200.0
569,2022-10-18,46.0722,46.0722,42.8347,44.5281,3681157.0
570,2022-10-19,44.6776,44.6776,41.2408,41.9381,3930217.0
571,2022-10-20,40.8922,42.0876,40.4937,41.3902,4082011.0
572,2022-10-21,41.6891,42.6354,40.5435,41.3404,1634067.0
573,2022-10-24,40.6431,41.3404,35.3635,35.9612,9396322.0
574,2022-10-25,35.8616,38.3022,34.8654,36.5589,6250547.0
575,2022-10-26,36.8577,39.647,36.3597,38.4516,5547041.0
576,2022-10-27,39.3481,39.8462,36.8577,37.306,4423100.0
577,2022-10-28,36.8577,38.2524,33.9191,34.3674,5595586.0
578,2022-10-31,34.3674,35.5627,33.172,33.8693,3819000.0
579,2022-11-01,33.9191,38.352,33.9191,37.2064,6597468.0
580,2022-11-02,37.306,41.2408,36.6585,40.3443,4563700.0
581,2022-11-03,38.8501,40.4937,38.1527,39.9458,3219762.0
582,2022-11-04,40.5933,44.7274,40.3443,42.5856,4863683.0
583,2022-11-07,42.2868,44.5779,42.0377,43.6316,3222513.0
584,2022-11-08,44.1795,44.1795,41.4401,42.5358,3566900.0
585,2022-11-09,41.8385,42.8347,39.9458,41.0416,2765205.0
586,2022-11-10,39.896,41.1412,39.896,40.8424,1527400.0
587,2022-11-11,43.532,45.4247,43.0837,44.9764,6293200.0
588,2022-11-14,44.827,47.5664,44.4285,45.6737,5927457.0
589,2022-11-15,45.8231,47.7656,44.9266,47.0185,3757254.0
590,2022-11-16,47.0185,48.8116,46.0224,47.6162,2557675.0
591,2022-11-17,46.2714,48.2637,45.1258,47.417,2254074.0
592,2022-11-18,47.417,49.3097,46.7695,47.2676,2025812.0
593,2022-11-21,46.3212,46.3212,44.7274,46.0224,1633646.0
594,2022-11-22,45.6737,46.5204,42.8347,43.8308,2714400.0
595,2022-11-23,43.3826,43.9803,42.3864,43.4324,1254515.0
596,2022-11-24,43.4324,44.4285,42.6852,43.3327,1762900.0
597,2022-11-25,43.3327,43.9803,41.3404,42.1872,1272000.0
598,2022-11-28,40.0952,43.8806,39.9458,43.4324,2717697.0
599,2022-11-29,43.8308,47.6162,43.3327,47.5166,4669849.0
600,2022-11-30,47.5166,48.8116,45.3251,48.6622,3388426.0
601,2022-12-01,49.6583,50.8039,47.1181,47.3174,3503232.0
602,2022-12-02,48.5128,48.6124,45.8231,46.4208,2352133.0
603,2022-12-05,47.8154,49.3097,47.2178,48.8116,5798264.0
604,2022-12-06,48.5626,48.5626,45.5741,46.4208,4242172.0
605,2022-12-07,46.8691,49.0108,45.8729,45.9228,4396016.0
606,2022-12-08,46.6201,49.7081,46.6201,48.8614,3885400.0
607,2022-12-09,48.8116,49.8078,48.1641,49.3097,3754600.0
608,2022-12-12,49.3097,50.8039,48.1143,49.4093,3788400.0
609,2022-12-13,49.8078,51.6008,48.3135,49.9074,6919162.0
610,2022-12-14,50.8039,51.6506,49.3595,51.0031,2404409.0
611,2022-12-15,51.6008,52.4974,50.0568,50.256,2192607.0
612,2022-12-16,49.8078,51.7005,49.0108,50.6545,2241842.0
613,2022-12-19,50.6545,51.6008,48.961,49.3595,1106304.0
614,2022-12-20,49.3595,49.3595,47.0185,47.9151,1642106.0
615,2022-12-21,48.7618,50.2062,47.6162,48.712,1741200.0
616,2022-12-22,49.758,54.3403,49.3097,53.3441,4061347.0
617,2022-12-23,53.7924,54.0912,51.6008,53.1449,2283776.0
618,2022-12-28,53.7924,54.7885,53.1947,54.3403,2804540.0
619,2022-12-29,54.3403,56.7808,54.0414,55.7349,2651300.0
620,2022-12-30,56.8805,57.3785,54.5893,55.7847,2186181.0
621,2023-01-03,56.6314,59.3708,55.2866,58.4245,3753879.0
622,2023-01-04,54.7885,58.026,53.892,55.9839,14165400.0
623,2023-01-05,57.2291,60.9647,56.6314,57.9762,6565643.0
624,2023-01-06,58.6237,59.7693,56.7808,58.5241,2403222.0
625,2023-01-09,59.5701,59.6697,57.8268,58.9724,3032192.0
626,2023-01-10,59.5701,59.9685,57.9762,59.0222,3016882.0
627,2023-01-11,58.2751,61.6122,57.4782,58.0758,3357379.0
628,2023-01-12,58.0758,61.3632,57.777,58.6735,3174618.0
629,2023-01-13,59.3708,63.7539,58.823,63.4551,6897930.0
630,2023-01-16,63.7539,64.0528,62.0605,62.9072,2440784.0
631,2023-01-17,63.4551,63.4551,59.1716,61.1639,4326400.0
632,2023-01-18,61.1639,64.5509,60.2674,64.1026,2710128.0
633,2023-01-19,64.1026,64.9493,62.8076,64.2022,716810.0
634,2023-01-20,64.2022,64.9991,61.8612,62.6582,880767.0
635,2023-01-26,63.5547,64.7003,62.0605,64.7003,605743.0
636,2023-01-27,64.8497,66.5432,63.8535,65.2482,676682.0
637,2023-01-30,65.1984,66.1447,62.957,63.8037,3670656.0
638,2023-01-31,63.7539,64.2022,60.616,61.7118,5322333.0
639,2023-02-01,61.7118,64.2022,60.7655,63.7539,2758425.0
640,2023-02-02,63.7539,66.4435,63.1562,63.6045,1580410.0
641,2023-02-03,63.1064,64.7501,62.1103,62.7578,1175870.0
642,2023-02-06,61.8114,61.911,56.9303,58.9226,4800126.0
643,2023-02-07,59.072,60.9647,58.7732,59.9685,1495917.0
644,2023-02-08,60.2674,60.7655,57.8268,59.072,1633648.0
645,2023-02-09,58.026,60.2674,58.026,60.2176,1433000.0
646,2023-02-10,60.0682,60.4168,56.5816,58.4245,1830600.0
647,2023-02-13,58.4245,59.4207,57.0299,59.072,1801452.0
648,2023-02-14,59.072,60.367,57.3287,59.3708,1528800.0
649,2023-02-15,59.3708,60.4168,57.3287,57.777,1812978.0
650,2023-02-16,57.777,60.3172,57.3287,59.0222,1566893.0
651,2023-02-17,58.8728,60.0682,58.2751,58.5739,962548.0
652,2023-02-20,58.1755,58.5739,56.2828,57.6774,3598985.0
653,2023-02-21,57.6774,58.026,53.9418,54.8383,5081618.0
654,2023-02-22,54.7885,56.1832,53.7426,54.3901,2188642.0
655,2023-02-23,54.7885,56.2828,54.4399,54.4897,1907308.0
656,2023-02-24,54.5893,55.9341,54.0414,55.436,2249278.0
657,2023-02-27,54.7387,55.7847,53.892,55.187,1685372.0
658,2023-02-28,54.4399,58.026,54.4399,56.8307,2485099.0
659,2023-03-01,56.8307,60.7157,56.482,60.3172,3038936.0
660,2023-03-02,60.3172,60.7157,59.1218,60.4666,1016196.0
661,2023-03-03,60.4666,61.9609,58.5241,59.7693,1492600.0
662,2023-03-06,59.8191,61.7616,59.1218,61.7118,2336073.0
663,2023-03-07,61.2137,62.4589,60.6658,61.2635,2446978.0
664,2023-03-08,61.1141,61.1141,58.2751,59.3708,2032550.0
665,2023-03-09,59.9187,60.0682,57.4283,57.9264,1328815.0
666,2023-03-10,57.3287,58.4245,55.9341,56.4322,2706800.0
667,2023-03-13,56.9801,58.2751,56.1832,58.1257,1813842.0
668,2023-03-14,58.6735,59.5701,56.9801,57.8766,1859216.0
669,2023-03-15,59.1716,61.0643,57.9762,58.6237,1523366.0
670,2023-03-16,58.6237,59.3708,56.731,57.7272,1075343.0
671,2023-03-17,58.4245,58.823,56.6812,58.4245,1748859.0
672,2023-03-20,58.4743,58.4743,54.0912,55.8345,3644846.0
673,2023-03-21,56.0835,58.9724,54.9878,58.3249,3241249.0
674,2023-03-22,58.3747,60.5164,57.9264,58.7732,2546454.0
675,2023-03-23,58.1257,58.7732,56.9801,58.6735,1118816.0
676,2023-03-24,58.6735,61.6122,58.1755,61.2137,3245351.0
677,2023-03-27,61.0643,61.7616,58.7732,59.0222,3010987.0
678,2023-03-28,58.7732,59.6697,58.026,58.2751,1393600.0
679,2023-03-29,59.0222,59.6199,56.3326,58.5241,2147616.0
680,2023-03-30,58.7732,58.7732,52.6468,54.7387,9188026.0
681,2023-03-31,54.2406,56.2828,54.2406,55.5855,4054237.0
682,2023-04-03,55.5855,59.5701,55.3364,58.6237,3357592.0
683,2023-04-04,58.6237,59.6697,56.7808,59.1218,1816474.0
684,2023-04-06,59.1218,60.7655,57.9762,60.7655,1813274.0
685,2023-04-11,61.1639,62.3593,60.3172,61.3134,1568249.0
686,2023-04-12,61.3134,62.5087,58.823,59.7693,1496400.0
687,2023-04-13,58.9724,61.662,57.9264,61.3632,1225816.0
688,2023-04-14,61.3632,62.4091,60.0183,60.9647,1263532.0
689,2023-04-17,61.0643,62.5087,60.0183,60.5164,1566400.0
690,2023-04-18,60.5164,61.2137,58.6237,60.2176,1422915.0
691,2023-04-19,59.4207,60.0682,56.6812,58.026,2577900.0
692,2023-04-20,58.2253,58.2253,55.8843,56.482,1813400.0
693,2023-04-21,57.0797,57.4782,55.5855,56.233,1134926.0
694,2023-04-24,57.1793,57.1793,54.1908,55.7349,1658965.0
695,2023-04-25,55.8345,55.8345,53.8422,54.3403,2031780.0
696,2023-04-26,55.0874,55.9839,53.7426,55.436,1406675.0
697,2023-04-27,55.6353,57.2291,54.1908,57.0299,1144126.0
698,2023-04-28,57.3287,57.9762,56.6812,57.2789,1147237.0
699,2023-05-02,57.2789,58.2253,55.436,57.1295,512000.0
700,2023-05-03,56.9303,57.8766,56.731,57.528,311816.0
701,2023-05-04,57.2789,58.5739,56.3326,57.4283,1179034.0
702,2023-05-05,56.7808,58.0758,55.7847,56.5318,851900.0
703,2023-05-08,55.8843,56.3326,53.3939,53.5931,4335652.0
704,2023-05-09,54.5395,54.5395,50.9533,52.1487,2776600.0
705,2023-05-10,52.8958,53.6928,51.3518,53.0453,2530200.0
706,2023-05-11,52.9955,54.1908,51.8997,52.6966,1692400.0
707,2023-05-12,52.1487,52.597,51.0031,51.8001,1948600.0
708,2023-05-15,52.0989,52.7464,51.1028,52.4974,840074.0
709,2023-05-16,52.846,54.0912,52.597,53.4437,1279500.0
710,2023-05-17,53.4437,53.5931,51.551,51.6506,1874630.0
711,2023-05-18,52.1985,52.4476,51.0031,51.053,1360208.0
712,2023-05-19,50.9533,51.4016,49.2101,50.8537,2661000.0
713,2023-05-22,52.348,52.348,50.3556,51.6506,821500.0
714,2023-05-23,51.8499,52.4974,50.7043,51.1028,1175996.0
715,2023-05-24,50.5051,50.7043,49.7081,49.8576,762906.0
716,2023-05-25,49.6085,49.8078,47.417,48.5128,1911000.0
717,2023-05-29,49.1104,49.1603,45.6737,46.0224,1892981.0
718,2023-05-30,45.8729,46.3212,43.532,46.0224,3195200.0
719,2023-05-31,45.8231,45.8729,44.3289,45.8729,2908799.0
720,2023-06-01,45.8231,47.8653,45.4247,45.6239,1547887.0
721,2023-06-02,46.5204,49.1603,45.9726,48.6124,2166621.0
722,2023-06-05,49.3097,49.3097,47.2676,48.3633,1505019.0
723,2023-06-06,48.3633,48.3633,46.1718,46.7197,1281439.0
724,2023-06-07,47.8154,47.8154,46.1718,47.3672,1310925.0
725,2023-06-08,47.3174,47.3174,45.5243,46.4208,1512800.0
726,2023-06-09,46.4208,47.7656,45.8729,47.3174,1075800.0
727,2023-06-12,47.3174,47.5664,44.9764,45.9228,1876990.0
728,2023-06-13,46.2216,46.2216,44.9266,45.7235,1481125.0
729,2023-06-14,46.3212,46.5703,44.9764,46.2216,1698506.0
730,2023-06-15,46.7197,47.9649,45.076,47.5166,2464236.0
731,2023-06-16,47.5166,50.0568,47.417,48.8614,3562068.0
732,2023-06-19,49.1104,49.1104,46.371,47.1181,1567716.0
733,2023-06-20,46.9189,47.2178,44.6776,45.7733,1714620.0
734,2023-06-21,45.7733,45.7733,43.4324,43.9304,1900699.0
735,2023-06-23,44.6278,44.6278,42.5358,42.9841,875800.0
736,2023-06-26,44.2293,44.2293,42.3366,43.3327,2306400.0
737,2023-06-27,43.5818,43.781,40.9918,42.486,2225751.0
738,2023-06-28,42.3366,42.9841,41.6393,42.8347,1338200.0
739,2023-06-29,42.8347,42.8347,41.8385,42.3864,1229200.0
740,2023-06-30,42.0,43.0,41.65,42.4,2037754.0
741,2023-07-03,42.2,43.4,41.95,42.55,1109127.0
742,2023-07-04,42.55,45.9,42.35,45.25,2082966.0
743,2023-07-05,44.4,45.25,43.6,44.0,1175400.0
744,2023-07-06,43.9,43.9,41.65,42.45,2049094.0
745,2023-07-07,42.25,44.15,42.25,43.65,1757847.0
746,2023-07-10,44.5,45.05,43.95,44.2,939251.0
747,2023-07-11,45.15,45.15,44.0,44.9,659400.0
748,2023-07-12,44.9,45.0,43.55,43.85,949600.0
749,2023-07-13,45.2,46.6,44.1,45.9,2600816.0
750,2023-07-14,45.9,46.9,45.25,45.75,2139094.0
751,2023-07-18,46.25,46.25,44.85,45.8,1629918.0
752,2023-07-19,44.8,46.25,44.0,45.0,1568579.0
753,2023-07-20,44.5,45.9,44.2,44.75,1030990.0
754,2023-07-21,46.8,46.8,44.4,44.8,1877980.0
755,2023-07-24,44.6,45.75,44.3,45.3,1374537.0
756,2023-07-25,46.0,47.8,46.0,47.3,2405659.0
757,2023-07-26,48.8,51.0,47.4,48.55,2709000.0
758,2023-07-27,49.5,49.85,48.6,49.75,1553600.0
759,2023-07-28,48.5,50.95,48.5,50.2,1343300.0
760,2023-07-31,51.45,52.45,50.0,50.35,3495486.0
761,2023-08-01,50.8,51.75,48.9,49.7,1970783.0
762,2023-08-02,50.0,50.0,46.1,47.6,5310285.0
763,2023-08-03,47.6,47.6,45.5,46.85,3312127.0
764,2023-08-04,46.85,47.75,45.8,47.6,2490231.0
765,2023-08-07,46.35,47.25,44.05,45.45,7176926.0
766,2023-08-08,44.0,44.95,42.7,44.0,6546200.0
767,2023-08-09,44.0,45.3,42.55,45.1,4992400.0
768,2023-08-10,45.5,45.5,43.3,43.9,3711372.0
769,2023-08-11,44.6,44.6,41.85,42.2,2465200.0
770,2023-08-14,42.45,42.45,39.7,40.3,5545000.0
771,2023-08-15,40.2,41.3,38.15,41.0,4674079.0
772,2023-08-16,40.95,40.95,38.6,39.05,2691400.0
773,2023-08-17,39.8,41.5,38.85,41.0,3223400.0
774,2023-08-18,41.0,41.35,39.7,40.3,2329200.0
775,2023-08-21,40.3,40.35,38.75,39.85,1929866.0
776,2023-08-22,40.75,40.9,38.7,39.45,2066600.0
777,2023-08-23,39.0,40.6,38.05,38.3,2481200.0
778,2023-08-24,39.2,40.05,38.05,39.35,3646387.0
779,2023-08-25,39.5,40.25,38.7,39.15,2056155.0
780,2023-08-28,41.0,41.55,39.4,39.7,1836200.0
781,2023-08-29,40.0,41.9,38.55,41.65,2889000.0
782,2023-08-30,41.95,43.45,40.1,40.35,3516800.0
783,2023-08-31,40.35,41.0,38.9,39.65,5924295.0
784,2023-09-04,40.0,40.75,39.45,40.6,2125986.0
785,2023-09-05,41.0,44.45,40.8,42.6,4019600.0
786,2023-09-06,43.4,43.4,41.7,42.35,1832249.0
787,2023-09-07,42.1,44.2,41.75,43.2,2885200.0
788,2023-09-11,42.2,45.95,42.2,44.95,2667983.0
789,2023-09-12,44.95,45.2,44.15,44.5,1155473.0
790,2023-09-13,44.95,45.35,44.1,44.75,1234135.0
791,2023-09-14,45.0,45.25,44.0,44.55,1308729.0
792,2023-09-15,45.0,46.0,44.35,45.1,1609597.0
793,2023-09-18,45.1,47.0,45.0,45.65,1435600.0
794,2023-09-19,45.65,45.8,44.1,44.6,1831600.0
795,2023-09-20,44.0,44.65,42.4,42.75,2224383.0
796,2023-09-21,43.5,43.7,42.45,43.4,1316603.0
797,2023-09-22,43.4,44.65,42.8,44.55,1539210.0
798,2023-09-25,44.55,44.9,43.5,44.45,1359558.0
799,2023-09-26,44.45,44.5,42.0,42.9,2235880.0
800,2023-09-27,43.1,44.45,43.1,43.5,682780.0
801,2023-09-28,44.4,44.4,42.95,43.25,489600.0
802,2023-09-29,42.8,44.2,42.4,43.9,318600.0
803,2023-10-03,43.0,43.0,41.0,42.4,846800.0
804,2023-10-04,41.65,41.95,41.05,41.8,409944.0
805,2023-10-05,41.15,42.7,41.1,42.45,543544.0
806,2023-10-06,42.35,44.15,42.35,43.7,488200.0
807,2023-10-09,44.6,44.75,43.0,44.55,509418.0
808,2023-10-10,44.8,45.35,43.6,44.0,682000.0
809,2023-10-11,44.15,46.15,44.15,45.65,1819400.0
810,2023-10-12,46.3,46.9,45.4,46.2,1133756.0
811,2023-10-13,45.6,45.65,44.25,45.2,1842001.0
812,2023-10-16,45.7,45.7,43.3,44.05,818200.0
813,2023-10-17,44.45,45.55,44.15,45.3,1157600.0
814,2023-10-18,45.95,45.95,44.15,44.25,672223.0
815,2023-10-19,45.05,45.3,44.05,44.95,1670900.0
816,2023-10-20,44.95,45.25,42.6,43.1,2138400.0
817,2023-10-24,43.0,43.8,41.85,42.85,2063403.0
818,2023-10-25,44.0,44.3,42.65,43.25,1210740.0
819,2023-10-26,44.0,44.0,41.7,42.85,1562370.0
820,2023-10-27,43.5,46.0,42.85,45.7,1391200.0
821,2023-10-30,45.15,49.15,45.15,47.9,3068780.0
822,2023-10-31,47.9,48.15,46.7,47.25,1903954.0
823,2023-11-01,46.5,48.45,46.5,48.0,1301800.0
824,2023-11-02,48.1,49.2,47.7,48.5,1275500.0
825,2023-11-03,49.0,49.2,47.55,48.9,966000.0
826,2023-11-06,49.0,51.55,49.0,50.75,3953000.0
827,2023-11-07,51.0,51.75,49.3,50.4,1783800.0
828,2023-11-08,50.4,51.3,49.45,50.3,1279200.0
829,2023-11-09,50.9,50.9,49.0,49.3,1089600.0
830,2023-11-10,50.0,50.0,47.75,48.05,848800.0
831,2023-11-13,49.0,49.0,46.35,47.05,1765028.0
832,2023-11-14,47.05,48.1,46.8,47.25,1449046.0
833,2023-11-15,48.25,49.65,48.1,49.55,1587304.0
834,2023-11-16,48.9,49.5,47.7,48.7,776976.0
835,2023-11-17,48.5,48.9,47.35,48.75,807800.0
836,2023-11-20,49.0,49.3,47.75,48.2,1175400.0
837,2023-11-21,48.2,49.3,48.2,49.1,1211200.0
838,2023-11-22,49.4,49.7,48.5,48.85,816000.0
839,2023-11-23,49.5,50.2,48.65,50.1,1090000.0
840,2023-11-24,50.1,50.1,48.8,49.6,1244494.0
841,2023-11-27,50.0,50.0,48.3,48.8,888140.0
842,2023-11-28,49.7,49.7,47.75,48.9,1180298.0
843,2023-11-29,49.45,49.45,47.65,48.05,1224473.0
844,2023-11-30,47.85,48.25,46.75,48.1,1554552.0
845,2023-12-01,47.1,48.5,47.1,47.9,983415.0
846,2023-12-04,47.9,47.95,45.9,46.1,1248461.0
847,2023-12-05,47.0,47.0,43.25,44.0,2856800.0
848,2023-12-06,44.9,44.9,41.8,42.55,3339444.0
849,2023-12-07,43.55,43.7,41.65,42.8,2186954.0
850,2023-12-08,43.05,43.45,40.5,41.4,3364730.0
851,2023-12-11,41.4,43.15,40.3,42.85,1864600.0
852,2023-12-12,40.0,40.0,32.25,33.4,31661490.0
853,2023-12-13,33.6,36.5,33.1,35.35,8710538.0
854,2023-12-14,36.3,37.2,35.45,36.8,4494600.0
855,2023-12-15,37.8,37.8,36.55,37.45,3625072.0
856,2023-12-18,37.0,37.15,35.6,36.05,1920598.0
857,2023-12-19,36.4,36.4,35.1,35.85,1636514.0
858,2023-12-20,35.2,35.85,34.8,35.2,951894.0
859,2023-12-21,35.9,35.9,33.95,35.45,1807565.0
860,2023-12-22,34.8,35.4,33.95,34.3,2308009.0
861,2023-12-27,34.3,35.0,33.85,34.45,1367869.0
862,2023-12-28,34.45,36.3,34.0,35.5,1657400.0
863,2023-12-29,36.25,36.25,35.05,35.3,1567734.0
864,2024-01-02,35.6,36.15,34.1,34.3,1080802.0
865,2024-01-03,34.0,34.7,33.35,34.25,1663613.0
866,2024-01-04,34.6,34.9,33.5,34.65,1205200.0
867,2024-01-05,34.7,34.7,33.6,33.85,1242978.0
868,2024-01-08,33.55,34.6,30.45,31.1,5416408.0
869,2024-01-09,31.3,31.9,30.55,31.0,3909235.0
870,2024-01-10,31.8,31.8,30.35,30.8,2555600.0
871,2024-01-11,31.35,32.1,30.95,31.5,1512400.0
872,2024-01-12,32.0,32.9,31.5,32.2,1514313.0
873,2024-01-15,32.25,33.25,31.8,32.55,674281.0
874,2024-01-16,31.4,32.85,31.4,31.75,1122869.0
875,2024-01-17,31.55,32.2,29.4,29.65,2566780.0
876,2024-01-18,29.65,30.3,29.05,29.75,2509000.0
877,2024-01-19,29.7,30.2,28.95,29.3,1677333.0
878,2024-01-22,29.2,29.2,26.8,27.3,5811600.0
