,date,open,high,low,close,volume
0,2020-12-23,22.5421,25.219,21.2272,23.8101,73267754.0
1,2020-12-24,23.8101,24.6085,23.1057,24.2328,39317651.0
2,2020-12-28,23.951,27.0505,23.904,25.7356,63690016.0
3,2020-12-29,26.0643,26.5809,25.3599,25.8295,42409852.0
4,2020-12-30,26.0643,26.2052,25.4068,25.9234,30747254.0
5,2020-12-31,25.8765,26.8157,25.7825,26.3931,24124906.0
6,2021-01-04,26.8627,30.0092,26.6279,29.9153,74020781.0
7,2021-01-05,28.6473,30.9484,28.2716,29.9622,74254472.0
8,2021-01-06,29.8683,30.9015,29.7744,29.8683,34885604.0
9,2021-01-07,29.8683,30.1031,28.8351,28.976,30080193.0
10,2021-01-08,29.3047,30.4318,29.023,30.1031,31925842.0
11,2021-01-11,29.4926,31.9816,29.3047,31.3241,48767929.0
12,2021-01-12,31.3241,32.6861,30.6667,32.0286,35837894.0
13,2021-01-13,32.0286,32.733,31.0424,31.7468,27600358.0
14,2021-01-14,31.9347,32.4982,30.9954,31.0424,20271380.0
15,2021-01-15,30.8075,30.9484,29.0699,29.6804,28005829.0
16,2021-01-18,30.0561,30.9954,29.7744,30.9954,26843235.0
17,2021-01-19,31.2772,31.465,29.9622,30.6667,32454847.0
18,2021-01-20,30.6667,31.465,29.9622,30.9954,27418788.0
19,2021-01-21,31.2772,33.1087,31.0893,33.0618,45399698.0
20,2021-01-22,33.2026,33.5314,32.0755,33.3435,29950510.0
21,2021-01-25,33.6253,35.0342,32.5921,34.7994,27247257.0
22,2021-01-26,34.4237,34.7994,32.8739,33.1087,27025210.0
23,2021-01-27,33.1087,33.7662,31.1363,32.733,22478473.0
24,2021-01-28,31.8877,32.3104,30.8545,31.6529,25801588.0
25,2021-01-29,32.0286,32.4043,30.1501,30.1501,35364535.0
26,2021-02-01,30.3379,31.7938,30.3379,31.1833,17038631.0
27,2021-02-02,31.7468,32.6861,31.6529,32.1695,15297934.0
28,2021-02-03,32.6391,33.0618,32.0286,32.4043,17404866.0
29,2021-02-04,32.2164,33.6253,31.8877,33.0618,18516457.0
30,2021-02-05,33.1087,34.3767,32.78,33.1557,20846344.0
31,2021-02-08,33.8132,34.6115,33.4844,34.4237,18192645.0
32,2021-02-09,34.4237,34.4237,33.4375,33.4844,9545160.0
33,2021-02-10,33.4844,34.048,33.0148,33.4844,8534087.0
34,2021-02-11,33.3905,33.9541,32.9678,33.9541,3667666.0
35,2021-02-16,34.048,35.6447,33.9541,34.9872,13338270.0
36,2021-02-17,34.6115,35.5977,34.1419,35.222,9950128.0
37,2021-02-18,35.7856,36.1143,33.4375,33.6723,29430835.0
38,2021-02-19,33.5784,33.7192,31.8407,32.9678,26778201.0
39,2021-02-22,33.4844,33.5784,30.4788,30.4788,31995118.0
40,2021-02-23,30.4788,31.6998,30.3849,30.9954,20345638.0
41,2021-02-24,31.3241,32.0755,29.5865,29.7744,27283183.0
42,2021-02-25,30.5258,30.6197,29.1169,29.6804,19527383.0
43,2021-02-26,27.8019,29.1169,27.2384,27.708,31841217.0
44,2021-03-01,28.929,29.9622,28.929,29.4926,14409920.0
45,2021-03-02,30.0561,30.4318,28.5064,29.6804,14535726.0
46,2021-03-03,29.6804,29.7274,28.7412,29.3987,11043270.0
47,2021-03-04,28.8351,29.2578,27.9428,27.9428,10264687.0
48,2021-03-05,26.9096,28.8351,26.5339,27.9898,17228990.0
49,2021-03-08,28.7412,29.4456,27.1914,27.3793,21689731.0
50,2021-03-09,27.2384,28.6473,26.2991,27.1445,24605753.0
51,2021-03-10,27.9898,28.4594,27.755,28.1776,16415217.0
52,2021-03-11,27.9898,29.9153,27.9898,29.6804,15920937.0
53,2021-03-12,29.9622,30.3379,29.3047,30.3379,32359167.0
54,2021-03-15,30.3849,30.8075,28.7412,28.976,21350169.0
55,2021-03-16,29.1169,29.9153,29.023,29.4456,6446695.0
56,2021-03-17,29.4926,30.4318,28.8821,30.1031,8272994.0
57,2021-03-18,30.0561,30.6667,29.5865,29.6335,7073395.0
58,2021-03-19,29.0699,30.197,28.8821,29.9153,19564921.0
59,2021-03-22,29.9153,30.3849,29.4926,29.5396,6722986.0
60,2021-03-23,29.3987,29.6804,28.0367,28.0837,10847051.0
61,2021-03-24,27.8489,28.4125,27.3323,27.4732,12915895.0
62,2021-03-25,27.0505,27.708,26.1113,27.3793,10994354.0
63,2021-03-26,27.4262,28.3185,27.4262,28.2246,9530075.0
64,2021-03-29,28.5064,28.5064,27.5202,28.0837,7582373.0
65,2021-03-30,28.0837,28.5064,27.4262,27.8489,11083854.0
66,2021-03-31,28.1776,29.3517,28.1776,29.2108,17590036.0
67,2021-04-01,29.9622,31.0893,29.6335,31.0893,17165344.0
68,2021-04-07,31.1833,31.9347,30.8075,31.8877,15676522.0
69,2021-04-08,31.9347,32.4512,31.512,32.2164,10939835.0
70,2021-04-09,32.4043,32.4043,30.8545,30.9954,9790905.0
71,2021-04-12,31.0893,31.8877,30.7136,31.2302,7429246.0
72,2021-04-13,30.9484,31.6059,30.1501,30.291,10081350.0
73,2021-04-14,30.8075,31.1363,30.4788,30.7136,3914891.0
74,2021-04-15,31.0424,31.0424,29.9153,30.3849,5355141.0
75,2021-04-16,30.3849,31.7468,30.1501,31.7468,14364200.0
76,2021-04-19,31.8407,32.0755,31.3711,31.6998,9068740.0
77,2021-04-20,31.3711,32.1225,31.3711,32.1225,5885830.0
78,2021-04-21,31.512,32.1225,31.3711,31.9816,5894148.0
79,2021-04-22,31.7938,32.1225,31.2772,31.465,3882570.0
80,2021-04-23,31.4181,32.1225,31.3711,32.1225,7249352.0
81,2021-04-26,32.1225,32.4043,31.6059,31.9347,6110293.0
82,2021-04-27,32.0286,32.4043,31.6059,32.0286,7604849.0
83,2021-04-28,32.1695,32.6861,32.0286,32.1695,6015724.0
84,2021-04-29,32.3573,32.3573,31.4181,31.512,5425546.0
85,2021-04-30,31.7468,32.2634,31.3711,31.559,6728248.0
86,2021-05-03,31.7468,31.8877,28.6473,29.5865,8589629.0
87,2021-05-04,29.7744,30.5258,29.4926,30.291,6222676.0
88,2021-05-05,29.6804,30.5258,29.6335,29.8683,4463420.0
89,2021-05-06,30.5258,32.2164,30.3379,32.0286,22932122.0
90,2021-05-07,32.2164,32.2164,30.0561,30.1501,13686129.0
91,2021-05-10,30.4318,30.7606,29.7274,29.8213,8533863.0
92,2021-05-11,29.1169,30.197,28.976,29.9153,13017667.0
93,2021-05-12,30.1501,30.1501,28.8351,29.1639,10043233.0
94,2021-05-13,28.6473,28.929,27.5202,27.708,14513321.0
95,2021-05-14,27.9898,28.6942,27.708,27.8959,9306120.0
96,2021-05-17,28.2246,28.7882,27.8959,28.4594,9741020.0
97,2021-05-18,28.8351,28.8351,28.2246,28.2246,8028399.0
98,2021-05-20,28.1776,30.3379,28.0367,30.0561,25118369.0
99,2021-05-21,30.1031,30.6667,29.9153,30.3849,13346194.0
100,2021-05-24,30.244,30.3379,29.5396,29.5865,7302073.0
101,2021-05-25,29.9153,30.4788,29.8213,30.244,7715618.0
102,2021-05-26,30.5727,31.7468,30.291,31.6059,16179239.0
103,2021-05-27,31.6059,31.6998,31.0424,31.512,11050945.0
104,2021-05-28,31.6529,31.6529,30.5258,30.6667,10598514.0
105,2021-05-31,30.8545,30.9954,29.9622,30.7136,8399786.0
106,2021-06-01,31.1833,31.1833,29.6335,30.3849,8750964.0
107,2021-06-02,30.9015,31.0424,29.9622,31.0424,6998289.0
108,2021-06-03,30.9015,30.9484,30.244,30.291,7115324.0
109,2021-06-04,30.291,30.4788,29.8683,30.1031,9918387.0
110,2021-06-07,30.1031,30.5727,29.6804,29.8213,11955960.0
111,2021-06-08,29.4926,29.8213,28.6473,28.6473,12394200.0
112,2021-06-09,28.6473,29.2108,28.5533,29.1169,6659831.0
113,2021-06-10,28.8821,29.5396,28.8351,28.976,5137746.0
114,2021-06-11,28.976,29.3047,28.1776,28.1776,12381864.0
115,2021-06-15,27.8019,28.0367,26.8157,27.708,19271575.0
116,2021-06-16,27.755,28.1307,27.2384,27.8489,17467747.0
117,2021-06-17,27.5202,27.708,26.5809,26.8627,22654253.0
118,2021-06-18,26.9566,27.1445,25.7356,26.3461,32681779.0
119,2021-06-21,25.8295,25.8295,24.9372,25.5008,26038996.0
120,2021-06-22,25.8295,26.2991,25.5947,25.9704,11072097.0
121,2021-06-23,26.2052,26.44,25.9234,26.2991,8321600.0
122,2021-06-24,26.487,26.6748,25.7356,25.7825,7377250.0
123,2021-06-25,25.9704,26.5809,25.7356,26.5809,12995341.0
124,2021-06-28,26.8157,26.9096,26.1113,26.2052,7863609.0
125,2021-06-29,26.3931,26.5339,25.2659,25.4538,12383306.0
126,2021-06-30,25.2659,26.0174,25.2659,25.4538,8640112.0
127,2021-07-02,25.7825,26.2052,25.0311,25.3129,13912954.0
128,2021-07-05,25.1251,25.2659,24.0449,24.1858,11006793.0
129,2021-07-06,24.2328,24.8902,24.1388,24.4206,10257494.0
130,2021-07-07,24.7024,25.7356,24.5145,25.5008,20453073.0
131,2021-07-08,25.4068,25.5008,24.4676,24.7963,14178041.0
132,2021-07-09,25.2166,25.9807,25.0255,25.8374,16207383.0
133,2021-07-12,26.2672,26.6016,25.5986,26.506,11209552.0
134,2021-07-13,26.6493,28.0343,26.3628,27.891,18036698.0
135,2021-07-14,28.1776,28.4641,27.0314,27.4135,14887002.0
136,2021-07-15,27.2224,27.7955,27.1747,27.4135,10458858.0
137,2021-07-16,27.4135,27.4135,26.7926,27.1747,5891457.0
138,2021-07-19,26.5538,27.1269,26.3628,26.6971,11427774.0
139,2021-07-20,26.315,27.0791,26.315,26.9836,6783955.0
140,2021-07-21,26.7448,27.6045,26.7448,27.4612,6791687.0
141,2021-07-22,27.4612,27.7,27.2224,27.4135,6415965.0
142,2021-07-23,27.6522,27.7,26.7926,27.1269,13316752.0
143,2021-07-26,26.506,26.7926,25.9807,26.2195,9272726.0
144,2021-07-27,25.7419,26.506,23.6405,24.2614,17653673.0
145,2021-07-28,24.93,25.121,24.0226,24.93,9705640.0
146,2021-07-29,25.3121,25.6464,23.8316,24.5479,17812250.0
147,2021-07-30,24.5479,25.6941,24.4524,25.4076,19453229.0
148,2021-08-02,25.5986,26.2672,24.6912,26.2672,8939588.0
149,2021-08-03,26.0285,27.6045,25.7897,27.509,13686833.0
150,2021-08-04,27.2224,27.7955,26.4583,26.7448,11172400.0
151,2021-08-05,26.7448,27.6045,26.7448,27.1269,8509317.0
152,2021-08-06,27.3179,27.509,26.9836,27.0791,7548865.0
153,2021-08-09,26.6493,28.1776,26.6493,27.7478,13632815.0
154,2021-08-10,28.1776,28.1776,27.2702,28.1776,8956477.0
155,2021-08-11,28.1776,28.7985,27.7,28.5119,10660677.0
156,2021-08-12,28.7507,28.8462,28.3686,28.4641,8726823.0
157,2021-08-13,28.4641,28.4641,27.7478,27.9866,4320440.0
158,2021-08-16,28.1776,28.8462,27.9866,28.6552,11728300.0
159,2021-08-17,28.7985,28.7985,27.7,28.1298,7301762.0
160,2021-08-18,28.4641,28.6074,27.3657,27.6522,6572277.0
161,2021-08-19,27.6522,27.9866,26.506,26.7448,6814331.0
162,2021-08-20,26.7926,27.4135,25.7897,26.4105,5577399.0
163,2021-08-23,26.506,27.2224,26.506,26.7448,5089796.0
164,2021-08-24,27.1269,27.7478,26.8403,27.4135,6668069.0
165,2021-08-25,27.3179,27.6522,26.7448,27.1269,6081247.0
166,2021-08-26,27.0791,27.509,26.2672,26.9836,7581641.0
167,2021-08-27,26.8881,27.3657,26.7448,27.3179,2825201.0
168,2021-08-30,27.4135,27.5567,26.7448,27.2224,9037800.0
169,2021-08-31,27.7955,29.1805,26.9359,27.9866,37084402.0
170,2021-09-01,27.891,30.3745,27.891,30.279,22241552.0
171,2021-09-02,30.5655,31.0431,29.2283,30.0879,11338829.0
172,2021-09-03,29.9447,30.0879,28.9895,29.6103,13806239.0
173,2021-09-06,29.3238,30.1835,28.7985,29.1328,17236276.0
174,2021-09-07,29.1328,29.7059,28.8462,29.276,6648197.0
175,2021-09-08,29.4671,29.9924,28.7507,28.9895,5082154.0
176,2021-09-09,28.7507,29.4193,27.7478,28.5119,11159047.0
177,2021-09-10,28.6074,29.085,28.5597,28.894,5597094.0
178,2021-09-13,28.8462,28.8462,27.5567,28.1776,6976916.0
179,2021-09-14,28.2253,28.2253,26.506,26.7448,12948368.0
180,2021-09-15,26.7448,27.1747,25.9329,26.315,9600832.0
181,2021-09-16,26.0285,26.6493,25.8852,25.9807,3993768.0
182,2021-09-17,25.7419,26.9359,25.4553,26.9359,12577429.0
183,2021-09-20,26.7448,26.7448,25.6464,25.6464,5943000.0
184,2021-09-21,25.5509,26.6016,25.5509,26.0762,3978581.0
185,2021-09-23,26.8881,26.9359,25.0255,25.3598,11147044.0
186,2021-09-24,25.0255,25.3598,24.1181,24.2614,13832646.0
187,2021-09-27,24.4524,25.2166,24.1181,24.5002,13738516.0
188,2021-09-28,24.7867,26.0285,24.6912,25.4553,11608642.0
189,2021-09-29,24.7867,25.5031,24.739,25.3121,4019619.0
190,2021-09-30,24.5479,26.2195,24.5479,26.2195,7886085.0
191,2021-10-04,25.4076,25.9807,25.4076,25.8374,2531292.0
192,2021-10-05,25.5031,26.7448,25.4553,26.4583,5513198.0
193,2021-10-06,26.5538,26.9359,26.2672,26.6016,5230517.0
194,2021-10-07,26.506,26.7448,26.124,26.5538,4580344.0
195,2021-10-08,26.7448,26.8403,26.1717,26.506,5843664.0
196,2021-10-11,26.6971,27.1747,25.7897,25.9329,5291800.0
197,2021-10-12,25.3598,26.4583,25.2166,25.5509,9394635.0
198,2021-10-15,25.5986,26.7448,25.3121,26.6971,12835762.0
199,2021-10-18,27.2702,27.2702,25.6464,26.315,6547415.0
200,2021-10-19,26.506,26.9359,25.9329,26.8881,8875983.0
201,2021-10-20,27.0791,27.0791,25.9807,26.1717,6009378.0
202,2021-10-21,26.506,26.506,25.6941,25.8852,7514368.0
203,2021-10-22,26.2195,27.9388,26.124,27.9388,11789753.0
204,2021-10-25,28.6074,28.6074,26.9836,27.5567,7734836.0
205,2021-10-26,27.7955,27.7955,27.1747,27.4135,7102127.0
206,2021-10-27,27.3179,27.4135,26.4105,26.8881,6963753.0
207,2021-10-28,27.1747,27.7478,26.8403,27.7,7293459.0
208,2021-10-29,27.7,27.891,27.1269,27.7955,7345223.0
209,2021-11-01,27.7955,28.7985,27.0791,27.1269,9888123.0
210,2021-11-02,27.4612,27.6045,25.9807,26.2672,10850222.0
211,2021-11-03,26.2672,26.6971,25.9807,26.2195,4568292.0
212,2021-11-04,26.1717,26.6493,26.0285,26.3628,3466316.0
213,2021-11-05,26.0762,26.6493,25.7897,26.2672,4455036.0
214,2021-11-08,26.315,26.8881,25.8852,26.2672,7393875.0
215,2021-11-09,26.2672,26.2672,25.5509,26.2195,3898174.0
216,2021-11-10,26.2672,26.506,25.3598,26.4105,10822900.0
217,2021-11-11,26.2672,27.9866,25.9807,27.7955,13718001.0
218,2021-11-12,28.0821,28.3209,27.7955,28.3209,8599626.0
219,2021-11-15,28.3209,28.4641,27.8433,28.2731,5931622.0
220,2021-11-16,28.3209,28.9895,28.2253,28.9895,7316500.0
221,2021-11-17,28.8462,28.9417,28.1298,28.6074,2650156.0
222,2021-11-18,28.6074,28.6074,27.7,27.8433,4403602.0
223,2021-11-19,28.2731,29.2283,27.7478,29.1328,11614195.0
224,2021-11-22,28.894,29.1328,27.7478,28.0821,16862300.0
225,2021-11-23,28.0343,28.2731,27.4135,27.9866,5294500.0
226,2021-11-24,27.6045,28.3686,27.6045,27.8433,4320406.0
227,2021-11-25,27.8433,28.0343,27.5567,27.7478,3323288.0
228,2021-11-26,27.6522,28.5119,27.6522,28.4164,7305600.0
229,2021-11-29,28.3686,28.3686,27.3657,27.4612,7661153.0
230,2021-11-30,28.1776,28.9417,27.4612,27.891,15845313.0
231,2021-12-01,28.2253,28.8462,27.9388,28.3686,9859163.0
232,2021-12-02,28.7507,29.085,28.4641,29.0372,10664599.0
233,2021-12-03,29.0372,29.6103,28.7985,29.5148,10512977.0
234,2021-12-06,28.7985,30.8043,28.7985,29.8014,11907187.0
235,2021-12-07,29.8969,30.7566,29.8969,30.5655,10580840.0
236,2021-12-08,30.9476,30.9476,29.8491,29.9924,8685340.0
237,2021-12-09,30.5655,31.7117,30.3267,31.664,18820603.0
238,2021-12-10,31.5685,31.5685,30.8998,31.5685,9542178.0
239,2021-12-13,31.9028,32.3326,31.5685,31.9983,11273591.0
240,2021-12-14,31.6162,32.046,30.7566,31.5207,13203246.0
241,2021-12-15,30.5655,31.855,30.4222,30.8043,11084236.0
242,2021-12-16,30.8043,31.0909,30.3745,31.0431,6051732.0
243,2021-12-17,31.1386,31.1386,30.3745,30.7088,8269555.0
244,2021-12-20,30.5655,30.7088,29.6103,29.8491,8465064.0
245,2021-12-21,29.8491,30.7566,29.6581,30.6133,4971539.0
246,2021-12-22,30.7088,30.9953,30.279,30.9476,4113076.0
247,2021-12-23,31.0431,31.0909,30.3267,31.0431,4125225.0
248,2021-12-24,30.8521,31.0909,30.0879,30.1357,1149533.0
249,2021-12-28,30.47,31.2341,30.279,30.9953,4591399.0
250,2021-12-29,30.9953,31.0909,30.1357,30.5178,3524940.0
251,2021-12-30,30.8998,30.9953,30.3745,30.5655,2150776.0
252,2021-12-31,30.6133,31.5207,30.6133,31.4729,3069000.0
253,2022-01-03,31.4729,31.4729,30.8521,31.1864,1238514.0
254,2022-01-04,31.4252,31.7117,30.3267,30.6133,4707563.0
255,2022-01-05,30.3267,31.4729,30.0879,31.0431,7325509.0
256,2022-01-06,30.9953,31.9983,30.7088,31.8072,7147136.0
257,2022-01-07,31.855,32.2371,31.0909,32.1893,7523641.0
258,2022-01-10,31.6162,32.046,30.661,31.5207,8824437.0
259,2022-01-11,30.9953,31.5207,30.661,31.2341,4353384.0
260,2022-01-12,30.9476,32.3326,30.5655,32.2371,14644063.0
261,2022-01-13,32.2371,32.2371,30.4222,30.9476,10924537.0
262,2022-01-14,30.8521,30.8521,28.6552,30.4222,11037741.0
263,2022-01-17,30.3745,30.3745,29.276,29.6103,8952536.0
264,2022-01-18,29.5626,29.9447,29.1328,29.6581,7656642.0
265,2022-01-19,29.8491,30.5655,29.6103,30.1357,6241683.0
266,2022-01-20,30.1357,31.1386,30.0402,31.1386,8885056.0
267,2022-01-21,31.1386,31.5207,30.279,31.2341,6044633.0
268,2022-01-24,31.0909,31.2341,30.3745,30.8521,4913955.0
269,2022-01-25,30.3267,31.3297,30.279,30.47,5312135.0
270,2022-01-26,30.5178,30.9476,29.7536,29.9447,7911404.0
271,2022-01-27,29.3238,30.2312,28.9895,29.6103,9578808.0
272,2022-01-28,29.7059,29.9924,28.7029,28.7507,9673085.0
273,2022-01-31,28.9417,29.8014,28.2731,29.6581,2771151.0
274,2022-02-04,30.6133,30.6133,29.6581,30.279,3469380.0
275,2022-02-07,30.5178,30.5178,27.8433,28.2731,13262611.0
276,2022-02-08,28.3686,28.3686,27.2224,27.6522,10417377.0
277,2022-02-09,28.1776,28.5597,27.509,27.9866,7038483.0
278,2022-02-10,28.6552,28.6552,27.3657,27.9388,5308719.0
279,2022-02-11,27.5567,27.891,26.9836,27.7478,6293448.0
280,2022-02-14,27.4135,27.4612,26.9836,27.0791,5903777.0
281,2022-02-15,27.1269,27.3657,26.8403,26.8881,3839196.0
282,2022-02-16,27.0791,27.6522,26.8403,27.6045,5532978.0
283,2022-02-17,27.7478,27.7955,27.0791,27.4612,4619000.0
284,2022-02-18,27.4612,27.5567,27.0314,27.4135,5272455.0
285,2022-02-21,27.3179,27.3179,26.6493,26.8403,4806900.0
286,2022-02-22,26.2672,27.0791,26.2672,26.506,7965818.0
287,2022-02-23,26.506,27.1269,26.506,27.0791,7153226.0
288,2022-02-24,26.506,26.9359,26.124,26.2195,10818523.0
289,2022-02-25,26.6971,26.9359,25.8374,25.9807,5696791.0
290,2022-02-28,26.2672,26.4105,25.7419,26.0285,7729792.0
291,2022-03-01,26.6493,27.3179,26.3628,27.0791,9190685.0
292,2022-03-02,26.506,26.6493,26.0762,26.315,8106902.0
293,2022-03-03,26.0762,26.4583,25.5509,25.7897,12739832.0
294,2022-03-04,25.3598,25.9807,24.9778,25.5986,16073398.0
295,2022-03-07,24.6912,25.1688,23.7838,23.9271,15264523.0
296,2022-03-08,23.2585,24.5479,22.7331,22.9719,12206380.0
297,2022-03-09,23.2107,23.4972,22.0645,23.1152,13909604.0
298,2022-03-10,23.4495,23.5928,23.0674,23.2585,7751890.0
299,2022-03-11,22.7809,23.4017,22.1122,23.1152,7818511.0
300,2022-03-14,22.3988,22.8286,21.4914,21.8257,13986363.0
301,2022-03-15,21.6347,22.5898,21.1093,21.2526,17226677.0
302,2022-03-16,22.7331,22.8764,20.9183,22.6853,15918763.0
303,2022-03-17,24.4524,24.6912,22.9719,24.5957,19692421.0
304,2022-03-18,23.9748,24.0226,22.7331,23.4495,13648355.0
305,2022-03-21,24.5002,24.5002,23.4017,23.7838,14243793.0
306,2022-03-22,23.7838,25.0733,23.4972,24.7867,9567794.0
307,2022-03-23,24.4047,24.5957,23.4017,23.9271,7763340.0
308,2022-03-24,23.8793,24.1659,23.4495,24.0226,8552557.0
309,2022-03-25,23.9748,24.1659,22.5421,22.7809,8537290.0
310,2022-03-28,22.6853,23.2585,22.3033,22.8764,5055156.0
311,2022-03-29,22.6376,23.2585,22.6376,23.1152,3628133.0
312,2022-03-30,23.354,24.1659,23.0674,24.1659,8725060.0
313,2022-03-31,24.6435,24.6435,23.8793,24.3091,7127221.0
314,2022-04-01,23.8793,25.121,23.5928,24.6435,8993403.0
315,2022-04-04,24.8345,25.5031,24.5479,25.4076,4432201.0
316,2022-04-06,25.121,25.2643,24.2136,24.5002,7092092.0
317,2022-04-07,24.2136,24.6435,23.8793,23.9748,9248551.0
318,2022-04-08,23.7838,24.3091,23.2107,23.545,5766087.0
319,2022-04-11,23.354,23.8793,23.1152,23.4017,6707340.0
320,2022-04-12,23.4972,24.7867,23.1152,24.6435,8636477.0
321,2022-04-13,24.3569,24.9778,24.0703,24.739,7457593.0
322,2022-04-14,25.1688,26.2195,25.0255,26.124,11400228.0
323,2022-04-19,25.2166,25.5031,24.3569,24.6435,8291411.0
324,2022-04-20,24.5957,25.6941,24.5479,25.2643,9274157.0
325,2022-04-21,24.739,25.4553,24.5479,24.93,6539527.0
326,2022-04-22,24.2136,25.6941,24.2136,25.6464,6760650.0
327,2022-04-25,24.6435,25.3121,24.0226,24.2136,9710721.0
328,2022-04-26,24.5957,25.3121,24.3091,24.4524,14633277.0
329,2022-04-27,24.0226,24.6912,23.9748,24.3091,6713908.0
330,2022-04-28,24.3091,25.7419,24.1181,25.4553,10160975.0
331,2022-04-29,25.7897,27.509,25.5986,27.1269,23964830.0
332,2022-05-03,27.9388,29.2283,27.3179,28.6552,17782289.0
333,2022-05-04,28.5597,28.6552,28.0343,28.1776,6050969.0
334,2022-05-05,27.7955,28.0821,26.9836,27.2702,11090354.0
335,2022-05-06,26.315,26.8403,25.5031,25.6941,9417438.0
336,2022-05-10,24.6435,26.0285,24.6435,25.4553,11452663.0
337,2022-05-11,25.4076,26.3628,24.739,24.9778,13868864.0
338,2022-05-12,24.8345,25.5986,24.739,24.8345,10138834.0
339,2022-05-13,24.8345,25.6464,24.7867,25.5031,7002088.0
340,2022-05-16,25.9329,25.9807,24.9778,25.1688,6176548.0
341,2022-05-17,25.7897,26.0285,25.2166,25.6464,10971686.0
342,2022-05-18,25.7419,26.3628,25.5509,26.2672,10899093.0
343,2022-05-19,25.7897,26.0285,24.739,24.7867,10286586.0
344,2022-05-20,25.5986,26.2672,25.2166,26.124,11876902.0
345,2022-05-23,25.5031,26.1717,25.0733,25.2166,8264452.0
346,2022-05-24,25.2166,25.5031,24.2614,24.2614,11241658.0
347,2022-05-25,24.4047,25.1688,24.3091,24.8345,9101480.0
348,2022-05-26,24.739,25.2643,24.3569,24.8822,6856319.0
349,2022-05-27,25.2166,25.5031,24.93,25.4076,8303287.0
350,2022-05-30,25.7897,25.9807,25.3598,25.9807,11482526.0
351,2022-05-31,26.0762,26.6971,25.5986,26.6971,17800410.0
352,2022-06-01,26.7926,26.7926,25.7419,26.0762,10916576.0
353,2022-06-02,25.8374,26.2672,25.5031,26.124,7925838.0
354,2022-06-06,26.506,26.506,25.5509,26.1717,10153636.0
355,2022-06-07,25.7419,26.124,25.2643,25.5031,10106048.0
356,2022-06-08,26.124,26.124,24.6435,25.0733,14961020.0
357,2022-06-09,24.8345,24.93,24.3569,24.6435,11358657.0
358,2022-06-10,24.3569,24.8822,24.2136,24.5957,12254082.0
359,2022-06-13,23.9271,24.3569,23.736,23.9748,8962634.0
360,2022-06-14,23.8793,24.4047,23.2107,24.1181,6114519.0
361,2022-06-15,24.1181,25.1688,24.1181,24.6912,8323270.0
362,2022-06-16,24.9778,25.3121,24.0703,24.2614,7625130.0
363,2022-06-17,24.2614,25.2643,23.9748,25.1688,11845257.0
364,2022-06-20,25.1688,25.6941,24.9778,25.5031,10166241.0
365,2022-06-21,25.6941,26.0762,25.3121,26.0285,8785071.0
366,2022-06-22,26.0285,26.2672,25.3598,25.3598,7222228.0
367,2022-06-23,25.4553,26.124,25.121,25.2643,9152622.0
368,2022-06-24,25.6941,26.6971,25.2643,26.6493,10888811.0
369,2022-06-27,26.5538,27.6045,26.5538,27.3657,9848526.0
370,2022-06-28,27.6045,27.6522,27.0791,27.5567,9354354.0
371,2022-06-29,27.3179,27.7955,27.1747,27.3657,10958904.0
372,2022-06-30,27.2224,27.8433,27.0791,27.7478,7537056.0
373,2022-07-04,27.0791,27.3179,26.5538,27.0314,7257088.0
374,2022-07-05,27.7,27.7955,26.7448,26.9359,6555394.0
375,2022-07-06,26.9836,27.5567,26.315,26.8881,6392489.0
376,2022-07-07,26.8881,26.8881,26.0762,26.8403,8737419.0
377,2022-07-08,27.0791,27.2702,25.9807,26.506,9941106.0
378,2022-07-11,26.506,26.7448,26.0285,26.5538,4896701.0
379,2022-07-12,26.3012,27.2266,26.3012,26.5934,7733410.0
380,2022-07-13,26.9344,27.1779,26.3499,26.4473,7213542.0
381,2022-07-14,26.4473,26.6909,25.0836,25.3271,10608800.0
382,2022-07-15,25.5219,25.5219,24.4504,24.5478,7699800.0
383,2022-07-18,24.7913,25.2297,24.1094,25.1323,8762598.0
384,2022-07-19,24.7426,25.1323,24.5478,24.84,4180668.0
385,2022-07-20,25.2297,25.6193,24.84,25.181,6970951.0
386,2022-07-21,25.4732,25.6193,24.6452,24.9861,11455346.0
387,2022-07-22,25.2784,25.2784,24.6939,25.1323,3990304.0
388,2022-07-25,24.9374,25.181,24.5965,24.9861,7284800.0
389,2022-07-26,24.84,25.5219,24.84,25.3271,6657805.0
390,2022-07-27,25.181,25.5706,24.8887,25.3758,4211145.0
391,2022-07-28,25.3758,25.5219,24.9374,25.2784,8912726.0
392,2022-07-29,25.3271,25.5706,24.2069,24.4504,8517882.0
393,2022-08-01,24.5478,24.6939,23.9633,24.2069,7185626.0
394,2022-08-02,23.9146,24.1094,23.184,23.3789,5566003.0
395,2022-08-03,23.525,24.1094,23.0866,23.184,7290196.0
396,2022-08-04,23.525,23.525,22.7457,22.8918,11017055.0
397,2022-08-05,23.184,23.3301,22.5021,22.9892,10244226.0
398,2022-08-08,22.5509,23.3789,22.5509,23.0866,7980698.0
399,2022-08-09,23.0866,23.525,22.9405,23.0379,4431943.0
400,2022-08-10,23.0379,23.0379,22.356,22.5021,6156911.0
401,2022-08-11,23.0866,23.2814,22.7457,23.184,5584984.0
402,2022-08-12,23.4276,23.4763,23.1353,23.4276,2591809.0
403,2022-08-15,23.184,23.5737,22.8431,22.8918,3800200.0
404,2022-08-16,22.697,23.1353,22.6483,22.7944,6717481.0
405,2022-08-17,22.9892,23.6224,22.697,23.525,5902708.0
406,2022-08-18,23.5737,23.6224,22.7457,22.8918,6177530.0
407,2022-08-19,22.8918,23.3789,22.5509,23.2327,6699218.0
408,2022-08-22,22.8431,23.3789,22.7457,23.0379,7303627.0
409,2022-08-23,22.7944,23.184,22.697,22.8918,4519966.0
410,2022-08-24,22.7457,22.9892,22.5509,22.7457,5888774.0
411,2022-08-25,22.7457,23.8172,22.7457,23.8172,5280400.0
412,2022-08-26,23.7198,23.7198,23.3301,23.5737,5713600.0
413,2022-08-29,23.5737,23.5737,22.9405,23.184,4032641.0
414,2022-08-30,23.7198,24.4991,23.5737,24.4017,10493495.0
415,2022-08-31,24.1094,25.3271,24.0607,25.1323,16823070.0
416,2022-09-01,25.1323,25.8141,24.9374,25.5219,13619971.0
417,2022-09-02,25.1323,25.2784,24.3043,24.84,21799443.0
418,2022-09-05,24.1581,24.4504,23.7198,24.1094,8151430.0
419,2022-09-06,23.8659,24.4017,23.8659,24.2069,4453131.0
420,2022-09-07,23.7198,24.5965,23.7198,24.5965,5715603.0
421,2022-09-08,24.5965,25.3758,24.4991,24.7913,8425636.0
422,2022-09-09,24.84,25.4732,24.84,25.2784,5875139.0
423,2022-09-13,24.9861,25.5706,24.9861,25.181,7641462.0
424,2022-09-14,24.5965,25.3758,24.1581,25.2297,5433312.0
425,2022-09-15,25.181,25.9603,25.1323,25.4245,9079931.0
426,2022-09-16,25.0349,25.2297,24.5478,24.7426,11488890.0
427,2022-09-19,24.5478,25.0836,24.353,24.84,9664316.0
428,2022-09-20,24.6939,25.181,24.6939,24.9374,6918110.0
429,2022-09-21,24.5965,24.84,24.0607,24.1581,6292740.0
430,2022-09-22,23.6711,23.9633,23.3301,23.7198,8586072.0
431,2022-09-23,23.4763,23.8172,22.8918,22.9405,8093285.0
432,2022-09-26,22.5509,23.9633,22.5509,23.7685,9592309.0
433,2022-09-27,23.8659,24.012,23.6224,23.8659,7219518.0
434,2022-09-28,24.1094,24.353,23.5737,23.7685,9598121.0
435,2022-09-29,24.1094,24.2556,23.2814,23.4276,10604920.0
436,2022-09-30,23.2814,24.012,23.2327,23.4276,8246770.0
437,2022-10-03,23.184,23.6224,22.8918,23.3789,3932007.0
438,2022-10-05,24.4017,25.4245,24.2556,25.2297,8829792.0
439,2022-10-06,25.5706,25.5706,24.5478,24.9861,2653795.0
440,2022-10-07,25.181,25.5219,24.6452,24.6939,5877399.0
441,2022-10-10,24.2069,24.2556,23.7198,23.7685,5168777.0
442,2022-10-11,23.5737,23.7685,23.2327,23.3789,4726441.0
443,2022-10-12,23.3789,23.8659,22.8918,23.5737,7209332.0
444,2022-10-13,23.525,23.6224,22.8431,22.8918,5695575.0
445,2022-10-14,23.184,24.0607,23.0866,23.4763,7090383.0
446,2022-10-17,23.2814,23.8172,22.9892,23.4763,8522700.0
447,2022-10-18,23.4763,24.1581,23.3789,24.0607,7644290.0
448,2022-10-19,24.0607,24.0607,22.1125,22.3073,15671251.0
449,2022-10-20,21.9664,22.5996,21.8203,22.2099,12149501.0
450,2022-10-21,22.356,22.356,21.4306,21.5767,12185895.0
451,2022-10-24,20.8461,21.9177,19.9694,20.213,17603830.0
452,2022-10-25,21.2358,21.2358,20.0181,20.7,13299039.0
453,2022-10-26,20.3104,21.041,20.213,20.4565,9115124.0
454,2022-10-27,20.7487,21.0897,20.5052,20.6513,6625397.0
455,2022-10-28,20.6026,20.7,19.7259,19.9207,9441815.0
456,2022-10-31,19.9694,20.3591,19.0148,19.1317,16081506.0
457,2022-11-01,19.4824,20.4565,19.1901,20.3104,17002836.0
458,2022-11-02,20.0181,21.041,19.872,20.8461,11465788.0
459,2022-11-03,20.8461,20.8461,19.9694,20.0181,7398261.0
460,2022-11-04,20.213,21.6254,20.0668,21.4306,20359992.0
461,2022-11-07,20.9923,21.9664,20.9436,21.7228,16297511.0
462,2022-11-08,21.7228,21.869,21.1871,21.3332,10250997.0
463,2022-11-09,21.2845,21.9177,21.1871,21.3819,8237943.0
464,2022-11-10,21.041,21.2845,20.8461,21.1871,6336565.0
465,2022-11-11,24.3043,24.3043,22.0151,23.3301,11427406.0
466,2022-11-14,24.5965,25.1323,23.7198,23.9146,17113967.0
467,2022-11-15,23.7198,24.6452,23.525,24.5965,10843614.0
468,2022-11-16,24.1094,24.2556,23.6711,23.9633,13052636.0
469,2022-11-17,23.5737,23.9633,23.3301,23.7198,9154394.0
470,2022-11-18,23.8172,24.012,23.4763,23.8172,9031062.0
471,2022-11-21,23.9146,24.1094,23.184,23.7198,21873481.0
472,2022-11-22,23.6224,23.9633,23.4276,23.7198,9021154.0
473,2022-11-23,23.7198,24.3043,23.525,23.525,8601802.0
474,2022-11-24,23.9146,24.0607,23.525,24.012,8429617.0
475,2022-11-25,23.9146,24.1094,23.5737,23.8659,7422400.0
476,2022-11-28,23.0379,23.2327,22.5996,22.9892,9918888.0
477,2022-11-29,23.6711,24.84,23.4276,24.7426,14617015.0
478,2022-11-30,24.6452,25.1323,24.0607,24.9374,14545165.0
479,2022-12-01,25.3271,25.5706,24.6452,24.6939,16309860.0
480,2022-12-02,24.353,24.7426,23.8172,24.6452,84302485.0
481,2022-12-05,24.9374,25.9603,24.4991,25.9116,35037600.0
482,2022-12-06,25.8629,25.8629,24.84,25.4732,10873335.0
483,2022-12-07,25.0836,25.668,24.1581,24.4017,13049527.0
484,2022-12-08,24.4504,25.4245,24.4504,25.3758,11171017.0
485,2022-12-09,25.5219,26.3012,25.4732,26.1551,17330670.0
486,2022-12-12,25.6193,25.8629,25.181,25.3271,10074198.0
487,2022-12-13,25.6193,25.8141,25.1323,25.4245,8912425.0
488,2022-12-14,26.009,26.009,25.3271,25.7167,7411431.0
489,2022-12-15,25.8629,26.3012,25.3271,25.5706,9500235.0
490,2022-12-16,25.9116,26.009,25.2784,25.9116,10205010.0
491,2022-12-19,25.8141,26.3986,25.4732,25.7654,7135293.0
492,2022-12-20,25.3758,25.8141,24.8887,25.0349,7771362.0
493,2022-12-21,25.0349,25.8141,25.0349,25.7654,8632866.0
494,2022-12-22,26.5447,26.5447,25.9116,26.4473,11586802.0
495,2022-12-23,25.8629,26.2525,25.8141,25.9116,4301109.0
496,2022-12-28,26.0577,26.6909,26.0577,26.3012,13720161.0
497,2022-12-29,25.8629,26.1551,25.668,26.009,8251704.0
498,2022-12-30,26.5934,26.5934,25.8629,25.9116,5439350.0
499,2023-01-03,25.3271,26.2525,25.181,25.9116,7546806.0
500,2023-01-04,26.496,26.9344,26.1551,26.8857,12313126.0
501,2023-01-05,27.2753,27.9572,26.9831,27.665,10271569.0
502,2023-01-06,28.2007,28.2007,27.2266,27.3727,7959724.0
503,2023-01-09,27.8598,28.2007,27.6163,28.2007,6330384.0
504,2023-01-10,27.7624,28.3956,27.7624,28.152,6560109.0
505,2023-01-11,28.152,28.6391,28.0059,28.3956,7175072.0
506,2023-01-12,28.1033,28.493,27.7137,28.2494,9711813.0
507,2023-01-13,28.3956,28.98,28.0546,28.7852,8764439.0
508,2023-01-16,29.0774,30.1977,28.7365,29.8567,16007108.0
509,2023-01-17,29.4184,30.149,29.0774,29.2236,10675961.0
510,2023-01-18,29.1262,29.4671,28.6878,28.7852,11273874.0
511,2023-01-19,28.7852,29.2236,28.6391,28.7365,11159669.0
512,2023-01-20,28.7365,29.321,28.5417,29.2723,11518991.0
513,2023-01-26,29.9542,30.7334,29.4671,29.9054,6354168.0
514,2023-01-27,29.8567,29.9542,29.2236,29.5645,5552114.0
515,2023-01-30,29.1262,29.7106,28.3956,28.493,13769451.0
516,2023-01-31,29.0287,29.1749,27.7624,28.0546,10159646.0
517,2023-02-01,28.0059,28.7365,27.9572,28.6878,9687184.0
518,2023-02-02,28.7852,28.8339,28.2007,28.3956,12401544.0
519,2023-02-03,28.3956,28.6391,27.9085,28.152,6773943.0
520,2023-02-06,27.5676,27.9572,27.1292,27.324,7973994.0
521,2023-02-07,27.5189,28.2982,27.3727,27.8598,7305734.0
522,2023-02-08,27.8598,28.493,27.8111,28.1033,6975131.0
523,2023-02-09,28.0059,28.7365,27.9085,28.5904,5541622.0
524,2023-02-10,28.5904,28.8339,27.7137,27.8598,5776745.0
525,2023-02-13,27.7624,28.5417,27.7137,28.3956,6299001.0
526,2023-02-14,28.5904,28.7852,28.2982,28.5417,3269465.0
527,2023-02-15,28.7365,28.7365,27.6163,27.8111,6261525.0
528,2023-02-16,28.152,28.5417,27.8111,28.2007,4267667.0
529,2023-02-17,28.1033,28.2982,27.5189,27.665,4553148.0
530,2023-02-20,27.665,29.321,27.6163,29.0774,7601171.0
531,2023-02-21,29.1262,29.5158,28.8339,29.0774,7772680.0
532,2023-02-22,29.1262,29.2236,28.5904,28.7852,5065904.0
533,2023-02-23,29.0774,29.5645,28.5417,28.8339,8143932.0
534,2023-02-24,28.6391,28.7365,27.9085,27.9085,10847501.0
535,2023-02-27,27.8111,28.0059,27.0805,27.2266,8354028.0
536,2023-02-28,27.2266,27.9085,26.9831,27.0318,12470473.0
537,2023-03-01,26.7883,28.152,26.6909,27.8598,11295296.0
538,2023-03-02,27.8111,27.8598,27.3727,27.6163,8128894.0
539,2023-03-03,28.0546,28.152,27.3727,27.8598,13783982.0
540,2023-03-06,27.4702,27.665,26.6422,26.6909,11230842.0
541,2023-03-07,26.6909,27.1779,25.9116,26.3012,20771711.0
542,2023-03-08,25.9603,26.009,25.6193,25.8141,11096461.0
543,2023-03-09,25.668,25.7167,25.1323,25.1323,7157624.0
544,2023-03-10,25.0349,25.3758,24.1581,24.5478,32455501.0
545,2023-03-13,24.5478,25.668,24.4991,25.4732,11187977.0
546,2023-03-14,25.2784,25.7167,24.4991,24.7913,9340987.0
547,2023-03-15,25.1323,25.3271,24.84,25.1323,7167033.0
548,2023-03-16,24.6939,25.1323,24.5965,24.9861,6820907.0
549,2023-03-17,25.3758,25.3758,24.6452,24.9861,13611394.0
550,2023-03-20,24.6452,24.9374,24.1094,24.353,7012952.0
551,2023-03-21,24.4991,25.2297,24.3043,25.181,5867842.0
552,2023-03-22,25.181,25.5706,24.6939,24.7913,6046128.0
553,2023-03-23,24.7913,25.0836,24.5478,25.0349,10977699.0
554,2023-03-24,24.84,25.1323,24.4504,24.8887,7421503.0
555,2023-03-27,24.84,25.0836,24.4017,24.5478,6946035.0
556,2023-03-28,24.7913,24.84,24.353,24.6452,10834625.0
557,2023-03-29,25.0349,25.4245,24.353,24.9374,10949565.0
558,2023-03-30,24.7426,25.8629,24.4504,25.5219,16018114.0
559,2023-03-31,25.7167,25.7167,23.525,24.0607,27645520.0
560,2023-04-03,24.012,24.2556,23.2814,23.5737,10986515.0
561,2023-04-04,23.2814,23.5737,22.5996,23.0379,21976176.0
562,2023-04-06,22.9405,23.4763,22.5509,23.3789,10554304.0
563,2023-04-11,23.6711,24.0607,23.4276,23.7198,9395013.0
564,2023-04-12,23.6224,24.353,23.6224,23.7198,5879110.0
565,2023-04-13,23.5737,24.1094,23.4276,24.1094,6522781.0
566,2023-04-14,24.1094,24.2556,23.5737,23.7198,6482247.0
567,2023-04-17,23.6711,24.5478,23.4763,24.4017,7691543.0
568,2023-04-18,24.2069,24.5965,24.012,24.3043,6498425.0
569,2023-04-19,24.3043,24.353,23.525,23.5737,7829478.0
570,2023-04-20,23.8172,24.4991,23.6224,24.4504,7942100.0
571,2023-04-21,24.353,24.5965,23.9633,24.1581,11415487.0
572,2023-04-24,24.3043,24.353,23.2327,23.4276,10832335.0
573,2023-04-25,23.4763,23.7198,23.0379,23.184,5220729.0
574,2023-04-26,23.3301,23.7198,23.0866,23.184,5537004.0
575,2023-04-27,23.0379,23.4763,22.9405,23.1353,9081731.0
576,2023-04-28,23.3789,24.9374,23.3789,24.7913,16824585.0
577,2023-05-02,24.9374,25.1323,24.353,24.5965,10534135.0
578,2023-05-03,24.1581,25.1323,24.1581,25.1323,6457789.0
579,2023-05-04,24.8887,24.9861,24.5965,24.7913,11568053.0
580,2023-05-05,25.1323,25.1323,23.2327,23.5737,11980660.0
581,2023-05-08,23.6711,23.7198,23.0866,23.6711,9638812.0
582,2023-05-09,23.6711,23.8659,23.2327,23.3789,13999729.0
583,2023-05-10,23.4276,23.9633,23.3789,23.4763,8798133.0
584,2023-05-11,23.4276,23.6224,23.0866,23.3789,6996240.0
585,2023-05-12,23.4276,23.525,22.8918,22.8918,5769054.0
586,2023-05-15,22.8918,23.3301,22.6483,22.9405,6922142.0
587,2023-05-16,23.0866,23.184,22.8431,23.0379,4811917.0
588,2023-05-17,23.0866,23.0866,22.1612,22.2586,6892516.0
589,2023-05-18,22.3073,22.9892,22.3073,22.5509,6833485.0
590,2023-05-19,22.3073,23.1353,22.1612,22.7457,7855615.0
591,2023-05-22,22.7457,23.4276,22.697,23.1353,8933334.0
592,2023-05-23,23.3301,23.525,22.8918,23.0866,8657510.0
593,2023-05-24,23.0866,23.4763,22.6483,22.8431,11083922.0
594,2023-05-25,22.7457,22.7457,22.2586,22.2586,7406026.0
595,2023-05-29,22.7944,22.9405,21.9664,21.9664,6555293.0
596,2023-05-30,22.1125,22.4047,21.6741,22.0638,7634798.0
597,2023-05-31,22.2099,22.356,21.4793,21.869,24544049.0
598,2023-06-01,21.7228,21.9177,21.5767,21.7716,13134941.0
599,2023-06-02,22.1125,23.0379,21.869,22.9405,27151167.0
600,2023-06-05,22.9405,23.1353,22.5996,22.9892,9160550.0
601,2023-06-06,22.7944,23.4276,22.697,22.7944,7140835.0
602,2023-06-07,22.9405,23.2327,22.7944,23.0379,6251780.0
603,2023-06-08,22.9405,23.2327,22.697,23.184,6242550.0
604,2023-06-09,23.0866,23.525,22.7457,22.8918,10199251.0
605,2023-06-12,22.9405,23.525,22.697,23.3301,13832926.0
606,2023-06-13,23.2814,23.4276,22.8431,23.2327,11142171.0
607,2023-06-14,23.1353,23.2814,22.9405,23.0379,15500991.0
608,2023-06-15,23.3301,23.9146,23.0866,23.8172,7121961.0
609,2023-06-16,23.7198,24.4504,23.7198,24.353,17782485.0
610,2023-06-19,24.1581,24.1581,23.5737,23.7685,8109110.0
611,2023-06-20,23.7685,24.012,23.5737,23.7685,8542172.0
612,2023-06-21,23.2814,24.0607,23.2814,23.9146,9654258.0
613,2023-06-23,23.6224,23.9146,22.9405,23.1353,4755596.0
614,2023-06-26,23.2814,23.5737,23.184,23.3789,6400118.0
615,2023-06-27,23.184,24.012,23.184,23.8659,8287233.0
616,2023-06-28,23.6224,24.1094,23.6224,24.012,9459000.0
617,2023-06-29,23.9146,23.9146,23.525,23.8172,9073200.0
618,2023-06-30,23.7685,24.1094,23.6224,24.012,13302434.0
619,2023-07-03,23.9633,24.012,23.2814,23.3301,8428927.0
620,2023-07-04,23.3301,23.525,22.8918,23.0866,6083180.0
621,2023-07-05,22.8918,23.1353,22.5996,22.7944,7226205.0
622,2023-07-06,22.4047,23.0866,22.2099,22.5509,8747038.0
623,2023-07-07,22.356,22.7457,22.356,22.697,9252953.0
624,2023-07-10,23.2327,23.3789,22.8918,23.3789,15238404.0
625,2023-07-11,23.7198,24.2069,23.4276,23.6224,7986379.0
626,2023-07-12,23.9633,23.9633,23.525,23.6224,6793821.0
627,2023-07-13,23.8172,24.0607,23.7198,23.8659,4807900.0
628,2023-07-14,23.9633,24.1581,23.525,23.7198,5859128.0
629,2023-07-18,23.2327,23.2814,22.7457,23.1353,11194931.0
630,2023-07-19,23.0866,23.2814,22.5996,23.2814,8421719.0
631,2023-07-20,23.2814,23.7198,23.184,23.6224,8371809.0
632,2023-07-21,23.6224,23.6224,23.0379,23.3301,14216113.0
633,2023-07-24,23.3,23.35,22.8,23.05,13424201.0
634,2023-07-25,23.5,24.4,23.5,24.2,14355937.0
635,2023-07-26,24.2,24.35,24.05,24.1,3564819.0
636,2023-07-27,24.05,24.45,24.05,24.2,10258081.0
637,2023-07-28,23.85,25.0,23.7,24.9,11833251.0
638,2023-07-31,25.65,26.0,25.2,25.45,18319669.0
639,2023-08-01,25.8,25.8,25.05,25.2,13576888.0
640,2023-08-02,25.2,25.4,24.8,24.85,9168153.0
641,2023-08-03,24.85,25.2,24.65,24.85,7086034.0
642,2023-08-04,25.35,25.7,25.0,25.2,6386482.0
643,2023-08-07,25.2,25.2,24.6,24.8,3719501.0
644,2023-08-08,24.3,24.75,24.2,24.3,8157242.0
645,2023-08-09,24.3,24.65,24.15,24.45,5646066.0
646,2023-08-10,24.15,24.6,24.1,24.55,3900374.0
647,2023-08-11,24.35,24.35,23.5,23.65,12642518.0
648,2023-08-14,22.9,23.35,22.7,23.35,9280122.0
649,2023-08-15,23.0,23.45,23.0,23.25,8925860.0
650,2023-08-16,22.9,23.25,22.8,23.0,25705438.0
651,2023-08-17,22.35,23.35,22.35,23.25,26551517.0
652,2023-08-18,23.0,23.2,22.7,22.7,11814289.0
653,2023-08-21,22.4,22.6,22.0,22.35,10231763.0
654,2023-08-22,22.35,22.75,22.1,22.45,9355223.0
655,2023-08-23,22.4,22.65,22.25,22.6,11838048.0
656,2023-08-24,22.65,23.2,22.4,23.05,10381920.0
657,2023-08-25,23.05,23.2,22.65,23.0,11770992.0
658,2023-08-28,23.5,24.0,23.45,23.55,6439141.0
659,2023-08-29,23.55,23.95,23.5,23.75,5520303.0
660,2023-08-30,23.7,24.05,23.6,23.9,7494266.0
661,2023-08-31,24.2,24.45,23.95,24.25,12972704.0
662,2023-09-04,24.65,25.65,24.5,25.55,13026132.0
663,2023-09-05,25.45,25.5,24.8,24.85,8200475.0
664,2023-09-06,24.5,25.0,24.45,24.85,5778504.0
665,2023-09-07,24.85,24.85,24.45,24.6,6412542.0
666,2023-09-11,24.2,24.65,24.05,24.45,7953321.0
667,2023-09-12,24.3,24.55,24.0,24.25,4636272.0
668,2023-09-13,24.05,24.6,23.95,24.25,11572809.0
669,2023-09-14,24.5,24.55,24.15,24.45,5768939.0
670,2023-09-15,24.3,24.55,24.05,24.15,10135773.0
671,2023-09-18,23.9,24.2,23.75,23.95,5798549.0
672,2023-09-19,23.95,24.45,23.85,24.4,5948120.0
673,2023-09-20,24.0,24.35,23.85,24.2,6610464.0
674,2023-09-21,24.2,24.35,24.0,24.15,6510996.0
675,2023-09-22,24.0,24.7,23.9,24.6,5549890.0
676,2023-09-25,24.75,24.75,24.15,24.35,3680227.0
677,2023-09-26,24.3,24.35,23.7,23.85,10139869.0
678,2023-09-27,23.7,24.25,23.65,23.85,6753802.0
679,2023-09-28,23.7,24.05,23.4,23.5,7262841.0
680,2023-09-29,23.75,24.95,23.6,24.65,7237207.0
681,2023-10-03,24.15,24.25,23.65,23.7,6892532.0
682,2023-10-04,23.5,23.55,23.15,23.4,3374423.0
683,2023-10-05,23.4,23.45,23.0,23.2,2940693.0
684,2023-10-06,23.6,23.85,23.3,23.45,2906870.0
685,2023-10-09,23.65,23.75,23.15,23.25,3546577.0
686,2023-10-10,23.75,23.95,23.2,23.4,5239077.0
687,2023-10-11,24.05,24.15,23.2,23.3,5581214.0
688,2023-10-12,23.75,23.9,23.45,23.85,6257500.0
689,2023-10-13,23.4,23.65,23.15,23.2,5860858.0
690,2023-10-16,23.25,23.5,22.95,23.15,4991115.0
691,2023-10-17,23.35,23.45,22.9,23.25,4586000.0
692,2023-10-18,23.25,23.4,22.95,23.25,6506349.0
693,2023-10-19,22.9,23.2,22.85,22.85,8191896.0
694,2023-10-20,22.65,23.0,22.6,22.7,6054735.0
695,2023-10-24,22.7,22.8,22.2,22.25,6642005.0
696,2023-10-25,22.7,22.75,22.3,22.45,5142538.0
697,2023-10-26,22.75,23.0,22.3,22.85,8518314.0
698,2023-10-27,22.95,23.2,22.55,23.0,8779714.0
699,2023-10-30,22.8,23.3,22.75,23.2,10270144.0
700,2023-10-31,23.1,23.15,22.3,22.4,7128375.0
701,2023-11-01,22.35,23.0,22.1,22.75,5706168.0
702,2023-11-02,22.75,23.05,22.6,22.95,5708874.0
703,2023-11-03,23.4,23.4,22.8,23.25,9087860.0
704,2023-11-06,23.1,23.35,22.75,23.15,9776583.0
705,2023-11-07,23.0,23.0,22.4,22.45,12688979.0
706,2023-11-08,22.6,22.85,22.4,22.4,8216942.0
707,2023-11-09,22.65,22.65,22.3,22.4,7450520.0
708,2023-11-10,22.4,22.65,22.15,22.3,6087480.0
709,2023-11-13,22.3,22.35,21.85,22.2,4228576.0
710,2023-11-14,22.35,22.45,22.1,22.3,3865043.0
711,2023-11-15,22.65,23.0,22.5,22.95,9948156.0
712,2023-11-16,23.1,23.1,22.5,23.0,6419704.0
713,2023-11-17,22.6,22.8,22.45,22.6,5777728.0
714,2023-11-20,22.8,23.2,22.5,23.2,7309706.0
715,2023-11-21,23.0,23.5,22.9,22.9,8752530.0
716,2023-11-22,22.9,23.3,22.85,23.1,3392414.0
717,2023-11-23,22.85,23.6,22.85,23.55,4449249.0
718,2023-11-24,23.15,23.35,22.9,22.9,5247690.0
719,2023-11-27,23.1,23.1,22.5,22.7,5642400.0
720,2023-11-28,22.65,22.9,22.45,22.85,6257412.0
721,2023-11-29,23.0,23.05,22.45,22.6,9982664.0
722,2023-11-30,22.7,22.9,22.45,22.65,14618497.0
723,2023-12-01,22.65,22.7,21.6,21.75,14104915.0
724,2023-12-04,21.8,22.0,21.55,21.65,10585375.0
725,2023-12-05,21.6,21.8,21.25,21.6,6441348.0
726,2023-12-06,21.6,21.65,21.3,21.6,6370474.0
727,2023-12-07,21.3,21.4,21.0,21.35,5996620.0
728,2023-12-08,21.2,21.5,21.15,21.3,7012178.0
729,2023-12-11,20.9,21.3,20.8,21.2,7105836.0
730,2023-12-12,21.3,21.3,20.85,21.15,11531489.0
731,2023-12-13,21.1,21.25,20.4,20.55,8266674.0
732,2023-12-14,20.65,20.85,20.4,20.55,14233272.0
733,2023-12-15,20.65,21.1,20.55,20.95,17211600.0
734,2023-12-18,20.5,20.95,20.1,20.9,11613810.0
735,2023-12-19,20.65,21.0,20.45,20.85,5199623.0
736,2023-12-20,21.3,21.3,20.65,20.75,16265796.0
737,2023-12-21,20.75,21.1,20.45,21.1,7344410.0
738,2023-12-22,21.15,21.7,20.3,21.3,10415873.0
739,2023-12-27,21.5,21.75,21.1,21.6,7386949.0
740,2023-12-28,21.8,22.15,21.5,22.05,9310650.0
741,2023-12-29,22.05,22.3,21.8,22.05,5025422.0
742,2024-01-02,22.4,22.4,21.55,21.65,2999765.0
743,2024-01-03,21.55,21.65,21.35,21.4,4056166.0
744,2024-01-04,21.4,21.5,21.1,21.4,5954996.0
745,2024-01-05,21.4,22.25,21.2,22.0,9808402.0
746,2024-01-08,22.0,22.1,21.5,21.55,12314207.0
747,2024-01-09,21.65,21.95,21.6,21.65,6886224.0
748,2024-01-10,21.55,22.0,21.55,21.8,5534408.0
749,2024-01-11,22.1,22.15,21.65,21.8,6728600.0
750,2024-01-12,21.8,22.2,21.7,21.9,3352497.0
751,2024-01-15,21.85,22.2,21.6,22.05,3157289.0
752,2024-01-16,22.05,22.3,21.75,21.75,7129941.0
753,2024-01-17,21.75,21.95,21.35,21.5,13022235.0
754,2024-01-18,21.25,21.55,20.9,21.25,9292398.0
755,2024-01-19,21.3,21.8,21.1,21.45,9294000.0
756,2024-01-22,21.45,21.85,21.1,21.2,11916745.0
757,2024-01-23,21.45,21.75,20.7,21.35,14042649.0
758,2024-01-24,21.45,22.35,21.35,22.2,10714956.0
759,2024-01-25,22.3,22.55,22.05,22.4,7185542.0
760,2024-01-26,22.35,22.65,22.1,22.4,9636826.0
761,2024-01-29,22.1,23.0,22.1,22.7,13373132.0
762,2024-01-30,22.4,22.5,21.9,22.05,13766233.0
763,2024-01-31,22.3,22.65,21.75,22.05,16049465.0
764,2024-02-01,21.65,22.55,21.5,22.25,11139342.0
765,2024-02-02,22.45,23.05,22.2,22.3,8221905.0
766,2024-02-05,22.1,22.7,22.05,22.3,8225455.0
767,2024-02-06,22.3,24.25,22.2,24.1,16449114.0
768,2024-02-07,23.7,24.2,23.55,23.75,11588994.0
769,2024-02-08,23.8,23.9,23.0,23.2,11172272.0
