,date,open,high,low,close,volume
0,2017-03-14,7.18,7.22,7.17,7.2,4730700.0
1,2017-03-15,7.26,7.26,7.19,7.21,12380400.0
2,2017-03-16,7.09,7.14,7.05,7.06,8834100.0
3,2017-03-17,7.05,7.06,7.02,7.05,8409400.0
4,2017-03-20,7.05,7.05,6.99,7.0,11271700.0
5,2017-03-21,7.0,7.0,6.94,6.96,7250700.0
6,2017-03-22,7.07,7.07,7.01,7.05,9333500.0
7,2017-03-23,7.03,7.04,7.0,7.04,5294100.0
8,2017-03-24,7.02,7.05,7.01,7.03,9184500.0
9,2017-03-27,7.1,7.1,7.0,7.06,9313100.0
10,2017-03-28,7.03,7.04,7.01,7.02,3371300.0
11,2017-03-29,7.0,7.03,6.99,7.01,6820600.0
12,2017-03-30,7.01,7.06,7.01,7.04,3695900.0
13,2017-03-31,7.04,7.1,7.03,7.08,6184000.0
14,2017-04-03,7.06,7.08,7.05,7.06,3332600.0
15,2017-04-05,7.04,7.09,7.01,7.03,4683700.0
16,2017-04-06,7.04,7.07,7.02,7.05,8910500.0
17,2017-04-07,7.07,7.14,7.04,7.05,11997600.0
18,2017-04-10,7.04,7.06,7.02,7.06,6017600.0
19,2017-04-11,7.05,7.13,7.04,7.1,5468200.0
20,2017-04-12,7.12,7.13,7.04,7.04,3396100.0
21,2017-04-13,7.08,7.08,7.01,7.05,4764200.0
22,2017-04-18,7.08,7.17,7.08,7.16,7111600.0
23,2017-04-19,7.19,7.21,7.16,7.17,5304400.0
24,2017-04-20,7.17,7.18,7.1,7.11,5340600.0
25,2017-04-21,7.1,7.13,7.06,7.12,5627200.0
26,2017-04-24,7.08,7.14,7.06,7.08,6398800.0
27,2017-04-25,7.07,7.07,6.99,7.0,6262900.0
28,2017-04-26,6.98,6.98,6.93,6.96,6984400.0
29,2017-04-27,6.97,6.99,6.9,6.92,6512000.0
30,2017-04-28,6.92,6.95,6.92,6.94,4265600.0
31,2017-05-02,6.94,6.95,6.89,6.92,5838000.0
32,2017-05-04,6.95,6.96,6.92,6.93,3739200.0
33,2017-05-05,6.96,7.02,6.94,6.99,6544900.0
34,2017-05-08,6.96,6.98,6.94,6.97,3986600.0
35,2017-05-09,6.95,6.97,6.85,6.86,7716800.0
36,2017-05-10,6.85,6.85,6.78,6.83,12214800.0
37,2017-05-11,6.82,6.82,6.78,6.8,20685500.0
38,2017-05-12,6.8,6.81,6.78,6.8,12896200.0
39,2017-05-15,6.78,6.78,6.71,6.71,13131500.0
40,2017-05-16,6.71,6.74,6.71,6.71,5793200.0
41,2017-05-17,6.72,6.75,6.72,6.73,4995600.0
42,2017-05-18,6.8,6.8,6.74,6.77,28368500.0
43,2017-05-19,6.75,6.77,6.73,6.74,17618700.0
44,2017-05-22,6.73,6.75,6.69,6.7,17728100.0
45,2017-05-23,6.7,6.71,6.68,6.7,8585300.0
46,2017-05-24,6.71,6.72,6.69,6.69,23986900.0
47,2017-05-25,6.68,6.68,6.62,6.62,18057900.0
48,2017-05-26,6.62,6.64,6.6,6.62,4308400.0
49,2017-05-29,6.64,6.64,6.59,6.6,16440000.0
50,2017-05-31,6.6,6.62,6.57,6.61,17639600.0
51,2017-06-01,6.61,6.62,6.58,6.58,12700800.0
52,2017-06-02,6.56,6.56,6.53,6.55,10550300.0
53,2017-06-05,6.54,6.57,6.53,6.57,5866300.0
54,2017-06-06,6.57,6.57,6.52,6.52,3551700.0
55,2017-06-07,6.51,6.54,6.51,6.54,4409200.0
56,2017-06-08,6.56,6.56,6.49,6.5,7630100.0
57,2017-06-09,6.5,6.53,6.5,6.5,16693700.0
58,2017-06-12,6.55,6.59,6.53,6.59,11371400.0
59,2017-06-13,6.65,6.65,6.53,6.54,7361500.0
60,2017-06-14,6.55,6.59,6.54,6.55,11835099.0
61,2017-06-15,6.61,6.63,6.6,6.62,9724800.0
62,2017-06-16,6.61,6.62,6.58,6.61,6703700.0
63,2017-06-19,6.58,6.58,6.52,6.53,9317600.0
64,2017-06-20,6.51,6.55,6.5,6.55,12034700.0
65,2017-06-21,6.55,6.62,6.55,6.59,6471000.0
66,2017-06-22,6.6,6.6,6.53,6.58,16602300.0
67,2017-06-23,6.56,6.57,6.54,6.57,12713400.0
68,2017-06-26,6.54,6.54,6.51,6.51,12765200.0
69,2017-06-27,6.5,6.54,6.5,6.53,9611500.0
70,2017-06-28,6.54,6.58,6.53,6.55,7900500.0
71,2017-06-29,6.51,6.52,6.48,6.52,15636800.0
72,2017-06-30,6.56,6.56,6.53,6.53,10029100.0
73,2017-07-03,6.54,6.54,6.51,6.52,11359900.0
74,2017-07-04,6.51,6.65,6.5,6.61,13940800.0
75,2017-07-05,6.62,6.66,6.57,6.58,10087900.0
76,2017-07-06,6.59,6.59,6.55,6.58,6520000.0
77,2017-07-07,6.61,6.62,6.59,6.61,8133500.0
78,2017-07-10,6.61,6.61,6.54,6.56,8139700.0
79,2017-07-11,6.54,6.54,6.44,6.45,14246000.0
80,2017-07-12,6.43,6.43,6.39,6.42,16851000.0
81,2017-07-13,6.38,6.38,6.33,6.34,17005300.0
82,2017-07-14,6.33,6.35,6.33,6.33,9349400.0
83,2017-07-17,6.31,6.33,6.28,6.32,9259500.0
84,2017-07-18,6.32,6.33,6.3,6.32,11874200.0
85,2017-07-19,6.3,6.3,6.26,6.27,8340700.0
86,2017-07-20,6.25,6.27,6.24,6.26,4026100.0
87,2017-07-21,6.25,6.27,6.24,6.25,4316600.0
88,2017-07-24,6.26,6.26,6.21,6.22,10838700.0
89,2017-07-25,6.22,6.23,6.21,6.22,3619600.0
90,2017-07-26,6.2,6.24,6.19,6.21,7434000.0
91,2017-07-27,6.2,6.2,6.15,6.15,6577100.0
92,2017-07-28,6.2,6.21,6.18,6.2,7693200.0
93,2017-07-31,6.18,6.18,6.12,6.13,6342700.0
94,2017-08-01,6.12,6.12,6.06,6.07,12048900.0
95,2017-08-02,6.04,6.06,6.02,6.04,5915000.0
96,2017-08-03,6.07,6.09,6.05,6.06,9493200.0
97,2017-08-04,6.05,6.06,6.05,6.06,8373000.0
98,2017-08-07,6.05,6.05,6.01,6.04,7604600.0
99,2017-08-08,6.04,6.04,5.99,6.0,12024800.0
100,2017-08-09,6.01,6.05,6.0,6.02,9505600.0
101,2017-08-10,6.01,6.12,6.01,6.07,14842900.0
102,2017-08-11,6.2,6.21,6.13,6.2,19601800.0
103,2017-08-14,6.16,6.16,6.11,6.12,24769500.0
104,2017-08-15,6.1,6.14,6.08,6.14,15701700.0
105,2017-08-16,6.12,6.12,6.08,6.09,11611500.0
106,2017-08-17,6.05,6.11,6.04,6.1,8497500.0
107,2017-08-18,6.18,6.18,6.12,6.16,7416800.0
108,2017-08-21,6.15,6.15,6.12,6.13,9247200.0
109,2017-08-22,6.1,6.1,6.05,6.06,7801100.0
110,2017-08-24,6.04,6.06,6.02,6.05,10530300.0
111,2017-08-25,6.05,6.06,5.97,5.97,15243500.0
112,2017-08-28,5.95,5.98,5.92,5.97,10590000.0
113,2017-08-29,6.0,6.01,5.97,5.98,10314100.0
114,2017-08-30,5.95,5.96,5.9,5.92,8643700.0
115,2017-08-31,5.9,5.95,5.9,5.94,8374700.0
116,2017-09-01,5.92,5.94,5.89,5.93,7310700.0
117,2017-09-04,5.96,5.99,5.94,5.97,14891200.0
118,2017-09-05,5.97,5.98,5.94,5.97,9601700.0
119,2017-09-06,5.99,6.04,5.98,6.0,10050500.0
120,2017-09-07,5.98,6.03,5.96,6.02,7554900.0
121,2017-09-08,5.99,6.0,5.97,5.99,7248800.0
122,2017-09-11,5.93,5.93,5.9,5.92,11021400.0
123,2017-09-12,5.89,5.93,5.89,5.92,9976400.0
124,2017-09-13,5.93,5.96,5.92,5.93,7488300.0
125,2017-09-14,5.95,5.97,5.93,5.95,4867200.0
126,2017-09-15,5.98,6.01,5.93,5.95,6416800.0
127,2017-09-18,5.91,5.91,5.87,5.87,7404300.0
128,2017-09-19,5.86,5.89,5.85,5.89,4892400.0
129,2017-09-20,5.89,5.89,5.87,5.88,8567000.0
130,2017-09-21,5.88,5.9,5.86,5.87,5256600.0
131,2017-09-22,5.92,5.94,5.91,5.92,6517600.0
132,2017-09-25,5.92,6.01,5.92,6.0,9971700.0
133,2017-09-26,6.05,6.05,5.99,6.0,6654400.0
134,2017-09-27,6.0,6.0,5.96,5.97,6850000.0
135,2017-09-28,5.95,6.02,5.95,6.02,16448500.0
136,2017-09-29,6.01,6.03,5.99,5.99,3785100.0
137,2017-10-03,5.94,5.96,5.84,5.87,15008700.0
138,2017-10-04,5.83,5.83,5.78,5.81,7613200.0
139,2017-10-06,5.78,5.81,5.76,5.79,13906700.0
140,2017-10-09,5.78,5.83,5.78,5.81,6102500.0
141,2017-10-10,5.82,5.84,5.78,5.78,5121000.0
142,2017-10-11,5.77,5.83,5.76,5.82,3847300.0
143,2017-10-12,5.82,5.82,5.77,5.79,5609500.0
144,2017-10-13,5.81,5.81,5.78,5.78,4078000.0
145,2017-10-16,5.76,5.76,5.72,5.74,6993700.0
146,2017-10-17,5.74,5.75,5.73,5.74,2967000.0
147,2017-10-18,5.75,5.75,5.73,5.75,4010000.0
148,2017-10-19,5.73,5.87,5.73,5.84,11293300.0
149,2017-10-20,5.83,5.83,5.77,5.78,11738900.0
150,2017-10-23,5.78,5.83,5.77,5.81,2937500.0
151,2017-10-24,5.83,5.86,5.81,5.85,4045300.0
152,2017-10-25,5.82,5.84,5.8,5.82,6161800.0
153,2017-10-26,5.85,5.86,5.82,5.84,3441900.0
154,2017-10-27,5.82,5.82,5.77,5.79,2934600.0
155,2017-10-30,5.75,5.82,5.75,5.8,7099500.0
156,2017-10-31,5.84,5.84,5.8,5.81,1508300.0
157,2017-11-01,5.8,5.81,5.75,5.76,2840200.0
158,2017-11-02,5.76,5.78,5.75,5.77,3905000.0
159,2017-11-03,5.76,5.76,5.75,5.76,1486100.0
160,2017-11-06,5.76,5.85,5.75,5.75,12366700.0
161,2017-11-07,5.72,5.72,5.66,5.68,6094400.0
162,2017-11-08,5.69,5.69,5.64,5.68,3652400.0
163,2017-11-09,5.67,5.68,5.64,5.64,2646600.0
164,2017-11-10,5.65,5.67,5.63,5.65,832400.0
165,2017-11-13,5.65,5.65,5.63,5.63,727400.0
166,2017-11-14,5.62,5.64,5.62,5.64,906900.0
167,2017-11-15,5.66,5.69,5.66,5.69,878000.0
168,2017-11-16,5.68,5.69,5.65,5.66,1955900.0
169,2017-11-17,5.64,5.64,5.61,5.64,5305200.0
170,2017-11-20,5.63,5.66,5.62,5.62,4811300.0
171,2017-11-21,5.6,5.61,5.51,5.51,11115600.0
172,2017-11-22,5.49,5.49,5.44,5.47,6979400.0
173,2017-11-23,5.46,5.55,5.45,5.52,5624300.0
174,2017-11-24,5.52,5.53,5.48,5.49,4825400.0
175,2017-11-27,5.49,5.54,5.49,5.53,3624600.0
176,2017-11-28,5.56,5.59,5.52,5.53,3220200.0
177,2017-11-29,5.52,5.55,5.5,5.54,1939200.0
178,2017-11-30,5.59,5.64,5.59,5.61,3828700.0
179,2017-12-01,5.61,5.66,5.59,5.64,10583900.0
180,2017-12-04,5.68,5.7,5.6,5.62,6953900.0
181,2017-12-05,5.66,5.69,5.64,5.69,2373900.0
182,2017-12-06,5.69,5.82,5.68,5.82,17598600.0
183,2017-12-07,5.81,5.83,5.76,5.79,6275500.0
184,2017-12-08,5.78,5.8,5.72,5.74,5215600.0
185,2017-12-11,5.73,5.73,5.66,5.67,4990700.0
186,2017-12-12,5.65,5.71,5.65,5.7,3560500.0
187,2017-12-13,5.7,5.71,5.6,5.61,4050500.0
188,2017-12-14,5.58,5.65,5.58,5.62,3229600.0
189,2017-12-15,5.66,5.71,5.66,5.69,5002900.0
190,2017-12-18,5.66,5.69,5.63,5.64,3757300.0
191,2017-12-19,5.62,5.62,5.58,5.61,2012400.0
192,2017-12-20,5.62,5.62,5.59,5.6,1333800.0
193,2017-12-21,5.62,5.62,5.57,5.58,4779800.0
194,2017-12-22,5.56,5.57,5.54,5.55,3047700.0
195,2017-12-27,5.52,5.55,5.52,5.54,1251000.0
196,2017-12-28,5.54,5.54,5.48,5.48,2654200.0
197,2017-12-29,5.48,5.49,5.47,5.48,1150300.0
198,2018-01-02,5.45,5.46,5.37,5.37,5279500.0
199,2018-01-03,5.36,5.38,5.34,5.37,4099600.0
200,2018-01-04,5.37,5.37,5.33,5.35,3238000.0
201,2018-01-05,5.33,5.35,5.31,5.34,2448100.0
202,2018-01-08,5.3,5.34,5.3,5.32,2523000.0
203,2018-01-09,5.32,5.32,5.29,5.3,4489000.0
204,2018-01-10,5.3,5.31,5.24,5.29,5122200.0
205,2018-01-11,5.29,5.3,5.27,5.28,3789100.0
206,2018-01-12,5.25,5.26,5.23,5.24,2783100.0
207,2018-01-15,5.23,5.25,5.18,5.23,7208800.0
208,2018-01-16,5.22,5.23,5.14,5.15,6414000.0
209,2018-01-17,5.2,5.2,5.13,5.14,3941900.0
210,2018-01-18,5.11,5.15,5.09,5.11,4898200.0
211,2018-01-19,5.11,5.13,5.1,5.11,2673800.0
212,2018-01-22,5.1,5.13,5.06,5.09,3668700.0
213,2018-01-23,5.07,5.07,4.98,4.99,14867500.0
214,2018-01-24,4.98,5.02,4.97,4.98,4196400.0
215,2018-01-25,4.98,5.03,4.97,5.03,5645900.0
216,2018-01-26,5.02,5.02,4.94,4.95,9028000.0
217,2018-01-29,4.95,4.98,4.9,4.97,8757500.0
218,2018-01-30,4.99,5.05,4.97,5.03,13259600.0
219,2018-01-31,5.1,5.1,4.98,4.99,16045900.0
220,2018-02-01,4.99,5.03,4.96,5.03,7621900.0
221,2018-02-02,5.03,5.08,5.0,5.02,14014200.0
222,2018-02-05,5.16,5.16,5.06,5.08,16108440.0
223,2018-02-06,5.24,5.35,5.24,5.34,32816000.0
224,2018-02-07,5.2,5.41,5.2,5.4,60627800.0
225,2018-02-08,5.4,5.41,5.33,5.38,56555000.0
226,2018-02-09,5.55,5.6,5.5,5.55,36685800.0
227,2018-02-12,5.55,5.55,5.48,5.55,14992900.0
228,2018-02-13,5.46,5.49,5.42,5.49,24804200.0
229,2018-02-14,5.45,5.46,5.32,5.34,20564300.0
230,2018-02-15,5.28,5.31,5.25,5.26,11301400.0
231,2018-02-20,5.26,5.32,5.21,5.3,20306600.0
232,2018-02-21,5.3,5.3,5.19,5.2,12599700.0
233,2018-02-22,5.25,5.27,5.23,5.26,12039700.0
234,2018-02-23,5.24,5.24,5.19,5.21,12542300.0
235,2018-02-26,5.2,5.2,5.15,5.17,11020300.0
236,2018-02-27,5.15,5.23,5.12,5.21,13063000.0
237,2018-02-28,5.25,5.31,5.25,5.29,28621500.0
238,2018-03-01,5.35,5.36,5.23,5.25,25544300.0
239,2018-03-02,5.32,5.35,5.3,5.33,16826000.0
240,2018-03-05,5.35,5.46,5.3,5.45,31312000.0
241,2018-03-06,5.36,5.4,5.31,5.33,27336300.0
242,2018-03-07,5.39,5.41,5.3,5.38,25228500.0
243,2018-03-08,5.34,5.34,5.28,5.3,35650300.0
244,2018-03-09,5.25,5.27,5.23,5.25,12764120.0
245,2018-03-12,5.15,5.18,5.13,5.14,19565100.0
246,2018-03-13,5.15,5.15,5.11,5.14,8173810.0
247,2018-03-14,5.2,5.22,5.15,5.15,7761800.0
248,2018-03-15,5.2,5.22,5.13,5.14,8498710.0
249,2018-03-16,5.14,5.18,5.13,5.16,5187500.0
250,2018-03-19,5.16,5.2,5.12,5.15,7871500.0
251,2018-03-20,5.2,5.21,5.14,5.14,12590210.0
252,2018-03-21,5.11,5.17,5.07,5.17,19843600.0
253,2018-03-22,5.17,5.24,5.12,5.23,26914100.0
254,2018-03-23,5.5,5.5,5.34,5.35,48930100.0
255,2018-03-26,5.36,5.41,5.3,5.31,34220000.0
256,2018-03-27,5.24,5.27,5.23,5.25,19623800.0
257,2018-03-28,5.32,5.4,5.29,5.39,34309100.0
258,2018-03-29,5.37,5.44,5.35,5.38,66119000.0
259,2018-04-03,5.43,5.44,5.34,5.37,31865700.0
260,2018-04-04,5.36,5.47,5.33,5.47,23460000.0
261,2018-04-06,5.4,5.47,5.39,5.42,32986800.0
262,2018-04-09,5.42,5.42,5.28,5.34,33147100.0
263,2018-04-10,5.35,5.35,5.24,5.26,38082300.0
264,2018-04-11,5.24,5.26,5.21,5.22,21368500.0
265,2018-04-12,5.22,5.28,5.19,5.24,20624600.0
266,2018-04-13,5.21,5.26,5.2,5.23,21238600.0
267,2018-04-16,5.23,5.35,5.23,5.33,19215600.0
268,2018-04-17,5.31,5.38,5.28,5.36,30678900.0
269,2018-04-18,5.32,5.38,5.29,5.33,26343000.0
270,2018-04-19,5.3,5.3,5.24,5.26,27172900.0
271,2018-04-20,5.27,5.33,5.22,5.32,24359200.0
272,2018-04-23,5.31,5.35,5.29,5.34,20940900.0
273,2018-04-24,5.33,5.33,5.25,5.26,19030400.0
274,2018-04-25,5.3,5.33,5.28,5.31,18120800.0
275,2018-04-26,5.31,5.4,5.29,5.38,36921100.0
276,2018-04-27,5.34,5.37,5.32,5.34,17739400.0
277,2018-04-30,5.32,5.32,5.21,5.23,36081100.0
278,2018-05-02,5.25,5.27,5.22,5.25,11074700.0
279,2018-05-03,5.29,5.35,5.29,5.31,29167300.0
280,2018-05-04,5.32,5.4,5.31,5.39,30107900.0
281,2018-05-07,5.32,5.41,5.32,5.37,26542800.0
282,2018-05-08,5.35,5.35,5.28,5.3,25207300.0
283,2018-05-09,5.3,5.31,5.26,5.27,13733800.0
284,2018-05-10,5.25,5.25,5.21,5.22,28292000.0
285,2018-05-11,5.18,5.19,5.14,5.18,40545100.0
286,2018-05-14,5.13,5.13,5.08,5.1,23797600.0
287,2018-05-15,5.1,5.16,5.1,5.16,12741300.0
288,2018-05-16,5.19,5.22,5.14,5.16,24086500.0
289,2018-05-17,5.1,5.19,5.1,5.18,9697100.0
290,2018-05-18,5.19,5.2,5.14,5.16,10489900.0
291,2018-05-21,5.12,5.14,5.09,5.12,15391800.0
292,2018-05-23,5.12,5.22,5.12,5.21,22932100.0
293,2018-05-24,5.2,5.24,5.19,5.2,11762600.0
294,2018-05-25,5.19,5.23,5.19,5.22,9141500.0
295,2018-05-28,5.2,5.23,5.17,5.18,9939300.0
296,2018-05-29,5.22,5.25,5.2,5.25,14041500.0
297,2018-05-30,5.29,5.34,5.28,5.31,31456500.0
298,2018-05-31,5.27,5.3,5.22,5.24,15353000.0
299,2018-06-01,5.24,5.26,5.22,5.23,10973800.0
300,2018-06-04,5.2,5.2,5.14,5.15,21249700.0
301,2018-06-05,5.15,5.16,5.11,5.13,14011500.0
302,2018-06-06,5.13,5.13,5.08,5.1,18897700.0
303,2018-06-07,5.08,5.08,5.04,5.05,27666400.0
304,2018-06-08,5.07,5.16,5.07,5.15,36302000.0
305,2018-06-11,5.13,5.15,5.1,5.12,13649300.0
306,2018-06-12,5.11,5.15,5.08,5.12,16048000.0
307,2018-06-13,5.11,5.18,5.11,5.18,17277700.0
308,2018-06-14,5.19,5.24,5.16,5.21,21577900.0
309,2018-06-15,5.2,5.25,5.2,5.25,13002400.0
310,2018-06-19,5.29,5.42,5.29,5.39,82156700.0
311,2018-06-20,5.36,5.4,5.3,5.34,47286100.0
312,2018-06-21,5.33,5.42,5.31,5.42,30573200.0
313,2018-06-22,5.45,5.46,5.39,5.4,50996600.0
314,2018-06-25,5.38,5.49,5.38,5.48,40026900.0
315,2018-06-26,5.52,5.57,5.45,5.49,41949000.0
316,2018-06-27,5.49,5.6,5.47,5.6,37883100.0
317,2018-06-28,5.6,5.63,5.54,5.57,44359100.0
318,2018-06-29,5.56,5.57,5.47,5.47,29565700.0
319,2018-07-03,5.54,5.66,5.54,5.55,54607200.0
320,2018-07-04,5.57,5.63,5.53,5.61,30391100.0
321,2018-07-05,5.62,5.67,5.57,5.62,32816600.0
322,2018-07-06,5.6,5.65,5.52,5.58,44992500.0
323,2018-07-09,5.53,5.53,5.45,5.47,40963400.0
324,2018-07-10,5.42,5.48,5.42,5.47,48490100.0
325,2018-07-11,5.57,5.62,5.54,5.56,31330600.0
326,2018-07-12,5.56,5.58,5.49,5.51,19622300.0
327,2018-07-13,5.47,5.52,5.47,5.52,38402000.0
328,2018-07-16,5.5,5.55,5.48,5.51,14174400.0
329,2018-07-17,5.52,5.59,5.52,5.58,10032900.0
330,2018-07-18,5.55,5.61,5.54,5.59,12822400.0
331,2018-07-19,5.57,5.62,5.55,5.62,15092300.0
332,2018-07-20,5.62,5.67,5.56,5.56,58389300.0
333,2018-07-23,5.56,5.59,5.53,5.56,9926500.0
334,2018-07-24,5.56,5.56,5.47,5.47,36963200.0
335,2018-07-25,5.43,5.46,5.42,5.43,31044500.0
336,2018-07-26,5.41,5.49,5.39,5.45,76065300.0
337,2018-07-27,5.46,5.49,5.44,5.46,11246900.0
338,2018-07-30,5.48,5.5,5.44,5.47,7541300.0
339,2018-07-31,5.49,5.51,5.47,5.5,8073300.0
340,2018-08-01,5.46,5.57,5.46,5.56,16280900.0
341,2018-08-02,5.57,5.7,5.57,5.68,51547700.0
342,2018-08-03,5.65,5.69,5.65,5.69,24942600.0
343,2018-08-06,5.67,5.67,5.59,5.65,22566600.0
344,2018-08-07,5.64,5.64,5.55,5.56,18944200.0
345,2018-08-08,5.54,5.57,5.53,5.55,13136500.0
346,2018-08-09,5.58,5.58,5.46,5.5,26477100.0
347,2018-08-10,5.49,5.56,5.48,5.55,13829400.0
348,2018-08-13,5.62,5.65,5.59,5.63,26333200.0
349,2018-08-14,5.63,5.71,5.62,5.65,26077600.0
350,2018-08-15,5.66,5.76,5.66,5.76,32988000.0
351,2018-08-16,5.85,5.85,5.72,5.8,65108000.0
352,2018-08-17,5.72,5.8,5.72,5.78,22914500.0
353,2018-08-20,5.74,5.77,5.67,5.68,35609600.0
354,2018-08-21,5.68,5.7,5.64,5.65,15176200.0
355,2018-08-22,5.65,5.69,5.61,5.62,26248800.0
356,2018-08-23,5.62,5.68,5.6,5.65,26994100.0
357,2018-08-24,5.68,5.7,5.63,5.66,23602300.0
358,2018-08-27,5.62,5.62,5.53,5.54,30478400.0
359,2018-08-28,5.5,5.55,5.47,5.53,34644100.0
360,2018-08-29,5.54,5.54,5.49,5.51,17885800.0
361,2018-08-30,5.49,5.56,5.49,5.56,16629600.0
362,2018-08-31,5.62,5.64,5.59,5.62,29499700.0
363,2018-09-03,5.65,5.67,5.61,5.63,15863300.0
364,2018-09-04,5.65,5.67,5.57,5.59,17527000.0
365,2018-09-05,5.62,5.74,5.61,5.74,37771500.0
366,2018-09-06,5.75,5.82,5.72,5.78,47469400.0
367,2018-09-07,5.79,5.86,5.73,5.79,49570600.0
368,2018-09-10,5.8,5.9,5.8,5.86,34016100.0
369,2018-09-11,5.87,5.92,5.84,5.9,20827800.0
370,2018-09-12,5.89,5.94,5.88,5.91,18877100.0
371,2018-09-13,5.82,5.85,5.76,5.76,59929900.0
372,2018-09-14,5.75,5.76,5.69,5.7,27181500.0
373,2018-09-17,5.76,5.82,5.75,5.78,28892200.0
374,2018-09-18,5.83,5.84,5.73,5.74,21326900.0
375,2018-09-19,5.7,5.74,5.65,5.68,30942100.0
376,2018-09-20,5.63,5.7,5.63,5.67,25867900.0
377,2018-09-21,5.64,5.65,5.56,5.6,49079600.0
378,2018-09-24,5.6,5.67,5.6,5.66,27924200.0
379,2018-09-26,5.66,5.66,5.53,5.59,53388500.0
380,2018-09-27,5.59,5.62,5.56,5.62,21808100.0
381,2018-09-28,5.59,5.62,5.56,5.61,18322900.0
382,2018-10-02,5.6,5.74,5.6,5.74,37845300.0
383,2018-10-03,5.74,5.77,5.69,5.73,45696000.0
384,2018-10-04,5.74,5.86,5.74,5.83,40658410.0
385,2018-10-05,5.92,5.92,5.82,5.84,39702700.0
386,2018-10-08,5.8,5.93,5.8,5.93,43335200.0
387,2018-10-09,5.93,5.96,5.88,5.92,31190600.0
388,2018-10-10,5.91,5.93,5.86,5.92,30815000.0
389,2018-10-11,6.07,6.16,6.07,6.14,74521900.0
390,2018-10-12,6.11,6.13,6.0,6.01,65378100.0
391,2018-10-15,6.05,6.11,6.03,6.11,30760000.0
392,2018-10-16,6.11,6.14,6.02,6.1,30503200.0
393,2018-10-18,6.06,6.14,6.06,6.1,22434100.0
394,2018-10-19,6.16,6.17,6.02,6.06,95703000.0
395,2018-10-22,6.06,6.06,5.9,5.92,70164600.0
396,2018-10-23,5.94,6.12,5.94,6.11,49015500.0
397,2018-10-24,6.09,6.14,6.02,6.12,52367700.0
398,2018-10-25,6.22,6.28,6.18,6.19,71204600.0
399,2018-10-26,6.19,6.3,6.18,6.27,48143800.0
400,2018-10-29,6.23,6.28,6.2,6.23,39953800.0
401,2018-10-30,6.24,6.29,6.19,6.28,98223900.0
402,2018-10-31,6.25,6.25,6.18,6.19,82338500.0
403,2018-11-01,6.14,6.14,6.05,6.1,87123800.0
404,2018-11-02,5.98,5.98,5.81,5.82,154653800.0
405,2018-11-05,5.92,5.98,5.9,5.95,76079500.0
406,2018-11-06,5.93,5.97,5.88,5.9,96657900.0
407,2018-11-07,5.9,5.95,5.8,5.92,110937100.0
408,2018-11-08,5.82,5.9,5.81,5.88,51193983.0
409,2018-11-09,5.93,6.05,5.93,6.02,65170100.0
410,2018-11-12,6.05,6.05,5.97,6.0,71584700.0
411,2018-11-13,6.11,6.14,5.96,5.98,108257600.0
412,2018-11-14,5.97,6.04,5.95,6.01,34679400.0
413,2018-11-15,5.96,6.02,5.88,5.9,39842400.0
414,2018-11-16,5.9,5.95,5.87,5.9,23469000.0
415,2018-11-19,5.88,5.9,5.83,5.85,23205400.0
416,2018-11-20,5.92,5.97,5.88,5.95,26440300.0
417,2018-11-21,6.01,6.03,5.91,5.92,73127600.0
418,2018-11-22,5.91,5.95,5.89,5.92,67194200.0
419,2018-11-23,5.92,5.96,5.92,5.94,48399700.0
420,2018-11-26,5.94,5.94,5.81,5.83,72683200.0
421,2018-11-27,5.83,5.88,5.81,5.85,38189200.0
422,2018-11-28,5.8,5.84,5.75,5.76,66324100.0
423,2018-11-29,5.72,5.82,5.7,5.81,39980100.0
424,2018-11-30,5.79,5.82,5.75,5.77,34043100.0
425,2018-12-03,5.64,5.69,5.61,5.64,65214100.0
426,2018-12-04,5.66,5.68,5.63,5.63,22491800.0
427,2018-12-05,5.73,5.73,5.69,5.72,42538000.0
428,2018-12-06,5.78,5.9,5.76,5.86,64783100.0
429,2018-12-07,5.82,5.89,5.82,5.88,49062500.0
430,2018-12-10,5.93,6.0,5.93,5.96,42047700.0
431,2018-12-11,5.97,5.99,5.92,5.96,20400400.0
432,2018-12-12,5.89,5.89,5.83,5.85,27614900.0
433,2018-12-13,5.82,5.83,5.76,5.77,47482300.0
434,2018-12-14,5.82,5.88,5.82,5.88,30337000.0
435,2018-12-17,5.86,5.89,5.84,5.86,38304600.0
436,2018-12-18,5.9,5.95,5.85,5.92,57877600.0
437,2018-12-19,5.92,5.94,5.9,5.91,14937900.0
438,2018-12-20,5.94,6.03,5.92,5.97,80449000.0
439,2018-12-21,5.99,6.05,5.93,5.94,75857900.0
440,2018-12-24,5.98,6.03,5.97,5.98,33324400.0
441,2018-12-27,5.93,6.03,5.9,6.03,45170700.0
442,2018-12-28,6.01,6.03,5.98,6.02,25107800.0
443,2018-12-31,5.96,5.96,5.9,5.93,22913400.0
444,2019-01-02,5.94,6.12,5.94,6.11,56102500.0
445,2019-01-03,6.1,6.15,6.07,6.12,43859100.0
446,2019-01-04,6.14,6.14,5.97,5.98,71696800.0
447,2019-01-07,5.89,5.94,5.87,5.91,31556300.0
448,2019-01-08,5.9,5.95,5.88,5.92,26591000.0
449,2019-01-09,5.86,5.86,5.74,5.78,78399200.0
450,2019-01-10,5.79,5.83,5.74,5.77,41793700.0
451,2019-01-11,5.73,5.77,5.72,5.74,23424000.0
452,2019-01-14,5.76,5.84,5.75,5.82,27718800.0
453,2019-01-15,5.8,5.8,5.68,5.7,57979500.0
454,2019-01-16,5.71,5.76,5.67,5.68,30735100.0
455,2019-01-17,5.66,5.73,5.65,5.72,38189900.0
456,2019-01-18,5.67,5.68,5.63,5.64,35407400.0
457,2019-01-21,5.63,5.64,5.59,5.62,42537800.0
458,2019-01-22,5.64,5.69,5.61,5.67,39836000.0
459,2019-01-23,5.7,5.7,5.62,5.66,37447400.0
460,2019-01-24,5.65,5.69,5.63,5.64,13356900.0
461,2019-01-25,5.62,5.62,5.53,5.54,53260000.0
462,2019-01-28,5.52,5.56,5.49,5.54,27671500.0
463,2019-01-29,5.57,5.59,5.53,5.55,19484500.0
464,2019-01-30,5.55,5.58,5.52,5.53,48769600.0
465,2019-01-31,5.49,5.5,5.45,5.46,44329200.0
466,2019-02-01,5.44,5.5,5.41,5.47,29367300.0
467,2019-02-04,5.47,5.49,5.45,5.47,15259600.0
468,2019-02-08,5.53,5.55,5.45,5.46,24207200.0
469,2019-02-11,5.46,5.49,5.42,5.43,18623700.0
470,2019-02-12,5.43,5.45,5.4,5.42,42603500.0
471,2019-02-13,5.41,5.42,5.34,5.35,44291000.0
472,2019-02-14,5.36,5.4,5.35,5.37,21555000.0
473,2019-02-15,5.41,5.48,5.4,5.48,39751600.0
474,2019-02-18,5.4,5.43,5.36,5.38,27688600.0
475,2019-02-19,5.37,5.41,5.35,5.4,21027700.0
476,2019-02-20,5.37,5.38,5.32,5.36,35940200.0
477,2019-02-21,5.35,5.36,5.28,5.31,45731800.0
478,2019-02-22,5.33,5.36,5.27,5.28,29365284.0
479,2019-02-25,5.25,5.29,5.24,5.26,34694400.0
480,2019-02-26,5.26,5.3,5.25,5.29,25999900.0
481,2019-02-27,5.28,5.31,5.24,5.3,25559800.0
482,2019-02-28,5.3,5.33,5.27,5.32,23083200.0
483,2019-03-01,5.3,5.31,5.28,5.28,28504700.0
484,2019-03-04,5.28,5.3,5.19,5.26,45128000.0
485,2019-03-05,5.28,5.31,5.24,5.27,20484600.0
486,2019-03-06,5.27,5.27,5.23,5.25,12565700.0
487,2019-03-07,5.26,5.29,5.25,5.29,25440500.0
488,2019-03-08,5.34,5.4,5.33,5.39,51164100.0
489,2019-03-11,5.41,5.41,5.33,5.34,36871160.0
490,2019-03-12,5.3,5.3,5.24,5.25,43785000.0
491,2019-03-13,5.26,5.3,5.25,5.28,27855900.0
492,2019-03-14,5.26,5.3,5.25,5.27,19642060.0
493,2019-03-15,5.27,5.27,5.2,5.23,42196400.0
494,2019-03-18,5.22,5.23,5.16,5.16,44945400.0
495,2019-03-19,5.15,5.18,5.15,5.16,27227900.0
496,2019-03-20,5.18,5.19,5.16,5.17,21945800.0
497,2019-03-21,5.18,5.23,5.15,5.23,20787200.0
498,2019-03-22,5.2,5.27,5.19,5.22,45184120.0
499,2019-03-25,5.32,5.34,5.29,5.33,58045800.0
500,2019-03-26,5.3,5.35,5.29,5.32,16382550.0
501,2019-03-27,5.32,5.32,5.28,5.28,16000400.0
502,2019-03-28,5.31,5.32,5.27,5.3,12578500.0
503,2019-03-29,5.28,5.28,5.22,5.22,30355100.0
504,2019-04-01,5.17,5.17,5.13,5.14,36843400.0
505,2019-04-02,5.12,5.14,5.11,5.13,20258700.0
506,2019-04-03,5.12,5.12,5.05,5.06,64396900.0
507,2019-04-04,5.06,5.1,5.05,5.07,28681000.0
508,2019-04-08,5.06,5.08,5.03,5.05,30294500.0
509,2019-04-09,5.05,5.06,5.01,5.04,86365900.0
510,2019-04-10,5.05,5.08,5.03,5.04,44338500.0
511,2019-04-11,5.04,5.1,5.02,5.1,56581200.0
512,2019-04-12,5.1,5.12,5.08,5.1,39415600.0
513,2019-04-15,5.05,5.1,5.01,5.1,57720399.0
514,2019-04-16,5.1,5.12,5.03,5.04,66095700.0
515,2019-04-17,5.04,5.06,5.03,5.04,49622800.0
516,2019-04-18,5.05,5.09,5.04,5.08,140258500.0
517,2019-04-23,5.08,5.11,5.05,5.08,264983300.0
518,2019-04-24,5.06,5.12,5.05,5.11,70992900.0
519,2019-04-25,5.12,5.15,5.09,5.15,17274800.0
520,2019-04-26,5.15,5.15,5.11,5.14,20314700.0
521,2019-04-29,5.12,5.13,5.07,5.07,16335400.0
522,2019-04-30,5.09,5.14,5.09,5.12,14629800.0
523,2019-05-02,5.15,5.15,5.07,5.08,13053000.0
524,2019-05-03,5.09,5.13,5.05,5.05,22604300.0
525,2019-05-06,5.16,5.25,5.16,5.2,73449650.0
526,2019-05-07,5.17,5.21,5.15,5.18,29837165.0
527,2019-05-08,5.22,5.25,5.19,5.24,31362100.0
528,2019-05-09,5.26,5.37,5.26,5.36,64968500.0
529,2019-05-10,5.31,5.39,5.26,5.31,76943600.0
530,2019-05-14,5.42,5.43,5.37,5.4,68607500.0
531,2019-05-15,5.38,5.39,5.33,5.36,63427035.0
532,2019-05-16,5.37,5.4,5.34,5.36,36313700.0
533,2019-05-17,5.34,5.43,5.34,5.42,62866180.0
534,2019-05-20,5.42,5.46,5.4,5.45,93461300.0
535,2019-05-21,5.44,5.48,5.4,5.46,75428300.0
536,2019-05-22,5.43,5.46,5.42,5.45,63971700.0
537,2019-05-23,5.47,5.54,5.47,5.53,91843400.0
538,2019-05-24,5.53,5.53,5.47,5.5,98670600.0
539,2019-05-27,5.5,5.55,5.49,5.52,82972500.0
540,2019-05-28,5.51,5.52,5.47,5.49,42702100.0
541,2019-05-29,5.51,5.54,5.48,5.52,59749700.0
542,2019-05-30,5.52,5.57,5.5,5.55,59026600.0
543,2019-05-31,5.57,5.6,5.53,5.59,45566800.0
544,2019-06-03,5.61,5.62,5.57,5.59,50978400.0
545,2019-06-04,5.56,5.63,5.56,5.62,66198900.0
546,2019-06-05,5.55,5.6,5.53,5.58,99530300.0
547,2019-06-06,5.58,5.59,5.56,5.57,24334300.0
548,2019-06-10,5.52,5.52,5.42,5.43,42815600.0
549,2019-06-11,5.42,5.43,5.38,5.39,44132200.0
550,2019-06-12,5.42,5.51,5.42,5.5,28920900.0
551,2019-06-13,5.52,5.59,5.48,5.49,29507700.0
552,2019-06-14,5.5,5.54,5.49,5.53,23320500.0
553,2019-06-17,5.51,5.51,5.43,5.49,32355600.0
554,2019-06-18,5.48,5.5,5.42,5.44,35887300.0
555,2019-06-19,5.32,5.34,5.28,5.3,53979200.0
556,2019-06-20,5.27,5.29,5.23,5.24,45322400.0
557,2019-06-21,5.23,5.27,5.23,5.24,31106400.0
558,2019-06-24,5.25,5.26,5.21,5.24,30284500.0
559,2019-06-25,5.24,5.31,5.23,5.3,35505600.0
560,2019-06-26,5.32,5.33,5.27,5.28,13450500.0
561,2019-06-27,5.26,5.27,5.2,5.21,23304400.0
562,2019-06-28,5.21,5.25,5.21,5.23,13437000.0
563,2019-07-02,5.12,5.16,5.12,5.14,46069900.0
564,2019-07-03,5.15,5.17,5.14,5.15,10001200.0
565,2019-07-04,5.14,5.16,5.11,5.16,14039200.0
566,2019-07-05,5.15,5.17,5.14,5.16,8359700.0
567,2019-07-08,5.19,5.27,5.19,5.25,32155800.0
568,2019-07-09,5.25,5.29,5.25,5.29,23521100.0
569,2019-07-10,5.27,5.28,5.24,5.27,15682700.0
570,2019-07-11,5.23,5.24,5.19,5.23,16383500.0
571,2019-07-12,5.22,5.23,5.2,5.22,9938200.0
572,2019-07-15,5.23,5.3,5.2,5.2,14025000.0
573,2019-07-16,5.2,5.22,5.18,5.2,15207500.0
574,2019-07-17,5.22,5.24,5.19,5.2,5497200.0
575,2019-07-18,5.23,5.24,5.21,5.23,4161300.0
576,2019-07-19,5.21,5.21,5.15,5.16,12128400.0
577,2019-07-22,5.19,5.26,5.19,5.25,15629700.0
578,2019-07-23,5.25,5.25,5.22,5.23,4016600.0
579,2019-07-24,5.21,5.21,5.16,5.21,9610200.0
580,2019-07-25,5.2,5.21,5.19,5.19,3694100.0
581,2019-07-26,5.22,5.24,5.22,5.23,20911000.0
582,2019-07-29,5.24,5.32,5.24,5.29,23556800.0
583,2019-07-30,5.29,5.29,5.25,5.27,4835200.0
584,2019-07-31,5.3,5.37,5.3,5.34,12199500.0
585,2019-08-01,5.38,5.41,5.35,5.39,20197000.0
586,2019-08-02,5.49,5.54,5.49,5.52,42034800.0
587,2019-08-05,5.6,5.7,5.6,5.67,55335500.0
588,2019-08-06,5.8,5.84,5.69,5.7,78015800.0
589,2019-08-07,5.69,5.77,5.69,5.7,24689400.0
590,2019-08-08,5.7,5.71,5.64,5.68,18900500.0
591,2019-08-09,5.66,5.73,5.65,5.73,14615400.0
592,2019-08-12,5.76,5.76,5.68,5.74,14204600.0
593,2019-08-13,5.8,5.88,5.79,5.88,39739000.0
594,2019-08-14,5.75,5.89,5.75,5.87,35243300.0
595,2019-08-15,5.96,5.96,5.8,5.81,28159400.0
596,2019-08-16,5.82,5.86,5.74,5.76,15626200.0
597,2019-08-19,5.71,5.71,5.62,5.64,24738600.0
598,2019-08-20,5.62,5.67,5.62,5.64,8280900.0
599,2019-08-21,5.68,5.68,5.62,5.63,9070800.0
600,2019-08-22,5.62,5.71,5.62,5.69,7624000.0
601,2019-08-23,5.71,5.71,5.65,5.66,13429500.0
602,2019-08-26,5.87,5.87,5.76,5.76,53958800.0
603,2019-08-27,5.74,5.79,5.74,5.76,13481500.0
604,2019-08-28,5.75,5.78,5.72,5.78,8492100.0
605,2019-08-29,5.78,5.83,5.74,5.75,16340600.0
606,2019-08-30,5.72,5.79,5.69,5.77,11429400.0
607,2019-09-02,5.78,5.8,5.76,5.77,12859500.0
608,2019-09-03,5.79,5.8,5.74,5.8,10393700.0
609,2019-09-04,5.8,5.8,5.52,5.56,44491800.0
610,2019-09-05,5.56,5.62,5.5,5.57,7079200.0
611,2019-09-06,5.55,5.55,5.49,5.53,16012500.0
612,2019-09-09,5.53,5.53,5.49,5.52,6218900.0
613,2019-09-10,5.51,5.53,5.48,5.51,6081900.0
614,2019-09-11,5.5,5.51,5.41,5.43,12951800.0
615,2019-09-12,5.41,5.45,5.39,5.43,7454000.0
616,2019-09-13,5.4,5.43,5.36,5.38,17395200.0
617,2019-09-16,5.4,5.45,5.4,5.43,9547000.0
618,2019-09-17,5.46,5.51,5.45,5.5,17069500.0
619,2019-09-18,5.48,5.5,5.46,5.5,4234900.0
620,2019-09-19,5.48,5.58,5.48,5.54,6419000.0
621,2019-09-20,5.53,5.56,5.52,5.56,7115600.0
622,2019-09-23,5.57,5.61,5.54,5.6,14319600.0
623,2019-09-24,5.58,5.6,5.56,5.59,12265800.0
624,2019-09-25,5.61,5.67,5.6,5.67,15053000.0
625,2019-09-26,5.67,5.67,5.62,5.64,11039200.0
626,2019-09-27,5.66,5.69,5.64,5.66,7291500.0
627,2019-09-30,5.69,5.7,5.62,5.65,15513900.0
628,2019-10-02,5.7,5.7,5.63,5.65,7873100.0
629,2019-10-03,5.69,5.69,5.6,5.62,9887700.0
630,2019-10-04,5.61,5.74,5.61,5.68,16385900.0
631,2019-10-08,5.69,5.7,5.6,5.68,15608200.0
632,2019-10-09,5.7,5.72,5.68,5.71,11119500.0
633,2019-10-10,5.73,5.75,5.68,5.71,10543800.0
634,2019-10-11,5.66,5.66,5.54,5.57,13662000.0
635,2019-10-14,5.53,5.56,5.5,5.54,10408300.0
636,2019-10-15,5.54,5.55,5.52,5.54,8538100.0
637,2019-10-16,5.53,5.56,5.49,5.51,13675800.0
638,2019-10-17,5.5,5.5,5.44,5.46,12022500.0
639,2019-10-18,5.46,5.51,5.43,5.49,9989100.0
640,2019-10-21,5.5,5.5,5.47,5.49,4111600.0
641,2019-10-22,5.47,5.5,5.47,5.48,5482900.0
642,2019-10-23,5.48,5.54,5.48,5.53,8211800.0
643,2019-10-24,5.52,5.53,5.47,5.48,5117800.0
644,2019-10-25,5.49,5.51,5.48,5.5,4162700.0
645,2019-10-28,5.49,5.49,5.42,5.45,5567800.0
646,2019-10-29,5.44,5.48,5.44,5.47,7513300.0
647,2019-10-30,5.48,5.52,5.47,5.51,4089100.0
648,2019-10-31,5.48,5.48,5.42,5.46,8803800.0
649,2019-11-01,5.47,5.47,5.41,5.41,3819100.0
650,2019-11-04,5.4,5.4,5.31,5.32,12067800.0
651,2019-11-05,5.33,5.34,5.28,5.31,6579100.0
652,2019-11-06,5.31,5.33,5.28,5.3,4790100.0
653,2019-11-07,5.3,5.32,5.25,5.28,5807200.0
654,2019-11-08,5.26,5.32,5.26,5.31,5920000.0
655,2019-11-11,5.32,5.46,5.32,5.45,12728500.0
656,2019-11-12,5.42,5.47,5.41,5.42,5571500.0
657,2019-11-13,5.45,5.54,5.45,5.53,13287300.0
658,2019-11-14,5.53,5.59,5.5,5.57,14777300.0
659,2019-11-15,5.54,5.57,5.52,5.57,6449100.0
660,2019-11-18,5.55,5.55,5.48,5.5,11169800.0
661,2019-11-19,5.5,5.5,5.4,5.41,10447300.0
662,2019-11-20,5.44,5.46,5.43,5.44,4454800.0
663,2019-11-21,5.48,5.57,5.48,5.53,10308700.0
664,2019-11-22,5.51,5.53,5.49,5.52,4259400.0
665,2019-11-25,5.47,5.47,5.39,5.43,14212000.0
666,2019-11-26,5.39,5.43,5.37,5.43,9703000.0
667,2019-11-27,5.43,5.44,5.42,5.43,5735100.0
668,2019-11-28,5.44,5.46,5.43,5.44,5755300.0
669,2019-11-29,5.46,5.57,5.46,5.56,18543700.0
670,2019-12-02,5.53,5.55,5.52,5.53,3021400.0
671,2019-12-03,5.54,5.62,5.54,5.55,7778600.0
672,2019-12-04,5.6,5.63,5.59,5.62,10851200.0
673,2019-12-05,5.59,5.61,5.58,5.58,4299300.0
674,2019-12-06,5.58,5.58,5.52,5.53,3924700.0
675,2019-12-09,5.51,5.54,5.5,5.53,5363200.0
676,2019-12-10,5.54,5.56,5.52,5.54,1863100.0
677,2019-12-11,5.54,5.55,5.49,5.5,3293300.0
678,2019-12-12,5.47,5.47,5.41,5.42,4509200.0
679,2019-12-13,5.35,5.35,5.27,5.28,15258700.0
680,2019-12-16,5.31,5.33,5.27,5.31,4056600.0
681,2019-12-17,5.3,5.31,5.24,5.26,5871100.0
682,2019-12-18,5.25,5.27,5.23,5.26,4632400.0
683,2019-12-19,5.25,5.29,5.25,5.27,3305400.0
684,2019-12-20,5.26,5.27,5.23,5.25,5411900.0
685,2019-12-23,5.23,5.26,5.23,5.25,2806700.0
686,2019-12-24,5.25,5.27,5.25,5.26,6345700.0
687,2019-12-27,5.24,5.24,5.18,5.18,6295300.0
688,2019-12-30,5.2,5.2,5.15,5.18,7443000.0
689,2019-12-31,5.19,5.21,5.18,5.2,2652100.0
690,2020-01-02,5.2,5.2,5.13,5.14,4221700.0
691,2020-01-03,5.12,5.17,5.08,5.16,5911200.0
692,2020-01-06,5.18,5.23,5.17,5.21,7805400.0
693,2020-01-07,5.19,5.2,5.15,5.2,3548300.0
694,2020-01-08,5.28,5.28,5.21,5.24,5198900.0
695,2020-01-09,5.17,5.18,5.13,5.13,3290200.0
696,2020-01-10,5.13,5.14,5.12,5.13,3076500.0
697,2020-01-13,5.12,5.12,5.06,5.07,6291900.0
698,2020-01-14,5.04,5.09,5.03,5.09,4665400.0
699,2020-01-15,5.08,5.12,5.06,5.1,2577600.0
700,2020-01-16,5.1,5.11,5.06,5.1,3869100.0
701,2020-01-17,5.07,5.1,5.04,5.06,5056900.0
702,2020-01-20,5.05,5.11,5.04,5.1,4034100.0
703,2020-01-21,5.14,5.24,5.14,5.24,21470500.0
704,2020-01-22,5.24,5.25,5.17,5.19,10627900.0
705,2020-01-23,5.23,5.29,5.21,5.27,19860900.0
706,2020-01-24,5.27,5.28,5.24,5.25,2939200.0
707,2020-01-29,5.35,5.41,5.35,5.41,14785600.0
708,2020-01-30,5.42,5.56,5.4,5.54,17577360.0
709,2020-01-31,5.5,5.57,5.46,5.56,14335500.0
710,2020-02-03,5.59,5.61,5.52,5.56,10465200.0
711,2020-02-04,5.53,5.54,5.48,5.5,10179400.0
712,2020-02-05,5.48,5.51,5.45,5.49,6097200.0
713,2020-02-06,5.43,5.43,5.29,5.34,12933000.0
714,2020-02-07,5.36,5.39,5.34,5.35,5498700.0
715,2020-02-10,5.41,5.42,5.36,5.38,6799600.0
716,2020-02-11,5.36,5.36,5.29,5.31,5935600.0
717,2020-02-12,5.3,5.3,5.25,5.27,5786600.0
718,2020-02-13,5.25,5.29,5.25,5.29,4115800.0
719,2020-02-14,5.28,5.28,5.24,5.26,4486100.0
720,2020-02-17,5.26,5.26,5.22,5.23,1911800.0
721,2020-02-18,5.25,5.32,5.25,5.32,4864800.0
722,2020-02-19,5.33,5.33,5.28,5.29,2533800.0
723,2020-02-20,5.28,5.35,5.28,5.3,4325300.0
724,2020-02-21,5.35,5.37,5.33,5.36,6706300.0
725,2020-02-24,5.39,5.46,5.39,5.45,13176300.0
726,2020-02-25,5.54,5.54,5.43,5.45,6169200.0
727,2020-02-26,5.51,5.53,5.46,5.48,8613300.0
728,2020-02-27,5.5,5.53,5.43,5.43,7180400.0
729,2020-02-28,5.53,5.62,5.53,5.58,23046600.0
730,2020-03-02,5.6,5.6,5.53,5.53,7135700.0
731,2020-03-03,5.48,5.57,5.48,5.53,10011100.0
732,2020-03-04,5.55,5.61,5.53,5.55,5193400.0
733,2020-03-05,5.53,5.55,5.44,5.46,6217500.0
734,2020-03-06,5.51,5.6,5.51,5.58,12030000.0
735,2020-03-09,5.72,5.85,5.72,5.82,36888300.0
736,2020-03-10,5.76,5.82,5.68,5.72,19612300.0
737,2020-03-11,5.7,5.79,5.7,5.76,4158800.0
738,2020-03-12,5.87,6.04,5.87,5.99,36386000.0
739,2020-03-13,6.3,6.47,6.0,6.03,48840900.0
740,2020-03-16,6.2,6.38,6.16,6.32,22785800.0
741,2020-03-17,6.4,6.4,6.18,6.22,12062700.0
742,2020-03-18,6.32,6.55,6.19,6.5,26612868.0
743,2020-03-19,6.48,6.87,6.46,6.64,17401000.0
744,2020-03-20,6.6,6.6,6.32,6.32,12781400.0
745,2020-03-23,6.65,6.66,6.51,6.62,8373685.0
746,2020-03-24,6.42,6.42,6.26,6.3,16343400.0
747,2020-03-25,6.16,6.19,6.03,6.04,12050043.0
748,2020-03-26,6.08,6.16,6.05,6.15,10512500.0
749,2020-03-27,6.13,6.13,5.98,6.1,9218816.0
750,2020-03-30,6.23,6.23,6.05,6.15,14028800.0
751,2020-03-31,6.05,6.12,6.01,6.04,8737600.0
752,2020-04-01,6.07,6.2,6.04,6.17,5561300.0
753,2020-04-02,6.21,6.24,6.1,6.12,6744700.0
754,2020-04-03,6.12,6.16,6.11,6.12,4347800.0
755,2020-04-06,6.16,6.16,5.94,5.97,8035700.0
756,2020-04-07,5.87,5.97,5.84,5.85,9971310.0
757,2020-04-08,5.9,5.94,5.86,5.93,4314600.0
758,2020-04-09,5.88,5.89,5.82,5.82,4209300.0
759,2020-04-14,5.83,5.84,5.76,5.8,3426100.0
760,2020-04-15,5.8,5.89,5.75,5.89,2810500.0
761,2020-04-16,5.95,5.95,5.87,5.89,2713500.0
762,2020-04-17,5.82,5.83,5.74,5.8,5045900.0
763,2020-04-20,5.8,5.85,5.79,5.81,1327700.0
764,2020-04-21,5.85,5.99,5.84,5.96,8102608.0
765,2020-04-22,6.05,6.05,5.91,5.93,3765100.0
766,2020-04-23,5.89,5.95,5.87,5.91,5411200.0
767,2020-04-24,5.94,5.97,5.91,5.92,7944600.0
768,2020-04-27,5.87,5.87,5.81,5.81,2099400.0
769,2020-04-28,5.8,5.84,5.74,5.75,2078000.0
770,2020-04-29,5.73,5.75,5.68,5.74,1892000.0
771,2020-05-04,5.9,5.99,5.9,5.99,3562500.0
772,2020-05-05,5.96,5.96,5.9,5.91,2233200.0
773,2020-05-06,5.91,5.91,5.81,5.83,2390100.0
774,2020-05-07,5.87,5.89,5.86,5.86,1307600.0
775,2020-05-08,5.8,5.84,5.79,5.82,1796900.0
776,2020-05-11,5.76,5.76,5.67,5.72,4131500.0
777,2020-05-12,5.76,5.83,5.76,5.8,3362800.0
778,2020-05-13,5.84,5.87,5.78,5.83,2019000.0
779,2020-05-14,5.88,5.93,5.87,5.9,2629400.0
780,2020-05-15,5.86,5.94,5.86,5.91,2984400.0
781,2020-05-18,5.91,5.92,5.86,5.87,1099000.0
782,2020-05-19,5.79,5.79,5.71,5.76,4190700.0
783,2020-05-20,5.74,5.77,5.72,5.76,1076300.0
784,2020-05-21,5.76,5.8,5.73,5.79,958700.0
785,2020-05-22,5.92,6.13,5.92,6.12,12903100.0
786,2020-05-25,6.17,6.2,6.08,6.09,11502100.0
787,2020-05-26,6.01,6.02,5.93,5.96,5863800.0
788,2020-05-27,5.96,6.03,5.94,6.01,3255100.0
789,2020-05-28,6.09,6.13,5.95,6.04,11034400.0
790,2020-05-29,6.1,6.12,6.04,6.08,8851312.0
791,2020-06-01,6.0,6.0,5.83,5.85,4691000.0
792,2020-06-02,5.86,5.86,5.79,5.8,7300400.0
793,2020-06-03,5.73,5.73,5.685,5.7,5099693.0
794,2020-06-04,5.65,5.715,5.63,5.7,7233300.0
795,2020-06-05,5.67,5.7,5.57,5.57,6564018.0
796,2020-06-08,5.55,5.605,5.52,5.595,3798700.0
797,2020-06-09,5.595,5.595,5.475,5.525,4841800.0
798,2020-06-10,5.51,5.54,5.46,5.51,3110200.0
799,2020-06-11,5.54,5.65,5.515,5.645,11168400.0
800,2020-06-12,5.75,5.775,5.685,5.685,6149400.0
801,2020-06-15,5.745,5.84,5.7,5.815,9867700.0
802,2020-06-16,5.71,5.71,5.62,5.66,6172400.0
803,2020-06-17,5.655,5.71,5.625,5.635,7891000.0
804,2020-06-18,5.69,5.725,5.64,5.65,1563600.0
805,2020-06-19,5.65,5.67,5.565,5.605,2623700.0
806,2020-06-22,5.6,5.645,5.59,5.61,1102400.0
807,2020-06-23,5.65,5.695,5.52,5.52,4149200.0
808,2020-06-24,5.495,5.545,5.48,5.545,5449500.0
809,2020-06-26,5.59,5.6,5.555,5.59,2207000.0
810,2020-06-29,5.64,5.7,5.59,5.66,8999200.0
811,2020-06-30,5.65,5.665,5.59,5.625,1614800.0
812,2020-07-02,5.605,5.605,5.44,5.445,6082200.0
813,2020-07-03,5.44,5.44,5.36,5.385,3637800.0
814,2020-07-06,5.325,5.325,5.145,5.16,10292100.0
815,2020-07-07,5.15,5.24,5.08,5.235,6119200.0
816,2020-07-08,5.24,5.25,5.16,5.2,2546000.0
817,2020-07-09,5.15,5.22,5.15,5.175,6973400.0
818,2020-07-10,5.24,5.315,5.2,5.285,3585200.0
819,2020-07-13,5.28,5.28,5.205,5.27,2575000.0
820,2020-07-14,5.325,5.375,5.3,5.35,2524200.0
821,2020-07-15,5.3,5.365,5.245,5.33,3586500.0
822,2020-07-16,5.33,5.445,5.31,5.44,3557700.0
823,2020-07-17,5.435,5.435,5.37,5.405,2620600.0
824,2020-07-20,5.4,5.48,5.385,5.42,4143700.0
825,2020-07-21,5.36,5.36,5.3,5.3,5933600.0
826,2020-07-22,5.3,5.405,5.26,5.4,2809500.0
827,2020-07-23,5.4,5.43,5.355,5.375,1582600.0
828,2020-07-24,5.43,5.51,5.4,5.495,6010800.0
829,2020-07-27,5.495,5.52,5.425,5.5,3244800.0
830,2020-07-28,5.485,5.495,5.435,5.47,2197500.0
831,2020-07-29,5.48,5.485,5.44,5.45,3048700.0
832,2020-07-30,5.4,5.51,5.375,5.49,3602100.0
833,2020-07-31,5.435,5.52,5.43,5.495,1109500.0
834,2020-08-03,5.51,5.59,5.5,5.55,5900300.0
835,2020-08-04,5.495,5.525,5.395,5.43,3121300.0
836,2020-08-05,5.4,5.435,5.37,5.38,4097500.0
837,2020-08-06,5.38,5.495,5.38,5.425,5896000.0
838,2020-08-07,5.455,5.59,5.45,5.515,7387700.0
839,2020-08-10,5.575,5.575,5.515,5.545,2713800.0
840,2020-08-11,5.5,5.5,5.4,5.44,5270100.0
841,2020-08-12,5.44,5.48,5.34,5.355,5316100.0
842,2020-08-13,5.295,5.37,5.295,5.36,974100.0
843,2020-08-14,5.39,5.395,5.33,5.375,3846900.0
844,2020-08-17,5.36,5.37,5.28,5.33,2839100.0
845,2020-08-18,5.32,5.355,5.31,5.34,756700.0
846,2020-08-19,5.34,5.39,5.33,5.36,1337700.0
847,2020-08-20,5.4,5.495,5.4,5.455,5118700.0
848,2020-08-21,5.45,5.45,5.365,5.37,2305700.0
849,2020-08-24,5.32,5.325,5.28,5.29,2769800.0
850,2020-08-25,5.29,5.32,5.27,5.29,3228300.0
851,2020-08-26,5.29,5.325,5.27,5.295,2290300.0
852,2020-08-27,5.295,5.355,5.295,5.335,4287200.0
853,2020-08-28,5.335,5.34,5.23,5.31,5443500.0
854,2020-08-31,5.23,5.345,5.215,5.335,3685000.0
855,2020-09-01,5.37,5.395,5.33,5.35,1569200.0
856,2020-09-02,5.35,5.405,5.335,5.365,1299900.0
857,2020-09-03,5.365,5.41,5.335,5.39,1757900.0
858,2020-09-04,5.44,5.49,5.42,5.42,4298700.0
859,2020-09-07,5.46,5.49,5.4,5.475,1222300.0
860,2020-09-08,5.475,5.525,5.43,5.465,1365100.0
861,2020-09-09,5.525,5.555,5.5,5.51,4529900.0
862,2020-09-10,5.47,5.53,5.47,5.53,3335300.0
863,2020-09-11,5.55,5.55,5.475,5.49,1027300.0
864,2020-09-14,5.475,5.475,5.43,5.46,456200.0
865,2020-09-15,5.46,5.46,5.42,5.43,1947000.0
866,2020-09-16,5.42,5.45,5.405,5.435,183700.0
867,2020-09-17,5.445,5.54,5.445,5.525,1964700.0
868,2020-09-18,5.525,5.53,5.49,5.505,509800.0
869,2020-09-21,5.5,5.61,5.47,5.605,3005600.0
870,2020-09-22,5.62,5.675,5.62,5.655,3324900.0
871,2020-09-23,5.68,5.7,5.64,5.65,1622100.0
872,2020-09-24,5.685,5.78,5.685,5.74,3467500.0
873,2020-09-25,5.7,5.79,5.7,5.775,2639700.0
874,2020-09-28,5.775,5.775,5.7,5.705,2211700.0
875,2020-09-29,5.695,5.765,5.695,5.75,2036400.0
876,2020-09-30,5.745,5.745,5.63,5.695,6740300.0
877,2020-10-05,5.64,5.66,5.6,5.645,1920400.0
878,2020-10-06,5.605,5.62,5.58,5.59,7160700.0
879,2020-10-07,5.59,5.6,5.52,5.52,482900.0
880,2020-10-08,5.54,5.575,5.52,5.54,1147400.0
881,2020-10-09,5.535,5.57,5.51,5.555,1200800.0
882,2020-10-12,5.53,5.535,5.41,5.425,3739600.0
883,2020-10-14,5.4,5.46,5.4,5.435,1028100.0
884,2020-10-15,5.465,5.55,5.445,5.535,2427600.0
885,2020-10-16,5.5,5.52,5.47,5.475,1555700.0
886,2020-10-19,5.475,5.475,5.395,5.455,849400.0
887,2020-10-20,5.465,5.47,5.44,5.445,345300.0
888,2020-10-21,5.405,5.425,5.37,5.4,1891800.0
889,2020-10-22,5.425,5.445,5.385,5.395,2288100.0
890,2020-10-23,5.4,5.415,5.355,5.355,1983200.0
891,2020-10-27,5.38,5.43,5.38,5.4,783600.0
892,2020-10-28,5.4,5.435,5.38,5.41,348400.0
893,2020-10-29,5.435,5.505,5.42,5.435,1670500.0
894,2020-10-30,5.44,5.565,5.435,5.56,1552500.0
895,2020-11-02,5.495,5.515,5.46,5.465,4933400.0
896,2020-11-03,5.43,5.43,5.325,5.34,3138100.0
897,2020-11-04,5.37,5.4,5.32,5.365,3645800.0
898,2020-11-05,5.23,5.265,5.19,5.195,6650200.0
899,2020-11-06,5.155,5.205,5.155,5.18,3143900.0
900,2020-11-09,5.085,5.125,5.08,5.12,5572500.0
901,2020-11-10,5.055,5.105,5.035,5.07,8373400.0
902,2020-11-11,5.075,5.08,5.035,5.075,5625000.0
903,2020-11-12,5.06,5.1,5.025,5.085,6739100.0
904,2020-11-13,5.12,5.13,5.085,5.085,2309800.0
905,2020-11-16,5.075,5.075,5.035,5.04,885600.0
906,2020-11-17,5.025,5.05,5.015,5.04,1106100.0
907,2020-11-18,5.04,5.04,4.994,5.015,2627300.0
908,2020-11-19,5.04,5.05,5.03,5.035,583500.0
909,2020-11-20,5.03,5.045,5.005,5.035,2024100.0
910,2020-11-23,4.996,5.04,4.986,5.02,1345000.0
911,2020-11-24,5.015,5.03,5.005,5.005,5299000.0
912,2020-11-25,4.99,4.996,4.908,4.986,7223400.0
913,2020-11-26,4.99,4.99,4.962,4.962,1010800.0
914,2020-11-27,4.966,4.972,4.918,4.93,2759400.0
915,2020-11-30,4.93,5.04,4.93,5.035,8898700.0
916,2020-12-01,5.02,5.03,4.982,5.01,4307600.0
917,2020-12-02,4.996,5.04,4.992,5.0,1972000.0
918,2020-12-03,4.996,4.998,4.954,4.97,884300.0
919,2020-12-04,4.97,4.976,4.95,4.954,287100.0
920,2020-12-07,4.962,5.05,4.962,5.015,3708800.0
921,2020-12-08,5.02,5.05,5.015,5.045,1670800.0
922,2020-12-09,5.025,5.025,4.972,5.005,2348200.0
923,2020-12-10,5.04,5.045,5.02,5.03,414600.0
924,2020-12-11,5.02,5.02,4.966,5.0,1846100.0
925,2020-12-14,5.01,5.04,5.0,5.02,5606500.0
926,2020-12-15,5.025,5.08,5.025,5.065,5851400.0
927,2020-12-16,5.045,5.045,5.005,5.01,400000.0
928,2020-12-17,5.0,5.025,4.972,4.972,913100.0
929,2020-12-18,4.972,5.03,4.972,5.015,801600.0
930,2020-12-21,5.02,5.05,5.01,5.035,448900.0
931,2020-12-22,5.04,5.1,5.03,5.08,10852400.0
932,2020-12-23,5.085,5.085,5.035,5.04,1130000.0
933,2020-12-24,5.04,5.045,5.01,5.015,1622200.0
934,2020-12-28,5.02,5.035,4.996,5.025,4820900.0
935,2020-12-29,5.0,5.01,4.976,4.984,4888500.0
936,2020-12-30,4.97,4.97,4.87,4.876,11673200.0
937,2020-12-31,4.866,4.872,4.838,4.856,1730000.0
938,2021-01-04,4.872,4.872,4.816,4.818,7618000.0
939,2021-01-05,4.832,4.87,4.784,4.8,6076800.0
940,2021-01-06,4.796,4.834,4.772,4.78,4682200.0
941,2021-01-07,4.78,4.822,4.776,4.802,1343800.0
942,2021-01-08,4.8,4.802,4.738,4.75,3860800.0
943,2021-01-11,4.746,4.762,4.702,4.74,3177900.0
944,2021-01-12,4.764,4.764,4.684,4.684,2245100.0
945,2021-01-13,4.676,4.698,4.664,4.684,2124500.0
946,2021-01-14,4.674,4.682,4.646,4.65,930100.0
947,2021-01-15,4.652,4.672,4.62,4.628,2246400.0
948,2021-01-18,4.658,4.66,4.592,4.596,3196400.0
949,2021-01-19,4.586,4.586,4.426,4.468,5970000.0
950,2021-01-20,4.46,4.46,4.414,4.418,3113800.0
951,2021-01-21,4.418,4.442,4.39,4.418,3526300.0
952,2021-01-22,4.42,4.496,4.42,4.496,9399460.0
953,2021-01-25,4.49,4.49,4.386,4.388,6071200.0
954,2021-01-26,4.388,4.498,4.388,4.492,9917100.0
955,2021-01-27,4.456,4.518,4.456,4.5,4612200.0
956,2021-01-28,4.532,4.64,4.53,4.628,19740100.0
957,2021-01-29,4.598,4.678,4.564,4.666,11765600.0
958,2021-02-01,4.666,4.666,4.56,4.576,7595400.0
959,2021-02-02,4.56,4.56,4.482,4.52,3547800.0
960,2021-02-03,4.52,4.562,4.512,4.514,3682900.0
961,2021-02-04,4.5,4.592,4.496,4.546,5075000.0
962,2021-02-05,4.546,4.546,4.484,4.51,2208400.0
963,2021-02-08,4.452,4.512,4.452,4.506,1715800.0
964,2021-02-09,4.494,4.514,4.48,4.484,2483500.0
965,2021-02-10,4.452,4.452,4.388,4.394,5033700.0
966,2021-02-11,4.414,4.426,4.382,4.382,786500.0
967,2021-02-16,4.334,4.334,4.284,4.292,12410700.0
968,2021-02-17,4.322,4.328,4.236,4.246,3097400.0
969,2021-02-18,4.244,4.318,4.242,4.318,2100200.0
970,2021-02-19,4.334,4.382,4.3,4.306,1910100.0
971,2021-02-22,4.292,4.356,4.26,4.354,3268000.0
972,2021-02-23,4.364,4.368,4.256,4.29,5375500.0
973,2021-02-24,4.29,4.446,4.274,4.43,15184800.0
974,2021-02-25,4.41,4.41,4.326,4.378,8326900.0
975,2021-02-26,4.402,4.53,4.402,4.528,15997200.0
976,2021-03-01,4.52,4.52,4.46,4.474,3340700.0
977,2021-03-02,4.44,4.548,4.426,4.534,6331900.0
978,2021-03-03,4.512,4.512,4.392,4.41,4164600.0
979,2021-03-04,4.446,4.522,4.446,4.488,7961500.0
980,2021-03-05,4.534,4.6,4.47,4.51,9095600.0
981,2021-03-08,4.508,4.61,4.468,4.594,12806600.0
982,2021-03-09,4.568,4.62,4.51,4.566,18063000.0
983,2021-03-10,4.55,4.564,4.496,4.54,2403900.0
984,2021-03-11,4.514,4.514,4.446,4.46,5355300.0
985,2021-03-12,4.428,4.55,4.428,4.504,5170400.0
986,2021-03-15,4.518,4.564,4.484,4.532,4822900.0
987,2021-03-16,4.5,4.526,4.486,4.506,7766000.0
988,2021-03-17,4.528,4.542,4.48,4.504,5472900.0
989,2021-03-18,4.47,4.47,4.416,4.45,8166400.0
990,2021-03-19,4.484,4.544,4.468,4.516,7554500.0
991,2021-03-22,4.516,4.532,4.484,4.522,2554900.0
992,2021-03-23,4.478,4.602,4.478,4.586,11177800.0
993,2021-03-24,4.594,4.694,4.594,4.686,9947600.0
994,2021-03-25,4.69,4.736,4.662,4.682,5453000.0
995,2021-03-26,4.662,4.662,4.594,4.6,7931800.0
996,2021-03-29,4.608,4.634,4.58,4.598,5940000.0
997,2021-03-30,4.578,4.59,4.538,4.56,4653200.0
998,2021-03-31,4.546,4.6,4.528,4.594,4645900.0
999,2021-04-01,4.576,4.576,4.5,4.502,11179100.0
1000,2021-04-07,4.492,4.556,4.48,4.556,3340800.0
1001,2021-04-08,4.564,4.564,4.48,4.486,3809500.0
1002,2021-04-09,4.452,4.55,4.452,4.538,2891800.0
1003,2021-04-12,4.55,4.604,4.54,4.582,3146900.0
1004,2021-04-13,4.582,4.582,4.506,4.57,3923100.0
1005,2021-04-14,4.532,4.532,4.488,4.5,5458900.0
1006,2021-04-15,4.514,4.56,4.504,4.52,5224100.0
1007,2021-04-16,4.52,4.53,4.474,4.482,3048200.0
1008,2021-04-19,4.5,4.516,4.434,4.466,3326800.0
1009,2021-04-20,4.498,4.504,4.452,4.464,3824800.0
1010,2021-04-21,4.514,4.56,4.514,4.542,3079300.0
1011,2021-04-22,4.512,4.546,4.512,4.522,1077900.0
1012,2021-04-23,4.522,4.522,4.466,4.468,3482300.0
1013,2021-04-26,4.47,4.49,4.45,4.484,2921700.0
1014,2021-04-27,4.496,4.504,4.47,4.49,2237200.0
1015,2021-04-28,4.49,4.49,4.468,4.476,211100.0
1016,2021-04-29,4.466,4.466,4.416,4.426,1325800.0
1017,2021-04-30,4.442,4.524,4.442,4.524,1456900.0
1018,2021-05-03,4.544,4.592,4.526,4.578,2764700.0
1019,2021-05-04,4.578,4.578,4.534,4.536,173100.0
1020,2021-05-05,4.568,4.57,4.514,4.558,1575200.0
1021,2021-05-06,4.524,4.566,4.5,4.528,1169800.0
1022,2021-05-07,4.526,4.53,4.484,4.522,1220300.0
1023,2021-05-10,4.5,4.546,4.484,4.528,1616900.0
1024,2021-05-11,4.528,4.64,4.528,4.628,3240000.0
1025,2021-05-12,4.604,4.644,4.59,4.59,2998900.0
1026,2021-05-13,4.648,4.668,4.616,4.666,2987700.0
1027,2021-05-14,4.628,4.662,4.606,4.614,1842800.0
1028,2021-05-17,4.588,4.606,4.576,4.592,1136700.0
1029,2021-05-18,4.552,4.552,4.51,4.516,1671100.0
1030,2021-05-20,4.546,4.562,4.53,4.546,939600.0
1031,2021-05-21,4.548,4.562,4.518,4.538,1402100.0
1032,2021-05-24,4.554,4.576,4.536,4.536,1451900.0
1033,2021-05-25,4.536,4.536,4.448,4.45,4124300.0
1034,2021-05-26,4.438,4.438,4.392,4.412,10869400.0
1035,2021-05-27,4.43,4.432,4.404,4.414,2383100.0
1036,2021-05-28,4.404,4.416,4.376,4.406,2197500.0
1037,2021-05-31,4.42,4.44,4.408,4.408,3183900.0
1038,2021-06-01,4.42,4.42,4.354,4.356,2343100.0
1039,2021-06-02,4.37,4.392,4.35,4.392,1322300.0
1040,2021-06-03,4.374,4.438,4.37,4.436,3371400.0
1041,2021-06-04,4.442,4.464,4.42,4.438,1032100.0
1042,2021-06-07,4.422,4.48,4.422,4.454,2001300.0
1043,2021-06-08,4.442,4.472,4.422,4.454,1883800.0
1044,2021-06-09,4.454,4.464,4.444,4.456,1328500.0
1045,2021-06-10,4.442,4.47,4.424,4.464,1516000.0
1046,2021-06-11,4.43,4.456,4.422,4.438,3714600.0
1047,2021-06-15,4.43,4.504,4.43,4.474,3074500.0
1048,2021-06-16,4.484,4.504,4.472,4.502,1222400.0
1049,2021-06-17,4.53,4.542,4.492,4.496,1719000.0
1050,2021-06-18,4.486,4.486,4.446,4.456,2509400.0
1051,2021-06-21,4.466,4.52,4.466,4.494,1807300.0
1052,2021-06-22,4.492,4.53,4.49,4.528,2857900.0
1053,2021-06-23,4.5,4.504,4.422,4.44,5787800.0
1054,2021-06-24,4.43,4.442,4.412,4.43,3366600.0
1055,2021-06-25,4.412,4.414,4.362,4.362,4537400.0
1056,2021-06-28,4.362,4.366,4.35,4.362,1522500.0
1057,2021-06-29,4.374,4.414,4.366,4.404,3827900.0
1058,2021-06-30,4.404,4.43,4.382,4.426,4064300.0
1059,2021-07-02,4.426,4.52,4.426,4.512,6040800.0
1060,2021-07-05,4.538,4.538,4.502,4.53,1306400.0
1061,2021-07-06,4.544,4.568,4.53,4.544,1966600.0
1062,2021-07-07,4.544,4.584,4.544,4.552,2037500.0
1063,2021-07-08,4.554,4.682,4.554,4.678,14153800.0
1064,2021-07-09,4.678,4.724,4.628,4.65,15644200.0
1065,2021-07-12,4.588,4.632,4.586,4.622,2550110.0
1066,2021-07-13,4.576,4.594,4.528,4.546,2768100.0
1067,2021-07-14,4.55,4.584,4.55,4.572,897900.0
1068,2021-07-15,4.572,4.572,4.502,4.534,3227200.0
1069,2021-07-16,4.55,4.556,4.496,4.518,2325600.0
1070,2021-07-19,4.55,4.632,4.55,4.614,2929900.0
1071,2021-07-20,4.658,4.676,4.608,4.656,2490400.0
1072,2021-07-21,4.63,4.706,4.63,4.658,9680000.0
1073,2021-07-22,4.624,4.624,4.564,4.574,3831800.0
1074,2021-07-23,4.588,4.648,4.588,4.642,2842000.0
1075,2021-07-26,4.684,4.826,4.684,4.826,10187800.0
1076,2021-07-27,4.85,5.09,4.798,5.03,38051700.0
1077,2021-07-28,5.01,5.07,4.922,4.966,17925900.0
1078,2021-07-29,4.846,4.882,4.79,4.8,16519300.0
1079,2021-07-30,4.83,4.912,4.824,4.864,6684000.0
1080,2021-08-02,4.842,4.892,4.79,4.818,3205500.0
1081,2021-08-03,4.81,4.884,4.808,4.824,5431700.0
1082,2021-08-04,4.812,4.844,4.726,4.766,7903300.0
1083,2021-08-05,4.79,4.818,4.744,4.8,4256300.0
1084,2021-08-06,4.82,4.844,4.794,4.808,3192100.0
1085,2021-08-09,4.854,4.854,4.746,4.794,7619600.0
1086,2021-08-10,4.778,4.824,4.738,4.74,7177900.0
1087,2021-08-11,4.77,4.77,4.702,4.738,9996600.0
1088,2021-08-12,4.73,4.774,4.72,4.76,11563000.0
1089,2021-08-13,4.79,4.81,4.75,4.77,5349400.0
1090,2021-08-16,4.78,4.828,4.77,4.81,3212500.0
1091,2021-08-17,4.82,4.91,4.8,4.894,11003000.0
1092,2021-08-18,4.89,4.89,4.836,4.872,6828500.0
1093,2021-08-19,4.88,4.986,4.872,4.968,4917200.0
1094,2021-08-20,4.966,5.1,4.966,5.045,6522400.0
1095,2021-08-23,4.99,5.005,4.926,5.0,5849000.0
1096,2021-08-24,4.93,4.946,4.89,4.894,3806200.0
1097,2021-08-25,4.85,4.902,4.83,4.884,5679500.0
1098,2021-08-26,4.898,4.962,4.88,4.936,8570100.0
1099,2021-08-27,4.93,4.948,4.884,4.934,7818200.0
1100,2021-08-30,4.924,4.966,4.902,4.916,4762100.0
1101,2021-08-31,4.918,4.99,4.858,4.866,8319600.0
1102,2021-09-01,4.868,4.878,4.806,4.822,11618500.0
1103,2021-09-02,4.8,4.82,4.752,4.82,12421300.0
1104,2021-09-03,4.82,4.848,4.804,4.828,9788500.0
1105,2021-09-06,4.836,4.836,4.78,4.784,3142400.0
1106,2021-09-07,4.782,4.788,4.728,4.744,3543000.0
1107,2021-09-08,4.744,4.782,4.712,4.77,4328700.0
1108,2021-09-09,4.798,4.872,4.79,4.862,8122600.0
1109,2021-09-10,4.862,4.862,4.764,4.766,4183600.0
1110,2021-09-13,4.822,4.878,4.822,4.84,4426700.0
1111,2021-09-14,4.818,4.918,4.818,4.894,2453386.0
1112,2021-09-15,4.928,4.984,4.906,4.982,2053900.0
1113,2021-09-16,4.982,5.08,4.98,5.055,13452300.0
1114,2021-09-17,5.055,5.1,5.0,5.0,2811500.0
1115,2021-09-20,5.0,5.21,5.0,5.165,4253300.0
1116,2021-09-21,5.195,5.225,5.125,5.135,4449100.0
1117,2021-09-23,5.1,5.115,5.015,5.085,3718600.0
1118,2021-09-24,5.085,5.16,5.06,5.15,1488000.0
1119,2021-09-27,5.15,5.15,5.075,5.14,1704000.0
1120,2021-09-28,5.13,5.14,5.04,5.07,5884900.0
1121,2021-09-29,5.145,5.17,5.035,5.04,5221700.0
1122,2021-09-30,5.09,5.11,5.045,5.07,2971400.0
1123,2021-10-04,5.115,5.205,5.095,5.175,6817600.0
1124,2021-10-05,5.22,5.245,5.135,5.145,5996200.0
1125,2021-10-06,5.145,5.22,5.14,5.185,6544300.0
1126,2021-10-07,5.12,5.12,5.02,5.02,9614200.0
1127,2021-10-08,5.0,5.045,4.972,5.02,6364600.0
1128,2021-10-11,4.98,4.98,4.884,4.906,8922600.0
1129,2021-10-12,4.95,4.988,4.93,4.974,15061700.0
1130,2021-10-15,4.96,4.98,4.9,4.902,10969500.0
1131,2021-10-18,4.902,4.934,4.888,4.888,4159400.0
1132,2021-10-19,4.85,4.862,4.8,4.808,7509300.0
1133,2021-10-20,4.76,4.782,4.73,4.748,5317000.0
1134,2021-10-21,4.75,4.792,4.724,4.76,6526300.0
1135,2021-10-22,4.77,4.77,4.73,4.746,3961800.0
1136,2021-10-25,4.75,4.768,4.728,4.74,3173100.0
1137,2021-10-26,4.732,4.778,4.728,4.758,10297400.0
1138,2021-10-27,4.806,4.842,4.804,4.834,9721700.0
1139,2021-10-28,4.832,4.862,4.806,4.85,5420300.0
1140,2021-10-29,4.862,4.886,4.852,4.866,5315400.0
1141,2021-11-01,4.892,4.95,4.892,4.918,2380700.0
1142,2021-11-02,4.862,4.936,4.824,4.93,10096100.0
1143,2021-11-03,4.92,4.984,4.912,4.95,3593400.0
1144,2021-11-04,4.928,4.942,4.906,4.908,2142600.0
1145,2021-11-05,4.932,5.0,4.932,4.96,4208500.0
1146,2021-11-08,4.97,5.01,4.97,4.988,3363900.0
1147,2021-11-09,4.946,4.996,4.946,4.978,656400.0
1148,2021-11-10,4.996,5.05,4.938,4.942,3684400.0
1149,2021-11-11,4.956,4.966,4.876,4.888,3409300.0
1150,2021-11-12,4.814,4.89,4.814,4.88,8992200.0
1151,2021-11-15,4.86,4.896,4.852,4.872,1231100.0
1152,2021-11-16,4.848,4.848,4.794,4.806,958300.0
1153,2021-11-17,4.822,4.834,4.814,4.824,679400.0
1154,2021-11-18,4.832,4.89,4.832,4.886,2147300.0
1155,2021-11-19,4.942,4.972,4.926,4.932,2729000.0
1156,2021-11-22,4.916,4.958,4.916,4.942,2163400.0
1157,2021-11-23,4.956,5.01,4.956,4.998,3889500.0
1158,2021-11-24,4.996,5.02,4.962,4.992,10297400.0
1159,2021-11-25,5.0,5.025,4.978,4.982,2789700.0
1160,2021-11-26,5.04,5.125,5.04,5.115,3728814.0
1161,2021-11-29,5.115,5.18,5.105,5.16,11824400.0
1162,2021-11-30,5.16,5.315,5.155,5.245,14361900.0
1163,2021-12-01,5.22,5.225,5.15,5.21,3050700.0
1164,2021-12-02,5.23,5.23,5.17,5.175,921900.0
1165,2021-12-03,5.21,5.245,5.17,5.19,5254700.0
1166,2021-12-06,5.25,5.27,5.21,5.265,6886200.0
1167,2021-12-07,5.21,5.22,5.12,5.12,2827300.0
1168,2021-12-08,5.08,5.13,5.08,5.125,2809800.0
1169,2021-12-09,5.07,5.08,5.045,5.065,2104500.0
1170,2021-12-10,5.09,5.13,5.07,5.125,569300.0
1171,2021-12-13,5.12,5.125,5.035,5.115,3325900.0
1172,2021-12-14,5.135,5.205,5.135,5.2,2533300.0
1173,2021-12-15,5.2,5.26,5.175,5.245,1779600.0
1174,2021-12-16,5.245,5.295,5.215,5.22,3482700.0
1175,2021-12-17,5.23,5.295,5.23,5.285,2823400.0
1176,2021-12-20,5.3,5.405,5.3,5.385,3257000.0
1177,2021-12-21,5.385,5.385,5.31,5.33,3523200.0
1178,2021-12-22,5.3,5.335,5.275,5.315,5446100.0
1179,2021-12-23,5.295,5.31,5.27,5.285,4153100.0
1180,2021-12-24,5.25,5.28,5.245,5.275,4794500.0
1181,2021-12-28,5.26,5.3,5.26,5.265,5650700.0
1182,2021-12-29,5.265,5.32,5.265,5.305,4277700.0
1183,2021-12-30,5.305,5.33,5.27,5.295,3018300.0
1184,2021-12-31,5.2,5.23,5.18,5.225,2213100.0
1185,2022-01-03,5.18,5.27,5.175,5.265,1193900.0
1186,2022-01-04,5.225,5.28,5.225,5.26,3064600.0
1187,2022-01-05,5.255,5.345,5.25,5.345,2962400.0
1188,2022-01-06,5.345,5.385,5.3,5.305,11085000.0
1189,2022-01-07,5.305,5.305,5.2,5.205,7018600.0
1190,2022-01-10,5.215,5.22,5.14,5.14,2469800.0
1191,2022-01-11,5.17,5.175,5.13,5.16,2233200.0
1192,2022-01-12,5.1,5.1,5.015,5.02,5148800.0
1193,2022-01-13,4.986,5.025,4.984,5.005,4941500.0
1194,2022-01-14,5.055,5.055,5.01,5.015,4880900.0
1195,2022-01-17,5.015,5.065,5.01,5.045,4127600.0
1196,2022-01-18,5.04,5.085,5.01,5.07,4383600.0
1197,2022-01-19,5.055,5.095,5.03,5.075,8244000.0
1198,2022-01-20,5.03,5.035,4.89,4.896,7389900.0
1199,2022-01-21,4.902,4.926,4.884,4.898,3269200.0
1200,2022-01-24,4.95,4.958,4.92,4.95,436800.0
1201,2022-01-25,5.015,5.07,5.005,5.03,7783900.0
1202,2022-01-26,5.0,5.05,4.98,5.03,7057400.0
1203,2022-01-27,5.075,5.16,5.075,5.125,7073200.0
1204,2022-01-28,5.105,5.175,5.105,5.165,5891200.0
1205,2022-01-31,5.145,5.18,5.07,5.1,3399200.0
1206,2022-02-04,5.005,5.035,4.934,4.946,6605600.0
1207,2022-02-07,4.94,4.986,4.94,4.956,2170900.0
1208,2022-02-08,4.956,5.025,4.956,4.982,4209100.0
1209,2022-02-09,4.906,4.944,4.876,4.944,5544800.0
1210,2022-02-10,4.942,4.942,4.868,4.878,2228200.0
1211,2022-02-11,4.902,4.904,4.866,4.884,4900300.0
1212,2022-02-14,4.916,4.952,4.908,4.938,3696000.0
1213,2022-02-15,4.958,5.005,4.936,4.994,2509200.0
1214,2022-02-16,4.98,4.98,4.902,4.91,1475800.0
1215,2022-02-17,4.906,4.944,4.876,4.926,3455700.0
1216,2022-02-18,4.926,4.988,4.9,4.988,2189500.0
1217,2022-02-21,4.99,5.045,4.99,5.01,1581300.0
1218,2022-02-22,5.04,5.18,5.04,5.155,4913500.0
1219,2022-02-23,5.125,5.145,5.105,5.12,1306100.0
1220,2022-02-24,5.155,5.305,5.155,5.28,7726400.0
1221,2022-02-25,5.26,5.32,5.245,5.305,5622500.0
1222,2022-02-28,5.305,5.39,5.305,5.32,6268200.0
1223,2022-03-01,5.31,5.345,5.27,5.31,21845800.0
1224,2022-03-02,5.33,5.415,5.325,5.405,10368100.0
1225,2022-03-03,5.45,5.45,5.36,5.385,2803600.0
1226,2022-03-04,5.465,5.525,5.465,5.525,4189600.0
1227,2022-03-07,5.525,5.785,5.525,5.7,8558400.0
1228,2022-03-08,5.705,5.83,5.65,5.815,4336700.0
1229,2022-03-09,5.775,5.975,5.745,5.84,5459400.0
1230,2022-03-10,5.745,5.8,5.69,5.75,4123000.0
1231,2022-03-11,5.755,5.97,5.755,5.825,14135700.0
1232,2022-03-14,5.9,6.15,5.9,6.125,7902000.0
1233,2022-03-15,6.44,6.52,6.165,6.47,9872400.0
1234,2022-03-16,6.25,6.41,5.87,5.89,12859900.0
1235,2022-03-17,5.65,5.675,5.485,5.495,10857900.0
1236,2022-03-18,5.57,5.61,5.435,5.47,3221900.0
1237,2022-03-21,5.47,5.57,5.405,5.545,4681500.0
1238,2022-03-22,5.545,5.545,5.36,5.365,5194200.0
1239,2022-03-23,5.35,5.35,5.24,5.3,4130800.0
1240,2022-03-24,5.34,5.365,5.285,5.335,3636000.0
1241,2022-03-25,5.39,5.5,5.355,5.48,7295900.0
1242,2022-03-28,5.47,5.525,5.38,5.4,3544300.0
1243,2022-03-29,5.38,5.39,5.345,5.35,1791965.0
1244,2022-03-30,5.32,5.32,5.23,5.265,4003435.0
1245,2022-03-31,5.27,5.34,5.27,5.305,4509300.0
1246,2022-04-01,5.36,5.425,5.32,5.325,4351600.0
1247,2022-04-04,5.325,5.325,5.195,5.2,3019500.0
1248,2022-04-06,5.275,5.315,5.255,5.31,2339900.0
1249,2022-04-07,5.34,5.37,5.275,5.355,1732200.0
1250,2022-04-08,5.365,5.42,5.35,5.35,2994400.0
1251,2022-04-11,5.405,5.52,5.405,5.515,3826400.0
1252,2022-04-12,5.465,5.56,5.425,5.485,3933600.0
1253,2022-04-13,5.485,5.52,5.425,5.475,3283100.0
1254,2022-04-14,5.43,5.455,5.405,5.43,2181098.0
1255,2022-04-19,5.505,5.585,5.505,5.55,4955000.0
1256,2022-04-20,5.565,5.58,5.5,5.57,2193900.0
1257,2022-04-21,5.595,5.685,5.58,5.64,1754100.0
1258,2022-04-22,5.74,5.77,5.63,5.655,12543219.0
1259,2022-04-25,5.785,5.88,5.765,5.86,7369000.0
1260,2022-04-26,5.82,5.86,5.74,5.85,2798400.0
1261,2022-04-27,5.9,5.9,5.805,5.825,1579629.0
1262,2022-04-28,5.805,5.83,5.74,5.755,3691402.0
1263,2022-04-29,5.74,5.805,5.48,5.505,6600365.0
1264,2022-05-03,5.565,5.62,5.435,5.505,12502025.0
1265,2022-05-04,5.535,5.58,5.52,5.57,2056000.0
1266,2022-05-05,5.46,5.585,5.44,5.58,2507600.0
1267,2022-05-06,5.65,5.805,5.65,5.79,4037900.0
1268,2022-05-10,5.825,6.025,5.825,5.91,3543477.0
1269,2022-05-11,5.935,5.95,5.765,5.845,3377500.0
1270,2022-05-12,5.92,5.98,5.875,5.97,3566600.0
1271,2022-05-13,5.97,5.97,5.795,5.8,2774000.0
1272,2022-05-16,5.75,5.845,5.735,5.795,1853500.0
1273,2022-05-17,5.72,5.725,5.59,5.615,3285600.0
1274,2022-05-18,5.6,5.655,5.57,5.595,2991900.0
1275,2022-05-19,5.715,5.785,5.685,5.725,3974700.0
1276,2022-05-20,5.66,5.66,5.525,5.545,5576723.0
1277,2022-05-23,5.57,5.665,5.57,5.615,3829700.0
1278,2022-05-24,5.625,5.74,5.595,5.71,3554600.0
1279,2022-05-25,5.7,5.705,5.62,5.665,2321400.0
1280,2022-05-26,5.665,5.76,5.665,5.7,4078500.0
1281,2022-05-27,5.58,5.58,5.5,5.525,5574100.0
1282,2022-05-30,5.52,5.52,5.395,5.41,5101700.0
1283,2022-05-31,5.425,5.43,5.325,5.35,4786900.0
1284,2022-06-01,5.34,5.385,5.32,5.35,4222800.0
1285,2022-06-02,5.415,5.455,5.395,5.415,12583100.0
1286,2022-06-06,5.405,5.42,5.245,5.265,4134300.0
1287,2022-06-07,5.3,5.315,5.235,5.285,2253700.0
1288,2022-06-08,5.235,5.235,5.15,5.165,5504815.0
1289,2022-06-09,5.15,5.215,5.13,5.2,3676500.0
1290,2022-06-10,5.27,5.28,5.175,5.21,2216000.0
1291,2022-06-13,5.345,5.4,5.33,5.39,6742700.0
1292,2022-06-14,5.435,5.47,5.34,5.34,2389700.0
1293,2022-06-15,5.35,5.36,5.29,5.32,4106200.0
1294,2022-06-16,5.29,5.47,5.27,5.45,5239600.0
1295,2022-06-17,5.45,5.45,5.355,5.37,1772400.0
1296,2022-06-20,5.395,5.425,5.34,5.35,1191500.0
1297,2022-06-21,5.33,5.34,5.24,5.245,6332300.0
1298,2022-06-22,5.245,5.375,5.245,5.37,2328800.0
1299,2022-06-23,5.305,5.355,5.27,5.305,2078100.0
1300,2022-06-24,5.26,5.265,5.19,5.215,1714800.0
1301,2022-06-27,5.14,5.14,5.025,5.075,3762300.0
1302,2022-06-28,5.075,5.125,5.02,5.04,1772300.0
1303,2022-06-29,5.04,5.14,5.04,5.12,5066143.0
1304,2022-06-30,5.125,5.17,5.08,5.135,1648200.0
1305,2022-07-04,5.18,5.22,5.12,5.13,2218900.0
1306,2022-07-05,5.08,5.135,5.05,5.125,724300.0
1307,2022-07-06,5.145,5.255,5.135,5.2,2194800.0
1308,2022-07-07,5.23,5.26,5.16,5.165,2464900.0
1309,2022-07-08,5.095,5.165,5.09,5.15,1774300.0
1310,2022-07-11,5.215,5.315,5.21,5.295,1870542.0
1311,2022-07-12,5.33,5.365,5.295,5.355,1506700.0
1312,2022-07-13,5.355,5.37,5.305,5.36,1183800.0
1313,2022-07-14,5.36,5.42,5.35,5.39,502300.0
1314,2022-07-15,5.425,5.52,5.415,5.495,1348700.0
1315,2022-07-18,5.46,5.495,5.335,5.345,2125900.0
1316,2022-07-19,5.38,5.42,5.375,5.395,1703256.0
1317,2022-07-20,5.3,5.33,5.27,5.33,8289944.0
1318,2022-07-21,5.34,5.43,5.34,5.42,2925700.0
1319,2022-07-22,5.36,5.425,5.355,5.4,376800.0
1320,2022-07-25,5.42,5.46,5.415,5.415,1511400.0
1321,2022-07-26,5.365,5.39,5.31,5.31,2816900.0
1322,2022-07-27,5.31,5.41,5.31,5.39,4731600.0
1323,2022-07-28,5.39,5.415,5.36,5.4,1459400.0
1324,2022-07-29,5.4,5.545,5.4,5.525,5255100.0
1325,2022-08-01,5.56,5.59,5.495,5.515,1890100.0
1326,2022-08-02,5.6,5.695,5.6,5.665,6558300.0
1327,2022-08-03,5.665,5.665,5.585,5.635,3882000.0
1328,2022-08-04,5.545,5.55,5.49,5.515,771100.0
1329,2022-08-05,5.48,5.525,5.48,5.5,1328700.0
1330,2022-08-08,5.545,5.565,5.53,5.535,947700.0
1331,2022-08-09,5.555,5.595,5.485,5.555,1601800.0
1332,2022-08-10,5.575,5.7,5.575,5.67,4081900.0
1333,2022-08-11,5.595,5.6,5.525,5.525,1926300.0
1334,2022-08-12,5.515,5.54,5.49,5.495,1103100.0
1335,2022-08-15,5.5,5.55,5.47,5.53,926300.0
1336,2022-08-16,5.525,5.63,5.5,5.6,3250600.0
1337,2022-08-17,5.58,5.6,5.52,5.57,1094967.0
1338,2022-08-18,5.58,5.63,5.57,5.615,1196700.0
1339,2022-08-19,5.63,5.63,5.57,5.6,1629897.0
1340,2022-08-22,5.66,5.66,5.59,5.63,1491287.0
1341,2022-08-23,5.63,5.72,5.625,5.69,2496400.0
1342,2022-08-24,5.69,5.77,5.685,5.755,1296400.0
1343,2022-08-25,5.7,5.7,5.54,5.545,5067700.0
1344,2022-08-26,5.5,5.51,5.475,5.49,2040400.0
1345,2022-08-29,5.555,5.56,5.5,5.525,3516900.0
1346,2022-08-30,5.54,5.63,5.535,5.55,4897200.0
1347,2022-08-31,5.6,5.65,5.485,5.55,1985900.0
1348,2022-09-01,5.61,5.65,5.57,5.64,4911200.0
1349,2022-09-02,5.64,5.71,5.63,5.685,4087000.0
1350,2022-09-05,5.715,5.79,5.715,5.74,4004500.0
1351,2022-09-06,5.71,5.76,5.705,5.735,1963600.0
1352,2022-09-07,5.8,5.85,5.77,5.79,4467700.0
1353,2022-09-08,5.775,5.855,5.77,5.85,2947506.0
1354,2022-09-09,5.825,5.825,5.66,5.67,2527000.0
1355,2022-09-13,5.66,5.695,5.645,5.685,1570500.0
1356,2022-09-14,5.805,5.85,5.795,5.825,2716300.0
1357,2022-09-15,5.825,5.83,5.785,5.8,1130200.0
1358,2022-09-16,5.855,5.885,5.81,5.845,1104700.0
1359,2022-09-19,5.88,5.93,5.88,5.915,2147200.0
1360,2022-09-20,5.86,5.875,5.825,5.84,896917.0
1361,2022-09-21,5.87,5.95,5.87,5.95,1708700.0
1362,2022-09-22,5.96,6.1,5.96,6.055,1818595.0
1363,2022-09-23,6.075,6.115,6.045,6.115,3905000.0
1364,2022-09-26,6.165,6.18,6.065,6.13,2237264.0
1365,2022-09-27,6.13,6.205,6.13,6.15,5352000.0
1366,2022-09-28,6.15,6.37,6.15,6.355,3719600.0
1367,2022-09-29,6.355,6.43,6.22,6.4,1316800.0
1368,2022-09-30,6.4,6.425,6.315,6.36,2288800.0
1369,2022-10-03,6.405,6.465,6.355,6.405,2558700.0
1370,2022-10-05,6.3,6.3,5.995,6.035,7316200.0
1371,2022-10-06,6.0,6.07,6.0,6.055,727700.0
1372,2022-10-07,6.13,6.155,6.105,6.15,2440900.0
1373,2022-10-10,6.2,6.345,6.2,6.33,1900500.0
1374,2022-10-11,6.35,6.49,6.34,6.49,3758150.0
1375,2022-10-12,6.49,6.62,6.4,6.535,4029200.0
1376,2022-10-13,6.535,6.65,6.52,6.645,3264700.0
1377,2022-10-14,6.5,6.595,6.39,6.565,2590600.0
1378,2022-10-17,6.595,6.675,6.51,6.535,2032540.0
1379,2022-10-18,6.5,6.58,6.44,6.44,1125000.0
1380,2022-10-19,6.48,6.595,6.435,6.595,940600.0
1381,2022-10-20,6.6,6.785,6.6,6.69,2227000.0
1382,2022-10-21,6.69,6.735,6.655,6.71,1811900.0
1383,2022-10-24,6.725,7.17,6.725,7.13,5974400.0
1384,2022-10-25,7.12,7.235,7.02,7.135,3051600.0
1385,2022-10-26,7.14,7.14,6.95,7.075,2134800.0
1386,2022-10-27,7.07,7.07,6.84,7.015,2372500.0
1387,2022-10-28,7.02,7.305,7.01,7.275,1823100.0
1388,2022-10-31,7.33,7.39,7.16,7.35,1352200.0
1389,2022-11-01,7.35,7.35,6.885,6.955,4673800.0
1390,2022-11-02,7.025,7.05,6.785,6.81,2641100.0
1391,2022-11-03,6.945,7.04,6.9,7.035,5234700.0
1392,2022-11-04,6.96,6.96,6.49,6.66,10430200.0
1393,2022-11-07,6.68,6.71,6.375,6.465,3554100.0
1394,2022-11-08,6.465,6.525,6.42,6.485,1238000.0
1395,2022-11-09,6.465,6.61,6.425,6.57,4182500.0
1396,2022-11-10,6.685,6.725,6.66,6.685,4606600.0
1397,2022-11-11,6.3,6.355,6.14,6.155,9721100.0
1398,2022-11-14,6.03,6.08,5.92,6.07,3234100.0
1399,2022-11-15,6.07,6.07,5.795,5.81,4041453.0
1400,2022-11-16,5.875,5.9,5.78,5.825,3292800.0
1401,2022-11-17,5.895,6.005,5.85,5.89,4952247.0
1402,2022-11-18,5.805,5.94,5.8,5.92,3407000.0
1403,2022-11-21,6.08,6.115,5.995,6.03,3541500.0
1404,2022-11-22,6.03,6.14,5.995,6.095,2576000.0
1405,2022-11-23,6.08,6.115,6.03,6.065,1457400.0
1406,2022-11-24,6.065,6.065,5.98,6.025,2514600.0
1407,2022-11-25,6.035,6.1,6.035,6.06,1816400.0
1408,2022-11-28,6.13,6.305,6.13,6.15,1396600.0
1409,2022-11-29,6.15,6.15,5.83,5.835,6296600.0
1410,2022-11-30,5.87,5.87,5.69,5.76,3488300.0
1411,2022-12-01,5.505,5.68,5.505,5.68,3887100.0
1412,2022-12-02,5.64,5.725,5.64,5.685,382800.0
1413,2022-12-05,5.58,5.58,5.41,5.41,4746600.0
1414,2022-12-06,5.51,5.51,5.42,5.465,2594800.0
1415,2022-12-07,5.47,5.63,5.37,5.62,6072900.0
1416,2022-12-08,5.615,5.615,5.425,5.435,3328300.0
1417,2022-12-09,5.425,5.455,5.305,5.315,8077800.0
1418,2022-12-12,5.385,5.46,5.365,5.44,5144100.0
1419,2022-12-13,5.44,5.45,5.37,5.4,2070700.0
1420,2022-12-14,5.36,5.41,5.32,5.375,2615000.0
1421,2022-12-15,5.4,5.5,5.4,5.465,3933600.0
1422,2022-12-16,5.48,5.525,5.39,5.43,5449600.0
1423,2022-12-19,5.4,5.49,5.35,5.48,3035000.0
1424,2022-12-20,5.525,5.59,5.485,5.545,3593800.0
1425,2022-12-21,5.55,5.55,5.495,5.53,851100.0
1426,2022-12-22,5.53,5.53,5.355,5.375,3766400.0
1427,2022-12-23,5.43,5.45,5.39,5.395,2257000.0
1428,2022-12-28,5.325,5.335,5.255,5.315,3018700.0
1429,2022-12-29,5.35,5.41,5.35,5.36,3642500.0
1430,2022-12-30,5.285,5.345,5.265,5.345,3043300.0
1431,2023-01-03,5.4,5.48,5.235,5.255,6098500.0
1432,2023-01-04,5.22,5.225,5.09,5.105,5326900.0
1433,2023-01-05,5.0,5.045,4.938,5.025,3523000.0
1434,2023-01-06,4.982,5.065,4.97,5.045,3218300.0
1435,2023-01-09,4.98,4.984,4.918,4.95,2549200.0
1436,2023-01-10,4.948,4.99,4.94,4.962,1073900.0
1437,2023-01-11,4.962,4.962,4.878,4.936,1801400.0
1438,2023-01-12,4.886,4.978,4.88,4.926,2229400.0
1439,2023-01-13,4.886,4.918,4.858,4.862,1366700.0
1440,2023-01-16,4.85,4.902,4.82,4.87,3546900.0
1441,2023-01-17,4.876,4.94,4.866,4.914,1934100.0
1442,2023-01-18,4.914,4.938,4.886,4.89,1885700.0
1443,2023-01-19,4.93,4.954,4.874,4.898,2962700.0
1444,2023-01-20,4.858,4.866,4.8,4.822,2964900.0
1445,2023-01-26,4.73,4.738,4.7,4.704,5486900.0
1446,2023-01-27,4.704,4.706,4.672,4.676,2305632.0
1447,2023-01-30,4.676,4.806,4.676,4.804,8762500.0
1448,2023-01-31,4.804,4.884,4.748,4.842,6567700.0
1449,2023-02-01,4.826,4.87,4.798,4.806,1887000.0
1450,2023-02-02,4.754,4.826,4.744,4.822,1340000.0
1451,2023-02-03,4.854,4.928,4.85,4.896,3600000.0
1452,2023-02-06,4.924,5.02,4.924,4.996,2536200.0
1453,2023-02-07,4.996,4.996,4.926,4.966,3615800.0
1454,2023-02-08,4.966,4.992,4.934,4.974,1504900.0
1455,2023-02-09,4.976,4.976,4.896,4.896,4179100.0
1456,2023-02-10,4.918,5.005,4.916,5.0,4200800.0
1457,2023-02-13,5.04,5.085,4.988,4.998,1921500.0
1458,2023-02-14,4.996,5.025,4.988,5.01,393700.0
1459,2023-02-15,5.02,5.105,5.015,5.1,2564000.0
1460,2023-02-16,5.1,5.1,4.966,5.05,4345400.0
1461,2023-02-17,5.05,5.105,5.025,5.1,877800.0
1462,2023-02-20,5.105,5.14,5.045,5.065,2103300.0
1463,2023-02-21,5.1,5.16,5.05,5.15,1764300.0
1464,2023-02-22,5.15,5.195,5.13,5.185,1385800.0
1465,2023-02-23,5.195,5.2,5.135,5.19,1685400.0
1466,2023-02-24,5.22,5.29,5.22,5.29,1575700.0
1467,2023-02-27,5.29,5.34,5.28,5.31,1159100.0
1468,2023-02-28,5.31,5.35,5.245,5.34,2266900.0
1469,2023-03-01,5.315,5.315,5.11,5.125,3894200.0
1470,2023-03-02,5.16,5.185,5.13,5.16,1449900.0
1471,2023-03-03,5.11,5.14,5.09,5.125,786000.0
1472,2023-03-06,5.13,5.16,5.09,5.11,668300.0
1473,2023-03-07,5.125,5.18,5.01,5.14,1234100.0
1474,2023-03-08,5.14,5.275,5.14,5.27,5593400.0
1475,2023-03-09,5.27,5.29,5.235,5.29,1085900.0
1476,2023-03-10,5.32,5.46,5.32,5.455,4022200.0
1477,2023-03-13,5.455,5.455,5.315,5.345,4433900.0
1478,2023-03-14,5.385,5.5,5.36,5.48,3720900.0
1479,2023-03-15,5.48,5.48,5.325,5.375,4104600.0
1480,2023-03-16,5.475,5.5,5.425,5.47,1813300.0
1481,2023-03-17,5.41,5.44,5.365,5.375,3628700.0
1482,2023-03-20,5.43,5.57,5.43,5.545,3550300.0
1483,2023-03-21,5.485,5.51,5.44,5.445,1969400.0
1484,2023-03-22,5.375,5.38,5.305,5.36,2471900.0
1485,2023-03-23,5.495,5.495,5.225,5.235,4843000.0
1486,2023-03-24,5.235,5.28,5.22,5.265,2332100.0
1487,2023-03-27,5.275,5.375,5.27,5.36,4401900.0
1488,2023-03-28,5.31,5.35,5.275,5.305,1470300.0
1489,2023-03-29,5.155,5.21,5.125,5.2,911500.0
1490,2023-03-30,5.2,5.24,5.16,5.17,1653700.0
1491,2023-03-31,5.1,5.15,5.055,5.13,3019800.0
1492,2023-04-03,5.13,5.18,5.13,5.14,884600.0
1493,2023-04-04,5.14,5.215,5.14,5.17,449700.0
1494,2023-04-06,5.215,5.215,5.16,5.16,1808900.0
1495,2023-04-11,5.1,5.165,5.055,5.13,1801100.0
1496,2023-04-12,5.15,5.18,5.145,5.175,696200.0
1497,2023-04-13,5.2,5.27,5.17,5.17,1727500.0
1498,2023-04-14,5.14,5.17,5.125,5.135,1338100.0
1499,2023-04-17,5.12,5.14,5.025,5.05,1879000.0
1500,2023-04-18,5.075,5.105,5.065,5.09,400300.0
1501,2023-04-19,5.105,5.16,5.105,5.16,2279500.0
1502,2023-04-20,5.16,5.17,5.13,5.165,1335900.0
1503,2023-04-21,5.165,5.255,5.155,5.245,3158500.0
1504,2023-04-24,5.235,5.315,5.21,5.27,1622323.0
1505,2023-04-25,5.27,5.37,5.27,5.355,2399600.0
1506,2023-04-26,5.365,5.365,5.275,5.3,1053241.0
1507,2023-04-27,5.33,5.345,5.295,5.3,321004.0
1508,2023-04-28,5.265,5.285,5.205,5.265,2616800.0
1509,2023-05-02,5.245,5.315,5.18,5.265,2705800.0
1510,2023-05-03,5.34,5.375,5.33,5.34,1253300.0
1511,2023-05-04,5.34,5.34,5.255,5.26,2590900.0
1512,2023-05-05,5.235,5.26,5.195,5.24,655600.0
1513,2023-05-08,5.195,5.215,5.165,5.175,480800.0
1514,2023-05-09,5.175,5.295,5.175,5.29,2650100.0
1515,2023-05-10,5.3,5.325,5.29,5.31,1024200.0
1516,2023-05-11,5.295,5.355,5.285,5.31,973400.0
1517,2023-05-12,5.31,5.35,5.285,5.35,102200.0
1518,2023-05-15,5.37,5.38,5.22,5.255,1121600.0
1519,2023-05-16,5.195,5.26,5.195,5.245,1436900.0
1520,2023-05-17,5.285,5.37,5.265,5.37,834300.0
1521,2023-05-18,5.37,5.37,5.265,5.325,3822100.0
1522,2023-05-19,5.38,5.41,5.36,5.38,396200.0
1523,2023-05-22,5.365,5.37,5.285,5.31,904700.0
1524,2023-05-23,5.31,5.395,5.285,5.38,916400.0
1525,2023-05-24,5.415,5.485,5.415,5.475,2879600.0
1526,2023-05-25,5.52,5.61,5.52,5.575,1616800.0
1527,2023-05-29,5.575,5.64,5.535,5.64,971700.0
1528,2023-05-30,5.605,5.68,5.595,5.605,1122300.0
1529,2023-05-31,5.685,5.78,5.685,5.74,5692400.0
1530,2023-06-01,5.74,5.74,5.65,5.735,882600.0
1531,2023-06-02,5.61,5.615,5.48,5.495,6087600.0
1532,2023-06-05,5.485,5.515,5.455,5.465,1004500.0
1533,2023-06-06,5.41,5.475,5.38,5.465,1537100.0
1534,2023-06-07,5.37,5.415,5.365,5.405,731800.0
1535,2023-06-08,5.405,5.445,5.38,5.4,783900.0
1536,2023-06-09,5.385,5.4,5.34,5.36,1824700.0
1537,2023-06-12,5.365,5.395,5.345,5.36,755200.0
1538,2023-06-13,5.37,5.385,5.305,5.32,3071100.0
1539,2023-06-14,5.32,5.355,5.29,5.345,435300.0
1540,2023-06-15,5.295,5.31,5.23,5.23,2779400.0
1541,2023-06-16,5.205,5.22,5.14,5.18,2367400.0
1542,2023-06-19,5.19,5.255,5.19,5.21,1586700.0
1543,2023-06-20,5.26,5.305,5.245,5.285,2800600.0
1544,2023-06-21,5.35,5.4,5.35,5.395,2462700.0
1545,2023-06-23,5.42,5.51,5.42,5.48,1439300.0
1546,2023-06-26,5.5,5.51,5.455,5.5,1421800.0
1547,2023-06-27,5.48,5.48,5.385,5.41,2683500.0
1548,2023-06-28,5.41,5.445,5.39,5.4,877100.0
1549,2023-06-29,5.41,5.49,5.41,5.475,1430700.0
1550,2023-06-30,5.475,5.49,5.43,5.47,1391900.0
1551,2023-07-03,5.45,5.45,5.34,5.35,3389700.0
1552,2023-07-04,5.37,5.37,5.32,5.33,1208000.0
1553,2023-07-05,5.36,5.415,5.345,5.415,3395600.0
1554,2023-07-06,5.445,5.56,5.42,5.54,2839800.0
1555,2023-07-07,5.58,5.62,5.545,5.595,4999600.0
1556,2023-07-10,5.495,5.57,5.475,5.565,612300.0
1557,2023-07-11,5.5,5.53,5.46,5.515,1690400.0
1558,2023-07-12,5.5,5.5,5.425,5.45,395900.0
1559,2023-07-13,5.355,5.355,5.3,5.3,4858300.0
1560,2023-07-14,5.215,5.295,5.215,5.29,385000.0
1561,2023-07-18,5.29,5.405,5.29,5.4,4059500.0
1562,2023-07-19,5.39,5.49,5.39,5.425,1743800.0
1563,2023-07-20,5.385,5.435,5.34,5.43,1409000.0
1564,2023-07-21,5.4,5.43,5.35,5.385,1012900.0
1565,2023-07-24,5.47,5.53,5.435,5.51,4458800.0
1566,2023-07-25,5.335,5.36,5.255,5.265,4448900.0
1567,2023-07-26,5.26,5.32,5.26,5.285,2251100.0
1568,2023-07-27,5.25,5.25,5.2,5.2,1170800.0
1569,2023-07-28,5.265,5.275,5.135,5.14,1911000.0
1570,2023-07-31,5.14,5.14,5.025,5.1,3120900.0
1571,2023-08-01,5.065,5.14,5.035,5.115,2088900.0
1572,2023-08-02,5.14,5.25,5.135,5.245,3274500.0
1573,2023-08-03,5.27,5.285,5.21,5.28,717000.0
1574,2023-08-04,5.18,5.26,5.16,5.24,3349800.0
1575,2023-08-07,5.275,5.285,5.24,5.24,299900.0
1576,2023-08-08,5.285,5.36,5.285,5.345,2136100.0
1577,2023-08-09,5.375,5.38,5.32,5.335,562400.0
1578,2023-08-10,5.355,5.385,5.305,5.32,1141300.0
1579,2023-08-11,5.315,5.38,5.315,5.37,1223800.0
1580,2023-08-14,5.395,5.52,5.395,5.455,2274500.0
1581,2023-08-15,5.5,5.53,5.47,5.52,471000.0
1582,2023-08-16,5.57,5.61,5.57,5.595,1484100.0
1583,2023-08-17,5.68,5.72,5.57,5.6,1466700.0
1584,2023-08-18,5.63,5.715,5.6,5.715,1085200.0
1585,2023-08-21,5.73,5.825,5.73,5.82,1179600.0
1586,2023-08-22,5.76,5.83,5.705,5.725,471600.0
1587,2023-08-23,5.775,5.78,5.69,5.755,1346800.0
1588,2023-08-24,5.705,5.705,5.605,5.615,3358400.0
1589,2023-08-25,5.67,5.705,5.66,5.69,2484900.0
1590,2023-08-28,5.515,5.655,5.515,5.65,2750027.0
1591,2023-08-29,5.605,5.605,5.5,5.505,4910800.0
1592,2023-08-30,5.47,5.54,5.465,5.54,1000200.0
1593,2023-08-31,5.515,5.585,5.49,5.565,1198500.0
1594,2023-09-04,5.455,5.5,5.395,5.415,3192000.0
1595,2023-09-05,5.46,5.54,5.46,5.54,1135100.0
1596,2023-09-06,5.55,5.59,5.54,5.54,214400.0
1597,2023-09-07,5.56,5.61,5.56,5.605,768800.0
1598,2023-09-11,5.6,5.7,5.6,5.62,2840200.0
1599,2023-09-12,5.68,5.69,5.615,5.645,1655900.0
1600,2023-09-13,5.64,5.665,5.6,5.65,544200.0
1601,2023-09-14,5.67,5.675,5.6,5.63,440600.0
1602,2023-09-15,5.61,5.625,5.535,5.595,1126100.0
1603,2023-09-18,5.655,5.685,5.64,5.675,713200.0
1604,2023-09-19,5.69,5.705,5.665,5.665,110100.0
1605,2023-09-20,5.66,5.7,5.66,5.685,179800.0
1606,2023-09-21,5.73,5.775,5.72,5.77,163800.0
1607,2023-09-22,5.8,5.8,5.63,5.63,1294700.0
1608,2023-09-25,5.66,5.735,5.66,5.735,330000.0
1609,2023-09-26,5.74,5.85,5.74,5.83,552500.0
1610,2023-09-27,5.83,5.83,5.77,5.79,389000.0
1611,2023-09-28,5.79,5.865,5.785,5.86,574300.0
1612,2023-09-29,5.815,5.815,5.67,5.71,1806000.0
1613,2023-10-03,5.825,5.905,5.82,5.885,1793800.0
1614,2023-10-04,5.93,5.94,5.9,5.92,334200.0
1615,2023-10-05,5.895,5.905,5.87,5.905,117900.0
1616,2023-10-06,5.815,5.835,5.77,5.805,1743800.0
1617,2023-10-09,5.77,5.815,5.77,5.805,593800.0
1618,2023-10-10,5.745,5.755,5.67,5.75,1452300.0
1619,2023-10-11,5.66,5.8,5.64,5.8,761200.0
1620,2023-10-12,5.58,5.585,5.555,5.57,1796800.0
1621,2023-10-13,5.655,5.715,5.65,5.715,2247500.0
1622,2023-10-16,5.695,5.77,5.695,5.765,1052100.0
1623,2023-10-17,5.71,5.74,5.695,5.72,493000.0
1624,2023-10-18,5.755,5.765,5.7,5.725,5205600.0
1625,2023-10-19,5.845,5.88,5.81,5.855,1149200.0
1626,2023-10-20,5.865,5.935,5.865,5.925,434100.0
1627,2023-10-24,5.94,6.015,5.93,5.975,661700.0
1628,2023-10-25,5.8,5.97,5.8,5.94,3727700.0
1629,2023-10-26,5.945,6.0,5.93,5.965,1248600.0
1630,2023-10-27,5.93,5.93,5.795,5.825,2307200.0
1631,2023-10-30,5.865,5.885,5.835,5.835,799800.0
1632,2023-10-31,5.87,5.945,5.87,5.935,863800.0
1633,2023-11-01,5.92,5.96,5.92,5.94,378400.0
1634,2023-11-02,5.84,5.9,5.82,5.89,645100.0
1635,2023-11-03,5.81,5.835,5.725,5.73,2846500.0
1636,2023-11-06,5.66,5.66,5.62,5.64,2111800.0
1637,2023-11-07,5.675,5.735,5.67,5.735,1036500.0
1638,2023-11-08,5.755,5.775,5.72,5.76,903500.0
1639,2023-11-09,5.765,5.795,5.76,5.78,1348700.0
1640,2023-11-10,5.78,5.9,5.78,5.9,1445200.0
1641,2023-11-13,5.92,5.93,5.565,5.8,292900.0
1642,2023-11-14,5.8,5.83,5.765,5.81,853100.0
1643,2023-11-15,5.675,5.69,5.585,5.595,4635600.0
1644,2023-11-16,5.595,5.7,5.595,5.68,3619300.0
1645,2023-11-17,5.74,5.8,5.74,5.785,1195000.0
1646,2023-11-20,5.755,5.755,5.68,5.695,447000.0
1647,2023-11-21,5.61,5.71,5.59,5.7,2883600.0
1648,2023-11-22,5.6,5.72,5.6,5.7,335900.0
1649,2023-11-23,5.735,5.735,5.64,5.645,800500.0
1650,2023-11-24,5.705,5.76,5.705,5.755,357900.0
1651,2023-11-27,5.75,5.82,5.75,5.77,733300.0
1652,2023-11-28,5.8,5.845,5.78,5.825,189700.0
1653,2023-11-29,5.83,5.97,5.83,5.955,1394800.0
1654,2023-11-30,5.945,5.98,5.92,5.935,431200.0
1655,2023-12-01,5.945,6.005,5.945,5.955,1273800.0
1656,2023-12-04,5.99,6.08,5.98,6.08,308600.0
1657,2023-12-05,6.1,6.23,6.1,6.21,758900.0
1658,2023-12-06,6.21,6.22,6.095,6.145,1108600.0
1659,2023-12-07,6.15,6.26,6.15,6.195,498400.0
1660,2023-12-08,6.15,6.215,6.15,6.2,258300.0
1661,2023-12-11,6.285,6.33,6.22,6.255,443200.0
1662,2023-12-12,6.255,6.255,6.165,6.175,422200.0
1663,2023-12-13,6.205,6.265,6.205,6.24,345800.0
1664,2023-12-14,6.145,6.195,6.105,6.18,384700.0
1665,2023-12-15,6.08,6.08,5.96,6.02,3928500.0
1666,2023-12-18,6.07,6.1,6.055,6.09,595100.0
1667,2023-12-19,6.115,6.16,6.105,6.135,430000.0
1668,2023-12-20,6.12,6.12,6.04,6.095,734400.0
1669,2023-12-21,6.2,6.2,6.08,6.09,566900.0
1670,2023-12-22,6.07,6.21,6.01,6.205,4300600.0
1671,2023-12-27,6.14,6.155,6.07,6.075,862800.0
1672,2023-12-28,6.04,6.04,5.92,5.93,2466600.0
1673,2023-12-29,5.93,5.96,5.93,5.945,741700.0
1674,2024-01-02,5.925,6.05,5.925,6.04,1145300.0
1675,2024-01-03,6.095,6.115,6.085,6.085,251400.0
1676,2024-01-04,6.095,6.14,6.085,6.095,1502500.0
1677,2024-01-05,6.12,6.15,6.06,6.135,755300.0
1678,2024-01-08,6.145,6.28,6.145,6.255,475800.0
1679,2024-01-09,6.23,6.25,6.175,6.245,1168800.0
1680,2024-01-10,6.295,6.32,6.24,6.3,387700.0
1681,2024-01-11,6.3,6.3,6.165,6.22,559500.0
1682,2024-01-12,6.25,6.265,6.205,6.26,804400.0
1683,2024-01-15,6.285,6.295,6.22,6.26,245800.0
1684,2024-01-16,6.31,6.405,6.275,6.4,1054800.0
1685,2024-01-17,6.46,6.665,6.46,6.64,1648700.0
1686,2024-01-18,6.635,6.675,6.565,6.58,542200.0
1687,2024-01-19,6.585,6.66,6.54,6.63,129200.0
1688,2024-01-22,6.6,6.84,6.56,6.78,1023200.0
1689,2024-01-23,6.78,6.78,6.535,6.6,2730800.0
1690,2024-01-24,6.47,6.565,6.325,6.36,2244200.0
1691,2024-01-25,6.335,6.385,6.215,6.235,1613200.0
1692,2024-01-26,6.24,6.355,6.23,6.345,2516000.0
1693,2024-01-29,6.245,6.3,6.215,6.28,423000.0
