,date,open,high,low,close,volume
0,2020-09-08,38.3724,38.4206,30.1773,31.9127,224974561.0
1,2020-09-09,29.9362,33.5517,29.888,32.0091,46124449.0
2,2020-09-10,33.7445,35.48,32.8768,34.6122,52844199.0
3,2020-09-11,34.7087,35.2871,33.5517,33.7445,18470887.0
4,2020-09-14,34.1784,35.0943,34.0338,34.8533,12279423.0
5,2020-09-15,34.9979,34.9979,33.7927,34.0338,8643560.0
6,2020-09-16,34.1784,34.2748,32.8768,33.1178,11973937.0
7,2020-09-17,33.0696,34.323,32.9732,33.5999,7253243.0
8,2020-09-18,33.7927,34.9015,33.0214,34.4676,13525600.0
9,2020-09-21,34.7087,35.3353,33.8409,34.7087,13628024.0
10,2020-09-22,34.7087,36.6851,34.1302,35.3835,50526800.0
11,2020-09-23,35.721,38.2759,35.6728,37.8903,42125310.0
12,2020-09-24,37.5046,38.0349,35.9138,36.6369,30627060.0
13,2020-09-25,37.4082,37.4082,33.3107,33.8891,28032772.0
14,2020-09-28,34.082,34.8533,32.9732,34.3712,12048156.0
15,2020-09-29,34.5158,34.9015,33.3107,33.7445,9606440.0
16,2020-09-30,33.9374,34.082,33.2625,33.7445,9323517.0
17,2020-10-05,33.7445,35.0943,33.7445,34.323,6693178.0
18,2020-10-06,34.6122,36.2031,34.5158,36.2031,9583598.0
19,2020-10-07,35.7692,36.1066,35.2871,35.48,4033400.0
20,2020-10-08,35.5764,35.6246,34.6605,35.5764,5783107.0
21,2020-10-09,35.8656,35.962,34.9979,35.2871,9447916.0
22,2020-10-12,35.48,37.1672,35.3835,36.3477,17185716.0
23,2020-10-14,36.3959,36.7815,35.48,36.5887,7645800.0
24,2020-10-15,36.1066,36.3477,34.9979,35.0943,5572194.0
25,2020-10-16,35.48,36.3959,35.1907,35.6728,4944300.0
26,2020-10-19,35.7692,36.2995,34.7087,34.9979,5543775.0
27,2020-10-20,34.7569,35.1907,34.082,34.7087,7445300.0
28,2020-10-21,34.9979,35.6728,34.8051,35.5764,5213046.0
29,2020-10-22,35.4318,35.4318,34.9979,35.2871,1922835.0
30,2020-10-23,35.2389,35.3353,34.323,34.6122,3435953.0
31,2020-10-27,34.6122,34.9979,34.2266,34.4194,4785585.0
32,2020-10-28,34.2266,35.3353,33.5517,34.2266,8688556.0
33,2020-10-29,33.8891,34.564,33.7927,34.2266,4690741.0
34,2020-10-30,34.2266,35.1425,33.9374,34.2266,6537885.0
35,2020-11-02,34.6605,35.8174,34.5158,35.1907,7136527.0
36,2020-11-03,35.6246,35.8174,34.6122,34.7569,3739667.0
37,2020-11-04,34.6122,36.878,34.3712,36.5405,14077311.0
38,2020-11-05,36.6369,37.3118,35.9138,36.5405,9091645.0
39,2020-11-06,36.6369,36.6369,35.6728,36.3959,4433289.0
40,2020-11-09,36.6369,39.0472,36.4923,37.5528,24530100.0
41,2020-11-10,37.8421,38.7098,37.2636,37.9385,8746424.0
42,2020-11-11,37.4082,37.4082,35.6728,35.6728,8899900.0
43,2020-11-12,36.1549,36.5405,35.6728,35.9138,4487180.0
44,2020-11-13,35.962,36.0584,35.2389,35.9138,2987300.0
45,2020-11-16,36.0102,40.397,36.0102,39.7221,20785619.0
46,2020-11-17,39.9632,43.0966,39.7221,42.6145,23109771.0
47,2020-11-18,42.9038,44.7356,41.5058,42.3735,16361994.0
48,2020-11-19,42.5663,43.7715,40.8309,42.4217,10277637.0
49,2020-11-20,42.4217,44.0125,42.4217,43.5786,8855834.0
50,2020-11-23,43.9643,44.5428,42.9038,43.5304,6510020.0
51,2020-11-24,43.8679,44.35,42.6145,43.0002,5622397.0
52,2020-11-25,43.3858,43.3858,40.156,41.0719,11546675.0
53,2020-11-26,41.2647,41.795,40.5416,41.6022,3131638.0
54,2020-11-27,41.6022,41.7468,40.7827,41.3129,2637086.0
55,2020-11-30,41.3129,41.554,40.3006,40.9755,2900407.0
56,2020-12-01,40.8791,42.7109,40.6381,42.1325,5718345.0
57,2020-12-02,42.4217,42.4217,40.4934,40.7345,5023200.0
58,2020-12-03,40.7345,40.9273,39.4811,39.9632,5550849.0
59,2020-12-04,39.8668,41.2165,39.8668,40.9755,4105785.0
60,2020-12-07,41.2165,41.2647,40.0114,41.0719,3689774.0
61,2020-12-08,40.8791,42.4217,40.4934,41.7468,5150757.0
62,2020-12-09,41.9396,42.8073,40.397,40.9273,7800255.0
63,2020-12-10,40.8309,40.9755,40.0114,40.4452,4405051.0
64,2020-12-11,40.7827,41.0237,40.2524,40.4934,3706087.0
65,2020-12-14,40.4934,41.1683,40.0114,41.1683,3915168.0
66,2020-12-15,41.2647,41.8914,40.5898,41.8432,5423389.0
67,2020-12-16,42.0842,44.7356,41.3129,43.8679,14264024.0
68,2020-12-17,44.0125,45.989,42.9038,44.9284,10916863.0
69,2020-12-18,44.9284,46.6157,44.832,46.0854,9700498.0
70,2020-12-21,46.471,48.0136,45.7479,46.3746,9001856.0
71,2020-12-22,46.7603,47.2423,44.35,44.9284,7484656.0
72,2020-12-23,45.3141,47.2423,44.6874,47.2423,6965620.0
73,2020-12-24,47.4834,48.7849,46.6639,48.2065,6267836.0
74,2020-12-28,48.2065,51.9666,48.0136,51.6773,11640256.0
75,2020-12-29,52.5451,53.0271,49.4598,50.3758,10025509.0
76,2020-12-30,50.7132,54.4733,50.5686,52.8825,9240294.0
77,2020-12-31,53.461,53.461,51.2917,52.9307,5788038.0
78,2021-01-04,52.9307,58.7155,52.5451,58.4262,13188120.0
79,2021-01-05,59.1011,63.2469,58.8119,62.2346,19039796.0
80,2021-01-06,63.3433,65.368,60.2581,62.6684,15234619.0
81,2021-01-07,63.5361,63.729,60.5473,62.8612,10552061.0
82,2021-01-08,64.211,66.2839,62.6684,64.211,9752372.0
83,2021-01-11,65.1751,65.368,58.7637,59.776,15304804.0
84,2021-01-12,60.2099,61.6079,57.1729,60.6437,11605120.0
85,2021-01-13,61.5597,61.5597,57.9442,58.8119,9822525.0
86,2021-01-14,59.3904,59.3904,55.5339,57.4621,14238716.0
87,2021-01-15,56.8836,56.8836,54.9554,56.257,10679067.0
88,2021-01-18,56.2087,60.7402,56.1123,59.7278,12201102.0
89,2021-01-19,60.5473,61.7043,58.8601,60.1617,11167811.0
90,2021-01-20,60.4509,60.933,58.6673,59.776,12853471.0
91,2021-01-21,59.776,59.776,57.8478,58.7155,13743125.0
92,2021-01-22,58.8119,58.9083,55.7267,56.7872,17206883.0
93,2021-01-25,57.5103,61.4633,56.257,61.2222,20967161.0
94,2021-01-26,60.7402,63.2469,59.3422,60.6437,10128633.0
95,2021-01-27,60.3063,61.0776,56.8836,58.6673,8487246.0
96,2021-01-28,57.5585,58.0406,55.9195,56.4498,11543744.0
97,2021-01-29,56.8354,58.5709,55.2446,56.4498,9641100.0
98,2021-02-01,56.739,58.2334,55.3892,57.6549,8831200.0
99,2021-02-02,58.378,61.3668,57.4621,59.0529,17102240.0
100,2021-02-03,59.3904,62.1381,59.294,60.1617,10896348.0
101,2021-02-04,60.2581,61.3668,58.8119,59.6796,6204976.0
102,2021-02-05,59.6796,60.2581,57.9924,58.3298,5664953.0
103,2021-02-08,58.5227,58.7637,54.2805,56.6426,16525143.0
104,2021-02-09,56.98,58.7637,56.6426,58.7637,7325287.0
105,2021-02-10,59.6314,60.3063,57.8478,59.3422,10210684.0
106,2021-02-11,59.5832,60.7402,59.3904,59.9688,3866567.0
107,2021-02-16,60.6437,63.6325,60.5955,62.572,11668052.0
108,2021-02-17,62.3792,65.1751,61.0294,63.5843,9653151.0
109,2021-02-18,63.729,64.211,60.4509,61.3668,11111953.0
110,2021-02-19,60.2581,62.3792,59.5832,61.7043,5953057.0
111,2021-02-22,62.1863,63.1023,58.4744,58.9083,12081065.0
112,2021-02-23,58.137,58.6191,55.5821,57.6549,18745410.0
113,2021-02-24,57.5103,58.2816,52.063,53.943,20425897.0
114,2021-02-25,55.1482,56.1123,53.5574,54.6661,7340010.0
115,2021-02-26,52.063,52.5451,48.2065,49.6527,37628869.0
116,2021-03-01,51.3399,52.9307,50.1829,50.424,16137647.0
117,2021-03-02,51.5809,51.6773,47.2423,47.7244,18179114.0
118,2021-03-03,48.0136,48.6885,46.471,47.0977,16065600.0
119,2021-03-04,46.6639,46.6639,43.193,44.8802,23154641.0
120,2021-03-05,42.4217,44.5428,42.036,43.8197,14417145.0
121,2021-03-08,44.35,45.2177,40.0114,40.6381,15708164.0
122,2021-03-09,40.4934,41.554,37.6493,39.5775,24973858.0
123,2021-03-10,41.4576,41.4576,39.7703,40.2042,18533033.0
124,2021-03-11,40.4934,43.7715,40.0114,42.4217,17448391.0
125,2021-03-12,43.3858,44.3017,41.7468,41.7468,30695316.0
126,2021-03-15,42.5181,43.4822,41.2647,42.4217,10249194.0
127,2021-03-16,42.952,43.434,42.2289,42.7109,8637935.0
128,2021-03-17,42.952,43.7715,42.036,42.8073,6227269.0
129,2021-03-18,43.434,44.6874,43.0966,43.1448,9747047.0
130,2021-03-19,42.4217,43.0966,41.8432,42.4217,6848190.0
131,2021-03-22,42.4217,43.0966,42.036,42.0842,4463393.0
132,2021-03-23,42.5663,42.5663,39.915,40.5898,9046660.0
133,2021-03-24,40.7345,40.9273,37.4082,37.601,19021068.0
134,2021-03-25,37.36,40.8309,35.721,39.4811,21088440.0
135,2021-03-26,38.4688,38.9026,37.2154,38.6134,17684737.0
136,2021-03-29,37.6975,38.5652,36.7333,37.4082,12690911.0
137,2021-03-30,37.7939,38.9026,37.1672,38.1313,9836129.0
138,2021-03-31,38.3724,38.4206,36.9262,37.36,7019264.0
139,2021-04-01,37.36,38.9508,37.119,38.7098,10851040.0
140,2021-04-07,38.8062,38.999,37.601,38.2759,7914147.0
141,2021-04-08,38.2759,38.5652,36.9744,37.3118,10108098.0
142,2021-04-09,37.4564,37.601,36.2513,36.878,6104756.0
143,2021-04-12,37.0708,37.5528,36.0584,36.3477,6560755.0
144,2021-04-13,36.7333,37.601,36.1549,36.7815,5155709.0
145,2021-04-14,37.4564,38.0831,36.8297,37.2154,6558705.0
146,2021-04-15,37.2154,38.0349,36.878,37.6975,4892719.0
147,2021-04-16,37.8903,38.9508,37.8903,38.517,8673060.0
148,2021-04-19,38.517,39.2883,37.6975,39.0954,7329204.0
149,2021-04-20,39.0472,41.795,38.8544,40.5416,17734889.0
150,2021-04-21,40.0114,40.3488,38.9508,39.6257,7358865.0
151,2021-04-22,39.8668,40.4934,39.4329,40.3488,5231381.0
152,2021-04-23,40.397,40.7345,39.7221,39.8668,5726690.0
153,2021-04-26,40.3006,40.8309,39.5293,40.1078,6908580.0
154,2021-04-27,40.0114,41.1683,39.6739,41.0719,5893111.0
155,2021-04-28,40.7345,41.4094,40.5898,40.6863,4214711.0
156,2021-04-29,40.6863,41.1201,39.7221,40.156,2615140.0
157,2021-04-30,40.156,40.156,39.0472,39.6739,3205400.0
158,2021-05-03,39.6739,39.7703,38.3724,39.2401,2486431.0
159,2021-05-04,39.1437,39.8185,39.1437,39.5775,1811176.0
160,2021-05-05,39.5775,39.7221,38.4688,38.999,3009510.0
161,2021-05-06,39.3365,39.3365,37.601,38.8062,7860796.0
162,2021-05-07,39.1437,39.1437,37.3118,37.8421,7872406.0
163,2021-05-10,38.3724,38.3724,37.4082,37.601,3945350.0
164,2021-05-11,37.5528,37.5528,36.2513,37.119,6679280.0
165,2021-05-12,37.119,37.4564,36.4441,37.0226,6017600.0
166,2021-05-13,36.8297,36.9262,35.9138,36.0584,7028148.0
167,2021-05-14,36.0584,37.4082,35.962,36.6851,7200973.0
168,2021-05-17,36.9262,37.8421,36.4441,36.5405,8588982.0
169,2021-05-18,36.6369,37.0708,35.2389,36.0584,12115381.0
170,2021-05-20,36.0584,37.9867,35.6728,37.5046,11474008.0
171,2021-05-21,37.8421,40.397,37.7939,39.915,18411374.0
172,2021-05-24,38.3724,41.4576,38.2759,40.5416,20259397.0
173,2021-05-25,41.1683,43.6269,41.1201,42.4217,22258759.0
174,2021-05-26,42.5663,43.3858,41.3129,41.6986,9096414.0
175,2021-05-27,41.9396,43.7233,41.7468,43.7233,18842615.0
176,2021-05-28,43.6751,44.35,42.6145,43.0966,9469762.0
177,2021-05-31,43.3858,44.6874,43.0484,44.2535,11699764.0
178,2021-06-01,44.2535,44.5428,43.3858,43.8679,5224314.0
179,2021-06-02,43.7715,43.9161,42.7109,42.8556,5933249.0
180,2021-06-03,42.4699,43.5786,42.2289,42.4699,3682214.0
181,2021-06-04,42.4217,42.4217,41.3129,41.6986,6123066.0
182,2021-06-07,41.6986,42.8556,41.1683,41.7468,4332038.0
183,2021-06-08,41.7468,43.0484,41.3129,41.795,4914520.0
184,2021-06-09,41.8914,42.4217,41.6504,42.1325,2261736.0
185,2021-06-10,42.1325,42.8073,41.4576,41.6504,3245406.0
186,2021-06-11,42.2289,42.2289,40.5898,41.5058,4337700.0
187,2021-06-15,41.3612,41.8432,39.7221,40.3006,7358377.0
188,2021-06-16,40.4452,40.4452,38.999,39.8185,4245411.0
189,2021-06-17,39.2401,40.5898,39.2401,39.6257,2843740.0
190,2021-06-18,39.5293,41.0237,39.5293,40.5416,3826162.0
191,2021-06-21,39.8668,40.4934,39.0954,39.4811,4723043.0
192,2021-06-22,39.3365,39.4329,38.1313,38.999,5923253.0
193,2021-06-23,38.999,39.4811,37.601,38.6616,9034800.0
194,2021-06-24,38.6616,38.999,38.0831,38.6616,2938865.0
195,2021-06-25,38.758,40.5416,38.4688,39.5775,6954944.0
196,2021-06-28,38.5652,39.4329,37.119,38.9508,10402781.0
197,2021-06-29,39.1488,39.2458,37.5015,38.0829,12701979.0
198,2021-06-30,38.4705,38.9066,37.5984,37.7438,6657776.0
199,2021-07-02,38.3252,38.3252,36.7263,37.6953,10162690.0
200,2021-07-05,37.3077,38.5674,37.1139,38.2283,6663370.0
201,2021-07-06,38.2283,38.2767,36.8716,37.7438,6291140.0
202,2021-07-07,37.3077,37.8891,37.3077,37.7438,4651565.0
203,2021-07-08,37.7922,38.2767,36.484,37.1139,7742046.0
204,2021-07-09,37.453,38.4221,36.7263,37.8407,6571108.0
205,2021-07-12,38.2767,41.4745,37.986,41.0385,19412768.0
206,2021-07-13,41.3292,43.5579,41.1838,42.1044,14172689.0
207,2021-07-14,41.9106,44.0909,41.6683,43.1703,13731684.0
208,2021-07-15,43.461,44.2363,42.1044,43.5095,8626892.0
209,2021-07-16,43.5095,43.7033,42.7827,43.025,7280549.0
210,2021-07-19,42.6374,43.461,41.8621,42.7827,6322101.0
211,2021-07-20,42.7827,43.8971,42.3467,43.6548,7990398.0
212,2021-07-21,44.0909,44.0909,42.1044,42.8796,4957827.0
213,2021-07-22,42.5405,43.1219,40.8931,42.1044,9151035.0
214,2021-07-23,41.5714,42.0559,40.6024,40.8931,7205255.0
215,2021-07-26,40.2148,42.0559,39.488,40.6508,9051113.0
216,2021-07-27,40.8931,41.7168,38.519,40.5539,15572167.0
217,2021-07-28,40.99,41.8621,39.0519,39.5365,8724932.0
218,2021-07-29,40.3117,40.6993,38.9066,39.6818,6939261.0
219,2021-07-30,39.5849,39.8272,38.1314,38.7612,9444572.0
220,2021-08-02,39.2458,39.8272,38.0345,39.1488,5780262.0
221,2021-08-03,39.1488,40.021,38.3252,39.4396,5220205.0
222,2021-08-04,39.4396,40.99,39.0519,40.2148,6298554.0
223,2021-08-05,40.7962,42.1528,40.3117,40.6993,8143842.0
224,2021-08-06,41.4745,41.4745,39.9241,40.1179,2621936.0
225,2021-08-09,40.2148,40.7962,39.4396,40.457,2801460.0
226,2021-08-10,40.457,41.0869,39.8272,40.6508,3531600.0
227,2021-08-11,40.021,40.7962,39.7787,40.3117,2895202.0
228,2021-08-12,40.3117,40.3601,38.4705,39.3427,7705599.0
229,2021-08-13,38.6643,39.7303,38.5674,39.1004,3813369.0
230,2021-08-16,38.7612,39.2942,38.1314,38.4705,5036053.0
231,2021-08-17,38.3736,38.955,37.6953,38.2283,7766108.0
232,2021-08-18,38.2283,39.5849,37.9376,38.8097,4618130.0
233,2021-08-19,38.8097,39.3911,37.5015,37.8407,4814794.0
234,2021-08-20,37.8891,39.0035,37.2108,37.9376,7732773.0
235,2021-08-23,37.7922,39.1004,37.5015,38.4705,7189649.0
236,2021-08-24,38.7612,39.4396,38.3252,39.2458,5469104.0
237,2021-08-25,38.5674,38.5674,37.453,38.0829,10443741.0
238,2021-08-26,40.2148,41.523,38.2767,38.7128,21668496.0
239,2021-08-27,39.0035,39.7303,38.1798,38.4705,7148410.0
240,2021-08-30,38.4705,39.1488,38.2283,38.6643,3265720.0
241,2021-08-31,38.6159,40.2148,38.3736,39.8756,6915176.0
242,2021-09-01,39.488,40.021,39.0035,39.6334,3325656.0
243,2021-09-02,39.5849,39.7787,38.6159,39.0035,4395527.0
244,2021-09-03,39.2942,39.5849,38.8097,39.4396,3278590.0
245,2021-09-06,39.5365,40.5055,39.1488,39.2458,3569816.0
246,2021-09-07,39.2458,39.6818,39.0035,39.2458,2512736.0
247,2021-09-08,38.6643,39.1488,37.5984,38.1314,9795244.0
248,2021-09-09,38.0829,38.4705,37.7438,38.0829,4050848.0
249,2021-09-10,38.3252,38.5674,37.7438,37.7438,5653858.0
250,2021-09-13,37.6469,37.6469,36.7263,36.9201,9950067.0
251,2021-09-14,37.2592,37.2592,36.7263,36.8716,4303846.0
252,2021-09-15,36.8716,36.9685,36.2418,36.6778,6616368.0
253,2021-09-16,36.8232,37.3561,36.1449,36.9685,4419604.0
254,2021-09-17,37.5499,37.6469,36.8716,37.5499,3601087.0
255,2021-09-20,37.3077,37.3077,36.048,36.5325,3442380.0
256,2021-09-21,36.5325,37.2108,36.0964,36.2902,2547207.0
257,2021-09-23,36.7747,36.7747,35.515,35.8057,7397828.0
258,2021-09-24,35.951,35.9995,35.3696,35.6603,4643904.0
259,2021-09-27,36.484,38.7128,35.9026,37.2108,12390872.0
260,2021-09-28,37.017,38.5674,36.8232,37.4046,5878357.0
261,2021-09-29,37.4046,37.9376,36.5325,37.5015,3951050.0
262,2021-09-30,37.986,38.7128,37.6469,38.4221,7395481.0
263,2021-10-04,38.3736,38.3736,36.7747,37.6469,3918495.0
264,2021-10-05,37.0654,38.4705,37.0654,38.3736,2239611.0
265,2021-10-06,38.3736,38.7128,37.5984,37.986,2198477.0
266,2021-10-07,38.5674,38.6643,37.6469,37.8407,3783217.0
267,2021-10-08,37.8407,38.5674,37.1623,37.2592,5266102.0
268,2021-10-11,37.2592,37.5984,36.6294,36.9201,4648700.0
269,2021-10-12,36.1933,37.1139,36.1933,36.5809,3488223.0
270,2021-10-15,37.2592,37.5984,36.7263,37.3077,7983233.0
271,2021-10-18,37.3077,37.3077,35.515,36.1933,9586507.0
272,2021-10-19,36.1933,36.5325,35.7088,36.484,5582845.0
273,2021-10-20,36.7747,36.7747,35.7572,36.7263,4152028.0
274,2021-10-21,36.7747,37.4046,36.4356,36.6778,6104363.0
275,2021-10-22,36.048,37.3561,35.7572,37.3561,12690012.0
276,2021-10-25,36.7747,37.5499,36.7747,37.3561,4562971.0
277,2021-10-26,37.3561,38.7128,37.1623,38.3736,12015088.0
278,2021-10-27,38.0829,39.0035,37.7438,38.4221,7048950.0
279,2021-10-28,38.7612,39.0519,37.7438,38.0829,6129300.0
280,2021-10-29,38.4705,38.4705,37.7438,38.2283,3149003.0
281,2021-11-01,38.2283,38.6159,37.6953,38.5674,2949430.0
282,2021-11-02,38.7612,39.4396,38.5674,39.0035,6189000.0
283,2021-11-03,38.1798,39.3427,38.0829,38.4221,3997935.0
284,2021-11-04,38.0829,38.6159,37.6953,38.3736,4908461.0
285,2021-11-05,38.1798,40.0694,38.1798,39.3427,11104814.0
286,2021-11-08,39.2942,40.1663,39.0035,39.5849,6341789.0
287,2021-11-09,40.2148,40.2148,38.9066,39.1488,4859199.0
288,2021-11-10,38.8581,39.6818,38.2767,39.1004,4486000.0
289,2021-11-11,39.1004,40.1663,39.1004,39.5365,5877086.0
290,2021-11-12,41.4745,43.1219,40.8931,42.8796,33727726.0
291,2021-11-15,42.9765,44.3816,42.9281,43.6064,10189855.0
292,2021-11-16,43.8971,46.9011,43.6064,46.8526,23523846.0
293,2021-11-17,47.3372,47.4341,46.2228,46.7557,10743421.0
294,2021-11-18,46.6104,47.2403,46.3197,46.9011,8224963.0
295,2021-11-19,46.9011,47.6279,46.3681,47.3856,10894909.0
296,2021-11-22,44.8661,45.0599,41.9106,44.3816,19642427.0
297,2021-11-23,44.3816,45.496,44.0909,44.8177,7984030.0
298,2021-11-24,45.2053,46.4166,44.8661,45.4476,10272224.0
299,2021-11-25,45.3022,45.6898,44.527,45.0599,11214517.0
300,2021-11-26,44.5754,45.5445,44.2847,44.7692,20990030.0
301,2021-11-29,45.7383,46.7557,44.527,44.963,14196820.0
302,2021-11-30,45.3991,45.9805,42.6858,43.3157,110407106.0
303,2021-12-01,43.3157,44.3816,42.8312,44.0909,25001845.0
304,2021-12-02,44.0909,45.4476,43.9456,45.1568,7983780.0
305,2021-12-03,44.527,45.3022,44.2363,45.2053,6883211.0
306,2021-12-06,45.1568,45.3022,42.7827,43.1219,8781121.0
307,2021-12-07,43.8486,43.8486,43.025,43.7033,4435854.0
308,2021-12-08,44.5754,45.6414,44.0909,44.8661,5879829.0
309,2021-12-09,45.2537,46.998,45.2537,45.8836,8292004.0
310,2021-12-10,45.8836,46.3681,45.1568,45.7867,3485000.0
311,2021-12-13,46.029,46.4166,45.2053,45.8836,3729777.0
312,2021-12-14,46.029,47.3856,45.8836,46.5135,8236688.0
313,2021-12-15,46.998,46.998,45.7383,46.3681,3439549.0
314,2021-12-16,46.5135,47.1918,46.0774,46.7557,6171530.0
315,2021-12-17,47.3856,48.4515,46.8042,47.4825,13176917.0
316,2021-12-20,47.2887,47.7248,46.3681,46.8526,3370091.0
317,2021-12-21,47.4825,47.9186,46.8526,47.6763,6342890.0
318,2021-12-22,47.4825,47.967,47.0465,47.7732,4578140.0
319,2021-12-23,48.1124,48.3062,47.6763,48.3062,4693363.0
320,2021-12-24,48.4031,48.7423,48.0155,48.4515,1968570.0
321,2021-12-28,48.4515,48.8876,47.8701,48.6454,4940239.0
322,2021-12-29,48.8392,49.033,48.4515,49.033,2296134.0
323,2021-12-30,49.2268,50.1474,48.5484,49.6144,4790796.0
324,2021-12-31,50.3896,50.3896,49.3721,49.8566,1534970.0
325,2022-01-03,49.7597,51.0679,49.7597,51.0195,3287871.0
326,2022-01-04,50.8741,50.9226,44.1394,46.029,15764458.0
327,2022-01-05,46.3681,46.5135,44.1878,45.1568,9770294.0
328,2022-01-06,44.9146,45.3022,43.8971,45.3022,5893729.0
329,2022-01-07,45.3022,46.4166,44.7208,45.0115,7361030.0
330,2022-01-10,44.5754,45.4476,42.9765,43.7033,8533410.0
331,2022-01-11,43.4126,44.3816,41.4745,42.5889,12828793.0
332,2022-01-12,42.5889,43.2672,41.7652,43.1219,8071556.0
333,2022-01-13,43.2188,43.7517,42.4436,43.461,4569633.0
334,2022-01-14,43.461,43.994,42.3467,43.0734,4157719.0
335,2022-01-17,43.0734,43.0734,41.523,41.959,4128020.0
336,2022-01-18,41.8137,43.025,41.4261,42.1528,5201724.0
337,2022-01-19,42.2497,42.7827,41.5714,42.0075,4190246.0
338,2022-01-20,42.4436,42.9765,42.1044,42.8312,5173999.0
339,2022-01-21,42.9281,45.0115,42.8312,44.8661,8799878.0
340,2022-01-24,44.9146,45.8836,44.3816,45.4476,6278357.0
341,2022-01-25,44.4785,45.7867,44.4785,45.496,5494219.0
342,2022-01-26,45.4476,45.6414,44.4301,44.6239,3311300.0
343,2022-01-27,44.1394,44.963,43.7517,44.8177,4718508.0
344,2022-01-28,44.7692,45.1568,44.2363,44.5754,3131651.0
345,2022-01-31,44.3332,46.1259,44.1878,45.5445,2192441.0
346,2022-02-04,46.9011,47.4825,46.2228,47.3372,4179828.0
347,2022-02-07,47.3372,47.3372,44.2847,44.9146,10088887.0
348,2022-02-08,44.9146,45.3506,43.8971,44.3332,4780800.0
349,2022-02-09,44.6723,45.1568,44.3816,44.8177,4119380.0
350,2022-02-10,44.963,45.8836,44.9146,45.8836,4007192.0
351,2022-02-11,45.5445,46.5135,45.5445,46.3197,4940737.0
352,2022-02-14,45.9321,46.3681,45.0115,45.6414,3498823.0
353,2022-02-15,45.3022,46.6588,45.2053,46.3197,3627014.0
354,2022-02-16,46.7557,47.1434,45.1568,45.5445,5668111.0
355,2022-02-17,45.7867,46.6104,45.2537,46.465,6025034.0
356,2022-02-18,46.0774,46.7073,46.0774,46.4166,5431941.0
357,2022-02-21,47.2887,47.2887,43.3157,46.6588,18848392.0
358,2022-02-22,45.8352,46.998,45.8352,46.8526,11332480.0
359,2022-02-23,46.5135,47.3372,46.5135,47.1918,7351366.0
360,2022-02-24,46.9011,47.3372,45.3991,46.1259,9289189.0
361,2022-02-25,46.0774,47.2887,45.8352,46.8526,7973228.0
362,2022-02-28,46.6588,47.4341,46.1743,47.4341,10578736.0
363,2022-03-01,47.7248,48.4031,47.4825,47.967,8591889.0
364,2022-03-02,47.967,47.967,43.1219,43.4126,14859513.0
365,2022-03-03,44.1394,44.9146,43.0734,43.7517,12060660.0
366,2022-03-04,42.7827,43.6064,41.9106,41.9106,32267399.0
367,2022-03-07,40.6993,41.1838,38.6159,38.8097,32074559.0
368,2022-03-08,38.8097,39.3427,36.5809,37.0654,23455748.0
369,2022-03-09,37.8407,38.2283,36.048,37.4046,15614951.0
370,2022-03-10,38.6159,39.0035,35.8541,35.9026,15998220.0
371,2022-03-11,35.9026,36.484,33.9161,36.3871,14571393.0
372,2022-03-14,36.3871,36.3871,32.0265,32.8017,20878623.0
373,2022-03-15,31.6873,34.6429,31.3482,33.1893,24965237.0
374,2022-03-16,35.3696,35.9995,33.9161,35.4665,21582752.0
375,2022-03-17,37.6469,37.7438,35.6119,37.2592,24412732.0
376,2022-03-18,37.2592,38.0345,35.8541,37.1139,111045214.0
377,2022-03-21,37.8891,38.2283,36.5809,36.9685,7057577.0
378,2022-03-22,37.017,41.9106,36.8716,39.8272,11836955.0
379,2022-03-23,39.488,40.2148,38.7612,39.3427,7495582.0
380,2022-03-24,38.9066,39.9241,38.3736,38.955,7387011.0
381,2022-03-25,38.955,39.1973,36.7263,37.0654,8216397.0
382,2022-03-28,36.048,37.8407,36.048,36.8716,7333617.0
383,2022-03-29,39.2942,39.2942,37.5984,38.5674,14406800.0
384,2022-03-30,39.0519,41.523,38.8097,41.3776,17057086.0
385,2022-03-31,40.6993,41.3292,39.4396,40.457,5651846.0
386,2022-04-01,40.1179,42.6374,39.8756,42.2497,7881820.0
387,2022-04-04,42.4436,42.4436,41.1838,42.2497,3734833.0
388,2022-04-06,42.2497,42.4436,40.2632,40.6508,8603605.0
389,2022-04-07,40.5055,40.99,39.9725,40.6508,4285808.0
390,2022-04-08,40.6993,41.0385,39.7787,40.5539,3580513.0
391,2022-04-11,40.5539,40.5539,38.4705,39.9241,4798377.0
392,2022-04-12,40.7962,41.8137,39.5365,41.2323,5528104.0
393,2022-04-13,41.2323,41.7168,40.5539,40.9416,4115041.0
394,2022-04-14,40.8931,41.5714,40.4086,40.99,4688588.0
395,2022-04-19,41.1354,41.523,38.955,40.3601,5812500.0
396,2022-04-20,39.8272,41.8137,39.8272,40.8931,5944938.0
397,2022-04-21,40.8931,41.4261,40.021,41.2807,4017356.0
398,2022-04-22,41.1354,41.2807,39.3427,41.0385,6418760.0
399,2022-04-25,41.0385,41.0385,39.3911,39.7303,5199801.0
400,2022-04-26,40.4086,40.5539,39.2458,39.9241,4239510.0
401,2022-04-27,39.2458,40.3601,39.2458,39.7303,3630741.0
402,2022-04-28,38.955,39.2942,37.8407,39.1973,7944358.0
403,2022-04-29,38.2283,40.7962,38.2283,40.6993,7923261.0
404,2022-05-03,38.3736,40.8931,38.3736,39.7787,4356629.0
405,2022-05-04,39.7787,40.6508,39.7787,40.3117,2433825.0
406,2022-05-05,40.6993,41.8137,39.8756,40.1179,3575074.0
407,2022-05-06,40.1179,40.1179,38.4221,38.7128,3637736.0
408,2022-05-10,37.986,39.5365,37.8407,39.0519,5206212.0
409,2022-05-11,39.7303,40.4086,39.3427,39.7787,4565079.0
410,2022-05-12,39.9241,40.3601,39.3427,39.4396,4838300.0
411,2022-05-13,40.2148,40.2148,39.0035,39.3911,5312161.0
412,2022-05-16,39.6334,39.9241,38.3736,39.1004,3925332.0
413,2022-05-17,39.7787,40.5055,39.488,40.5055,5441035.0
414,2022-05-18,39.5849,40.3601,39.488,40.2632,2773169.0
415,2022-05-19,39.7303,39.8272,38.6159,39.6334,3991200.0
416,2022-05-20,40.2148,40.6508,39.4396,40.6024,5200267.0
417,2022-05-23,40.5539,40.6993,39.6334,40.5055,5202044.0
418,2022-05-24,40.6024,40.7478,39.1973,39.488,4343795.0
419,2022-05-25,39.9725,40.6993,39.1488,40.457,4675554.0
420,2022-05-26,40.6024,40.6024,39.2458,40.457,2348992.0
421,2022-05-27,41.4261,41.4745,40.3601,41.4261,6152145.0
422,2022-05-30,41.4261,42.1044,41.2323,41.9106,6238143.0
423,2022-05-31,41.7652,42.492,41.4261,42.4436,13944073.0
424,2022-06-01,42.7343,42.7343,41.8137,41.959,3944635.0
425,2022-06-02,41.0385,41.9106,40.9416,41.6199,2329650.0
426,2022-06-06,41.3292,42.5405,41.0869,42.5405,5557375.0
427,2022-06-07,41.523,42.4436,40.6993,41.3776,3804840.0
428,2022-06-08,41.7168,41.7652,41.1354,41.3292,3089230.0
429,2022-06-09,40.6508,41.4261,40.3117,40.6508,3491858.0
430,2022-06-10,40.457,40.7962,39.8272,40.5055,3422455.0
431,2022-06-13,38.7612,39.8756,38.6643,39.4396,5168755.0
432,2022-06-14,39.2458,40.6024,39.0035,40.2148,4438599.0
433,2022-06-15,40.2148,40.8447,40.1179,40.5055,4573919.0
434,2022-06-16,40.5837,41.2217,39.5041,39.7495,3234025.0
435,2022-06-17,39.2587,40.6819,39.2587,40.6328,5596648.0
436,2022-06-20,40.6328,41.9578,40.4856,41.8596,4931378.0
437,2022-06-21,42.0068,42.792,41.7124,42.792,4330054.0
438,2022-06-22,41.5652,42.8902,41.5652,41.8105,3064910.0
439,2022-06-23,42.5466,43.0865,42.3503,42.8902,5956885.0
440,2022-06-24,42.8902,43.5281,42.7429,43.479,9963949.0
441,2022-06-27,43.9698,44.3624,43.5772,44.1661,7455303.0
442,2022-06-28,44.117,44.8531,43.5772,44.6568,6841189.0
443,2022-06-29,43.6753,44.4605,43.2827,43.7244,6019900.0
444,2022-06-30,44.117,44.6568,43.5281,44.2151,4031799.0
445,2022-07-04,43.9698,44.5096,43.5281,44.4605,2554056.0
446,2022-07-05,45.0003,45.6383,43.7244,44.2151,2950197.0
447,2022-07-06,44.5587,44.6568,43.6753,44.4114,4230913.0
448,2022-07-07,44.2151,44.7549,43.6263,44.6568,4155085.0
449,2022-07-08,45.1475,45.1475,44.0679,44.6568,4500965.0
450,2022-07-11,43.9698,44.5587,43.0374,43.7244,4849093.0
451,2022-07-12,43.7244,44.2151,43.1846,43.6263,3382302.0
452,2022-07-13,44.0679,45.1475,43.6263,44.8531,8860990.0
453,2022-07-14,44.9022,45.3929,44.4605,44.9022,5883419.0
454,2022-07-15,45.0003,45.0003,43.9207,44.2151,2101900.0
455,2022-07-18,45.0003,45.0494,43.5772,44.9512,4955402.0
456,2022-07-19,44.6077,45.3438,44.2642,45.0985,4023177.0
457,2022-07-20,45.2457,45.2457,44.6568,45.0985,1970374.0
458,2022-07-21,45.1966,45.2948,44.8531,45.0494,3426600.0
459,2022-07-22,44.9512,45.2457,44.804,45.0494,1783111.0
460,2022-07-25,45.0494,45.2948,44.2642,45.2948,3197885.0
461,2022-07-26,45.3438,45.7855,45.1966,45.7855,3976600.0
462,2022-07-27,45.7855,45.9327,45.1475,45.9327,3149600.0
463,2022-07-28,45.9327,46.0309,45.442,46.0309,2690618.0
464,2022-07-29,45.9818,46.129,45.2948,46.129,4125226.0
465,2022-08-01,46.129,46.6688,45.6873,46.0309,4458109.0
466,2022-08-02,45.2948,45.6873,44.5587,44.7549,3567600.0
467,2022-08-03,45.0003,45.2457,43.7244,44.6568,2615775.0
468,2022-08-04,44.6568,45.8346,44.4114,45.491,2941619.0
469,2022-08-05,45.9818,46.0799,45.1475,45.7855,2387948.0
470,2022-08-08,45.8346,45.9818,44.4114,45.5892,2878580.0
471,2022-08-09,45.7855,46.2271,45.1966,45.9818,3263891.0
472,2022-08-10,45.9818,46.129,43.8226,43.9698,3494800.0
473,2022-08-11,44.4114,45.491,44.0188,45.1966,3059293.0
474,2022-08-12,45.1966,45.3438,44.7059,45.0494,1407417.0
475,2022-08-15,45.0494,45.7364,44.4114,45.491,1925143.0
476,2022-08-16,45.7855,45.8836,44.9512,45.442,1865898.0
477,2022-08-17,45.9327,45.9327,45.3438,45.3438,2054526.0
478,2022-08-18,45.1475,45.5892,44.8531,45.0985,2398330.0
479,2022-08-19,44.6568,45.2457,44.0188,44.9512,2469090.0
480,2022-08-22,44.1661,45.0003,44.1661,44.5587,2436250.0
481,2022-08-23,44.4605,45.0003,44.3624,44.8531,3740250.0
482,2022-08-24,45.0985,45.2457,44.1661,45.2457,4827820.0
483,2022-08-25,45.2457,46.6197,45.2457,45.6383,6517172.0
484,2022-08-26,45.6383,46.5216,45.442,46.0309,6433800.0
485,2022-08-29,45.491,46.2271,45.1475,46.1781,2993400.0
486,2022-08-30,46.1781,46.1781,44.6077,45.6873,4019781.0
487,2022-08-31,44.6077,46.129,44.6077,45.9818,4381620.0
488,2022-09-01,45.491,45.8836,44.4114,44.9512,3058200.0
489,2022-09-02,45.0985,45.1966,44.2151,44.9022,4121828.0
490,2022-09-05,44.4114,45.1475,43.7735,44.2151,3718842.0
491,2022-09-06,44.4114,44.6568,42.5466,43.5772,3664045.0
492,2022-09-07,43.5772,43.6263,42.3013,43.1355,2628223.0
493,2022-09-08,43.1846,43.3318,42.3994,42.792,2525956.0
494,2022-09-09,42.8411,43.6753,42.3994,43.5772,3228440.0
495,2022-09-13,42.8411,43.9207,42.8411,43.7244,2079054.0
496,2022-09-14,43.3809,43.43,41.9087,42.3013,3379296.0
497,2022-09-15,41.8596,42.4976,41.5652,42.3503,3539748.0
498,2022-09-16,42.3503,42.3503,40.9763,42.3503,6152344.0
499,2022-09-19,42.792,43.479,41.8105,43.3318,3170618.0
500,2022-09-20,43.3318,44.3624,43.3318,44.0679,3705770.0
501,2022-09-21,44.7549,44.7549,43.5772,43.9698,2965130.0
502,2022-09-22,43.7735,44.0679,42.7429,43.8226,2873341.0
503,2022-09-23,44.117,44.117,43.1355,43.6753,2161072.0
504,2022-09-26,43.9698,44.2151,43.2827,43.9207,4220385.0
505,2022-09-27,44.0679,44.6077,43.43,44.4605,3089826.0
506,2022-09-28,43.6263,44.3624,43.1355,43.7735,5205306.0
507,2022-09-29,44.0679,45.0494,43.2827,43.9698,3789070.0
508,2022-09-30,43.9698,45.0494,43.9207,44.7059,3819589.0
509,2022-10-03,43.7735,44.4605,43.479,44.1661,1436552.0
510,2022-10-05,45.7855,46.9142,44.9512,46.7179,6037063.0
511,2022-10-06,46.8651,47.454,46.4725,47.0123,2597115.0
512,2022-10-07,47.1595,47.7484,46.8651,47.2086,2636752.0
513,2022-10-10,46.3253,46.3253,43.7735,44.4605,6021253.0
514,2022-10-11,44.6568,44.9512,43.0865,43.2337,4969025.0
515,2022-10-12,43.43,43.8716,41.5652,42.3994,7662156.0
516,2022-10-13,42.3503,42.8411,41.8105,41.9087,3872744.0
517,2022-10-14,42.4976,43.8226,42.3503,43.479,5932252.0
518,2022-10-17,44.0188,44.3133,42.5957,42.9392,4945915.0
519,2022-10-18,43.2337,43.6263,42.2031,43.5772,2824344.0
520,2022-10-19,43.43,43.43,41.2707,41.418,4062202.0
521,2022-10-20,41.418,41.8105,39.6513,40.2402,9902144.0
522,2022-10-21,40.8291,40.8781,39.6022,39.7495,5444720.0
523,2022-10-24,39.7495,39.8967,37.9828,38.3263,8300055.0
524,2022-10-25,40.7309,40.7309,37.8356,38.5717,9057085.0
525,2022-10-26,38.5717,40.2402,37.2958,39.9948,7362356.0
526,2022-10-27,40.2893,40.5837,39.5041,39.8967,4221026.0
527,2022-10-28,40.6328,40.6328,38.8171,39.2587,5520100.0
528,2022-10-31,39.3078,39.6022,38.3263,38.7189,5322375.0
529,2022-11-01,39.4059,40.6819,38.3754,40.2893,8764601.0
530,2022-11-02,39.7004,41.418,39.2097,41.0744,3755434.0
531,2022-11-03,39.4059,40.4365,39.3569,39.5532,3871233.0
532,2022-11-04,39.6513,42.0068,39.6022,40.7309,5270843.0
533,2022-11-07,39.7004,41.9578,39.5532,41.5652,5408154.0
534,2022-11-08,42.0559,42.3994,40.8291,41.418,3175039.0
535,2022-11-09,41.9578,41.9578,40.5346,41.0254,4445113.0
536,2022-11-10,41.2217,41.3689,40.3874,41.2217,3918925.0
537,2022-11-11,43.43,43.43,41.8596,42.7429,7484511.0
538,2022-11-14,44.1661,44.1661,42.6448,42.9883,4950134.0
539,2022-11-15,43.0374,43.6263,42.6939,43.3809,3200838.0
540,2022-11-16,42.7429,43.5772,42.6939,43.1355,3622632.0
541,2022-11-17,42.6939,43.3809,41.9578,42.792,4326581.0
542,2022-11-18,43.3318,43.3809,42.0068,42.105,3988460.0
543,2022-11-21,42.105,42.2031,40.8291,42.0068,2540763.0
544,2022-11-22,42.0559,42.8902,41.6633,42.0559,3282100.0
545,2022-11-23,41.7124,42.105,41.1235,41.5652,3011101.0
546,2022-11-24,41.5652,42.3013,41.467,41.7615,1703400.0
547,2022-11-25,41.8105,41.9087,40.8291,41.0254,1860400.0
548,2022-11-28,40.9763,41.6142,39.1115,41.2217,3759205.0
549,2022-11-29,40.8781,42.792,40.8781,42.792,6770160.0
550,2022-11-30,42.105,44.2642,42.0559,44.2642,14888769.0
551,2022-12-01,44.4114,44.9022,43.9207,44.2151,8153696.0
552,2022-12-02,44.6077,44.6077,43.0374,43.2827,5792662.0
553,2022-12-05,44.2642,44.2642,41.5652,42.0559,10499636.0
554,2022-12-06,41.6142,42.7429,41.5652,42.7429,4896725.0
555,2022-12-07,42.6939,43.5772,41.8596,42.0068,7747722.0
556,2022-12-08,42.2031,42.8411,41.9087,42.6939,4012560.0
557,2022-12-09,42.6448,43.0865,41.9087,42.6448,5388514.0
558,2022-12-12,42.0559,42.5466,41.2217,41.6142,4428722.0
559,2022-12-13,41.9578,43.2337,41.2217,43.0374,5069989.0
560,2022-12-14,43.0865,44.1661,42.7429,43.2827,6934220.0
561,2022-12-15,43.1846,43.1846,41.5652,41.7615,14544078.0
562,2022-12-16,41.9087,42.1541,41.1235,41.7615,6396427.0
563,2022-12-19,41.7615,42.3503,41.3198,42.2031,4560498.0
564,2022-12-20,41.3198,42.3013,41.3198,42.0068,2533117.0
565,2022-12-21,42.3013,42.4485,41.8105,42.0559,2548002.0
566,2022-12-22,42.8902,43.6753,42.3994,43.5772,4322340.0
567,2022-12-23,43.3318,44.0679,43.0374,43.43,1657791.0
568,2022-12-28,43.8226,44.6077,43.479,43.9698,4504321.0
569,2022-12-29,44.0679,44.0679,43.2337,43.5281,3254800.0
570,2022-12-30,43.5772,44.0188,42.9883,43.2827,2105710.0
571,2023-01-03,42.2031,43.2827,41.6633,42.8411,4555033.0
572,2023-01-04,43.43,43.43,42.105,42.8411,3338501.0
573,2023-01-05,43.1846,44.2642,42.6939,43.6263,4459637.0
574,2023-01-06,44.0679,44.0679,42.8411,43.0865,3660706.0
575,2023-01-09,43.1846,44.0188,42.9392,43.8716,3798171.0
576,2023-01-10,43.6753,44.117,43.2827,43.43,2962711.0
577,2023-01-11,43.7244,43.7244,42.6448,42.792,4464513.0
578,2023-01-12,42.792,43.1355,42.3994,42.8902,3834786.0
579,2023-01-13,43.1846,44.2151,42.5957,44.117,5206460.0
580,2023-01-16,43.7735,44.3624,43.7735,44.1661,2548890.0
581,2023-01-17,44.117,44.117,42.792,42.9392,2786142.0
582,2023-01-18,42.7429,43.5772,42.7429,43.2827,4211775.0
583,2023-01-19,42.3994,43.0865,42.2031,42.4485,3366554.0
584,2023-01-20,42.2031,42.6448,41.8105,42.1541,3838506.0
585,2023-01-26,43.0865,43.2337,42.2522,43.1355,3257873.0
586,2023-01-27,42.5466,43.3318,42.5466,43.2827,1805069.0
587,2023-01-30,43.5772,44.117,43.2827,43.6263,6602014.0
588,2023-01-31,43.7244,44.2642,43.0374,43.43,5179993.0
589,2023-02-01,43.0865,44.3624,43.0865,43.6263,4480815.0
590,2023-02-02,44.0679,44.3133,43.479,43.9207,2791872.0
591,2023-02-03,44.0188,44.2642,43.6753,43.8226,5561017.0
592,2023-02-06,43.8226,44.2642,42.9392,44.2151,5450602.0
593,2023-02-07,44.0188,44.4605,43.6263,43.6263,2998086.0
594,2023-02-08,43.479,43.9698,43.3318,43.8226,1854129.0
595,2023-02-09,43.3318,43.7735,43.1355,43.2337,3266742.0
596,2023-02-10,43.0374,43.5281,42.0559,42.3503,4769742.0
597,2023-02-13,42.3994,42.6448,42.1541,42.6448,2917888.0
598,2023-02-14,42.6448,42.9392,42.3503,42.8902,1835770.0
599,2023-02-15,42.8902,42.9392,42.0559,42.7429,3627001.0
600,2023-02-16,43.2337,43.2337,42.4485,42.9883,2354186.0
601,2023-02-17,42.9392,43.2827,42.3503,42.3503,2238633.0
602,2023-02-20,42.4485,42.8411,42.1541,42.6448,2756865.0
603,2023-02-21,42.8902,43.0865,42.105,42.3503,3677403.0
604,2023-02-22,42.105,43.479,42.105,43.1846,4387872.0
605,2023-02-23,43.0865,43.5772,42.7429,43.1355,3683708.0
606,2023-02-24,43.1846,43.479,42.792,42.9392,3726574.0
607,2023-02-27,42.6939,43.2337,42.4976,42.9883,3440245.0
608,2023-02-28,43.2827,43.5281,42.792,43.1846,10376432.0
609,2023-03-01,42.792,43.7244,42.3994,43.6263,7570647.0
610,2023-03-02,43.6263,43.8226,43.2827,43.5281,3093591.0
611,2023-03-03,43.6753,43.9207,42.9883,42.9883,3501010.0
612,2023-03-06,42.4976,43.8716,42.3013,43.6263,4313929.0
613,2023-03-07,43.7735,44.3624,43.0374,43.1846,6655941.0
614,2023-03-08,42.8411,43.9698,42.792,43.6753,6833987.0
615,2023-03-09,43.6753,43.9207,43.2827,43.6263,3519521.0
616,2023-03-10,43.5772,43.8716,43.2827,43.479,6330456.0
617,2023-03-13,43.479,44.1661,43.479,44.0188,4579903.0
618,2023-03-14,44.0679,44.0679,42.8902,43.0865,2742060.0
619,2023-03-15,43.1355,43.7735,43.1355,43.43,1443967.0
620,2023-03-16,43.6753,43.6753,42.8411,43.3809,1236120.0
621,2023-03-17,43.7735,44.117,43.1846,43.6753,5058493.0
622,2023-03-20,43.1846,43.6753,42.6939,43.0865,2760400.0
623,2023-03-21,43.5281,43.5281,42.792,43.479,2531405.0
624,2023-03-22,43.2337,43.8716,43.1846,43.7244,2086922.0
625,2023-03-23,44.117,44.117,43.2827,43.9207,2757969.0
626,2023-03-24,43.8226,44.1661,43.5281,44.0679,2598348.0
627,2023-03-27,44.0679,44.9512,43.3809,44.6568,10581382.0
628,2023-03-28,44.6568,45.2457,44.3133,45.0003,6635104.0
629,2023-03-29,45.2457,45.8346,45.0003,45.442,8216309.0
630,2023-03-30,45.0003,45.0985,43.8226,44.4605,4342560.0
631,2023-03-31,44.4605,45.0494,43.8716,44.3133,4549592.0
632,2023-04-03,44.9512,44.9512,43.6753,43.9207,4621880.0
633,2023-04-04,43.9207,44.0679,43.479,43.7735,2247171.0
634,2023-04-06,42.8902,44.0679,42.8902,43.7735,2298925.0
635,2023-04-11,43.7735,44.6077,43.3809,44.0188,3514244.0
636,2023-04-12,44.0188,44.0188,41.6633,42.3013,10381253.0
637,2023-04-13,42.2031,42.3503,41.2707,42.2522,8898892.0
638,2023-04-14,42.2522,42.5466,41.8596,42.2031,4249943.0
639,2023-04-17,42.2031,42.8902,42.0559,42.792,4071887.0
640,2023-04-18,42.6939,42.8902,42.3013,42.5466,2944509.0
641,2023-04-19,42.5466,42.5957,41.9578,42.1541,5408000.0
642,2023-04-20,42.4976,42.4976,41.8105,41.9087,3042602.0
643,2023-04-21,41.7124,41.9087,41.2707,41.5161,5119400.0
644,2023-04-24,41.5161,41.7615,41.2217,41.7615,3327556.0
645,2023-04-25,41.7615,41.7615,40.8781,41.0744,3237865.0
646,2023-04-26,41.0744,41.9087,40.8291,41.5652,2869064.0
647,2023-04-27,41.5652,41.7124,41.1235,41.418,3237281.0
648,2023-04-28,41.418,41.9087,41.3198,41.6142,2063639.0
649,2023-05-02,41.6633,41.9578,41.0254,41.5161,2713227.0
650,2023-05-03,41.2707,41.7124,41.0744,41.6633,2221672.0
651,2023-05-04,41.2217,41.7124,40.9272,41.1726,3136186.0
652,2023-05-05,41.1726,41.5161,40.78,40.9763,3874936.0
653,2023-05-08,41.1235,42.0068,41.1235,41.9578,3446628.0
654,2023-05-09,41.9578,42.0559,41.0254,41.0744,2330516.0
655,2023-05-10,41.3198,41.467,40.7309,41.1235,3944048.0
656,2023-05-11,40.9272,41.3198,40.7309,41.0744,3914620.0
657,2023-05-12,41.0744,41.0744,40.4365,40.4365,3173373.0
658,2023-05-15,40.5346,41.5161,40.5346,41.1726,4615159.0
659,2023-05-16,41.418,41.5161,40.8781,41.2707,2983735.0
660,2023-05-17,40.8781,41.5652,40.7309,40.78,3800024.0
661,2023-05-18,41.0,41.7,40.85,41.5,2780147.0
662,2023-05-19,41.6,42.25,40.95,42.15,4101100.0
663,2023-05-22,42.35,43.2,42.05,43.15,4654496.0
664,2023-05-23,42.95,43.3,42.0,42.3,3805459.0
665,2023-05-24,42.35,43.0,41.95,42.25,4148411.0
666,2023-05-25,41.65,42.05,41.6,41.75,3941972.0
667,2023-05-29,41.75,42.25,41.4,41.5,3216230.0
668,2023-05-30,41.8,42.15,41.45,41.75,4096867.0
669,2023-05-31,41.3,42.35,41.3,42.0,18165120.0
670,2023-06-01,41.6,42.25,41.55,41.6,5906388.0
671,2023-06-02,41.6,42.95,41.6,42.6,7677523.0
672,2023-06-05,42.6,42.95,42.3,42.9,2745882.0
673,2023-06-06,42.95,43.1,42.35,42.45,3878731.0
674,2023-06-07,43.05,43.1,42.5,42.95,3220711.0
675,2023-06-08,43.0,43.1,42.4,42.65,2451650.0
676,2023-06-09,42.5,43.1,42.35,42.7,2687743.0
677,2023-06-12,42.7,43.1,42.55,43.0,3089691.0
678,2023-06-13,42.65,43.1,42.65,42.8,2806883.0
679,2023-06-14,42.8,43.45,42.2,42.5,2996071.0
680,2023-06-15,42.95,43.25,42.55,43.0,7075266.0
681,2023-06-16,43.0,43.3,42.75,43.25,6248532.0
682,2023-06-19,43.3,44.0,43.2,43.9,5033422.0
683,2023-06-20,43.9,44.45,43.75,44.3,2932160.0
684,2023-06-21,44.05,44.05,43.35,43.5,2131018.0
685,2023-06-23,43.5,43.5,41.9,42.25,2716560.0
686,2023-06-26,42.7,43.15,42.35,42.75,2253737.0
687,2023-06-27,42.75,43.15,42.65,42.9,1987562.0
688,2023-06-28,42.6,43.35,42.6,43.15,1572000.0
689,2023-06-29,43.2,43.35,42.6,42.9,2783211.0
690,2023-06-30,42.95,43.5,42.75,43.25,2217288.0
691,2023-07-03,43.4,44.2,43.35,44.05,2733237.0
692,2023-07-04,43.8,44.4,43.6,44.35,1913212.0
693,2023-07-05,44.0,44.3,42.95,43.1,3756776.0
694,2023-07-06,43.4,43.6,42.65,43.05,4107920.0
695,2023-07-07,42.65,42.9,42.1,42.1,3210870.0
696,2023-07-10,43.05,43.1,42.15,42.35,1501522.0
697,2023-07-11,42.65,42.95,42.35,42.75,1765863.0
698,2023-07-12,42.5,43.1,42.45,43.05,1851509.0
699,2023-07-13,43.05,43.8,42.95,43.55,2294982.0
700,2023-07-14,43.55,43.95,43.55,43.9,2201200.0
701,2023-07-18,43.85,43.95,42.8,43.2,3325789.0
702,2023-07-19,42.75,43.2,42.6,43.2,2987897.0
703,2023-07-20,43.2,43.6,42.65,42.75,905589.0
704,2023-07-21,42.75,43.35,42.55,43.15,1208494.0
705,2023-07-24,43.1,43.15,42.2,42.75,2076095.0
706,2023-07-25,43.1,43.85,42.8,43.65,3477718.0
707,2023-07-26,43.6,43.9,43.45,43.9,1520010.0
708,2023-07-27,43.95,44.25,43.65,44.25,2714765.0
709,2023-07-28,44.1,44.75,43.8,44.75,4254400.0
710,2023-07-31,44.6,45.5,44.6,45.3,6218119.0
711,2023-08-01,45.65,45.65,44.85,45.3,4523460.0
712,2023-08-02,45.15,45.2,44.1,44.3,2506168.0
713,2023-08-03,43.9,44.35,43.6,43.85,2617835.0
714,2023-08-04,43.9,44.45,43.9,44.3,1992516.0
715,2023-08-07,44.35,45.25,44.3,44.9,2746428.0
716,2023-08-08,43.95,44.25,43.4,43.9,2762110.0
717,2023-08-09,43.9,44.7,43.55,44.5,1452006.0
718,2023-08-10,44.5,44.75,43.95,44.55,2083225.0
719,2023-08-11,44.55,44.6,43.5,43.7,2332071.0
720,2023-08-14,43.7,43.9,43.15,43.8,2418679.0
721,2023-08-15,43.8,43.85,43.05,43.25,1966300.0
722,2023-08-16,43.15,43.55,42.75,43.05,3355832.0
723,2023-08-17,43.2,43.35,42.6,43.0,2530340.0
724,2023-08-18,43.35,43.35,42.05,42.25,3240630.0
725,2023-08-21,42.1,42.25,41.8,41.85,2865906.0
726,2023-08-22,42.05,42.3,41.4,41.65,2466158.0
727,2023-08-23,41.4,42.0,41.4,41.65,2086726.0
728,2023-08-24,41.75,42.8,41.5,42.6,2182280.0
729,2023-08-25,42.75,42.8,42.0,42.15,1903986.0
730,2023-08-28,42.9,43.25,42.45,42.7,1394000.0
731,2023-08-29,43.2,43.4,42.8,43.25,2781293.0
732,2023-08-30,43.5,43.6,42.5,42.75,3938234.0
733,2023-08-31,43.45,44.7,43.05,44.05,8001869.0
734,2023-09-04,44.75,45.0,44.25,44.5,5343534.0
735,2023-09-05,44.5,44.5,43.55,43.8,2576310.0
736,2023-09-06,43.55,43.95,43.3,43.85,2599380.0
737,2023-09-07,43.85,44.15,43.6,43.9,2397569.0
738,2023-09-11,43.9,44.6,43.25,44.5,4824884.0
739,2023-09-12,44.5,44.5,43.65,43.7,1682876.0
740,2023-09-13,44.3,44.55,44.0,44.15,2086429.0
741,2023-09-14,44.75,44.75,43.95,44.5,3190893.0
742,2023-09-15,44.7,44.75,44.25,44.5,4917000.0
743,2023-09-18,44.1,44.7,43.9,44.15,1999746.0
744,2023-09-19,44.4,44.4,43.95,44.3,1204044.0
745,2023-09-20,44.3,44.4,43.8,44.15,2571459.0
746,2023-09-21,44.0,44.0,42.7,42.75,2174651.0
747,2023-09-22,42.65,43.6,42.45,43.6,2947470.0
748,2023-09-25,43.6,43.65,43.0,43.15,2045899.0
749,2023-09-26,43.15,43.35,42.55,42.95,2320710.0
750,2023-09-27,43.1,43.6,42.9,43.55,1728176.0
751,2023-09-28,43.05,43.6,43.05,43.5,2808262.0
752,2023-09-29,43.5,45.5,43.5,45.0,3687044.0
753,2023-10-03,44.8,44.9,43.5,43.8,3470501.0
754,2023-10-04,43.6,43.9,43.05,43.45,1821520.0
755,2023-10-05,43.4,44.1,43.2,43.9,1545197.0
756,2023-10-06,44.25,44.95,44.25,44.65,2050800.0
757,2023-10-09,44.1,44.75,43.8,44.35,1514791.0
758,2023-10-10,44.75,44.8,44.35,44.55,4148911.0
759,2023-10-11,44.8,45.35,44.3,45.35,7937621.0
760,2023-10-12,45.45,45.9,45.15,45.8,7713512.0
761,2023-10-13,45.8,45.8,43.55,43.75,4074439.0
762,2023-10-16,43.75,44.2,43.5,43.55,2003200.0
763,2023-10-17,43.85,43.95,43.4,43.6,2369720.0
764,2023-10-18,43.5,44.1,43.4,43.85,2773003.0
765,2023-10-19,43.15,43.9,42.95,43.05,2910921.0
766,2023-10-20,42.95,43.45,42.8,42.85,1921046.0
767,2023-10-24,42.9,43.3,42.5,42.85,3001872.0
768,2023-10-25,43.95,44.15,43.35,43.5,2046412.0
769,2023-10-26,43.95,44.35,43.6,44.2,2597706.0
770,2023-10-27,44.2,44.85,44.05,44.65,3137517.0
771,2023-10-30,44.05,45.15,44.05,44.85,3880652.0
772,2023-10-31,44.85,45.0,44.3,44.55,1886995.0
773,2023-11-01,44.95,44.95,44.4,44.5,1963715.0
774,2023-11-02,45.35,45.35,44.05,44.5,2518533.0
775,2023-11-03,44.95,44.95,44.4,44.75,3238991.0
776,2023-11-06,44.95,44.95,44.5,44.8,3643666.0
777,2023-11-07,44.2,44.6,43.8,43.9,3002086.0
778,2023-11-08,43.9,44.7,43.7,44.35,3111929.0
779,2023-11-09,44.7,44.7,43.95,44.15,1291825.0
780,2023-11-10,44.05,44.3,43.6,43.9,2011452.0
781,2023-11-13,44.1,44.45,43.75,44.45,1263846.0
782,2023-11-14,44.45,44.85,44.15,44.15,3348536.0
783,2023-11-15,46.7,46.75,44.9,46.0,20223382.0
784,2023-11-16,46.0,46.1,45.0,45.5,4739236.0
785,2023-11-17,44.9,45.3,44.75,45.05,2943867.0
786,2023-11-20,45.3,45.7,44.9,45.7,3887160.0
787,2023-11-21,45.8,46.0,45.4,45.6,4435904.0
788,2023-11-22,45.8,45.85,45.3,45.55,2517600.0
789,2023-11-23,45.95,46.0,45.4,45.95,3703841.0
790,2023-11-24,45.85,45.85,44.9,45.2,2596800.0
791,2023-11-27,45.0,45.45,44.95,45.35,2817858.0
792,2023-11-28,45.35,45.65,45.05,45.2,3441024.0
793,2023-11-29,45.45,45.45,43.35,43.75,5957263.0
794,2023-11-30,44.55,45.2,44.0,44.6,33707334.0
795,2023-12-01,44.9,45.05,44.15,44.25,4039851.0
796,2023-12-04,44.75,45.1,44.25,44.85,5390816.0
797,2023-12-05,44.8,45.1,44.45,44.85,4087852.0
798,2023-12-06,45.05,45.05,44.25,44.55,3017993.0
799,2023-12-07,44.45,44.7,43.95,44.45,2256548.0
800,2023-12-08,44.65,45.1,44.0,44.95,3545078.0
801,2023-12-11,44.0,44.8,43.95,44.65,3486453.0
802,2023-12-12,44.65,44.8,44.1,44.55,3012956.0
803,2023-12-13,44.65,45.1,44.5,45.05,2732085.0
804,2023-12-14,45.05,45.55,44.3,45.0,4846270.0
805,2023-12-15,45.05,45.3,44.65,45.15,8260500.0
806,2023-12-18,44.95,45.25,44.75,44.9,1372034.0
807,2023-12-19,44.85,45.0,44.35,45.0,1792678.0
808,2023-12-20,45.25,45.25,44.75,44.9,2976701.0
809,2023-12-21,44.9,45.0,44.5,44.75,2680991.0
810,2023-12-22,44.9,45.2,44.55,44.7,2518301.0
811,2023-12-27,44.7,45.05,44.55,44.95,2971538.0
812,2023-12-28,45.25,45.25,44.75,45.2,5246632.0
813,2023-12-29,45.2,45.35,44.95,45.15,1945796.0
814,2024-01-02,45.45,45.45,44.0,44.25,1933686.0
815,2024-01-03,43.9,44.05,43.15,43.55,6527373.0
816,2024-01-04,43.4,43.45,42.5,42.85,4745796.0
817,2024-01-05,42.6,42.85,42.2,42.4,3101275.0
818,2024-01-08,42.4,42.55,41.2,41.25,4264243.0
819,2024-01-09,41.45,41.85,41.1,41.4,4169793.0
820,2024-01-10,41.3,41.55,40.75,41.15,3903374.0
821,2024-01-11,41.1,41.45,40.65,41.2,3258344.0
822,2024-01-12,40.95,41.4,40.65,41.25,3464142.0
823,2024-01-15,41.25,41.7,40.95,41.55,1728319.0
824,2024-01-16,41.55,41.55,39.7,39.9,5479376.0
825,2024-01-17,39.55,39.55,37.95,38.5,16902853.0
826,2024-01-18,38.7,39.0,38.0,38.85,5701723.0
827,2024-01-19,38.95,39.9,38.75,39.75,5434926.0
828,2024-01-22,39.75,39.9,39.1,39.6,6837766.0
