,date,open,high,low,close,volume
0,2021-03-23,254.0,256.6,251.6,252.0,14625056.0
1,2021-03-24,254.2,254.2,249.4,250.8,5534503.0
2,2021-03-25,228.0,231.0,222.0,226.6,10107908.0
3,2021-03-26,206.0,220.2,200.4,217.4,37316476.0
4,2021-03-29,211.0,215.0,203.2,203.4,27790589.0
5,2021-03-30,202.0,210.6,200.8,201.8,20828834.0
6,2021-03-31,214.0,214.8,211.4,213.0,8981228.0
7,2021-04-01,213.6,219.8,213.0,218.2,13225943.0
8,2021-04-07,222.0,224.0,218.0,221.4,7242809.0
9,2021-04-08,216.6,219.0,216.0,218.6,7661835.0
10,2021-04-09,221.4,221.6,216.2,218.0,3480738.0
11,2021-04-12,214.0,215.4,208.2,210.0,4861127.0
12,2021-04-13,209.4,211.2,205.0,205.4,2742774.0
13,2021-04-14,210.0,213.0,208.4,212.0,2093476.0
14,2021-04-15,214.0,214.0,208.2,210.4,2087919.0
15,2021-04-16,205.0,207.6,204.2,207.0,3916180.0
16,2021-04-19,207.0,212.6,206.2,210.6,3178357.0
17,2021-04-20,205.0,206.2,204.2,205.2,4367169.0
18,2021-04-21,202.2,202.8,200.6,201.6,4418859.0
19,2021-04-22,206.2,208.6,206.0,208.0,2343952.0
20,2021-04-23,208.0,211.8,206.8,210.4,2065720.0
21,2021-04-26,213.4,218.8,211.8,214.6,4185243.0
22,2021-04-27,210.4,211.2,209.2,210.6,2163966.0
23,2021-04-28,210.2,213.4,210.2,211.8,2269223.0
24,2021-04-29,210.6,211.8,208.4,210.8,1988469.0
25,2021-04-30,207.0,207.0,205.0,205.8,2668710.0
26,2021-05-03,205.0,206.2,203.6,204.4,1127177.0
27,2021-05-04,201.0,201.8,200.4,201.4,3178978.0
28,2021-05-05,196.0,196.0,193.9,194.3,6017056.0
29,2021-05-06,189.5,190.7,187.0,189.7,5581742.0
30,2021-05-07,186.8,188.3,184.6,185.5,4579046.0
31,2021-05-10,185.0,187.2,181.6,183.0,3418866.0
32,2021-05-11,178.4,178.4,170.6,176.6,5337123.0
33,2021-05-12,182.4,185.9,182.1,184.0,4175374.0
34,2021-05-13,180.0,180.0,177.9,178.8,2928869.0
35,2021-05-14,176.0,176.5,172.4,176.1,3322294.0
36,2021-05-17,182.5,185.1,181.7,183.0,3426291.0
37,2021-05-18,188.0,189.6,185.5,186.7,2735997.0
38,2021-05-20,185.0,186.7,182.8,186.0,3891474.0
39,2021-05-21,189.9,190.9,188.1,188.7,3611739.0
40,2021-05-24,183.9,185.0,181.3,184.0,3046499.0
41,2021-05-25,185.1,188.5,184.5,187.4,3200970.0
42,2021-05-26,189.3,191.3,188.5,189.4,3085812.0
43,2021-05-27,189.4,190.7,188.1,189.6,1635113.0
44,2021-05-28,190.8,190.8,186.4,187.8,1897293.0
45,2021-05-31,190.6,192.6,189.0,192.5,1926866.0
46,2021-06-01,194.3,197.2,193.0,195.5,3668630.0
47,2021-06-02,196.4,198.2,194.1,196.2,2816549.0
48,2021-06-03,192.0,192.5,189.7,190.5,3526495.0
49,2021-06-04,183.3,185.8,182.1,184.6,5813096.0
50,2021-06-07,187.7,188.5,185.0,185.2,1782928.0
51,2021-06-08,185.0,185.0,182.4,184.2,1295985.0
52,2021-06-09,182.4,183.8,182.4,183.7,1077474.0
53,2021-06-10,182.3,183.7,181.8,182.5,1675843.0
54,2021-06-11,184.0,185.3,183.0,183.1,1307653.0
55,2021-06-15,186.0,186.5,183.0,183.6,2134072.0
56,2021-06-16,182.0,182.3,179.5,180.6,2354678.0
57,2021-06-17,180.2,181.0,179.3,179.8,1619993.0
58,2021-06-18,181.1,181.6,178.9,181.4,2533909.0
59,2021-06-21,181.1,181.7,179.1,181.0,1568180.0
60,2021-06-22,180.9,180.9,178.9,179.0,1502536.0
61,2021-06-23,180.8,184.4,180.8,182.7,2333839.0
62,2021-06-24,184.1,185.8,183.0,185.0,1522560.0
63,2021-06-25,187.1,192.4,187.1,190.5,3636442.0
64,2021-06-28,190.5,197.8,190.5,196.7,2593679.0
65,2021-06-29,198.0,198.6,196.0,197.2,4551388.0
66,2021-06-30,199.7,200.0,197.8,199.4,3503972.0
67,2021-07-02,196.0,196.0,191.2,193.3,3463290.0
68,2021-07-05,188.3,190.0,183.0,185.3,4878188.0
69,2021-07-06,186.4,186.7,184.3,185.9,1889946.0
70,2021-07-07,183.0,183.0,180.0,181.9,3692741.0
71,2021-07-08,177.1,178.0,172.2,173.5,6912480.0
72,2021-07-09,170.6,175.3,170.4,174.4,4632609.0
73,2021-07-12,177.0,177.0,173.0,175.0,2074244.0
74,2021-07-13,177.7,183.0,175.7,180.8,4318000.0
75,2021-07-14,180.6,181.0,178.5,179.5,2165095.0
76,2021-07-15,177.0,179.7,175.9,178.6,2964145.0
77,2021-07-16,179.1,181.0,178.2,179.3,1258399.0
78,2021-07-19,175.0,175.0,171.3,172.5,3496490.0
79,2021-07-20,174.0,174.0,171.2,171.9,1468205.0
80,2021-07-21,174.8,174.8,170.6,172.1,2033385.0
81,2021-07-22,174.5,176.4,174.0,175.4,1720171.0
82,2021-07-23,174.0,174.0,171.1,171.8,1489191.0
83,2021-07-26,168.5,168.5,160.0,160.0,5613803.0
84,2021-07-27,158.5,159.2,146.4,148.3,5851198.0
85,2021-07-28,152.0,155.5,149.0,153.3,4944021.0
86,2021-07-29,163.8,165.1,160.1,164.8,4732521.0
87,2021-07-30,164.9,164.9,155.9,158.2,3209542.0
88,2021-08-02,160.9,163.1,158.5,161.6,2456307.0
89,2021-08-03,163.0,164.0,158.4,161.1,2893105.0
90,2021-08-04,161.1,164.0,158.0,161.7,1891382.0
91,2021-08-05,160.0,161.9,157.5,159.2,2182264.0
92,2021-08-06,160.0,162.1,158.4,161.0,1365432.0
93,2021-08-09,158.0,161.2,158.0,159.3,2431731.0
94,2021-08-10,164.5,164.5,160.4,164.0,2401217.0
95,2021-08-11,162.2,163.5,161.5,162.4,1925229.0
96,2021-08-12,161.0,161.5,158.1,159.0,2531375.0
97,2021-08-13,153.9,155.2,153.0,154.1,3469252.0
98,2021-08-16,149.0,149.3,144.5,146.7,5394869.0
99,2021-08-17,143.1,143.4,136.2,138.7,7277563.0
100,2021-08-18,138.7,142.1,138.6,139.4,3638937.0
101,2021-08-19,140.0,140.3,135.6,136.0,3229422.0
102,2021-08-20,136.3,139.2,133.0,133.5,5383231.0
103,2021-08-23,136.5,138.5,134.2,134.6,3717960.0
104,2021-08-24,140.2,147.3,140.0,146.2,5368166.0
105,2021-08-25,152.8,153.1,149.0,149.9,2941691.0
106,2021-08-26,151.5,151.9,147.8,148.9,1926088.0
107,2021-08-27,150.9,153.7,149.8,150.5,2668206.0
108,2021-08-30,151.9,153.2,148.9,151.8,2447110.0
109,2021-08-31,149.8,152.8,147.3,152.8,3304042.0
110,2021-09-01,153.0,156.2,152.6,154.6,2549043.0
111,2021-09-02,159.2,165.0,159.2,163.2,5958570.0
112,2021-09-03,161.0,161.0,157.8,158.6,4691827.0
113,2021-09-06,159.0,162.7,157.5,161.8,2733652.0
114,2021-09-07,164.0,168.5,163.0,164.6,6649376.0
115,2021-09-08,165.0,166.0,162.6,163.6,6042179.0
116,2021-09-09,158.1,158.2,155.0,156.0,7184683.0
117,2021-09-10,160.3,163.0,158.1,162.1,3281470.0
118,2021-09-13,160.0,161.3,155.7,157.5,3407186.0
119,2021-09-14,159.3,160.5,154.3,156.0,2569162.0
120,2021-09-15,157.0,157.6,153.7,154.1,2925226.0
121,2021-09-16,157.3,158.0,153.6,155.4,2756698.0
122,2021-09-17,153.6,162.5,153.6,159.1,21774380.0
123,2021-09-20,158.6,158.6,155.5,156.4,4453948.0
124,2021-09-21,150.8,153.6,149.6,153.4,5330028.0
125,2021-09-23,158.0,160.3,155.5,156.5,2937025.0
126,2021-09-24,156.0,157.9,154.0,154.8,2272208.0
127,2021-09-27,153.0,155.4,151.6,153.2,2859597.0
128,2021-09-28,152.2,154.4,150.6,153.3,2818888.0
129,2021-09-29,150.0,151.7,148.1,151.4,2319722.0
130,2021-09-30,150.0,150.0,146.5,148.4,1686744.0
131,2021-10-04,149.8,149.8,145.6,145.9,1561317.0
132,2021-10-05,141.3,144.1,141.1,143.8,2263234.0
133,2021-10-06,147.0,147.0,142.6,143.3,2072973.0
134,2021-10-07,147.1,150.7,145.2,150.3,2648281.0
135,2021-10-08,151.6,153.4,150.5,152.9,2055927.0
136,2021-10-11,156.4,164.4,156.4,162.7,4707482.0
137,2021-10-12,159.1,159.8,155.6,156.2,2673572.0
138,2021-10-15,159.3,162.2,158.1,161.0,3469246.0
139,2021-10-18,161.0,167.9,157.0,167.7,5367935.0
140,2021-10-19,167.0,170.0,164.5,169.3,6595171.0
141,2021-10-20,174.8,178.3,173.0,177.1,7881980.0
142,2021-10-21,177.0,177.0,171.8,175.5,4500738.0
143,2021-10-22,177.0,178.9,176.0,177.6,3185718.0
144,2021-10-25,173.3,175.0,171.7,172.2,2802387.0
145,2021-10-26,169.8,171.8,168.5,169.6,2663931.0
146,2021-10-27,163.0,163.7,161.1,163.1,3060291.0
147,2021-10-28,164.0,165.5,162.3,163.5,1147437.0
148,2021-10-29,163.5,163.8,161.5,162.0,1114539.0
149,2021-11-01,159.0,159.0,155.8,157.1,3013940.0
150,2021-11-02,165.7,166.6,159.8,161.9,4279365.0
151,2021-11-03,159.0,159.3,156.1,158.1,3572175.0
152,2021-11-04,162.4,164.6,161.1,162.0,1879071.0
153,2021-11-05,159.2,160.6,158.0,159.7,1966920.0
154,2021-11-08,155.5,155.9,153.0,155.9,3544774.0
155,2021-11-09,158.0,158.3,156.8,157.5,1375835.0
156,2021-11-10,156.9,161.6,155.9,161.3,1706726.0
157,2021-11-11,156.0,161.5,156.0,160.5,2065216.0
158,2021-11-12,162.0,165.7,162.0,164.8,2878682.0
159,2021-11-15,166.0,167.5,165.2,166.5,3981327.0
160,2021-11-16,167.0,169.8,164.5,168.9,2626282.0
161,2021-11-17,168.5,170.0,166.5,169.7,3675590.0
162,2021-11-18,158.0,158.4,155.1,156.4,9067490.0
163,2021-11-19,151.0,153.0,149.4,151.3,4409987.0
164,2021-11-22,149.2,150.0,147.3,148.1,3172611.0
165,2021-11-23,144.2,145.5,143.3,144.6,2600910.0
166,2021-11-24,145.0,148.0,145.0,145.9,2582612.0
167,2021-11-25,146.5,153.7,146.5,152.4,4070720.0
168,2021-11-26,152.0,154.2,147.5,147.7,3931644.0
169,2021-11-29,149.0,152.7,148.3,148.8,2252656.0
170,2021-11-30,147.1,147.8,142.8,145.0,2968041.0
171,2021-12-01,146.5,149.0,146.0,147.7,2182920.0
172,2021-12-02,146.2,148.5,146.0,147.3,2334081.0
173,2021-12-03,146.6,146.6,141.0,143.0,4342567.0
174,2021-12-06,135.0,138.0,133.6,134.8,7028530.0
175,2021-12-07,145.0,148.2,141.6,148.0,5397765.0
176,2021-12-08,148.5,148.5,144.3,145.0,3024538.0
177,2021-12-09,148.9,148.9,146.0,147.2,2669056.0
178,2021-12-10,145.9,147.2,145.0,145.9,1920718.0
179,2021-12-13,146.2,148.6,144.8,145.2,2331171.0
180,2021-12-14,141.5,141.5,139.2,140.3,2803419.0
181,2021-12-15,138.9,140.3,135.9,136.5,2144992.0
182,2021-12-16,137.0,140.2,136.0,139.1,2403104.0
183,2021-12-17,138.2,138.2,136.5,137.9,4928271.0
184,2021-12-20,140.5,141.5,134.7,135.6,3581209.0
185,2021-12-21,135.2,137.1,134.1,136.6,2346053.0
186,2021-12-22,143.9,143.9,137.9,139.0,2016026.0
187,2021-12-23,139.2,141.0,137.9,138.6,1657542.0
188,2021-12-24,141.0,141.0,138.1,139.1,909584.0
189,2021-12-28,141.0,141.0,138.1,139.6,2446237.0
190,2021-12-29,136.6,137.5,135.5,136.7,2188375.0
191,2021-12-30,133.4,135.0,132.0,133.5,2390127.0
192,2021-12-31,145.1,146.5,144.0,144.6,3596973.0
193,2022-01-03,146.0,147.3,143.3,143.6,1175223.0
194,2022-01-04,145.8,146.8,144.2,144.9,2769847.0
195,2022-01-05,143.8,143.8,138.9,139.1,3869761.0
196,2022-01-06,140.7,142.5,139.3,142.0,2129465.0
197,2022-01-07,146.6,149.3,145.8,149.0,3141650.0
198,2022-01-10,149.7,152.4,147.5,151.8,2604588.0
199,2022-01-11,148.0,148.9,145.7,146.5,3433339.0
200,2022-01-12,152.1,156.5,151.7,155.4,5374938.0
201,2022-01-13,156.2,156.4,151.6,153.0,3063272.0
202,2022-01-14,149.0,150.1,147.2,149.9,2249191.0
203,2022-01-17,150.3,150.4,146.7,147.5,1991691.0
204,2022-01-18,149.7,150.7,146.9,147.8,3269677.0
205,2022-01-19,151.9,152.3,148.3,148.9,2216015.0
206,2022-01-20,152.0,159.3,149.5,158.3,6744776.0
207,2022-01-21,159.3,160.7,155.5,159.7,5056648.0
208,2022-01-24,155.7,155.7,151.5,152.4,3733910.0
209,2022-01-25,145.9,147.7,143.5,145.7,5014669.0
210,2022-01-26,147.0,150.1,147.0,148.5,2404475.0
211,2022-01-27,145.1,145.6,141.3,142.5,4579823.0
212,2022-01-28,144.7,144.7,140.0,141.5,3243381.0
213,2022-01-31,141.9,146.3,141.1,143.8,1796835.0
214,2022-02-04,151.2,152.5,149.5,152.4,3203701.0
215,2022-02-07,152.9,154.6,151.6,153.3,1713450.0
216,2022-02-08,152.2,152.9,149.3,150.4,1696309.0
217,2022-02-09,156.5,159.3,155.0,157.5,3702834.0
218,2022-02-10,160.0,161.2,158.2,159.8,1620263.0
219,2022-02-11,159.8,160.2,157.0,158.9,1713234.0
220,2022-02-14,156.7,158.0,154.8,156.1,1566201.0
221,2022-02-15,157.5,158.3,155.0,156.6,1455374.0
222,2022-02-16,160.7,162.5,160.5,161.6,1996592.0
223,2022-02-17,163.0,165.0,161.0,163.6,2500738.0
224,2022-02-18,163.6,165.6,159.6,160.1,2583870.0
225,2022-02-21,154.0,156.1,152.1,153.7,3146005.0
226,2022-02-22,150.3,152.4,148.2,151.3,3297882.0
227,2022-02-23,148.1,152.2,148.0,150.9,3386612.0
228,2022-02-24,146.5,147.0,141.5,142.8,4574711.0
229,2022-02-25,146.6,148.1,144.1,144.8,3553570.0
230,2022-02-28,146.3,147.4,144.0,147.4,3579241.0
231,2022-03-01,147.4,149.4,146.3,148.1,2533393.0
232,2022-03-02,161.8,161.9,156.7,158.1,8197820.0
233,2022-03-03,158.4,160.9,156.5,159.0,4057079.0
234,2022-03-04,149.8,151.4,148.0,149.0,4940764.0
235,2022-03-07,135.1,142.3,135.0,140.2,4652002.0
236,2022-03-08,135.4,139.0,131.1,133.1,6029964.0
237,2022-03-09,135.0,136.4,129.5,133.6,4459492.0
238,2022-03-10,140.7,143.6,136.9,138.2,4132228.0
239,2022-03-11,133.1,134.0,129.5,131.5,9005168.0
240,2022-03-14,117.6,117.6,108.0,108.1,13082951.0
241,2022-03-15,108.1,110.0,99.0,100.0,14393759.0
242,2022-03-16,104.0,121.0,103.2,120.4,12303427.0
243,2022-03-17,138.4,148.0,135.2,139.9,13937103.0
244,2022-03-18,143.0,150.0,142.0,149.4,22036553.0
245,2022-03-21,146.2,147.0,138.0,140.6,10188183.0
246,2022-03-22,142.9,149.3,141.9,148.7,4480525.0
247,2022-03-23,150.5,157.0,150.5,153.8,7677577.0
248,2022-03-24,152.8,156.8,148.6,150.0,4933775.0
249,2022-03-25,147.3,148.4,140.1,142.0,6641754.0
250,2022-03-28,142.0,146.3,138.1,142.5,4156387.0
251,2022-03-29,145.5,147.5,144.4,146.0,2494391.0
252,2022-03-30,144.6,146.2,142.2,146.2,3633186.0
253,2022-03-31,141.0,141.9,138.6,141.5,5149946.0
254,2022-04-01,130.5,135.2,129.0,135.2,8625797.0
255,2022-04-04,141.2,146.8,140.7,145.7,5711370.0
256,2022-04-06,142.8,144.9,141.5,142.6,4762511.0
257,2022-04-07,137.6,140.3,136.2,137.5,4485574.0
258,2022-04-08,134.5,135.9,133.1,135.3,4098770.0
259,2022-04-11,128.0,132.0,127.5,128.2,5423512.0
260,2022-04-12,130.0,132.4,125.8,129.4,3180650.0
261,2022-04-13,129.1,130.0,126.2,128.9,3690490.0
262,2022-04-14,130.9,133.2,130.6,131.4,2244939.0
263,2022-04-19,125.6,126.0,122.6,124.4,5377191.0
264,2022-04-20,123.4,125.9,122.7,123.6,2181078.0
265,2022-04-21,121.0,122.9,117.7,119.4,4519966.0
266,2022-04-22,113.0,118.6,111.6,116.8,3264734.0
267,2022-04-25,112.6,113.4,108.1,108.6,5653312.0
268,2022-04-26,114.0,118.8,112.6,114.2,5625858.0
269,2022-04-27,112.0,114.7,111.0,113.7,3340153.0
270,2022-04-28,118.0,119.0,116.4,118.4,3937938.0
271,2022-04-29,120.7,133.1,116.6,130.6,9010286.0
272,2022-05-03,126.0,128.4,121.9,126.3,4262821.0
273,2022-05-04,125.7,125.7,121.4,122.5,2641805.0
274,2022-05-05,127.0,129.9,125.0,125.7,3521654.0
275,2022-05-06,121.1,121.7,117.7,117.9,3930371.0
276,2022-05-10,105.4,110.3,104.5,109.5,7235088.0
277,2022-05-11,106.7,113.8,106.3,110.6,4394189.0
278,2022-05-12,106.0,110.5,104.2,104.5,6306082.0
279,2022-05-13,109.7,111.7,108.1,111.0,5682846.0
280,2022-05-16,115.6,116.8,111.5,113.3,3887041.0
281,2022-05-17,116.0,120.4,116.0,119.3,5101472.0
282,2022-05-18,120.7,122.8,118.4,121.3,4668998.0
283,2022-05-19,118.0,119.3,115.2,117.5,4358299.0
284,2022-05-20,123.8,124.8,122.2,123.6,5189867.0
285,2022-05-23,123.5,124.6,121.3,123.0,3477274.0
286,2022-05-24,119.5,122.3,116.0,117.3,3057531.0
287,2022-05-25,114.3,117.3,113.1,115.5,4348054.0
288,2022-05-26,118.0,118.3,113.6,115.7,4394858.0
289,2022-05-27,133.0,134.3,131.2,132.2,10203896.0
290,2022-05-30,137.0,138.2,135.0,137.6,6779255.0
291,2022-05-31,139.2,147.5,138.3,147.5,21728760.0
292,2022-06-01,140.9,142.6,138.9,140.2,9171116.0
293,2022-06-02,139.7,140.2,138.5,139.1,5275571.0
294,2022-06-06,143.0,147.9,141.7,146.3,7527041.0
295,2022-06-07,143.9,144.5,141.0,143.4,6791073.0
296,2022-06-08,147.9,153.0,147.2,152.1,12926193.0
297,2022-06-09,151.4,152.8,147.1,149.8,14083191.0
298,2022-06-10,140.7,150.9,140.3,149.9,30540281.0
299,2022-06-13,139.0,141.5,137.5,139.1,9549418.0
300,2022-06-14,132.9,137.0,130.0,136.2,9264242.0
301,2022-06-15,139.9,145.4,139.5,142.3,9403715.0
302,2022-06-16,143.1,146.6,136.8,138.2,7251334.0
303,2022-06-17,134.4,141.2,134.4,138.9,6143057.0
304,2022-06-20,139.2,141.1,137.4,139.9,4377326.0
305,2022-06-21,142.0,144.2,140.5,143.1,5723523.0
306,2022-06-22,145.0,145.0,140.4,140.5,6512792.0
307,2022-06-23,141.8,144.0,140.3,142.2,5220312.0
308,2022-06-24,144.3,149.3,143.7,147.8,6948769.0
309,2022-06-27,151.0,154.5,149.7,152.5,8393821.0
310,2022-06-28,152.6,155.7,149.9,154.7,7312854.0
311,2022-06-29,150.3,153.4,148.1,150.0,6802602.0
312,2022-06-30,150.8,152.4,147.0,148.5,8309126.0
313,2022-07-04,148.5,152.1,147.2,151.9,8302227.0
314,2022-07-05,154.0,155.2,151.5,152.0,4869115.0
315,2022-07-06,152.0,152.6,148.1,149.9,4813346.0
316,2022-07-07,146.0,147.3,142.7,147.0,5450878.0
317,2022-07-08,151.9,152.6,149.3,150.0,5082064.0
318,2022-07-11,149.2,149.2,143.3,144.8,5221500.0
319,2022-07-12,141.4,143.9,140.5,142.3,3668345.0
320,2022-07-13,142.3,144.9,141.2,141.7,5700611.0
321,2022-07-14,143.8,145.4,141.9,144.3,5665914.0
322,2022-07-15,140.0,140.7,136.0,137.3,5775505.0
323,2022-07-18,137.3,142.7,135.0,141.4,4070001.0
324,2022-07-19,138.6,139.2,136.4,137.2,3522368.0
325,2022-07-20,140.8,143.7,139.8,140.6,3765388.0
326,2022-07-21,140.4,140.4,136.6,139.1,4586896.0
327,2022-07-22,141.3,143.2,139.7,140.1,3044996.0
328,2022-07-25,139.3,139.3,136.1,138.0,3098015.0
329,2022-07-26,139.1,141.7,138.1,140.2,2892117.0
330,2022-07-27,136.8,137.2,135.6,136.3,3989581.0
331,2022-07-28,136.7,139.9,136.7,138.6,4995887.0
332,2022-07-29,139.0,139.2,130.4,132.5,6066458.0
333,2022-08-01,132.5,135.3,130.9,134.4,3496223.0
334,2022-08-02,130.0,130.5,127.0,128.8,4547859.0
335,2022-08-03,133.3,133.3,129.2,130.3,3487033.0
336,2022-08-04,133.5,138.0,133.1,135.8,3403665.0
337,2022-08-05,137.6,138.7,135.3,137.8,3440928.0
338,2022-08-08,133.8,136.4,133.5,135.3,2749364.0
339,2022-08-09,135.3,136.5,133.2,134.5,2337273.0
340,2022-08-10,133.8,133.8,128.6,130.1,3053184.0
341,2022-08-11,134.5,136.8,133.4,136.8,4368829.0
342,2022-08-12,136.8,137.1,134.8,136.4,3014881.0
343,2022-08-15,135.1,137.8,133.4,135.0,3882887.0
344,2022-08-16,137.9,138.6,132.0,134.1,3214270.0
345,2022-08-17,134.3,134.6,130.8,132.8,2417903.0
346,2022-08-18,131.0,131.3,126.8,128.3,4097599.0
347,2022-08-19,125.0,130.1,124.5,127.7,2969961.0
348,2022-08-22,126.0,131.5,126.0,128.9,4735969.0
349,2022-08-23,128.7,132.4,128.7,130.8,5417822.0
350,2022-08-24,131.2,131.6,127.5,129.9,4660118.0
351,2022-08-25,134.1,143.4,134.1,141.8,6082541.0
352,2022-08-26,146.7,147.7,145.0,145.4,5877949.0
353,2022-08-29,147.0,147.0,143.7,145.8,5124094.0
354,2022-08-30,145.7,146.4,141.0,146.3,5348928.0
355,2022-08-31,136.6,144.8,135.6,141.5,13502398.0
356,2022-09-01,139.9,145.5,138.9,141.0,6075706.0
357,2022-09-02,141.1,142.8,138.3,139.3,15002794.0
358,2022-09-05,138.0,138.0,134.9,137.1,11395634.0
359,2022-09-06,139.0,139.3,135.6,137.5,3728088.0
360,2022-09-07,131.5,133.3,130.8,132.4,5279642.0
361,2022-09-08,133.7,134.9,131.8,132.3,5194599.0
362,2022-09-09,134.8,138.1,133.0,137.4,4282427.0
363,2022-09-13,137.0,137.9,135.5,136.1,4475361.0
364,2022-09-14,129.3,130.9,128.3,128.4,6056991.0
365,2022-09-15,127.4,128.0,126.3,127.5,4902585.0
366,2022-09-16,125.0,125.5,122.2,122.5,10311080.0
367,2022-09-19,121.8,122.4,119.2,121.1,6851391.0
368,2022-09-20,122.4,125.4,122.4,124.5,4572518.0
369,2022-09-21,122.8,123.1,120.3,121.0,3715395.0
370,2022-09-22,117.0,118.9,114.6,118.5,4630837.0
371,2022-09-23,117.0,118.6,116.4,116.4,3670516.0
372,2022-09-26,115.5,119.2,115.2,117.2,4045756.0
373,2022-09-27,117.6,119.2,115.2,118.5,4191028.0
374,2022-09-28,116.1,117.1,113.7,114.2,3747059.0
375,2022-09-29,118.5,119.7,113.7,115.4,4287801.0
376,2022-09-30,118.8,118.8,112.9,114.1,5556334.0
377,2022-10-03,114.1,116.6,113.0,114.4,3186395.0
378,2022-10-05,121.9,123.7,120.1,123.1,6075213.0
379,2022-10-06,121.5,123.5,120.4,122.1,2263466.0
380,2022-10-07,120.4,120.9,119.0,119.5,2465214.0
381,2022-10-10,118.8,118.8,115.4,116.1,3208279.0
382,2022-10-11,114.1,114.1,108.9,109.4,5234615.0
383,2022-10-12,106.3,110.2,104.0,107.0,7529036.0
384,2022-10-13,106.3,106.7,101.9,102.2,5936842.0
385,2022-10-14,105.5,108.3,103.6,104.4,6198581.0
386,2022-10-17,98.9,99.8,95.65,98.85,10002812.0
387,2022-10-18,100.2,102.5,98.75,102.1,5458338.0
388,2022-10-19,101.5,102.3,99.25,99.55,5803652.0
389,2022-10-20,91.0,93.5,89.6,91.5,15011454.0
390,2022-10-21,91.45,91.75,89.3,89.75,8064856.0
391,2022-10-24,85.75,86.95,77.2,78.8,15953242.0
392,2022-10-25,78.55,83.2,75.6,80.15,12524862.0
393,2022-10-26,78.1,83.2,78.1,80.5,11147509.0
394,2022-10-27,83.3,83.85,79.3,80.25,11521100.0
395,2022-10-28,79.45,79.45,74.7,75.7,9323540.0
396,2022-10-31,74.6,78.6,73.7,75.1,9424566.0
397,2022-11-01,76.0,81.85,75.2,80.75,10425580.0
398,2022-11-02,78.6,81.55,76.75,81.05,6685841.0
399,2022-11-03,77.0,77.95,75.5,75.85,8639050.0
400,2022-11-04,75.85,86.55,75.85,82.6,17309142.0
401,2022-11-07,79.8,87.2,79.65,85.85,7171954.0
402,2022-11-08,83.45,84.4,82.1,83.65,4867619.0
403,2022-11-09,82.45,84.1,79.2,80.25,6536842.0
404,2022-11-10,79.0,79.25,77.35,78.3,4388770.0
405,2022-11-11,84.3,86.0,82.5,85.45,13352658.0
406,2022-11-14,90.0,91.0,87.05,88.7,9873868.0
407,2022-11-15,90.0,97.75,89.3,97.0,11464390.0
408,2022-11-16,95.4,98.25,94.15,96.6,7972127.0
409,2022-11-17,93.3,93.9,89.15,92.95,8091178.0
410,2022-11-18,95.8,97.65,92.9,93.75,5169935.0
411,2022-11-21,90.9,92.8,88.2,91.75,4631153.0
412,2022-11-22,92.25,93.5,89.05,89.9,4753622.0
413,2022-11-23,90.85,94.15,90.05,92.95,8107988.0
414,2022-11-24,94.5,96.0,94.0,95.4,4249254.0
415,2022-11-25,95.5,95.5,91.4,92.45,2625145.0
416,2022-11-28,89.3,90.55,87.15,90.05,4591503.0
417,2022-11-29,95.4,98.5,92.3,98.15,6879587.0
418,2022-11-30,98.0,101.6,95.0,101.6,10980368.0
419,2022-12-01,107.2,111.5,106.6,106.8,16064283.0
420,2022-12-02,106.9,108.4,104.8,106.1,7828982.0
421,2022-12-05,111.4,118.1,109.9,117.9,17207023.0
422,2022-12-06,114.7,119.0,114.3,115.5,6345170.0
423,2022-12-07,113.8,120.4,110.7,111.3,12033447.0
424,2022-12-08,112.5,117.8,112.3,116.6,9884703.0
425,2022-12-09,116.2,123.5,116.2,123.0,13853467.0
426,2022-12-12,117.4,117.6,113.8,114.4,8794425.0
427,2022-12-13,113.8,117.3,113.4,114.1,5966422.0
428,2022-12-14,117.0,118.9,115.5,118.2,6221519.0
429,2022-12-15,115.8,116.0,111.5,113.3,5058112.0
430,2022-12-16,110.2,114.6,109.7,112.5,7385343.0
431,2022-12-19,111.0,114.6,110.3,111.1,4953741.0
432,2022-12-20,108.9,108.9,105.0,106.5,6952402.0
433,2022-12-21,106.5,108.0,104.6,106.7,5088609.0
434,2022-12-22,110.5,113.5,110.4,112.6,5075962.0
435,2022-12-23,108.9,113.5,108.9,112.0,4756900.0
436,2022-12-28,112.4,114.8,112.0,113.2,3970856.0
437,2022-12-29,109.4,110.7,107.6,110.0,5702816.0
438,2022-12-30,113.3,113.7,111.1,111.7,3188288.0
439,2023-01-03,109.3,115.8,108.8,114.8,3490383.0
440,2023-01-04,118.5,124.6,116.8,124.2,9586767.0
441,2023-01-05,126.5,129.8,124.6,126.0,8245949.0
442,2023-01-06,128.4,129.0,125.6,127.3,4736235.0
443,2023-01-09,130.0,131.5,127.8,131.4,5943685.0
444,2023-01-10,131.0,131.8,128.9,130.6,4843605.0
445,2023-01-11,132.7,137.3,131.1,133.8,10218983.0
446,2023-01-12,135.6,136.3,129.8,132.6,7037405.0
447,2023-01-13,133.3,134.4,130.7,133.9,4101172.0
448,2023-01-16,136.0,137.3,132.5,134.3,5712942.0
449,2023-01-17,132.0,133.8,129.4,132.1,7768757.0
450,2023-01-18,128.1,128.7,125.3,128.6,9141277.0
451,2023-01-19,123.9,126.5,122.8,125.1,9085868.0
452,2023-01-20,126.2,131.3,126.2,131.2,6978396.0
453,2023-01-26,134.4,134.5,131.9,134.5,6259830.0
454,2023-01-27,135.9,137.5,135.4,136.9,4937093.0
455,2023-01-30,136.0,144.9,133.0,136.1,23496324.0
456,2023-01-31,137.8,138.4,131.0,132.4,12054558.0
457,2023-02-01,133.0,144.9,132.4,144.3,18389967.0
458,2023-02-02,152.5,155.8,150.0,151.5,24449284.0
459,2023-02-03,148.3,149.0,143.4,144.8,14254767.0
460,2023-02-06,137.6,142.9,136.2,140.9,13750079.0
461,2023-02-07,141.5,166.3,141.5,162.5,40848489.0
462,2023-02-08,158.0,160.4,155.0,157.4,21120778.0
463,2023-02-09,149.6,153.3,144.0,151.6,26722240.0
464,2023-02-10,146.4,147.2,139.3,140.4,18012789.0
465,2023-02-13,136.4,144.9,135.2,143.1,22297237.0
466,2023-02-14,145.0,145.3,141.7,143.7,9873488.0
467,2023-02-15,145.2,154.6,142.8,149.1,18831110.0
468,2023-02-16,150.3,153.6,146.9,148.1,12998537.0
469,2023-02-17,146.5,148.5,139.6,141.3,9646348.0
470,2023-02-20,141.3,145.7,140.9,145.0,7046670.0
471,2023-02-21,145.7,145.7,137.7,138.1,11127072.0
472,2023-02-22,138.0,144.2,137.7,140.5,11874714.0
473,2023-02-23,136.4,142.8,135.5,139.8,18749280.0
474,2023-02-24,135.3,136.1,130.7,131.4,18464346.0
475,2023-02-27,130.8,137.4,130.5,134.0,14513455.0
476,2023-02-28,137.0,138.5,134.0,134.8,12426001.0
477,2023-03-01,135.0,146.9,135.0,145.0,17882714.0
478,2023-03-02,141.0,142.6,139.4,141.9,16494143.0
479,2023-03-03,148.3,150.8,146.6,149.4,13383977.0
480,2023-03-06,149.4,150.0,145.7,147.5,9965335.0
481,2023-03-07,147.5,149.3,142.3,144.2,8998184.0
482,2023-03-08,141.1,141.5,137.6,139.5,7676025.0
483,2023-03-09,140.0,141.0,137.4,137.6,6505469.0
484,2023-03-10,128.2,131.1,128.0,129.5,20860924.0
485,2023-03-13,131.5,136.7,129.0,134.0,11655770.0
486,2023-03-14,132.3,134.0,128.5,129.0,8228520.0
487,2023-03-15,134.5,138.3,133.0,133.6,14627735.0
488,2023-03-16,131.3,134.4,120.1,125.1,24310544.0
489,2023-03-17,135.0,146.0,134.0,142.2,32593056.0
490,2023-03-20,146.5,148.0,141.7,143.5,16032017.0
491,2023-03-21,146.2,149.3,143.5,148.1,13130577.0
492,2023-03-22,147.9,149.8,145.8,146.8,8860343.0
493,2023-03-23,145.5,151.1,144.5,150.9,12338438.0
494,2023-03-24,148.5,159.0,148.0,154.4,25836987.0
495,2023-03-27,156.9,157.0,147.4,149.5,15524093.0
496,2023-03-28,153.0,154.3,149.6,152.2,9433978.0
497,2023-03-29,157.1,158.9,153.7,155.1,10271086.0
498,2023-03-30,154.9,154.9,147.7,149.5,13295987.0
499,2023-03-31,150.7,150.8,146.1,148.7,10727324.0
500,2023-04-03,146.5,148.0,142.0,145.6,12568730.0
501,2023-04-04,145.6,147.4,143.1,146.8,8229772.0
502,2023-04-06,141.8,143.1,140.0,142.9,6567361.0
503,2023-04-11,138.5,138.5,132.6,135.2,20209072.0
504,2023-04-12,135.0,135.0,131.8,134.0,12290279.0
505,2023-04-13,133.3,135.7,131.7,134.1,11051373.0
506,2023-04-14,130.8,131.0,128.1,130.0,8507837.0
507,2023-04-17,128.0,131.8,127.2,131.0,6655639.0
508,2023-04-18,129.4,130.0,128.4,129.6,5734964.0
509,2023-04-19,128.8,129.1,125.6,126.4,8649679.0
510,2023-04-20,126.4,127.7,126.0,126.2,4869840.0
511,2023-04-21,125.5,126.2,121.5,122.8,6313569.0
512,2023-04-24,122.5,124.8,119.6,121.9,4957227.0
513,2023-04-25,120.1,120.7,115.4,117.4,10389111.0
514,2023-04-26,117.4,119.6,117.0,117.5,9374640.0
515,2023-04-27,116.8,116.8,113.6,115.5,8881938.0
516,2023-04-28,116.5,117.8,115.0,115.7,8405991.0
517,2023-05-02,118.9,123.4,117.5,118.0,9159722.0
518,2023-05-03,114.7,115.5,112.8,114.3,8564507.0
519,2023-05-04,114.6,117.1,114.3,115.3,5242019.0
520,2023-05-05,119.2,122.5,118.8,119.7,7826107.0
521,2023-05-08,119.6,122.1,119.6,121.0,4667442.0
522,2023-05-09,119.6,121.0,114.8,115.6,7782496.0
523,2023-05-10,116.4,117.0,113.8,114.5,7454762.0
524,2023-05-11,116.9,116.9,113.8,115.6,5784347.0
525,2023-05-12,120.7,121.4,118.6,119.1,10929971.0
526,2023-05-15,117.7,122.5,117.2,120.9,6405421.0
527,2023-05-16,124.6,125.2,123.4,124.3,7765792.0
528,2023-05-17,129.0,129.1,122.7,123.8,18991468.0
529,2023-05-18,127.2,127.3,124.5,125.6,13892765.0
530,2023-05-19,123.3,123.3,119.4,120.0,9177053.0
531,2023-05-22,121.5,125.9,121.5,124.0,6995364.0
532,2023-05-23,124.4,125.0,120.8,122.1,4407919.0
533,2023-05-24,119.8,120.9,118.2,119.1,4643692.0
534,2023-05-25,118.0,118.6,115.3,116.5,7446282.0
535,2023-05-29,122.4,123.5,119.1,119.7,9174873.0
536,2023-05-30,119.9,124.3,119.4,123.7,8032976.0
537,2023-05-31,121.4,121.4,117.1,119.4,10887812.0
538,2023-06-01,120.2,125.2,118.7,121.6,10953477.0
539,2023-06-02,127.4,131.3,126.7,130.5,21447594.0
540,2023-06-05,130.6,131.3,127.5,129.9,7232778.0
541,2023-06-06,128.6,130.9,128.3,129.8,5248144.0
542,2023-06-07,134.1,135.0,131.3,132.4,6959909.0
543,2023-06-08,130.0,131.1,128.7,130.6,4076940.0
544,2023-06-09,130.6,134.0,129.8,132.7,8909677.0
545,2023-06-12,132.7,133.0,130.0,131.7,4902573.0
546,2023-06-13,132.5,140.3,132.2,138.1,13678257.0
547,2023-06-14,140.6,142.0,138.4,140.0,8191156.0
548,2023-06-15,143.8,146.0,142.6,145.9,11096967.0
549,2023-06-16,146.2,146.5,143.6,145.1,10678119.0
550,2023-06-19,142.7,143.3,138.6,142.5,6694336.0
551,2023-06-20,143.7,145.9,141.8,142.7,7655890.0
552,2023-06-21,139.2,141.3,138.5,140.3,8400709.0
553,2023-06-23,139.0,139.6,136.2,138.2,5834993.0
554,2023-06-26,137.8,140.3,136.5,137.1,5794873.0
555,2023-06-27,137.1,139.8,136.1,139.0,4812397.0
556,2023-06-28,139.0,141.5,137.4,140.5,4717754.0
557,2023-06-29,138.6,139.4,134.0,134.6,7283920.0
558,2023-06-30,132.1,134.4,131.0,132.8,6440994.0
559,2023-07-03,134.0,140.4,134.0,138.9,5067453.0
560,2023-07-04,139.9,143.9,139.8,141.1,4515685.0
561,2023-07-05,139.4,142.0,138.6,139.3,3089574.0
562,2023-07-06,138.9,141.9,136.0,137.7,5186723.0
563,2023-07-07,136.0,139.4,133.8,137.4,4197879.0
564,2023-07-10,141.7,142.3,136.6,137.7,3291482.0
565,2023-07-11,139.6,141.6,138.4,139.2,3457168.0
566,2023-07-12,141.7,144.6,140.6,142.0,6195961.0
567,2023-07-13,146.3,148.5,144.9,148.3,11287023.0
568,2023-07-14,149.6,150.0,146.6,147.9,7226843.0
569,2023-07-18,147.9,147.9,143.5,144.4,3822130.0
570,2023-07-19,141.5,142.3,137.5,142.1,6770368.0
571,2023-07-20,141.5,143.6,139.9,140.6,3711059.0
572,2023-07-21,139.0,142.5,138.9,140.6,4433384.0
573,2023-07-24,137.5,138.7,134.3,135.3,5873413.0
574,2023-07-25,144.9,147.4,143.2,146.8,11327892.0
575,2023-07-26,144.9,146.8,143.6,144.1,5278888.0
576,2023-07-27,145.1,146.7,143.5,145.7,4567236.0
577,2023-07-28,143.8,149.7,143.5,148.7,6528167.0
578,2023-07-31,151.6,155.5,151.0,152.9,12033028.0
579,2023-08-01,152.9,155.8,149.9,152.2,7340573.0
580,2023-08-02,150.0,150.4,144.8,146.5,5881531.0
581,2023-08-03,144.5,147.1,144.1,144.8,4994910.0
582,2023-08-04,147.4,148.6,144.6,147.0,5250561.0
583,2023-08-07,145.0,147.3,144.6,146.5,2746357.0
584,2023-08-08,143.3,144.0,140.0,140.8,6562934.0
585,2023-08-09,139.0,141.9,139.0,141.0,5117504.0
586,2023-08-10,139.0,141.3,138.8,140.6,3442157.0
587,2023-08-11,142.1,142.1,137.5,137.8,3358554.0
588,2023-08-14,135.1,135.4,132.1,134.6,8160471.0
589,2023-08-15,133.3,137.4,133.3,134.3,3982677.0
590,2023-08-16,131.4,131.6,129.3,130.6,8109584.0
591,2023-08-17,127.2,130.5,125.4,129.6,8422265.0
592,2023-08-18,128.4,129.7,125.8,126.1,4503938.0
593,2023-08-21,123.5,124.9,121.5,121.9,8279329.0
594,2023-08-22,123.6,125.2,120.8,123.0,7299251.0
595,2023-08-23,125.0,130.0,124.8,128.4,11058005.0
596,2023-08-24,132.0,136.1,131.1,134.4,11588385.0
597,2023-08-25,131.5,133.8,131.4,131.9,5344349.0
598,2023-08-28,137.8,139.0,132.5,132.7,4762801.0
599,2023-08-29,134.4,136.9,133.9,135.6,4168566.0
600,2023-08-30,138.0,139.4,136.1,136.5,8990435.0
601,2023-08-31,141.3,143.1,138.7,139.4,12015369.0
602,2023-09-04,142.2,145.0,141.6,144.2,11307398.0
603,2023-09-05,142.3,144.5,141.4,142.0,5783218.0
604,2023-09-06,138.5,140.7,137.7,139.7,4177848.0
605,2023-09-07,139.6,139.6,136.4,137.0,3912132.0
606,2023-09-11,133.3,137.9,132.8,137.0,5122847.0
607,2023-09-12,134.6,137.3,134.1,136.4,4396816.0
608,2023-09-13,135.0,136.4,134.1,135.1,4098086.0
609,2023-09-14,135.1,136.2,133.5,135.0,2679379.0
610,2023-09-15,134.2,136.3,133.0,134.2,5064558.0
611,2023-09-18,133.0,134.4,131.9,132.2,3488993.0
612,2023-09-19,132.2,132.2,130.1,130.9,3437293.0
613,2023-09-20,129.8,130.0,127.4,128.4,4293564.0
614,2023-09-21,127.1,128.3,125.3,126.1,4981781.0
615,2023-09-22,124.3,130.0,124.2,129.6,5593337.0
616,2023-09-25,129.8,129.8,127.1,127.4,2759084.0
617,2023-09-26,128.1,130.1,127.0,128.5,5378582.0
618,2023-09-27,128.9,131.4,128.7,129.1,4101930.0
619,2023-09-28,129.1,129.8,127.8,128.8,5166495.0
620,2023-09-29,128.8,134.5,128.6,133.4,5815703.0
621,2023-10-03,130.2,130.3,128.5,129.4,4196902.0
622,2023-10-04,127.0,127.4,123.3,124.1,5833849.0
623,2023-10-05,124.9,126.7,124.4,125.0,3608877.0
624,2023-10-06,127.5,129.3,127.5,127.8,2420986.0
625,2023-10-09,130.3,131.2,128.0,129.0,1774718.0
626,2023-10-10,132.0,133.5,129.6,129.8,4677778.0
627,2023-10-11,133.1,133.2,130.1,130.3,4796385.0
628,2023-10-12,133.1,133.5,131.2,131.5,3446092.0
629,2023-10-13,126.2,127.0,124.2,124.6,6956422.0
630,2023-10-16,122.5,123.1,120.5,121.4,6182553.0
631,2023-10-17,121.4,121.8,118.4,119.4,8588062.0
632,2023-10-18,117.2,117.9,113.4,113.7,13958510.0
633,2023-10-19,107.5,110.1,106.2,107.7,15313703.0
634,2023-10-20,104.9,106.4,104.0,104.3,11377191.0
635,2023-10-24,105.1,105.8,103.0,103.8,7763083.0
636,2023-10-25,108.4,109.5,105.1,105.9,7610812.0
637,2023-10-26,105.8,106.7,104.5,105.7,4020330.0
638,2023-10-27,105.8,107.9,105.3,107.0,6075353.0
639,2023-10-30,104.8,107.1,104.3,107.1,5152156.0
640,2023-10-31,103.9,103.9,101.9,102.7,7677359.0
641,2023-11-01,102.7,103.2,101.0,101.6,5140619.0
642,2023-11-02,103.6,105.5,102.7,103.1,4001652.0
643,2023-11-03,104.9,105.8,104.2,105.3,8402201.0
644,2023-11-06,107.7,109.1,107.0,108.2,8226779.0
645,2023-11-07,106.6,107.3,105.4,106.4,4611905.0
646,2023-11-08,105.8,107.8,105.0,105.4,3911722.0
647,2023-11-09,105.5,106.0,103.7,104.7,3598749.0
648,2023-11-10,103.5,103.5,100.6,101.3,8057074.0
649,2023-11-13,102.1,105.0,102.0,104.6,6342039.0
650,2023-11-14,104.8,105.4,102.2,103.8,4570033.0
651,2023-11-15,107.0,108.7,106.5,108.4,7163195.0
652,2023-11-16,109.9,110.0,107.0,108.8,9389381.0
653,2023-11-17,106.0,106.5,102.5,103.5,8593418.0
654,2023-11-20,104.3,105.0,102.9,104.5,9894060.0
655,2023-11-21,108.2,110.4,107.0,107.4,11737440.0
656,2023-11-22,109.6,114.2,109.3,112.2,13427435.0
657,2023-11-23,116.7,120.6,116.2,119.8,17628638.0
658,2023-11-24,118.6,120.2,117.8,118.2,6758657.0
659,2023-11-27,119.7,120.9,118.9,119.8,7511842.0
660,2023-11-28,121.2,121.3,119.9,120.0,8306277.0
661,2023-11-29,117.4,117.4,114.3,115.1,12378635.0
662,2023-11-30,115.1,116.5,112.1,116.1,10080468.0
663,2023-12-01,115.4,116.2,114.4,114.9,6432151.0
664,2023-12-04,115.3,115.6,111.3,111.6,6924977.0
665,2023-12-05,110.8,110.9,107.5,108.9,9378848.0
666,2023-12-06,110.6,113.6,110.1,112.4,7132708.0
667,2023-12-07,111.8,111.8,109.2,111.4,5435864.0
668,2023-12-08,111.8,113.5,111.0,111.8,12170730.0
669,2023-12-11,110.0,110.0,107.0,108.2,8893788.0
670,2023-12-12,110.1,111.3,109.4,110.5,5385808.0
671,2023-12-13,109.4,110.4,108.0,109.4,4727883.0
672,2023-12-14,110.7,111.9,106.5,107.2,8806366.0
673,2023-12-15,110.7,113.2,110.2,111.6,10016526.0
674,2023-12-18,110.0,110.5,108.7,109.7,5842566.0
675,2023-12-19,109.8,110.1,108.3,109.3,3963903.0
676,2023-12-20,111.0,112.6,110.3,110.6,4544817.0
677,2023-12-21,110.5,112.9,110.1,112.2,5372844.0
678,2023-12-22,114.2,116.4,109.3,110.9,10057961.0
679,2023-12-27,111.9,113.0,109.9,111.5,4296829.0
680,2023-12-28,112.5,115.9,111.2,114.9,4372699.0
681,2023-12-29,115.9,116.9,115.1,116.1,4328726.0
682,2024-01-02,118.0,119.9,114.6,115.3,3485981.0
683,2024-01-03,112.4,113.0,111.4,112.5,5385814.0
684,2024-01-04,114.2,114.9,112.6,114.7,4103948.0
685,2024-01-05,115.4,116.8,114.2,115.3,6499319.0
686,2024-01-08,114.9,116.3,112.8,113.0,6398434.0
687,2024-01-09,115.0,115.5,113.1,113.6,5464085.0
688,2024-01-10,113.2,114.5,112.4,113.8,4233301.0
689,2024-01-11,112.8,116.0,112.0,114.5,5009657.0
690,2024-01-12,115.0,116.1,113.2,113.6,3032087.0
691,2024-01-15,107.3,107.3,99.95,100.5,28296276.0
692,2024-01-16,101.2,104.8,100.3,100.7,17793226.0
693,2024-01-17,101.2,101.3,95.25,96.8,17302269.0
694,2024-01-18,99.5,100.8,98.5,99.75,11618506.0
695,2024-01-19,100.8,101.8,98.35,99.2,9099260.0
696,2024-01-22,99.0,99.2,94.3,95.6,11717267.0
697,2024-01-23,96.0,100.6,95.25,98.5,10925936.0
698,2024-01-24,104.7,106.3,101.3,105.1,14025126.0
699,2024-01-25,107.4,107.8,105.8,106.8,14670466.0
700,2024-01-26,105.3,106.3,102.2,103.1,11076910.0
701,2024-01-29,105.1,107.2,104.5,105.1,6408267.0
702,2024-01-30,103.6,104.9,102.7,103.4,6777805.0
703,2024-01-31,102.3,103.6,100.6,101.4,6043254.0
704,2024-02-01,102.8,105.0,101.6,102.8,7577091.0
705,2024-02-02,104.2,105.6,100.4,102.0,5582777.0
706,2024-02-05,99.9,102.8,99.5,100.9,5184360.0
707,2024-02-06,100.8,106.2,100.6,105.8,9206612.0
708,2024-02-07,104.5,105.8,102.2,103.1,7601054.0
709,2024-02-08,102.8,103.6,101.3,102.9,5011331.0
