,date,open,high,low,close,volume
0,2022-07-13,12.6658,13.1072,12.5891,12.8385,4112000.0
1,2022-07-14,12.8385,12.8385,12.4739,12.4931,1070200.0
2,2022-07-15,12.4931,12.7618,12.3972,12.5507,583400.0
3,2022-07-18,13.0496,13.6445,12.685,13.2607,239600.0
4,2022-07-19,13.3375,14.7768,13.2799,13.8173,315600.0
5,2022-07-20,14.1051,14.4122,13.5102,13.7405,112000.0
6,2022-07-21,13.7405,14.2011,13.3183,13.3183,99000.0
7,2022-07-22,13.3183,13.7405,13.3183,13.4334,179600.0
8,2022-07-25,13.4526,13.4526,13.2415,13.2415,84600.0
9,2022-07-26,13.2415,13.4334,13.2415,13.4143,28000.0
10,2022-07-27,12.9345,12.9345,11.7639,11.9558,1526000.0
11,2022-07-28,11.0346,11.8598,10.7468,11.6295,1182400.0
12,2022-07-29,11.6103,12.7426,11.5528,12.3588,585400.0
13,2022-08-01,11.4952,12.3396,11.1498,12.3396,384800.0
14,2022-08-02,12.1861,12.1861,11.169,11.2457,2134800.0
15,2022-08-03,11.476,12.0517,11.3417,11.4952,83600.0
16,2022-08-04,11.9558,12.4547,11.8214,12.2436,110000.0
17,2022-08-05,12.8193,13.4526,12.781,13.2415,383200.0
18,2022-08-08,13.2415,13.2415,12.3396,12.3396,131600.0
19,2022-08-09,12.3972,12.8193,12.378,12.4931,79608.0
20,2022-08-10,12.0901,12.0901,11.2649,11.5144,54000.0
21,2022-08-11,11.4568,11.6871,11.4568,11.5336,99516.0
22,2022-08-12,11.3992,11.476,11.2457,11.38,40400.0
23,2022-08-15,11.1306,11.1306,10.9387,11.0346,24600.0
24,2022-08-16,11.1498,11.4184,11.1114,11.1114,90400.0
25,2022-08-17,11.073,11.9941,11.0346,11.4376,140200.0
26,2022-08-18,11.4184,11.4184,10.977,10.977,33800.0
27,2022-08-19,11.2265,11.2265,11.0346,11.073,23400.0
28,2022-08-22,10.8043,11.0154,10.8043,10.9387,4800.0
29,2022-08-23,11.0346,11.0346,10.7468,10.9962,20400.0
30,2022-08-24,10.977,10.977,10.7659,10.8427,20400.0
31,2022-08-25,10.9387,11.1306,10.9195,11.1306,46000.0
32,2022-08-26,12.2436,14.1819,12.1861,12.8385,679400.0
33,2022-08-29,12.8577,12.9153,12.2052,12.2436,160000.0
34,2022-08-30,12.8518,12.911,12.5364,12.7138,278000.0
35,2022-08-31,12.3788,12.497,12.2408,12.2408,114200.0
36,2022-09-01,12.2211,12.359,11.8465,11.9254,148600.0
37,2022-09-02,12.0831,12.0831,11.6691,11.8268,70600.0
38,2022-09-05,11.5903,11.5903,11.3735,11.3735,600.0
39,2022-09-06,11.3341,11.3341,11.1172,11.2946,146600.0
40,2022-09-07,10.9004,11.0187,10.7427,10.8216,58400.0
41,2022-09-08,10.9792,10.9792,10.6047,10.6047,15400.0
42,2022-09-09,10.6047,10.9004,10.585,10.9004,11000.0
43,2022-09-13,11.5509,11.5509,10.8413,10.8413,29880.0
44,2022-09-14,10.8413,10.8413,10.3485,10.447,19800.0
45,2022-09-15,10.3288,10.8216,10.3288,10.8216,28600.0
46,2022-09-16,10.5456,10.5456,10.3091,10.4865,12400.0
47,2022-09-19,10.1711,10.2499,9.974,10.0331,6200.0
48,2022-09-20,10.0331,10.2105,10.0331,10.1317,11400.0
49,2022-09-21,9.9543,9.9937,9.8064,9.8163,25800.0
50,2022-09-22,9.6586,9.6586,9.4516,9.4615,37000.0
51,2022-09-23,9.1658,9.3629,8.8208,9.0672,41800.0
52,2022-09-26,8.88,9.0672,8.673,8.8011,31600.0
53,2022-09-27,8.8208,9.0081,8.8208,8.9391,30200.0
54,2022-09-28,8.8307,8.8307,8.6336,8.6434,28460.0
55,2022-09-29,8.9983,8.9983,8.6434,8.7321,86400.0
56,2022-09-30,9.3629,9.836,9.0475,9.7079,113400.0
57,2022-10-03,9.9345,10.447,9.9345,10.2696,18000.0
58,2022-10-05,10.4865,11.6691,10.4865,11.4326,202620.0
59,2022-10-06,11.5115,11.6297,11.3341,11.6297,280820.0
60,2022-10-07,11.2946,11.61,11.2355,11.2355,5800.0
61,2022-10-10,10.8807,10.8807,10.6836,10.6836,10400.0
62,2022-10-11,10.6442,10.6442,10.4273,10.5456,24800.0
63,2022-10-12,10.2302,10.2499,9.8557,10.0331,27600.0
64,2022-10-13,10.2302,10.2302,10.0528,10.0528,57800.0
65,2022-10-14,10.0134,10.1317,9.7867,9.7867,114400.0
66,2022-10-17,9.3235,9.4418,9.3235,9.422,7800.0
67,2022-10-18,9.1855,9.422,9.1658,9.422,3400.0
68,2022-10-20,9.422,9.5797,9.422,9.5797,200.0
69,2022-10-21,9.422,9.5502,9.3925,9.5107,6600.0
70,2022-10-24,9.4615,9.4615,9.2742,9.2742,800.0
71,2022-10-25,9.2742,9.4713,9.1362,9.4516,28800.0
72,2022-10-26,9.4516,9.4713,9.4516,9.4713,1000.0
73,2022-10-27,9.7571,10.585,9.7571,10.5653,9600.0
74,2022-10-28,10.2499,10.2499,10.2302,10.2302,200.0
75,2022-10-31,9.8163,10.0725,9.422,9.5994,198400.0
76,2022-11-01,10.0725,10.6442,9.7966,10.2893,51600.0
77,2022-11-02,10.8413,10.999,10.8216,10.9792,8800.0
78,2022-11-03,10.861,11.4129,10.861,11.0187,158800.0
79,2022-11-04,11.7677,12.7927,11.4523,12.5956,103240.0
80,2022-11-07,12.5956,12.9307,12.5956,12.6153,57600.0
81,2022-11-08,13.1672,13.1672,12.2999,12.8124,101200.0
82,2022-11-09,12.5562,12.5562,12.3393,12.4773,82600.0
83,2022-11-10,12.2999,12.3196,12.024,12.1422,37200.0
84,2022-11-11,12.3196,13.0095,12.1028,12.911,207826.0
85,2022-11-14,12.911,14.6653,12.5956,13.3052,1357210.0
86,2022-11-15,15.296,17.622,15.296,17.622,689260.0
87,2022-11-16,20.2535,23.0131,20.2535,21.1897,895620.0
88,2022-11-17,19.7114,19.7114,17.9374,18.1345,633400.0
89,2022-11-18,18.5287,19.0018,17.8782,18.4893,763000.0
90,2022-11-21,18.4893,19.0412,17.3657,17.8388,1297600.0
91,2022-11-22,17.5431,17.8585,17.0504,17.2869,168200.0
92,2022-11-23,17.7008,17.76,17.3854,17.5431,147000.0
93,2022-11-24,18.0359,18.7258,17.8585,18.1345,136600.0
94,2022-11-25,18.2528,18.2528,17.76,17.8388,46200.0
95,2022-11-28,17.0701,17.8388,16.7941,17.6614,241600.0
96,2022-11-29,18.4893,20.4998,18.371,19.1003,762800.0
97,2022-11-30,19.5143,21.239,19.5143,21.239,380610.0
98,2022-12-01,22.2246,22.9145,19.7607,21.239,851400.0
99,2022-12-02,20.7462,21.239,20.1549,20.3027,223242.0
100,2022-12-05,22.126,23.358,21.8304,23.2102,384042.0
101,2022-12-06,22.6188,22.6188,20.5984,21.1897,580600.0
102,2022-12-07,21.6825,22.5203,20.4998,21.239,264010.0
103,2022-12-08,21.1405,21.8796,21.1405,21.584,215200.0
104,2022-12-09,23.1116,23.6537,22.8159,23.4566,316200.0
105,2022-12-12,23.5058,23.5058,22.126,22.7667,94400.0
106,2022-12-13,21.7318,21.7318,20.697,21.239,102600.0
107,2022-12-14,21.239,21.4361,20.9926,21.1897,96000.0
108,2022-12-15,21.5347,21.5347,20.8941,21.1405,75000.0
109,2022-12-16,21.1897,21.584,19.8592,20.0071,313200.0
110,2022-12-19,20.7462,21.7318,20.5984,20.697,180800.0
111,2022-12-20,20.0563,20.2535,19.5143,19.81,75800.0
112,2022-12-21,20.8941,21.1897,20.5984,21.1897,177800.0
113,2022-12-22,21.6825,22.3724,21.3869,22.1753,74200.0
114,2022-12-23,22.2739,22.2739,21.8796,22.0275,26000.0
115,2022-12-28,22.1753,22.8652,22.1753,22.6681,63800.0
116,2022-12-29,21.6825,21.8796,20.9926,21.2883,58000.0
117,2022-12-30,21.2883,21.3869,20.4998,20.5984,30200.0
118,2023-01-03,20.3027,21.1897,20.3027,20.8448,41200.0
119,2023-01-04,20.6477,21.0419,20.2535,20.8448,88600.0
120,2023-01-05,22.2246,22.2739,21.7811,22.0768,326200.0
121,2023-01-06,22.3724,22.3724,21.9289,22.0768,71000.0
122,2023-01-09,23.2594,24.59,23.2594,24.1465,162200.0
123,2023-01-10,24.245,25.132,24.245,24.8364,170800.0
124,2023-01-11,25.0827,26.7089,25.0827,25.5755,364570.0
125,2023-01-12,25.1813,25.4277,24.1465,24.1465,144600.0
126,2023-01-13,23.6537,24.59,23.358,23.8015,59400.0
127,2023-01-16,27.0046,27.7931,26.5611,27.4974,244600.0
128,2023-01-17,27.7931,28.5815,26.5118,27.6452,353800.0
129,2023-01-18,27.596,27.596,26.2654,27.0539,265200.0
130,2023-01-19,27.0539,27.3003,26.6597,27.1524,89000.0
131,2023-01-20,27.8916,28.7786,27.8916,27.9902,199900.0
132,2023-01-26,29.5178,30.2077,29.1236,30.1092,285200.0
133,2023-01-27,29.5671,29.5671,28.5815,29.025,154600.0
134,2023-01-30,28.6308,29.912,28.0395,29.0743,410000.0
135,2023-01-31,29.37,29.4193,28.483,29.37,78600.0
136,2023-02-01,29.9613,30.0106,28.0887,29.8628,175227.0
137,2023-02-02,29.9613,30.0599,28.5322,28.9265,87800.0
138,2023-02-03,30.6019,31.5382,30.2077,31.2918,294600.0
139,2023-02-06,29.8628,30.0106,28.483,29.6164,450400.0
140,2023-02-07,29.2714,30.0106,28.5815,29.7149,360200.0
141,2023-02-08,30.7498,31.0947,30.0599,30.6019,94400.0
142,2023-02-09,31.5382,32.4252,30.8976,32.4252,245600.0
143,2023-02-10,31.144,31.3904,29.8628,30.7498,365000.0
144,2023-02-13,30.5527,31.2918,29.6656,31.2918,116600.0
145,2023-02-14,31.9325,32.5731,31.9325,32.3267,119200.0
146,2023-02-15,32.7209,32.7209,31.4397,31.7353,176000.0
147,2023-02-16,32.2281,33.4108,32.1789,32.2281,183600.0
148,2023-02-17,32.4745,33.3123,32.2774,32.3267,360200.0
149,2023-02-20,31.9325,32.1296,30.7498,31.5382,348200.0
150,2023-02-21,30.5527,31.9325,30.3063,30.5527,419800.0
151,2023-02-22,29.37,30.5034,28.7294,29.912,357600.0
152,2023-02-23,30.8483,31.8339,30.8483,31.5382,483800.0
153,2023-02-24,31.6861,31.7353,31.2426,31.2918,397600.0
154,2023-02-27,31.3411,34.0022,31.2426,31.5382,738329.0
155,2023-02-28,32.6224,33.5094,32.1296,33.263,258400.0
156,2023-03-01,34.8399,37.4516,34.4949,36.0719,525000.0
157,2023-03-02,35.6776,35.8255,35.1356,35.1356,188000.0
158,2023-03-03,35.5791,36.6632,35.5791,36.1704,422400.0
159,2023-03-06,37.2545,38.1415,36.7125,37.698,473202.0
160,2023-03-07,36.5646,36.9589,35.7269,36.3675,671800.0
161,2023-03-08,36.3675,36.3675,35.037,36.0719,309200.0
162,2023-03-09,36.2197,36.8603,35.4312,36.3675,439000.0
163,2023-03-10,35.5298,36.4661,34.8892,36.4661,581776.0
164,2023-03-13,36.4661,39.5213,35.5791,38.2401,2139400.0
165,2023-03-14,37.4516,37.4516,35.4805,35.7762,1220700.0
166,2023-03-15,36.7618,39.0286,36.7618,37.7966,778400.0
167,2023-03-16,36.4661,38.6343,36.1211,36.6632,1200200.0
168,2023-03-17,36.4661,37.2053,35.8747,36.5646,1236400.0
169,2023-03-20,34.6921,35.1848,33.3615,34.6921,2589900.0
170,2023-03-21,34.9384,35.4805,34.4949,35.1848,951000.0
171,2023-03-22,34.2485,34.9877,33.805,34.4949,1405804.0
172,2023-03-23,33.8543,35.1848,33.7065,34.8892,1283400.0
173,2023-03-24,34.1007,34.2485,33.1644,33.5094,491800.0
174,2023-03-27,32.2281,32.3267,31.2426,31.8832,2157400.0
175,2023-03-28,32.2281,34.2485,32.2281,33.0166,1105000.0
176,2023-03-29,33.7558,33.7558,32.376,32.376,619400.0
177,2023-03-30,31.8339,32.4745,31.5875,32.2281,1164800.0
178,2023-03-31,33.5094,35.9733,33.5094,35.3327,1043400.0
179,2023-04-03,34.3964,35.1356,34.15,34.6921,569600.0
180,2023-04-04,33.5094,34.0514,33.0659,33.4601,890000.0
181,2023-04-06,32.8195,33.5094,32.2281,33.1644,675800.0
182,2023-04-11,32.8195,34.0022,32.8195,33.2137,752800.0
183,2023-04-12,33.5094,34.4949,33.4108,33.6079,339000.0
184,2023-04-13,33.0659,33.9529,33.0659,33.2137,366202.0
185,2023-04-14,32.8195,33.0166,32.4252,33.0166,496800.0
186,2023-04-17,33.2137,33.2137,31.9325,32.918,348000.0
187,2023-04-18,32.918,33.2137,32.4252,32.5731,169200.0
188,2023-04-19,32.6716,33.0166,32.2774,32.6224,372400.0
189,2023-04-20,32.4745,33.1151,32.376,32.5731,421400.0
190,2023-04-21,33.0166,33.0166,31.1933,31.8339,744800.0
191,2023-04-24,32.1296,32.4252,30.8483,31.3904,333000.0
192,2023-04-25,30.9962,31.4397,30.6019,31.144,429000.0
193,2023-04-26,31.144,32.6224,31.144,31.8339,381600.0
194,2023-04-27,31.6368,32.5238,31.5382,32.1296,329600.0
195,2023-04-28,33.8543,34.4949,33.2137,34.2978,705258.0
196,2023-05-02,34.3471,35.4805,33.4601,33.9036,367600.0
197,2023-05-03,33.4601,33.6079,32.5238,32.6224,455600.0
198,2023-05-04,32.6224,32.9673,31.5875,32.4252,412000.0
199,2023-05-05,32.5731,32.8687,31.9817,32.7209,337600.0
200,2023-05-08,32.7702,32.8687,31.7846,32.3267,687200.0
201,2023-05-09,31.5382,31.5382,30.0599,30.6019,749800.0
202,2023-05-10,30.3063,30.5034,29.7149,30.257,366400.0
203,2023-05-11,31.4397,32.031,31.2426,31.9325,310058.0
204,2023-05-12,33.0166,33.0166,32.2281,32.5238,417400.0
205,2023-05-15,32.4745,33.1644,31.7353,32.7209,357200.0
206,2023-05-16,33.805,35.9733,33.0659,33.5586,1399800.0
207,2023-05-17,33.3615,35.382,32.5238,33.3123,2504400.0
208,2023-05-18,34.1007,34.8892,33.1644,33.7558,1313400.0
209,2023-05-19,31.489,32.5731,30.7498,31.8339,2046000.0
210,2023-05-22,31.2426,32.1296,30.9962,31.7846,1060000.0
211,2023-05-23,32.8195,33.9036,32.5238,32.7702,1299800.0
212,2023-05-24,32.6716,32.6716,31.2426,31.3411,720200.0
213,2023-05-25,30.5527,31.4397,30.4048,31.0454,1869200.0
214,2023-05-29,29.37,30.5034,28.8772,29.912,1497400.0
215,2023-05-30,29.912,30.6019,28.7786,29.4685,824400.0
216,2023-05-31,29.3207,29.3207,28.1873,28.7294,975000.0
217,2023-06-01,28.7294,30.8483,28.7294,29.6656,594200.0
218,2023-06-02,30.5527,32.5238,30.5527,31.8832,1259400.0
219,2023-06-05,31.6861,32.3267,31.3411,31.8339,759800.0
220,2023-06-06,32.031,32.1296,31.2918,31.6368,968800.0
221,2023-06-07,33.0166,33.8543,33.0166,33.7065,447800.0
222,2023-06-08,33.805,34.4457,33.0166,34.2485,706400.0
223,2023-06-09,34.1993,34.8399,33.8543,34.4949,455600.0
224,2023-06-12,34.2485,34.2485,32.8687,33.6079,459800.0
225,2023-06-13,33.6079,34.9384,33.4108,34.1007,1566400.0
226,2023-06-14,34.0022,35.4805,33.8543,34.1007,793400.0
227,2023-06-15,34.3964,35.6283,34.1007,35.2341,2400200.0
228,2023-06-16,34.9877,34.9877,34.0022,34.4457,747600.0
229,2023-06-19,34.3964,34.4457,31.8832,33.4601,668000.0
230,2023-06-20,32.918,33.5094,32.376,32.8195,257400.0
231,2023-06-21,31.5382,32.2281,30.9469,31.0454,978744.0
232,2023-06-23,29.912,30.5527,29.8628,30.0599,162800.0
233,2023-06-26,30.1092,31.144,30.1092,30.5527,685000.0
234,2023-06-27,31.4397,32.7702,31.3904,32.4252,969600.0
235,2023-06-28,32.7702,33.6572,32.7702,33.6572,315400.0
236,2023-06-29,32.376,33.0166,31.8832,32.0803,417400.0
237,2023-06-30,31.8832,33.0659,31.8832,32.5731,413200.0
238,2023-07-03,32.5731,34.0022,32.5731,33.7558,680200.0
239,2023-07-04,33.5094,34.2978,33.5094,34.1007,459000.0
240,2023-07-05,33.805,34.15,33.2137,33.2137,409000.0
241,2023-07-06,32.3267,33.4108,32.2281,32.6224,406400.0
242,2023-07-07,32.2281,32.2774,31.1933,32.0803,861800.0
243,2023-07-10,32.376,33.5094,32.376,32.8687,1509400.0
244,2023-07-11,33.3123,35.4312,33.3123,34.1993,892000.0
245,2023-07-12,34.3964,34.7906,34.0022,34.2978,634200.0
246,2023-07-13,34.5442,35.5298,34.5442,35.2341,1364400.0
247,2023-07-14,36.8603,37.9444,36.6139,37.0574,1526868.0
248,2023-07-18,36.4661,36.4661,34.0514,35.5791,1154600.0
249,2023-07-19,35.1356,35.5298,34.5442,35.2341,738800.0
250,2023-07-20,35.037,36.0719,34.5442,34.7906,697620.0
251,2023-07-21,34.4457,35.924,29.912,35.7269,1167600.0
252,2023-07-24,35.2834,36.6632,35.2834,35.6776,1177200.0
253,2023-07-25,38.93,39.9156,38.4372,39.817,2536500.0
254,2023-07-26,39.5706,40.9997,38.9793,40.4576,1299400.0
255,2023-07-27,40.9011,41.6896,40.0141,40.5069,683260.0
256,2023-07-28,39.7185,40.3098,38.5358,40.162,1657140.0
257,2023-07-31,40.4084,41.3446,39.7185,39.9649,1136800.0
258,2023-08-01,40.4084,41.1968,39.3735,40.0141,1315316.0
259,2023-08-02,40.0141,41.2954,39.4228,39.7185,1054600.0
260,2023-08-03,38.4372,39.9649,38.4372,39.3735,947076.0
261,2023-08-04,40.4084,41.1968,39.9649,40.5069,1160200.0
262,2023-08-07,40.2112,40.9011,39.9156,40.9011,544200.0
263,2023-08-08,40.9011,40.9011,38.9793,39.1764,865600.0
264,2023-08-09,39.1764,39.9649,38.6343,39.9649,808000.0
265,2023-08-10,39.817,40.2605,39.4721,40.2112,966000.0
266,2023-08-11,39.4228,39.4228,37.8459,38.4372,1265800.0
267,2023-08-14,37.4516,37.5995,35.6283,37.5995,1802800.0
268,2023-08-15,38.2401,39.4228,38.2401,38.93,813000.0
269,2023-08-16,39.7185,40.704,39.6692,39.9156,829756.0
270,2023-08-17,38.8807,40.1127,37.7966,39.5213,1708600.0
271,2023-08-18,39.2257,39.9156,38.4372,38.6836,853600.0
272,2023-08-21,38.7329,39.3735,38.2894,38.6343,978497.0
273,2023-08-22,38.93,42.1824,38.8314,41.4432,2936788.0
274,2023-08-23,42.9216,44.3506,42.5766,44.0057,3175669.0
275,2023-08-24,44.8927,47.061,44.7449,46.5189,2036189.0
276,2023-08-25,45.4348,45.4348,44.055,44.3014,2529264.0
277,2023-08-28,44.3506,46.4203,44.3506,45.5826,2725900.0
278,2023-08-29,45.6812,46.1247,44.4492,45.484,2184707.0
279,2023-08-30,50.2148,51.2989,48.1944,49.1799,3256822.0
280,2023-08-31,48.2436,52.0381,48.2436,50.4119,5188246.0
281,2023-09-04,50.4119,55.389,50.4119,54.1078,4769385.0
282,2023-09-05,54.1078,57.4094,53.3193,55.1426,4755494.0
283,2023-09-06,52.4,55.05,52.0,52.9,6489197.0
284,2023-09-07,53.55,57.9,53.5,53.7,3947800.0
285,2023-09-11,52.85,55.0,51.55,53.75,3221800.0
286,2023-09-12,54.3,56.2,54.3,55.4,2056800.0
287,2023-09-13,55.15,55.85,54.5,54.9,1395400.0
288,2023-09-14,54.9,57.5,54.9,56.95,3034800.0
289,2023-09-15,58.3,59.85,57.6,58.45,2534420.0
290,2023-09-18,55.4,55.9,53.95,54.85,3907346.0
291,2023-09-19,52.0,53.15,51.5,52.25,3308900.0
292,2023-09-20,50.25,51.6,50.05,50.3,5843800.0
293,2023-09-21,50.15,51.0,49.0,49.2,2884686.0
294,2023-09-22,49.25,52.15,49.0,51.75,3042400.0
295,2023-09-25,50.75,51.4,49.6,49.95,3048570.0
296,2023-09-26,50.95,52.65,50.2,51.45,1999249.0
297,2023-09-27,51.95,52.2,51.35,51.65,943600.0
298,2023-09-28,49.8,50.65,49.4,49.55,1750311.0
299,2023-09-29,51.0,52.55,50.55,52.05,866400.0
300,2023-10-03,50.15,50.5,49.1,49.8,934600.0
301,2023-10-04,49.8,49.8,48.5,49.3,475000.0
302,2023-10-05,48.65,48.75,47.55,48.2,352300.0
303,2023-10-06,47.2,48.9,47.1,47.9,473400.0
304,2023-10-09,49.85,51.35,48.25,49.1,2514400.0
305,2023-10-10,50.8,52.9,50.8,52.15,2665600.0
306,2023-10-11,51.8,52.1,51.15,51.5,2687729.0
307,2023-10-12,51.15,51.35,50.3,50.85,1268800.0
308,2023-10-13,49.0,50.15,48.95,49.7,1853400.0
309,2023-10-16,50.45,51.15,49.8,49.85,953400.0
310,2023-10-17,49.85,52.0,49.65,50.9,2161800.0
311,2023-10-18,50.3,51.15,49.95,50.1,2247254.0
312,2023-10-19,49.9,50.95,49.05,50.15,1490200.0
313,2023-10-20,49.3,49.8,48.0,49.2,1566758.0
314,2023-10-24,49.2,51.4,49.2,50.85,2556800.0
315,2023-10-25,54.4,55.15,53.2,53.65,2793087.0
316,2023-10-26,52.7,53.1,51.05,51.05,2231640.0
317,2023-10-27,51.25,53.25,50.3,52.35,1466200.0
318,2023-10-30,51.3,52.65,50.4,52.3,1232633.0
319,2023-10-31,52.45,52.45,50.85,51.3,792800.0
320,2023-11-01,50.6,50.6,47.85,49.9,3255800.0
321,2023-11-02,50.6,51.3,49.65,50.2,1601600.0
322,2023-11-03,50.7,51.15,49.25,50.75,1668313.0
323,2023-11-06,52.0,53.65,52.0,53.25,2177600.0
324,2023-11-07,52.4,52.75,51.6,52.1,878000.0
325,2023-11-08,52.5,53.15,51.6,53.1,1303011.0
326,2023-11-09,52.85,52.85,51.85,52.6,800506.0
327,2023-11-10,50.95,50.95,49.05,49.45,2038800.0
328,2023-11-13,49.55,50.55,48.85,49.7,1257832.0
329,2023-11-14,49.85,50.55,49.1,49.75,801200.0
330,2023-11-15,50.65,52.0,50.15,51.9,1254200.0
331,2023-11-16,52.4,53.45,51.8,52.8,2294336.0
332,2023-11-17,52.5,53.2,50.6,51.5,1453700.0
333,2023-11-20,51.5,52.95,51.5,52.35,1292800.0
334,2023-11-21,53.5,56.9,53.5,54.0,4443100.0
335,2023-11-22,49.0,50.1,47.35,47.7,8381747.0
336,2023-11-23,46.7,48.6,45.6,48.15,3653443.0
337,2023-11-24,48.15,49.3,47.55,48.35,3153224.0
338,2023-11-27,48.7,50.5,47.7,49.95,2481154.0
339,2023-11-28,48.8,49.35,48.25,48.35,1822200.0
340,2023-11-29,48.95,49.8,48.75,49.75,2960212.0
341,2023-11-30,50.15,52.45,49.9,52.45,11334582.0
342,2023-12-01,49.75,49.8,48.0,48.25,4749800.0
343,2023-12-04,47.9,48.65,45.8,46.3,3547030.0
344,2023-12-05,41.3,41.3,34.1,39.8,19793236.0
345,2023-12-06,39.9,42.2,39.5,40.6,7047716.0
346,2023-12-07,40.55,41.9,40.4,40.8,3513005.0
347,2023-12-08,40.75,40.75,39.5,39.85,2875700.0
348,2023-12-11,38.0,38.0,36.45,37.7,6518414.0
349,2023-12-12,38.5,38.55,36.95,38.15,2261600.0
350,2023-12-13,38.15,38.45,37.0,37.85,1987459.0
351,2023-12-14,37.95,38.15,36.2,36.45,3465460.0
352,2023-12-15,36.2,37.05,35.15,36.65,4674886.0
353,2023-12-18,37.0,38.3,36.9,37.65,2666468.0
354,2023-12-19,37.55,38.15,37.15,37.85,1532200.0
355,2023-12-20,38.6,40.25,37.8,37.95,2953740.0
356,2023-12-21,37.4,37.9,36.95,37.65,2326621.0
357,2023-12-22,37.45,38.6,36.8,37.4,1131500.0
358,2023-12-27,37.85,38.9,37.85,38.55,1318986.0
359,2023-12-28,38.7,40.85,38.4,40.35,2080400.0
360,2023-12-29,39.9,40.35,39.1,40.15,1320499.0
361,2024-01-02,40.15,40.7,38.8,39.45,1232537.0
362,2024-01-03,39.3,39.3,38.15,39.15,1036467.0
363,2024-01-04,39.9,42.5,39.9,41.25,4903000.0
364,2024-01-05,42.8,44.1,41.75,42.45,5015000.0
365,2024-01-08,42.0,42.75,41.1,41.7,2142840.0
366,2024-01-09,42.0,42.2,40.25,40.75,1642118.0
367,2024-01-10,42.5,43.55,42.25,42.9,2942020.0
368,2024-01-11,42.25,44.5,42.25,43.85,2303082.0
369,2024-01-12,43.4,43.45,42.35,42.75,651306.0
370,2024-01-15,42.75,45.45,42.75,44.5,2202680.0
371,2024-01-16,44.4,45.25,42.65,44.3,2093008.0
372,2024-01-17,44.3,45.25,41.7,42.45,3756858.0
373,2024-01-18,41.4,42.7,39.25,42.4,5970651.0
374,2024-01-19,41.5,44.0,41.35,42.4,4454299.0
375,2024-01-22,41.6,41.6,39.25,40.1,3857710.0
376,2024-01-23,40.1,42.3,40.0,41.35,2156769.0
377,2024-01-24,41.15,41.35,39.15,40.95,2490776.0
378,2024-01-25,39.65,40.65,39.15,39.55,3613273.0
379,2024-01-26,39.75,39.75,37.35,37.8,4768318.0
380,2024-01-29,38.3,39.4,36.8,37.2,4680348.0
381,2024-01-30,34.0,34.1,30.9,32.95,8745152.0
382,2024-01-31,33.4,33.5,32.0,32.6,3166794.0
383,2024-02-01,32.9,34.9,32.4,33.8,2956297.0
384,2024-02-02,34.0,34.4,32.05,32.4,2859776.0
385,2024-02-05,32.2,33.1,31.55,32.95,2339282.0
386,2024-02-06,31.95,33.65,31.4,33.3,5275812.0
