,date,open,high,low,close,volume
0,2020-01-15,9.4495,10.2651,9.0516,10.2651,372920749.0
1,2020-01-16,10.0264,10.9415,9.8672,10.464,120279066.0
2,2020-01-17,10.464,10.663,10.1457,10.2253,28052100.0
3,2020-01-20,10.2253,10.2253,9.3997,9.539,44638601.0
4,2020-01-21,9.2505,9.539,8.9123,9.2107,30512108.0
5,2020-01-22,9.151,9.7379,9.0914,9.539,16929500.0
6,2020-01-23,9.2505,9.4196,8.7532,8.9322,25012000.0
7,2020-01-24,8.9322,9.3301,8.9322,9.2406,8554000.0
8,2020-01-29,8.6835,9.3003,8.6835,9.0118,31676000.0
9,2020-01-30,8.9521,9.1013,8.1763,8.4548,17649200.0
10,2020-01-31,8.4548,8.6537,7.9375,8.1066,22672600.0
11,2020-02-03,7.8878,8.047,7.5596,7.9972,12114000.0
12,2020-02-04,8.0271,8.4548,8.0072,8.405,12505000.0
13,2020-02-05,8.5145,8.8825,8.5045,8.6537,13191000.0
14,2020-02-06,8.5542,9.0217,8.4946,9.0217,8877452.0
15,2020-02-07,9.0118,9.0118,8.7233,8.8328,5708960.0
16,2020-02-10,8.5542,8.6139,8.4448,8.5443,5431000.0
17,2020-02-11,8.4747,8.9521,8.4747,8.8328,7642200.0
18,2020-02-12,8.8328,9.2406,8.8328,9.2008,11492437.0
19,2020-02-13,9.2008,9.34,8.982,9.0516,6217000.0
20,2020-02-14,8.9621,9.0516,8.9123,8.9521,6072000.0
21,2020-02-17,9.0317,9.1113,8.9422,9.0814,3950000.0
22,2020-02-18,9.1013,9.1013,8.9123,8.9422,3015135.0
23,2020-02-19,9.0018,9.0814,8.9123,8.982,4273000.0
24,2020-02-20,9.0615,9.6981,8.9521,9.6981,15599258.0
25,2020-02-21,9.5489,9.8075,9.4495,9.5489,7829337.0
26,2020-02-24,9.4495,9.5489,9.0416,9.2406,6535647.0
27,2020-02-25,9.0814,9.5191,9.0814,9.4992,5729000.0
28,2020-02-26,9.35,9.6484,9.2505,9.4495,5271000.0
29,2020-02-27,9.4495,9.5489,9.2605,9.4395,3086000.0
30,2020-02-28,9.2605,9.2605,8.9024,9.0217,9662045.0
31,2020-03-02,9.0516,9.2107,8.7532,9.2107,4001000.0
32,2020-03-03,9.2505,9.3699,9.1809,9.2804,2809000.0
33,2020-03-04,9.2804,9.3301,9.0416,9.3003,2219046.0
34,2020-03-05,9.34,9.6981,9.2505,9.6583,11651353.0
35,2020-03-06,9.5091,9.5688,9.3599,9.4793,3147262.0
36,2020-03-09,9.2605,9.35,8.8328,8.8825,8674000.0
37,2020-03-10,9.0018,9.5489,8.9024,9.3699,10893693.0
38,2020-03-11,9.3997,9.8473,9.34,9.4892,17436400.0
39,2020-03-12,9.2505,9.4395,9.1212,9.2306,7876124.0
40,2020-03-13,8.8526,9.5589,8.5741,9.539,10988147.0
41,2020-03-16,9.3898,9.3898,8.8328,8.8328,8384000.0
42,2020-03-17,8.8328,9.151,8.5343,8.9322,6370200.0
43,2020-03-18,8.9621,9.151,8.1066,8.1564,9287000.0
44,2020-03-19,8.1365,8.3951,7.6292,7.7684,11137000.0
45,2020-03-20,8.0668,8.3553,7.9375,8.2161,9322060.0
46,2020-03-23,7.9773,8.0171,7.659,7.659,4921000.0
47,2020-03-24,7.8878,8.1265,7.7883,7.9972,7649298.0
48,2020-03-25,8.1962,8.405,8.0967,8.1564,9784000.0
49,2020-03-26,8.2061,8.3752,7.8679,7.8878,8725000.0
50,2020-03-27,8.0569,8.2061,7.9176,7.9873,4901000.0
51,2020-03-30,7.7585,8.7432,7.7585,8.6935,15836000.0
52,2020-03-31,8.8626,9.2406,8.7134,8.7631,8658900.0
53,2020-04-01,8.8328,9.151,8.6736,8.9919,6597000.0
54,2020-04-02,8.982,9.1312,8.8427,9.0018,6666500.0
55,2020-04-03,9.0018,9.1013,8.7631,8.9024,2822000.0
56,2020-04-06,9.0118,9.0516,8.6637,9.0217,4299000.0
57,2020-04-07,9.0914,9.2306,8.9621,9.1709,8382853.0
58,2020-04-08,9.1312,9.1312,8.8526,8.9223,2419867.0
59,2020-04-09,8.972,9.1809,8.9024,9.1809,6097000.0
60,2020-04-14,9.1411,9.2406,9.0018,9.2008,7391500.0
61,2020-04-15,9.1709,9.3301,8.8526,9.0118,8119000.0
62,2020-04-16,8.8526,9.0715,8.8526,8.982,3831000.0
63,2020-04-17,9.0814,9.5887,9.0317,9.0516,15924540.0
64,2020-04-20,9.151,9.539,9.0715,9.35,6744000.0
65,2020-04-21,9.3301,9.3301,8.9621,9.0914,4456114.0
66,2020-04-22,9.0118,9.3599,9.0118,9.3102,5257000.0
67,2020-04-23,9.3599,9.4196,9.2008,9.3003,3825126.0
68,2020-04-24,9.2505,9.3003,9.0715,9.1212,2009686.0
69,2020-04-27,9.2107,9.3599,9.1312,9.34,5483800.0
70,2020-04-28,9.34,10.4441,9.2804,10.4441,23464300.0
71,2020-04-29,10.4441,10.7823,10.086,10.663,13274000.0
72,2020-05-04,10.1457,10.8022,10.1457,10.1457,11364000.0
73,2020-05-05,10.3248,11.8367,10.2452,11.6775,25864600.0
74,2020-05-06,11.598,12.2942,11.3393,11.598,19495414.0
75,2020-05-07,11.5383,12.0555,11.3791,11.8765,8879001.0
76,2020-05-08,11.9362,12.3937,11.777,11.777,14332040.0
77,2020-05-11,12.0356,12.2942,11.4189,11.777,12595300.0
78,2020-05-12,11.777,12.155,11.6377,11.8765,6969000.0
79,2020-05-13,11.4388,11.956,11.3592,11.7372,10652200.0
80,2020-05-14,11.7372,12.0754,11.399,11.777,10665060.0
81,2020-05-15,11.777,12.0157,11.598,11.6377,5939000.0
82,2020-05-18,11.5582,11.8765,11.2598,11.8765,9619500.0
83,2020-05-19,12.0356,12.9308,11.8964,12.8711,22241000.0
84,2020-05-20,12.8314,13.1099,12.6125,12.7319,9603000.0
85,2020-05-21,12.8115,12.891,12.1351,12.3738,7379000.0
86,2020-05-22,12.1948,12.1948,10.7823,11.1006,28952042.0
87,2020-05-25,11.0409,11.6377,10.7624,11.5184,10140378.0
88,2020-05-26,11.598,12.2544,11.598,12.2346,11075000.0
89,2020-05-27,12.334,12.334,11.8168,11.8765,7830000.0
90,2020-05-28,11.8765,12.0356,11.4985,11.9362,5437000.0
91,2020-05-29,11.6576,12.2942,11.6576,12.2942,11912149.0
92,2020-06-01,12.4335,13.1099,12.4136,12.8314,11037000.0
93,2020-06-02,13.09,13.3486,12.8513,12.9308,9659366.0
94,2020-06-03,13.09,14.204,13.0104,13.7863,12959400.0
95,2020-06-04,13.826,14.204,13.6271,13.7465,5797000.0
96,2020-06-05,13.7664,14.1244,13.7664,13.9852,4173035.0
97,2020-06-08,14.1244,14.1841,13.3088,13.4879,8554117.0
98,2020-06-09,13.5475,13.7863,13.2491,13.5873,4127000.0
99,2020-06-10,13.5873,13.7067,13.3088,13.5873,3529000.0
100,2020-06-11,13.7067,13.8857,13.4282,13.468,3970383.0
101,2020-06-12,13.1497,13.7266,13.0104,13.5873,4720000.0
102,2020-06-15,13.4282,13.5276,12.8513,13.1099,6874000.0
103,2020-06-16,13.3287,13.6271,13.2889,13.5873,5093000.0
104,2020-06-17,13.6271,14.0449,13.3486,14.0051,8820440.0
105,2020-06-18,13.826,13.8459,13.3287,13.6072,5097000.0
106,2020-06-19,13.6271,14.5223,13.468,13.9454,17830035.0
107,2020-06-22,14.025,14.3234,13.8658,14.1841,4095334.0
108,2020-06-23,14.1841,14.4228,13.9255,14.403,4050000.0
109,2020-06-24,14.4228,14.5223,14.0449,14.1642,4217000.0
110,2020-06-26,14.1642,14.2637,13.9852,14.1244,3261000.0
111,2020-06-29,13.9255,14.0051,13.2292,13.3287,7745037.0
112,2020-06-30,13.468,13.7067,13.2292,13.3088,4522884.0
113,2020-07-02,13.4282,13.5077,13.1298,13.4083,6249697.0
114,2020-07-03,13.3287,13.4282,12.9905,13.3088,6311000.0
115,2020-07-06,13.3088,13.3088,12.7319,12.9308,11054720.0
116,2020-07-07,12.8314,13.6271,12.8314,13.3685,10596979.0
117,2020-07-08,13.3287,13.3287,12.7717,13.1696,10683010.0
118,2020-07-09,13.1696,13.6072,12.9109,13.2093,11087003.0
119,2020-07-10,13.2093,13.2292,12.7518,12.8314,5410012.0
120,2020-07-13,12.8513,13.1298,12.6324,12.8513,8136013.0
121,2020-07-14,12.7518,12.9706,12.4733,12.4733,5365018.0
122,2020-07-15,12.5926,12.7916,12.0555,12.6125,11212087.0
123,2020-07-16,12.334,12.3937,11.3393,11.6179,132893015.0
124,2020-07-17,11.6179,12.2147,11.4388,12.0356,23733056.0
125,2020-07-20,12.2743,13.0502,12.1948,12.9308,17608010.0
126,2020-07-21,12.9308,13.0502,12.6722,12.891,6390033.0
127,2020-07-22,12.9905,13.2491,12.4534,12.533,9522049.0
128,2020-07-23,12.7717,13.0502,12.5131,12.9507,8912014.0
129,2020-07-24,12.8513,12.8513,12.2346,12.2346,7968900.0
130,2020-07-27,12.334,12.6921,12.2544,12.6921,5371009.0
131,2020-07-28,12.8314,12.9905,12.533,12.8314,5047015.0
132,2020-07-29,12.8314,13.09,12.712,12.9308,3290007.0
133,2020-07-30,13.1099,13.2491,12.8711,12.891,5106013.0
134,2020-07-31,12.891,13.2093,12.8314,13.0303,2546015.0
135,2020-08-03,13.1298,13.3685,12.9905,13.269,6023019.0
136,2020-08-04,13.3486,13.468,13.1894,13.2093,4484247.0
137,2020-08-05,13.2093,13.269,12.9706,13.0303,21267017.0
138,2020-08-06,13.2491,13.2889,12.9507,13.2491,8090309.0
139,2020-08-07,13.2491,13.647,13.09,13.5077,11433600.0
140,2020-08-10,13.6868,15.4772,13.647,15.2186,31737314.0
141,2020-08-11,15.4374,16.3724,14.6815,15.2186,28719516.0
142,2020-08-12,15.1191,15.517,14.761,14.9202,9567292.0
143,2020-08-13,15.2385,16.1536,14.9799,15.9149,11634021.0
144,2020-08-14,15.9149,16.3127,15.2783,15.6563,9038061.0
145,2020-08-17,15.696,16.1536,15.4573,15.6364,5110015.0
146,2020-08-18,15.4971,16.1138,15.338,15.9944,6813013.0
147,2020-08-19,15.9149,16.2928,15.6761,15.8353,3161012.0
148,2020-08-20,15.8353,16.7703,15.7159,16.2133,11401299.0
149,2020-08-21,16.4918,17.1085,16.452,16.8698,10630603.0
150,2020-08-24,16.9294,17.3472,16.4321,16.631,7639410.0
151,2020-08-25,16.4122,17.1682,15.4971,16.3525,12827517.0
152,2020-08-26,16.4918,17.765,16.1934,17.009,12377234.0
153,2020-08-27,16.9891,17.566,16.83,17.4865,7023019.0
154,2020-08-28,17.3074,18.7398,17.1881,18.3618,8819012.0
155,2020-08-31,18.4414,18.4811,17.5064,17.5262,9647020.0
156,2020-09-01,17.6058,17.7849,17.0488,17.3273,8198018.0
157,2020-09-02,17.5262,18.1628,17.5064,18.1628,7730251.0
158,2020-09-03,18.1628,18.1628,17.5064,17.5461,5059460.0
159,2020-09-04,17.009,17.4069,16.273,17.1085,9835372.0
160,2020-09-07,17.944,19.7941,17.009,17.1682,58043014.0
161,2020-09-08,17.5064,17.765,16.1337,16.5117,16694020.0
162,2020-09-09,16.3127,16.7504,15.7756,16.1138,11323015.0
163,2020-09-10,16.4122,16.9095,16.3326,16.4122,8905011.0
164,2020-09-11,16.4321,16.7902,16.3127,16.7106,10251000.0
165,2020-09-14,16.7106,18.0833,16.7106,17.7252,20202029.0
166,2020-09-15,17.8048,19.4758,17.8048,19.4758,24699513.0
167,2020-09-16,19.4957,19.7742,18.6204,19.5952,13948400.0
168,2020-09-17,19.6748,20.2417,18.7994,19.0183,16973235.0
169,2020-09-18,19.0382,19.1973,18.6005,18.9785,9811578.0
170,2020-09-21,18.9984,19.1177,17.8048,17.8644,11135095.0
171,2020-09-22,18.1032,18.1032,17.1483,17.4467,9640473.0
172,2020-09-23,17.4467,18.2822,17.208,17.9241,9463016.0
173,2020-09-24,17.7252,18.0435,17.3273,17.4666,6167509.0
174,2020-09-25,17.7053,18.1827,17.5064,17.5461,8767417.0
175,2020-09-28,17.7053,18.7,17.5461,18.5806,10694014.0
176,2020-09-29,18.7994,18.8591,17.9042,17.9838,4841012.0
177,2020-09-30,18.1429,18.3817,17.8644,18.1231,3359005.0
178,2020-10-05,18.2026,19.0183,18.1827,18.9984,7107624.0
179,2020-10-06,19.1973,19.635,18.9984,19.257,8527013.0
180,2020-10-07,19.0183,19.2968,19.0183,19.1774,2689510.0
181,2020-10-08,19.3962,19.6549,18.8193,19.635,7044009.0
182,2020-10-09,19.6946,20.1423,19.0382,19.1376,10946089.0
183,2020-10-12,19.2968,19.5952,19.0581,19.436,8323472.0
184,2020-10-14,19.3962,19.436,18.4811,18.7,58605011.0
185,2020-10-15,18.6801,18.8989,18.2822,18.3021,13856139.0
186,2020-10-16,18.501,18.5408,17.9042,17.9639,6647662.0
187,2020-10-19,18.2822,18.3618,17.4069,17.4865,11276419.0
188,2020-10-20,17.6058,18.2026,17.4467,18.0634,6804667.0
189,2020-10-21,18.2822,18.4016,17.9042,18.0634,4785005.0
190,2020-10-22,18.0634,18.3021,17.7053,18.1429,3835000.0
191,2020-10-23,18.1628,18.2623,17.7053,17.9042,4327058.0
192,2020-10-27,17.8644,17.9639,16.9891,17.2477,9610504.0
193,2020-10-28,17.5064,17.5064,16.8698,17.1483,8386000.0
194,2020-10-29,16.9294,17.7849,16.9095,17.5262,10319003.0
195,2020-10-30,17.7053,17.8247,16.9294,16.9891,7347003.0
196,2020-11-02,17.1085,17.1284,16.5117,17.009,6270003.0
197,2020-11-03,17.1085,17.1284,16.1536,16.5316,8751307.0
198,2020-11-04,16.5117,17.4069,16.4918,17.3472,7583000.0
199,2020-11-05,17.7849,18.1827,17.7849,18.1032,8908936.0
200,2020-11-06,18.1032,18.3021,17.8247,18.1032,5177085.0
201,2020-11-09,18.0833,18.4215,17.8048,17.8644,5926000.0
202,2020-11-10,18.2822,18.4016,17.5064,18.0634,9490903.0
203,2020-11-11,16.9095,17.6854,16.6509,16.9891,61728000.0
204,2020-11-12,17.2676,17.4069,16.9095,17.1483,7697002.0
205,2020-11-13,17.0488,17.4865,16.9891,17.387,6232001.0
206,2020-11-16,17.5064,17.5064,17.0289,17.1284,7756867.0
207,2020-11-17,17.2875,17.566,17.0488,17.4467,7426003.0
208,2020-11-18,17.5859,17.5859,17.1682,17.4467,5984000.0
209,2020-11-19,17.5064,18.6204,17.3671,18.4414,19138601.0
210,2020-11-20,18.4414,18.6801,18.0037,18.1827,5549110.0
211,2020-11-23,18.1827,18.4016,17.5859,17.8247,6665809.0
212,2020-11-24,17.9838,18.2822,17.8247,17.8843,5705002.0
213,2020-11-25,18.0037,18.1827,17.1682,17.1682,7171002.0
214,2020-11-26,17.4069,17.8048,17.3074,17.6655,4502200.0
215,2020-11-27,17.7252,17.8843,17.4865,17.6058,3936003.0
216,2020-11-30,17.8843,18.0037,17.4865,17.5859,6392202.0
217,2020-12-01,17.5859,17.8048,17.4865,17.5262,3925002.0
218,2020-12-02,17.6655,17.6655,16.8101,17.208,8747200.0
219,2020-12-03,17.2875,17.7053,17.009,17.7053,4107229.0
220,2020-12-04,17.6058,18.8591,17.6058,18.3817,19548400.0
221,2020-12-07,18.4215,18.5806,17.7252,18.3618,5221083.0
222,2020-12-08,18.3618,18.7,18.3021,18.6602,6254001.0
223,2020-12-09,18.7795,19.7543,18.6005,18.7199,16742900.0
224,2020-12-10,18.7199,20.6396,18.7199,19.9433,22154103.0
225,2020-12-11,20.4904,21.3856,20.4904,21.0872,14252504.0
226,2020-12-14,21.3856,22.1813,21.3856,21.8829,11694205.0
227,2020-12-15,22.0819,22.43,21.1867,21.3856,14650001.0
228,2020-12-16,21.4353,22.5792,21.1867,22.0819,13109202.0
229,2020-12-17,22.2311,22.7284,21.9824,22.4798,8086515.0
230,2020-12-18,22.5792,22.6787,21.9327,22.1316,14096012.0
231,2020-12-21,22.2808,22.3305,21.2861,21.9824,12318173.0
232,2020-12-22,21.9824,22.3803,20.8883,21.1867,9031500.0
233,2020-12-23,21.4353,23.2755,21.2861,23.176,9441004.0
234,2020-12-24,23.2755,23.375,22.4798,23.0766,4546000.0
235,2020-12-28,23.0268,23.2755,21.8829,22.3305,8433002.0
236,2020-12-29,22.629,22.8776,22.0819,22.2311,4314000.0
237,2020-12-30,22.2808,23.922,22.2311,23.3252,5922001.0
238,2020-12-31,23.2755,23.7728,23.1263,23.4744,3372000.0
239,2021-01-04,23.5739,24.5686,23.176,24.5686,8980005.0
240,2021-01-05,24.5686,26.0606,24.2702,24.867,14067501.0
241,2021-01-06,25.3643,25.8617,22.9771,24.2702,54112104.0
242,2021-01-07,24.4194,24.7675,23.4744,23.6236,12382000.0
243,2021-01-08,23.5739,24.0712,22.9771,23.5739,11377564.0
244,2021-01-11,23.8723,23.8723,22.4798,22.8776,14962458.0
245,2021-01-12,22.629,23.375,22.5295,22.8776,14338102.0
246,2021-01-13,23.176,25.0162,22.9771,24.7675,17558002.0
247,2021-01-14,24.6183,24.7675,23.8723,24.2702,9328501.0
248,2021-01-15,24.1707,24.1707,23.0766,23.6734,8648001.0
249,2021-01-18,23.4247,24.6183,23.2258,24.3199,8775902.0
250,2021-01-19,24.2702,27.3537,24.2204,27.0553,20459363.0
251,2021-01-20,26.8066,28.2489,26.8066,27.5526,14870000.0
252,2021-01-21,27.5526,28.597,26.6574,27.7018,14249030.0
253,2021-01-22,27.851,27.9505,26.4585,26.9558,9183000.0
254,2021-01-25,26.9558,28.1494,26.2595,27.4531,14473180.0
255,2021-01-26,27.6521,28.9949,27.0553,28.597,13031260.0
256,2021-01-27,28.6468,29.0446,26.4585,27.3039,10728081.0
257,2021-01-28,26.8563,28.0002,26.1601,26.8563,13200401.0
258,2021-01-29,26.8563,30.089,26.8563,28.2489,23761796.0
259,2021-02-01,28.5473,31.4816,28.5473,30.089,15711660.0
260,2021-02-02,30.8351,32.6752,30.288,30.6859,15554256.0
261,2021-02-03,31.5313,33.7196,30.1885,31.5313,22578279.0
262,2021-02-04,31.5313,31.5811,29.5917,30.288,20888002.0
263,2021-02-05,30.8351,31.5313,30.0393,30.3874,12847548.0
264,2021-02-08,30.9843,31.034,29.9398,30.8351,9756643.0
265,2021-02-09,31.2827,32.6255,30.8351,32.526,8178103.0
266,2021-02-10,33.471,34.4159,33.3218,33.8191,11837101.0
267,2021-02-11,33.9683,37.0518,33.9186,36.9523,8150360.0
268,2021-02-16,37.201,38.4941,36.5047,36.7037,9958700.0
269,2021-02-17,36.7037,37.7978,36.5047,37.5989,8303322.0
270,2021-02-18,38.2951,38.4941,35.3608,36.8529,17698532.0
271,2021-02-19,36.6042,37.5989,34.963,36.6042,12423964.0
272,2021-02-22,36.8031,37.1015,32.8741,33.2223,22141411.0
273,2021-02-23,32.9239,34.3164,32.1779,32.8244,14251600.0
274,2021-02-24,32.8244,33.8191,29.1938,29.8404,28591896.0
275,2021-02-25,31.1832,31.6308,29.9398,31.4816,20153654.0
276,2021-02-26,29.6414,31.8297,28.6965,30.288,71096138.0
277,2021-03-01,31.6308,32.0287,29.6414,31.1832,16241318.0
278,2021-03-02,32.4763,33.5207,31.1335,31.8795,11765392.0
279,2021-03-03,31.8795,32.1281,30.4372,31.0837,9132190.0
280,2021-03-04,30.1388,30.3377,28.2986,28.597,18479436.0
281,2021-03-05,28.1992,29.542,27.2542,28.9452,17221919.0
282,2021-03-08,29.4425,29.4425,24.4691,25.0659,26135200.0
283,2021-03-09,25.0162,27.5029,23.8723,26.1103,30713477.0
284,2021-03-10,28.2489,28.8457,27.0055,27.3537,12269755.0
285,2021-03-11,26.8563,28.9949,26.8563,28.6965,9417868.0
286,2021-03-12,29.4425,30.1885,27.5526,27.8013,10433659.0
287,2021-03-15,28.3484,28.4976,25.613,26.6574,10408495.0
288,2021-03-16,26.8563,29.0446,26.8563,28.6965,6892427.0
289,2021-03-17,28.6965,28.9949,27.7018,28.6468,5551691.0
290,2021-03-18,29.0446,30.3874,28.4976,29.1938,9536447.0
291,2021-03-19,28.8457,29.542,28.05,29.1938,8819727.0
292,2021-03-22,29.343,29.8404,28.4478,28.4976,5192001.0
293,2021-03-23,29.1938,29.2436,27.0553,27.5029,7373628.0
294,2021-03-24,28.3484,30.0393,27.4531,28.4478,18170082.0
295,2021-03-25,28.05,29.6912,27.0055,29.4922,13164192.0
296,2021-03-26,29.8404,31.034,29.4922,30.0393,7358025.0
297,2021-03-29,30.1885,31.1335,29.4425,29.9896,8572792.0
298,2021-03-30,30.4869,31.3324,29.9398,30.9843,5766997.0
299,2021-03-31,31.034,31.8297,30.6361,30.9345,7218377.0
300,2021-04-01,31.4319,32.1779,30.9345,32.1779,6843082.0
301,2021-04-07,32.2276,32.9736,30.9843,31.1335,17599034.0
302,2021-04-08,31.034,31.4319,30.2382,30.8351,10525200.0
303,2021-04-09,31.034,31.034,29.1938,29.6912,8176546.0
304,2021-04-12,29.6414,30.0393,28.796,29.6912,5731176.0
305,2021-04-13,29.343,29.7409,28.9452,29.0446,5989237.0
306,2021-04-14,29.6414,30.0393,28.796,29.1938,4101097.0
307,2021-04-15,29.343,29.4425,28.2489,29.0446,3867099.0
308,2021-04-16,29.3928,30.6859,29.0446,30.0393,7202000.0
309,2021-04-19,30.0393,30.3874,29.3928,29.8901,5190515.0
310,2021-04-20,30.4372,31.9292,29.8404,31.5811,10041632.0
311,2021-04-21,31.034,31.6308,30.4869,30.8351,3762602.0
312,2021-04-22,30.8351,31.2827,30.288,30.9345,3882393.0
313,2021-04-23,30.7356,31.8297,30.6361,30.8848,3075196.0
314,2021-04-26,30.8848,32.3271,30.7853,31.78,7659791.0
315,2021-04-27,32.2276,32.2276,31.6308,32.1281,2350675.0
316,2021-04-28,32.1779,33.0731,31.4319,31.8297,7932129.0
317,2021-04-29,32.5757,32.6255,30.9345,31.78,4917777.0
318,2021-04-30,31.8297,32.9736,31.2827,32.3271,6023762.0
319,2021-05-03,32.5757,32.6255,31.8297,32.2773,2975068.0
320,2021-05-04,32.2773,34.018,32.0784,34.018,7062415.0
321,2021-05-05,33.6202,33.9683,32.7249,33.1726,3934187.0
322,2021-05-06,33.6699,33.8191,30.7356,31.7303,14879779.0
323,2021-05-07,31.7303,31.9292,30.089,30.4869,7271554.0
324,2021-05-10,30.4372,31.034,27.9008,28.3484,11913601.0
325,2021-05-11,28.2986,29.7906,27.5029,29.6912,10367800.0
326,2021-05-12,29.8404,30.8848,29.4425,30.5864,6353001.0
327,2021-05-13,30.0393,30.3874,29.4922,29.5917,4695065.0
328,2021-05-14,29.5917,29.9398,29.0446,29.3928,3799005.0
329,2021-05-17,29.6912,30.4372,29.4425,30.089,4413152.0
330,2021-05-18,30.1388,31.2827,30.1388,30.6859,7659284.0
331,2021-05-20,31.2827,31.4816,30.288,30.6859,7810937.0
332,2021-05-21,30.8351,30.8351,29.4425,30.7356,6493266.0
333,2021-05-24,30.7356,31.3324,29.7409,30.3874,5634764.0
334,2021-05-25,30.4869,31.3324,29.8404,31.2827,6467097.0
335,2021-05-26,31.3324,31.6308,31.0837,31.5313,5079241.0
336,2021-05-27,31.6308,32.0287,30.9345,31.6805,14008754.0
337,2021-05-28,31.6805,31.6805,29.5917,30.3377,8005289.0
338,2021-05-31,29.8404,30.5864,29.7409,30.5864,7741000.0
339,2021-06-01,30.5864,31.2827,29.8404,30.8848,6122004.0
340,2021-06-02,30.8351,31.3324,29.9398,29.9896,3147643.0
341,2021-06-03,30.2382,30.7853,29.8404,30.0393,4126537.0
342,2021-06-04,30.3874,30.3874,28.6965,28.9949,6873160.0
343,2021-06-07,29.0347,29.0845,26.6442,27.3913,16055140.0
344,2021-06-08,27.6403,28.3873,26.8434,28.1881,9079733.0
345,2021-06-09,28.1383,28.3873,27.0925,27.4411,7722678.0
346,2021-06-10,27.4411,27.6901,26.5944,27.5407,6249208.0
347,2021-06-11,27.7897,29.1841,27.6901,28.4869,9995355.0
348,2021-06-15,28.4869,28.8853,27.5407,27.9391,6931944.0
349,2021-06-16,28.1881,29.5328,27.8395,28.6363,7676770.0
350,2021-06-17,28.8853,28.9351,27.8893,28.6363,6528074.0
351,2021-06-18,28.4371,29.8814,28.4371,29.4332,9208026.0
352,2021-06-21,29.3834,29.7818,28.7857,29.3834,4673158.0
353,2021-06-22,29.5826,29.7818,29.0347,29.483,3573369.0
354,2021-06-23,29.3834,30.4292,29.3336,30.23,5111500.0
355,2021-06-24,30.3794,30.3794,29.4332,29.6324,3543400.0
356,2021-06-25,30.0308,31.2758,29.7818,30.7778,5352406.0
357,2021-06-28,30.9272,31.1762,30.3794,30.6284,2769078.0
358,2021-06-29,30.8774,31.7241,30.5786,31.3256,3797010.0
359,2021-06-30,31.5747,31.8735,31.3754,31.6245,5456150.0
360,2021-07-02,31.6245,31.6245,29.8316,30.1304,7231311.0
361,2021-07-05,30.1304,31.4751,29.9312,31.0268,5365000.0
362,2021-07-06,31.0268,31.5747,30.3794,30.9272,2492700.0
363,2021-07-07,31.1762,32.0229,30.5786,31.9731,5966800.0
364,2021-07-08,31.8237,31.9233,30.0806,30.23,5888006.0
365,2021-07-09,30.23,31.1264,30.0806,31.0268,2952002.0
366,2021-07-12,30.8774,32.9691,30.8276,32.5209,8816929.0
367,2021-07-13,32.5209,33.5667,32.5209,33.5169,7205350.0
368,2021-07-14,33.6166,33.6166,32.5707,33.1185,4533500.0
369,2021-07-15,33.2181,33.2181,31.4751,31.8735,5074062.0
370,2021-07-16,31.8735,32.5707,31.5747,32.0229,3170210.0
371,2021-07-19,32.0229,32.0727,31.226,31.4253,3613901.0
372,2021-07-20,31.226,31.7739,30.5288,30.9272,3087733.0
373,2021-07-21,30.977,31.6245,30.3794,30.5786,3399001.0
374,2021-07-22,30.5786,31.226,30.3794,30.6782,1610688.0
375,2021-07-23,31.0766,31.1762,29.3834,29.5826,2700000.0
376,2021-07-26,29.3336,29.7818,27.7897,28.2877,7545251.0
377,2021-07-27,27.7897,28.3873,24.7019,25.3494,26578172.0
378,2021-07-28,25.3992,26.1462,22.7098,26.0466,30228291.0
379,2021-07-29,27.8395,27.8395,23.6063,24.3533,18303575.0
380,2021-07-30,24.2039,24.2039,22.7098,23.0585,13000000.0
381,2021-08-02,22.9091,24.3533,20.7676,24.2537,18361992.0
382,2021-08-03,23.7557,24.7019,22.7597,23.7059,8647426.0
383,2021-08-04,23.7059,23.9051,22.411,22.5604,10448001.0
384,2021-08-05,22.7597,24.0545,21.913,22.2616,12926981.0
385,2021-08-06,22.1122,22.8095,21.5146,22.5106,4523769.0
386,2021-08-09,22.5106,24.8513,22.0126,23.8055,9530692.0
387,2021-08-10,24.1043,25.2498,23.3075,25.1004,8022710.0
388,2021-08-11,24.9011,27.0426,23.9051,26.3454,15456201.0
389,2021-08-12,26.7438,26.8932,25.4988,25.6482,4706432.0
390,2021-08-13,25.7976,25.7976,24.9011,25.5486,3549455.0
391,2021-08-16,25.5984,26.3454,25.1502,25.8474,5685200.0
392,2021-08-17,25.8474,25.8474,24.4031,25.2,5029200.0
393,2021-08-18,25.3992,25.8972,24.6023,24.951,2717988.0
394,2021-08-19,25.3494,25.449,24.5525,24.7517,4513367.0
395,2021-08-20,24.7517,24.951,23.1581,23.8055,11011666.0
396,2021-08-23,23.9549,24.4031,22.6102,22.66,8989140.0
397,2021-08-24,23.2577,24.9011,22.9091,24.9011,5994980.0
398,2021-08-25,25.2996,26.4948,25.0008,26.1462,9301201.0
399,2021-08-26,25.8474,26.3454,24.7019,24.9011,5013168.0
400,2021-08-27,24.9011,25.8972,24.7517,25.4988,3477565.0
401,2021-08-30,25.698,26.196,25.5486,25.8474,2634550.0
402,2021-08-31,25.8972,26.1462,25.449,25.9968,6578163.0
403,2021-09-01,25.8972,26.7438,25.2996,26.4948,8834952.0
404,2021-09-02,26.7438,27.3913,26.0964,26.2956,4904503.0
405,2021-09-03,26.3952,26.4948,25.6482,25.947,3233000.0
406,2021-09-06,25.698,26.9928,25.5984,26.9928,3452000.0
407,2021-09-07,26.445,26.943,26.2956,26.694,3876439.0
408,2021-09-08,26.4948,27.0925,26.2956,26.5446,3307770.0
409,2021-09-09,26.0964,26.445,25.2996,25.8474,3672771.0
410,2021-09-10,25.8474,26.196,25.3494,25.5984,3565780.0
411,2021-09-13,25.3992,25.3992,24.2537,24.6521,3904001.0
412,2021-09-14,24.6521,25.0008,24.0047,24.6521,5206260.0
413,2021-09-15,24.9011,24.9011,23.9549,24.1043,3278081.0
414,2021-09-16,23.9549,24.4031,22.5604,22.8095,9339673.0
415,2021-09-17,23.1581,23.3573,22.5106,23.1083,11704430.0
416,2021-09-20,23.4071,23.6561,22.411,22.7597,5517000.0
417,2021-09-21,22.4608,23.2577,22.411,22.9091,1948950.0
418,2021-09-23,23.3075,23.9051,22.9091,23.0585,4295000.0
419,2021-09-24,23.6063,23.6561,22.6102,22.7597,3433558.0
420,2021-09-27,22.3612,23.1581,22.3612,22.8593,4179250.0
421,2021-09-28,22.5106,23.0087,22.411,22.9589,3422500.0
422,2021-09-29,22.6102,23.5565,22.4608,23.1581,2876400.0
423,2021-09-30,22.7098,23.7059,22.5604,23.4569,5038000.0
424,2021-10-04,23.6561,24.5525,23.0585,23.7557,5406000.0
425,2021-10-05,23.4071,23.8553,23.0087,23.5067,2215286.0
426,2021-10-06,23.8055,23.8055,22.5106,22.6102,1880285.0
427,2021-10-07,22.9091,23.5565,22.66,23.5067,3028900.0
428,2021-10-08,23.2577,23.6561,21.5146,22.1122,6045166.0
429,2021-10-11,22.3612,22.411,20.9668,21.4648,7821000.0
430,2021-10-12,21.664,23.2577,21.664,22.5106,7304097.0
431,2021-10-15,23.2577,23.4071,21.7636,22.0126,4707347.0
432,2021-10-18,22.1122,22.8593,22.1122,22.411,1903842.0
433,2021-10-19,22.2118,22.8095,22.2118,22.66,8777292.0
434,2021-10-20,22.66,22.9091,22.3114,22.6102,6223397.0
435,2021-10-21,22.6102,22.6102,21.1162,21.3652,5954835.0
436,2021-10-22,21.3652,21.7636,20.668,21.2656,5868641.0
437,2021-10-25,21.2158,21.2158,19.2038,19.5225,18164157.0
438,2021-10-26,19.7217,20.668,19.4627,20.2695,14243588.0
439,2021-10-27,20.5185,20.5185,19.6619,20.0703,10156000.0
440,2021-10-28,20.1201,20.5185,19.5225,19.6619,7129545.0
441,2021-10-29,19.7018,19.8014,19.2436,19.4229,6400690.0
442,2021-11-01,19.4229,19.4229,18.0484,18.5265,10350032.0
443,2021-11-02,18.5265,19.5026,18.1679,18.2276,8931000.0
444,2021-11-03,18.6261,18.6261,17.7695,18.0484,8778878.0
445,2021-11-04,18.2276,18.4269,17.391,17.5304,7490886.0
446,2021-11-05,17.5304,17.5703,16.8133,16.9129,15469993.0
447,2021-11-08,16.9129,18.4667,16.7933,18.2276,13114952.0
448,2021-11-09,18.3272,18.4468,17.3113,17.5304,7278264.0
449,2021-11-10,17.5105,17.7495,16.7336,17.63,10343037.0
450,2021-11-11,17.7495,18.5464,17.4906,18.4667,4952632.0
451,2021-11-12,18.5065,18.5265,17.7695,18.1878,5651271.0
452,2021-11-15,18.1081,18.4269,17.889,17.9687,3397301.0
453,2021-11-16,18.1081,18.7655,17.7296,18.6858,5856086.0
454,2021-11-17,18.646,19.0444,18.4866,19.0046,5377529.0
455,2021-11-18,18.7257,19.2835,18.5663,18.8053,5432416.0
456,2021-11-19,18.2476,19.144,18.2476,18.646,4528300.0
457,2021-11-22,18.905,18.905,18.387,18.6261,3220000.0
458,2021-11-23,18.6061,18.905,18.2476,18.4269,3261002.0
459,2021-11-24,18.4269,18.4866,17.7894,18.1878,3157263.0
460,2021-11-25,18.0683,18.6061,18.0085,18.3073,4978977.0
461,2021-11-26,18.148,18.5265,16.8531,17.0523,8527100.0
462,2021-11-29,16.8332,17.2714,16.1957,16.3352,9229991.0
463,2021-11-30,16.375,16.6539,15.9766,16.116,11422963.0
464,2021-12-01,15.9567,16.0164,15.2594,15.3391,7927474.0
465,2021-12-02,15.0204,15.5184,14.602,14.9407,10085136.0
466,2021-12-03,14.9407,15.8571,14.9407,15.4786,9888019.0
467,2021-12-06,15.1399,15.1399,14.1837,14.2235,6879973.0
468,2021-12-07,14.4427,15.1001,14.363,14.9805,14277546.0
469,2021-12-08,14.9407,15.3192,14.5423,14.6817,11221881.0
470,2021-12-09,14.9407,15.9168,14.6817,15.8172,14829400.0
471,2021-12-10,15.4387,15.7574,14.8212,14.9407,10567927.0
472,2021-12-13,15.1598,15.1598,13.8052,13.9048,16014738.0
473,2021-12-14,13.6458,13.9446,13.1478,13.6259,14616285.0
474,2021-12-15,13.6259,13.9048,13.347,13.606,8915742.0
475,2021-12-16,13.5462,13.7454,13.2474,13.3669,10294082.0
476,2021-12-17,13.4068,13.4068,12.849,13.0084,12034170.0
477,2021-12-20,12.9486,13.6458,12.8888,12.9088,6649353.0
478,2021-12-21,12.9088,13.6259,12.9088,13.3669,8748286.0
479,2021-12-22,13.4068,13.7654,13.1876,13.4068,5703440.0
480,2021-12-23,13.5064,13.5064,12.9287,13.088,6157565.0
481,2021-12-24,13.2474,13.7255,13.2275,13.4466,7283517.0
482,2021-12-28,14.1439,14.1439,13.6658,13.8849,9210001.0
483,2021-12-29,13.9446,13.9446,12.8689,12.9287,4353000.0
484,2021-12-30,13.1677,13.2076,12.5701,12.7693,3672570.0
485,2021-12-31,12.9287,14.4227,12.9287,13.6458,4467000.0
486,2022-01-03,13.9446,13.9446,13.2873,13.4466,4548000.0
487,2022-01-04,13.4466,14.363,13.4466,13.6857,8998100.0
488,2022-01-05,13.6458,14.602,13.6458,13.9446,13069100.0
489,2022-01-06,13.9446,14.1239,13.4466,13.6259,8318209.0
490,2022-01-07,13.6259,14.1837,13.0084,13.9646,5776137.0
491,2022-01-10,13.7454,14.3431,13.6458,14.2235,13167409.0
492,2022-01-11,14.1439,14.6618,13.7454,13.9646,10783266.0
493,2022-01-12,13.9646,16.2555,13.7056,15.8172,27767710.0
494,2022-01-13,15.8371,16.2953,14.8012,14.9407,15691877.0
495,2022-01-14,14.7614,15.8969,14.6419,15.2993,13849000.0
496,2022-01-17,15.2993,15.5383,14.6618,14.9407,15884198.0
497,2022-01-18,15.1997,17.5703,15.1797,15.9965,36586510.0
498,2022-01-19,16.0363,16.1559,15.4387,15.7176,10002200.0
499,2022-01-20,15.9168,17.5304,15.9168,17.0523,18987938.0
500,2022-01-21,17.0523,18.5265,16.8332,18.1679,25172000.0
501,2022-01-24,17.7296,19.1241,16.9925,17.2316,23924615.0
502,2022-01-25,17.2515,17.7296,16.6937,16.9328,12449540.0
503,2022-01-26,16.9527,17.6898,15.877,16.0563,14881900.0
504,2022-01-27,16.1359,16.3152,14.7016,15.5383,12277000.0
505,2022-01-28,15.9168,16.0164,15.0602,15.7774,7747510.0
506,2022-01-31,16.0363,17.1519,15.4786,16.614,7795000.0
507,2022-02-04,16.8531,17.7097,16.634,17.5902,9730391.0
508,2022-02-07,17.6499,17.6898,16.873,17.4706,8604000.0
509,2022-02-08,17.5304,17.6898,16.9527,17.0523,9181000.0
510,2022-02-09,17.1718,17.5503,16.7734,17.2515,5156200.0
511,2022-02-10,17.4906,18.4069,17.4906,18.2874,13056590.0
512,2022-02-11,18.2874,19.4229,18.0484,19.0643,20403152.0
513,2022-02-14,19.2237,20.0703,18.4667,19.2835,23509176.0
514,2022-02-15,19.2835,19.7018,18.6061,19.1241,9832051.0
515,2022-02-16,19.6819,20.3691,19.403,20.3691,16722143.0
516,2022-02-17,20.3691,20.8672,19.144,19.9209,17391400.0
517,2022-02-18,19.8213,20.6182,19.7018,20.3193,7756556.0
518,2022-02-21,20.1201,21.664,19.2436,19.403,17767674.0
519,2022-02-22,19.3233,19.3233,17.9687,18.6659,13545630.0
520,2022-02-23,18.6659,18.905,18.0484,18.7057,12309874.0
521,2022-02-24,18.2276,18.7057,17.63,17.7695,13628877.0
522,2022-02-25,18.0683,19.2237,18.0085,18.2874,7977815.0
523,2022-02-28,18.2276,18.2276,16.7137,17.371,12273983.0
524,2022-03-01,17.371,18.0882,17.3511,17.6699,6653659.0
525,2022-03-02,17.6699,17.7296,16.9328,17.2316,2670374.0
526,2022-03-03,17.7296,18.7257,17.2316,17.7296,12063893.0
527,2022-03-04,17.2515,17.5304,16.3551,16.634,7969882.0
528,2022-03-07,16.4148,16.4348,15.2196,15.6379,19742548.0
529,2022-03-08,15.2793,15.6977,14.861,15.2196,20595969.0
530,2022-03-09,15.4387,15.6379,14.1439,15.2395,22782703.0
531,2022-03-10,15.9367,16.0563,14.7813,14.8809,9913215.0
532,2022-03-11,14.4427,14.4427,12.1518,13.845,35412824.0
533,2022-03-14,12.6099,13.088,11.6537,11.833,41852440.0
534,2022-03-15,11.833,12.6099,10.7772,11.4744,41571301.0
535,2022-03-16,12.849,14.0243,11.6737,13.9646,36288059.0
536,2022-03-17,16.0563,16.7336,14.2036,14.7614,25740211.0
537,2022-03-18,14.4427,15.8371,13.606,15.4786,21934539.0
538,2022-03-21,15.9766,15.9766,14.2634,14.6618,20578871.0
539,2022-03-22,14.6419,15.1001,14.363,14.7216,10904245.0
540,2022-03-23,14.8411,15.7176,14.4626,15.1001,14903044.0
541,2022-03-24,15.3391,16.2355,15.0602,15.4188,19496520.0
542,2022-03-25,15.4188,16.1359,14.3829,14.6419,16650480.0
543,2022-03-28,14.6419,14.9606,13.5462,14.9407,17436352.0
544,2022-03-29,15.2196,16.4348,14.8411,15.8571,12017002.0
545,2022-03-30,15.8571,16.9328,15.8371,16.7535,15886948.0
546,2022-03-31,16.8332,17.1121,16.1559,16.7336,7465393.0
547,2022-04-01,16.5344,17.2714,16.3551,17.1718,6786719.0
548,2022-04-04,17.2714,17.5105,16.634,16.8332,7386500.0
549,2022-04-06,16.5344,16.5941,15.618,15.7973,14564607.0
550,2022-04-07,15.8371,16.0961,14.7813,15.4387,12931488.0
551,2022-04-08,15.3391,15.5184,14.8212,15.4586,6890691.0
552,2022-04-11,15.2594,15.2594,13.5661,13.6259,16777578.0
553,2022-04-12,13.7454,15.2993,13.6458,14.9805,23287863.0
554,2022-04-13,14.5821,16.0762,14.5821,15.5184,16145501.0
555,2022-04-14,16.0164,16.7336,15.8172,16.634,20267446.0
556,2022-04-19,16.5344,17.6499,16.116,16.5344,15814669.0
557,2022-04-20,16.5344,17.7695,16.4348,16.5941,18498000.0
558,2022-04-21,16.6539,16.6738,15.8371,16.1559,11837000.0
559,2022-04-22,16.1359,16.3352,14.9805,15.8969,11460910.0
560,2022-04-25,15.4188,15.4985,14.2036,14.2435,13157069.0
561,2022-04-26,14.3032,15.3192,14.2833,14.622,10467130.0
562,2022-04-27,14.4227,15.7774,14.3431,15.5782,12342630.0
563,2022-04-28,16.1758,16.4348,15.4188,16.3949,11721886.0
564,2022-04-29,16.2555,17.6101,16.1957,17.5304,10988974.0
565,2022-05-03,17.4507,18.0085,16.8929,17.5503,6937218.0
566,2022-05-04,17.5105,17.5503,16.634,16.8332,5085259.0
567,2022-05-05,16.9328,17.3113,16.4348,16.5742,6624000.0
568,2022-05-06,16.0363,16.0363,15.1797,15.379,14336444.0
569,2022-05-10,14.8411,15.6778,14.0243,15.379,12524121.0
570,2022-05-11,15.5981,16.9328,15.0403,16.2156,11556617.0
571,2022-05-12,15.9367,16.8531,15.8371,16.0563,8543000.0
572,2022-05-13,16.1758,16.3551,15.6578,16.3152,6896268.0
573,2022-05-16,16.6738,16.9129,16.1559,16.8133,6552024.0
574,2022-05-17,16.8133,17.1121,16.4945,16.9925,8266667.0
575,2022-05-18,16.9925,17.0921,16.3152,17.0324,9631000.0
576,2022-05-19,16.2555,16.9328,16.1957,16.8929,5587850.0
577,2022-05-20,16.8929,17.6499,16.873,17.5105,12465997.0
578,2022-05-23,17.0125,17.4109,15.9965,16.2953,13997534.0
579,2022-05-24,16.2754,16.4348,15.1399,15.4586,9567935.0
580,2022-05-25,15.3192,15.9965,15.3192,15.4985,7553855.0
581,2022-05-26,15.877,15.877,15.2196,15.6578,4323403.0
582,2022-05-27,16.0563,16.0961,15.359,15.5582,5912250.0
583,2022-05-30,15.877,17.3113,15.877,17.0523,22464924.0
584,2022-05-31,17.1519,18.4866,17.132,18.3073,28132126.0
585,2022-06-01,18.7257,19.2835,17.6499,17.8491,17702706.0
586,2022-06-02,17.8691,18.1081,17.4706,17.7894,9003921.0
587,2022-06-06,17.8292,18.7257,17.7495,18.7057,12549551.0
588,2022-06-07,18.5065,19.1639,18.1679,18.4866,9053858.0
589,2022-06-08,18.6065,19.0662,17.8071,18.5865,12830167.0
590,2022-06-09,18.6665,19.266,17.4873,17.7471,18384215.0
591,2022-06-10,17.4674,18.4267,17.1876,17.947,11255437.0
592,2022-06-13,17.3874,17.4474,16.7679,17.0676,11823873.0
593,2022-06-14,17.0676,17.5073,16.588,17.3674,9710700.0
594,2022-06-15,17.3874,17.7272,17.3674,17.4873,6209175.0
595,2022-06-16,17.907,17.967,16.8878,17.0876,7265776.0
596,2022-06-17,16.8478,17.987,16.8478,17.887,8182233.0
597,2022-06-20,17.947,18.2668,17.5273,17.7671,5520010.0
598,2022-06-21,17.7671,18.2268,17.3275,18.1469,7476175.0
599,2022-06-22,17.947,18.5066,17.3474,17.4274,6392054.0
600,2022-06-23,17.4674,17.887,17.3474,17.5673,4169000.0
601,2022-06-24,17.5873,18.7664,17.5873,18.6465,10065443.0
602,2022-06-27,18.7864,20.5851,18.7864,20.2853,25936482.0
603,2022-06-28,19.9855,22.4837,19.6857,21.9841,27545845.0
604,2022-06-29,21.9841,22.1839,20.3852,21.0348,19106500.0
605,2022-06-30,21.1347,21.6843,20.3852,20.8349,18304524.0
606,2022-07-04,20.1854,20.4352,19.1062,19.8256,16791698.0
607,2022-07-05,19.7657,20.0855,18.9863,19.7257,11787287.0
608,2022-07-06,19.6658,19.6658,18.3467,18.8663,18183733.0
609,2022-07-07,18.4866,19.5658,18.1868,19.1062,11209271.0
610,2022-07-08,19.5658,19.9655,19.2461,19.4059,7626972.0
611,2022-07-11,19.1861,19.4459,18.007,18.2268,10116557.0
612,2022-07-12,17.987,18.5865,17.6272,18.0669,6876244.0
613,2022-07-13,17.907,18.8863,17.907,18.5066,7017085.0
614,2022-07-14,18.4267,18.4666,17.927,18.2068,5147154.0
615,2022-07-15,18.5666,18.5666,17.6073,17.7471,7821593.0
616,2022-07-18,17.7871,18.0469,17.3075,17.7471,8155080.0
617,2022-07-19,18.0869,18.0869,17.1076,17.3474,4488465.0
618,2022-07-20,17.3474,18.0669,17.2875,18.007,9532677.0
619,2022-07-21,18.0869,18.3667,17.8471,17.987,5422320.0
620,2022-07-22,18.3467,18.6265,18.0469,18.3067,5650871.0
621,2022-07-25,18.6065,18.6065,17.927,18.1469,2581518.0
622,2022-07-26,18.2668,19.0262,18.2668,18.5266,7984390.0
623,2022-07-27,18.3867,18.3867,17.927,17.987,4440450.0
624,2022-07-28,18.1868,18.5666,17.947,18.2668,2976105.0
625,2022-07-29,18.5466,18.5466,17.0477,17.0676,7814858.0
626,2022-08-01,17.0676,17.7072,16.628,17.6272,6495689.0
627,2022-08-02,17.0876,17.6672,16.8878,17.4873,9668210.0
628,2022-08-03,17.5273,18.1668,17.4074,17.6272,6825595.0
629,2022-08-04,17.6472,18.4866,17.6472,18.3267,5792925.0
630,2022-08-05,18.5066,18.7864,18.0469,18.4866,6374120.0
631,2022-08-08,18.1069,18.1069,17.3674,17.6073,11756678.0
632,2022-08-09,17.7871,18.0869,17.3075,18.007,6001325.0
633,2022-08-10,18.2468,18.5666,17.2875,17.4873,12574970.0
634,2022-08-11,17.5673,18.0469,17.4674,17.8471,5515600.0
635,2022-08-12,17.987,18.9663,17.8471,18.8264,6667000.0
636,2022-08-15,18.9263,19.4459,18.6465,18.7264,5882171.0
637,2022-08-16,18.9463,18.9463,17.5073,17.987,9058983.0
638,2022-08-17,18.2268,18.7664,17.907,18.7264,5059100.0
639,2022-08-18,18.8264,18.8863,18.2668,18.4466,4394976.0
640,2022-08-19,18.2668,18.2668,17.5273,17.6073,7146935.0
641,2022-08-22,17.2875,17.7471,17.1876,17.5473,3919001.0
642,2022-08-23,17.5273,17.6672,17.0477,17.3075,6735571.0
643,2022-08-24,17.4474,17.6073,16.8678,17.0077,6610098.0
644,2022-08-25,17.1676,17.2875,15.9884,16.588,11844679.0
645,2022-08-26,16.8478,17.5873,16.7878,17.2675,8524355.0
646,2022-08-29,16.9877,17.0077,16.4081,16.7679,5577000.0
647,2022-08-30,16.7679,16.7679,15.9085,15.9884,13365705.0
648,2022-08-31,15.7086,15.8885,14.8293,15.5288,25072002.0
649,2022-09-01,15.4888,15.4888,15.0891,15.209,14693914.0
650,2022-09-02,15.1091,15.1091,14.6494,14.7293,10898000.0
651,2022-09-05,14.5695,14.6494,14.1298,14.4096,10119000.0
652,2022-09-06,14.4895,14.9292,14.4895,14.7093,10726149.0
653,2022-09-07,14.7093,14.7093,14.1697,14.2897,4123569.0
654,2022-09-08,14.5495,14.5495,14.0498,14.1098,5639887.0
655,2022-09-09,14.3896,15.4288,14.1897,15.3689,11294210.0
656,2022-09-13,15.5687,16.2482,15.5687,15.8485,9450621.0
657,2022-09-14,15.4688,15.9884,15.229,15.7886,4430048.0
658,2022-09-15,16.0884,16.0884,15.3889,15.7286,4485985.0
659,2022-09-16,15.5687,16.3082,15.5687,15.9884,6825347.0
660,2022-09-19,16.0884,16.4081,15.6886,15.9684,5888193.0
661,2022-09-20,16.2882,16.2882,14.4895,15.7486,17913233.0
662,2022-09-21,15.7486,15.9684,15.3889,15.5088,4194826.0
663,2022-09-22,15.3689,15.4688,15.0691,15.3889,4097809.0
664,2022-09-23,15.0491,15.7886,15.0491,15.189,5445757.0
665,2022-09-26,15.189,16.6679,14.8692,16.1883,11299044.0
666,2022-09-27,16.2282,17.2675,15.8285,17.2275,15121201.0
667,2022-09-28,17.2875,17.5073,16.4081,16.568,12175119.0
668,2022-09-29,16.7878,16.9078,15.9485,16.1683,7507040.0
669,2022-09-30,16.2682,16.2682,12.7108,12.8707,46573809.0
670,2022-10-03,13.1904,14.7893,13.1904,14.4495,30600325.0
671,2022-10-05,15.4888,16.6679,15.169,16.588,18374605.0
672,2022-10-06,16.588,16.588,16.0884,16.1883,6824000.0
673,2022-10-07,16.1283,16.1283,15.2689,15.2889,6048000.0
674,2022-10-10,15.0291,15.0291,14.2497,14.7893,13237776.0
675,2022-10-11,14.7893,14.8293,13.9899,14.3696,9361811.0
676,2022-10-12,14.4096,14.5295,13.4503,13.9899,15834096.0
677,2022-10-13,14.2897,14.4495,13.6101,13.6101,10502069.0
678,2022-10-14,13.8899,14.4096,13.8899,14.0099,8866616.0
679,2022-10-17,14.0099,14.1697,12.9906,13.9499,10703680.0
680,2022-10-18,14.2097,14.5894,13.75,14.4296,5079210.0
681,2022-10-19,14.3696,14.4296,13.7101,13.7301,3743937.0
682,2022-10-20,13.5502,13.83,13.0905,13.5902,10697855.0
683,2022-10-21,13.5902,13.75,13.2304,13.2704,5014342.0
684,2022-10-24,13.1705,13.2504,11.7515,11.8914,17314287.0
685,2022-10-25,11.6516,13.2704,11.5916,12.8107,17816425.0
686,2022-10-26,12.8707,13.8899,12.3311,13.2904,13513528.0
687,2022-10-27,13.6701,14.1697,13.2104,13.3703,12001000.0
688,2022-10-28,13.1705,13.5102,12.5909,12.8507,8481440.0
689,2022-10-31,12.6708,12.6708,11.9314,12.3111,13979010.0
690,2022-11-01,12.3111,13.9899,11.8314,13.5902,39552469.0
691,2022-11-02,13.9699,15.169,13.4503,14.8692,18921229.0
692,2022-11-03,14.5894,14.5894,13.3303,14.1697,17928401.0
693,2022-11-04,14.3696,16.7079,14.3496,15.4888,33201869.0
694,2022-11-07,15.0891,16.4081,14.2897,15.5887,33412113.0
695,2022-11-08,15.5887,15.8685,14.9692,15.4688,8347000.0
696,2022-11-09,15.189,15.4888,14.5894,14.7493,11786296.0
697,2022-11-10,14.2897,15.3289,13.81,15.129,19184000.0
698,2022-11-11,16.8678,16.8678,15.4088,16.528,40148400.0
699,2022-11-14,16.8878,17.1876,15.8885,16.0284,19746769.0
700,2022-11-15,16.1483,17.7871,16.1083,16.7878,29634527.0
701,2022-11-16,16.8078,17.4074,16.4881,16.8878,13870416.0
702,2022-11-17,16.7679,16.8878,15.9485,16.7679,14579620.0
703,2022-11-18,16.9877,17.4674,16.628,16.7479,11899514.0
704,2022-11-21,16.3681,16.3881,15.3289,15.9285,10571885.0
705,2022-11-22,16.2882,16.2882,14.7893,15.0491,7474940.0
706,2022-11-23,14.9891,15.0091,14.3896,14.7893,8984862.0
707,2022-11-24,15.189,15.249,14.7093,15.0091,5531000.0
708,2022-11-25,14.8892,14.9692,14.2097,14.4296,11469000.0
709,2022-11-28,14.1697,15.4288,13.6101,15.2889,20921000.0
710,2022-11-29,15.4688,17.5273,15.4088,17.4474,32076599.0
711,2022-11-30,17.0477,19.9855,16.8478,19.5858,51399773.0
712,2022-12-01,21.1847,22.5836,18.8464,19.1461,46593471.0
713,2022-12-02,19.4859,20.2353,18.7065,19.7257,29186119.0
714,2022-12-05,20.685,22.034,19.8856,20.5851,52841677.0
715,2022-12-06,20.0855,21.3845,19.6857,20.5851,30539207.0
716,2022-12-07,20.6351,21.9841,18.8464,19.2461,54696903.0
717,2022-12-08,19.6258,20.5351,19.306,20.4852,35326628.0
718,2022-12-09,19.8856,20.0855,18.7065,19.9256,53150810.0
719,2022-12-12,19.4859,19.7257,18.3667,18.7065,25258331.0
720,2022-12-13,18.7065,19.6058,18.4267,18.8663,17888112.0
721,2022-12-14,18.9463,19.6857,18.7464,19.4059,18299170.0
722,2022-12-15,19.8656,19.8856,18.7065,19.0662,18641008.0
723,2022-12-16,18.6665,19.1661,18.4267,18.8663,17048831.0
724,2022-12-19,18.8663,19.286,18.3467,18.4866,8665492.0
725,2022-12-20,18.2668,19.1062,18.2068,18.6865,12535200.0
726,2022-12-21,18.7664,19.4859,18.6665,19.326,14664772.0
727,2022-12-22,19.6857,20.9848,19.4059,20.5351,22114912.0
728,2022-12-23,19.9855,20.8849,19.9456,20.5351,8117891.0
729,2022-12-28,21.0348,21.6843,20.685,21.4345,22558365.0
730,2022-12-29,21.1347,21.4844,20.5851,20.9348,8409700.0
731,2022-12-30,21.2846,21.4844,20.2353,20.8349,13033776.0
732,2023-01-03,20.4852,21.3845,19.9056,21.2346,12306295.0
733,2023-01-04,21.2846,22.084,21.0348,22.084,14039120.0
734,2023-01-05,22.4837,23.9327,22.4338,23.2332,23741022.0
735,2023-01-06,23.533,23.5829,22.3338,22.8834,16372984.0
736,2023-01-09,23.1332,23.8327,22.4837,23.483,19352438.0
737,2023-01-10,23.433,23.483,22.5836,22.8834,13243205.0
738,2023-01-11,22.8335,23.1832,20.8849,21.6843,27205905.0
739,2023-01-12,21.7343,22.2839,20.7849,21.1347,16314572.0
740,2023-01-13,21.1347,21.9341,20.6351,21.3346,16586796.0
741,2023-01-16,21.5844,21.7842,20.1854,20.8349,18770317.0
742,2023-01-17,20.685,21.2346,20.2853,20.685,4957960.0
743,2023-01-18,20.3852,21.4844,20.3852,21.2346,10032774.0
744,2023-01-19,20.685,21.4345,20.685,21.1847,3712585.0
745,2023-01-20,21.3845,22.1839,21.3845,22.134,6818976.0
746,2023-01-26,22.6836,22.7335,21.5844,22.034,5983650.0
747,2023-01-27,22.034,22.7335,21.9341,22.3838,5562815.0
748,2023-01-30,22.1839,22.5836,19.9256,20.1354,25435212.0
749,2023-01-31,20.4852,20.5851,19.6058,19.9855,14960540.0
750,2023-02-01,20.0355,20.4852,19.6458,20.2353,7842518.0
751,2023-02-02,20.3852,20.3852,19.346,19.5059,16245979.0
752,2023-02-03,19.2061,19.7857,18.9863,19.6058,10540260.0
753,2023-02-06,19.7457,19.7457,18.9463,19.266,9862948.0
754,2023-02-07,19.0462,19.4659,18.8863,19.2461,5135349.0
755,2023-02-08,19.1861,19.6658,18.9263,18.9863,6326765.0
756,2023-02-09,18.8863,19.5658,18.6065,19.4659,14942459.0
757,2023-02-10,19.5858,19.7657,18.8663,18.9263,6726293.0
758,2023-02-13,19.0662,19.9456,18.6665,19.8656,18943802.0
759,2023-02-14,19.8856,19.8856,19.4059,19.6658,8950459.0
760,2023-02-15,19.7457,20.1354,19.286,19.7057,9037838.0
761,2023-02-16,20.0855,20.6351,19.7257,20.2353,11579384.0
762,2023-02-17,20.1854,20.2353,19.386,19.5458,9697260.0
763,2023-02-20,19.7057,19.7457,18.8863,19.5259,11203173.0
764,2023-02-21,19.4659,20.0855,19.1062,19.2461,10182262.0
765,2023-02-22,18.8863,19.266,18.4067,18.6865,12658509.0
766,2023-02-23,18.4866,19.2261,18.3867,19.1661,7155718.0
767,2023-02-24,18.8663,19.346,18.6865,18.7464,3962645.0
768,2023-02-27,18.4866,19.9655,18.4866,19.4459,13941347.0
769,2023-02-28,19.4459,19.7457,18.6065,18.9063,8784767.0
770,2023-03-01,18.9863,20.4852,18.8464,20.3852,16100263.0
771,2023-03-02,20.3852,20.6351,19.9855,20.2853,6336120.0
772,2023-03-03,20.685,20.8349,20.0355,20.4352,10739024.0
773,2023-03-06,20.5851,21.1347,19.8057,20.1854,12046260.0
774,2023-03-07,20.1854,20.2853,19.1861,19.4859,11334902.0
775,2023-03-08,19.366,19.4459,18.6665,18.8064,9271963.0
776,2023-03-09,19.0262,19.0262,17.0277,17.907,24457857.0
777,2023-03-10,17.2875,18.0669,16.9877,17.3874,12616661.0
778,2023-03-13,17.3874,18.2068,17.1076,17.987,14906758.0
779,2023-03-14,18.1868,18.1868,17.0676,17.3275,11175301.0
780,2023-03-15,17.887,18.2868,17.4873,17.5673,9638000.0
781,2023-03-16,18.0469,18.0669,17.1276,17.4274,15454882.0
782,2023-03-17,17.7272,17.7272,17.3275,17.5673,12103078.0
783,2023-03-20,17.5673,17.5673,16.3282,16.9477,13505967.0
784,2023-03-21,17.1876,17.8271,16.588,17.7072,13357054.0
785,2023-03-22,17.5873,18.9863,17.5873,18.8663,26865317.0
786,2023-03-23,18.8663,19.386,18.6665,19.346,13890000.0
787,2023-03-24,19.1062,19.4659,18.4267,18.7065,9522134.0
788,2023-03-27,18.1668,18.5666,17.5273,17.8471,13325768.0
789,2023-03-28,17.8471,18.2268,17.5873,17.8271,11145459.0
790,2023-03-29,17.8271,18.4866,17.8271,18.1668,6852803.0
791,2023-03-30,18.4267,18.4866,18.007,18.3867,6865921.0
792,2023-03-31,18.8663,19.2461,18.5865,18.6665,8898397.0
793,2023-04-03,19.0262,19.0462,18.3267,18.6865,10105748.0
794,2023-04-04,18.7864,18.7864,17.5473,17.967,8183956.0
795,2023-04-06,17.967,18.1069,17.6073,18.0869,4745068.0
796,2023-04-11,18.2068,19.2061,18.007,18.4466,9850433.0
797,2023-04-12,18.4466,18.5466,17.6073,17.6872,7057071.0
798,2023-04-13,17.5273,18.0269,17.1676,17.8671,5671280.0
799,2023-04-14,17.907,18.6465,17.8671,17.927,9248318.0
800,2023-04-17,17.987,18.6865,17.7871,18.6065,11218757.0
801,2023-04-18,18.3267,18.7065,18.2868,18.4866,3789346.0
802,2023-04-19,18.3667,18.7864,18.0469,18.4866,6795000.0
803,2023-04-20,18.4866,18.7464,17.987,18.0269,4493002.0
804,2023-04-21,18.0269,18.1668,17.0876,17.1876,10657829.0
805,2023-04-24,17.2275,17.6672,16.8678,17.2275,9587214.0
806,2023-04-25,17.0077,17.1676,16.568,16.7079,10059982.0
807,2023-04-26,16.7079,17.4274,16.7079,17.3474,3420831.0
808,2023-04-27,17.1876,17.5873,16.9477,17.4274,4444052.0
809,2023-04-28,17.6672,17.887,17.2475,17.4674,7865560.0
810,2023-05-02,17.5273,17.7671,16.7878,17.1476,3206428.0
811,2023-05-03,16.8878,17.0676,16.6879,16.8878,3264000.0
812,2023-05-04,16.8678,16.9277,16.1283,16.3282,12919256.0
813,2023-05-05,16.6679,16.9277,16.3082,16.4281,6914727.0
814,2023-05-08,16.548,16.588,15.169,15.3089,15888222.0
815,2023-05-09,15.3889,15.3889,14.8692,15.229,13840956.0
816,2023-05-10,15.3689,15.5088,14.9692,15.169,4935974.0
817,2023-05-11,15.0091,15.3889,15.0091,15.3089,6107000.0
818,2023-05-12,15.5288,15.8885,15.149,15.4088,12920418.0
819,2023-05-15,15.4088,15.4088,15.0091,15.189,7825000.0
820,2023-05-16,15.3889,15.3889,14.8892,14.9692,3100492.0
821,2023-05-17,15.0091,15.1091,14.2497,14.3896,12494750.0
822,2023-05-18,14.4495,14.4495,13.83,13.9899,10110043.0
823,2023-05-19,13.83,14.1098,13.5502,13.87,8482662.0
824,2023-05-22,13.9699,14.3296,13.75,14.1498,7786055.0
825,2023-05-23,14.2897,14.2897,13.5702,13.7101,12322444.0
826,2023-05-24,13.9299,13.9299,13.4702,13.7101,10068460.0
827,2023-05-25,13.7301,14.4495,13.4503,14.2497,13421000.0
828,2023-05-29,14.2897,14.2897,13.79,13.79,10516866.0
829,2023-05-30,13.6901,14.1098,13.4702,13.79,7995000.0
830,2023-05-31,13.6101,13.6701,13.1105,13.3903,36461560.0
831,2023-06-01,13.2704,14.0298,13.2304,13.4902,20144921.0
832,2023-06-02,13.5502,14.3096,13.5302,14.2897,15490818.0
833,2023-06-05,14.3696,14.3696,13.77,13.79,15007964.0
834,2023-06-06,13.75,14.1897,13.6301,13.81,10764393.0
835,2023-06-07,13.86,14.34,13.78,13.9,8118327.0
836,2023-06-08,13.88,13.88,13.54,13.76,14041474.0
837,2023-06-09,13.9,13.92,13.58,13.7,7345807.0
838,2023-06-12,13.5,13.5,11.52,13.02,69817078.0
839,2023-06-13,13.06,13.24,12.7,12.96,30506236.0
840,2023-06-14,13.1,13.6,12.9,13.18,16079011.0
841,2023-06-15,13.18,13.72,13.12,13.7,16884564.0
842,2023-06-16,13.76,14.2,13.68,14.04,27811722.0
843,2023-06-19,14.0,14.18,13.68,14.0,9075701.0
844,2023-06-20,13.98,13.98,13.02,13.18,13035001.0
845,2023-06-21,13.1,13.14,12.82,12.9,8087066.0
846,2023-06-23,12.6,12.84,12.54,12.64,8476749.0
847,2023-06-26,12.64,13.2,12.52,13.1,13888006.0
848,2023-06-27,13.02,13.4,12.94,13.04,7932984.0
849,2023-06-28,13.16,13.24,12.74,13.2,11564000.0
850,2023-06-29,13.2,13.2,12.8,12.8,9297400.0
851,2023-06-30,12.74,13.1,12.58,12.84,9924500.0
852,2023-07-03,12.96,13.3,12.72,13.22,9664348.0
853,2023-07-04,13.3,13.74,13.12,13.52,6026577.0
854,2023-07-05,13.62,13.76,13.0,13.26,10034000.0
855,2023-07-06,13.26,13.3,12.14,12.28,15887085.0
856,2023-07-07,12.44,12.44,11.9,12.24,15716132.0
857,2023-07-10,12.48,13.0,12.42,12.62,11296188.0
858,2023-07-11,12.62,13.68,12.62,13.56,18772080.0
859,2023-07-12,13.6,13.78,13.3,13.46,8322473.0
860,2023-07-13,13.8,14.24,13.66,13.96,9674336.0
861,2023-07-14,14.1,14.2,13.26,13.42,7003098.0
862,2023-07-18,13.56,13.68,13.14,13.26,8818845.0
863,2023-07-19,13.26,13.26,12.8,13.16,5161448.0
864,2023-07-20,13.24,13.3,12.72,12.78,6240969.0
865,2023-07-21,12.78,12.94,12.58,12.76,8816062.0
866,2023-07-24,12.78,12.78,12.3,12.48,4765305.0
867,2023-07-25,12.88,13.3,12.76,13.04,8008000.0
868,2023-07-26,13.42,14.26,13.18,13.92,23800785.0
869,2023-07-27,14.1,14.36,13.94,14.28,13475630.0
870,2023-07-28,13.98,14.7,13.6,14.56,17294349.0
871,2023-07-31,15.16,15.78,15.16,15.24,24141472.0
872,2023-08-01,15.44,15.66,14.86,15.04,13434396.0
873,2023-08-02,14.98,15.0,14.06,14.24,15991764.0
874,2023-08-03,14.16,14.48,13.92,14.3,8238000.0
875,2023-08-04,14.52,14.86,14.32,14.5,9012960.0
876,2023-08-07,14.5,14.5,13.82,14.42,7732000.0
877,2023-08-08,14.42,14.42,13.92,14.14,6572263.0
878,2023-08-09,14.1,15.32,14.1,14.86,17735401.0
879,2023-08-10,14.58,15.6,14.58,15.5,17679725.0
880,2023-08-11,15.5,15.66,15.18,15.52,12497890.0
881,2023-08-14,15.42,15.52,14.84,15.26,17915000.0
882,2023-08-15,15.06,15.26,14.58,14.68,7817773.0
883,2023-08-16,14.54,14.7,14.32,14.62,8546020.0
884,2023-08-17,14.3,14.86,14.14,14.68,11732541.0
885,2023-08-18,14.68,14.68,13.32,13.52,18641424.0
886,2023-08-21,13.52,13.58,12.82,12.82,12695001.0
887,2023-08-22,12.84,13.42,12.8,13.1,10303600.0
888,2023-08-23,13.1,13.12,12.08,12.5,17852283.0
889,2023-08-24,12.5,13.56,12.42,13.44,14830300.0
890,2023-08-25,13.26,13.74,13.1,13.46,7438291.0
891,2023-08-28,13.9,14.0,13.2,13.22,4277000.0
892,2023-08-29,13.46,13.62,13.04,13.44,5993000.0
893,2023-08-30,13.58,13.6,12.78,12.8,9050452.0
894,2023-08-31,12.96,12.96,12.46,12.58,11359000.0
895,2023-09-04,12.66,13.26,12.64,13.2,8318825.0
896,2023-09-05,13.2,13.2,12.66,12.76,6366000.0
897,2023-09-06,12.72,12.72,12.44,12.54,4212000.0
898,2023-09-07,12.54,12.54,12.26,12.26,3900670.0
899,2023-09-11,12.3,12.44,11.8,12.36,4098682.0
900,2023-09-12,12.34,12.52,11.98,12.2,8693000.0
901,2023-09-13,12.2,12.34,11.94,12.08,6560566.0
902,2023-09-14,12.08,12.1,11.8,11.9,5811000.0
903,2023-09-15,12.04,12.08,11.64,11.94,6525452.0
904,2023-09-18,12.0,12.0,11.52,11.54,6949000.0
905,2023-09-19,11.54,11.68,11.0,11.18,10387071.0
906,2023-09-20,11.1,11.26,10.54,10.68,15898053.0
907,2023-09-21,10.52,10.66,10.28,10.62,11605368.0
908,2023-09-22,10.62,10.74,10.02,10.72,13881290.0
909,2023-09-25,10.7,10.82,10.48,10.64,4197900.0
910,2023-09-26,10.64,10.64,10.22,10.38,10147000.0
911,2023-09-27,10.34,10.6,10.34,10.46,6217000.0
912,2023-09-28,10.36,10.52,10.22,10.24,6676000.0
913,2023-09-29,10.24,10.74,10.2,10.66,3689000.0
914,2023-10-03,10.6,10.72,10.34,10.66,5928000.0
915,2023-10-04,10.54,10.7,10.42,10.48,2348000.0
916,2023-10-05,10.48,10.86,10.48,10.72,2779630.0
917,2023-10-06,10.6,11.02,10.6,10.76,1766000.0
918,2023-10-09,10.64,10.8,10.44,10.6,4191931.0
919,2023-10-10,10.62,10.98,10.56,10.96,7046000.0
920,2023-10-11,11.08,11.26,10.8,10.94,11380300.0
921,2023-10-12,11.18,11.3,10.66,10.84,8855798.0
922,2023-10-13,10.76,10.76,10.06,10.12,8738288.0
923,2023-10-16,10.2,10.22,9.72,9.78,6331642.0
924,2023-10-17,9.96,10.0,9.7,9.8,6176646.0
925,2023-10-18,9.8,9.8,9.42,9.47,9414693.0
926,2023-10-19,9.18,9.4,9.02,9.09,11185206.0
927,2023-10-20,9.1,9.27,8.88,9.04,9521152.0
928,2023-10-24,9.04,9.04,8.6,8.66,9897747.0
929,2023-10-25,9.0,9.31,8.54,8.62,15847920.0
930,2023-10-26,8.62,8.81,8.25,8.72,18493800.0
931,2023-10-27,8.84,9.08,8.58,8.7,15548254.0
932,2023-10-30,8.58,8.77,8.44,8.62,15340000.0
933,2023-10-31,8.62,8.63,8.2,8.5,11427385.0
934,2023-11-01,8.5,8.65,7.9,7.93,22208000.0
935,2023-11-02,8.08,8.08,7.64,7.95,21839700.0
936,2023-11-03,8.1,8.43,7.95,8.35,21431000.0
937,2023-11-06,8.52,9.07,8.51,9.04,24304001.0
938,2023-11-07,8.99,9.45,8.86,8.9,19547525.0
939,2023-11-08,8.9,9.24,8.9,9.03,13697700.0
940,2023-11-09,9.02,9.02,8.6,8.69,11717000.0
941,2023-11-10,8.69,8.8,8.56,8.68,7100000.0
942,2023-11-13,8.7,9.19,8.7,9.16,7465604.0
943,2023-11-14,9.2,9.2,8.55,8.6,13444800.0
944,2023-11-15,8.79,8.81,8.35,8.7,21850000.0
945,2023-11-16,8.65,8.71,8.51,8.61,8128700.0
946,2023-11-17,8.56,8.59,8.26,8.28,10489931.0
947,2023-11-20,8.35,8.87,8.21,8.75,14283439.0
948,2023-11-21,8.89,8.95,8.4,8.43,9025202.0
949,2023-11-22,8.43,8.56,8.25,8.32,12023000.0
950,2023-11-23,8.34,8.54,8.31,8.54,11377000.0
951,2023-11-24,8.54,8.54,8.22,8.31,10653000.0
952,2023-11-27,8.31,8.36,8.21,8.26,10519600.0
953,2023-11-28,8.3,8.43,8.14,8.24,11978803.0
954,2023-11-29,8.24,8.24,7.77,7.91,25161260.0
955,2023-11-30,7.91,8.07,7.77,7.89,92618042.0
956,2023-12-01,7.97,7.97,7.21,7.22,31962411.0
957,2023-12-04,6.91,7.25,6.91,7.05,14404862.0
958,2023-12-05,7.05,7.13,6.85,6.95,8926000.0
959,2023-12-06,6.95,7.08,6.78,6.9,6345656.0
960,2023-12-07,6.89,6.89,6.61,6.7,8189763.0
961,2023-12-08,6.63,6.79,6.58,6.71,12207000.0
962,2023-12-11,6.71,6.71,6.31,6.52,14263340.0
963,2023-12-12,6.48,6.62,6.4,6.42,11401000.0
964,2023-12-13,6.35,6.37,6.11,6.18,11085000.0
965,2023-12-14,6.38,6.55,6.27,6.3,14695796.0
966,2023-12-15,6.39,6.7,6.39,6.58,10832488.0
967,2023-12-18,6.55,6.55,6.16,6.18,11360000.0
968,2023-12-19,6.12,6.16,5.83,5.94,15143000.0
969,2023-12-20,5.99,6.13,5.95,5.98,10550852.0
970,2023-12-21,5.98,6.19,5.95,6.14,7976000.0
971,2023-12-22,6.14,6.14,5.92,6.0,7920000.0
972,2023-12-27,6.0,6.07,5.75,5.85,7501468.0
973,2023-12-28,5.94,6.13,5.92,6.08,11713500.0
974,2023-12-29,6.15,6.18,6.05,6.1,8472500.0
975,2024-01-02,6.19,6.19,5.63,5.68,11996000.0
976,2024-01-03,5.62,5.78,5.58,5.75,7577100.0
977,2024-01-04,5.68,5.76,5.64,5.7,11016033.0
978,2024-01-05,5.76,5.8,5.56,5.65,10078513.0
979,2024-01-08,5.7,5.72,5.3,5.41,14580128.0
980,2024-01-09,5.45,5.72,5.4,5.46,16558600.0
981,2024-01-10,5.4,5.65,5.4,5.52,14953403.0
982,2024-01-11,5.52,5.58,5.36,5.47,10635000.0
983,2024-01-12,5.5,5.79,5.5,5.53,15135000.0
984,2024-01-15,5.53,5.53,5.31,5.39,6422000.0
985,2024-01-16,5.4,5.45,5.26,5.35,7843194.0
986,2024-01-17,5.35,5.4,5.05,5.13,20127000.0
987,2024-01-18,5.11,5.23,5.05,5.2,14946100.0
988,2024-01-19,5.21,5.27,5.04,5.09,8164448.0
989,2024-01-22,5.06,5.09,4.64,4.77,16080000.0
