,date,open,high,low,close,volume
0,2021-04-19,281.0,281.2,275.2,280.2,3543276.0
1,2021-04-20,285.6,292.6,285.6,289.2,2199552.0
2,2021-04-21,283.4,285.0,280.4,282.4,571700.0
3,2021-04-22,291.2,300.4,291.0,299.0,1280350.0
4,2021-04-23,298.4,302.0,293.0,302.0,712450.0
5,2021-04-26,302.0,302.0,296.0,298.8,424245.0
6,2021-04-27,300.0,305.8,299.2,302.0,212727.0
7,2021-04-28,306.0,310.8,303.4,310.0,382800.0
8,2021-04-29,314.0,324.4,314.0,319.0,853180.0
9,2021-04-30,311.4,311.4,304.0,307.8,392397.0
10,2021-05-03,307.8,307.8,294.4,304.6,329005.0
11,2021-05-04,306.0,306.0,299.8,299.8,162700.0
12,2021-05-05,297.0,299.8,290.0,291.0,471000.0
13,2021-05-06,298.0,307.8,298.0,306.0,826599.0
14,2021-05-07,306.0,307.8,300.2,306.6,154395.0
15,2021-05-10,304.4,306.0,296.2,298.0,131750.0
16,2021-05-11,290.0,290.0,280.2,287.4,339944.0
17,2021-05-12,288.4,291.0,286.0,290.0,157950.0
18,2021-05-13,285.0,286.2,278.8,280.8,128194.0
19,2021-05-14,280.8,282.0,274.0,278.6,128775.0
20,2021-05-17,290.0,292.8,287.8,290.2,142850.0
21,2021-05-18,300.2,306.8,300.2,304.8,176660.0
22,2021-05-20,317.0,318.0,305.4,313.8,779564.0
23,2021-05-21,316.0,319.6,315.2,318.8,264675.0
24,2021-05-24,300.0,314.0,300.0,313.4,206550.0
25,2021-05-25,305.2,310.6,305.2,309.0,504000.0
26,2021-05-26,310.0,312.6,310.0,310.2,588100.0
27,2021-05-27,314.2,316.2,312.0,315.2,672510.0
28,2021-05-28,315.2,317.6,313.0,314.2,50068.0
29,2021-05-31,322.0,326.0,314.2,316.8,285561.0
30,2021-06-01,317.0,323.0,317.0,322.4,76271.0
31,2021-06-02,311.6,314.4,308.2,312.0,115114.0
32,2021-06-03,310.8,314.0,309.2,309.6,201900.0
33,2021-06-04,308.4,308.6,300.6,303.6,174327.0
34,2021-06-07,305.0,305.6,299.2,300.2,83961.0
35,2021-06-08,293.8,294.6,290.2,292.2,120650.0
36,2021-06-09,292.4,293.8,290.0,290.6,137900.0
37,2021-06-10,290.8,295.2,290.8,293.0,139951.0
38,2021-06-11,292.0,292.0,288.0,290.6,116650.0
39,2021-06-15,291.0,295.0,288.0,288.0,218430.0
40,2021-06-16,295.0,297.0,288.8,289.8,161850.0
41,2021-06-17,293.2,293.8,289.8,290.6,140350.0
42,2021-06-18,290.6,292.6,289.0,289.8,161861.0
43,2021-06-21,288.0,288.0,282.0,285.0,118196.0
44,2021-06-22,286.2,289.6,285.0,286.6,65400.0
45,2021-06-23,286.6,289.4,285.2,286.6,128250.0
46,2021-06-24,286.0,288.2,283.0,284.0,175863.0
47,2021-06-25,284.0,290.0,284.0,288.8,110950.0
48,2021-06-28,279.0,289.8,275.0,279.0,233200.0
49,2021-06-29,278.0,278.0,275.0,275.2,155463.0
50,2021-06-30,275.2,279.0,274.2,276.0,191350.0
51,2021-07-02,276.8,278.4,272.2,278.2,369510.0
52,2021-07-05,278.2,278.2,275.0,277.0,113300.0
53,2021-07-06,275.0,275.0,270.0,271.2,106723.0
54,2021-07-07,271.2,271.2,264.2,268.2,159415.0
55,2021-07-08,265.0,265.0,254.0,255.6,326350.0
56,2021-07-09,249.0,249.6,243.8,249.6,328100.0
57,2021-07-12,248.2,250.0,246.6,246.6,98252.0
58,2021-07-13,247.0,255.0,247.0,251.6,166650.0
59,2021-07-14,252.0,252.4,249.0,251.0,88100.0
60,2021-07-15,250.0,251.6,248.0,251.2,65731.0
61,2021-07-16,249.0,249.0,244.0,247.8,112600.0
62,2021-07-19,240.0,240.0,234.0,237.8,256519.0
63,2021-07-20,228.0,228.0,223.0,225.0,249050.0
64,2021-07-21,225.0,227.4,224.0,225.8,79150.0
65,2021-07-22,227.8,229.6,226.0,229.0,116400.0
66,2021-07-23,229.0,229.0,220.0,222.0,179450.0
67,2021-07-26,222.0,222.0,205.4,207.4,197600.0
68,2021-07-27,202.8,202.8,190.1,193.1,510827.0
69,2021-07-28,194.5,208.2,194.5,207.0,266720.0
70,2021-07-29,216.0,227.6,213.6,219.2,363400.0
71,2021-07-30,221.0,221.0,209.0,215.0,393782.0
72,2021-08-02,215.0,215.0,200.4,203.6,201850.0
73,2021-08-03,208.0,208.0,200.2,200.2,84600.0
74,2021-08-04,197.7,197.7,190.0,194.6,278720.0
75,2021-08-05,191.0,191.0,185.7,185.8,237137.0
76,2021-08-06,193.8,195.5,191.0,192.9,164400.0
77,2021-08-09,192.9,196.5,192.1,195.5,68183.0
78,2021-08-10,195.0,198.1,192.1,196.9,114150.0
79,2021-08-11,196.8,196.8,192.7,195.7,185800.0
80,2021-08-12,195.0,195.7,190.0,191.0,81975.0
81,2021-08-13,191.0,191.0,187.9,189.3,262960.0
82,2021-08-16,190.7,196.2,190.5,191.2,69300.0
83,2021-08-17,196.0,196.0,190.0,192.7,91560.0
84,2021-08-18,192.7,194.9,190.0,192.1,392072.0
85,2021-08-19,194.1,198.4,193.2,194.0,170511.0
86,2021-08-20,201.4,206.8,201.4,205.8,258080.0
87,2021-08-23,205.8,213.8,204.4,207.6,282337.0
88,2021-08-24,210.8,224.8,210.8,223.6,423351.0
89,2021-08-25,232.4,234.4,230.6,231.0,486416.0
90,2021-08-26,230.0,230.0,221.6,225.6,184220.0
91,2021-08-27,226.0,230.0,221.8,223.6,63690.0
92,2021-08-30,223.2,228.0,218.0,226.4,102300.0
93,2021-08-31,226.0,228.6,220.6,226.2,118853.0
94,2021-09-01,239.8,243.0,235.6,238.2,374626.0
95,2021-09-02,245.0,251.2,245.0,246.0,196962.0
96,2021-09-03,247.0,247.0,239.2,246.0,552032.0
97,2021-09-06,244.8,249.6,241.4,244.8,225725.0
98,2021-09-07,240.0,248.6,240.0,246.6,73102.0
99,2021-09-08,248.8,259.6,248.8,255.2,219464.0
100,2021-09-09,254.0,254.0,248.0,249.0,130325.0
101,2021-09-10,251.4,252.0,241.0,250.6,129949.0
102,2021-09-13,245.0,245.0,231.4,239.4,471770.0
103,2021-09-14,235.8,236.0,224.0,224.6,537191.0
104,2021-09-15,223.4,224.0,217.2,220.0,503138.0
105,2021-09-16,225.0,229.0,216.2,217.6,591763.0
106,2021-09-17,227.2,228.4,223.8,225.2,326667.0
107,2021-09-20,225.0,225.0,216.0,219.4,149119.0
108,2021-09-21,209.2,223.4,209.2,220.8,168360.0
109,2021-09-23,229.8,231.0,225.0,229.0,451189.0
110,2021-09-24,232.4,232.4,225.8,228.4,285578.0
111,2021-09-27,228.4,237.0,225.0,226.8,378280.0
112,2021-09-28,232.2,237.8,232.2,232.8,579150.0
113,2021-09-29,232.8,238.0,230.2,233.4,377507.0
114,2021-09-30,233.4,235.0,227.6,234.8,111042.0
115,2021-10-04,236.8,247.8,236.4,239.8,346550.0
116,2021-10-05,247.6,247.6,234.4,239.2,203689.0
117,2021-10-06,240.4,248.6,240.2,244.4,312250.0
118,2021-10-07,251.0,251.0,242.4,248.0,327859.0
119,2021-10-08,250.0,250.0,241.8,246.0,133635.0
120,2021-10-11,247.6,251.0,246.2,247.8,146517.0
121,2021-10-12,247.8,254.0,245.0,252.0,231197.0
122,2021-10-15,255.0,261.2,253.6,258.0,497468.0
123,2021-10-18,258.0,258.0,251.0,253.8,197651.0
124,2021-10-19,249.0,250.6,242.8,243.6,834621.0
125,2021-10-20,246.0,249.0,242.0,245.2,525855.0
126,2021-10-21,249.6,249.6,239.8,241.0,935560.0
127,2021-10-22,246.0,246.0,240.2,243.4,156683.0
128,2021-10-25,243.4,243.4,232.6,232.6,257535.0
129,2021-10-26,232.6,232.6,226.0,227.4,666776.0
130,2021-10-27,230.0,230.0,223.6,225.2,154309.0
131,2021-10-28,221.6,228.6,221.6,225.4,124650.0
132,2021-10-29,228.0,228.0,223.6,225.4,150526.0
133,2021-11-01,225.2,228.4,220.6,224.2,1056864.0
134,2021-11-02,226.2,231.0,225.6,226.6,967100.0
135,2021-11-03,227.6,228.2,225.0,226.4,137942.0
136,2021-11-04,223.0,227.0,221.2,226.4,263545.0
137,2021-11-05,229.2,230.0,224.0,224.2,133990.0
138,2021-11-08,231.8,242.6,231.8,240.2,831750.0
139,2021-11-09,242.0,249.2,242.0,245.2,1082256.0
140,2021-11-10,237.0,240.2,231.2,240.2,285123.0
141,2021-11-11,244.0,244.0,236.2,240.2,112654.0
142,2021-11-12,240.2,244.4,240.2,242.4,72977.0
143,2021-11-15,243.0,243.2,240.0,243.2,574006.0
144,2021-11-16,243.2,245.8,242.0,244.0,345329.0
145,2021-11-17,244.0,244.0,230.6,233.2,543616.0
146,2021-11-18,233.0,233.0,226.0,227.4,136269.0
147,2021-11-19,230.2,230.8,226.4,230.2,77150.0
148,2021-11-22,234.8,235.6,228.0,228.2,150362.0
149,2021-11-23,228.0,229.8,226.2,228.4,127108.0
150,2021-11-24,228.4,229.4,226.0,228.0,160286.0
151,2021-11-25,226.0,228.6,225.0,226.0,586159.0
152,2021-11-26,225.0,225.0,220.6,220.6,1105107.0
153,2021-11-29,217.2,218.2,211.6,213.8,905655.0
154,2021-11-30,219.0,219.0,209.2,211.0,420640.0
155,2021-12-01,211.6,217.0,211.6,215.2,208372.0
156,2021-12-02,219.8,222.2,216.4,222.2,241051.0
157,2021-12-03,223.6,226.8,222.0,223.4,301200.0
158,2021-12-06,203.8,203.8,193.9,193.9,1040262.0
159,2021-12-07,204.2,212.4,202.0,212.4,507570.0
160,2021-12-08,220.0,221.8,212.6,212.6,232969.0
161,2021-12-09,212.8,214.8,209.8,212.0,398186.0
162,2021-12-10,204.8,206.8,202.0,205.4,195397.0
163,2021-12-13,205.4,207.6,203.2,205.2,195611.0
164,2021-12-14,199.0,199.0,192.7,192.8,342457.0
165,2021-12-15,195.0,198.4,189.3,190.7,266926.0
166,2021-12-16,192.1,194.3,188.7,194.0,234998.0
167,2021-12-17,175.1,176.9,172.1,173.6,798998.0
168,2021-12-20,175.4,176.8,172.8,173.4,229722.0
169,2021-12-21,173.4,176.4,171.0,175.0,350292.0
170,2021-12-22,184.1,185.4,181.2,182.0,310706.0
171,2021-12-23,183.7,183.7,178.0,181.5,253356.0
172,2021-12-24,181.5,188.2,180.8,184.5,480991.0
173,2021-12-28,185.0,187.1,182.8,184.4,108252.0
174,2021-12-29,188.0,188.9,179.0,180.9,82543.0
175,2021-12-30,188.0,188.0,177.0,178.4,182786.0
176,2021-12-31,190.7,195.1,189.0,190.8,121078.0
177,2022-01-03,193.5,193.8,190.4,190.5,64282.0
178,2022-01-04,193.0,198.0,193.0,194.6,180350.0
179,2022-01-05,199.0,203.0,196.5,196.5,229491.0
180,2022-01-06,196.0,197.5,194.2,197.5,267712.0
181,2022-01-07,200.0,200.0,195.6,200.0,103924.0
182,2022-01-10,200.0,200.0,193.3,197.1,228872.0
183,2022-01-11,190.7,190.7,182.9,184.7,621678.0
184,2022-01-12,188.0,195.6,187.4,194.7,500023.0
185,2022-01-13,193.5,196.6,193.5,195.5,171426.0
186,2022-01-14,193.0,193.0,187.8,190.1,299337.0
187,2022-01-17,187.1,193.0,185.0,189.1,260196.0
188,2022-01-18,188.0,191.5,185.1,186.3,188829.0
189,2022-01-19,188.0,191.5,183.1,183.8,167680.0
190,2022-01-20,183.0,192.0,183.0,192.0,370900.0
191,2022-01-21,197.0,214.2,196.1,207.2,883082.0
192,2022-01-24,207.2,207.2,201.8,205.0,424959.0
193,2022-01-25,206.4,206.4,196.6,198.9,437831.0
194,2022-01-26,198.6,201.4,197.5,199.8,202577.0
195,2022-01-27,199.8,200.8,194.6,199.7,440591.0
196,2022-01-28,199.7,202.8,193.1,195.8,901417.0
197,2022-01-31,195.8,201.0,195.5,200.0,317563.0
198,2022-02-04,208.8,210.2,204.6,208.0,545315.0
199,2022-02-07,212.0,213.6,208.8,212.0,471384.0
200,2022-02-08,212.8,219.6,210.6,215.0,1532147.0
201,2022-02-09,218.0,223.0,216.6,223.0,1503876.0
202,2022-02-10,228.0,233.6,228.0,233.4,1728094.0
203,2022-02-11,235.0,238.2,229.6,235.4,407739.0
204,2022-02-14,235.4,235.4,225.4,228.6,360650.0
205,2022-02-15,228.6,233.0,228.6,230.8,153310.0
206,2022-02-16,233.2,237.4,233.2,237.0,263880.0
207,2022-02-17,236.0,236.8,229.2,234.0,297811.0
208,2022-02-18,231.2,238.0,231.2,232.8,396899.0
209,2022-02-21,225.8,231.2,220.2,227.2,641212.0
210,2022-02-22,227.0,227.0,218.6,220.8,385350.0
211,2022-02-23,224.0,224.0,216.8,218.0,338630.0
212,2022-02-24,214.6,216.8,204.0,204.8,445051.0
213,2022-02-25,213.8,213.8,205.8,208.0,332595.0
214,2022-02-28,209.8,209.8,204.4,209.0,282428.0
215,2022-03-01,204.2,205.0,200.0,204.2,577087.0
216,2022-03-02,207.8,207.8,198.5,199.7,387884.0
217,2022-03-03,216.4,223.6,216.0,221.2,839184.0
218,2022-03-04,212.4,212.4,205.2,207.4,595448.0
219,2022-03-07,203.0,203.0,184.4,187.2,1045569.0
220,2022-03-08,177.9,182.0,171.1,172.7,828165.0
221,2022-03-09,174.2,181.9,172.7,180.3,747120.0
222,2022-03-10,190.0,191.2,184.1,189.2,831010.0
223,2022-03-11,168.0,175.6,163.1,172.0,1356439.0
224,2022-03-14,164.8,164.8,141.8,142.6,1933939.0
225,2022-03-15,130.8,141.2,123.3,126.2,1437751.0
226,2022-03-16,144.5,175.0,138.3,171.0,1929838.0
227,2022-03-17,188.1,197.6,171.0,179.0,1156077.0
228,2022-03-18,180.0,181.0,169.0,178.6,653871.0
229,2022-03-21,177.8,181.7,170.8,172.5,793574.0
230,2022-03-22,172.5,187.8,172.5,187.4,604215.0
231,2022-03-23,187.0,198.3,187.0,191.1,654242.0
232,2022-03-24,190.1,207.8,188.1,205.6,1022631.0
233,2022-03-25,202.0,202.0,182.6,186.5,925819.0
234,2022-03-28,176.6,179.1,172.0,176.3,667092.0
235,2022-03-29,182.0,188.8,180.1,188.8,421172.0
236,2022-03-30,196.9,196.9,189.1,191.4,442149.0
237,2022-03-31,196.0,196.0,186.8,188.6,244596.0
238,2022-04-01,183.9,190.0,178.4,186.7,411989.0
239,2022-04-04,192.0,198.2,191.4,198.1,422560.0
240,2022-04-06,186.7,191.4,186.1,187.4,637023.0
241,2022-04-07,184.0,189.6,184.0,187.7,572828.0
242,2022-04-08,178.0,180.1,176.0,177.4,488178.0
243,2022-04-11,174.0,175.0,165.1,167.1,455261.0
244,2022-04-12,167.1,179.5,167.1,175.9,876721.0
245,2022-04-13,178.1,182.8,173.6,180.7,505032.0
246,2022-04-14,181.0,185.7,179.6,185.5,584199.0
247,2022-04-19,184.3,184.3,178.0,180.0,385660.0
248,2022-04-20,180.0,182.0,175.9,177.0,318692.0
249,2022-04-21,170.8,176.2,170.8,173.2,261317.0
250,2022-04-22,173.0,173.3,165.5,171.7,297205.0
251,2022-04-25,171.7,176.7,161.4,163.2,796327.0
252,2022-04-26,165.0,170.2,162.1,164.9,1029700.0
253,2022-04-27,163.8,167.8,160.2,166.0,360896.0
254,2022-04-28,169.5,172.7,168.3,172.2,638958.0
255,2022-04-29,173.0,188.0,170.8,187.2,982182.0
256,2022-05-03,189.0,194.4,183.7,189.9,560398.0
257,2022-05-04,189.9,189.9,182.6,184.7,258881.0
258,2022-05-05,189.0,189.0,182.1,182.1,233611.0
259,2022-05-06,176.0,177.2,170.2,172.1,390230.0
260,2022-05-10,159.0,166.0,158.0,162.3,490336.0
261,2022-05-11,157.0,167.6,152.1,164.0,829713.0
262,2022-05-12,158.1,161.9,156.9,158.5,483273.0
263,2022-05-13,154.4,160.2,153.5,159.0,597012.0
264,2022-05-16,164.1,168.5,162.3,165.4,802181.0
265,2022-05-17,165.0,173.1,163.1,171.8,403150.0
266,2022-05-18,172.0,172.5,166.8,170.5,217802.0
267,2022-05-19,168.0,168.8,162.6,166.3,285349.0
268,2022-05-20,169.0,170.8,167.4,170.7,463631.0
269,2022-05-23,174.0,174.0,166.4,168.0,358207.0
270,2022-05-24,162.1,162.1,156.1,156.8,751560.0
271,2022-05-25,157.0,158.2,153.5,154.3,456492.0
272,2022-05-26,155.0,156.5,152.3,155.4,320379.0
273,2022-05-27,165.0,167.8,163.0,166.4,259377.0
274,2022-05-30,166.0,174.1,166.0,173.0,628133.0
275,2022-05-31,172.0,177.3,170.8,176.3,480220.0
276,2022-06-01,176.3,177.6,173.0,174.4,380428.0
277,2022-06-02,173.0,177.0,170.1,171.3,389889.0
278,2022-06-06,173.4,183.5,171.0,181.2,685153.0
279,2022-06-07,181.0,181.0,176.4,178.6,324220.0
280,2022-06-08,180.5,190.0,180.5,189.0,482568.0
281,2022-06-09,194.0,199.8,185.9,191.0,975990.0
282,2022-06-10,183.0,184.6,177.8,181.2,1724811.0
283,2022-06-13,179.0,179.0,170.1,172.0,542021.0
284,2022-06-14,165.9,172.1,162.3,171.5,758872.0
285,2022-06-15,172.8,180.8,172.8,178.9,394530.0
286,2022-06-16,175.5,176.2,166.4,168.0,597197.0
287,2022-06-17,163.5,172.9,163.5,170.0,514936.0
288,2022-06-20,170.0,172.8,166.8,171.8,446960.0
289,2022-06-21,172.0,181.8,171.8,179.7,978085.0
290,2022-06-22,182.0,184.6,177.9,179.7,1108141.0
291,2022-06-23,182.4,184.1,177.9,181.3,802389.0
292,2022-06-24,181.3,185.5,177.3,185.5,628074.0
293,2022-06-27,193.5,201.6,190.5,197.7,1364937.0
294,2022-06-28,194.2,247.4,192.3,230.4,3460484.0
295,2022-06-29,217.8,229.0,216.2,220.0,2897323.0
296,2022-06-30,220.0,228.2,219.0,221.6,2001990.0
297,2022-07-04,218.6,228.0,208.0,222.0,1624026.0
298,2022-07-05,222.0,225.0,217.0,219.6,804448.0
299,2022-07-06,208.0,210.0,203.0,205.0,2239957.0
300,2022-07-07,198.4,208.8,195.0,205.6,2389289.0
301,2022-07-08,213.0,215.0,208.8,210.0,1782264.0
302,2022-07-11,204.8,204.8,192.8,196.2,1110226.0
303,2022-07-12,190.2,195.6,186.0,188.0,1089759.0
304,2022-07-13,192.3,198.5,189.5,194.5,1147844.0
305,2022-07-14,203.6,208.2,199.4,203.8,1134836.0
306,2022-07-15,199.5,202.8,194.4,195.9,824589.0
307,2022-07-18,198.7,204.8,197.8,204.0,946955.0
308,2022-07-19,202.8,204.6,200.6,201.6,1245225.0
309,2022-07-20,209.8,214.4,207.0,209.6,947993.0
310,2022-07-21,206.0,212.2,205.8,208.4,790921.0
311,2022-07-22,211.4,214.2,208.4,209.2,615276.0
312,2022-07-25,209.2,211.2,205.0,209.8,581541.0
313,2022-07-26,209.0,214.6,209.0,213.0,580732.0
314,2022-07-27,212.4,212.4,205.8,209.0,622674.0
315,2022-07-28,212.0,216.8,206.0,207.8,439052.0
316,2022-07-29,207.2,207.2,196.2,198.1,862701.0
317,2022-08-01,202.0,204.4,197.4,203.2,528339.0
318,2022-08-02,199.9,199.9,192.2,194.4,581713.0
319,2022-08-03,197.1,201.4,196.5,198.4,423284.0
320,2022-08-04,204.8,210.8,204.0,209.0,530385.0
321,2022-08-05,209.0,214.0,208.2,212.8,484053.0
322,2022-08-08,206.2,212.4,206.2,210.2,512248.0
323,2022-08-09,202.0,206.6,200.2,200.8,760073.0
324,2022-08-10,200.8,203.4,194.1,195.6,529415.0
325,2022-08-11,197.0,203.4,197.0,201.4,338755.0
326,2022-08-12,202.6,205.4,202.6,204.6,499049.0
327,2022-08-15,207.0,213.0,205.8,207.0,1111874.0
328,2022-08-16,207.0,208.0,203.0,206.0,349908.0
329,2022-08-17,211.0,212.0,207.6,210.0,517641.0
330,2022-08-18,202.0,207.0,200.4,201.4,523025.0
331,2022-08-19,202.0,206.6,202.0,206.4,447798.0
332,2022-08-22,206.8,209.0,204.8,205.2,423777.0
333,2022-08-23,206.6,213.0,206.6,210.6,509934.0
334,2022-08-24,212.2,213.8,209.4,210.6,588681.0
335,2022-08-25,213.0,223.8,213.0,223.0,530584.0
336,2022-08-26,228.0,228.6,222.2,223.6,633538.0
337,2022-08-29,224.0,226.4,220.0,225.0,445341.0
338,2022-08-30,217.6,217.6,212.0,213.0,547019.0
339,2022-08-31,199.0,208.4,197.3,206.2,1395249.0
340,2022-09-01,204.0,205.2,197.1,198.0,819043.0
341,2022-09-02,197.2,200.0,196.2,198.3,1456100.0
342,2022-09-05,196.0,200.8,194.4,195.5,422446.0
343,2022-09-06,198.5,202.4,196.3,200.6,457847.0
344,2022-09-07,196.0,199.5,193.1,198.0,451934.0
345,2022-09-08,200.0,200.8,193.6,194.2,505999.0
346,2022-09-09,197.0,202.8,195.8,201.4,678191.0
347,2022-09-13,201.6,209.8,201.6,205.6,712768.0
348,2022-09-14,203.0,204.6,200.4,201.2,378269.0
349,2022-09-15,201.4,208.4,201.4,205.6,355952.0
350,2022-09-16,204.0,209.6,203.8,203.8,544816.0
351,2022-09-19,198.8,198.9,190.9,196.6,1471842.0
352,2022-09-20,202.0,209.2,201.8,207.0,843320.0
353,2022-09-21,207.6,211.2,203.2,206.0,714174.0
354,2022-09-22,196.6,200.0,189.8,196.7,1886383.0
355,2022-09-23,199.5,209.6,199.5,206.8,1903239.0
356,2022-09-26,209.4,224.0,206.8,217.8,3303553.0
357,2022-09-27,217.8,225.6,214.0,224.8,2062179.0
358,2022-09-28,223.0,223.0,213.4,214.0,1953758.0
359,2022-09-29,222.8,223.0,210.0,212.4,1117444.0
360,2022-09-30,211.6,214.2,207.2,210.8,916028.0
361,2022-10-03,216.4,217.4,210.8,217.0,972016.0
362,2022-10-05,227.2,232.2,223.0,230.4,1728529.0
363,2022-10-06,237.2,243.4,235.6,240.8,1740648.0
364,2022-10-07,235.4,238.6,226.4,229.6,1519410.0
365,2022-10-10,226.2,226.2,210.8,213.8,1582866.0
366,2022-10-11,209.0,210.6,200.8,202.0,1986976.0
367,2022-10-12,190.3,196.9,180.5,190.8,3311384.0
368,2022-10-13,189.9,193.3,186.6,187.4,1642981.0
369,2022-10-14,194.3,199.6,191.9,194.1,1700503.0
370,2022-10-17,190.5,192.7,184.3,190.3,1113793.0
371,2022-10-18,193.2,197.3,189.8,197.1,1303150.0
372,2022-10-19,195.1,195.1,189.5,189.9,1391382.0
373,2022-10-20,177.0,188.6,172.5,181.9,2595255.0
374,2022-10-21,182.0,187.0,180.9,184.4,1056200.0
375,2022-10-24,182.8,185.9,166.4,168.2,2169014.0
376,2022-10-25,163.0,176.1,159.8,169.8,2619162.0
377,2022-10-26,173.1,183.8,171.5,178.3,2115985.0
378,2022-10-27,186.8,191.5,184.0,186.2,2162168.0
379,2022-10-28,183.9,183.9,174.4,174.6,1412123.0
380,2022-10-31,174.6,183.7,171.7,173.2,1198598.0
381,2022-11-01,180.0,195.0,179.9,193.9,1917965.0
382,2022-11-02,193.9,210.8,190.3,207.0,1631809.0
383,2022-11-03,198.7,203.4,196.0,199.3,843972.0
384,2022-11-04,207.0,229.4,207.0,223.2,2345541.0
385,2022-11-07,212.2,222.0,204.6,216.6,2477683.0
386,2022-11-08,216.6,218.4,209.8,212.6,928978.0
387,2022-11-09,212.6,216.8,204.8,208.4,699587.0
388,2022-11-10,200.0,201.4,195.2,200.2,1769857.0
389,2022-11-11,225.0,235.0,213.0,234.8,2718432.0
390,2022-11-14,232.6,232.6,218.6,221.0,2689845.0
391,2022-11-15,219.8,233.6,219.0,228.4,2127654.0
392,2022-11-16,230.4,242.0,227.4,230.2,2632072.0
393,2022-11-17,225.0,234.4,224.2,233.6,1479470.0
394,2022-11-18,231.0,233.4,223.4,225.8,1670009.0
395,2022-11-21,222.0,224.6,212.0,221.2,1797970.0
396,2022-11-22,217.0,218.0,211.8,213.8,1569428.0
397,2022-11-23,213.6,214.8,205.8,213.0,1038055.0
398,2022-11-24,213.2,214.4,206.6,208.4,816680.0
399,2022-11-25,205.4,208.2,202.6,205.0,633610.0
400,2022-11-28,199.0,206.0,190.6,205.4,1852126.0
401,2022-11-29,218.0,228.2,212.6,227.8,2385722.0
402,2022-11-30,230.0,237.6,221.2,235.6,1729374.0
403,2022-12-01,247.8,251.0,241.0,246.4,3445556.0
404,2022-12-02,246.8,249.8,242.8,248.6,1361329.0
405,2022-12-05,252.0,265.8,250.6,262.8,2599571.0
406,2022-12-06,258.0,275.8,256.2,261.4,1835546.0
407,2022-12-07,261.4,270.2,246.6,248.4,2016096.0
408,2022-12-08,250.2,262.0,250.2,261.6,2188958.0
409,2022-12-09,266.6,272.0,259.2,266.4,5291532.0
410,2022-12-12,258.0,263.0,251.0,259.4,2269375.0
411,2022-12-13,259.4,274.6,257.4,265.8,1960225.0
412,2022-12-14,265.6,265.6,257.6,259.2,1908136.0
413,2022-12-15,272.0,278.8,264.0,268.4,1733014.0
414,2022-12-16,277.2,283.2,269.2,279.0,2172074.0
415,2022-12-19,274.2,280.0,269.2,273.4,1571278.0
416,2022-12-20,271.4,271.4,260.6,264.8,748083.0
417,2022-12-21,265.0,273.4,265.0,271.6,868316.0
418,2022-12-22,272.0,280.0,271.6,278.4,1441140.0
419,2022-12-23,274.6,280.2,271.0,277.2,989075.0
420,2022-12-28,288.0,289.6,283.0,285.0,4324463.0
421,2022-12-29,273.0,277.8,263.0,267.6,1740980.0
422,2022-12-30,273.4,275.0,267.4,273.6,1065652.0
423,2023-01-03,273.0,275.0,267.2,271.8,831980.0
424,2023-01-04,278.8,294.6,277.8,294.4,2006862.0
425,2023-01-05,296.2,304.8,293.4,297.2,1783299.0
426,2023-01-06,300.0,300.0,287.0,291.0,1590901.0
427,2023-01-09,302.2,305.0,296.6,304.2,1716088.0
428,2023-01-10,299.4,299.4,291.8,293.6,1692809.0
429,2023-01-11,296.4,299.4,286.2,288.4,1318042.0
430,2023-01-12,285.6,291.4,280.0,285.0,1919192.0
431,2023-01-13,287.8,292.8,285.0,291.8,1003108.0
432,2023-01-16,298.0,299.2,288.4,291.8,1722587.0
433,2023-01-17,291.8,297.2,286.2,292.2,812988.0
434,2023-01-18,286.4,286.4,277.2,283.4,1946474.0
435,2023-01-19,283.6,292.6,283.6,290.0,859332.0
436,2023-01-20,297.6,304.0,294.0,303.6,999636.0
437,2023-01-26,304.8,312.6,304.8,310.6,892228.0
438,2023-01-27,312.0,318.4,310.4,314.0,607150.0
439,2023-01-30,313.4,313.4,291.6,292.6,1271794.0
440,2023-01-31,297.0,297.2,283.6,289.2,1338067.0
441,2023-02-01,289.0,293.2,283.8,292.8,1372737.0
442,2023-02-02,295.4,295.8,285.0,290.6,1415123.0
443,2023-02-03,282.6,283.4,277.8,282.8,2182877.0
444,2023-02-06,283.0,283.0,276.0,280.4,920691.0
445,2023-02-07,283.8,296.8,283.8,289.0,1030782.0
446,2023-02-08,290.0,295.8,290.0,291.8,851227.0
447,2023-02-09,293.4,297.4,289.6,296.0,1260482.0
448,2023-02-10,291.4,296.4,287.6,288.2,638913.0
449,2023-02-13,285.0,293.0,283.4,291.4,702779.0
450,2023-02-14,296.0,296.0,290.4,291.6,1056221.0
451,2023-02-15,293.2,295.0,285.6,291.4,688315.0
452,2023-02-16,296.0,305.2,293.0,298.0,1446512.0
453,2023-02-17,296.6,302.0,288.6,290.6,794588.0
454,2023-02-20,288.2,294.4,283.2,290.0,551235.0
455,2023-02-21,290.4,292.2,283.6,284.2,704484.0
456,2023-02-22,282.4,287.8,280.4,282.6,644990.0
457,2023-02-23,287.0,294.8,286.8,290.6,1188154.0
458,2023-02-24,282.0,288.6,278.0,278.2,1244756.0
459,2023-02-27,274.6,281.2,273.2,275.8,1107991.0
460,2023-02-28,278.2,282.6,274.6,277.6,816495.0
461,2023-03-01,277.6,293.4,277.6,291.8,1213061.0
462,2023-03-02,290.0,298.4,290.0,296.8,1034687.0
463,2023-03-03,297.0,300.6,293.8,296.4,734372.0
464,2023-03-06,301.4,311.6,301.0,310.0,1560203.0
465,2023-03-07,310.0,321.8,308.2,314.4,2401904.0
466,2023-03-08,296.0,299.0,290.4,297.4,2407128.0
467,2023-03-09,294.6,294.6,283.2,283.4,1524460.0
468,2023-03-10,276.8,283.4,274.4,280.0,2196757.0
469,2023-03-13,284.6,299.0,284.6,294.2,2451389.0
470,2023-03-14,295.0,299.2,290.4,293.4,1966220.0
471,2023-03-15,297.8,301.8,292.0,296.6,1032156.0
472,2023-03-16,288.8,294.8,283.8,288.4,1706446.0
473,2023-03-17,289.6,299.8,289.6,299.2,3200115.0
474,2023-03-20,299.2,299.2,277.2,281.4,1965995.0
475,2023-03-21,284.6,292.0,282.0,291.2,1199237.0
476,2023-03-22,296.0,303.4,296.0,300.0,1467161.0
477,2023-03-23,293.6,300.6,291.6,299.8,1283367.0
478,2023-03-24,297.0,299.2,290.4,294.0,1442788.0
479,2023-03-27,287.0,289.0,280.6,281.6,1560729.0
480,2023-03-28,287.4,287.4,280.0,282.4,1105143.0
481,2023-03-29,288.8,289.6,280.4,281.8,1264925.0
482,2023-03-30,282.2,285.6,278.8,284.0,1234600.0
483,2023-03-31,294.0,296.0,290.6,293.8,1365721.0
484,2023-04-03,294.8,298.0,290.0,294.6,880936.0
485,2023-04-04,296.0,296.0,288.8,294.0,1188943.0
486,2023-04-06,288.8,294.4,288.0,293.4,771182.0
487,2023-04-11,293.6,302.6,293.2,297.2,738896.0
488,2023-04-12,294.4,294.4,285.2,287.2,831734.0
489,2023-04-13,278.0,283.4,278.0,282.8,1221688.0
490,2023-04-14,283.0,285.6,279.6,281.6,840734.0
491,2023-04-17,277.2,287.8,277.2,287.2,950146.0
492,2023-04-18,287.0,289.4,284.8,288.4,638322.0
493,2023-04-19,293.2,297.6,290.0,294.0,1099533.0
494,2023-04-20,293.4,296.8,290.6,291.6,557634.0
495,2023-04-21,291.6,291.6,284.2,286.6,968302.0
496,2023-04-24,285.2,289.2,280.8,284.4,501578.0
497,2023-04-25,281.0,283.0,270.2,274.0,1186193.0
498,2023-04-26,273.4,280.4,273.4,278.8,959750.0
499,2023-04-27,276.4,278.2,274.2,276.6,631011.0
500,2023-04-28,275.0,277.8,273.4,274.8,733986.0
501,2023-05-02,280.0,281.4,272.4,273.6,675995.0
502,2023-05-03,272.0,272.8,262.4,268.6,1137789.0
503,2023-05-04,259.8,261.6,252.6,259.8,1841560.0
504,2023-05-05,264.0,264.0,259.0,260.4,958998.0
505,2023-05-08,265.0,265.0,258.4,261.0,553836.0
506,2023-05-09,261.6,261.6,250.6,251.2,864477.0
507,2023-05-10,252.8,261.2,250.0,254.2,1022888.0
508,2023-05-11,256.0,256.8,251.8,254.0,786259.0
509,2023-05-12,261.6,262.2,256.0,257.4,1221997.0
510,2023-05-15,257.4,265.8,257.4,263.4,1303251.0
511,2023-05-16,267.6,268.8,263.2,264.0,762937.0
512,2023-05-17,269.8,270.4,258.2,259.2,924753.0
513,2023-05-18,263.0,270.4,263.0,269.6,1293140.0
514,2023-05-19,266.0,266.0,258.4,258.8,1127493.0
515,2023-05-22,262.0,267.6,260.2,264.6,812077.0
516,2023-05-23,265.6,267.0,260.4,261.6,1101674.0
517,2023-05-24,257.0,258.8,252.6,253.0,889059.0
518,2023-05-25,251.0,251.6,242.4,244.0,1674260.0
519,2023-05-29,244.8,253.8,244.8,247.4,1020236.0
520,2023-05-30,248.4,251.8,243.2,246.2,807390.0
521,2023-05-31,245.4,251.2,240.6,251.2,5558017.0
522,2023-06-01,250.8,251.6,241.0,241.6,1890804.0
523,2023-06-02,248.8,261.2,248.2,256.8,5625608.0
524,2023-06-05,269.8,270.4,263.0,268.2,2246864.0
525,2023-06-06,268.2,273.2,264.0,270.0,1664184.0
526,2023-06-07,273.4,273.4,265.4,268.6,1689453.0
527,2023-06-08,275.6,282.8,275.6,282.4,2499347.0
528,2023-06-09,283.2,287.4,278.6,284.8,3781795.0
529,2023-06-12,292.2,293.8,287.4,292.2,2432812.0
530,2023-06-13,293.4,298.2,290.2,297.2,2024584.0
531,2023-06-14,286.8,289.0,279.0,281.6,2567301.0
532,2023-06-15,281.6,283.0,278.6,281.8,2843961.0
533,2023-06-16,283.0,285.6,280.0,282.2,4164538.0
534,2023-06-19,281.0,283.0,277.6,281.4,1390984.0
535,2023-06-20,280.2,280.2,275.6,278.2,862063.0
536,2023-06-21,275.4,279.2,273.4,274.6,1506786.0
537,2023-06-23,274.8,276.6,271.2,275.4,1196008.0
538,2023-06-26,270.2,272.8,266.2,267.8,1138373.0
539,2023-06-27,268.6,272.0,266.8,271.2,937808.0
540,2023-06-28,274.6,275.2,268.0,274.4,894941.0
541,2023-06-29,277.6,279.2,270.8,273.2,1190333.0
542,2023-06-30,275.8,276.4,269.8,272.6,1054783.0
543,2023-07-03,271.8,281.0,271.8,280.0,986041.0
544,2023-07-04,280.0,284.2,278.0,284.0,999535.0
545,2023-07-05,284.0,284.0,274.4,275.4,771293.0
546,2023-07-06,273.2,274.2,267.4,269.8,1321342.0
547,2023-07-07,265.8,265.8,256.8,262.4,1360937.0
548,2023-07-10,267.6,271.8,265.4,267.6,866265.0
549,2023-07-11,275.0,279.0,273.0,277.6,1166850.0
550,2023-07-12,280.0,285.4,279.0,285.0,973905.0
551,2023-07-13,290.0,297.0,290.0,294.2,1569502.0
552,2023-07-14,295.8,296.0,288.6,291.8,1128538.0
553,2023-07-18,285.6,291.8,285.4,288.8,855481.0
554,2023-07-19,282.4,287.8,281.0,286.0,726586.0
555,2023-07-20,283.0,291.6,283.0,288.2,739814.0
556,2023-07-21,287.6,290.0,283.8,289.4,542483.0
557,2023-07-24,285.6,288.8,280.4,283.4,790331.0
558,2023-07-25,290.8,297.0,290.8,296.6,1342253.0
559,2023-07-26,294.6,296.8,293.0,296.0,850482.0
560,2023-07-27,299.0,302.6,298.6,301.2,849147.0
561,2023-07-28,301.2,308.0,297.2,307.6,1340139.0
562,2023-07-31,314.2,318.0,309.4,311.4,2106641.0
563,2023-08-01,317.4,324.8,316.0,318.0,1332774.0
564,2023-08-02,316.4,316.4,308.6,310.2,887001.0
565,2023-08-03,301.4,308.0,300.8,305.4,940764.0
566,2023-08-04,310.8,315.6,310.4,314.4,1106412.0
567,2023-08-07,313.4,315.2,307.6,315.0,526992.0
568,2023-08-08,315.0,320.0,313.2,314.8,1096102.0
569,2023-08-09,312.6,318.2,312.4,317.8,1124287.0
570,2023-08-10,319.8,330.2,319.4,326.4,2160026.0
571,2023-08-11,326.2,326.4,318.4,320.0,1475384.0
572,2023-08-14,315.8,316.8,306.4,314.8,1008791.0
573,2023-08-15,312.0,319.8,312.0,314.0,724732.0
574,2023-08-16,313.0,316.2,310.4,314.6,948065.0
575,2023-08-17,309.8,314.8,304.0,311.2,1345341.0
576,2023-08-18,304.0,305.0,298.2,299.6,1422615.0
577,2023-08-21,295.4,299.4,290.4,294.2,1439588.0
578,2023-08-22,295.0,302.2,292.6,298.8,1216049.0
579,2023-08-23,298.8,305.6,298.8,304.0,1276000.0
580,2023-08-24,311.6,319.2,310.0,317.8,1873076.0
581,2023-08-25,317.6,317.6,311.2,311.6,1078317.0
582,2023-08-28,320.8,321.8,308.0,308.8,1102928.0
583,2023-08-29,306.8,312.2,305.8,310.4,1081495.0
584,2023-08-30,313.8,315.4,305.6,306.8,684370.0
585,2023-08-31,310.4,313.6,307.2,309.4,1666547.0
586,2023-09-04,311.8,329.8,311.8,329.8,3990682.0
587,2023-09-05,329.4,329.4,301.2,304.0,3370482.0
588,2023-09-06,301.6,303.6,296.2,302.2,1804340.0
589,2023-09-07,301.0,301.0,290.2,290.8,1784900.0
590,2023-09-11,281.8,290.2,280.0,288.2,2648375.0
591,2023-09-12,283.0,285.4,279.2,284.0,1458263.0
592,2023-09-13,286.0,287.6,282.6,285.6,1314506.0
593,2023-09-14,284.6,285.6,277.8,281.4,1147710.0
594,2023-09-15,279.0,287.6,277.0,284.4,4864748.0
595,2023-09-18,280.8,286.0,279.0,282.6,1795209.0
596,2023-09-19,283.0,283.8,279.0,283.2,772695.0
597,2023-09-20,283.2,283.6,278.2,279.6,862261.0
598,2023-09-21,280.0,281.0,277.6,280.4,926367.0
599,2023-09-22,280.2,288.4,277.0,287.4,1199687.0
600,2023-09-25,286.6,286.6,274.4,275.2,1026967.0
601,2023-09-26,278.2,279.2,274.4,275.8,1051810.0
602,2023-09-27,278.0,282.2,276.8,277.6,938437.0
603,2023-09-28,277.6,279.6,271.2,272.2,887263.0
604,2023-09-29,271.6,282.2,271.6,279.2,1253259.0
605,2023-10-03,273.0,273.0,266.2,269.2,983913.0
606,2023-10-04,263.8,263.8,256.0,259.0,1899908.0
607,2023-10-05,259.6,261.4,256.4,257.6,755178.0
608,2023-10-06,260.2,262.8,258.8,260.6,632618.0
609,2023-10-09,260.8,262.6,258.2,259.8,661157.0
610,2023-10-10,261.8,265.4,260.4,261.8,866780.0
611,2023-10-11,267.6,271.2,265.8,265.8,1121514.0
612,2023-10-12,273.6,274.6,271.2,271.8,1611755.0
613,2023-10-13,265.2,269.6,260.6,261.8,2014485.0
614,2023-10-16,260.0,260.6,254.4,255.6,805748.0
615,2023-10-17,262.6,264.8,256.8,258.8,1125460.0
616,2023-10-18,258.8,259.2,255.0,258.2,743608.0
617,2023-10-19,255.4,257.0,253.8,253.8,913867.0
618,2023-10-20,254.0,257.0,252.4,252.6,1011408.0
619,2023-10-24,263.8,264.4,257.6,258.6,1452372.0
620,2023-10-25,270.2,272.6,265.0,266.0,1014626.0
621,2023-10-26,269.0,271.6,267.2,269.4,731443.0
622,2023-10-27,274.0,279.8,271.2,277.2,1572163.0
623,2023-10-30,274.6,282.2,274.6,279.6,994587.0
624,2023-10-31,276.4,276.4,268.0,268.8,946155.0
625,2023-11-01,264.6,267.0,261.0,262.2,1004607.0
626,2023-11-02,265.2,266.4,259.4,260.6,452845.0
627,2023-11-03,258.4,261.2,256.0,260.2,1048907.0
628,2023-11-06,266.0,269.8,264.6,268.8,699110.0
629,2023-11-07,265.8,267.8,264.8,265.4,475345.0
630,2023-11-08,263.8,266.2,261.0,261.8,653575.0
631,2023-11-09,262.0,263.8,260.2,262.4,541198.0
632,2023-11-10,262.0,263.8,260.4,260.6,748165.0
633,2023-11-13,261.8,270.6,261.8,269.2,874571.0
634,2023-11-14,273.4,278.0,272.0,272.0,723579.0
635,2023-11-15,278.6,279.8,274.8,278.2,1445876.0
636,2023-11-16,278.0,278.6,270.2,273.4,1147583.0
637,2023-11-17,273.4,277.0,271.4,274.0,627552.0
638,2023-11-20,278.0,281.2,276.2,280.4,861344.0
639,2023-11-21,282.0,288.6,274.2,275.6,2503019.0
640,2023-11-22,256.8,272.0,256.8,264.4,2798419.0
641,2023-11-23,269.2,277.4,269.2,276.8,1235334.0
642,2023-11-24,276.8,280.2,273.0,276.0,1440609.0
643,2023-11-27,276.0,280.0,274.4,279.6,1140518.0
644,2023-11-28,282.4,282.4,275.0,275.0,826105.0
645,2023-11-29,277.6,278.8,270.6,272.8,1305797.0
646,2023-11-30,272.8,276.4,269.0,274.6,2483410.0
647,2023-12-01,273.0,273.4,268.0,269.2,1436481.0
648,2023-12-04,270.6,270.6,262.8,264.0,1040005.0
649,2023-12-05,264.0,264.0,256.6,258.0,1467033.0
650,2023-12-06,258.0,260.4,253.6,257.6,1605434.0
651,2023-12-07,254.4,257.2,251.4,256.2,1109805.0
652,2023-12-08,256.8,263.6,256.0,260.8,1198988.0
653,2023-12-11,256.0,258.8,252.2,257.6,1184837.0
654,2023-12-12,259.8,265.8,256.6,265.0,1034223.0
655,2023-12-13,265.8,267.8,263.6,264.8,1102496.0
656,2023-12-14,264.0,264.8,259.6,261.2,2099864.0
657,2023-12-15,263.0,268.8,262.4,266.6,2424664.0
658,2023-12-18,266.6,266.6,261.0,262.8,1188101.0
659,2023-12-19,260.6,265.4,258.2,264.6,749022.0
660,2023-12-20,267.4,268.2,264.6,265.6,723421.0
661,2023-12-21,265.6,267.8,263.8,267.0,761521.0
662,2023-12-22,267.0,270.0,263.2,263.6,1005102.0
663,2023-12-27,265.0,267.8,261.4,265.8,849652.0
664,2023-12-28,268.0,278.4,267.0,276.6,871816.0
665,2023-12-29,276.6,278.6,274.6,277.6,869987.0
666,2024-01-02,279.0,281.8,276.8,280.2,874986.0
667,2024-01-03,280.2,282.2,275.2,281.6,539146.0
668,2024-01-04,281.6,287.8,280.2,287.0,1062108.0
669,2024-01-05,297.0,300.6,294.2,295.2,2196921.0
670,2024-01-08,296.8,298.2,289.2,289.8,1025463.0
671,2024-01-09,293.6,299.4,293.4,296.4,1484371.0
672,2024-01-10,294.6,297.8,290.0,296.8,1381424.0
673,2024-01-11,295.0,297.4,292.0,293.6,1036101.0
674,2024-01-12,293.0,298.4,292.2,295.6,661595.0
675,2024-01-15,295.0,295.0,288.4,290.2,714293.0
676,2024-01-16,291.0,296.2,289.4,290.0,810995.0
677,2024-01-17,285.6,286.2,275.4,278.6,2005225.0
678,2024-01-18,280.8,284.6,278.4,283.2,1376125.0
679,2024-01-19,284.2,284.2,273.6,278.8,1743122.0
680,2024-01-22,278.2,279.0,264.8,269.0,1512832.0
681,2024-01-23,269.4,278.0,265.8,275.4,1999555.0
682,2024-01-24,279.2,287.4,276.6,285.4,1729596.0
683,2024-01-25,286.8,290.6,283.0,290.2,1218400.0
684,2024-01-26,290.2,293.4,289.2,290.2,1469214.0
685,2024-01-29,290.2,299.2,290.2,298.6,1920829.0
686,2024-01-30,296.0,296.0,281.0,282.0,2156696.0
687,2024-01-31,282.2,285.6,275.4,280.4,2089136.0
688,2024-02-01,283.8,291.8,281.8,289.2,1102167.0
689,2024-02-02,293.4,297.6,288.8,291.4,1191256.0
690,2024-02-05,285.4,295.8,285.2,290.6,859946.0
691,2024-02-06,290.6,308.8,290.6,306.4,1783496.0
692,2024-02-07,307.0,310.6,299.2,301.0,1670294.0
693,2024-02-08,307.2,312.8,301.4,304.2,1299685.0
