,date,open,high,low,close,volume
0,2020-09-25,49.025,50.665,48.845,50.335,4955818.0
1,2020-09-28,49.895,50.165,49.425,49.575,2741362.0
2,2020-09-29,49.535,50.025,49.535,49.935,4178369.0
3,2020-09-30,49.845,50.275,49.435,49.625,3001356.0
4,2020-10-01,50.025,50.135,49.045,49.125,4728218.0
5,2020-10-02,49.245,49.585,48.955,49.045,5699061.0
6,2020-10-05,49.285,49.675,49.005,49.315,6704494.0
7,2020-10-06,48.975,49.355,48.505,48.535,3694975.0
8,2020-10-07,48.635,48.755,48.155,48.355,3518746.0
9,2020-10-08,48.505,49.115,48.405,48.915,2351283.0
10,2020-10-09,49.215,49.675,49.145,49.545,2092001.0
11,2020-10-12,50.015,50.275,49.795,50.095,2783457.0
12,2020-10-13,49.595,49.975,49.275,49.305,2949809.0
13,2020-10-14,48.825,48.885,47.765,48.015,4657364.0
14,2020-10-15,47.275,47.595,47.065,47.375,3039396.0
15,2020-10-16,47.825,48.325,47.655,47.855,2666174.0
16,2020-10-19,48.055,48.155,47.125,47.265,3143676.0
17,2020-10-20,47.505,47.645,46.975,47.015,4919090.0
18,2020-10-21,46.965,47.305,45.295,46.395,8219837.0
19,2020-10-22,46.835,47.055,46.455,46.785,3754976.0
20,2020-10-23,46.995,47.515,46.605,46.825,5576904.0
21,2020-10-26,47.695,48.185,47.365,47.895,6021982.0
22,2020-10-27,48.135,48.315,47.205,47.305,3702333.0
23,2020-10-28,46.715,46.775,45.735,45.805,5263180.0
24,2020-10-29,45.865,46.275,45.235,45.895,3534018.0
25,2020-10-30,45.745,46.025,44.615,44.985,4764666.0
26,2020-11-02,45.295,45.545,44.975,45.445,5368781.0
27,2020-11-03,46.285,46.895,46.115,46.525,4157201.0
28,2020-11-04,48.775,50.195,48.735,49.865,7385766.0
29,2020-11-05,50.885,51.205,49.935,49.985,6660890.0
30,2020-11-06,50.515,50.785,50.265,50.345,3686324.0
31,2020-11-09,49.595,49.945,48.715,48.875,4381265.0
32,2020-11-10,51.465,51.675,50.805,51.395,5835772.0
33,2020-11-11,52.365,52.905,52.145,52.845,4069686.0
34,2020-11-12,51.635,52.195,51.305,51.665,2906589.0
35,2020-11-13,51.695,52.245,51.585,52.205,2911496.0
36,2020-11-16,51.315,51.595,50.895,51.115,5190460.0
37,2020-11-17,49.935,50.245,49.575,49.785,6451532.0
38,2020-11-18,50.155,50.165,48.785,48.815,4732307.0
39,2020-11-19,49.075,49.075,48.495,48.855,6768216.0
40,2020-11-20,49.705,50.245,49.505,50.125,4314695.0
41,2020-11-23,49.345,49.535,48.155,49.525,13670634.0
42,2020-11-24,48.825,49.125,48.345,48.395,8341371.0
43,2020-11-25,47.165,47.915,47.125,47.425,11660894.0
44,2020-11-27,46.405,47.595,46.265,47.435,14783164.0
45,2020-11-30,48.125,48.245,47.355,47.765,14725150.0
46,2020-12-01,47.885,48.185,47.425,47.805,13308215.0
47,2020-12-02,47.715,48.425,47.655,48.215,4953720.0
48,2020-12-03,47.695,47.785,47.075,47.605,7917117.0
49,2020-12-04,48.375,48.965,48.245,48.565,4685382.0
50,2020-12-07,49.205,49.315,48.655,49.085,6582900.0
51,2020-12-08,48.495,49.885,48.445,49.545,6707629.0
52,2020-12-09,49.785,49.845,48.635,48.865,7952358.0
53,2020-12-10,48.685,49.025,48.495,48.715,7566849.0
54,2020-12-11,48.455,49.175,48.455,49.095,3870032.0
55,2020-12-14,45.495,46.395,44.715,44.855,54898615.0
56,2020-12-15,45.435,45.655,44.915,45.655,22345282.0
57,2020-12-16,46.625,46.635,45.645,45.755,19333506.0
58,2020-12-17,46.085,46.195,45.375,45.615,13957162.0
59,2020-12-18,45.745,45.775,44.815,45.035,25875187.0
60,2020-12-21,44.305,44.665,43.885,44.505,13007228.0
61,2020-12-22,44.095,44.105,43.325,43.555,14234584.0
62,2020-12-23,43.935,43.945,43.455,43.595,11311012.0
63,2020-12-24,43.725,43.725,42.995,43.345,4931684.0
64,2020-12-28,45.055,45.105,43.965,44.205,15481865.0
65,2020-12-29,45.485,45.525,44.615,44.725,17308486.0
66,2020-12-30,45.285,45.375,44.865,45.005,14349075.0
67,2020-12-31,44.825,44.915,43.945,44.815,10610010.0
68,2021-01-04,45.745,45.875,44.715,45.345,15661809.0
69,2021-01-05,45.225,45.655,44.845,45.525,13361935.0
70,2021-01-06,45.665,46.265,45.485,45.735,12754931.0
71,2021-01-07,45.375,45.605,44.885,45.015,13562629.0
72,2021-01-08,45.415,45.705,45.145,45.685,10996025.0
73,2021-01-11,45.405,45.915,45.235,45.385,11687161.0
74,2021-01-12,45.465,45.475,44.925,45.115,9628798.0
75,2021-01-13,45.565,46.075,45.495,45.705,11452845.0
76,2021-01-14,46.295,46.625,45.995,46.115,11521679.0
77,2021-01-15,46.115,46.385,45.955,46.165,9523952.0
78,2021-01-19,47.345,47.485,47.035,47.395,13568686.0
79,2021-01-20,47.475,47.475,46.735,47.065,13626186.0
80,2021-01-21,47.385,47.565,46.985,47.375,16057952.0
81,2021-01-22,47.555,48.365,47.445,48.075,13372689.0
82,2021-01-25,48.555,49.035,48.415,48.835,13742789.0
83,2021-01-26,49.345,49.475,49.015,49.265,11614391.0
84,2021-01-27,48.195,48.255,46.855,46.925,14550174.0
85,2021-01-28,46.945,47.765,46.815,46.865,8374776.0
86,2021-01-29,46.555,47.035,45.335,45.425,12692504.0
87,2021-02-01,46.085,46.125,45.035,45.225,14590904.0
88,2021-02-02,45.345,45.455,44.845,44.885,11349771.0
89,2021-02-03,44.985,45.165,44.555,44.825,9069712.0
90,2021-02-04,45.135,45.275,44.865,45.185,7317680.0
91,2021-02-05,44.775,44.925,44.475,44.555,9809365.0
92,2021-02-08,44.925,45.355,44.625,44.885,8559086.0
93,2021-02-09,44.985,45.465,44.865,45.235,8058071.0
94,2021-02-10,45.605,45.665,44.585,44.795,9656626.0
95,2021-02-11,45.165,45.255,44.425,44.915,13276012.0
96,2021-02-12,45.755,46.565,45.625,46.515,11856407.0
97,2021-02-16,45.845,46.085,45.425,45.715,8823267.0
98,2021-02-17,45.875,46.615,45.675,46.275,9516106.0
99,2021-02-18,46.315,46.805,46.235,46.325,9765233.0
100,2021-02-19,45.955,45.985,45.375,45.415,6895585.0
101,2021-02-22,45.495,45.635,45.185,45.395,10775960.0
102,2021-02-23,45.525,45.595,44.045,44.135,14535857.0
103,2021-02-24,44.485,45.145,44.335,44.925,12218639.0
104,2021-02-25,45.605,45.625,44.505,44.665,12795869.0
105,2021-02-26,44.605,44.675,43.735,44.135,8551178.0
106,2021-03-01,44.215,44.435,43.835,43.845,11384694.0
107,2021-03-02,44.155,44.185,43.425,43.485,14259650.0
108,2021-03-03,43.395,43.395,42.605,42.915,14031715.0
109,2021-03-04,43.345,43.705,42.235,42.985,15996354.0
110,2021-03-05,43.325,43.875,42.905,43.815,11174776.0
111,2021-03-08,43.505,44.225,43.415,43.945,11753021.0
112,2021-03-09,45.155,45.635,44.825,45.025,15539098.0
113,2021-03-10,45.955,46.045,45.455,45.565,12728689.0
114,2021-03-11,44.705,45.025,44.345,44.425,12653914.0
115,2021-03-12,44.025,44.335,43.635,44.175,8919784.0
116,2021-03-15,44.335,44.535,43.885,44.525,10650880.0
117,2021-03-16,45.705,46.225,45.615,45.805,16767753.0
118,2021-03-17,45.555,45.875,44.845,45.825,13008118.0
119,2021-03-18,45.225,45.725,45.035,45.085,9792160.0
120,2021-03-19,44.975,45.235,44.645,44.965,6788841.0
121,2021-03-22,45.735,46.965,45.625,46.955,10091989.0
122,2021-03-23,45.705,45.965,44.915,45.155,10891764.0
123,2021-03-24,44.885,45.055,44.515,44.545,6482640.0
124,2021-03-25,44.685,45.545,44.565,45.455,6800208.0
125,2021-03-26,45.315,46.425,45.235,46.395,9707470.0
126,2021-03-29,46.305,46.815,46.235,46.565,8652365.0
127,2021-03-30,45.895,45.925,45.445,45.725,7085042.0
128,2021-03-31,45.795,45.885,45.455,45.475,6688265.0
129,2021-04-01,45.365,45.545,45.085,45.285,5958613.0
130,2021-04-05,45.165,45.555,45.155,45.285,5293953.0
131,2021-04-06,45.205,45.435,44.915,44.975,7127805.0
132,2021-04-07,44.815,44.875,44.015,44.175,9469101.0
133,2021-04-08,45.425,45.555,45.185,45.255,10361279.0
134,2021-04-09,45.905,45.915,45.435,45.695,7432187.0
135,2021-04-12,45.585,45.675,45.125,45.175,7890565.0
136,2021-04-13,44.965,45.355,44.715,44.945,7733898.0
137,2021-04-14,45.795,46.075,45.495,45.595,11863557.0
138,2021-04-15,46.495,47.045,46.355,46.585,13902952.0
139,2021-04-16,46.555,46.765,46.365,46.495,22166239.0
140,2021-04-19,47.395,47.565,47.005,47.385,16120676.0
141,2021-04-20,47.845,48.105,47.705,48.025,13942424.0
142,2021-04-21,48.675,48.935,48.445,48.865,11431747.0
143,2021-04-22,48.825,48.855,48.185,48.465,9435955.0
144,2021-04-23,48.495,48.515,47.915,48.015,6560601.0
145,2021-04-26,48.205,48.235,47.745,48.125,6451470.0
146,2021-04-27,48.555,48.565,48.065,48.125,8342180.0
147,2021-04-28,48.115,48.355,47.685,47.835,8145133.0
148,2021-04-29,48.015,48.035,46.415,47.125,11150899.0
149,2021-04-30,49.025,50.315,48.695,48.825,15298041.0
150,2021-05-03,49.125,49.495,48.875,49.455,6636696.0
151,2021-05-04,49.025,49.135,48.495,48.685,8149781.0
152,2021-05-05,49.025,49.455,48.835,49.405,7360549.0
153,2021-05-06,49.025,49.275,48.725,49.235,5502378.0
154,2021-05-07,49.285,49.805,49.285,49.565,4775914.0
155,2021-05-10,50.305,50.455,49.925,50.135,8361974.0
156,2021-05-11,49.085,49.945,49.085,49.855,7480114.0
157,2021-05-12,50.475,50.775,50.135,50.255,8345504.0
158,2021-05-13,50.215,50.975,50.185,50.805,7311731.0
159,2021-05-14,50.995,51.135,50.835,50.965,5198525.0
160,2021-05-17,51.245,51.635,51.185,51.635,5528241.0
161,2021-05-18,51.965,52.125,51.745,51.745,6982919.0
162,2021-05-19,52.005,52.115,51.705,52.095,10347283.0
163,2021-05-20,52.725,53.385,52.635,53.195,10172467.0
164,2021-05-21,53.335,53.485,53.105,53.155,7252813.0
165,2021-05-24,53.265,53.475,53.185,53.225,4324524.0
166,2021-05-25,53.085,53.115,52.515,52.665,7404321.0
167,2021-05-26,52.765,52.815,52.275,52.295,4063383.0
168,2021-05-27,51.965,53.115,51.955,52.645,12365611.0
169,2021-05-28,52.505,53.185,52.455,52.525,5565327.0
170,2021-06-01,52.895,52.915,51.905,52.005,6757118.0
171,2021-06-02,51.635,51.985,51.615,51.855,6077792.0
172,2021-06-03,51.535,52.145,51.485,52.005,5497710.0
173,2021-06-04,52.395,52.815,52.325,52.555,4868823.0
174,2021-06-07,52.375,52.715,52.105,52.155,6282817.0
175,2021-06-08,52.555,52.555,51.675,52.065,5164894.0
176,2021-06-09,52.715,53.415,52.615,53.355,7486531.0
177,2021-06-10,53.895,54.635,53.705,54.595,7558314.0
178,2021-06-11,54.885,54.905,54.285,54.525,7684437.0
179,2021-06-14,54.715,54.725,54.075,54.515,6596732.0
180,2021-06-15,54.745,54.765,54.335,54.595,5940579.0
181,2021-06-16,54.615,55.095,54.035,54.165,6968424.0
182,2021-06-17,53.815,54.215,53.625,54.105,4875014.0
183,2021-06-18,53.585,54.355,53.325,54.125,14107314.0
184,2021-06-21,53.955,54.215,53.735,54.065,5305065.0
185,2021-06-22,53.915,54.075,53.445,53.645,4899942.0
186,2021-06-23,54.605,54.605,53.635,53.735,5804904.0
187,2021-06-24,54.145,54.825,54.085,54.175,5247889.0
188,2021-06-25,54.805,55.175,54.565,55.105,9532823.0
189,2021-06-28,55.535,56.125,55.485,55.825,5822357.0
190,2021-06-29,55.875,56.095,55.665,55.935,4667350.0
191,2021-06-30,55.815,56.045,55.475,55.655,4575475.0
192,2021-07-01,55.625,56.195,55.465,56.065,4754924.0
193,2021-07-02,56.015,56.635,55.825,56.545,5198428.0
194,2021-07-06,56.165,56.315,55.625,55.655,6893637.0
195,2021-07-07,55.515,55.575,55.055,55.515,6434879.0
196,2021-07-08,55.205,55.425,54.585,55.015,6894951.0
197,2021-07-09,54.875,55.665,54.825,55.385,6173577.0
198,2021-07-12,56.045,56.685,55.985,56.255,10067913.0
199,2021-07-13,55.845,56.415,55.825,56.365,8321737.0
200,2021-07-14,55.845,55.935,55.385,55.555,23737759.0
201,2021-07-15,54.545,54.615,52.605,52.715,27055773.0
202,2021-07-16,52.545,53.235,52.155,52.545,28642768.0
203,2021-07-19,52.195,52.635,51.755,52.235,41068201.0
204,2021-07-20,53.025,53.655,52.515,53.295,65540182.0
205,2021-07-21,53.665,53.815,53.285,53.525,19553099.0
206,2021-07-22,53.905,54.235,53.635,53.715,48604918.0
207,2021-07-23,54.115,54.475,53.775,53.985,14129812.0
208,2021-07-26,53.275,53.375,52.505,52.545,19736677.0
209,2021-07-27,53.445,53.445,52.335,53.215,15839191.0
210,2021-07-28,52.785,53.185,52.565,52.565,10798858.0
211,2021-07-29,53.765,54.355,53.265,53.395,10601840.0
212,2021-07-30,53.205,53.425,52.885,52.995,7336499.0
213,2021-08-02,52.805,53.295,52.545,53.135,7252983.0
214,2021-08-03,53.265,53.485,53.165,53.415,5249068.0
215,2021-08-04,53.255,53.555,53.055,53.065,6945513.0
216,2021-08-05,53.915,54.185,53.625,54.165,8875103.0
217,2021-08-06,52.985,53.035,51.995,52.195,6220202.0
218,2021-08-09,52.415,52.585,51.755,52.115,9652682.0
219,2021-08-10,52.135,52.585,52.005,52.165,6694468.0
220,2021-08-11,52.565,52.675,52.235,52.365,6156849.0
221,2021-08-12,53.255,53.735,52.905,53.655,9175237.0
222,2021-08-13,53.995,54.835,53.935,54.675,7197693.0
223,2021-08-16,54.265,55.115,54.245,54.945,6117553.0
224,2021-08-17,54.705,55.625,54.675,55.545,6907830.0
225,2021-08-18,55.755,56.385,55.595,55.635,9738823.0
226,2021-08-19,55.315,55.985,55.215,55.385,4326997.0
227,2021-08-20,55.525,55.795,55.265,55.585,3494209.0
228,2021-08-23,55.285,55.545,54.975,54.995,6114650.0
229,2021-08-24,54.555,54.765,54.055,54.715,4233986.0
230,2021-08-25,55.135,55.145,54.595,54.775,5606837.0
231,2021-08-26,55.055,55.255,54.625,54.955,3715407.0
232,2021-08-27,55.085,55.425,54.655,54.825,5244675.0
233,2021-08-30,54.865,55.005,54.705,54.805,2296705.0
234,2021-08-31,54.645,55.005,54.365,54.475,4417170.0
235,2021-09-01,54.935,55.115,54.575,54.915,4344365.0
236,2021-09-02,55.365,55.815,55.285,55.785,3254524.0
237,2021-09-03,55.345,55.435,54.825,55.025,5330751.0
238,2021-09-07,55.205,55.215,54.405,54.585,5063596.0
239,2021-09-08,53.505,53.605,53.155,53.265,3841547.0
240,2021-09-09,53.215,53.445,52.335,52.485,5631422.0
241,2021-09-10,53.005,53.045,52.445,52.455,3930792.0
242,2021-09-13,52.825,52.835,51.995,52.155,4013247.0
243,2021-09-14,52.535,52.675,51.935,52.155,6483072.0
244,2021-09-15,52.725,52.805,52.325,52.645,6923091.0
245,2021-09-16,52.665,52.925,52.205,52.795,5344742.0
246,2021-09-17,52.355,52.555,51.325,51.755,7304529.0
247,2021-09-20,52.365,54.795,52.275,54.695,17488671.0
248,2021-09-21,55.065,55.705,54.825,55.325,8696166.0
249,2021-09-22,54.865,55.275,54.405,54.935,6388170.0
250,2021-09-23,55.435,55.955,55.435,55.675,5322426.0
251,2021-09-24,57.145,57.495,56.435,56.545,10108200.0
252,2021-09-27,55.645,55.735,54.715,54.915,5849251.0
253,2021-09-28,54.585,54.585,53.305,53.825,6232564.0
254,2021-09-29,55.175,56.055,54.935,55.865,8548247.0
255,2021-09-30,56.135,56.745,56.135,56.255,7801455.0
256,2021-10-01,55.485,56.145,54.885,55.875,6071487.0
257,2021-10-04,56.245,56.745,56.075,56.735,6926117.0
258,2021-10-05,56.325,56.685,56.075,56.085,4139259.0
259,2021-10-06,55.835,56.105,55.425,56.055,6688597.0
260,2021-10-07,55.765,56.835,55.725,56.565,3820510.0
261,2021-10-08,56.895,57.305,56.675,56.805,3113399.0
262,2021-10-11,57.235,57.535,56.985,56.995,3753461.0
263,2021-10-12,56.985,57.045,56.395,56.465,2746352.0
264,2021-10-13,56.205,56.855,56.205,56.645,4452750.0
265,2021-10-14,56.585,56.775,55.825,55.865,5589117.0
266,2021-10-15,56.465,56.735,56.275,56.415,3513213.0
267,2021-10-18,55.975,56.065,55.325,55.485,4228572.0
268,2021-10-19,55.755,56.685,55.705,56.365,3404376.0
269,2021-10-20,56.485,56.975,56.415,56.825,2981569.0
270,2021-10-21,56.705,57.445,56.685,57.415,2597746.0
271,2021-10-22,58.085,58.255,57.875,57.985,3997374.0
272,2021-10-25,58.135,58.155,57.525,57.965,3144764.0
273,2021-10-26,58.125,58.545,57.985,58.455,2469737.0
274,2021-10-27,58.825,58.885,57.805,57.965,2513842.0
275,2021-10-28,58.225,59.055,58.185,58.385,2529934.0
276,2021-10-29,58.585,58.655,58.155,58.575,3951313.0
277,2021-11-01,58.385,58.975,58.245,58.655,2819842.0
278,2021-11-02,59.135,60.405,58.835,59.755,5455223.0
279,2021-11-03,60.145,60.265,59.635,60.025,3970131.0
280,2021-11-04,59.985,60.185,59.705,60.025,2811944.0
281,2021-11-05,58.995,59.335,58.425,59.285,4068487.0
282,2021-11-08,59.855,60.065,59.165,59.185,4557085.0
283,2021-11-09,59.135,59.185,58.775,58.895,3618317.0
284,2021-11-10,59.465,59.645,59.165,59.335,2519074.0
285,2021-11-11,59.235,59.485,59.045,59.115,2452039.0
286,2021-11-12,56.535,56.725,54.665,54.995,14155788.0
287,2021-11-15,56.115,56.565,55.385,55.975,7955724.0
288,2021-11-16,53.795,54.405,53.135,53.825,7974456.0
289,2021-11-17,54.195,54.535,53.785,53.925,5216730.0
290,2021-11-18,53.085,53.275,52.275,52.905,7956127.0
291,2021-11-19,53.505,53.665,52.755,52.855,4801799.0
292,2021-11-22,52.815,53.055,52.445,52.745,5073478.0
293,2021-11-23,52.545,53.135,52.425,52.925,5827798.0
294,2021-11-24,52.495,52.725,52.345,52.535,3166031.0
295,2021-11-26,53.195,53.275,52.265,52.775,5813755.0
296,2021-11-29,51.935,52.415,51.715,51.725,6215237.0
297,2021-11-30,51.495,51.945,50.905,51.025,6987827.0
298,2021-12-01,51.595,51.935,51.055,51.075,4902517.0
299,2021-12-02,51.235,51.615,50.875,50.985,5358449.0
300,2021-12-03,50.735,50.855,49.835,50.425,5751128.0
301,2021-12-06,51.495,52.095,51.305,51.605,5214047.0
302,2021-12-07,50.345,50.985,49.825,50.955,6701235.0
303,2021-12-08,51.055,51.405,50.575,51.325,4014754.0
304,2021-12-09,51.475,51.825,51.075,51.155,4824187.0
305,2021-12-10,50.365,50.515,49.935,50.215,3961018.0
306,2021-12-13,50.485,50.965,50.475,50.775,3688193.0
307,2021-12-14,50.725,51.085,50.545,50.695,3585669.0
308,2021-12-15,51.135,51.945,50.835,51.915,4834671.0
309,2021-12-16,52.315,53.385,52.255,53.285,6855978.0
310,2021-12-17,52.765,53.195,52.155,52.215,6035602.0
311,2021-12-20,52.755,52.835,52.195,52.755,4098658.0
312,2021-12-21,52.865,53.395,52.705,53.135,7505309.0
313,2021-12-22,53.175,54.345,52.995,54.275,4095389.0
314,2021-12-23,53.695,54.105,53.555,53.835,3473646.0
315,2021-12-27,53.815,54.265,53.725,54.255,2170759.0
316,2021-12-28,54.255,54.685,54.255,54.515,2188800.0
317,2021-12-29,54.655,54.885,54.505,54.845,2716600.0
318,2021-12-30,54.725,55.075,54.535,54.665,2183721.0
319,2021-12-31,54.575,54.895,54.405,54.445,1337164.0
320,2022-01-03,54.465,54.565,53.945,54.505,3321176.0
321,2022-01-04,53.355,53.895,53.265,53.465,4646595.0
322,2022-01-05,53.435,53.925,53.045,53.075,4804599.0
323,2022-01-06,53.005,53.235,52.305,52.865,6196554.0
324,2022-01-07,52.845,53.745,52.725,53.675,4594849.0
325,2022-01-10,52.955,54.115,52.665,54.075,5669329.0
326,2022-01-11,53.335,54.305,53.315,54.295,4439149.0
327,2022-01-12,54.285,54.655,54.235,54.595,3534535.0
328,2022-01-13,54.875,54.885,54.255,54.295,3464457.0
329,2022-01-14,54.385,55.185,54.365,55.045,5013799.0
330,2022-01-18,55.535,56.175,55.185,56.035,5901518.0
331,2022-01-19,55.795,56.045,55.615,55.675,3563956.0
332,2022-01-20,56.395,56.815,56.035,56.365,6171965.0
333,2022-01-21,56.035,56.465,55.215,55.295,5894213.0
334,2022-01-24,53.925,53.965,51.695,53.165,10423761.0
335,2022-01-25,52.695,54.325,52.635,54.045,6155854.0
336,2022-01-26,53.895,54.425,53.005,53.315,4483275.0
337,2022-01-27,54.215,56.365,54.125,55.715,10104794.0
338,2022-01-28,55.045,55.535,54.745,55.495,5038669.0
339,2022-01-31,54.215,54.595,54.005,54.405,6690215.0
340,2022-02-01,53.545,54.195,53.415,53.875,13729729.0
341,2022-02-02,53.885,55.345,53.705,55.205,9509149.0
342,2022-02-03,53.775,54.215,53.285,53.525,6987002.0
343,2022-02-04,52.495,52.855,51.845,51.915,10600268.0
344,2022-02-07,52.385,52.955,52.215,52.875,7816890.0
345,2022-02-08,52.745,52.885,52.315,52.845,7632420.0
346,2022-02-09,53.185,53.695,53.065,53.395,5571119.0
347,2022-02-10,54.355,56.365,54.285,54.795,14540174.0
348,2022-02-11,54.275,54.755,53.915,54.235,9038203.0
349,2022-02-14,53.495,53.875,52.865,53.735,6534710.0
350,2022-02-15,55.785,56.645,55.685,56.495,8356029.0
351,2022-02-16,56.665,57.465,56.635,57.035,7561027.0
352,2022-02-17,57.215,57.455,56.635,57.185,7983074.0
353,2022-02-18,56.565,56.825,55.755,56.055,34981652.0
354,2022-02-22,57.995,58.105,56.745,57.005,9954543.0
355,2022-02-23,57.875,57.875,56.625,56.735,8515043.0
356,2022-02-24,54.9,55.4,54.21,55.29,9427153.0
357,2022-02-25,56.47,57.82,56.38,57.74,6468076.0
358,2022-02-28,57.98,58.18,57.27,58.04,7358952.0
359,2022-03-01,59.39,59.8,58.06,58.5,8240597.0
360,2022-03-02,59.07,59.65,58.65,59.16,7217274.0
361,2022-03-03,57.41,57.95,56.36,57.23,6421066.0
362,2022-03-04,55.09,55.74,54.28,54.63,9285003.0
363,2022-03-07,54.37,54.63,53.55,53.66,9681331.0
364,2022-03-08,54.07,55.63,53.52,54.85,10233212.0
365,2022-03-09,55.86,57.76,55.64,57.59,9256766.0
366,2022-03-10,57.12,58.17,56.99,58.06,6667621.0
367,2022-03-11,57.71,58.06,57.4,57.46,6342213.0
368,2022-03-14,58.72,58.73,57.43,57.55,9339151.0
369,2022-03-15,58.02,58.75,57.69,58.53,5856450.0
370,2022-03-16,59.06,59.16,58.27,59.12,6955160.0
371,2022-03-17,59.27,61.07,59.22,60.83,8668808.0
372,2022-03-18,59.95,60.59,59.71,60.39,7046567.0
373,2022-03-21,60.37,61.29,60.37,60.64,4642419.0
374,2022-03-22,60.71,60.97,60.33,60.82,4209241.0
375,2022-03-23,60.5,61.67,60.5,61.48,7525368.0
376,2022-03-24,61.46,63.22,61.19,63.18,15206149.0
377,2022-03-25,62.14,62.89,62.02,62.29,9365640.0
378,2022-03-28,62.29,62.75,61.88,62.54,6358717.0
379,2022-03-29,63.21,63.76,62.65,63.11,4773113.0
380,2022-03-30,63.39,64.38,63.35,64.28,6803700.0
381,2022-03-31,64.44,64.71,63.43,63.5,6141263.0
382,2022-04-01,62.89,64.05,62.83,63.97,3829792.0
383,2022-04-04,63.61,64.07,63.53,63.83,4078472.0
384,2022-04-05,64.09,65.29,64.07,64.21,6953089.0
385,2022-04-06,65.16,66.44,64.95,66.23,5596784.0
386,2022-04-07,66.47,68.3,66.46,68.17,8309850.0
387,2022-04-08,67.78,68.86,67.78,68.3,9082077.0
388,2022-04-11,68.15,68.44,67.32,67.79,7589182.0
389,2022-04-12,66.15,66.45,65.18,65.77,7416875.0
390,2022-04-13,65.74,66.32,65.57,66.13,6304742.0
391,2022-04-14,66.23,66.55,65.94,66.21,3945622.0
392,2022-04-18,66.16,66.3,65.62,65.77,3093861.0
393,2022-04-19,65.73,66.18,64.77,65.44,6102789.0
394,2022-04-20,65.42,66.35,65.12,66.01,6205094.0
395,2022-04-21,66.08,66.25,64.52,64.55,9302532.0
396,2022-04-22,63.96,64.04,62.96,63.02,8507824.0
397,2022-04-25,62.13,63.2,61.97,63.12,7147971.0
398,2022-04-26,63.1,63.45,62.15,62.22,8841712.0
399,2022-04-27,63.48,63.87,62.83,63.35,9071654.0
400,2022-04-28,62.87,64.38,62.62,64.38,8943766.0
401,2022-04-29,63.39,64.96,63.29,63.56,10781803.0
402,2022-05-02,63.12,63.68,62.78,63.59,5594460.0
403,2022-05-03,63.65,64.43,63.65,64.33,7273681.0
404,2022-05-04,63.77,64.11,62.6,63.91,8074823.0
405,2022-05-05,62.9,63.16,61.59,62.11,8015368.0
406,2022-05-06,60.59,61.83,60.36,61.52,8663597.0
407,2022-05-09,60.42,60.74,59.5,59.74,8197100.0
408,2022-05-10,60.17,61.3,60.15,60.8,6048465.0
409,2022-05-11,59.03,59.96,58.49,58.59,10486646.0
410,2022-05-12,57.67,58.79,57.5,58.61,8800373.0
411,2022-05-13,59.68,60.47,59.47,60.3,5831362.0
412,2022-05-16,60.51,61.96,60.51,61.65,5604178.0
413,2022-05-17,62.7,62.98,62.35,62.8,6447829.0
414,2022-05-18,61.38,61.7,60.37,60.48,8770148.0
415,2022-05-19,60.49,61.95,60.31,61.7,6443543.0
416,2022-05-20,62.64,63.52,62.14,63.37,7169332.0
417,2022-05-23,63.62,64.48,63.44,63.57,6481222.0
418,2022-05-24,63.9,64.13,63.47,63.81,6134524.0
419,2022-05-25,63.61,64.2,63.48,63.97,3860427.0
420,2022-05-26,63.89,64.33,63.67,63.86,6217358.0
421,2022-05-27,63.96,64.56,63.79,64.56,5430343.0
422,2022-05-31,63.05,63.92,62.85,63.64,5771700.0
423,2022-06-01,63.68,63.85,62.66,63.28,5281427.0
424,2022-06-02,63.61,64.14,62.77,64.13,3857145.0
425,2022-06-03,63.28,63.82,62.69,62.86,5582181.0
426,2022-06-06,61.38,61.88,60.49,60.68,10234101.0
427,2022-06-07,61.02,62.8,61.02,62.74,6078932.0
428,2022-06-08,61.78,62.54,61.75,61.88,5038214.0
429,2022-06-09,61.38,61.48,59.82,59.86,5410047.0
430,2022-06-10,58.45,59.3,58.3,58.95,6954213.0
431,2022-06-13,57.59,57.83,57.08,57.17,6942963.0
432,2022-06-14,55.59,56.94,55.57,56.42,14992968.0
433,2022-06-15,57.61,58.04,56.76,57.73,7670598.0
434,2022-06-16,58.02,58.47,57.11,58.02,10928638.0
435,2022-06-17,58.37,58.76,57.96,58.25,8372031.0
436,2022-06-21,59.57,60.19,59.23,59.99,5567537.0
437,2022-06-22,60.09,61.31,60.07,60.71,5316332.0
438,2022-06-23,60.85,61.69,60.68,61.61,4380973.0
439,2022-06-24,63.62,64.09,62.91,64.06,5643358.0
440,2022-06-27,63.42,64.23,63.02,63.67,4638104.0
441,2022-06-28,63.61,63.77,62.74,63.09,7352100.0
442,2022-06-29,63.76,64.71,63.7,64.18,5864770.0
443,2022-06-30,62.8,63.58,62.35,63.23,4731273.0
444,2022-07-01,61.26,63.13,61.22,63.11,8857486.0
445,2022-07-05,61.89,62.69,61.73,62.67,9345026.0
446,2022-07-06,63.28,63.8,62.76,63.65,7012220.0
447,2022-07-07,63.93,64.23,63.54,64.08,6401032.0
448,2022-07-08,63.16,64.4,63.1,64.14,6114944.0
449,2022-07-11,63.29,64.71,63.29,63.9,7131050.0
450,2022-07-12,64.35,64.66,63.76,63.88,6732195.0
451,2022-07-13,62.7,63.9,62.69,63.46,5687585.0
452,2022-07-14,61.65,62.26,61.27,62.24,5950636.0
453,2022-07-15,62.63,64.55,62.63,64.52,8446113.0
454,2022-07-18,65.1,65.33,63.28,63.53,6644107.0
455,2022-07-19,65.01,65.55,64.59,65.32,5087953.0
456,2022-07-20,64.04,64.14,62.74,62.95,4984217.0
457,2022-07-21,61.14,62.63,61.06,62.52,4274392.0
458,2022-07-22,62.33,62.9,62.16,62.41,3625857.0
459,2022-07-25,63.35,63.6,62.95,63.32,4261843.0
460,2022-07-26,63.73,64.46,63.54,63.88,4074921.0
461,2022-07-27,64.21,64.83,63.68,64.65,4058596.0
462,2022-07-28,63.96,64.3,63.05,63.88,6242454.0
463,2022-07-29,64.13,64.44,62.94,63.39,6797977.0
464,2022-08-01,63.68,64.03,62.74,62.81,5775694.0
465,2022-08-02,63.77,64.1,62.37,62.42,6483157.0
466,2022-08-03,62.71,62.76,61.86,62.48,7283399.0
467,2022-08-04,63.22,63.45,62.46,63.45,5414624.0
468,2022-08-05,63.03,63.44,62.88,63.19,6336004.0
469,2022-08-08,62.84,63.16,61.95,62.28,3490239.0
470,2022-08-09,63.08,63.58,62.93,63.05,4463946.0
471,2022-08-10,64.22,64.24,63.09,63.46,5665009.0
472,2022-08-11,62.665,62.665,61.875,62.265,7213843.0
473,2022-08-12,62.325,64.805,62.305,64.255,11384325.0
474,2022-08-15,64.865,65.015,64.105,64.425,4670828.0
475,2022-08-16,64.155,64.755,63.815,64.355,4434516.0
476,2022-08-17,64.665,64.975,63.945,64.035,5340474.0
477,2022-08-18,64.375,64.475,63.745,64.115,5266600.0
478,2022-08-19,64.635,64.965,64.185,64.785,4732320.0
479,2022-08-22,65.115,65.865,64.725,64.855,5561218.0
480,2022-08-23,64.485,64.485,63.705,64.045,5899401.0
481,2022-08-24,64.115,65.315,63.825,65.255,4115416.0
482,2022-08-25,65.615,65.875,65.115,65.875,3590710.0
483,2022-08-26,65.715,65.875,63.925,63.935,4044816.0
484,2022-08-29,63.935,63.945,63.145,63.445,2985113.0
485,2022-08-30,63.195,63.245,60.885,60.995,11496880.0
486,2022-08-31,60.335,60.925,59.775,59.995,12694138.0
487,2022-09-01,59.005,59.445,58.535,59.405,13060255.0
488,2022-09-02,58.905,59.435,58.035,58.305,11309053.0
489,2022-09-06,58.405,58.875,57.855,58.025,10362150.0
490,2022-09-07,56.675,57.655,55.985,57.435,12038082.0
491,2022-09-08,57.155,58.255,56.885,57.935,7063847.0
492,2022-09-09,58.795,58.795,58.305,58.465,4434942.0
493,2022-09-12,59.265,59.795,59.145,59.365,3634228.0
494,2022-09-13,58.005,58.125,56.475,56.605,6632202.0
495,2022-09-14,56.695,57.025,56.095,56.335,5086141.0
496,2022-09-15,56.225,56.275,55.555,55.755,6699348.0
497,2022-09-16,56.115,56.375,55.195,55.665,7018010.0
498,2022-09-19,55.585,55.645,54.845,55.605,3630294.0
499,2022-09-20,54.935,55.255,54.495,55.015,4260700.0
500,2022-09-21,54.955,55.035,53.975,54.055,5943543.0
501,2022-09-22,53.775,54.165,53.405,53.925,7551528.0
502,2022-09-23,52.635,53.045,51.945,52.195,9604706.0
503,2022-09-26,51.365,51.625,50.265,50.635,9937519.0
504,2022-09-27,51.035,51.625,50.755,50.855,7848066.0
505,2022-09-28,50.875,52.555,50.855,52.305,7835213.0
506,2022-09-29,52.355,52.655,51.735,52.525,6444656.0
507,2022-09-30,52.825,53.335,52.375,52.455,7542979.0
508,2022-10-03,52.685,53.285,52.445,53.165,6069992.0
509,2022-10-04,53.955,54.735,53.735,54.655,7414654.0
510,2022-10-05,53.665,54.525,53.605,54.345,9256957.0
511,2022-10-06,52.955,53.255,52.315,52.525,8915627.0
512,2022-10-07,53.375,53.815,52.825,53.015,8216228.0
513,2022-10-10,52.495,52.595,51.785,51.825,6221531.0
514,2022-10-11,51.955,54.015,51.745,52.915,10179543.0
515,2022-10-12,52.545,53.065,52.325,52.685,6166541.0
516,2022-10-13,51.795,53.595,51.605,53.145,6536638.0
517,2022-10-14,53.825,54.115,52.435,52.585,7466434.0
518,2022-10-17,54.125,54.355,53.725,53.795,4686338.0
519,2022-10-18,54.175,54.205,53.245,53.585,4477993.0
520,2022-10-19,53.555,53.625,51.965,52.125,6241111.0
521,2022-10-20,51.285,52.395,51.135,51.965,5798778.0
522,2022-10-21,51.605,52.685,51.395,52.585,4018152.0
523,2022-10-24,52.675,53.295,52.615,52.795,4494478.0
524,2022-10-25,53.335,53.835,53.115,53.515,5842205.0
525,2022-10-26,55.125,55.945,55.035,55.575,7633397.0
526,2022-10-27,55.295,55.625,55.025,55.225,3482870.0
527,2022-10-28,56.015,56.465,55.615,56.325,5177586.0
528,2022-10-31,55.985,56.955,55.975,56.425,6113672.0
529,2022-11-01,57.515,57.635,56.575,57.465,5388931.0
530,2022-11-02,57.915,58.915,57.305,57.315,6056278.0
531,2022-11-03,56.535,57.705,56.475,57.545,4552261.0
532,2022-11-04,57.975,58.755,57.755,58.605,5392844.0
533,2022-11-07,58.675,58.975,58.415,58.715,5171362.0
534,2022-11-08,58.835,59.425,58.595,58.945,5078138.0
535,2022-11-09,58.925,59.505,58.575,58.665,5569925.0
536,2022-11-10,62.985,63.535,61.805,62.705,11616543.0
537,2022-11-11,61.385,61.555,59.555,60.385,8524341.0
538,2022-11-14,61.575,62.135,61.155,61.525,5109609.0
539,2022-11-15,62.195,62.425,60.665,61.565,7666483.0
540,2022-11-16,61.735,61.915,61.085,61.415,3730546.0
541,2022-11-17,61.005,61.815,60.865,61.675,6089670.0
542,2022-11-18,62.825,62.905,62.175,62.685,6118459.0
543,2022-11-21,63.125,63.355,62.745,63.045,4205614.0
544,2022-11-22,62.835,63.705,62.815,63.615,4170047.0
545,2022-11-23,63.885,64.045,63.405,63.735,3323199.0
546,2022-11-25,63.545,63.955,63.335,63.785,1861259.0
547,2022-11-28,63.865,64.515,63.775,63.825,2892177.0
548,2022-11-29,63.965,64.075,63.495,63.695,3365047.0
549,2022-11-30,64.955,65.605,64.005,65.585,5638789.0
550,2022-12-01,66.115,66.415,65.895,65.955,3957869.0
551,2022-12-02,65.795,66.335,65.655,66.085,3559611.0
552,2022-12-05,66.215,66.585,65.905,66.035,4159490.0
553,2022-12-06,65.705,66.785,65.425,66.175,7135082.0
554,2022-12-07,66.485,66.925,65.995,66.465,4367240.0
555,2022-12-08,66.555,67.085,66.445,66.785,2915604.0
556,2022-12-09,67.335,67.615,67.035,67.165,4488660.0
557,2022-12-12,67.135,67.305,66.785,66.895,4146722.0
558,2022-12-13,67.855,68.325,66.995,67.195,5187875.0
559,2022-12-14,67.725,68.455,67.295,68.055,4356542.0
560,2022-12-15,67.645,67.725,66.855,67.355,4669355.0
561,2022-12-16,65.575,65.875,65.275,65.555,6391307.0
562,2022-12-19,65.505,65.515,64.805,65.085,3774871.0
563,2022-12-20,64.985,65.415,64.755,65.335,2486563.0
564,2022-12-21,64.915,65.785,64.775,65.515,2855263.0
565,2022-12-22,65.485,65.705,65.055,65.695,2492860.0
566,2022-12-23,65.205,65.605,65.075,65.595,2322742.0
567,2022-12-27,66.115,66.165,65.335,65.545,2088976.0
568,2022-12-28,65.455,65.895,65.125,65.175,2299473.0
569,2022-12-29,65.775,66.095,65.645,65.715,2578973.0
570,2022-12-30,65.405,65.665,64.745,65.415,3605449.0
571,2023-01-03,66.265,67.045,66.215,66.945,3474054.0
572,2023-01-04,68.105,68.205,66.735,67.115,4936253.0
573,2023-01-05,66.775,67.915,66.505,67.425,5020260.0
574,2023-01-06,67.465,68.805,67.225,68.415,7341549.0
575,2023-01-09,68.665,69.275,68.335,68.515,6586624.0
576,2023-01-10,69.295,69.735,69.035,69.215,4800417.0
577,2023-01-11,68.985,69.075,68.055,68.065,5861370.0
578,2023-01-12,67.435,67.985,66.045,67.695,6749729.0
579,2023-01-13,68.585,69.145,68.375,68.695,4036863.0
580,2023-01-17,69.235,69.255,68.255,68.355,3992357.0
581,2023-01-18,69.315,69.555,68.445,68.505,6561603.0
582,2023-01-19,68.195,68.575,67.885,68.105,7277290.0
583,2023-01-20,67.125,67.245,66.205,66.765,9748106.0
584,2023-01-23,66.325,66.715,65.175,65.225,7858120.0
585,2023-01-24,63.765,63.985,63.135,63.895,10867393.0
586,2023-01-25,63.455,64.525,63.455,64.245,5314304.0
587,2023-01-26,64.465,64.465,63.255,63.605,5458362.0
588,2023-01-27,63.015,63.395,62.805,63.145,3176369.0
589,2023-01-30,63.995,64.035,63.335,63.455,5170172.0
590,2023-01-31,62.655,62.995,62.465,62.985,5772846.0
591,2023-02-01,62.055,62.085,60.435,61.175,9538003.0
592,2023-02-02,60.975,61.005,60.135,60.765,8794086.0
593,2023-02-03,61.265,61.705,60.815,61.055,4831718.0
594,2023-02-06,61.195,61.465,60.825,61.135,4697352.0
595,2023-02-07,60.875,62.015,60.805,61.905,4650388.0
596,2023-02-08,62.885,62.895,61.815,61.975,5036753.0
597,2023-02-09,65.925,66.205,64.895,65.035,8368026.0
598,2023-02-10,66.225,66.615,65.825,66.495,5918314.0
599,2023-02-13,66.145,67.385,66.115,67.325,5003611.0
600,2023-02-14,67.535,68.195,67.415,67.955,4962981.0
601,2023-02-15,67.055,67.445,66.885,67.305,4345454.0
602,2023-02-16,65.455,66.285,65.295,65.565,4774472.0
603,2023-02-17,65.855,66.855,65.695,66.585,3553118.0
604,2023-02-21,67.885,67.885,67.025,67.205,5353992.0
605,2023-02-22,67.235,67.265,66.335,66.465,3613955.0
606,2023-02-23,66.18,66.47,65.68,65.98,3657980.0
607,2023-02-24,65.32,65.43,64.67,64.95,4530051.0
608,2023-02-27,65.48,65.65,65.11,65.38,3682620.0
609,2023-02-28,64.28,64.66,63.71,63.76,4285126.0
610,2023-03-01,63.74,63.91,63.29,63.79,3421932.0
611,2023-03-02,62.86,63.72,62.83,63.68,3353863.0
612,2023-03-03,63.28,63.8,63.16,63.78,3772363.0
613,2023-03-06,63.12,63.5,62.97,63.14,3501210.0
614,2023-03-07,63.72,63.9,62.68,62.87,3303591.0
615,2023-03-08,63.01,63.09,62.35,62.7,3157334.0
616,2023-03-09,63.55,63.59,62.55,62.68,2952197.0
617,2023-03-10,62.51,63.42,62.5,62.77,5738728.0
618,2023-03-13,63.56,64.38,63.37,63.76,8166728.0
619,2023-03-14,63.37,63.71,63.05,63.67,4896489.0
620,2023-03-15,63.21,63.31,62.47,63.16,5266735.0
621,2023-03-16,63.39,64.6,62.99,64.56,4589354.0
622,2023-03-17,64.16,64.42,63.91,64.19,5402973.0
623,2023-03-20,64.5,65.35,64.37,65.32,3991618.0
624,2023-03-21,65.14,65.64,64.99,65.57,3489599.0
625,2023-03-22,65.3,65.96,65.13,65.15,4168037.0
626,2023-03-23,66.19,66.42,65.5,65.84,4311710.0
627,2023-03-24,66.31,66.58,65.66,66.49,4014849.0
628,2023-03-27,67.48,67.85,67.19,67.31,5752774.0
629,2023-03-28,67.73,67.78,66.94,67.18,4132944.0
630,2023-03-29,67.42,67.44,66.89,67.22,4330312.0
631,2023-03-30,67.63,67.81,67.21,67.78,4648100.0
632,2023-03-31,68.46,68.51,67.82,67.99,3500419.0
633,2023-04-03,68.11,68.53,67.94,68.49,4749228.0
634,2023-04-04,68.56,69.15,68.39,68.83,4383442.0
635,2023-04-05,70.58,71.06,70.38,70.63,5873284.0
636,2023-04-06,70.99,71.37,70.77,70.92,4340115.0
637,2023-04-10,70.78,70.78,69.75,70.65,2778076.0
638,2023-04-11,70.98,71.08,70.65,70.76,2931206.0
639,2023-04-12,72.18,72.7,71.84,72.34,4320377.0
640,2023-04-13,72.63,73.41,72.6,73.35,3794189.0
641,2023-04-14,72.91,73.05,72.15,72.44,3981444.0
642,2023-04-17,72.34,72.4,71.59,72.21,4408852.0
643,2023-04-18,73.94,74.41,73.06,73.6,7565700.0
644,2023-04-19,73.13,73.48,72.99,73.42,4488288.0
645,2023-04-20,73.46,73.54,72.94,73.11,3913751.0
646,2023-04-21,74.19,74.49,73.91,74.18,5100281.0
647,2023-04-24,74.27,74.41,73.93,74.39,3095915.0
648,2023-04-25,75.08,75.14,74.24,74.24,4472398.0
649,2023-04-26,73.81,73.81,72.03,72.23,5122655.0
650,2023-04-27,72.13,72.54,71.72,72.36,4697030.0
651,2023-04-28,71.6,72.34,71.41,71.8,4254686.0
652,2023-05-01,71.93,72.35,71.45,72.08,2606930.0
653,2023-05-02,71.56,72.36,71.56,72.28,3662978.0
654,2023-05-03,72.83,73.56,72.67,73.17,3555116.0
655,2023-05-04,73.05,73.2,72.71,72.96,3047427.0
656,2023-05-05,72.94,74.07,72.71,73.85,3407955.0
657,2023-05-08,73.87,74.2,73.6,73.91,2126193.0
658,2023-05-09,73.3,73.89,73.3,73.66,2756154.0
659,2023-05-10,73.26,73.64,72.88,73.45,3283735.0
660,2023-05-11,73.21,73.39,72.82,73.31,2234124.0
661,2023-05-12,73.53,74.14,73.12,73.31,2501551.0
662,2023-05-15,73.77,73.81,73.37,73.57,2442598.0
663,2023-05-16,73.9,74.24,73.61,73.86,2763367.0
664,2023-05-17,73.91,73.93,72.53,73.28,3569608.0
665,2023-05-18,73.49,73.73,72.47,72.79,4144851.0
666,2023-05-19,72.94,73.88,72.85,73.37,3171017.0
667,2023-05-22,73.37,73.9,72.89,73.03,2983408.0
668,2023-05-23,73.75,73.75,72.59,72.65,3991398.0
669,2023-05-24,71.5,71.68,70.95,70.98,6400837.0
670,2023-05-25,70.62,70.76,70.02,70.37,4390297.0
671,2023-05-26,71.13,71.48,70.89,71.1,3480507.0
672,2023-05-30,71.42,71.44,69.81,70.01,4071373.0
673,2023-05-31,70.92,71.82,70.33,71.66,4819642.0
674,2023-06-01,70.86,71.71,70.47,71.42,3298656.0
675,2023-06-02,71.5,72.0,71.15,71.17,8040709.0
676,2023-06-05,71.45,72.02,71.14,71.78,4444556.0
677,2023-06-06,72.36,72.56,71.61,71.98,4716537.0
678,2023-06-07,72.47,72.47,71.38,71.89,5477332.0
679,2023-06-08,71.72,73.06,71.61,72.83,3584897.0
680,2023-06-09,72.51,72.87,72.14,72.64,3798287.0
681,2023-06-12,72.22,72.63,72.02,72.43,6951058.0
682,2023-06-13,72.53,73.06,72.4,72.71,5108410.0
683,2023-06-14,72.33,72.54,71.1,71.35,3820955.0
684,2023-06-15,72.58,73.32,72.16,73.2,4450490.0
685,2023-06-16,74.0,74.33,73.76,73.8,4899831.0
686,2023-06-20,73.08,73.21,72.52,72.53,3551727.0
687,2023-06-21,72.02,72.46,71.69,71.96,4400178.0
688,2023-06-22,71.82,72.69,71.76,72.53,5372253.0
689,2023-06-23,71.18,71.9,70.58,70.7,5922113.0
690,2023-06-26,70.89,70.91,69.97,70.31,4139570.0
691,2023-06-27,70.16,70.46,69.68,70.25,3587925.0
692,2023-06-28,70.04,70.13,69.42,69.54,3398770.0
693,2023-06-29,68.95,69.58,68.71,69.43,3315366.0
694,2023-06-30,70.34,70.48,70.05,70.15,4778280.0
695,2023-07-03,65.67,65.89,63.71,63.83,16349793.0
696,2023-07-05,65.44,66.23,65.09,65.64,13545527.0
697,2023-07-06,64.73,64.86,63.9,63.99,6023236.0
698,2023-07-07,63.91,64.09,63.13,63.43,5211425.0
699,2023-07-10,63.55,64.07,63.46,63.77,4403860.0
700,2023-07-11,63.59,63.75,63.31,63.44,6478504.0
701,2023-07-12,64.21,65.3,64.11,65.05,8746522.0
702,2023-07-13,66.03,66.38,65.93,66.29,7068842.0
703,2023-07-14,67.5,67.5,65.83,65.96,7557333.0
704,2023-07-17,65.41,65.73,65.17,65.63,3474394.0
705,2023-07-18,65.52,65.89,65.16,65.35,8914729.0
706,2023-07-19,66.35,66.86,66.13,66.13,8437402.0
707,2023-07-20,67.0,67.46,66.98,67.14,7134082.0
708,2023-07-21,67.19,68.23,67.19,67.92,8774723.0
709,2023-07-24,67.54,67.81,67.37,67.5,3608315.0
710,2023-07-25,66.77,67.84,66.74,67.78,4214232.0
711,2023-07-26,67.04,68.12,66.85,67.96,4678773.0
712,2023-07-27,67.31,67.69,66.7,66.72,5257385.0
713,2023-07-28,69.97,70.45,69.52,69.91,7621159.0
714,2023-07-31,70.29,70.65,69.9,70.28,3837071.0
715,2023-08-01,69.91,70.27,69.85,70.03,3875734.0
716,2023-08-02,68.91,69.54,68.74,69.05,5370320.0
717,2023-08-03,67.2,68.36,67.18,68.25,6199038.0
718,2023-08-04,67.78,68.49,67.76,67.98,4063895.0
719,2023-08-07,68.08,68.57,67.87,68.51,4869955.0
720,2023-08-08,68.3,69.21,68.27,69.06,5442332.0
721,2023-08-09,69.47,70.14,69.41,69.86,4324228.0
722,2023-08-10,70.075,70.545,69.375,69.375,3876659.0
723,2023-08-11,68.735,69.615,68.575,69.405,3549709.0
724,2023-08-14,69.065,69.945,68.975,69.875,3843171.0
725,2023-08-15,68.975,69.155,68.375,68.545,4243783.0
726,2023-08-16,67.985,69.065,67.955,68.745,5571426.0
727,2023-08-17,68.275,68.805,68.155,68.155,6432270.0
728,2023-08-18,67.405,67.815,67.135,67.495,7624699.0
729,2023-08-21,68.015,68.175,67.555,67.915,4082352.0
730,2023-08-22,67.845,68.005,67.425,67.805,4211497.0
731,2023-08-23,67.695,68.245,67.425,68.135,4193132.0
732,2023-08-24,67.865,68.185,66.925,66.925,3868091.0
733,2023-08-25,67.075,67.485,66.295,67.285,3740871.0
734,2023-08-28,67.645,67.785,67.345,67.675,1970853.0
735,2023-08-29,67.405,68.205,67.375,68.175,2770587.0
736,2023-08-30,68.495,68.615,67.825,67.895,2980771.0
737,2023-08-31,68.025,68.025,66.795,66.855,4347794.0
738,2023-09-01,67.435,67.545,66.915,67.175,2575049.0
739,2023-09-05,67.385,67.395,66.615,66.675,2566422.0
740,2023-09-06,66.315,66.375,65.645,66.035,5016398.0
741,2023-09-07,66.375,67.295,66.325,67.035,2908474.0
742,2023-09-08,67.365,67.535,67.095,67.255,4372165.0
743,2023-09-11,64.995,65.665,64.755,65.635,6428545.0
744,2023-09-12,66.195,66.645,66.025,66.375,4366796.0
745,2023-09-13,66.225,66.445,65.465,65.485,4771938.0
746,2023-09-14,65.895,67.075,65.815,66.815,4825477.0
747,2023-09-15,67.675,67.935,67.235,67.305,5182314.0
748,2023-09-18,66.785,66.895,65.525,65.665,3855644.0
749,2023-09-19,65.215,65.715,64.855,65.705,4025852.0
750,2023-09-20,67.005,67.535,66.805,66.995,5995870.0
751,2023-09-21,67.125,67.145,66.055,66.055,4631964.0
752,2023-09-22,67.405,67.545,66.775,66.865,5277020.0
753,2023-09-25,67.315,68.285,66.975,67.975,4233959.0
754,2023-09-26,67.995,68.215,67.115,67.255,4216145.0
755,2023-09-27,67.685,67.755,66.435,66.975,3846238.0
756,2023-09-28,66.315,66.885,65.745,66.455,4447812.0
757,2023-09-29,67.815,67.815,66.615,66.755,3691476.0
758,2023-10-02,65.955,66.005,65.285,65.765,3891678.0
759,2023-10-03,65.885,65.905,65.015,65.295,4139308.0
760,2023-10-04,65.575,65.775,65.075,65.655,3896569.0
761,2023-10-05,65.675,66.175,65.425,65.915,2401144.0
762,2023-10-06,66.075,66.595,65.475,66.455,3077276.0
763,2023-10-09,65.785,66.305,65.435,66.075,3018256.0
764,2023-10-10,66.515,67.135,66.245,67.045,3820876.0
765,2023-10-11,66.835,67.065,66.275,67.045,4412889.0
766,2023-10-12,67.455,67.695,66.905,67.145,3842022.0
767,2023-10-13,66.745,67.165,65.995,66.365,3858241.0
768,2023-10-16,65.645,66.975,65.575,66.855,8785803.0
769,2023-10-17,67.315,69.975,62.595,68.315,23062884.0
770,2023-10-18,65.835,66.255,64.005,64.275,13377288.0
771,2023-10-19,63.915,64.215,63.115,63.455,8809825.0
772,2023-10-20,62.955,63.53,62.865,62.865,5787546.0
773,2023-10-23,61.86,62.525,61.255,62.085,9017958.0
774,2023-10-24,62.325,63.785,62.325,63.605,7311760.0
775,2023-10-25,63.695,64.005,63.045,63.245,4647646.0
776,2023-10-26,63.115,63.445,62.355,62.445,5382082.0
777,2023-10-27,62.18,62.265,60.765,60.925,5296598.0
778,2023-10-30,61.835,62.075,61.46,61.975,5008136.0
779,2023-10-31,62.025,62.285,61.64,62.265,5014308.0
780,2023-11-01,62.285,63.0265,62.285,62.815,4570556.0
781,2023-11-02,63.245,63.48,62.78,63.215,5062132.0
782,2023-11-03,62.895,63.345,62.5,62.995,4358908.0
783,2023-11-06,63.445,63.565,63.04,63.085,4175197.0
784,2023-11-07,62.705,62.995,62.555,62.645,4298105.0
785,2023-11-08,62.805,63.215,62.115,62.565,11064184.0
786,2023-11-09,64.295,64.615,63.095,63.125,6971643.0
787,2023-11-10,62.275,62.415,60.905,62.205,6934302.0
788,2023-11-13,62.245,62.925,61.685,62.735,6823531.0
789,2023-11-14,63.175,63.785,62.995,63.265,4816209.0
790,2023-11-15,62.525,62.795,62.115,62.165,6239769.0
791,2023-11-16,62.455,62.905,62.345,62.835,5730029.0
792,2023-11-17,63.315,63.455,63.045,63.165,3967551.0
793,2023-11-20,62.275,62.92,62.195,62.825,5484374.0
794,2023-11-21,63.085,63.465,63.065,63.315,3655387.0
795,2023-11-22,62.745,62.955,62.31,62.645,4836940.0
796,2023-11-24,63.365,63.77,63.285,63.535,2100141.0
797,2023-11-27,62.935,63.025,62.395,62.695,4340498.0
798,2023-11-28,62.235,62.565,62.125,62.335,5920957.0
799,2023-11-29,63.175,63.37,62.745,63.155,8493149.0
800,2023-11-30,63.005,63.935,62.825,63.625,9991361.0
801,2023-12-01,63.625,64.095,63.4,63.825,3616389.0
802,2023-12-04,63.905,64.145,63.645,64.055,3340280.0
803,2023-12-05,63.265,63.475,62.955,63.045,3993443.0
804,2023-12-06,63.515,63.555,62.565,62.625,4277658.0
805,2023-12-07,62.855,62.855,62.105,62.545,6194071.0
806,2023-12-08,62.695,62.725,62.065,62.285,4586791.0
807,2023-12-11,62.575,62.715,62.175,62.535,4951534.0
808,2023-12-12,63.515,63.555,62.69,63.015,4272264.0
809,2023-12-13,64.755,64.935,63.945,64.935,5830911.0
810,2023-12-14,65.735,65.9162,65.1,65.385,7754683.0
811,2023-12-15,63.905,64.085,63.525,63.835,8997556.0
812,2023-12-18,64.505,65.21,64.35,64.985,6310686.0
813,2023-12-19,64.655,65.305,64.615,64.935,5559531.0
814,2023-12-20,65.725,65.865,64.815,64.815,5149881.0
815,2023-12-21,65.765,65.915,65.065,65.335,5556089.0
816,2023-12-22,66.035,66.155,65.2,65.325,3488895.0
817,2023-12-26,65.535,65.675,65.255,65.535,2627251.0
818,2023-12-27,66.595,66.615,66.1,66.385,3810087.0
819,2023-12-28,66.585,66.775,66.325,66.335,2845417.0
820,2023-12-29,66.415,66.555,66.075,66.385,3354300.0
821,2024-01-02,65.875,67.645,65.855,67.435,7502969.0
822,2024-01-03,66.765,67.73,66.515,67.355,5436991.0
823,2024-01-04,67.745,68.385,67.705,67.815,4785935.0
824,2024-01-05,67.345,67.94,67.135,67.415,5008845.0
825,2024-01-08,67.605,68.285,67.36,68.245,4237860.0
826,2024-01-09,68.315,68.595,67.92,67.945,4086672.0
827,2024-01-10,68.115,68.65,68.015,68.605,7251035.0
828,2024-01-11,68.865,68.945,67.825,68.215,4612408.0
829,2024-01-12,68.385,68.635,68.2151,68.455,3465435.0
830,2024-01-16,66.095,66.715,65.93,66.305,5618254.0
831,2024-01-17,65.085,65.5,64.745,65.285,8365029.0
832,2024-01-18,64.945,65.82,64.775,65.555,7170909.0
833,2024-01-19,65.925,65.985,65.455,65.575,7081681.0
834,2024-01-22,66.775,66.87,65.725,66.175,10160352.0
835,2024-01-23,65.325,65.855,64.955,65.785,4983554.0
836,2024-01-24,65.765,65.96,65.405,65.635,5684501.0
837,2024-01-25,65.545,66.055,65.375,66.055,4491240.0
838,2024-01-26,66.775,66.845,66.005,66.135,5021609.0
839,2024-01-29,66.295,66.345,65.965,66.225,4944684.0
840,2024-01-30,66.385,66.395,65.975,66.235,4649281.0
841,2024-01-31,66.785,66.865,65.58,65.675,4572629.0
842,2024-02-01,65.245,65.97,65.035,65.885,4471917.0
843,2024-02-02,65.005,65.13,64.62,64.675,6745459.0
844,2024-02-05,64.175,64.675,64.055,64.175,10849421.0
845,2024-02-06,64.885,66.12,64.615,66.075,5566581.0
846,2024-02-07,65.805,65.935,65.525,65.585,6588127.0
847,2024-02-08,61.055,62.93,60.7358,62.555,28928924.0
848,2024-02-09,61.745,62.405,61.115,61.295,13734244.0
849,2024-02-12,60.195,60.475,59.505,60.445,12066462.0
850,2024-02-13,60.285,60.735,59.795,60.065,8272299.0
851,2024-02-14,60.235,60.805,60.095,60.695,12203136.0
852,2024-02-15,60.805,61.895,60.805,61.875,7641730.0
853,2024-02-16,62.875,63.56,62.635,63.305,7647997.0
854,2024-02-20,65.085,65.105,63.615,64.075,6438381.0
855,2024-02-21,63.415,64.125,63.255,64.125,5401996.0
856,2024-02-22,63.26,64.5788,63.26,64.13,9723024.0
857,2024-02-23,64.96,65.925,64.95,65.83,7388239.0
858,2024-02-26,66.08,66.37,65.7501,65.93,4597679.0
859,2024-02-27,65.935,66.455,65.77,66.33,4433500.0
860,2024-02-28,65.46,65.78,65.16,65.35,6030823.0
861,2024-02-29,65.17,65.21,63.74,64.16,6084235.0
862,2024-03-01,64.34,64.825,63.98,64.6,3966245.0
