,date,open,high,low,close,volume
0,2020-08-13,34.9095,37.3395,31.6395,37.2895,49492408.0
1,2020-08-14,33.6595,35.7995,32.3495,32.8495,10652165.0
2,2020-08-17,33.2995,38.8495,33.2495,38.5695,8806517.0
3,2020-08-18,39.9795,42.8495,37.9595,40.3495,7961931.0
4,2020-08-19,40.3495,47.9495,39.7495,42.2195,13581216.0
5,2020-08-20,43.9995,45.0295,39.9095,40.5995,6842934.0
6,2020-08-21,39.9195,42.6495,39.8495,41.7195,3465579.0
7,2020-08-24,42.3295,46.0495,42.1795,45.9095,5073926.0
8,2020-08-25,46.2695,52.4795,46.0195,51.0495,5798112.0
9,2020-08-26,50.3195,52.9995,47.9995,49.6195,3448596.0
10,2020-08-27,49.2695,49.6095,45.8795,46.7495,2613266.0
11,2020-08-28,48.4295,49.7295,46.8695,49.5995,2423873.0
12,2020-08-31,49.9595,52.4195,49.0995,51.1395,12952887.0
13,2020-09-01,50.8495,53.8495,50.3495,53.8495,2004346.0
14,2020-09-02,54.2595,54.4495,48.4495,49.3495,3943939.0
15,2020-09-03,48.2495,49.2495,45.4295,46.5395,2702989.0
16,2020-09-04,46.0495,47.1795,43.6295,45.2895,2434230.0
17,2020-09-08,44.0195,44.7195,42.7895,43.9195,4601854.0
18,2020-09-09,44.4395,47.5195,44.2695,45.6395,2466668.0
19,2020-09-10,46.1495,49.8495,45.8495,49.4895,3128348.0
20,2020-09-11,49.8495,52.3495,47.8595,48.3795,1635763.0
21,2020-09-14,49.1595,52.9195,49.1595,52.5595,1874750.0
22,2020-09-15,52.5595,54.0395,51.7095,54.0295,1525542.0
23,2020-09-16,53.6495,61.8495,52.4495,60.5695,6044332.0
24,2020-09-17,57.4095,60.0995,55.7495,57.3995,5100872.0
25,2020-09-18,59.8495,59.8695,55.9495,58.2195,2298274.0
26,2020-09-21,56.4295,56.4295,51.8595,53.3595,1668241.0
27,2020-09-22,53.5995,56.4495,50.5795,52.2295,1540047.0
28,2020-09-23,52.8495,54.7995,52.3495,53.8295,1262719.0
29,2020-09-24,52.1995,56.3495,52.1295,56.0695,1152816.0
30,2020-09-25,55.8895,57.5795,54.9095,56.8195,845775.0
31,2020-09-28,57.8095,61.6495,57.4595,61.2395,2175155.0
32,2020-09-29,59.8495,67.3495,59.7495,65.4795,3549933.0
33,2020-09-30,65.1795,65.4995,58.6495,61.1495,4509090.0
34,2020-10-01,61.7595,62.8395,60.0695,61.8995,887726.0
35,2020-10-02,60.7195,60.8495,58.8095,58.8495,1341301.0
36,2020-10-05,60.3095,60.4195,58.3695,59.8495,2440383.0
37,2020-10-06,60.1995,64.9795,58.9495,64.0295,2177199.0
38,2020-10-07,64.0495,65.0695,61.8495,62.5095,863760.0
39,2020-10-08,62.7095,65.3295,62.0195,64.6895,862449.0
40,2020-10-09,64.8495,66.4495,63.5695,66.2995,871360.0
41,2020-10-12,66.3695,66.9795,62.1695,64.2995,2782977.0
42,2020-10-13,64.6795,66.3495,62.5695,64.3095,1183326.0
43,2020-10-14,64.4495,66.2395,63.6495,65.2395,984175.0
44,2020-10-15,63.8695,71.2495,63.3595,69.5695,1807009.0
45,2020-10-16,69.8495,73.6295,69.8495,71.1895,1570713.0
46,2020-10-19,71.6495,74.5895,67.9695,69.4195,1625683.0
47,2020-10-20,69.8595,71.6495,68.1095,69.2995,1012242.0
48,2020-10-21,69.2995,72.4995,68.9995,70.9795,1088196.0
49,2020-10-22,70.8395,76.3495,70.1195,75.6095,1325892.0
50,2020-10-23,75.1495,75.1495,69.0095,69.8395,1910025.0
51,2020-10-26,69.5295,72.0795,68.3495,69.6895,1742199.0
52,2020-10-27,70.3495,71.6195,69.5695,70.4495,1280333.0
53,2020-10-28,69.4695,74.1395,68.7495,72.8995,1617775.0
54,2020-10-29,73.0495,73.0595,69.4495,71.4295,1760917.0
55,2020-10-30,70.8495,71.9595,67.9495,69.5995,2995946.0
56,2020-11-02,70.9295,71.6495,68.6795,69.6695,1633493.0
57,2020-11-03,69.6695,70.3195,64.9495,66.6695,1893456.0
58,2020-11-04,67.1995,75.2895,67.1995,75.1695,1746559.0
59,2020-11-05,76.8695,77.2195,70.6795,72.5395,1689129.0
60,2020-11-06,72.8495,75.9795,71.4495,75.4995,1483631.0
61,2020-11-09,75.1195,75.2595,70.4995,71.8495,1957264.0
62,2020-11-10,70.4495,71.8195,66.8695,67.5495,2598061.0
63,2020-11-11,69.5395,69.8095,66.8695,69.4495,2009853.0
64,2020-11-12,71.0395,72.2495,67.4895,67.4895,2835512.0
65,2020-11-13,71.4295,74.3295,70.3495,72.3795,3297109.0
66,2020-11-16,74.8495,79.2495,71.9995,73.4095,4379945.0
67,2020-11-17,69.9495,71.6595,66.5295,67.4495,5092608.0
68,2020-11-18,68.0595,68.1295,60.7395,61.0195,4325588.0
69,2020-11-19,57.5995,62.2295,57.4695,59.1995,15527513.0
70,2020-11-20,61.5895,63.3095,59.8495,60.6495,8445376.0
71,2020-11-23,62.3195,62.9995,61.4495,62.8195,5297492.0
72,2020-11-24,63.8195,65.3295,62.5295,63.9295,5508366.0
73,2020-11-25,62.0495,64.0995,60.0295,60.3495,3527196.0
74,2020-11-27,62.2395,66.6395,61.6295,64.3095,3446272.0
75,2020-11-30,64.8595,65.4495,61.9095,65.1795,4392075.0
76,2020-12-01,65.6495,67.6495,63.8495,64.2395,2376988.0
77,2020-12-02,62.3495,63.0295,60.6095,62.5195,2337887.0
78,2020-12-03,62.8595,64.3095,62.7995,62.9695,2536249.0
79,2020-12-04,63.3495,63.3895,61.1995,61.8695,2504488.0
80,2020-12-07,62.3495,64.7495,61.7895,62.0395,1738645.0
81,2020-12-08,62.3995,66.2395,62.2495,65.4195,3917802.0
82,2020-12-09,65.8395,68.7195,65.4795,67.0495,3067792.0
83,2020-12-10,65.6795,68.6895,65.2395,67.8495,2386763.0
84,2020-12-11,67.9095,68.9795,65.0695,65.9795,2669386.0
85,2020-12-14,65.8495,69.1395,65.5795,65.6695,2566195.0
86,2020-12-15,66.2595,67.0095,63.0495,63.4695,2557548.0
87,2020-12-16,64.2495,64.2495,61.9995,62.8395,1580892.0
88,2020-12-17,63.0895,64.1895,62.0495,62.7195,1491868.0
89,2020-12-18,63.8495,65.2495,62.9495,64.3095,2789797.0
90,2020-12-21,63.8495,67.6195,63.5895,66.6695,3629176.0
91,2020-12-22,66.6295,68.0495,65.2195,67.5095,1824830.0
92,2020-12-23,68.3195,69.7995,67.4695,67.8195,2380647.0
93,2020-12-24,66.3295,67.7295,64.0895,65.1895,1217184.0
94,2020-12-28,65.4995,66.3095,61.6495,62.2495,3056331.0
95,2020-12-29,64.0495,64.1895,61.2495,62.0995,1836772.0
96,2020-12-30,62.8595,64.3195,62.7195,63.6695,1162653.0
97,2020-12-31,63.7495,63.8095,60.8495,61.3895,1626324.0
98,2021-01-04,62.1195,62.2095,56.0795,57.3595,5471046.0
99,2021-01-05,57.8495,61.9495,56.9495,61.5895,4258973.0
100,2021-01-06,61.4895,62.8095,61.0295,61.6495,2345767.0
101,2021-01-07,61.8495,62.9095,60.1995,62.8095,3607508.0
102,2021-01-08,63.3695,66.6495,63.3695,65.1295,3761516.0
103,2021-01-11,65.0495,65.2095,62.8495,64.1395,1696781.0
104,2021-01-12,65.6395,67.0995,64.2595,65.8395,2093088.0
105,2021-01-13,65.8095,66.2395,62.9195,63.7895,1896112.0
106,2021-01-14,64.0495,64.4795,62.0595,62.3895,2186326.0
107,2021-01-15,62.4495,63.7095,61.2495,62.2295,1834607.0
108,2021-01-19,64.9395,64.9995,62.2895,63.2195,2567584.0
109,2021-01-20,64.0295,72.7995,64.0095,72.6595,7673387.0
110,2021-01-21,69.9695,77.8495,69.6995,73.2495,4644036.0
111,2021-01-22,72.6495,72.8995,69.4495,71.2995,3328476.0
112,2021-01-25,72.3495,76.5495,68.3595,70.6495,5495642.0
113,2021-01-26,69.8595,69.8695,63.4195,63.5695,6114799.0
114,2021-01-27,61.6495,63.0495,59.8495,61.6895,4432674.0
115,2021-01-28,61.8495,62.0695,58.6595,59.2595,5370978.0
116,2021-01-29,60.0495,60.3595,58.1395,58.9495,3190114.0
117,2021-02-01,61.3695,63.0195,59.8595,60.8195,3839072.0
118,2021-02-02,63.8395,64.5995,61.5395,64.3995,3559943.0
119,2021-02-03,65.4995,65.9295,62.4995,62.9095,3067082.0
120,2021-02-04,62.7095,65.7995,61.4595,64.8295,3819984.0
121,2021-02-05,65.8095,65.9895,61.9495,62.4695,3140229.0
122,2021-02-08,61.8595,62.3895,60.1295,62.0495,3803197.0
123,2021-02-09,63.3395,68.4295,61.6995,66.0695,5595136.0
124,2021-02-10,66.3495,72.4695,66.3495,68.7995,6589838.0
125,2021-02-11,69.9495,71.4695,68.4295,70.6495,4866615.0
126,2021-02-12,69.0695,72.0495,65.9495,67.1695,3074253.0
127,2021-02-16,67.2595,68.8395,65.7295,67.8495,9272358.0
128,2021-02-17,66.2395,67.7195,65.0995,66.5195,3821165.0
129,2021-02-18,65.1395,65.8395,63.1495,64.1395,5948624.0
130,2021-02-19,65.3495,69.7095,65.1995,69.2395,6825649.0
131,2021-02-22,69.8495,76.7695,68.2595,76.5395,13726920.0
132,2021-02-23,73.5495,74.3995,67.9895,70.4095,8323188.0
133,2021-02-24,69.1295,70.2995,67.4095,68.0595,4548961.0
134,2021-02-25,70.8995,71.3295,64.0095,64.7095,3241881.0
135,2021-02-26,63.7095,66.8095,61.9595,63.6795,7266164.0
136,2021-03-01,67.2595,67.4295,65.2495,66.0095,3755419.0
137,2021-03-02,67.0095,68.0695,63.5795,64.1795,3695412.0
138,2021-03-03,64.3095,64.8495,59.1095,59.7895,3692934.0
139,2021-03-04,57.8395,58.4895,48.4695,52.5295,10499642.0
140,2021-03-05,52.8495,53.2495,47.3295,52.2795,11907496.0
141,2021-03-08,50.3495,51.1495,46.0095,46.9295,6760084.0
142,2021-03-09,48.8395,54.1495,48.6995,53.5995,5104802.0
143,2021-03-10,54.1695,55.5695,52.3695,53.5595,5167224.0
144,2021-03-11,58.8895,60.5895,56.4095,59.3095,4605502.0
145,2021-03-12,57.6495,58.9395,56.7895,58.8095,2642550.0
146,2021-03-15,58.6795,60.7895,58.0095,59.3495,4617635.0
147,2021-03-16,62.8495,72.3395,62.3695,65.1495,11923368.0
148,2021-03-17,65.1495,67.2295,63.2595,66.8495,4562439.0
149,2021-03-18,64.5395,65.3495,59.8395,60.6395,9085685.0
150,2021-03-19,60.8395,64.5495,58.8595,63.8495,4631066.0
151,2021-03-22,63.8495,65.0295,62.2595,64.2895,4251337.0
152,2021-03-23,63.8395,63.8395,59.6095,60.5095,3527138.0
153,2021-03-24,59.8495,60.0995,52.0895,52.6595,4747359.0
154,2021-03-25,50.7095,58.1495,50.0995,56.7995,5563955.0
155,2021-03-26,56.3595,58.1995,53.5595,56.1995,4819642.0
156,2021-03-29,56.1295,56.8495,54.5195,55.2195,2531259.0
157,2021-03-30,54.7795,57.4495,53.9195,56.8395,2303065.0
158,2021-03-31,57.1495,58.1795,56.4995,56.8295,2787159.0
159,2021-04-01,58.9995,62.0495,58.8495,60.7295,4027272.0
160,2021-04-05,60.7995,61.2395,57.9495,58.7095,1510085.0
161,2021-04-06,58.4395,61.2395,58.3995,60.0095,2215291.0
162,2021-04-07,59.0995,59.2995,55.6395,55.9295,3014427.0
163,2021-04-08,58.0795,58.0795,55.5295,55.9795,2504898.0
164,2021-04-09,56.1095,56.1095,54.8795,55.7995,1727102.0
165,2021-04-12,54.6095,54.7995,52.6795,53.1795,1987432.0
166,2021-04-13,53.1695,54.6495,52.5495,53.4395,2565714.0
167,2021-04-14,54.2595,54.2595,49.1595,49.2695,6634255.0
168,2021-04-15,50.6495,51.2795,50.1495,51.0895,4810083.0
169,2021-04-16,51.1995,52.0195,49.7895,51.3795,5678144.0
170,2021-04-19,51.8495,52.5795,49.5495,50.2695,4859441.0
171,2021-04-20,49.6495,51.7395,49.3495,51.3695,3347207.0
172,2021-04-21,51.3395,54.2395,50.5395,53.7295,3717697.0
173,2021-04-22,53.4095,55.8095,53.3495,54.6595,3514353.0
174,2021-04-23,55.5995,56.8195,55.2095,56.2295,2013220.0
175,2021-04-26,55.1095,56.6295,54.9595,56.1795,1954171.0
176,2021-04-27,55.9995,56.6495,55.2495,55.8495,877997.0
177,2021-04-28,55.5695,56.5395,54.1195,54.7195,1702412.0
178,2021-04-29,55.6195,55.6195,52.2995,52.4895,3476774.0
179,2021-04-30,51.8795,53.2895,51.5495,51.8995,3912571.0
180,2021-05-03,52.5295,52.8395,51.3995,51.4595,3930096.0
181,2021-05-04,51.1395,51.3695,49.6695,50.3495,4991197.0
182,2021-05-05,50.9495,51.2095,49.1995,49.3595,4403895.0
183,2021-05-06,49.5195,50.3595,48.7395,50.1095,3163171.0
184,2021-05-07,51.1995,52.1695,50.2595,50.7495,1563888.0
185,2021-05-10,50.1595,50.1795,43.0995,46.6395,9852229.0
186,2021-05-11,45.6295,48.8495,45.6295,48.0895,5314034.0
187,2021-05-12,47.7395,50.0095,47.3895,49.3795,6241863.0
188,2021-05-13,49.0995,49.6795,46.9495,47.2495,3973063.0
189,2021-05-14,47.5795,49.9995,47.3995,49.8495,3500546.0
190,2021-05-17,50.0795,50.8495,48.6195,49.7395,3415033.0
191,2021-05-18,50.3495,50.7195,49.4795,50.1095,6597619.0
192,2021-05-19,48.8495,50.5295,48.4995,50.1095,3994279.0
193,2021-05-20,46.3995,49.7895,45.2895,49.6995,20404082.0
194,2021-05-21,49.8495,50.8095,48.7295,49.9795,10769896.0
195,2021-05-24,49.8495,52.4095,49.5195,51.8595,8398855.0
196,2021-05-25,50.1695,50.5895,48.0395,50.3995,16032089.0
197,2021-05-26,50.1095,52.9895,49.9995,51.0495,6931451.0
198,2021-05-27,51.1295,51.5595,49.7895,50.3395,38567503.0
199,2021-05-28,50.2595,51.8295,49.4895,51.7395,5003192.0
200,2021-06-01,51.7995,54.3395,51.3095,53.9595,7813571.0
201,2021-06-02,51.3395,51.4895,49.0295,49.6895,12970748.0
202,2021-06-03,49.3495,49.3495,45.7595,46.0995,9860087.0
203,2021-06-04,46.9595,46.9795,45.6095,46.2995,3876278.0
204,2021-06-07,46.0995,46.3195,43.8495,44.4295,6725193.0
205,2021-06-08,45.2395,46.3495,44.2995,45.8795,5771598.0
206,2021-06-09,46.3495,47.7195,45.9695,47.5395,4451400.0
207,2021-06-10,46.6695,47.3495,46.3295,46.9895,2741615.0
208,2021-06-11,47.1395,48.4795,46.5995,48.4795,3893381.0
209,2021-06-14,48.6995,48.7095,46.8895,47.3895,4338311.0
210,2021-06-15,47.2395,48.6795,46.8495,47.5095,3963593.0
211,2021-06-16,47.7595,48.3195,46.7495,47.5995,3816779.0
212,2021-06-17,47.5495,50.0995,47.5495,50.0995,6319598.0
213,2021-06-18,50.5895,51.3495,49.5895,49.5895,16505525.0
214,2021-06-21,49.5995,49.7095,47.6395,48.4995,3523783.0
215,2021-06-22,48.0395,50.4295,47.9995,49.3795,8427088.0
216,2021-06-23,49.9495,51.9495,49.8595,50.8995,5726227.0
217,2021-06-24,50.9995,51.8795,50.2795,51.8595,6984920.0
218,2021-06-25,52.1595,52.3995,50.5895,51.5195,4145521.0
219,2021-06-28,51.1295,51.1395,48.6495,48.7995,7396029.0
220,2021-06-29,48.4995,48.6495,46.8995,48.0295,4901484.0
221,2021-06-30,48.4895,48.5495,47.2595,47.5295,3268354.0
222,2021-07-01,47.6495,47.8395,46.7695,46.7995,2950261.0
223,2021-07-02,46.8495,47.1795,45.8095,46.6995,3542699.0
224,2021-07-06,45.2995,45.3395,41.7495,41.8795,7488146.0
225,2021-07-07,41.9895,42.1595,37.8295,38.6795,11268146.0
226,2021-07-08,36.7395,39.3895,35.2995,38.6995,8284758.0
227,2021-07-09,38.8495,40.7095,38.7995,40.5995,5037747.0
228,2021-07-12,40.6195,40.9095,36.9495,37.6395,5116642.0
229,2021-07-13,38.3395,39.7295,38.0695,39.3795,4324046.0
230,2021-07-14,39.0495,40.1395,38.4995,38.8495,2621943.0
231,2021-07-15,38.6795,40.0495,38.2595,38.8495,2054356.0
232,2021-07-16,38.6195,38.9595,37.5195,38.7395,1890587.0
233,2021-07-19,37.8495,38.0195,36.3795,36.9795,5041200.0
234,2021-07-20,37.3995,37.9995,35.9795,37.8495,3244743.0
235,2021-07-21,37.8495,38.0395,36.4695,37.5995,2593990.0
236,2021-07-22,37.7595,37.8795,37.1395,37.7995,4182854.0
237,2021-07-23,32.5195,34.3995,25.9995,33.6495,29335271.0
238,2021-07-26,27.2695,29.5095,23.9895,24.2895,31648375.0
239,2021-07-27,22.8495,25.1595,21.3495,24.1095,38727896.0
240,2021-07-28,25.4495,28.6195,25.0095,26.6595,15802074.0
241,2021-07-29,27.4895,27.6995,22.9495,22.9995,14065337.0
242,2021-07-30,23.4595,23.4595,21.6095,21.8395,16539428.0
243,2021-08-02,21.8695,22.3895,21.1195,22.0495,10266347.0
244,2021-08-03,21.8895,22.0095,20.1695,21.0695,12062967.0
245,2021-08-04,20.9895,21.3895,20.3495,20.7595,10863346.0
246,2021-08-05,20.3495,21.2095,18.6495,19.6595,14472519.0
247,2021-08-06,19.8495,19.8495,17.7995,18.3895,22214832.0
248,2021-08-09,18.6595,21.6395,17.8295,21.2595,25833244.0
249,2021-08-10,21.4195,21.5595,20.2195,20.8095,14199429.0
250,2021-08-11,21.0995,21.1395,19.3695,19.7295,12619274.0
251,2021-08-12,17.0195,19.8695,16.4795,19.5095,30504502.0
252,2021-08-13,19.0095,19.0595,17.2695,17.6495,16139750.0
253,2021-08-16,17.1395,17.6995,16.6795,17.5295,14706950.0
254,2021-08-17,17.0095,18.6395,16.6995,18.5595,17776061.0
255,2021-08-18,18.7795,20.1495,18.3295,19.8295,13574751.0
256,2021-08-19,18.3995,18.3995,16.6195,16.8595,18129186.0
257,2021-08-20,17.6095,17.8295,15.6695,15.9595,17443191.0
258,2021-08-23,15.9695,16.4895,15.1995,16.4395,13893143.0
259,2021-08-24,17.4795,19.3395,17.4495,19.0695,19225848.0
260,2021-08-25,18.1695,18.8895,17.8595,18.8095,11378705.0
261,2021-08-26,18.6495,20.7195,18.6095,19.8995,17416048.0
262,2021-08-27,19.5795,20.1995,19.0695,19.7295,9491844.0
263,2021-08-30,18.6795,19.0295,17.1395,18.2995,12336290.0
264,2021-08-31,18.5995,19.3995,17.7895,17.9395,17558456.0
265,2021-09-01,18.0995,20.5995,17.5895,20.3695,30660389.0
266,2021-09-02,20.3795,21.0295,20.2195,20.3695,12489831.0
267,2021-09-03,20.1495,20.1495,18.5695,18.8295,8124562.0
268,2021-09-07,19.8495,22.2295,19.7395,21.8495,18761816.0
269,2021-09-08,21.6895,21.8695,20.1595,20.3595,14635734.0
270,2021-09-09,19.7095,20.3695,19.0895,20.1695,9295827.0
271,2021-09-10,20.2595,20.4695,18.5995,18.8295,7746003.0
272,2021-09-13,18.4595,19.2395,18.1695,18.8695,4359605.0
273,2021-09-14,18.6195,18.7495,17.0995,17.2895,9640762.0
274,2021-09-15,16.8595,17.1695,16.3495,16.8395,10099420.0
275,2021-09-16,16.4295,16.4795,15.9695,16.0995,6797018.0
276,2021-09-17,17.0295,17.2895,16.1895,16.9295,13219395.0
277,2021-09-20,15.8895,16.1295,14.9995,15.4895,17607696.0
278,2021-09-21,15.6395,16.6495,15.3495,16.5295,10301259.0
279,2021-09-22,17.0595,17.9595,16.9495,17.4495,18838474.0
280,2021-09-23,17.0495,17.2795,16.4195,17.1695,7969497.0
281,2021-09-24,16.6195,16.6995,15.9495,16.3795,7094641.0
282,2021-09-27,16.5995,17.5495,15.6695,17.4695,10656959.0
283,2021-09-28,17.4095,17.4695,16.9195,17.3295,7342441.0
284,2021-09-29,17.3295,19.2095,17.3295,17.5095,12610414.0
285,2021-09-30,17.9795,18.8095,17.7595,18.1095,11765908.0
286,2021-10-01,18.6495,19.2095,17.6695,18.4695,7483786.0
287,2021-10-04,17.8595,18.0795,17.3395,17.6995,3858489.0
288,2021-10-05,17.4495,18.0495,17.3995,17.7295,6243100.0
289,2021-10-06,17.4995,17.8895,17.2695,17.6495,3419617.0
290,2021-10-07,18.7295,19.5195,18.2995,18.9995,7546046.0
291,2021-10-08,18.6895,19.8995,18.6895,19.2495,7599901.0
292,2021-10-11,19.9495,21.0295,19.7995,20.3695,16483121.0
293,2021-10-12,20.0795,20.9195,19.8095,20.4495,6299704.0
294,2021-10-13,20.7395,22.0495,20.3695,21.9395,10641484.0
295,2021-10-14,21.1095,21.6995,20.5295,20.7395,7956266.0
296,2021-10-15,21.2495,21.8895,20.8195,21.8695,5667750.0
297,2021-10-18,21.3795,21.9495,21.2795,21.6095,7123474.0
298,2021-10-19,21.5495,21.9695,20.4495,21.7395,6560403.0
299,2021-10-20,22.3195,23.2895,22.0495,23.0495,11116392.0
300,2021-10-21,23.3495,25.7495,23.2795,24.9095,16326535.0
301,2021-10-22,25.3995,25.8295,24.4495,24.8295,8436981.0
302,2021-10-25,23.7095,24.0695,22.7495,23.7995,6863413.0
303,2021-10-26,22.9795,22.9795,20.6295,20.6495,8513488.0
304,2021-10-27,20.7495,21.9895,19.6395,20.1995,9093640.0
305,2021-10-28,19.8495,19.8995,19.2895,19.4995,14185745.0
306,2021-10-29,19.1195,19.2195,18.0695,18.0695,8350546.0
307,2021-11-01,18.3495,19.6095,18.0795,19.5095,9684562.0
308,2021-11-02,18.9095,18.9595,18.2995,18.5195,8011349.0
309,2021-11-03,19.0495,19.0495,18.4595,18.7995,4727237.0
310,2021-11-04,18.8695,19.0995,17.4395,18.2195,14905544.0
311,2021-11-05,17.6895,18.0395,17.4095,17.8795,8301383.0
312,2021-11-08,17.8895,18.1295,17.4795,17.7695,5760040.0
313,2021-11-09,18.5495,21.0095,18.5495,19.6395,19388172.0
314,2021-11-10,21.7095,22.8495,21.2795,22.1095,23194468.0
315,2021-11-11,23.6595,24.6995,22.7495,23.1895,15741196.0
316,2021-11-12,21.8295,22.6295,21.7495,22.4595,9177693.0
317,2021-11-15,22.1095,23.8695,22.1095,22.9695,7272820.0
318,2021-11-16,23.8995,24.9295,23.6595,24.0895,10833090.0
319,2021-11-17,24.0795,24.1695,21.8895,22.1595,7808865.0
320,2021-11-18,22.0195,22.6995,21.6595,22.6195,7006249.0
321,2021-11-19,23.1995,24.1195,23.0295,23.6595,8365064.0
322,2021-11-22,23.0795,23.7295,22.7995,22.9995,9503604.0
323,2021-11-23,23.0095,23.0995,20.4995,21.1495,10696045.0
324,2021-11-24,21.1395,22.3395,20.8695,22.0295,7505886.0
325,2021-11-26,21.1595,21.3395,20.3495,20.8295,5726221.0
326,2021-11-29,20.9595,21.4795,20.3795,21.0895,8287442.0
327,2021-11-30,20.8795,20.8995,19.6195,19.8595,11242283.0
328,2021-12-01,20.4495,20.7195,19.6495,19.6895,12162320.0
329,2021-12-02,19.8295,20.3695,17.7195,18.3295,15221554.0
330,2021-12-03,18.3495,18.4095,17.1095,17.8095,14941520.0
331,2021-12-06,18.8495,20.0095,18.3095,19.4995,19872549.0
332,2021-12-07,20.8495,21.4495,19.5295,19.7695,17630574.0
333,2021-12-08,19.9195,22.3395,19.5395,21.9995,13035157.0
334,2021-12-09,21.5395,22.7995,21.3395,22.2995,9519021.0
335,2021-12-10,22.2995,22.6195,21.5695,21.9595,15533318.0
336,2021-12-13,21.5995,21.7795,18.5195,18.5795,11864657.0
337,2021-12-14,18.1995,19.8395,17.7095,18.9795,14558982.0
338,2021-12-15,18.8695,19.0095,17.8195,18.5295,10758869.0
339,2021-12-16,17.8095,21.1795,17.5695,18.1595,52181816.0
340,2021-12-17,17.7295,19.3195,16.4495,19.2095,16409339.0
341,2021-12-20,18.4995,18.6695,17.0495,17.1595,8177416.0
342,2021-12-21,17.8495,19.2095,17.8295,19.1995,7065820.0
343,2021-12-22,18.5395,19.2295,18.0995,19.1995,5854150.0
344,2021-12-23,18.9595,18.9695,18.0195,18.8495,5545197.0
345,2021-12-27,18.9095,20.2595,18.8195,19.4295,6223047.0
346,2021-12-28,19.5095,20.1495,19.2595,19.6195,4459073.0
347,2021-12-29,19.2195,19.2195,17.6595,17.7995,10867016.0
348,2021-12-30,18.1595,20.3295,17.9795,20.0395,8409649.0
349,2021-12-31,19.7295,20.5695,19.5595,19.9695,5403630.0
350,2022-01-03,19.7695,19.8395,18.8295,19.5695,7055804.0
351,2022-01-04,19.3095,19.5995,17.0495,17.4495,12625973.0
352,2022-01-05,17.3495,17.8495,16.8695,16.9395,11174911.0
353,2022-01-06,17.4095,19.1195,17.0695,18.7795,11376635.0
354,2022-01-07,19.2695,20.9095,19.2695,20.7195,11715196.0
355,2022-01-10,21.1495,21.4495,19.7595,21.0895,8447709.0
356,2022-01-11,21.0695,22.9595,20.6595,22.7995,12404473.0
357,2022-01-12,22.1995,23.3695,21.3795,22.6295,11985583.0
358,2022-01-13,21.5495,21.8595,20.7895,20.9395,6338183.0
359,2022-01-14,20.7595,21.0295,20.0795,20.8495,4199712.0
360,2022-01-18,20.5895,22.5895,20.5395,21.8795,10407078.0
361,2022-01-19,23.4495,23.6995,21.3595,22.5595,15126111.0
362,2022-01-20,23.8495,24.6995,22.6395,22.7095,17599382.0
363,2022-01-21,22.3595,22.7695,21.0795,21.5895,9941994.0
364,2022-01-24,21.1295,21.1295,19.7295,20.9195,8511277.0
365,2022-01-25,20.3295,21.3195,19.6695,20.3295,6709039.0
366,2022-01-26,20.8495,21.0895,18.8495,18.9895,6539324.0
367,2022-01-27,18.9895,19.5995,18.2195,18.3795,4554654.0
368,2022-01-28,18.2895,18.7895,17.8095,18.7795,5978571.0
369,2022-01-31,19.8495,21.9995,19.6495,21.6395,11390818.0
370,2022-02-01,21.6895,21.8295,20.5995,21.6895,4918891.0
371,2022-02-02,21.7695,21.8195,19.9495,20.3695,5034987.0
372,2022-02-03,19.9595,19.9895,19.1295,19.5195,7024272.0
373,2022-02-04,19.7295,19.9395,18.9395,19.8495,3203818.0
374,2022-02-07,19.6995,20.3195,18.8595,18.9595,4916784.0
375,2022-02-08,18.8695,19.8995,18.6895,19.0295,6001194.0
376,2022-02-09,19.9095,21.3495,19.9095,20.9695,7445184.0
377,2022-02-10,21.8495,23.1195,21.0495,22.3495,21228098.0
378,2022-02-11,21.7395,22.4995,20.7095,20.9695,6308532.0
379,2022-02-14,19.9895,20.6895,19.6595,19.7395,8472526.0
380,2022-02-15,19.8595,20.2095,19.5195,20.1195,12752225.0
381,2022-02-16,20.3495,20.6695,19.7895,20.3795,7919451.0
382,2022-02-17,20.6395,21.6495,20.1595,20.6195,9108976.0
383,2022-02-18,21.1895,21.2895,19.2595,19.9695,7266579.0
384,2022-02-22,19.6895,20.5095,19.3995,19.7495,12044526.0
385,2022-02-23,20.2895,20.7995,19.0095,19.0895,6942554.0
386,2022-02-24,18.2095,19.4295,18.0895,19.4295,10297964.0
387,2022-02-25,19.2395,19.6395,18.2795,19.2395,7817425.0
388,2022-02-28,18.8295,19.6895,18.4595,19.2595,4980677.0
389,2022-03-01,19.8495,20.5695,19.6295,20.1995,7337647.0
390,2022-03-02,19.8995,19.9195,17.4995,17.9695,13214307.0
391,2022-03-03,18.1795,18.6895,17.0695,17.1595,10412396.0
392,2022-03-04,16.9495,16.9995,14.1095,14.3495,15057254.0
393,2022-03-07,14.1295,14.8995,13.6095,13.6095,24115082.0
394,2022-03-08,13.8595,14.3995,13.0095,13.2695,16773544.0
395,2022-03-09,13.7495,14.8395,13.6995,14.3095,21457053.0
396,2022-03-10,11.2995,12.4595,10.7095,10.8495,40170085.0
397,2022-03-11,11.6195,11.8395,9.6195,9.8895,29176712.0
398,2022-03-14,8.4295,10.6295,7.1595,8.8495,45030720.0
399,2022-03-15,8.0395,10.0195,7.9595,8.9095,43205848.0
400,2022-03-16,12.8495,15.1495,12.3895,14.7395,118618983.0
401,2022-03-17,13.1095,13.4795,11.4495,12.7195,42494813.0
402,2022-03-18,12.8895,15.0995,12.5595,13.9995,45207748.0
403,2022-03-21,13.1795,13.3795,11.3995,11.9995,31687664.0
404,2022-03-22,13.1095,13.9495,12.7195,12.8795,43996990.0
405,2022-03-23,12.6895,14.1895,11.6495,13.3895,45873059.0
406,2022-03-24,12.6395,13.0995,12.1395,13.0395,27575646.0
407,2022-03-25,12.2395,12.5295,11.7595,11.9795,17797065.0
408,2022-03-28,12.3495,12.7795,11.5795,12.1595,15926112.0
409,2022-03-29,12.5895,12.9095,12.3895,12.6695,14196736.0
410,2022-03-30,12.9895,14.8995,12.8495,12.9595,38105459.0
411,2022-03-31,12.8995,13.0495,12.1595,12.2195,20175454.0
412,2022-04-01,13.9095,14.5395,13.1495,13.8595,29364055.0
413,2022-04-04,15.4795,16.3995,15.0095,16.2795,38147222.0
414,2022-04-05,15.7495,15.8395,14.8595,15.2895,17535616.0
415,2022-04-06,15.1295,15.7995,14.5295,15.4895,14069911.0
416,2022-04-07,14.8495,15.0495,13.8395,14.3695,12426436.0
417,2022-04-08,14.5695,15.3895,14.4595,15.0695,10354574.0
418,2022-04-11,14.4695,14.4795,13.5795,14.0395,13184026.0
419,2022-04-12,14.1395,14.4195,13.7395,13.8195,12682385.0
420,2022-04-13,14.1995,14.6395,13.8395,14.2395,8249371.0
421,2022-04-14,14.3795,14.9995,13.8395,13.8895,13112455.0
422,2022-04-18,13.3995,13.4495,11.8595,13.3595,11109390.0
423,2022-04-19,13.0295,13.7595,12.7095,13.4795,10200851.0
424,2022-04-20,12.7495,13.0195,12.3795,12.7195,15181609.0
425,2022-04-21,12.5595,12.9795,11.4595,11.7195,16942120.0
426,2022-04-22,11.9595,12.9795,11.8395,11.9695,13556709.0
427,2022-04-25,11.6295,12.2995,11.0595,12.1895,11745154.0
428,2022-04-26,12.0795,12.9195,11.8095,12.6395,18065415.0
429,2022-04-27,12.9095,13.7495,12.5995,13.0895,12872184.0
430,2022-04-28,12.9595,13.1595,12.2295,13.1595,9048996.0
431,2022-04-29,14.7695,15.1595,13.9895,14.0295,25749716.0
432,2022-05-02,13.8595,14.5795,13.8395,14.3595,7478006.0
433,2022-05-03,14.3395,14.9195,14.1295,14.3395,8690835.0
434,2022-05-04,13.8495,14.3995,13.0895,14.2595,10203017.0
435,2022-05-05,13.8595,13.9195,12.6795,13.0795,10311604.0
436,2022-05-06,12.8595,12.8595,11.9295,12.1195,11030361.0
437,2022-05-09,11.8895,11.9295,10.4495,11.2195,20400995.0
438,2022-05-10,11.8395,12.2395,11.2495,11.6795,9798763.0
439,2022-05-11,11.8995,12.2695,11.3495,11.3495,10354415.0
440,2022-05-12,11.1695,11.9095,10.7895,11.6495,9564369.0
441,2022-05-13,11.9295,12.6795,11.9295,12.3795,11863816.0
442,2022-05-16,12.5395,12.7295,11.9595,11.9995,11884023.0
443,2022-05-17,12.8495,13.3295,12.0695,12.1995,14678496.0
444,2022-05-18,12.0995,12.9195,12.0195,12.5095,16467128.0
445,2022-05-19,12.7695,13.1495,11.9695,12.1895,16768040.0
446,2022-05-20,12.8295,13.3795,11.6195,11.9195,17383619.0
447,2022-05-23,11.9395,12.0495,11.5895,11.7095,11516072.0
448,2022-05-24,11.3095,11.5195,10.6595,10.9995,11796559.0
449,2022-05-25,11.0995,11.3495,10.8495,11.0295,9529200.0
450,2022-05-26,10.8495,11.6395,10.7495,11.5795,16311390.0
451,2022-05-27,11.4895,11.5095,10.7695,11.3395,13231523.0
452,2022-05-31,12.3995,13.3495,12.1995,13.2495,37568753.0
453,2022-06-01,12.7095,12.8595,12.2295,12.5195,11721990.0
454,2022-06-02,12.5995,14.8395,12.5695,14.5495,22051702.0
455,2022-06-03,13.8595,14.4295,13.5695,14.1495,18238169.0
456,2022-06-06,15.4695,15.8495,14.1495,14.4595,23321942.0
457,2022-06-07,14.4195,14.9395,14.3595,14.8495,8451459.0
458,2022-06-08,14.9995,16.4895,14.9195,16.3095,22095188.0
459,2022-06-09,15.1895,15.3595,14.6095,15.1795,10567878.0
460,2022-06-10,15.4995,16.1795,14.0695,14.3495,14164425.0
461,2022-06-13,13.7295,14.3495,13.0195,14.2595,17542938.0
462,2022-06-14,14.7395,15.2895,14.0895,15.1195,16716297.0
463,2022-06-15,14.8695,15.7195,14.6095,15.4595,9781131.0
464,2022-06-16,14.6995,15.4695,14.3195,14.7395,10098273.0
465,2022-06-17,15.6295,16.4695,15.0095,15.7295,36650470.0
466,2022-06-21,17.0695,17.8395,16.7995,16.9895,20011564.0
467,2022-06-22,16.4795,17.6095,15.9195,16.3195,14653570.0
468,2022-06-23,17.4295,17.5095,16.7695,17.3295,11637872.0
469,2022-06-24,17.9795,18.9795,17.7295,18.6695,13788321.0
470,2022-06-27,19.0095,19.1995,17.8195,17.8595,24748158.0
471,2022-06-28,17.8795,17.9595,17.2395,17.6095,12151363.0
472,2022-06-29,17.6695,17.8895,17.1795,17.6095,9237273.0
473,2022-06-30,17.2495,17.7995,16.7795,17.7995,7998225.0
474,2022-07-01,17.6695,18.2695,17.4495,17.7995,8395924.0
475,2022-07-05,17.5795,17.6695,16.9895,17.6095,17852391.0
476,2022-07-06,17.1495,17.2195,15.4495,15.8195,15842791.0
477,2022-07-07,16.3595,16.7995,16.0895,16.7195,9024201.0
478,2022-07-08,16.3995,16.6095,16.0995,16.5595,9310569.0
479,2022-07-11,15.4995,15.5595,14.7395,14.9495,14265436.0
480,2022-07-12,14.9795,15.3495,14.7695,14.9095,8772372.0
481,2022-07-13,14.3495,15.4395,13.9295,14.9195,19626634.0
482,2022-07-14,14.5595,14.7995,13.9495,13.9795,12466569.0
483,2022-07-15,13.3495,13.8895,12.9195,13.8195,9897756.0
484,2022-07-18,14.3495,15.1195,14.3195,14.7895,11218716.0
485,2022-07-19,14.7395,15.6895,14.5895,15.5595,14138183.0
486,2022-07-20,15.5095,15.7695,14.5395,14.8995,9508630.0
487,2022-07-21,15.0395,15.3395,13.8995,14.2495,16770366.0
488,2022-07-22,14.2495,14.2495,13.2995,13.8095,15075772.0
489,2022-07-25,14.0995,14.8995,13.8795,14.8495,9958288.0
490,2022-07-26,15.2095,15.6495,14.5295,14.6895,12009860.0
491,2022-07-27,14.7495,14.9795,14.2095,14.7395,13388354.0
492,2022-07-28,14.6095,14.8495,14.1595,14.6595,4863022.0
493,2022-07-29,13.8495,14.1395,13.3195,13.9595,7277073.0
494,2022-08-01,13.8395,14.0295,13.2395,13.5895,11895512.0
495,2022-08-02,13.1395,14.1395,13.0795,13.6695,9079698.0
496,2022-08-03,13.4495,14.5495,13.3195,14.4495,9390867.0
497,2022-08-04,14.8195,15.0695,14.6195,14.8495,5205373.0
498,2022-08-05,14.6595,14.9795,14.4395,14.8995,5918830.0
499,2022-08-08,14.7895,15.2595,14.0595,14.1395,8141146.0
500,2022-08-09,14.1095,14.1195,13.6795,13.8795,4868556.0
501,2022-08-10,13.7095,14.4795,13.6095,14.1895,6629990.0
502,2022-08-11,14.5495,15.5895,14.2295,14.9095,7182162.0
503,2022-08-12,14.6295,16.3495,14.5795,16.2695,13977549.0
504,2022-08-15,15.9195,16.2795,15.6995,16.0395,7553629.0
505,2022-08-16,16.1195,16.5695,15.6295,15.7795,6130752.0
506,2022-08-17,15.5895,16.0595,15.5295,16.0295,6073598.0
507,2022-08-18,16.0995,16.1995,15.6695,15.8295,7775546.0
508,2022-08-19,15.6895,15.7195,14.8995,15.2295,5180737.0
509,2022-08-22,15.2195,15.8795,15.1795,15.5195,12685870.0
510,2022-08-23,15.8895,16.7995,14.9195,16.6795,12321776.0
511,2022-08-24,15.9795,18.0895,15.8895,17.1995,14705375.0
512,2022-08-25,17.9995,18.2795,16.8795,17.8495,17993752.0
513,2022-08-26,18.1695,18.5495,17.4995,18.0495,17642275.0
514,2022-08-29,18.0395,18.4195,17.3995,17.5095,8164880.0
515,2022-08-30,17.6795,18.1295,17.3695,17.6595,9156992.0
516,2022-08-31,18.1495,18.3895,17.5995,17.8895,54307350.0
517,2022-09-01,16.6395,17.3495,16.0595,17.1995,8094010.0
518,2022-09-02,17.0395,17.0995,16.1495,16.2695,6879897.0
519,2022-09-06,16.4495,17.3495,16.4295,16.6795,15804992.0
520,2022-09-07,17.0495,17.7695,16.7695,17.6495,13317101.0
521,2022-09-08,17.3595,17.6095,16.8395,17.2595,7545357.0
522,2022-09-09,18.1695,18.5395,17.7595,17.8795,9663965.0
523,2022-09-12,17.9495,18.1595,17.6495,18.1495,6140216.0
524,2022-09-13,17.4395,18.1895,17.4395,17.8195,5264378.0
525,2022-09-14,18.1495,18.2595,17.5595,18.1095,5516695.0
526,2022-09-15,18.3995,18.6995,18.1595,18.2995,9245928.0
527,2022-09-16,17.6895,17.6895,17.0595,17.4195,12903958.0
528,2022-09-19,17.2695,17.9495,17.1495,17.9395,8222234.0
529,2022-09-20,17.5495,18.1495,17.4795,17.8995,6542771.0
530,2022-09-21,17.7095,17.7995,16.4195,16.7895,11985967.0
531,2022-09-22,16.9595,17.4295,16.4795,16.6095,5406671.0
532,2022-09-23,16.0095,16.2095,15.7695,16.1495,6290119.0
533,2022-09-26,16.5795,16.7995,16.2795,16.3995,8997660.0
534,2022-09-27,16.7795,17.3095,16.3795,16.4395,12844225.0
535,2022-09-28,16.0395,16.8195,15.7595,16.7595,5890027.0
536,2022-09-29,16.1595,16.6295,15.7495,16.1095,13340655.0
537,2022-09-30,16.7995,17.6595,16.0195,17.3695,19092482.0
538,2022-10-03,17.4495,17.5295,16.9295,16.9695,7499722.0
539,2022-10-04,17.4995,18.1695,17.2595,17.8495,14415228.0
540,2022-10-05,17.4295,17.8895,17.3495,17.6695,4861408.0
541,2022-10-06,17.8395,18.2395,16.8795,16.9995,7293814.0
542,2022-10-07,16.9495,17.0995,16.0395,16.2095,9711064.0
543,2022-10-10,15.6995,15.7095,14.5695,14.6495,12694021.0
544,2022-10-11,14.3495,14.4195,13.3195,13.9895,15070963.0
545,2022-10-12,13.9895,14.3895,13.7695,13.8595,5636423.0
546,2022-10-13,13.0595,13.3995,12.7095,12.8995,12976504.0
547,2022-10-14,13.5695,13.6495,12.1095,12.1295,17623968.0
548,2022-10-17,12.6495,13.1295,12.4995,12.5295,11422703.0
549,2022-10-18,12.9595,13.0595,11.9095,12.0295,21357978.0
550,2022-10-19,11.6295,11.6495,10.2895,11.0495,56354360.0
551,2022-10-20,11.2195,12.0495,11.0395,11.3895,14032924.0
552,2022-10-21,11.1495,11.5995,11.0195,11.4995,9882030.0
553,2022-10-24,9.8195,10.0395,9.0795,9.6195,18152387.0
554,2022-10-25,9.8495,10.5795,9.7695,10.2195,15471592.0
555,2022-10-26,10.1395,11.1295,10.0695,10.9295,21209690.0
556,2022-10-27,10.4695,11.0595,10.1195,10.9595,12870348.0
557,2022-10-28,10.0995,10.2095,8.9395,10.1495,18975736.0
558,2022-10-31,9.6795,10.2695,9.6595,10.0295,6154014.0
559,2022-11-01,10.6695,10.9095,10.2495,10.4595,8436664.0
560,2022-11-02,10.5195,11.1495,10.4195,10.7695,10521190.0
561,2022-11-03,10.2495,11.0595,9.8995,10.6295,9356581.0
562,2022-11-04,11.5595,11.9895,11.2595,11.5295,16328148.0
563,2022-11-07,11.7095,11.9995,11.0195,11.3795,10847220.0
564,2022-11-08,11.1595,11.2695,10.4395,11.2195,9263268.0
565,2022-11-09,10.8895,10.8895,9.9895,10.2595,8035166.0
566,2022-11-10,10.9395,11.2995,10.7595,11.1895,8758431.0
567,2022-11-11,13.2295,13.7495,12.7595,13.3795,22390342.0
568,2022-11-14,14.9495,15.1595,13.8095,13.8495,19865434.0
569,2022-11-15,15.1395,15.5295,14.5695,14.7795,10515506.0
570,2022-11-16,14.0495,14.7195,13.8895,14.6895,9008164.0
571,2022-11-17,14.2295,15.9895,14.1895,15.3895,16813697.0
572,2022-11-18,15.1095,15.2295,14.3995,14.6595,12284984.0
573,2022-11-21,14.2595,14.7395,13.8795,14.5595,10175881.0
574,2022-11-22,13.9995,14.0295,13.4495,13.9195,7252065.0
575,2022-11-23,14.4895,14.8695,14.2795,14.6995,6647408.0
576,2022-11-25,14.7795,14.8195,14.0895,14.1395,5295747.0
577,2022-11-28,15.3495,15.3495,14.3995,14.5395,11851256.0
578,2022-11-29,15.4395,15.8395,14.8395,14.9595,13863625.0
579,2022-11-30,15.8495,16.7995,14.6595,16.7695,23746525.0
580,2022-12-01,16.2495,17.0795,16.1895,16.5495,19413127.0
581,2022-12-02,16.5695,17.8895,16.4895,17.4595,20225112.0
582,2022-12-05,18.2795,18.2895,15.8295,16.2795,24773806.0
583,2022-12-06,16.4595,17.1095,15.4295,16.8795,17192397.0
584,2022-12-07,15.7095,16.4195,15.4495,15.8495,18374590.0
585,2022-12-08,16.3495,16.5995,15.6095,15.7995,20259455.0
586,2022-12-09,15.8595,16.1295,15.2095,15.2395,36633590.0
587,2022-12-12,14.4495,14.8595,14.2095,14.5395,11851038.0
588,2022-12-13,15.0495,15.2695,14.2895,14.4695,22890901.0
589,2022-12-14,14.2295,14.4595,13.7895,14.2495,13182971.0
590,2022-12-15,14.8795,14.9395,14.0895,14.1395,17602685.0
591,2022-12-16,14.3495,14.9595,14.2495,14.3095,20818705.0
592,2022-12-19,14.2995,14.6695,14.2595,14.4595,10120808.0
593,2022-12-20,13.8495,14.7195,13.8495,14.4795,9870075.0
594,2022-12-21,14.5795,15.0295,14.4695,14.6695,14827528.0
595,2022-12-22,15.1095,15.1795,14.6295,14.7395,10227450.0
596,2022-12-23,14.7495,14.8595,13.8595,13.9395,4971123.0
597,2022-12-27,14.1695,14.7295,13.9695,14.6795,8070680.0
598,2022-12-28,14.5195,14.6795,13.9095,14.1195,4744113.0
599,2022-12-29,13.9795,14.2195,13.7995,14.0995,6340065.0
600,2022-12-30,13.4295,13.8795,13.3395,13.8095,8016027.0
601,2023-01-03,14.2195,14.9095,14.2195,14.6595,12705830.0
602,2023-01-04,15.7895,16.2295,15.3795,16.1095,31392019.0
603,2023-01-05,15.8495,17.8495,15.6795,17.3695,35108028.0
604,2023-01-06,16.9495,17.7495,16.9295,17.6495,12535630.0
605,2023-01-09,18.0495,18.2195,17.6395,17.7595,17810267.0
606,2023-01-10,17.8895,18.1995,17.5195,18.0195,9544402.0
607,2023-01-11,18.0495,18.2895,17.5895,18.0195,13224857.0
608,2023-01-12,18.0695,18.7195,17.8595,18.6795,12938332.0
609,2023-01-13,18.9795,19.6395,18.5495,19.5095,13245992.0
610,2023-01-17,19.0695,19.4295,18.8395,19.1995,11699998.0
611,2023-01-18,19.1495,19.1495,18.6595,18.7895,7347652.0
612,2023-01-19,19.0595,19.7295,18.8795,18.9995,8035540.0
613,2023-01-20,19.1695,19.3795,18.8195,18.9795,14246575.0
614,2023-01-23,19.0995,19.2095,18.6095,18.6795,4613558.0
615,2023-01-24,18.6195,18.6795,17.8295,18.2895,8246556.0
616,2023-01-25,18.0595,18.4495,17.9595,18.2095,7151119.0
617,2023-01-26,18.5695,18.8095,18.2295,18.7595,5048458.0
618,2023-01-27,18.7995,18.9695,18.1595,18.6395,3797593.0
619,2023-01-30,17.9395,18.4495,17.7595,18.2895,7085608.0
620,2023-01-31,18.0995,18.6495,17.9695,18.1895,6389222.0
621,2023-02-01,18.7295,19.5295,18.5595,19.1295,8731613.0
622,2023-02-02,19.3495,19.8395,18.8595,18.9695,5783644.0
623,2023-02-03,18.6995,19.5695,18.5895,18.7795,7268867.0
624,2023-02-06,17.8495,18.1095,17.2595,18.0895,12793865.0
625,2023-02-07,18.1095,19.2195,18.0795,18.9895,11257838.0
626,2023-02-08,18.9295,19.2795,18.6595,18.7395,4684689.0
627,2023-02-09,19.2995,19.6595,19.0495,19.3795,5860843.0
628,2023-02-10,18.9195,19.4095,18.7495,19.0595,9014658.0
629,2023-02-13,19.8495,20.7495,19.7095,20.1495,13854449.0
630,2023-02-14,20.6595,20.9295,19.5295,19.7595,10324586.0
631,2023-02-15,19.0495,19.3995,18.5495,19.2495,8945602.0
632,2023-02-16,19.1195,19.6995,19.0295,19.3395,4227941.0
633,2023-02-17,18.7895,18.8595,18.2995,18.4495,5150315.0
634,2023-02-21,18.0395,18.9195,17.5395,18.8095,7626636.0
635,2023-02-22,19.1995,19.6595,18.6395,19.0395,7731616.0
636,2023-02-23,19.3995,19.4195,18.4295,18.6995,4466357.0
637,2023-02-24,18.3695,18.4495,17.3395,17.4495,6482409.0
638,2023-02-27,18.2295,18.9295,17.9695,17.9695,7136547.0
639,2023-02-28,17.8195,18.6295,17.6495,18.0995,7259482.0
640,2023-03-01,19.1595,19.5495,18.8795,19.0495,6971415.0
641,2023-03-02,18.9995,19.4995,18.8895,19.4495,5874027.0
642,2023-03-03,20.3295,20.4895,19.5095,19.6195,8616443.0
643,2023-03-06,19.3895,19.4495,18.7695,18.8895,9588829.0
644,2023-03-07,18.8495,18.9195,18.2295,18.2995,6834824.0
645,2023-03-08,17.7495,18.1895,17.5095,18.0595,4965267.0
646,2023-03-09,17.8195,17.8195,16.6795,16.6895,13130587.0
647,2023-03-10,16.9495,17.3695,16.6395,16.8995,5525634.0
648,2023-03-13,16.8095,17.6095,16.7495,17.2995,6747296.0
649,2023-03-14,17.1395,17.4895,16.9495,17.4495,4839455.0
650,2023-03-15,17.0895,17.2095,16.6895,17.0595,9860092.0
651,2023-03-16,17.6495,18.5295,17.3395,17.9595,11588917.0
652,2023-03-17,19.0295,19.2395,18.0895,18.8295,16011176.0
653,2023-03-20,18.1595,18.2795,17.3795,18.2395,16770189.0
654,2023-03-21,18.5595,18.7895,18.2095,18.6695,6814225.0
655,2023-03-22,18.7495,18.7495,17.6695,17.8495,8892593.0
656,2023-03-23,18.3495,18.8995,18.3195,18.6495,9780047.0
657,2023-03-24,18.5495,19.1595,18.0395,18.2095,6244340.0
658,2023-03-27,17.8495,17.9395,17.1995,17.4995,7717405.0
659,2023-03-28,17.8095,18.0795,17.4195,17.8195,9599907.0
660,2023-03-29,17.5795,18.0695,17.5095,17.7795,5559066.0
661,2023-03-30,18.3095,18.8795,18.1195,18.6695,6839383.0
662,2023-03-31,18.4795,18.8595,18.3895,18.6895,4461660.0
663,2023-04-03,18.7295,19.3795,18.6695,19.3195,4892691.0
664,2023-04-04,19.1195,19.4095,18.6095,19.0995,5099740.0
665,2023-04-05,18.9895,19.0495,18.2695,18.4995,3213789.0
666,2023-04-06,18.6495,18.8795,18.5895,18.7295,3269155.0
667,2023-04-10,18.4895,18.9195,18.4295,18.7195,6065302.0
668,2023-04-11,18.7995,18.7995,17.5495,17.8995,8587524.0
669,2023-04-12,17.6595,17.7995,16.9995,16.9995,5699857.0
670,2023-04-13,17.3995,17.6895,17.2895,17.4195,4047466.0
671,2023-04-14,17.3695,17.5195,16.8295,16.9095,4116338.0
672,2023-04-17,17.4995,18.0495,17.2195,17.9995,5115194.0
673,2023-04-18,17.7095,18.2595,17.7095,18.2495,5184287.0
674,2023-04-19,17.7095,18.2695,17.7095,17.9995,3525954.0
675,2023-04-20,18.4295,18.5095,17.5495,17.6795,5051129.0
676,2023-04-21,17.1695,17.4195,16.7795,17.3395,5830025.0
677,2023-04-24,17.0295,17.1295,16.1895,16.3095,6432330.0
678,2023-04-25,15.9695,16.3795,15.5495,15.6595,10503240.0
679,2023-04-26,16.0995,16.0995,15.3995,15.4095,3619344.0
680,2023-04-27,15.4795,15.7595,15.4195,15.5495,4892211.0
681,2023-04-28,14.5795,15.7395,14.5795,15.5395,4729350.0
682,2023-05-01,15.4495,15.7895,15.3795,15.7295,2291808.0
683,2023-05-02,15.3695,15.4095,14.8795,15.0095,6495883.0
684,2023-05-03,15.1295,15.4195,14.9095,15.2495,3673486.0
685,2023-05-04,15.2195,15.8095,14.8695,15.6595,3748747.0
686,2023-05-05,15.9095,16.0095,15.5995,15.8795,2804847.0
687,2023-05-08,14.6995,15.8195,14.5095,15.7995,12006105.0
688,2023-05-09,15.2095,15.8995,15.0495,15.6995,8591731.0
689,2023-05-10,15.8595,15.9695,15.6095,15.9295,11026176.0
690,2023-05-11,15.8495,16.6495,15.8295,16.5095,3742105.0
691,2023-05-12,16.2395,16.4895,16.1595,16.2995,4279662.0
692,2023-05-15,16.6695,16.9795,16.3895,16.9495,8246837.0
693,2023-05-16,16.3995,16.7095,16.2195,16.6995,13920271.0
694,2023-05-17,16.1795,16.2695,15.6695,16.1495,13327668.0
695,2023-05-18,16.4495,16.5295,14.6095,14.8195,19042955.0
696,2023-05-19,14.8495,15.1195,14.2795,14.6695,7873189.0
697,2023-05-22,15.0895,15.8095,14.9395,15.0995,8517979.0
698,2023-05-23,14.8495,15.6895,14.8295,15.3595,6992678.0
699,2023-05-24,15.1695,15.7495,15.0395,15.0795,8312962.0
700,2023-05-25,14.9595,15.5395,14.8495,15.0295,8169400.0
701,2023-05-26,15.0695,15.3995,14.8695,15.2495,5915303.0
702,2023-05-30,15.1595,15.2295,14.0195,14.2495,11225576.0
703,2023-05-31,13.7895,14.2695,13.7495,14.0895,15706611.0
704,2023-06-01,14.1495,15.2795,14.1395,14.9595,10681228.0
705,2023-06-02,15.8295,16.1895,15.5095,15.9595,11933009.0
706,2023-06-05,15.8495,15.9895,15.7095,15.7895,4582924.0
707,2023-06-06,15.7895,16.5995,15.7095,16.5395,11409784.0
708,2023-06-07,16.1595,16.9895,16.1595,16.8595,7274108.0
709,2023-06-08,17.1195,17.3595,16.8095,16.9695,10494695.0
710,2023-06-09,16.6895,16.9195,16.2895,16.5495,11852011.0
711,2023-06-12,16.4195,16.6895,15.9195,15.9295,7090238.0
712,2023-06-13,16.3195,16.5795,16.0295,16.1995,4730523.0
713,2023-06-14,16.1695,16.8395,16.0595,16.6095,8792596.0
714,2023-06-15,17.1395,17.2895,16.8695,16.9295,8103673.0
715,2023-06-16,17.0995,17.0995,16.2795,16.8295,7940502.0
716,2023-06-20,15.8895,16.0695,15.1695,15.2995,8898051.0
717,2023-06-21,15.0195,15.4295,14.6795,14.8695,11667011.0
718,2023-06-22,14.7395,15.0895,14.6895,14.9295,3378679.0
719,2023-06-23,14.4495,14.9695,14.1995,14.7895,6822454.0
720,2023-06-26,14.7895,15.2495,14.7495,14.8995,5029866.0
721,2023-06-27,14.7795,15.2895,14.7795,15.1495,13480857.0
722,2023-06-28,15.2095,15.2195,14.5895,14.8395,6142687.0
723,2023-06-29,14.6495,14.8095,14.4895,14.8095,4108417.0
724,2023-06-30,14.7395,14.9595,14.5495,14.6995,6179642.0
725,2023-07-03,15.0495,15.1795,14.7595,14.8495,3546936.0
726,2023-07-05,14.4495,14.5895,14.2295,14.5295,5707810.0
727,2023-07-06,14.1295,14.2995,13.8695,14.0395,7767486.0
728,2023-07-07,14.0495,14.2595,14.0095,14.1595,5852128.0
729,2023-07-10,14.0595,14.1595,13.8695,14.0995,6221509.0
730,2023-07-11,14.1495,14.7995,14.1495,14.7295,5823030.0
731,2023-07-12,14.8495,15.3095,14.8495,15.0695,6329247.0
732,2023-07-13,15.2495,15.9095,15.2495,15.8095,9723671.0
733,2023-07-14,15.5395,15.5695,14.9395,14.9595,5591899.0
734,2023-07-17,14.7295,14.8695,14.4395,14.8395,9782216.0
735,2023-07-18,14.4595,14.5395,14.1295,14.2095,8338438.0
736,2023-07-19,14.4895,15.2595,14.4495,14.7395,5462158.0
737,2023-07-20,14.9195,15.1795,14.7095,14.8595,3103443.0
738,2023-07-21,15.0395,15.0695,14.6295,14.6695,2606952.0
739,2023-07-24,14.9795,16.2595,14.8395,15.6895,13899133.0
740,2023-07-25,16.6395,16.8795,15.9495,15.9995,13069639.0
741,2023-07-26,16.3695,17.6195,16.2795,17.3395,13520819.0
742,2023-07-27,17.7295,17.8595,16.9495,17.2295,12607729.0
743,2023-07-28,17.8495,17.9395,17.5395,17.8395,13369177.0
744,2023-07-31,17.1595,17.6495,17.0495,17.2695,8453391.0
745,2023-08-01,16.9495,17.6695,16.8795,17.4395,6676207.0
746,2023-08-02,16.9695,16.9895,16.3395,16.5295,5488943.0
747,2023-08-03,17.1595,17.9295,17.1395,17.6395,14166358.0
748,2023-08-04,17.8495,18.0195,17.5195,17.5695,6687950.0
749,2023-08-07,17.2295,17.2295,16.8295,17.1395,5321033.0
750,2023-08-08,16.4495,16.6295,16.1995,16.5995,9587674.0
751,2023-08-09,16.6295,16.8795,16.2695,16.4595,5159690.0
752,2023-08-10,16.9595,17.1695,16.5095,16.5495,6667570.0
753,2023-08-11,15.9295,16.3495,15.5995,16.1095,6483757.0
754,2023-08-14,15.8095,16.3295,15.6795,16.1495,5957114.0
755,2023-08-15,15.9795,15.9795,15.2595,15.4795,5149371.0
756,2023-08-16,15.2895,15.7195,15.2095,15.3795,5393794.0
757,2023-08-17,15.7895,15.7895,14.9495,14.9795,7853834.0
758,2023-08-18,14.4895,14.7995,14.4495,14.6095,9522466.0
759,2023-08-21,14.3795,14.5395,13.9995,14.2295,7190188.0
760,2023-08-22,14.6495,14.6895,13.9095,13.9695,5807583.0
761,2023-08-23,13.9595,14.1695,13.5595,13.8795,5908523.0
762,2023-08-24,14.1195,14.2995,13.8595,14.2095,5604448.0
763,2023-08-25,14.8795,14.8995,13.9895,14.1695,6640751.0
764,2023-08-28,14.3495,14.6095,14.1695,14.5995,7460561.0
765,2023-08-29,15.4195,16.5795,15.2995,15.6795,13841946.0
766,2023-08-30,15.4995,16.2995,15.3095,15.5095,14712465.0
767,2023-08-31,17.1895,19.7995,16.7095,17.0495,40318637.0
768,2023-09-01,17.6795,18.3995,17.6295,18.3495,25430752.0
769,2023-09-05,17.6295,17.9295,17.3695,17.7495,12730691.0
770,2023-09-06,18.5795,18.7795,17.7295,17.7595,16106239.0
771,2023-09-07,17.1595,17.3395,16.0595,16.8095,12456625.0
772,2023-09-08,16.7095,16.9295,16.4495,16.5095,5282565.0
773,2023-09-11,16.8495,16.9195,16.5795,16.7695,4350368.0
774,2023-09-12,16.7195,16.8895,15.8895,15.9795,11031982.0
775,2023-09-13,15.8195,16.0895,15.7695,15.8995,7495035.0
776,2023-09-14,16.16,16.43,15.87,16.2,4703399.0
777,2023-09-15,16.08,16.17,15.5,15.55,5480643.0
778,2023-09-18,15.26,15.78,15.04,15.72,6511586.0
779,2023-09-19,15.66,16.03,15.6,15.8,5629347.0
780,2023-09-20,16.01,16.49,15.97,16.16,9185575.0
781,2023-09-21,15.76,16.07,15.69,15.8,6925948.0
782,2023-09-22,16.73,16.73,16.08,16.35,9449668.0
783,2023-09-25,15.87,16.21,15.39,15.53,15083808.0
784,2023-09-26,14.65,15.37,14.58,15.0,17329462.0
785,2023-09-27,15.05,15.71,14.92,15.54,9263184.0
786,2023-09-28,15.5,15.7,15.49,15.5,6035997.0
787,2023-09-29,15.83,15.94,15.52,15.52,7697631.0
788,2023-10-02,15.67,15.7,15.26,15.5,2912252.0
789,2023-10-03,15.09,15.47,15.04,15.44,6671929.0
790,2023-10-04,15.21,15.54,15.15,15.33,4762889.0
791,2023-10-05,15.1,15.4,14.96,15.25,4994544.0
792,2023-10-06,15.38,16.11,15.36,15.83,7041970.0
793,2023-10-09,15.51,15.58,15.26,15.43,3972515.0
794,2023-10-10,15.66,16.5,15.63,16.38,7391831.0
795,2023-10-11,16.42,17.25,16.42,16.9,8214076.0
796,2023-10-12,17.02,17.06,16.29,16.48,5355078.0
797,2023-10-13,16.12,16.28,15.79,15.87,4367721.0
798,2023-10-16,15.7,16.03,15.35,15.89,4047751.0
799,2023-10-17,15.58,15.88,15.52,15.56,3263134.0
800,2023-10-18,15.32,15.63,15.12,15.17,6061577.0
801,2023-10-19,14.93,15.09,14.85,14.85,4228226.0
802,2023-10-20,14.61,15.065,14.585,14.89,4525525.0
803,2023-10-23,14.63,15.29,14.59,15.12,4662926.0
804,2023-10-24,15.08,16.285,15.07,15.72,7497974.0
805,2023-10-25,15.3,15.58,15.13,15.3,3558073.0
806,2023-10-26,15.29,15.7,15.25,15.3,4874775.0
807,2023-10-27,15.73,15.835,15.34,15.51,3974650.0
808,2023-10-30,15.6,15.76,15.18,15.4,5199868.0
809,2023-10-31,15.08,15.12,14.47,14.71,9673247.0
810,2023-11-01,14.71,15.005,14.61,14.81,7295004.0
811,2023-11-02,14.97,15.055,14.66,14.86,5417302.0
812,2023-11-03,15.3,15.535,15.15,15.26,4457320.0
813,2023-11-06,15.83,15.89,15.12,15.17,6238118.0
814,2023-11-07,15.07,15.1,14.435,14.74,10521253.0
815,2023-11-08,15.11,15.5,14.73,14.89,10145707.0
816,2023-11-09,14.89,15.155,14.55,14.57,6244690.0
817,2023-11-10,14.47,14.94,14.44,14.84,7083494.0
818,2023-11-13,15.02,15.04,14.62,14.78,6317561.0
819,2023-11-14,15.49,15.68,14.92,14.97,8866885.0
820,2023-11-15,15.29,16.06,15.1501,15.86,17688636.0
821,2023-11-16,15.28,15.82,15.2,15.48,7917175.0
822,2023-11-17,15.4,15.59,15.1125,15.29,6556727.0
823,2023-11-20,15.47,16.0,15.325,15.88,9686742.0
824,2023-11-21,15.57,15.885,15.37,15.5,5531035.0
825,2023-11-22,15.89,15.89,15.31,15.7,5072505.0
826,2023-11-24,15.75,16.5,15.71,16.09,8404184.0
827,2023-11-27,15.91,15.91,15.555,15.79,5880145.0
828,2023-11-28,15.73,16.03,15.7,15.96,4427089.0
829,2023-11-29,15.85,16.01,15.6909,15.95,5457701.0
830,2023-11-30,16.03,16.15,15.74,15.93,7212779.0
831,2023-12-01,15.82,15.83,15.46,15.76,4700027.0
832,2023-12-04,15.38,15.7,15.28,15.64,5484870.0
833,2023-12-05,15.15,15.39,14.965,15.31,8212257.0
834,2023-12-06,15.55,15.65,15.32,15.4,10913161.0
835,2023-12-07,15.33,15.42,14.98,15.06,8610540.0
836,2023-12-08,14.89,15.235,14.88,15.1,4385412.0
837,2023-12-11,14.92,15.22,14.785,15.18,8862746.0
838,2023-12-12,15.18,15.47,14.92,15.43,7283806.0
839,2023-12-13,15.32,15.43,14.96,15.27,5491977.0
840,2023-12-14,15.8,16.12,15.495,15.6,11272042.0
841,2023-12-15,15.78,15.97,15.64,15.69,5392179.0
842,2023-12-18,15.48,15.51,15.14,15.27,4728454.0
843,2023-12-19,15.4,15.67,15.23,15.67,4957047.0
844,2023-12-20,15.31,15.545,15.05,15.06,4244905.0
845,2023-12-21,15.47,15.6,15.07,15.59,5117798.0
846,2023-12-22,15.26,15.685,15.245,15.59,5428431.0
847,2023-12-26,15.73,15.8,15.355,15.53,2784697.0
848,2023-12-27,15.62,15.79,15.425,15.75,3466064.0
849,2023-12-28,16.0,16.41,15.86,16.23,6520998.0
850,2023-12-29,16.15,16.54,16.12,16.21,5187544.0
851,2024-01-02,15.74,15.89,15.555,15.72,5808406.0
852,2024-01-03,15.54,15.965,15.5,15.89,3139295.0
853,2024-01-04,15.76,16.0,15.45,15.5,7637579.0
854,2024-01-05,15.39,15.48,15.095,15.24,5986561.0
855,2024-01-08,15.05,15.08,14.86,14.97,11134085.0
856,2024-01-09,14.71,15.01,14.55,14.86,4687267.0
857,2024-01-10,14.77,15.0,14.72,14.74,5443614.0
858,2024-01-11,15.0,15.09,14.67,14.74,7615508.0
859,2024-01-12,14.65,14.865,14.63,14.64,6914699.0
860,2024-01-16,14.39,14.43,14.1,14.21,14434700.0
861,2024-01-17,13.53,13.95,13.53,13.83,11119850.0
862,2024-01-18,13.92,14.0,13.56,13.64,8232382.0
863,2024-01-19,13.44,13.83,13.14,13.54,17846658.0
864,2024-01-22,12.97,13.525,12.88,13.34,7559945.0
865,2024-01-23,13.83,14.1873,13.79,13.93,10602104.0
866,2024-01-24,14.59,14.7,14.205,14.39,14731916.0
