,date,open,high,low,close,volume
0,2018-03-28,9.8,11.26,9.62,11.24,23929559.0
1,2018-03-29,11.5,11.8,10.65,11.0,5863898.0
2,2018-04-02,11.05,11.5,10.91,11.0,2771042.0
3,2018-04-03,11.5,11.5,10.79,10.91,2509609.0
4,2018-04-04,10.75,11.08,10.55,10.97,1498443.0
5,2018-04-05,11.0,11.05,10.75,10.98,893303.0
6,2018-04-06,10.95,11.03,10.85,10.94,684722.0
7,2018-04-09,11.0,11.69,10.96,11.1,2648463.0
8,2018-04-10,11.45,11.59,11.25,11.5,2199364.0
9,2018-04-11,11.58,11.59,11.03,11.48,1497786.0
10,2018-04-12,11.53,11.76,11.35,11.62,2076557.0
11,2018-04-13,11.6,11.69,11.32,11.4,803948.0
12,2018-04-16,11.41,11.5,11.33,11.33,562039.0
13,2018-04-17,11.35,11.4,11.16,11.32,635052.0
14,2018-04-18,11.44,11.5,11.29,11.35,582364.0
15,2018-04-19,11.4,11.49,11.28,11.35,433048.0
16,2018-04-20,11.25,11.31,11.06,11.19,625654.0
17,2018-04-23,11.29,11.46,11.05,11.19,867778.0
18,2018-04-24,11.25,11.52,11.21,11.29,1223314.0
19,2018-04-25,11.19,11.29,10.82,10.9,1530224.0
20,2018-04-26,11.06,11.19,10.85,11.0,343444.0
21,2018-04-27,11.0,11.1,10.61,10.61,495065.0
22,2018-04-30,10.7,11.08,10.1,10.92,1090884.0
23,2018-05-01,10.84,11.04,10.41,10.58,581011.0
24,2018-05-02,10.52,10.64,10.21,10.26,558728.0
25,2018-05-03,10.19,10.46,10.0,10.08,844175.0
26,2018-05-04,10.18,10.28,9.86,9.99,954543.0
27,2018-05-07,10.01,10.14,9.86,10.0,877758.0
28,2018-05-08,10.05,10.49,9.95,10.27,734148.0
29,2018-05-09,10.41,10.73,10.28,10.65,1043698.0
30,2018-05-10,10.73,11.68,10.51,11.0,1652992.0
31,2018-05-11,11.06,12.19,11.06,11.46,3152495.0
32,2018-05-14,11.55,12.2,11.5,12.07,1946847.0
33,2018-05-15,12.07,12.42,11.52,12.16,1529337.0
34,2018-05-16,12.24,14.35,12.16,14.11,3113438.0
35,2018-05-17,13.83,14.87,13.03,13.55,4410229.0
36,2018-05-18,13.5,13.5,12.8,12.84,2469385.0
37,2018-05-21,12.94,13.18,12.67,12.75,3480140.0
38,2018-05-22,13.0,13.26,12.61,13.14,2364269.0
39,2018-05-23,13.07,13.38,12.3,12.44,6222885.0
40,2018-05-24,14.35,15.49,13.45,13.85,16603702.0
41,2018-05-25,13.86,14.44,13.85,14.24,3624491.0
42,2018-05-29,14.3,15.19,14.22,15.03,4145251.0
43,2018-05-30,15.2,16.88,15.19,16.67,6639745.0
44,2018-05-31,17.13,17.71,15.0,16.23,10142030.0
45,2018-06-01,16.51,17.2,15.87,16.91,4287587.0
46,2018-06-04,17.4,18.16,16.25,16.43,5657647.0
47,2018-06-05,16.48,16.74,15.6,16.71,4193102.0
48,2018-06-06,16.94,16.96,16.14,16.57,2725716.0
49,2018-06-07,16.56,16.79,16.05,16.22,1983589.0
50,2018-06-08,16.1,19.35,15.85,18.95,10538314.0
51,2018-06-11,19.01,19.35,17.36,18.42,11994850.0
52,2018-06-12,18.62,19.1,17.6,18.66,7313871.0
53,2018-06-13,18.78,20.24,18.5,20.07,10175887.0
54,2018-06-14,20.69,22.7,19.6,20.5,19542024.0
55,2018-06-15,20.58,21.35,18.82,19.65,14056841.0
56,2018-06-18,19.35,21.66,18.95,21.28,10162508.0
57,2018-06-19,20.8,21.25,19.08,19.18,10723665.0
58,2018-06-20,20.04,20.29,18.5,18.54,8227743.0
59,2018-06-21,18.5,18.54,16.0,16.44,13195474.0
60,2018-06-22,16.52,16.88,15.38,16.65,8722277.0
61,2018-06-25,15.67,16.19,14.8,15.36,8813270.0
62,2018-06-26,15.95,16.53,15.51,15.85,7155364.0
63,2018-06-27,16.21,16.3,13.89,13.9,9575998.0
64,2018-06-28,13.5,14.9,13.31,14.5,7180466.0
65,2018-06-29,14.9,14.9,13.82,13.99,6025830.0
66,2018-07-02,13.24,13.64,12.97,13.36,7243921.0
67,2018-07-03,13.54,14.09,13.12,13.8,3656360.0
68,2018-07-05,14.0,14.1,12.88,12.9,6617318.0
69,2018-07-06,12.51,13.37,12.5,13.3,6019315.0
70,2018-07-09,13.66,14.08,13.29,13.85,9256486.0
71,2018-07-10,13.47,13.97,13.13,13.26,6777471.0
72,2018-07-11,12.96,13.53,12.76,12.78,7441222.0
73,2018-07-12,13.2,14.4,12.95,14.26,11804444.0
74,2018-07-13,14.5,14.69,13.5,13.8,9517610.0
75,2018-07-16,13.72,14.25,13.28,13.8,8538197.0
76,2018-07-17,13.42,14.15,13.1,13.69,6857079.0
77,2018-07-18,13.95,14.99,13.9,14.43,10267613.0
78,2018-07-19,14.43,15.08,13.8,13.92,10799348.0
79,2018-07-20,13.96,14.71,13.82,14.41,6374247.0
80,2018-07-23,14.41,14.7,13.64,14.18,4917194.0
81,2018-07-24,14.4,14.77,13.65,13.92,6209197.0
82,2018-07-25,13.77,13.95,13.13,13.36,9281131.0
83,2018-07-26,12.8,13.15,12.66,12.77,6985684.0
84,2018-07-27,13.1,13.1,12.0,12.13,6568310.0
85,2018-07-30,11.3,12.0,11.05,11.59,6687365.0
86,2018-07-31,11.5,12.25,11.35,11.71,3235508.0
87,2018-08-01,11.66,11.73,11.16,11.33,3789359.0
88,2018-08-02,11.0,11.52,10.7,11.51,6487860.0
89,2018-08-03,11.51,11.6,11.0,11.06,2901622.0
90,2018-08-06,11.12,11.74,11.11,11.27,3413039.0
91,2018-08-07,11.38,11.67,11.3,11.4,2804299.0
92,2018-08-08,11.49,11.68,11.24,11.39,1810282.0
93,2018-08-09,11.4,11.58,11.22,11.25,1839477.0
94,2018-08-10,11.25,11.37,11.02,11.14,2686306.0
95,2018-08-13,11.19,11.27,10.7,10.81,2273738.0
96,2018-08-14,10.57,10.69,10.26,10.66,5840420.0
97,2018-08-15,9.9,10.3,9.09,10.27,10742675.0
98,2018-08-16,10.51,10.94,10.5,10.56,5203255.0
99,2018-08-17,10.55,10.87,9.94,10.7,2922692.0
100,2018-08-20,11.25,11.44,10.5,11.3,5316263.0
101,2018-08-21,11.55,12.43,11.5,11.85,5490473.0
102,2018-08-22,11.75,11.82,10.96,11.01,4486311.0
103,2018-08-23,11.21,11.35,10.43,10.53,4609936.0
104,2018-08-24,10.58,10.99,10.41,10.91,3993922.0
105,2018-08-27,11.45,11.77,10.96,11.53,9487143.0
106,2018-08-28,12.85,13.75,12.64,13.08,19444307.0
107,2018-08-29,13.0,14.23,12.18,13.76,9431748.0
108,2018-08-30,13.4,13.7,12.25,13.14,8767651.0
109,2018-08-31,12.7,13.4,12.7,12.83,3801302.0
110,2018-09-04,12.75,12.86,12.04,12.5,3758760.0
111,2018-09-05,12.25,12.31,11.35,11.39,5320219.0
112,2018-09-06,11.59,11.66,11.11,11.4,2416448.0
113,2018-09-07,11.26,11.88,11.0,11.71,2973219.0
114,2018-09-10,11.73,11.94,11.31,11.31,2528284.0
115,2018-09-11,11.11,11.99,11.11,11.84,3513678.0
116,2018-09-12,12.0,13.68,11.89,13.03,9417309.0
117,2018-09-13,13.46,14.12,13.16,13.35,6425337.0
118,2018-09-14,13.29,13.66,12.91,13.52,3904775.0
119,2018-09-17,13.29,13.5,12.78,13.23,3328863.0
120,2018-09-18,13.4,14.07,13.13,13.76,3956214.0
121,2018-09-19,13.69,14.0,13.2,13.22,2756286.0
122,2018-09-20,13.49,13.69,12.97,13.44,2206231.0
123,2018-09-21,13.45,13.67,12.36,12.43,5074601.0
124,2018-09-24,11.7,12.23,11.28,12.0,5842153.0
125,2018-09-25,12.0,12.66,11.7,12.55,3393334.0
126,2018-09-26,12.49,13.42,12.45,12.87,4916662.0
127,2018-09-27,12.87,13.1,12.73,13.02,2278954.0
128,2018-09-28,12.9,13.69,12.89,13.48,4170847.0
129,2018-10-01,13.7,14.09,13.57,13.95,3226414.0
130,2018-10-02,13.4,13.7,12.84,13.31,4114338.0
131,2018-10-03,15.15,15.5,14.03,14.37,18033524.0
132,2018-10-04,14.14,14.44,12.89,13.55,6889488.0
133,2018-10-05,13.37,13.88,12.9,13.35,4572124.0
134,2018-10-08,12.72,13.74,12.65,13.63,3539367.0
135,2018-10-09,13.31,13.54,13.0,13.17,2463082.0
136,2018-10-10,13.26,13.26,12.1,12.42,3842157.0
137,2018-10-11,12.03,12.9,12.02,12.69,3188176.0
138,2018-10-12,13.37,13.85,13.28,13.71,4143761.0
139,2018-10-15,13.28,14.18,13.26,13.95,3159646.0
140,2018-10-16,14.0,14.29,13.26,13.46,4059847.0
141,2018-10-17,13.67,13.72,12.91,13.25,2130168.0
142,2018-10-18,12.91,13.1,12.49,12.61,3150641.0
143,2018-10-19,12.94,13.07,12.37,12.49,1924112.0
144,2018-10-22,13.0,13.07,12.75,13.05,3448785.0
145,2018-10-23,12.67,13.17,12.57,12.97,1836258.0
146,2018-10-24,12.89,12.94,11.87,11.99,3620875.0
147,2018-10-25,12.24,12.63,12.21,12.57,2777951.0
148,2018-10-26,12.25,13.26,12.15,13.17,2576678.0
149,2018-10-29,13.45,13.55,12.26,12.47,2044254.0
150,2018-10-30,12.58,13.4,12.31,13.1,2481228.0
151,2018-10-31,13.63,14.5,13.28,13.5,8966546.0
152,2018-11-01,13.85,15.16,13.03,14.19,12344917.0
153,2018-11-02,14.96,15.18,14.16,14.43,5443863.0
154,2018-11-05,14.4,14.78,14.25,14.36,1709292.0
155,2018-11-06,14.36,15.48,14.35,14.91,4477616.0
156,2018-11-07,15.39,15.44,14.81,15.15,2010586.0
157,2018-11-08,15.06,15.08,14.35,14.49,2149413.0
158,2018-11-09,14.06,14.06,13.32,13.4,2689412.0
159,2018-11-12,13.51,13.71,12.78,12.9,3235926.0
160,2018-11-13,13.33,13.93,13.1,13.77,2395281.0
161,2018-11-14,13.87,14.14,13.54,13.56,1710903.0
162,2018-11-15,13.86,14.79,13.79,14.47,3440254.0
163,2018-11-16,14.2,14.94,13.96,14.5,3597567.0
164,2018-11-19,14.4,14.42,13.02,13.03,5016630.0
165,2018-11-20,13.05,13.9,12.85,13.6,5870685.0
166,2018-11-21,13.79,16.13,13.75,15.14,19460708.0
167,2018-11-23,14.53,15.06,14.2,14.98,2797733.0
168,2018-11-26,15.15,15.36,14.64,14.94,2888446.0
169,2018-11-27,14.7,15.19,14.5,14.97,3099712.0
170,2018-11-28,15.2,16.17,15.03,16.14,5337866.0
171,2018-11-29,15.93,15.95,14.64,14.93,6586986.0
172,2018-11-30,15.15,15.74,14.9,15.61,5782634.0
173,2018-12-03,16.29,16.74,15.32,15.42,5353949.0
174,2018-12-04,15.52,15.7,14.11,14.33,4905445.0
175,2018-12-06,14.03,14.73,13.9,14.68,4840407.0
176,2018-12-07,14.66,15.4,14.52,14.69,3614330.0
177,2018-12-10,14.59,15.09,14.59,14.71,3151261.0
178,2018-12-11,15.02,15.33,14.81,15.05,2029865.0
179,2018-12-12,15.3,15.64,15.17,15.29,3441355.0
180,2018-12-13,15.44,15.57,14.91,14.95,2628208.0
181,2018-12-14,14.8,15.43,14.3,15.22,4102320.0
182,2018-12-17,14.93,14.94,14.22,14.28,3109957.0
183,2018-12-18,14.48,14.8,14.3,14.72,3046842.0
184,2018-12-19,14.8,15.17,14.5,14.55,3241368.0
185,2018-12-20,15.18,15.23,14.05,14.63,7514463.0
186,2018-12-21,15.18,15.5,13.16,13.3,13876784.0
187,2018-12-24,13.04,13.83,12.66,13.71,4584292.0
188,2018-12-26,13.78,13.96,13.27,13.85,3562163.0
189,2018-12-27,13.41,14.2,13.33,14.08,2181366.0
190,2018-12-28,14.04,14.42,13.81,14.37,2762098.0
191,2018-12-31,14.57,15.0,14.4,14.59,2914058.0
192,2019-01-02,14.0,14.63,13.98,14.28,1902084.0
193,2019-01-03,14.19,14.2,12.85,12.95,5039104.0
194,2019-01-04,13.45,13.89,13.4,13.7,2971913.0
195,2019-01-07,13.94,14.37,13.74,14.27,2357990.0
196,2019-01-08,14.52,15.1,14.4,14.78,4795206.0
197,2019-01-09,14.04,16.37,14.01,15.75,7953105.0
198,2019-01-10,15.4,16.6,15.3,16.26,5974627.0
199,2019-01-11,16.02,16.09,15.29,15.36,4050188.0
200,2019-01-14,15.2,15.37,14.71,15.06,2387369.0
201,2019-01-15,15.33,15.8,15.23,15.51,3143336.0
202,2019-01-16,15.77,16.15,15.56,16.03,4318257.0
203,2019-01-17,15.9,16.82,15.75,16.53,3893882.0
204,2019-01-18,16.86,17.09,16.6,16.71,3635078.0
205,2019-01-22,16.16,16.19,15.75,15.93,4493176.0
206,2019-01-23,16.19,16.37,15.84,15.95,3083085.0
207,2019-01-24,16.09,17.18,16.0,16.89,4376022.0
208,2019-01-25,17.22,17.5,16.97,17.44,3763856.0
209,2019-01-28,17.14,18.16,16.8,17.98,4097052.0
210,2019-01-29,17.99,18.38,17.67,17.84,6344326.0
211,2019-01-30,18.19,18.3,17.68,17.76,2807257.0
212,2019-01-31,18.28,18.46,17.96,18.41,5099960.0
213,2019-02-01,18.3,18.61,17.75,17.83,3082335.0
214,2019-02-04,17.89,18.05,17.47,17.7,2415479.0
215,2019-02-05,17.76,18.43,17.66,18.21,2056435.0
216,2019-02-06,18.19,18.48,18.07,18.21,2865631.0
217,2019-02-07,17.99,18.06,16.99,17.18,4054716.0
218,2019-02-08,16.99,17.65,16.43,17.46,1702701.0
219,2019-02-11,17.82,17.95,17.15,17.29,2374967.0
220,2019-02-12,17.51,18.21,17.51,17.86,3905253.0
221,2019-02-13,18.11,18.5,17.96,18.2,2499682.0
222,2019-02-14,18.82,19.2,18.38,18.92,6906852.0
223,2019-02-15,18.5,18.51,17.72,17.74,6521972.0
224,2019-02-19,17.81,18.22,17.77,17.8,3313403.0
225,2019-02-20,18.03,18.75,18.02,18.31,5234750.0
226,2019-02-21,18.46,18.68,17.93,18.14,3018496.0
227,2019-02-22,18.45,19.55,18.42,19.48,7639063.0
228,2019-02-25,20.5,21.0,19.56,20.26,8690174.0
229,2019-02-26,19.67,19.98,19.05,19.73,4506978.0
230,2019-02-27,19.99,20.05,19.43,19.86,5961009.0
231,2019-02-28,20.9,21.5,18.54,18.98,17474476.0
232,2019-03-01,19.11,19.2,17.92,17.98,9815661.0
233,2019-03-04,17.63,19.0,17.57,18.82,10394191.0
234,2019-03-05,18.66,19.32,18.27,19.14,4526035.0
235,2019-03-06,19.0,19.13,18.52,18.66,4299417.0
236,2019-03-07,18.4,18.6,17.67,17.8,3947967.0
237,2019-03-08,17.21,18.2,17.15,17.94,3441173.0
238,2019-03-11,18.12,18.62,17.97,18.6,4642209.0
239,2019-03-12,18.71,19.26,18.63,18.9,3295479.0
240,2019-03-13,18.9,19.1,18.18,18.2,3825889.0
241,2019-03-14,18.3,18.6,18.18,18.5,1640115.0
242,2019-03-15,18.59,18.83,18.5,18.71,2184093.0
243,2019-03-18,18.91,18.95,18.37,18.5,2295806.0
244,2019-03-19,18.57,19.0,18.45,18.65,3482510.0
245,2019-03-20,18.62,18.65,17.72,17.75,5205749.0
246,2019-03-21,17.77,18.06,17.55,17.71,4727078.0
247,2019-03-22,17.6,17.69,17.2,17.21,4250869.0
248,2019-03-25,17.11,17.81,17.05,17.59,1901383.0
249,2019-03-26,17.65,17.9,17.61,17.7,2688300.0
250,2019-03-27,17.71,17.98,17.5,17.71,5441846.0
251,2019-03-28,17.75,18.2,17.67,18.1,3835183.0
252,2019-03-29,18.41,18.97,17.83,18.95,6273476.0
253,2019-04-01,19.24,19.3,18.16,18.8,5938400.0
254,2019-04-02,18.39,18.59,17.99,18.05,9102725.0
255,2019-04-03,18.27,18.6,17.98,18.08,21655865.0
256,2019-04-04,18.03,18.19,16.92,17.23,11663904.0
257,2019-04-05,17.39,18.25,17.24,18.02,7908833.0
258,2019-04-08,17.94,18.14,17.69,17.91,5201498.0
259,2019-04-09,17.92,17.96,17.77,17.84,2435328.0
260,2019-04-10,17.99,17.99,17.42,17.63,2903155.0
261,2019-04-11,17.5,17.77,17.38,17.47,3652918.0
262,2019-04-12,17.82,18.52,17.68,18.32,7307213.0
263,2019-04-15,18.08,18.15,16.88,17.18,8859090.0
264,2019-04-16,17.49,17.55,17.0,17.1,4515073.0
265,2019-04-17,17.26,17.3,16.71,16.93,5296428.0
266,2019-04-18,17.0,17.54,16.96,17.45,3426823.0
267,2019-04-22,17.0,17.75,17.0,17.72,2792624.0
268,2019-04-23,17.62,17.99,17.61,17.73,4245891.0
269,2019-04-24,17.66,17.89,17.19,17.77,2285032.0
270,2019-04-25,17.54,17.65,17.03,17.49,2990605.0
271,2019-04-26,17.47,17.81,17.28,17.78,2252170.0
272,2019-04-29,17.72,17.85,17.41,17.68,2642851.0
273,2019-04-30,17.56,17.9,17.45,17.8,3617379.0
274,2019-05-01,17.9,18.08,17.8,17.83,2544629.0
275,2019-05-02,17.8,18.15,17.52,17.72,2462901.0
276,2019-05-03,17.9,18.31,17.75,18.19,3247587.0
277,2019-05-06,17.35,17.57,17.03,17.4,4826501.0
278,2019-05-07,17.27,17.6,16.97,17.09,3042466.0
279,2019-05-08,17.08,17.39,16.8,17.14,3634362.0
280,2019-05-09,16.71,17.17,16.19,17.14,6096598.0
281,2019-05-10,17.17,17.5,16.58,17.1,3930925.0
282,2019-05-13,16.51,16.65,16.03,16.21,4672888.0
283,2019-05-14,16.69,16.7,14.82,15.39,16739065.0
284,2019-05-15,15.46,15.69,15.19,15.53,4802134.0
285,2019-05-16,15.63,15.97,15.5,15.81,3529931.0
286,2019-05-17,15.53,15.7,15.25,15.35,4076701.0
287,2019-05-20,15.0,15.1,14.43,14.58,4531074.0
288,2019-05-21,14.87,15.04,14.64,14.77,5223542.0
289,2019-05-22,14.73,15.0,14.45,14.69,2483022.0
290,2019-05-23,14.2,14.47,13.83,14.32,4847473.0
291,2019-05-24,14.49,14.55,13.99,14.05,2452900.0
292,2019-05-28,14.37,14.63,13.98,14.01,3617437.0
293,2019-05-29,13.88,14.02,13.66,13.78,3338448.0
294,2019-05-30,13.93,14.05,13.82,13.89,1532667.0
295,2019-05-31,13.63,13.72,13.3,13.5,2886704.0
296,2019-06-03,13.51,13.8,13.23,13.48,5497666.0
297,2019-06-04,13.45,14.28,13.27,14.11,5363839.0
298,2019-06-05,14.42,14.45,13.48,13.99,6164762.0
299,2019-06-06,13.9,14.34,13.73,14.17,2654266.0
300,2019-06-07,14.15,15.1,14.1,14.8,5001950.0
301,2019-06-10,14.91,15.31,14.88,15.06,3584557.0
302,2019-06-11,15.51,15.63,14.55,14.92,5314203.0
303,2019-06-12,14.56,14.78,14.41,14.69,1471258.0
304,2019-06-13,14.62,14.8,14.25,14.48,3091889.0
305,2019-06-14,14.33,14.45,14.01,14.27,2575859.0
306,2019-06-17,14.2,14.58,14.19,14.36,1461415.0
307,2019-06-18,14.59,15.5,14.5,15.16,4473060.0
308,2019-06-19,15.23,15.34,14.95,15.19,955027.0
309,2019-06-20,15.57,15.93,15.48,15.58,3130616.0
310,2019-06-21,15.34,15.57,15.1,15.44,2675592.0
311,2019-06-24,15.44,16.24,15.28,16.07,3683561.0
312,2019-06-25,15.88,16.14,15.47,15.64,2839204.0
313,2019-06-26,15.9,16.23,15.9,15.97,1905405.0
314,2019-06-27,16.07,16.25,15.94,16.1,2739798.0
315,2019-06-28,15.89,16.28,15.82,16.27,1853896.0
316,2019-07-01,16.55,16.82,16.26,16.48,4595557.0
317,2019-07-02,16.42,16.7,16.25,16.61,2952629.0
318,2019-07-03,16.6,16.66,16.3,16.63,1189604.0
319,2019-07-05,16.52,16.8,16.4,16.74,956431.0
320,2019-07-08,16.5,16.61,16.4,16.56,1076327.0
321,2019-07-09,16.3,16.66,16.18,16.6,1391238.0
322,2019-07-10,16.7,16.83,16.48,16.59,2012535.0
323,2019-07-11,16.65,16.7,16.33,16.47,1145810.0
324,2019-07-12,16.6,16.75,16.32,16.4,1399692.0
325,2019-07-15,16.58,16.66,16.41,16.45,1491340.0
326,2019-07-16,16.5,16.55,16.05,16.07,1327736.0
327,2019-07-17,16.1,16.1,15.36,15.58,2816948.0
328,2019-07-18,15.5,15.63,15.06,15.53,1997888.0
329,2019-07-19,15.66,15.8,15.43,15.54,2031837.0
330,2019-07-22,15.78,16.24,15.41,15.56,2588975.0
331,2019-07-23,15.78,16.18,15.7,15.71,4330766.0
332,2019-07-24,15.84,15.95,15.72,15.8,1909910.0
333,2019-07-25,15.87,15.99,15.5,15.7,2056510.0
334,2019-07-26,15.76,16.2,15.75,15.96,1748882.0
335,2019-07-29,16.0,16.15,15.77,16.13,1537400.0
336,2019-07-30,15.9,16.03,15.37,15.49,2580369.0
337,2019-07-31,15.5,15.5,14.9,15.15,3207368.0
338,2019-08-01,15.25,15.49,14.6,14.75,2556340.0
339,2019-08-02,14.7,14.79,14.21,14.72,2139566.0
340,2019-08-05,14.2,14.3,13.61,13.81,7192472.0
341,2019-08-06,14.26,14.54,13.88,13.95,4844680.0
342,2019-08-07,14.16,14.39,13.67,14.04,4303835.0
343,2019-08-08,14.19,14.36,13.94,14.19,2475090.0
344,2019-08-09,14.09,14.11,13.86,13.91,2124911.0
345,2019-08-12,13.75,14.01,13.7,13.84,1691412.0
346,2019-08-13,13.88,14.07,13.73,14.01,4257147.0
347,2019-08-14,13.7,13.96,13.55,13.81,2014357.0
348,2019-08-15,13.92,14.13,13.9,14.01,1029448.0
349,2019-08-16,14.29,14.78,14.28,14.52,2506242.0
350,2019-08-19,14.85,15.01,14.4,14.5,3142865.0
351,2019-08-20,14.42,14.58,14.21,14.31,1698134.0
352,2019-08-21,14.5,14.54,14.32,14.41,1429935.0
353,2019-08-22,14.56,14.74,14.35,14.7,2945799.0
354,2019-08-23,14.58,15.34,14.58,14.7,4215734.0
355,2019-08-26,15.12,15.15,14.0,14.5,7949897.0
356,2019-08-27,14.31,14.9,13.85,13.92,6024598.0
357,2019-08-28,13.81,13.86,13.36,13.53,4263334.0
358,2019-08-29,13.75,14.02,13.58,13.7,2737715.0
359,2019-08-30,13.75,14.25,13.75,14.05,2270094.0
360,2019-09-03,13.81,14.44,13.81,14.16,2756563.0
361,2019-09-04,14.32,14.32,13.7,13.77,4557492.0
362,2019-09-05,14.0,14.65,14.0,14.59,7929794.0
363,2019-09-06,14.7,14.89,14.36,14.46,3313954.0
364,2019-09-09,14.48,14.52,14.24,14.34,1597741.0
365,2019-09-10,14.27,14.9,14.16,14.87,3981630.0
366,2019-09-11,14.98,15.28,14.8,15.21,4430370.0
367,2019-09-12,15.3,15.36,14.91,15.14,3548102.0
368,2019-09-13,15.2,15.28,14.94,15.06,1693398.0
369,2019-09-16,14.9,15.2,14.87,15.0,2288047.0
370,2019-09-17,14.91,15.31,14.83,15.24,1719335.0
371,2019-09-18,15.24,15.35,14.96,15.21,1914814.0
372,2019-09-19,15.24,15.43,15.1,15.1,1789938.0
373,2019-09-20,15.09,15.48,15.03,15.26,2823032.0
374,2019-09-23,15.24,15.33,14.97,15.1,1561155.0
375,2019-09-24,15.1,15.19,14.45,14.6,3472271.0
376,2019-09-25,14.52,14.95,14.41,14.89,2742165.0
377,2019-09-26,14.94,15.13,14.81,15.02,1819041.0
378,2019-09-27,15.05,15.29,14.05,14.33,3479134.0
379,2019-09-30,14.47,14.55,14.07,14.12,1443340.0
380,2019-10-01,14.14,14.2,13.74,13.8,2101798.0
381,2019-10-02,13.69,13.93,13.61,13.8,1917708.0
382,2019-10-03,13.85,14.23,13.64,14.22,1576378.0
383,2019-10-04,14.17,14.25,13.85,13.92,1349219.0
384,2019-10-07,13.88,13.95,13.57,13.64,2390458.0
385,2019-10-08,13.57,13.6,13.23,13.44,2653061.0
386,2019-10-09,13.78,13.82,13.53,13.79,1367404.0
387,2019-10-10,13.81,14.08,13.79,14.01,1448598.0
388,2019-10-11,14.56,14.8,14.32,14.37,2757199.0
389,2019-10-14,14.26,14.43,14.15,14.35,993133.0
390,2019-10-15,14.44,14.63,14.36,14.51,940386.0
391,2019-10-16,14.45,14.56,14.1,14.56,1360209.0
392,2019-10-17,14.63,14.69,14.3,14.35,2954234.0
393,2019-10-18,14.3,14.55,14.25,14.41,1341102.0
394,2019-10-21,14.5,14.89,14.47,14.86,1401702.0
395,2019-10-22,14.86,14.9,14.56,14.56,703206.0
396,2019-10-23,14.55,14.7,14.34,14.42,1149023.0
397,2019-10-24,14.5,15.51,14.5,15.26,4089576.0
398,2019-10-25,15.1,15.61,15.1,15.52,1752904.0
399,2019-10-28,15.56,15.91,15.5,15.72,2350087.0
400,2019-10-29,15.6,15.7,15.43,15.57,1465304.0
401,2019-10-30,15.51,15.75,15.43,15.71,2551320.0
402,2019-10-31,15.69,15.87,15.63,15.79,2226731.0
403,2019-11-01,15.98,16.5,15.9,16.46,4874594.0
404,2019-11-04,16.72,16.78,16.3,16.78,3661965.0
405,2019-11-05,16.78,16.78,16.38,16.42,1969807.0
406,2019-11-06,16.42,16.5,16.29,16.44,1438754.0
407,2019-11-07,16.61,16.96,16.6,16.95,3431009.0
408,2019-11-08,16.91,16.93,16.41,16.58,2977505.0
409,2019-11-11,16.35,16.89,16.3,16.77,2018553.0
410,2019-11-12,16.79,16.88,16.48,16.68,3215991.0
411,2019-11-13,16.58,17.0,16.58,16.77,1927095.0
412,2019-11-14,16.8,16.81,16.2,16.33,1657011.0
413,2019-11-15,16.41,16.72,16.26,16.71,2573770.0
414,2019-11-18,17.01,17.01,16.27,16.38,3997257.0
415,2019-11-19,16.6,16.65,15.18,15.73,9083286.0
416,2019-11-20,15.5,16.63,15.42,16.29,4345729.0
417,2019-11-21,16.34,17.09,16.3,16.92,3826447.0
418,2019-11-22,16.93,16.98,16.56,16.59,2824398.0
419,2019-11-25,16.5,16.94,16.36,16.81,2032897.0
420,2019-11-26,16.84,16.99,16.63,16.8,1137969.0
421,2019-11-27,16.89,17.3,16.81,17.0,2374294.0
422,2019-11-29,16.85,17.3,16.44,17.28,1324851.0
423,2019-12-02,17.2,17.5,17.05,17.41,3101829.0
424,2019-12-03,16.9,17.1,16.47,16.68,3120624.0
425,2019-12-04,16.8,16.89,16.35,16.42,1806910.0
426,2019-12-05,16.54,17.2,16.45,16.95,2859490.0
427,2019-12-06,17.06,17.24,17.02,17.17,1687463.0
428,2019-12-09,17.08,17.39,16.93,16.99,2946405.0
429,2019-12-10,17.11,17.19,16.9,16.96,2079351.0
430,2019-12-11,17.1,17.61,16.99,17.54,1549649.0
431,2019-12-12,17.48,17.83,17.4,17.74,1748123.0
432,2019-12-13,17.75,18.04,17.67,17.9,3535118.0
433,2019-12-16,18.05,18.08,17.78,17.96,1984317.0
434,2019-12-17,18.06,18.06,17.63,17.85,3074840.0
435,2019-12-18,17.86,17.86,17.47,17.69,2692345.0
436,2019-12-19,17.79,18.09,17.61,18.04,2266087.0
437,2019-12-20,18.09,18.5,17.91,17.94,1996996.0
438,2019-12-23,18.0,18.5,17.96,18.42,1856294.0
439,2019-12-24,18.44,18.57,18.34,18.44,982902.0
440,2019-12-26,18.45,18.47,18.24,18.34,1377546.0
441,2019-12-27,18.31,18.4,18.1,18.24,1753394.0
442,2019-12-30,18.2,18.59,18.13,18.45,3092611.0
443,2019-12-31,18.55,19.17,18.48,18.62,2975337.0
444,2020-01-02,19.47,21.89,19.3,20.95,12668433.0
445,2020-01-03,20.55,22.59,20.53,22.08,11527683.0
446,2020-01-06,21.46,23.45,21.41,23.21,10697725.0
447,2020-01-07,23.17,23.2,22.42,23.13,7433638.0
448,2020-01-08,22.92,23.91,22.19,23.84,7888430.0
449,2020-01-09,24.29,24.47,22.87,23.16,8428564.0
450,2020-01-10,22.57,22.59,20.83,21.55,11029149.0
451,2020-01-13,22.35,22.83,21.85,21.99,7116941.0
452,2020-01-14,22.0,23.02,21.98,22.87,5566389.0
453,2020-01-15,22.93,23.27,22.76,23.03,4048414.0
454,2020-01-16,23.58,23.6,22.76,22.97,3052817.0
455,2020-01-17,23.11,23.16,22.41,22.8,6592487.0
456,2020-01-21,22.51,23.25,22.14,22.61,6813704.0
457,2020-01-22,22.8,23.06,22.52,22.53,4416419.0
458,2020-01-23,22.0,22.66,21.75,22.51,3872401.0
459,2020-01-24,22.87,23.08,21.59,21.82,4052933.0
460,2020-01-27,20.85,22.47,20.61,22.3,4487865.0
461,2020-01-28,22.61,22.78,21.99,22.41,3137768.0
462,2020-01-29,22.59,22.61,22.04,22.38,2125557.0
463,2020-01-30,22.08,22.24,20.78,21.26,4479859.0
464,2020-01-31,21.28,21.7,21.13,21.55,4057972.0
465,2020-02-03,21.55,23.3,21.51,23.04,6806653.0
466,2020-02-04,23.78,23.98,23.26,23.58,4123154.0
467,2020-02-05,24.1,24.17,22.76,23.26,5373666.0
468,2020-02-06,23.66,26.72,23.16,26.34,11637499.0
469,2020-02-07,26.02,26.22,24.52,24.99,7705227.0
470,2020-02-10,25.89,26.17,24.83,25.46,8481162.0
471,2020-02-11,25.76,27.55,25.76,26.55,9339288.0
472,2020-02-12,27.55,28.16,27.06,27.53,7957293.0
473,2020-02-13,27.44,28.54,27.36,27.76,6367192.0
474,2020-02-14,28.28,28.95,27.83,28.69,5146999.0
475,2020-02-18,29.0,29.01,26.65,27.13,11446657.0
476,2020-02-19,27.37,27.95,27.37,27.72,3682453.0
477,2020-02-20,27.98,28.41,27.0,27.94,4955163.0
478,2020-02-21,27.99,27.99,26.72,26.88,5897269.0
479,2020-02-24,25.7,27.14,25.28,26.92,6715292.0
480,2020-02-25,27.6,27.98,26.58,26.72,8947230.0
481,2020-02-26,27.6,29.28,27.07,27.57,11280883.0
482,2020-02-27,27.0,27.29,25.76,26.63,5991125.0
483,2020-02-28,25.5,26.15,24.56,25.68,8621063.0
484,2020-03-02,26.48,27.25,25.86,27.23,6444504.0
485,2020-03-03,27.42,27.57,25.85,26.24,5497062.0
486,2020-03-04,26.77,27.57,26.72,27.55,4342836.0
487,2020-03-05,27.11,28.27,27.07,28.11,5839160.0
488,2020-03-06,27.25,27.87,25.93,26.68,6600677.0
489,2020-03-09,24.76,25.98,23.7,25.12,6248248.0
490,2020-03-10,26.21,26.6,25.11,26.0,4025345.0
491,2020-03-11,25.45,26.71,25.16,25.67,4809088.0
492,2020-03-12,23.98,24.25,22.84,23.8,8105217.0
493,2020-03-13,25.0,25.4,22.23,23.37,6556819.0
494,2020-03-16,21.11,23.16,20.0,22.16,4817733.0
495,2020-03-17,23.05,24.76,21.3,24.35,7198780.0
496,2020-03-18,22.04,23.9,19.25,21.01,13855377.0
497,2020-03-19,21.3,21.95,20.0,20.84,7021868.0
498,2020-03-20,21.8,21.93,20.0,20.19,5956952.0
499,2020-03-23,20.0,20.56,19.45,20.26,5392548.0
500,2020-03-24,21.35,22.82,21.13,22.2,7557709.0
501,2020-03-25,22.62,23.98,22.5,22.87,6298054.0
502,2020-03-26,23.07,23.84,22.66,23.04,3567159.0
503,2020-03-27,22.17,22.8,22.05,22.11,3315404.0
504,2020-03-30,22.4,23.25,22.15,22.96,3996337.0
505,2020-03-31,22.91,24.75,22.51,23.42,5230167.0
506,2020-04-01,23.11,24.85,23.11,24.06,3789907.0
507,2020-04-02,23.98,24.58,23.24,24.42,4884990.0
508,2020-04-03,24.31,24.7,23.61,24.11,3329251.0
509,2020-04-06,24.91,25.59,24.72,25.56,3811892.0
510,2020-04-07,26.11,26.9,25.54,26.49,5859431.0
511,2020-04-08,25.84,26.5,24.4,26.2,5526434.0
512,2020-04-09,27.85,29.74,26.3,26.83,10328453.0
513,2020-04-13,27.03,27.12,25.81,26.21,5070398.0
514,2020-04-14,27.0,27.87,26.79,27.48,6749714.0
515,2020-04-15,27.0,28.45,26.82,28.1,3114770.0
516,2020-04-16,28.38,29.42,28.05,28.78,4294273.0
517,2020-04-17,29.3,29.7,28.37,29.0,4889213.0
518,2020-04-20,28.69,30.3,28.44,29.68,4052074.0
519,2020-04-21,29.22,29.94,27.92,28.57,4705479.0
520,2020-04-22,29.23,30.5,29.2,30.2,3683327.0
521,2020-04-23,29.96,30.01,27.5,28.01,9417385.0
522,2020-04-24,27.99,27.99,27.32,27.74,6471682.0
523,2020-04-27,28.33,28.34,27.59,27.71,5371924.0
524,2020-04-28,28.08,28.1,26.61,26.96,4211400.0
525,2020-04-29,27.55,27.96,27.21,27.76,2745689.0
526,2020-04-30,27.54,28.31,27.09,27.39,3365699.0
527,2020-05-01,26.58,26.85,25.0,25.14,7351549.0
528,2020-05-04,26.36,27.1,26.05,26.53,5052218.0
529,2020-05-05,27.28,28.01,27.26,27.51,3633667.0
530,2020-05-06,28.03,28.57,27.91,27.98,2815444.0
531,2020-05-07,28.5,28.76,27.89,28.65,3883873.0
532,2020-05-08,28.82,29.84,28.62,29.0,3284513.0
533,2020-05-11,28.76,29.19,28.08,28.68,3598303.0
534,2020-05-12,28.88,30.13,28.63,29.24,3650279.0
535,2020-05-13,29.94,31.17,29.82,30.68,6841523.0
536,2020-05-14,30.22,31.12,28.65,31.03,5343693.0
537,2020-05-15,30.24,31.62,30.1,30.88,5019220.0
538,2020-05-18,32.0,34.1,31.86,33.66,9342671.0
539,2020-05-19,33.05,36.26,31.36,35.22,15117145.0
540,2020-05-20,35.9,36.47,32.15,32.7,11201820.0
541,2020-05-21,31.93,34.02,31.5,33.93,7564260.0
542,2020-05-22,32.4,33.39,31.55,33.04,5388219.0
543,2020-05-26,33.91,34.7,33.06,33.13,3563239.0
544,2020-05-27,34.08,34.19,30.88,32.3,6215916.0
545,2020-05-28,31.34,33.02,30.54,30.74,8346671.0
546,2020-05-29,30.86,32.77,30.44,32.43,19156425.0
547,2020-06-01,32.44,33.33,32.32,33.06,4416543.0
548,2020-06-02,33.39,34.2,32.41,34.19,5899008.0
549,2020-06-03,34.54,34.54,33.31,34.15,4703282.0
550,2020-06-04,34.2,34.5,33.28,33.56,4179308.0
551,2020-06-05,33.9,34.54,33.11,34.5,5915049.0
552,2020-06-08,34.68,35.7,33.84,34.96,5138307.0
553,2020-06-09,34.71,35.09,33.79,33.87,3618329.0
554,2020-06-10,34.12,35.79,33.94,35.48,4690921.0
555,2020-06-11,34.11,35.13,33.59,33.9,4038818.0
556,2020-06-12,34.98,36.01,34.29,35.87,5585476.0
557,2020-06-15,35.06,38.54,35.02,38.21,7569949.0
558,2020-06-16,39.75,40.0,38.33,39.34,6397933.0
559,2020-06-17,39.6,42.0,39.08,41.11,6371868.0
560,2020-06-18,41.28,42.8,40.7,42.61,7089020.0
561,2020-06-19,44.19,45.95,43.65,44.72,15148433.0
562,2020-06-22,45.0,45.03,41.54,42.89,8230767.0
563,2020-06-23,43.74,45.34,43.27,44.64,5023871.0
564,2020-06-24,44.77,44.96,42.55,44.03,5074522.0
565,2020-06-25,43.45,44.61,43.45,44.57,2616321.0
566,2020-06-26,44.86,45.44,43.64,44.52,3748247.0
567,2020-06-29,44.03,46.17,43.59,45.5,5393835.0
568,2020-06-30,45.3,47.92,45.3,46.32,5950831.0
569,2020-07-01,46.77,47.44,46.03,47.15,3578355.0
570,2020-07-02,48.42,49.19,47.81,48.18,4361878.0
571,2020-07-06,51.17,51.25,43.4,44.14,22247807.0
572,2020-07-07,45.09,46.56,43.5,46.23,9304853.0
573,2020-07-08,47.75,48.35,45.1,46.67,7152604.0
574,2020-07-09,49.29,49.5,46.71,48.23,7391471.0
575,2020-07-10,47.79,48.21,46.13,47.55,4514695.0
576,2020-07-13,48.19,49.37,45.0,45.31,6852136.0
577,2020-07-14,43.95,44.13,41.3,43.98,9998152.0
578,2020-07-15,44.65,44.67,42.66,43.22,4293625.0
579,2020-07-16,40.82,42.79,40.38,42.54,9050279.0
580,2020-07-17,42.25,42.58,41.53,41.9,3440320.0
581,2020-07-20,42.15,42.58,40.81,42.38,5145853.0
582,2020-07-21,44.0,45.36,43.5,44.16,7574738.0
583,2020-07-22,43.26,45.0,41.78,42.31,4857844.0
584,2020-07-23,43.22,43.49,40.62,41.0,6635328.0
585,2020-07-24,39.01,40.32,38.54,40.1,5854655.0
586,2020-07-27,40.08,41.41,39.66,41.32,3403838.0
587,2020-07-28,41.54,42.63,40.76,40.86,2815597.0
588,2020-07-29,41.35,42.32,41.1,41.77,3115195.0
589,2020-07-30,41.38,42.12,40.77,41.3,1982582.0
590,2020-07-31,41.8,43.65,41.45,43.58,5784797.0
591,2020-08-03,44.79,47.62,44.41,46.03,8228891.0
592,2020-08-04,46.0,46.59,44.57,45.19,4517172.0
593,2020-08-05,45.95,46.23,44.94,45.52,3716651.0
594,2020-08-06,46.21,46.45,43.44,44.44,4354666.0
595,2020-08-07,42.71,43.2,40.77,41.61,7229936.0
596,2020-08-10,42.0,42.07,40.24,41.0,5301611.0
597,2020-08-11,41.29,41.43,40.12,40.34,3668095.0
598,2020-08-12,40.73,41.42,40.28,40.94,2644239.0
599,2020-08-13,41.6,42.19,41.12,41.75,3805695.0
600,2020-08-14,41.94,42.42,40.9,41.58,2892666.0
601,2020-08-17,42.11,43.6,41.96,43.49,2865957.0
602,2020-08-18,43.81,45.44,43.81,45.31,4733528.0
603,2020-08-19,44.98,45.8,44.38,45.27,3065974.0
604,2020-08-20,45.0,45.67,44.69,45.07,2200012.0
605,2020-08-21,44.57,45.62,44.55,44.99,2832092.0
606,2020-08-24,46.32,48.34,45.64,46.12,5652996.0
607,2020-08-25,45.91,47.3,45.05,47.0,5175581.0
608,2020-08-26,47.29,49.98,47.24,48.72,7254095.0
609,2020-08-27,45.78,46.38,43.8,45.14,12618375.0
610,2020-08-28,45.71,48.86,45.51,47.39,7699282.0
611,2020-08-31,47.11,49.89,46.72,47.25,7712132.0
612,2020-09-01,48.38,52.65,47.76,52.25,10174749.0
613,2020-09-02,53.0,54.0,49.6,50.88,5507226.0
614,2020-09-03,49.0,49.25,46.51,47.27,5698004.0
615,2020-09-04,46.97,48.0,43.94,47.02,6282176.0
616,2020-09-08,44.5,45.59,42.92,44.39,6337098.0
617,2020-09-09,45.2,45.55,44.11,45.1,2912000.0
618,2020-09-10,44.92,45.74,42.71,42.97,4390974.0
619,2020-09-11,43.77,44.44,42.38,43.02,2846747.0
620,2020-09-14,43.65,44.64,43.21,43.95,3478308.0
621,2020-09-15,45.0,46.39,44.9,45.39,5054450.0
622,2020-09-16,45.52,45.65,43.74,44.15,3193146.0
623,2020-09-17,42.77,44.23,42.54,44.22,3493392.0
624,2020-09-18,44.47,44.55,41.64,43.08,5182525.0
625,2020-09-21,41.67,43.13,41.4,43.09,3246903.0
626,2020-09-22,43.34,43.55,42.4,43.31,2941037.0
627,2020-09-23,43.02,43.15,41.22,41.85,2660964.0
628,2020-09-24,41.43,42.26,40.4,41.89,3312570.0
629,2020-09-25,41.66,42.45,41.22,42.2,2577513.0
630,2020-09-28,42.62,43.01,40.89,41.81,2823926.0
631,2020-09-29,41.82,41.96,40.41,40.66,2848350.0
632,2020-09-30,40.78,42.37,40.61,41.6,2876993.0
633,2020-10-01,42.35,43.02,41.63,42.51,3063378.0
634,2020-10-02,41.2,42.25,41.1,41.8,1936141.0
635,2020-10-05,42.5,45.55,42.4,45.1,7036140.0
636,2020-10-06,46.25,48.45,45.79,48.17,8171961.0
637,2020-10-07,48.13,48.7,47.47,47.67,3126258.0
638,2020-10-08,48.41,48.41,46.0,46.6,2573977.0
639,2020-10-09,47.26,48.56,46.84,48.42,2132144.0
640,2020-10-12,49.43,49.57,47.46,47.88,3170427.0
641,2020-10-13,48.57,48.93,46.81,47.66,2064265.0
642,2020-10-14,46.71,46.8,43.6,43.69,8151728.0
643,2020-10-15,44.17,44.19,43.06,43.76,3621945.0
644,2020-10-16,44.78,44.78,43.25,43.82,3448639.0
645,2020-10-19,44.0,45.14,43.79,44.0,4005541.0
646,2020-10-20,44.25,45.49,44.07,45.24,3075625.0
647,2020-10-21,45.38,45.93,44.65,45.16,3502829.0
648,2020-10-22,45.98,46.07,44.11,45.3,3561785.0
649,2020-10-23,45.4,45.47,43.93,44.44,4761878.0
650,2020-10-26,43.78,45.0,43.73,45.0,2775270.0
651,2020-10-27,45.0,45.98,44.67,45.82,2791914.0
652,2020-10-28,45.2,45.4,43.61,44.37,4176635.0
653,2020-10-29,45.03,47.37,44.85,46.41,3515938.0
654,2020-10-30,45.4,46.69,44.32,44.67,2884659.0
655,2020-11-02,45.15,45.31,43.21,44.46,2468335.0
656,2020-11-03,43.97,45.13,42.92,44.62,1980108.0
657,2020-11-04,45.58,48.28,45.58,48.16,6741233.0
658,2020-11-05,49.0,49.18,44.6,46.06,8589448.0
659,2020-11-06,46.05,48.94,45.1,48.87,7054654.0
660,2020-11-09,49.78,49.79,46.01,46.04,5775829.0
661,2020-11-10,45.48,45.81,42.7,43.7,8128445.0
662,2020-11-11,44.42,45.66,43.64,44.2,5303549.0
663,2020-11-12,45.54,46.55,43.88,45.9,5036197.0
664,2020-11-13,46.35,49.06,46.22,48.9,6033424.0
665,2020-11-16,49.39,51.0,49.17,50.05,6925845.0
666,2020-11-17,50.0,51.1,49.06,50.05,3893652.0
667,2020-11-18,49.65,49.85,47.15,47.85,7235233.0
668,2020-11-19,49.94,59.38,49.4,58.46,24292970.0
669,2020-11-20,59.35,61.75,57.78,60.0,9662616.0
670,2020-11-23,61.17,63.33,60.32,63.32,6675183.0
671,2020-11-24,64.0,64.46,61.74,62.84,4216716.0
672,2020-11-25,60.72,62.47,60.4,62.01,3245116.0
673,2020-11-27,63.01,65.49,62.3,64.86,2870430.0
674,2020-11-30,63.45,65.04,61.76,62.86,4807614.0
675,2020-12-01,63.5,63.67,60.34,60.82,3589673.0
676,2020-12-02,59.07,62.19,58.56,61.79,2865587.0
677,2020-12-03,61.99,64.6,61.85,62.33,2886072.0
678,2020-12-04,62.66,68.37,62.65,67.79,5659282.0
679,2020-12-07,68.56,74.0,67.68,72.55,8277181.0
680,2020-12-08,72.8,75.94,72.72,75.3,4010366.0
681,2020-12-09,77.28,77.93,71.89,73.06,6385916.0
682,2020-12-10,72.67,75.97,71.92,75.71,4288988.0
683,2020-12-11,76.49,81.98,75.19,75.91,9424516.0
684,2020-12-14,78.41,80.87,77.04,78.2,5022635.0
685,2020-12-15,80.65,80.8,76.0,76.66,3899897.0
686,2020-12-16,77.97,81.81,77.97,78.83,3695330.0
687,2020-12-17,79.41,82.84,78.6,82.19,3776148.0
688,2020-12-18,84.19,86.6,83.15,84.68,6035904.0
689,2020-12-21,83.8,88.87,83.38,87.61,7351734.0
690,2020-12-22,89.62,90.19,84.83,85.88,3562995.0
691,2020-12-23,87.0,87.26,81.08,82.78,4371597.0
692,2020-12-24,81.71,83.23,78.6,82.01,3531664.0
693,2020-12-28,82.03,83.72,78.88,81.38,3433075.0
694,2020-12-29,82.3,84.54,81.13,82.45,3004775.0
695,2020-12-30,87.07,95.71,86.78,94.35,9775618.0
696,2020-12-31,94.5,94.5,85.09,85.72,11629237.0
697,2021-01-04,90.54,96.18,90.45,94.74,7910283.0
698,2021-01-05,97.15,103.65,96.2,102.46,9699051.0
699,2021-01-06,100.34,108.05,98.6,105.6,8360707.0
700,2021-01-07,105.6,112.55,105.5,111.4,7374174.0
701,2021-01-08,114.74,120.8,113.98,118.47,9468775.0
702,2021-01-11,114.39,116.83,111.2,112.47,7728468.0
703,2021-01-12,118.26,119.99,113.6,115.44,3335933.0
704,2021-01-13,115.24,120.93,113.23,119.31,3608594.0
705,2021-01-14,121.85,129.4,121.31,123.22,8001981.0
706,2021-01-15,125.47,126.71,120.0,122.63,4520275.0
707,2021-01-19,127.69,134.28,126.37,127.88,7757098.0
708,2021-01-20,134.3,137.35,127.33,127.8,6129799.0
709,2021-01-21,129.15,130.5,121.77,123.88,5942340.0
710,2021-01-22,123.47,134.07,122.8,133.75,6806508.0
711,2021-01-25,142.55,144.46,129.43,134.27,8581215.0
712,2021-01-26,134.87,134.87,124.66,126.0,5582646.0
713,2021-01-27,122.17,125.07,116.34,120.43,7901399.0
714,2021-01-28,119.11,124.8,116.89,119.0,8159362.0
715,2021-01-29,118.38,119.88,113.33,113.89,9859973.0
716,2021-02-01,120.98,122.33,116.81,121.64,8452998.0
717,2021-02-02,127.99,131.99,121.62,129.98,6234415.0
718,2021-02-03,133.27,136.5,129.35,135.19,6209196.0
719,2021-02-04,150.35,150.35,140.18,142.57,9308397.0
720,2021-02-05,143.3,144.04,134.22,138.98,6692314.0
721,2021-02-08,141.0,146.22,140.38,144.04,4503732.0
722,2021-02-09,143.67,146.98,138.38,140.12,5740970.0
723,2021-02-10,135.5,157.62,133.7,156.37,12312068.0
724,2021-02-11,156.45,157.66,148.39,148.52,4830921.0
725,2021-02-12,144.98,155.04,144.7,153.12,2660275.0
726,2021-02-16,156.39,157.4,145.37,148.84,5416982.0
727,2021-02-17,149.29,153.57,143.8,146.84,4580896.0
728,2021-02-18,140.0,144.4,139.21,143.47,3901225.0
729,2021-02-19,146.89,151.79,141.97,143.6,4785366.0
730,2021-02-22,135.88,139.93,128.2,129.11,7583269.0
731,2021-02-23,125.3,129.97,114.98,129.26,9044201.0
732,2021-02-24,126.7,128.65,118.83,127.14,6652117.0
733,2021-02-25,140.69,147.71,130.4,131.84,18432280.0
734,2021-02-26,132.04,136.09,121.09,125.97,9149958.0
735,2021-03-01,132.95,145.49,130.53,144.67,8027162.0
736,2021-03-02,139.92,144.45,137.0,137.94,4718782.0
737,2021-03-03,140.55,145.91,137.0,138.78,5678890.0
738,2021-03-04,134.66,136.39,122.0,126.66,11326640.0
739,2021-03-05,128.39,128.39,110.0,118.84,12049911.0
740,2021-03-08,111.0,114.0,97.41,98.59,16406104.0
741,2021-03-09,104.15,110.79,104.01,107.4,11670397.0
742,2021-03-10,110.62,112.66,101.81,103.1,9293328.0
743,2021-03-11,112.85,114.47,108.11,110.44,9068547.0
744,2021-03-12,106.18,110.88,105.53,109.99,4187474.0
745,2021-03-15,107.71,112.8,107.2,111.65,3426130.0
746,2021-03-16,116.3,119.83,111.78,113.31,7709656.0
747,2021-03-17,111.49,112.25,103.73,111.35,7730882.0
748,2021-03-18,110.5,113.68,108.38,108.82,3624179.0
749,2021-03-19,108.95,111.2,107.12,108.86,3868326.0
750,2021-03-22,109.35,110.25,104.31,106.88,5604710.0
751,2021-03-23,105.63,107.5,104.95,105.99,5330742.0
752,2021-03-24,104.73,106.0,94.59,95.7,14206733.0
753,2021-03-25,90.85,96.89,90.0,95.65,6910336.0
754,2021-03-26,95.49,101.74,91.26,97.08,9639760.0
755,2021-03-29,99.33,104.05,98.1,101.54,15293030.0
756,2021-03-30,101.53,107.26,100.04,105.05,5813750.0
757,2021-03-31,107.6,108.38,104.2,107.06,4572925.0
758,2021-04-01,113.09,117.88,110.85,111.98,5500879.0
759,2021-04-05,112.62,113.3,107.77,110.42,2872921.0
760,2021-04-06,110.0,115.28,109.78,114.15,3521021.0
761,2021-04-07,109.26,110.52,106.19,106.75,7207924.0
762,2021-04-08,110.11,110.86,108.15,109.15,2630576.0
763,2021-04-09,108.0,108.18,104.19,105.8,3723873.0
764,2021-04-12,103.9,104.07,101.25,103.0,2710894.0
765,2021-04-13,103.79,105.29,101.58,104.43,2396373.0
766,2021-04-14,105.6,106.09,102.51,103.04,2424250.0
767,2021-04-15,103.92,104.15,101.41,103.0,2703459.0
768,2021-04-16,103.65,103.99,102.12,103.48,2577784.0
769,2021-04-19,104.36,107.96,103.65,105.72,3275656.0
770,2021-04-20,105.28,105.37,98.38,100.64,4781955.0
771,2021-04-21,99.93,105.2,98.76,104.16,3185150.0
772,2021-04-22,104.69,111.39,104.51,108.15,4838885.0
773,2021-04-23,110.34,117.85,110.34,116.66,6113418.0
774,2021-04-26,115.22,118.69,114.21,118.46,3294863.0
775,2021-04-27,119.72,122.73,117.84,120.16,4438252.0
776,2021-04-28,121.45,122.41,119.63,120.64,2626260.0
777,2021-04-29,119.87,120.64,112.79,114.62,4084599.0
778,2021-04-30,112.23,114.59,110.26,110.86,4328488.0
779,2021-05-03,110.13,110.25,105.42,106.13,3755072.0
780,2021-05-04,106.77,108.58,103.77,106.34,4031977.0
781,2021-05-05,106.61,108.85,104.52,105.07,2381092.0
782,2021-05-06,106.0,106.54,101.0,104.11,3157165.0
783,2021-05-07,104.77,105.94,100.6,101.67,2969120.0
784,2021-05-10,99.19,99.31,93.41,94.64,6189024.0
785,2021-05-11,92.13,98.31,90.87,97.85,3808344.0
786,2021-05-12,98.64,98.64,92.88,93.9,5539971.0
787,2021-05-13,96.47,99.67,84.4,87.49,9325228.0
788,2021-05-14,91.0,98.0,89.34,96.87,7448612.0
789,2021-05-17,96.9,99.9,94.72,98.24,4564329.0
790,2021-05-18,99.9,104.41,99.49,101.06,3787457.0
791,2021-05-19,97.64,102.95,97.02,102.46,2870360.0
792,2021-05-20,104.02,107.06,101.6,102.8,5084762.0
793,2021-05-21,103.54,103.99,101.59,102.43,3185740.0
794,2021-05-24,102.09,103.8,100.7,101.18,5127176.0
795,2021-05-25,104.19,104.88,101.54,102.47,4075435.0
796,2021-05-26,103.23,105.19,102.61,103.6,5069628.0
797,2021-05-27,104.79,104.79,99.92,104.0,8593224.0
798,2021-05-28,102.94,108.25,102.49,107.18,3643462.0
799,2021-06-01,111.04,114.99,110.42,113.53,5227277.0
800,2021-06-02,114.25,115.9,110.19,111.93,4687846.0
801,2021-06-03,109.59,109.59,105.11,105.24,3504159.0
802,2021-06-04,106.78,109.25,105.63,108.93,2446293.0
803,2021-06-07,106.21,107.25,103.51,104.63,2439155.0
804,2021-06-08,105.15,108.96,105.15,107.75,2754230.0
805,2021-06-09,108.65,111.06,107.01,107.04,1921999.0
806,2021-06-10,107.5,112.5,106.31,112.21,3523823.0
807,2021-06-11,110.62,112.12,109.91,111.41,2712231.0
808,2021-06-14,111.51,116.79,111.5,115.45,3611467.0
809,2021-06-15,113.7,114.05,110.65,111.11,1971200.0
810,2021-06-16,108.78,112.12,108.5,111.45,2765572.0
811,2021-06-17,110.56,114.99,110.4,114.39,2539301.0
812,2021-06-18,114.97,119.19,114.56,118.38,10606010.0
813,2021-06-21,117.11,117.75,111.83,113.58,3092114.0
814,2021-06-22,111.27,111.27,108.6,110.13,4685232.0
815,2021-06-23,110.5,116.99,110.2,114.36,2868121.0
816,2021-06-24,115.42,121.99,115.42,121.59,4589304.0
817,2021-06-25,122.5,128.7,121.26,124.45,7137034.0
818,2021-06-28,127.5,129.24,123.54,126.85,2693844.0
819,2021-06-29,124.34,126.96,121.83,125.56,2772218.0
820,2021-06-30,123.6,124.11,121.7,121.84,1667596.0
821,2021-07-01,122.57,124.39,118.7,121.11,2753073.0
822,2021-07-02,119.03,122.43,117.28,119.58,2159838.0
823,2021-07-06,113.2,113.49,107.74,108.66,5952807.0
824,2021-07-07,110.5,111.24,103.04,103.98,4712529.0
825,2021-07-08,100.88,101.39,97.98,100.2,5982873.0
826,2021-07-09,105.06,107.1,102.3,106.74,8200968.0
827,2021-07-12,107.34,108.34,104.46,106.98,2363841.0
828,2021-07-13,110.49,112.68,108.22,110.38,4022540.0
829,2021-07-14,111.07,111.63,107.91,108.59,2190843.0
830,2021-07-15,109.08,114.28,108.48,110.12,3376796.0
831,2021-07-16,110.93,111.5,108.17,109.01,1579621.0
832,2021-07-19,106.08,108.92,104.43,108.48,2288474.0
833,2021-07-20,108.33,112.5,106.99,111.92,1862942.0
834,2021-07-21,110.53,116.18,110.2,115.58,2854986.0
835,2021-07-22,112.6,112.6,107.91,108.66,6764311.0
836,2021-07-23,100.04,100.55,90.81,95.21,15424918.0
837,2021-07-26,88.05,91.32,85.71,87.46,12304245.0
838,2021-07-27,80.84,85.48,79.07,82.73,15408156.0
839,2021-07-28,86.97,95.95,86.65,92.56,10074448.0
840,2021-07-29,93.38,93.7,88.68,89.38,5803299.0
841,2021-07-30,83.54,86.41,82.58,85.58,5440387.0
842,2021-08-02,85.69,92.5,84.96,90.38,4778068.0
843,2021-08-03,83.6,84.83,81.18,84.0,7142653.0
844,2021-08-04,84.67,86.11,82.1,82.91,3657250.0
845,2021-08-05,80.12,81.52,78.73,80.34,5892821.0
846,2021-08-06,80.7,81.34,77.56,78.68,4790494.0
847,2021-08-09,79.68,83.16,76.25,82.0,3984978.0
848,2021-08-10,84.93,85.15,79.76,80.19,6795299.0
849,2021-08-11,80.61,81.08,78.22,80.37,3729213.0
850,2021-08-12,79.3,80.33,77.88,79.94,4328561.0
851,2021-08-13,78.27,78.27,73.81,74.1,6633952.0
852,2021-08-16,71.93,72.52,69.1,69.46,6544204.0
853,2021-08-17,66.5,69.58,64.15,67.78,8000073.0
854,2021-08-18,70.35,70.35,66.51,68.46,4173844.0
855,2021-08-19,65.27,66.68,61.63,64.33,9319410.0
856,2021-08-20,65.13,70.49,65.11,66.54,7478829.0
857,2021-08-23,68.81,71.5,67.57,70.12,6942669.0
858,2021-08-24,75.19,78.8,75.0,78.41,9824387.0
859,2021-08-25,76.4,79.89,76.13,79.62,5368614.0
860,2021-08-26,77.63,79.32,76.56,77.49,4661813.0
861,2021-08-27,76.48,76.89,74.44,75.33,4522518.0
862,2021-08-30,70.2,74.62,70.0,74.13,7377972.0
863,2021-08-31,76.27,80.24,75.11,80.23,7722367.0
864,2021-09-01,82.52,87.49,81.75,84.56,9110956.0
865,2021-09-02,85.47,86.48,82.46,83.73,4284523.0
866,2021-09-03,84.93,87.26,84.55,85.95,3029562.0
867,2021-09-07,90.8,93.47,90.43,91.14,6874091.0
868,2021-09-08,87.66,88.65,84.22,85.8,5515078.0
869,2021-09-09,79.27,84.24,78.15,83.83,6479057.0
870,2021-09-10,84.69,86.16,82.89,83.46,2826800.0
871,2021-09-13,81.64,82.09,79.08,80.53,3563213.0
872,2021-09-14,78.93,80.35,78.39,79.5,2052036.0
873,2021-09-15,76.76,76.78,73.88,76.24,4851094.0
874,2021-09-16,73.7,74.56,71.69,72.72,6547650.0
875,2021-09-17,74.73,75.12,72.36,74.44,4168252.0
876,2021-09-20,71.07,73.33,68.64,69.78,4432248.0
877,2021-09-21,71.02,71.48,69.35,70.56,2526723.0
878,2021-09-22,71.12,74.91,71.12,73.78,3334044.0
879,2021-09-23,74.56,74.78,72.05,74.34,2964633.0
880,2021-09-24,71.3,72.19,70.04,70.73,2887977.0
881,2021-09-27,70.0,72.15,67.84,71.36,3630693.0
882,2021-09-28,70.29,70.65,66.19,66.54,7133605.0
883,2021-09-29,66.63,68.0,64.24,64.38,6158436.0
884,2021-09-30,64.97,66.88,63.91,66.17,3793683.0
885,2021-10-01,66.69,66.84,63.3,64.88,2031050.0
886,2021-10-04,64.0,64.0,60.47,61.99,4857518.0
887,2021-10-05,62.64,65.57,62.07,64.5,2710077.0
888,2021-10-06,62.72,65.16,62.41,64.27,2128557.0
889,2021-10-07,68.03,71.96,67.95,70.4,5389032.0
890,2021-10-08,71.53,72.0,69.9,70.96,2535673.0
891,2021-10-11,73.2,73.2,70.46,70.56,2276866.0
892,2021-10-12,69.66,71.56,68.73,69.0,2400959.0
893,2021-10-13,69.59,71.44,68.89,71.34,1704745.0
894,2021-10-14,70.2,70.99,68.12,69.52,1999837.0
895,2021-10-15,70.79,70.79,68.69,70.09,4687668.0
896,2021-10-18,71.65,77.15,70.79,75.04,5419813.0
897,2021-10-19,78.21,81.49,77.9,80.76,6878975.0
898,2021-10-20,82.96,83.0,79.82,82.41,5756013.0
899,2021-10-21,80.75,83.8,80.75,82.62,3796175.0
900,2021-10-22,83.35,84.18,81.31,82.1,2530113.0
901,2021-10-25,83.0,83.2,80.75,80.97,2051204.0
902,2021-10-26,80.0,80.45,74.71,76.14,3892189.0
903,2021-10-27,74.78,78.6,74.47,76.65,2591492.0
904,2021-10-28,74.33,76.66,74.2,76.45,2188268.0
905,2021-10-29,75.75,76.49,73.17,73.3,2716289.0
906,2021-11-01,74.05,80.97,74.01,80.69,3417679.0
907,2021-11-02,76.6,78.19,76.2,77.93,2324209.0
908,2021-11-03,78.5,79.37,77.55,79.2,1472840.0
909,2021-11-04,80.5,80.96,75.22,75.48,3469693.0
910,2021-11-05,76.27,76.72,73.97,74.82,1912775.0
911,2021-11-08,76.31,78.42,76.31,77.33,1801829.0
912,2021-11-09,78.17,78.8,75.5,77.43,1704984.0
913,2021-11-10,80.0,84.29,78.65,81.31,4171729.0
914,2021-11-11,84.5,87.4,84.0,84.83,3622501.0
915,2021-11-12,83.84,87.0,83.67,86.05,2323251.0
916,2021-11-15,86.56,87.65,83.72,85.35,2675156.0
917,2021-11-16,88.36,89.8,87.11,89.02,4090535.0
918,2021-11-17,85.51,85.64,80.1,81.03,6883792.0
919,2021-11-18,73.33,73.46,65.67,67.12,21270656.0
920,2021-11-19,67.95,67.95,66.01,67.12,9318085.0
921,2021-11-22,69.91,70.16,68.06,68.71,7683157.0
922,2021-11-23,69.23,70.65,67.91,69.5,4406240.0
923,2021-11-24,69.07,72.95,68.5,72.47,4084687.0
924,2021-11-26,68.0,69.88,66.63,68.79,3758593.0
925,2021-11-29,68.03,69.5,66.76,67.57,3233228.0
926,2021-11-30,66.19,67.38,63.7,66.01,5236920.0
927,2021-12-01,66.5,67.4,62.43,62.55,4286666.0
928,2021-12-02,61.51,62.59,57.01,59.17,6186130.0
929,2021-12-03,54.86,57.26,52.07,54.94,11810413.0
930,2021-12-06,53.68,57.13,52.09,57.0,5897499.0
931,2021-12-07,60.55,62.46,59.11,61.16,5507397.0
932,2021-12-08,58.58,61.83,58.01,60.52,3192272.0
933,2021-12-09,60.41,61.85,59.37,59.45,2625961.0
934,2021-12-10,58.62,59.62,57.29,59.13,5887601.0
935,2021-12-13,57.97,58.39,55.49,55.56,5147861.0
936,2021-12-14,54.13,54.98,52.0,52.97,9642387.0
937,2021-12-15,52.28,52.28,48.73,50.71,10724160.0
938,2021-12-16,51.7,52.6,49.68,50.08,6654415.0
939,2021-12-17,49.52,50.52,47.39,49.95,8894922.0
940,2021-12-20,47.77,47.96,43.21,44.14,7849900.0
941,2021-12-21,46.05,49.48,46.05,49.31,10329680.0
942,2021-12-22,47.45,48.29,46.55,47.0,5580616.0
943,2021-12-23,45.44,46.29,44.17,45.91,8128852.0
944,2021-12-27,45.47,47.8,44.59,44.59,3153732.0
945,2021-12-28,44.63,45.45,43.8,44.33,4780909.0
946,2021-12-29,44.16,44.19,41.76,42.57,5530689.0
947,2021-12-30,42.67,48.87,42.55,47.74,7083476.0
948,2021-12-31,46.16,47.98,45.55,46.4,3945700.0
949,2022-01-03,46.01,46.35,43.69,44.39,4925301.0
950,2022-01-04,42.2,42.66,39.92,40.42,9273730.0
951,2022-01-05,38.81,41.23,37.9,37.95,8654337.0
952,2022-01-06,37.53,40.29,36.12,39.01,8819292.0
953,2022-01-07,37.8,40.2,37.39,38.44,8389887.0
954,2022-01-10,39.37,41.58,37.91,40.89,8005699.0
955,2022-01-11,40.1,42.31,39.82,41.86,7218825.0
956,2022-01-12,43.71,44.45,40.44,41.7,6643999.0
957,2022-01-13,40.29,40.96,37.03,37.24,7883740.0
958,2022-01-14,38.0,38.81,37.44,38.69,4399009.0
959,2022-01-18,37.12,39.52,36.9,37.99,3704937.0
960,2022-01-19,38.01,38.85,37.46,37.72,3385327.0
961,2022-01-20,40.35,41.74,39.17,39.33,9410383.0
962,2022-01-21,39.65,39.81,35.72,36.08,6942860.0
963,2022-01-24,34.98,35.29,32.52,35.19,9527177.0
964,2022-01-25,33.94,35.83,33.62,34.21,3574682.0
965,2022-01-26,34.59,34.96,31.72,32.11,5231768.0
966,2022-01-27,31.11,32.51,30.01,30.25,6690211.0
967,2022-01-28,29.71,30.57,28.32,30.54,6717936.0
968,2022-01-31,31.75,35.39,31.25,35.29,6347985.0
969,2022-02-01,34.95,36.34,33.7,35.89,4349528.0
970,2022-02-02,35.89,35.89,33.3,33.69,3208529.0
971,2022-02-03,32.6,34.06,32.09,32.6,2410651.0
972,2022-02-04,32.8,34.4,31.7,33.51,3437994.0
973,2022-02-07,32.84,34.37,32.0,32.31,3418783.0
974,2022-02-08,32.23,34.81,31.93,34.58,3381915.0
975,2022-02-09,35.4,37.74,35.3,36.88,7917667.0
976,2022-02-10,35.85,38.45,35.26,36.48,4705750.0
977,2022-02-11,36.68,37.19,34.85,35.14,3435772.0
978,2022-02-14,34.45,35.1,33.77,34.33,2988870.0
979,2022-02-15,35.35,37.53,35.2,37.12,3443232.0
980,2022-02-16,37.03,38.32,36.2,37.84,3440066.0
981,2022-02-17,37.4,39.1,36.15,36.54,3859431.0
982,2022-02-18,34.14,34.64,32.39,34.28,7356712.0
983,2022-02-22,31.5,32.6,30.9,31.04,6546296.0
984,2022-02-23,31.67,32.39,30.07,30.15,4208658.0
985,2022-02-24,28.25,32.24,28.01,32.13,4961980.0
986,2022-02-25,31.23,31.65,30.18,31.46,4186584.0
987,2022-02-28,30.63,32.53,30.13,31.61,5129722.0
988,2022-03-01,31.93,33.47,30.98,31.2,6162129.0
989,2022-03-02,31.1,31.57,29.69,30.16,6236572.0
990,2022-03-03,32.97,33.47,27.2,27.78,13755853.0
991,2022-03-04,26.9,27.12,25.15,25.46,8901729.0
992,2022-03-07,24.52,24.74,23.08,23.42,10609350.0
993,2022-03-08,22.67,23.4,21.79,22.7,11335024.0
994,2022-03-09,23.43,25.98,23.19,25.24,10343497.0
995,2022-03-10,22.85,22.87,21.32,21.68,12620365.0
996,2022-03-11,22.01,22.16,18.88,19.02,13297619.0
997,2022-03-14,17.01,18.66,14.93,16.96,21029043.0
998,2022-03-15,16.6,20.43,16.24,18.86,19865532.0
999,2022-03-16,25.07,28.09,22.71,27.83,35185805.0
1000,2022-03-17,26.02,26.4,23.1,23.84,17936188.0
1001,2022-03-18,24.53,30.82,24.07,27.55,29143355.0
1002,2022-03-21,25.41,26.24,23.81,24.91,15763986.0
1003,2022-03-22,27.0,31.54,26.94,29.9,26919258.0
1004,2022-03-23,28.66,35.0,27.66,31.53,34026360.0
1005,2022-03-24,30.89,32.12,28.52,30.31,20579166.0
1006,2022-03-25,28.24,28.9,26.63,27.53,14358538.0
1007,2022-03-28,28.67,30.45,27.81,28.54,10832802.0
1008,2022-03-29,29.92,31.59,29.58,29.72,15174579.0
1009,2022-03-30,28.25,30.5,28.09,28.22,8530830.0
1010,2022-03-31,27.43,27.94,25.41,25.58,10747610.0
1011,2022-04-01,29.36,29.77,27.33,27.62,17422299.0
1012,2022-04-04,30.29,33.78,29.41,32.19,24037803.0
1013,2022-04-05,31.67,31.7,29.55,30.16,10621747.0
1014,2022-04-06,29.97,30.44,28.51,30.02,11280653.0
1015,2022-04-07,29.37,29.49,26.46,27.61,12804962.0
1016,2022-04-08,27.02,27.66,25.66,25.71,11724019.0
1017,2022-04-11,28.23,29.18,27.05,27.57,36062368.0
1018,2022-04-12,27.4,27.55,24.57,24.94,14455749.0
1019,2022-04-13,25.4,27.21,24.7,26.24,8988720.0
1020,2022-04-14,25.64,26.08,24.64,24.94,9154873.0
1021,2022-04-18,24.14,24.43,22.57,23.34,13418971.0
1022,2022-04-19,22.71,24.17,22.03,24.1,9803084.0
1023,2022-04-20,23.6,23.64,22.03,22.19,8232698.0
1024,2022-04-21,21.95,22.85,20.73,21.0,9208693.0
1025,2022-04-22,21.32,22.62,20.93,21.08,9253493.0
1026,2022-04-25,20.03,21.48,19.53,21.25,10451587.0
1027,2022-04-26,21.1,21.22,20.22,20.57,8733718.0
1028,2022-04-27,20.9,23.0,20.88,22.23,12001782.0
1029,2022-04-28,22.45,22.83,21.19,22.17,6480463.0
1030,2022-04-29,25.96,26.28,24.3,24.34,12961650.0
1031,2022-05-02,22.53,24.48,21.86,24.46,10344508.0
1032,2022-05-03,24.02,24.98,22.9,23.39,6972109.0
1033,2022-05-04,22.45,24.17,21.68,24.07,7810112.0
1034,2022-05-05,22.88,23.43,21.01,21.5,7552090.0
1035,2022-05-06,21.28,21.47,19.85,20.85,7579176.0
1036,2022-05-09,20.11,20.15,18.71,18.8,7860128.0
1037,2022-05-10,19.95,19.96,18.02,19.16,8550221.0
1038,2022-05-11,20.19,20.94,18.72,18.85,9802387.0
1039,2022-05-12,18.6,19.8,17.48,18.91,8618256.0
1040,2022-05-13,19.44,20.79,19.41,20.6,6440280.0
1041,2022-05-16,20.6,21.85,20.34,20.63,5806167.0
1042,2022-05-17,21.8,22.39,20.76,21.13,6607088.0
1043,2022-05-18,20.62,21.76,20.5,20.75,4674765.0
1044,2022-05-19,21.5,22.8,20.66,21.59,11377133.0
1045,2022-05-20,22.21,22.73,21.1,21.8,6784168.0
1046,2022-05-23,21.56,21.61,20.65,21.23,4407647.0
1047,2022-05-24,20.2,20.49,18.35,18.69,9106701.0
1048,2022-05-25,19.36,19.93,18.82,19.27,6374537.0
1049,2022-05-26,19.13,21.22,18.63,20.94,7477728.0
1050,2022-05-27,20.44,21.36,19.46,21.25,8309268.0
1051,2022-05-31,23.0,23.7,22.17,22.35,11939451.0
1052,2022-06-01,23.07,23.84,22.11,22.54,6487418.0
1053,2022-06-02,23.08,25.34,23.08,25.0,9902587.0
1054,2022-06-03,24.43,24.83,23.98,24.17,4810215.0
1055,2022-06-06,25.74,27.15,25.15,25.49,9929854.0
1056,2022-06-07,25.7,28.44,25.16,28.03,14489548.0
1057,2022-06-08,30.13,30.35,27.83,29.71,16988901.0
1058,2022-06-09,25.29,27.38,24.73,25.32,21699802.0
1059,2022-06-10,26.96,27.2,25.36,26.1,13048829.0
1060,2022-06-13,25.0,25.47,22.38,23.49,10527722.0
1061,2022-06-14,24.76,26.06,24.32,25.81,8461736.0
1062,2022-06-15,26.35,27.45,25.6,26.95,6244889.0
1063,2022-06-16,25.45,26.39,25.36,25.83,5387549.0
1064,2022-06-17,27.05,27.47,25.65,26.32,7025820.0
1065,2022-06-21,27.19,27.89,26.43,27.54,5400707.0
1066,2022-06-22,26.54,27.28,26.0,26.59,5784586.0
1067,2022-06-23,26.86,28.23,26.61,27.85,5261528.0
1068,2022-06-24,28.23,28.42,27.21,27.81,7285915.0
1069,2022-06-27,28.68,29.45,27.67,28.2,6406285.0
1070,2022-06-28,27.99,28.45,26.86,27.23,4792502.0
1071,2022-06-29,26.46,26.71,25.45,26.06,6255334.0
1072,2022-06-30,25.67,25.91,24.91,25.6,5437595.0
1073,2022-07-01,25.83,26.78,25.65,26.74,3167693.0
1074,2022-07-05,26.35,27.79,26.12,27.71,3914460.0
1075,2022-07-06,26.97,27.4,25.15,26.21,4983966.0
1076,2022-07-07,26.61,28.47,26.44,27.96,5599910.0
1077,2022-07-08,27.19,27.45,26.48,26.78,5286456.0
1078,2022-07-11,25.27,25.27,24.01,24.11,5484164.0
1079,2022-07-12,24.3,24.79,23.68,24.25,3504541.0
1080,2022-07-13,23.78,25.02,23.74,24.62,4184963.0
1081,2022-07-14,23.97,24.22,22.71,23.09,6254645.0
1082,2022-07-15,22.64,22.92,21.55,22.88,6289480.0
1083,2022-07-18,24.0,25.66,24.0,24.43,7208263.0
1084,2022-07-19,24.8,26.04,24.48,25.52,5262971.0
1085,2022-07-20,25.52,25.59,24.73,25.36,5084391.0
1086,2022-07-21,26.1,27.42,26.02,26.99,4917136.0
1087,2022-07-22,26.57,26.74,25.44,25.59,2613153.0
1088,2022-07-25,25.8,26.14,25.24,25.9,1785855.0
1089,2022-07-26,26.1,26.16,24.73,24.96,3948895.0
1090,2022-07-27,25.29,26.1,24.46,26.08,2895263.0
1091,2022-07-28,25.53,26.02,24.33,25.41,3039064.0
1092,2022-07-29,23.82,24.51,23.26,24.44,3422453.0
1093,2022-08-01,23.43,23.62,22.62,23.32,5933810.0
1094,2022-08-02,22.52,24.54,22.52,23.81,5613442.0
1095,2022-08-03,23.29,24.54,22.82,24.4,4289311.0
1096,2022-08-04,25.09,25.97,24.88,24.99,3504189.0
1097,2022-08-05,24.32,24.67,23.87,24.58,2043472.0
1098,2022-08-08,24.61,25.62,24.39,24.65,3144616.0
1099,2022-08-09,24.58,25.1,23.82,24.11,2068552.0
1100,2022-08-10,24.16,24.37,22.89,24.27,3855789.0
1101,2022-08-11,25.17,26.46,24.87,25.21,4019026.0
1102,2022-08-12,24.26,25.46,24.06,25.4,2247756.0
1103,2022-08-15,25.27,25.92,25.15,25.27,2372207.0
1104,2022-08-16,24.43,24.69,24.1,24.6,3131899.0
1105,2022-08-17,24.32,24.83,23.73,23.84,2520423.0
1106,2022-08-18,23.25,23.44,22.89,23.25,3595958.0
1107,2022-08-19,22.92,23.0,22.41,22.56,2644122.0
1108,2022-08-22,22.9,23.62,22.38,23.17,2740674.0
1109,2022-08-23,23.77,24.03,22.62,23.74,2827007.0
1110,2022-08-24,22.82,24.55,22.26,24.41,6021375.0
1111,2022-08-25,25.87,27.47,25.44,27.36,8526432.0
1112,2022-08-26,28.84,28.86,25.01,25.24,9333990.0
1113,2022-08-29,24.7,25.54,23.91,23.95,5854212.0
1114,2022-08-30,24.0,24.17,22.52,23.15,5390979.0
1115,2022-08-31,24.23,25.33,24.09,24.96,5706211.0
1116,2022-09-01,24.34,24.98,23.95,24.8,2905501.0
1117,2022-09-02,24.1,24.26,23.43,23.58,3645505.0
1118,2022-09-06,23.1,23.36,22.46,22.51,4825166.0
1119,2022-09-07,22.81,23.88,22.09,23.62,5866218.0
1120,2022-09-08,20.46,21.0,19.45,20.07,25292113.0
1121,2022-09-09,19.5,20.2,19.2,19.32,11835177.0
1122,2022-09-12,19.36,20.22,19.14,20.15,5902311.0
1123,2022-09-13,19.45,19.5,18.41,18.49,8281656.0
1124,2022-09-14,18.29,18.64,17.98,18.46,4663636.0
1125,2022-09-15,18.13,18.73,17.5,18.17,4734878.0
1126,2022-09-16,17.57,17.72,16.95,17.06,6267654.0
1127,2022-09-19,16.51,17.23,16.36,17.19,3296872.0
1128,2022-09-20,16.79,17.14,16.64,16.72,4151413.0
1129,2022-09-21,16.38,16.98,16.06,16.24,5908246.0
1130,2022-09-22,16.35,16.94,16.26,16.45,4721015.0
1131,2022-09-23,15.99,16.23,15.7,16.18,4877816.0
1132,2022-09-26,16.57,16.89,16.07,16.09,3442299.0
1133,2022-09-27,16.36,17.24,15.9,16.0,3750096.0
1134,2022-09-28,15.36,16.27,15.36,16.18,2965321.0
1135,2022-09-29,15.54,15.68,14.95,15.25,4862720.0
1136,2022-09-30,14.9,15.51,14.9,15.32,4092546.0
1137,2022-10-03,15.43,15.73,15.21,15.59,2993996.0
1138,2022-10-04,16.04,17.14,16.04,17.0,5736621.0
1139,2022-10-05,16.4,16.98,16.33,16.75,3955399.0
1140,2022-10-06,16.56,16.81,16.02,16.08,3855256.0
1141,2022-10-07,15.61,15.88,15.11,15.45,5199074.0
1142,2022-10-10,14.62,14.64,13.41,13.8,9333338.0
1143,2022-10-11,13.02,13.32,12.6,12.8,9363580.0
1144,2022-10-12,12.73,13.0,12.33,12.49,6884601.0
1145,2022-10-13,11.48,12.15,11.01,11.87,9479160.0
1146,2022-10-14,12.04,12.22,11.17,11.18,5863831.0
1147,2022-10-17,11.73,12.5,11.71,12.09,9941399.0
1148,2022-10-18,12.7,12.87,11.89,12.28,7705710.0
1149,2022-10-19,11.61,11.66,11.0,11.03,9143457.0
1150,2022-10-20,11.1,11.74,10.94,11.07,6522962.0
1151,2022-10-21,10.73,11.08,10.4,11.05,7502554.0
1152,2022-10-24,9.16,9.53,8.23,9.19,20890730.0
1153,2022-10-25,9.64,10.03,9.49,9.93,12471798.0
1154,2022-10-26,9.71,11.03,9.64,10.48,15899517.0
1155,2022-10-27,9.77,10.22,9.5,9.52,10108770.0
1156,2022-10-28,8.96,8.99,8.53,8.95,9410688.0
1157,2022-10-31,8.75,9.21,8.74,8.92,6714203.0
1158,2022-11-01,9.78,9.98,9.21,9.23,12662291.0
1159,2022-11-02,9.55,9.79,9.11,9.26,10879196.0
1160,2022-11-03,8.88,9.73,8.83,9.53,8010710.0
1161,2022-11-04,11.07,11.74,10.46,11.71,21998767.0
1162,2022-11-07,12.31,12.73,11.41,11.82,16347370.0
1163,2022-11-08,11.4,11.63,10.9,11.56,9035680.0
1164,2022-11-09,10.78,10.85,10.07,10.17,9154037.0
1165,2022-11-10,11.03,12.04,11.02,11.71,9643797.0
1166,2022-11-11,12.33,12.81,11.91,12.67,10533652.0
1167,2022-11-14,13.16,13.49,12.7,12.88,7220901.0
1168,2022-11-15,14.95,16.88,14.74,16.28,24960295.0
1169,2022-11-16,15.93,16.11,15.3,15.46,13639199.0
1170,2022-11-17,14.92,16.53,14.64,15.79,13785670.0
1171,2022-11-18,15.47,15.47,14.11,14.72,10406202.0
1172,2022-11-21,14.21,14.22,13.22,13.52,7820101.0
1173,2022-11-22,12.94,13.18,12.66,13.15,6163132.0
1174,2022-11-23,13.46,13.6,13.02,13.28,4974390.0
1175,2022-11-25,12.6,12.89,12.23,12.33,6214809.0
1176,2022-11-28,12.22,13.19,12.21,12.59,9912722.0
1177,2022-11-29,14.29,15.73,14.27,15.4,34611910.0
1178,2022-11-30,16.51,17.74,16.51,17.36,25308979.0
1179,2022-12-01,16.66,17.18,16.37,17.02,7135468.0
1180,2022-12-02,16.61,19.99,16.5,19.84,28678002.0
1181,2022-12-05,22.34,23.01,19.36,19.69,30351450.0
1182,2022-12-06,19.96,21.9,18.88,20.56,25631830.0
1183,2022-12-07,19.63,22.5,19.56,21.72,23072867.0
1184,2022-12-08,23.77,24.91,22.8,23.4,28125727.0
1185,2022-12-09,24.52,26.31,24.4,25.41,24538450.0
1186,2022-12-12,24.84,24.93,21.82,23.0,18751069.0
1187,2022-12-13,25.0,25.25,23.47,24.09,12760721.0
1188,2022-12-14,24.16,25.07,23.37,24.59,9120335.0
1189,2022-12-15,25.09,25.25,22.29,22.5,13074854.0
1190,2022-12-16,23.27,24.25,23.0,23.01,10440618.0
1191,2022-12-19,23.06,23.13,20.7,21.66,9592623.0
1192,2022-12-20,20.68,22.5,20.48,22.18,8779940.0
1193,2022-12-21,21.94,23.58,21.6,23.34,6577407.0
1194,2022-12-22,23.7,24.17,22.87,23.6,7984208.0
1195,2022-12-23,23.75,24.18,22.83,23.17,5217391.0
1196,2022-12-27,23.3,25.44,23.14,24.75,11468925.0
1197,2022-12-28,24.28,24.53,22.47,22.76,7772491.0
1198,2022-12-29,23.16,24.43,22.28,24.29,9301957.0
1199,2022-12-30,23.02,24.17,23.02,23.69,6127534.0
1200,2023-01-03,25.48,27.66,25.0,27.0,17735646.0
1201,2023-01-04,28.25,28.81,27.2,28.32,14454200.0
1202,2023-01-05,27.64,29.46,27.41,29.2,10745294.0
1203,2023-01-06,28.31,28.98,27.51,28.65,8175628.0
1204,2023-01-09,27.25,27.61,26.64,27.0,21026164.0
1205,2023-01-10,27.26,27.64,26.79,27.5,7392991.0
1206,2023-01-11,27.68,27.76,26.34,26.94,10614771.0
1207,2023-01-12,26.42,26.93,25.25,26.68,7326783.0
1208,2023-01-13,27.03,28.05,27.01,27.97,8505663.0
1209,2023-01-17,27.28,27.38,25.94,26.54,6312289.0
1210,2023-01-18,26.67,27.22,25.4,25.43,5242343.0
1211,2023-01-19,26.04,26.45,24.47,24.65,7937229.0
1212,2023-01-20,25.6,25.99,25.22,25.39,6467543.0
1213,2023-01-23,25.77,26.81,25.47,26.18,5680548.0
1214,2023-01-24,25.8,26.2,25.57,25.64,3190759.0
1215,2023-01-25,25.49,25.94,24.91,25.91,4108393.0
1216,2023-01-26,27.73,28.15,26.87,28.02,9538809.0
1217,2023-01-27,27.69,28.05,26.91,27.78,5426066.0
1218,2023-01-30,25.45,25.8,24.56,25.32,10005264.0
1219,2023-01-31,24.79,25.88,24.73,25.0,5745452.0
1220,2023-02-01,25.79,26.53,24.97,26.25,7538403.0
1221,2023-02-02,25.85,26.01,25.15,25.66,6157894.0
1222,2023-02-03,25.04,25.7,24.29,24.33,5415736.0
1223,2023-02-06,23.33,23.64,22.46,23.33,7836118.0
1224,2023-02-07,24.05,24.17,22.41,23.27,9610338.0
1225,2023-02-08,23.02,23.17,21.95,22.46,8040117.0
1226,2023-02-09,23.84,23.88,22.28,22.42,7986243.0
1227,2023-02-10,21.8,22.0,21.23,21.62,7780960.0
1228,2023-02-13,22.55,22.93,22.33,22.41,6410259.0
1229,2023-02-14,22.2,22.68,21.7,22.47,3827112.0
1230,2023-02-15,21.85,22.75,21.76,22.65,3064230.0
1231,2023-02-16,22.93,23.35,22.49,22.75,4527605.0
1232,2023-02-17,22.16,22.32,21.71,22.05,3386699.0
1233,2023-02-21,21.62,22.12,21.4,21.5,5647588.0
1234,2023-02-22,22.23,22.66,21.52,21.89,7045957.0
1235,2023-02-23,22.86,22.95,21.6,22.05,6855186.0
1236,2023-02-24,20.72,20.9,19.96,20.47,8708296.0
1237,2023-02-27,20.83,20.86,19.92,20.04,8353968.0
1238,2023-02-28,19.65,20.05,19.24,19.3,8943495.0
1239,2023-03-01,20.95,21.04,19.48,19.67,14193680.0
1240,2023-03-02,18.39,21.75,18.2,21.57,16338679.0
1241,2023-03-03,21.82,23.72,21.55,22.61,16632711.0
1242,2023-03-06,22.5,22.62,21.62,21.63,5065521.0
1243,2023-03-07,20.56,21.06,20.33,20.55,7152761.0
1244,2023-03-08,20.09,20.52,19.76,20.24,4016228.0
1245,2023-03-09,19.62,19.64,18.56,18.62,8093456.0
1246,2023-03-10,19.0,20.24,18.76,19.73,11222963.0
1247,2023-03-13,20.69,21.41,20.3,21.1,8468760.0
1248,2023-03-14,20.71,21.52,20.7,21.5,4786491.0
1249,2023-03-15,20.84,21.18,20.1,21.09,5640394.0
1250,2023-03-16,20.36,22.42,20.31,22.34,8592887.0
1251,2023-03-17,23.07,23.32,22.14,22.18,5095179.0
1252,2023-03-20,22.65,24.04,22.55,23.63,10368188.0
1253,2023-03-21,23.01,23.54,22.76,23.16,4397816.0
1254,2023-03-22,23.63,23.81,22.77,22.78,4101365.0
1255,2023-03-23,24.38,25.58,23.56,24.21,10071662.0
1256,2023-03-24,23.94,24.68,23.74,23.9,3248938.0
1257,2023-03-27,23.92,24.4,23.72,24.39,4360923.0
1258,2023-03-28,24.77,25.32,24.49,25.09,5191550.0
1259,2023-03-29,24.48,24.78,23.78,24.71,4080763.0
1260,2023-03-30,24.84,25.56,24.65,25.03,3844129.0
1261,2023-03-31,24.15,24.3,23.13,23.5,7277416.0
1262,2023-04-03,22.9,22.93,22.35,22.69,7318648.0
1263,2023-04-04,21.86,22.02,21.34,21.66,7096140.0
1264,2023-04-05,21.59,21.59,20.9,21.26,3737581.0
1265,2023-04-06,21.38,21.77,20.92,21.51,3544411.0
1266,2023-04-10,20.92,21.18,20.64,20.94,3075373.0
1267,2023-04-11,21.8,22.53,21.66,21.74,6499475.0
1268,2023-04-12,21.4,21.69,20.24,20.29,5585946.0
1269,2023-04-13,21.29,21.73,21.22,21.4,5142714.0
1270,2023-04-14,21.2,21.48,20.83,20.9,2295056.0
1271,2023-04-17,21.53,21.85,21.42,21.73,3163525.0
1272,2023-04-18,21.83,21.92,21.2,21.59,3899602.0
1273,2023-04-19,20.8,21.13,20.72,20.96,2007086.0
1274,2023-04-20,20.74,20.83,20.03,20.32,4484642.0
1275,2023-04-21,20.2,20.59,20.05,20.38,4054519.0
1276,2023-04-24,20.18,20.31,19.69,19.88,2445271.0
1277,2023-04-25,19.5,19.89,19.25,19.28,4425738.0
1278,2023-04-26,20.45,20.6,19.59,19.85,3380190.0
1279,2023-04-27,19.56,20.11,19.27,20.04,2887867.0
1280,2023-04-28,20.08,20.43,19.95,20.36,2353191.0
1281,2023-05-01,20.06,20.56,20.0,20.23,1641028.0
1282,2023-05-02,19.75,19.8,18.76,18.79,4722906.0
1283,2023-05-03,19.1,19.44,18.72,19.11,2494144.0
1284,2023-05-04,19.6,20.39,19.53,19.88,3389777.0
1285,2023-05-05,19.77,20.36,19.65,20.25,2989094.0
1286,2023-05-08,20.12,20.12,19.42,19.98,2564015.0
1287,2023-05-09,19.0,19.47,18.94,19.41,2236821.0
1288,2023-05-10,18.91,19.25,18.57,18.88,4249255.0
1289,2023-05-11,18.71,19.36,18.63,19.1,4589739.0
1290,2023-05-12,18.51,18.52,18.04,18.21,4693420.0
1291,2023-05-15,18.69,19.74,18.47,19.58,4859028.0
1292,2023-05-16,18.81,19.22,18.57,19.01,3608680.0
1293,2023-05-17,18.18,18.7,18.08,18.57,3741459.0
1294,2023-05-18,18.57,18.6,18.0,18.25,2849868.0
1295,2023-05-19,18.14,18.5,18.05,18.2,2301575.0
1296,2023-05-22,18.79,19.36,18.69,18.8,3556354.0
1297,2023-05-23,18.35,18.49,17.91,18.0,5180564.0
1298,2023-05-24,17.59,17.81,17.22,17.29,4568480.0
1299,2023-05-25,17.04,17.09,16.33,16.55,5006000.0
1300,2023-05-26,16.97,17.16,16.62,16.89,4435690.0
1301,2023-05-30,16.9,17.25,16.29,16.57,5829334.0
1302,2023-05-31,16.26,16.28,15.35,15.66,10570218.0
1303,2023-06-01,15.1,15.91,14.45,15.87,14626851.0
1304,2023-06-02,15.94,16.61,15.18,15.32,13034836.0
1305,2023-06-05,15.24,15.39,14.83,14.97,7008817.0
1306,2023-06-06,15.13,16.16,14.97,15.81,15385926.0
1307,2023-06-07,15.81,16.44,15.56,15.67,7092041.0
1308,2023-06-08,15.81,16.15,15.81,15.91,4143854.0
1309,2023-06-09,16.54,16.64,15.95,16.11,6584242.0
1310,2023-06-12,16.37,16.67,16.2,16.29,4828729.0
1311,2023-06-13,16.99,17.48,16.84,16.87,8579979.0
1312,2023-06-14,16.96,17.77,16.93,17.6,5234061.0
1313,2023-06-15,18.3,18.76,18.18,18.3,6382401.0
1314,2023-06-16,18.51,18.52,17.36,17.47,7932900.0
1315,2023-06-20,16.7,16.7,15.8,15.97,8201924.0
1316,2023-06-21,15.67,16.05,15.51,15.56,4438226.0
1317,2023-06-22,15.51,15.73,15.22,15.37,3235633.0
1318,2023-06-23,15.22,15.26,14.8,14.94,4721726.0
1319,2023-06-26,15.13,15.4,14.95,14.99,3563688.0
1320,2023-06-27,15.57,15.72,15.35,15.55,4283601.0
1321,2023-06-28,15.32,15.37,14.97,15.31,5062933.0
1322,2023-06-29,14.83,15.01,14.63,14.93,3629974.0
1323,2023-06-30,15.01,15.25,14.89,15.1,2799393.0
1324,2023-07-03,15.72,15.98,15.52,15.73,3696380.0
1325,2023-07-05,15.35,15.4,14.99,15.26,3713621.0
1326,2023-07-06,14.8,14.98,14.42,14.55,4864097.0
1327,2023-07-07,14.82,15.0,14.63,14.9,4688256.0
1328,2023-07-10,14.77,15.08,14.58,14.89,3686818.0
1329,2023-07-11,14.99,15.62,14.97,15.5,4498933.0
1330,2023-07-12,16.4,16.98,16.19,16.7,7696584.0
1331,2023-07-13,17.15,17.69,17.14,17.54,6892936.0
1332,2023-07-14,16.96,16.96,16.45,16.74,4897845.0
1333,2023-07-17,16.2,16.68,15.97,16.64,4414834.0
1334,2023-07-18,16.24,16.24,15.17,15.56,11253014.0
1335,2023-07-19,16.12,16.49,15.74,15.75,5914153.0
1336,2023-07-20,15.59,15.67,15.27,15.37,3415742.0
1337,2023-07-21,15.6,15.75,15.26,15.46,3583138.0
1338,2023-07-24,15.72,17.74,15.66,17.1,15291060.0
1339,2023-07-25,17.71,17.84,16.88,16.95,7421306.0
1340,2023-07-26,16.92,17.8,16.82,17.38,6289020.0
1341,2023-07-27,16.84,17.0,16.02,16.2,11068351.0
1342,2023-07-28,17.38,19.1,17.38,18.67,18092555.0
1343,2023-07-31,18.28,19.15,17.96,19.07,8330129.0
1344,2023-08-01,18.34,18.54,17.72,17.81,8982367.0
1345,2023-08-02,17.2,17.37,16.61,16.9,8020953.0
1346,2023-08-03,17.64,18.9,17.48,18.42,12659568.0
1347,2023-08-04,18.66,18.74,18.09,18.16,4389957.0
1348,2023-08-07,18.1,18.11,17.23,17.72,5776612.0
1349,2023-08-08,17.08,17.3,16.7,17.28,6615565.0
1350,2023-08-09,17.52,17.53,16.71,17.12,4574627.0
1351,2023-08-10,17.63,18.12,16.91,16.95,7468459.0
1352,2023-08-11,16.35,16.41,15.79,16.03,7640913.0
1353,2023-08-14,16.29,16.43,15.94,16.39,5284699.0
1354,2023-08-15,16.05,16.08,15.61,15.64,5133368.0
1355,2023-08-16,15.24,15.53,15.07,15.24,5743858.0
1356,2023-08-17,15.92,16.21,15.3,15.35,11882621.0
1357,2023-08-18,14.53,14.85,14.31,14.37,10025837.0
1358,2023-08-21,14.32,14.82,14.26,14.74,6854094.0
1359,2023-08-22,15.21,15.27,14.46,14.6,6207592.0
1360,2023-08-23,14.67,15.0,14.66,14.85,4301229.0
1361,2023-08-24,15.05,15.25,14.76,14.93,4325101.0
1362,2023-08-25,14.69,14.76,14.1,14.56,6848174.0
1363,2023-08-28,14.62,15.0,14.55,14.78,3989141.0
1364,2023-08-29,15.41,16.32,15.25,15.82,9809227.0
1365,2023-08-30,15.35,15.71,15.24,15.53,4189868.0
1366,2023-08-31,15.06,15.3,14.87,15.13,4396576.0
1367,2023-09-01,15.51,16.15,15.48,15.58,6270985.0
1368,2023-09-05,15.09,15.31,14.89,15.21,5123559.0
1369,2023-09-06,15.25,15.45,15.14,15.34,2646682.0
1370,2023-09-07,14.35,14.42,14.08,14.3,9903078.0
1371,2023-09-08,14.16,14.27,13.36,13.56,9325832.0
1372,2023-09-11,14.05,14.22,13.85,14.05,5340826.0
1373,2023-09-12,13.98,14.32,13.95,14.11,3251656.0
1374,2023-09-13,13.86,14.04,13.78,13.81,2615258.0
1375,2023-09-14,14.01,14.1,13.79,13.93,3449332.0
1376,2023-09-15,13.9,14.01,13.64,13.8,2865054.0
1377,2023-09-18,13.55,13.8,13.41,13.67,2847211.0
1378,2023-09-19,13.55,13.74,13.49,13.6,1942495.0
1379,2023-09-20,13.56,13.73,13.38,13.4,2226388.0
1380,2023-09-21,12.89,13.04,12.84,12.93,3734544.0
1381,2023-09-22,13.8,13.84,13.52,13.65,4727789.0
1382,2023-09-25,13.17,13.43,13.1,13.43,2915715.0
1383,2023-09-26,13.29,13.52,13.27,13.38,2289377.0
1384,2023-09-27,13.49,13.57,13.35,13.55,2634541.0
1385,2023-09-28,13.27,13.56,13.15,13.52,2947504.0
1386,2023-09-29,13.9,14.02,13.63,13.77,3592153.0
1387,2023-10-02,13.74,13.82,13.52,13.63,1864252.0
1388,2023-10-03,13.3,13.62,13.26,13.5,4599214.0
1389,2023-10-04,13.38,13.44,13.12,13.31,3275877.0
1390,2023-10-05,13.11,13.18,12.97,13.14,2400980.0
1391,2023-10-06,13.35,13.78,13.33,13.57,5540157.0
1392,2023-10-09,13.35,13.37,13.02,13.28,3870961.0
1393,2023-10-10,13.71,14.78,13.66,14.33,13675393.0
1394,2023-10-11,14.61,15.3,14.56,14.65,10697630.0
1395,2023-10-12,14.7,14.72,13.76,13.97,7028539.0
1396,2023-10-13,13.67,13.89,13.52,13.66,3300081.0
1397,2023-10-16,13.41,13.68,13.13,13.62,3447223.0
1398,2023-10-17,13.25,13.65,13.22,13.44,2558219.0
1399,2023-10-18,13.25,13.39,12.55,12.87,7283614.0
1400,2023-10-19,12.66,12.92,12.63,12.71,4078067.0
1401,2023-10-20,12.48,12.6,12.36,12.51,4220876.0
1402,2023-10-23,12.38,12.905,12.14,12.64,3458826.0
1403,2023-10-24,12.8,14.04,12.79,13.57,9345693.0
1404,2023-10-25,13.22,13.31,12.84,13.04,5636426.0
1405,2023-10-26,13.1,13.44,13.0,13.25,3998235.0
1406,2023-10-27,13.66,13.79,13.28,13.3,4304711.0
1407,2023-10-30,13.86,14.065,13.68,13.88,5300869.0
1408,2023-10-31,13.48,13.66,13.07,13.43,6534937.0
1409,2023-11-01,13.16,13.29,12.9,13.2,3317222.0
1410,2023-11-02,13.63,14.01,13.6,13.86,5054625.0
1411,2023-11-03,14.49,14.85,14.45,14.69,6122190.0
1412,2023-11-06,15.1,15.13,14.41,14.54,7575258.0
1413,2023-11-07,14.74,14.77,14.15,14.4,7034726.0
1414,2023-11-08,14.42,14.865,14.4,14.55,5175737.0
1415,2023-11-09,14.64,14.815,14.13,14.2,5316741.0
1416,2023-11-10,14.1,14.21,13.795,14.16,3915139.0
1417,2023-11-13,14.45,14.57,14.06,14.35,3415902.0
1418,2023-11-14,14.77,14.88,14.4,14.79,6191393.0
1419,2023-11-15,15.13,15.65,14.86,15.2,6752401.0
1420,2023-11-16,14.334,14.4988,13.88,14.04,8522357.0
1421,2023-11-17,13.98,14.265,13.72,13.99,4813461.0
1422,2023-11-20,14.2,14.915,14.17,14.57,5644304.0
1423,2023-11-21,14.35,14.45,14.0001,14.16,4751607.0
1424,2023-11-22,14.2,14.29,13.91,14.01,2372231.0
1425,2023-11-24,13.93,14.175,13.89,14.14,1737905.0
1426,2023-11-27,13.98,13.98,13.67,13.69,3584321.0
1427,2023-11-28,13.43,13.58,13.22,13.34,7962629.0
1428,2023-11-29,12.9,12.93,11.61,11.86,24348498.0
1429,2023-11-30,11.56,11.58,11.215,11.33,11341371.0
1430,2023-12-01,11.15,11.57,10.92,11.51,8601360.0
1431,2023-12-04,11.23,11.565,11.13,11.53,5411784.0
1432,2023-12-05,11.25,11.48,11.215,11.41,3286588.0
1433,2023-12-06,11.8,11.95,11.67,11.74,6124050.0
1434,2023-12-07,11.86,12.1,11.81,12.0,3696906.0
1435,2023-12-08,12.0,12.04,11.791,11.93,3220786.0
1436,2023-12-11,11.84,12.27,11.77,12.22,3199857.0
1437,2023-12-12,12.25,12.31,12.065,12.28,3354562.0
1438,2023-12-13,12.14,12.25,11.785,12.21,7066161.0
1439,2023-12-14,12.08,12.21,11.83,12.01,8306148.0
1440,2023-12-15,12.27,12.3,11.905,11.96,5745240.0
1441,2023-12-18,11.69,11.71,11.32,11.41,5561178.0
1442,2023-12-19,11.43,11.85,11.43,11.79,3795761.0
1443,2023-12-20,11.42,11.605,10.99,11.0,6687443.0
1444,2023-12-21,11.41,11.58,11.26,11.57,4236064.0
1445,2023-12-22,10.42,11.28,10.41,11.0,9863103.0
1446,2023-12-26,11.25,11.37,11.09,11.22,3155222.0
1447,2023-12-27,11.15,11.21,10.97,11.12,4669325.0
1448,2023-12-28,11.57,12.25,11.5,11.84,11959285.0
1449,2023-12-29,12.06,12.32,11.91,12.17,6464846.0
1450,2024-01-02,11.94,11.96,11.55,11.61,5679358.0
1451,2024-01-03,11.61,12.09,11.495,12.07,6399424.0
1452,2024-01-04,11.91,12.0,11.685,11.69,4737069.0
1453,2024-01-05,11.58,11.58,11.08,11.12,7354925.0
1454,2024-01-08,10.78,11.17,10.76,11.12,4345896.0
1455,2024-01-09,10.85,10.96,10.805,10.85,3711252.0
1456,2024-01-10,10.93,11.02,10.72,10.78,3554913.0
1457,2024-01-11,11.04,11.13,10.65,10.9,5548348.0
1458,2024-01-12,10.84,10.975,10.64,10.65,3298263.0
1459,2024-01-16,10.33,10.395,9.94,10.04,7232760.0
1460,2024-01-17,9.5,9.89,9.495,9.81,7008214.0
1461,2024-01-18,9.97,10.06,9.635,9.7,5084990.0
1462,2024-01-19,9.48,9.505,9.13,9.41,9102474.0
1463,2024-01-22,8.9,9.375,8.8,9.21,8079217.0
