,date,open,high,low,close,volume
0,2019-12-12,37.25,37.75,34.6,35.5,9506101.0
1,2019-12-13,36.0,38.98,35.63,38.98,1615699.0
2,2019-12-16,39.37,40.23,36.15,36.38,1243205.0
3,2019-12-17,37.26,37.99,36.53,37.0,796459.0
4,2019-12-18,37.27,38.5,36.8,38.04,1206041.0
5,2019-12-19,38.25,38.25,37.0,38.2,249634.0
6,2019-12-20,38.49,38.5,37.76,38.14,566932.0
7,2019-12-23,38.0,39.75,37.61,38.76,385318.0
8,2019-12-24,38.75,41.38,38.74,40.05,326230.0
9,2019-12-26,40.14,41.75,39.0,39.0,522368.0
10,2019-12-27,39.02,39.04,37.56,38.58,317763.0
11,2019-12-30,38.46,38.78,36.79,36.93,484369.0
12,2019-12-31,37.31,38.45,37.06,38.05,509716.0
13,2020-01-02,38.36,38.7,36.82,38.7,851773.0
14,2020-01-03,38.55,38.63,37.43,38.01,292645.0
15,2020-01-06,37.53,37.56,35.58,37.51,871852.0
16,2020-01-07,37.4,37.4,36.5,36.52,570130.0
17,2020-01-08,36.35,38.41,36.3,37.89,617775.0
18,2020-01-09,38.1,38.89,37.65,38.86,369530.0
19,2020-01-10,38.98,39.93,38.45,39.49,246360.0
20,2020-01-13,39.6,41.21,39.6,41.08,309399.0
21,2020-01-14,41.1,41.69,40.53,41.07,310002.0
22,2020-01-15,41.0,42.5,39.5,40.1,699096.0
23,2020-01-16,40.08,41.68,39.77,41.48,281414.0
24,2020-01-17,41.81,43.86,41.3,43.7,547316.0
25,2020-01-21,44.31,44.7,43.54,43.82,394705.0
26,2020-01-22,43.96,46.97,43.85,46.52,679536.0
27,2020-01-23,46.73,47.36,45.41,46.27,758726.0
28,2020-01-24,46.51,47.69,46.18,47.23,431432.0
29,2020-01-27,46.38,46.89,45.64,46.58,222290.0
30,2020-01-28,46.88,49.62,46.88,48.26,334432.0
31,2020-01-29,48.71,49.5,48.38,48.69,230259.0
32,2020-01-30,48.47,48.97,47.53,48.5,310217.0
33,2020-01-31,48.31,50.98,48.15,50.32,411167.0
34,2020-02-03,50.51,51.84,50.32,51.45,349510.0
35,2020-02-04,51.92,53.29,51.92,52.9,385561.0
36,2020-02-05,53.21,53.21,46.89,49.64,860964.0
37,2020-02-06,49.91,50.82,46.76,48.51,634524.0
38,2020-02-07,56.88,58.97,52.8,55.81,1716197.0
39,2020-02-10,55.95,59.5,55.49,59.23,613507.0
40,2020-02-11,60.89,61.52,58.35,60.65,950230.0
41,2020-02-12,61.3,63.5,61.05,62.94,551077.0
42,2020-02-13,62.12,64.12,61.91,62.13,511237.0
43,2020-02-14,61.49,63.91,61.0,61.77,498894.0
44,2020-02-18,61.66,63.25,59.33,59.33,553340.0
45,2020-02-19,59.77,63.62,59.11,62.78,422074.0
46,2020-02-20,63.13,63.52,58.54,60.11,411906.0
47,2020-02-21,59.93,59.95,55.81,56.28,487584.0
48,2020-02-24,53.25,55.78,52.99,55.24,457814.0
49,2020-02-25,56.14,56.68,53.55,55.23,554377.0
50,2020-02-26,55.32,58.6,55.0,56.88,434571.0
51,2020-02-27,54.88,56.85,53.0,53.42,557687.0
52,2020-02-28,52.1,57.05,50.4,56.76,978628.0
53,2020-03-02,57.44,60.96,54.95,60.5,699089.0
54,2020-03-03,60.52,61.36,56.66,58.68,767682.0
55,2020-03-04,59.26,60.48,58.0,58.76,288078.0
56,2020-03-05,57.33,62.87,56.64,58.45,645869.0
57,2020-03-06,56.63,57.97,52.1,53.63,585108.0
58,2020-03-09,49.36,49.36,44.62,44.72,1090021.0
59,2020-03-10,47.13,48.71,44.73,48.04,650867.0
60,2020-03-11,47.46,48.15,44.61,45.05,569042.0
61,2020-03-12,42.32,44.0,38.0,40.12,970264.0
62,2020-03-13,43.21,45.0,39.36,39.95,1134929.0
63,2020-03-16,35.85,40.0,32.46,36.25,1221309.0
64,2020-03-17,36.83,37.03,32.5,33.64,818249.0
65,2020-03-18,32.64,33.5,23.61,29.21,1386065.0
66,2020-03-19,27.5,38.0,27.4,35.69,1692756.0
67,2020-03-20,38.0,41.11,36.76,37.78,1696387.0
68,2020-03-23,37.24,38.44,34.41,37.29,1307637.0
69,2020-03-24,38.29,41.74,38.29,41.36,520422.0
70,2020-03-25,40.2,42.98,37.2,41.11,786684.0
71,2020-03-26,40.8,45.96,38.53,41.23,1316629.0
72,2020-03-27,39.39,40.2,37.75,38.8,1724763.0
73,2020-03-30,38.85,38.94,36.11,37.52,1802958.0
74,2020-03-31,37.78,37.78,32.73,34.2,1550571.0
75,2020-04-01,32.13,33.75,30.69,31.75,2004013.0
76,2020-04-02,30.94,32.41,29.43,30.23,538846.0
77,2020-04-03,29.82,31.69,27.53,31.05,1222271.0
78,2020-04-06,32.49,39.0,31.85,38.3,1870539.0
79,2020-04-07,40.24,42.69,37.63,38.99,862923.0
80,2020-04-08,39.41,45.0,38.81,44.27,876905.0
81,2020-04-09,44.81,49.87,40.19,42.34,1467021.0
82,2020-04-13,42.59,42.74,40.26,40.26,489919.0
83,2020-04-14,41.66,45.88,41.35,42.14,682299.0
84,2020-04-15,40.5,41.78,38.8,39.03,541078.0
85,2020-04-16,40.0,40.95,37.91,37.99,451548.0
86,2020-04-17,40.38,43.65,39.51,42.03,902714.0
87,2020-04-20,40.05,47.59,40.0,46.29,897391.0
88,2020-04-21,45.89,48.7,42.77,45.22,659623.0
89,2020-04-22,45.24,49.64,45.24,47.7,707625.0
90,2020-04-23,47.51,48.99,45.51,46.68,386108.0
91,2020-04-24,46.07,50.77,45.68,48.74,654591.0
92,2020-04-27,51.48,54.17,49.47,52.82,737885.0
93,2020-04-28,54.72,56.0,52.06,55.42,699213.0
94,2020-04-29,57.01,61.98,57.0,60.3,936851.0
95,2020-04-30,59.07,60.26,56.4,58.89,1203535.0
96,2020-05-01,55.08,57.08,54.33,55.73,701191.0
97,2020-05-04,53.29,56.66,53.29,55.14,525946.0
98,2020-05-05,58.75,63.44,56.1,62.22,821104.0
99,2020-05-06,62.22,66.0,61.31,65.9,697253.0
100,2020-05-07,68.5,75.71,66.19,73.22,1495001.0
101,2020-05-08,67.27,97.84,67.0,83.62,2485181.0
102,2020-05-11,84.0,84.0,79.0,79.21,1018746.0
103,2020-05-12,80.81,87.58,78.59,78.91,943514.0
104,2020-05-13,78.46,80.94,75.1,75.5,708984.0
105,2020-05-14,74.01,79.99,72.05,79.58,594222.0
106,2020-05-15,78.59,83.34,77.01,77.27,654156.0
107,2020-05-18,79.95,80.26,75.0,76.12,791315.0
108,2020-05-19,75.76,79.65,74.21,78.5,614680.0
109,2020-05-20,80.49,81.0,74.51,74.99,658938.0
110,2020-05-21,74.21,74.5,69.6,70.67,1275061.0
111,2020-05-22,70.68,70.96,65.41,66.57,1642765.0
112,2020-05-26,66.9,66.9,63.57,64.37,5442890.0
113,2020-05-27,63.75,65.41,61.75,64.25,6597891.0
114,2020-05-28,65.9,71.25,64.4,69.37,4760872.0
115,2020-05-29,69.0,70.16,66.19,69.64,2123020.0
116,2020-06-01,69.5,73.24,67.2,72.53,2302453.0
117,2020-06-02,72.53,73.25,69.02,70.46,1362709.0
118,2020-06-03,70.46,73.98,69.5,72.86,1716519.0
119,2020-06-04,71.3,72.28,68.03,70.36,1575891.0
120,2020-06-05,70.0,71.0,66.38,70.16,1489545.0
121,2020-06-08,68.83,70.31,67.31,67.9,1117941.0
122,2020-06-09,67.0,71.23,66.07,70.35,1894013.0
123,2020-06-10,72.0,75.43,68.68,75.0,3052454.0
124,2020-06-11,74.25,76.92,70.34,72.31,5902667.0
125,2020-06-12,73.78,78.5,70.75,78.35,5186808.0
126,2020-06-15,75.94,80.95,75.0,78.12,2341912.0
127,2020-06-16,79.04,79.95,75.17,76.57,1715100.0
128,2020-06-17,76.98,79.49,75.97,75.99,1500497.0
129,2020-06-18,77.87,83.7,76.95,81.86,2731670.0
130,2020-06-19,82.84,83.4,80.01,81.9,2057027.0
131,2020-06-22,79.5,85.69,79.46,84.49,1688834.0
132,2020-06-23,84.65,88.75,81.23,81.34,1732207.0
133,2020-06-24,79.21,83.87,78.27,80.89,1300710.0
134,2020-06-25,81.59,84.95,79.88,84.48,1027559.0
135,2020-06-26,85.61,89.94,83.46,89.74,2737155.0
136,2020-06-29,90.0,91.37,85.5,89.76,2216660.0
137,2020-06-30,89.0,91.13,87.88,90.21,1774599.0
138,2020-07-01,90.19,93.0,88.57,89.91,1475621.0
139,2020-07-02,90.51,91.07,88.4,88.4,879994.0
140,2020-07-06,90.0,92.1,87.56,88.58,1100969.0
141,2020-07-07,88.0,89.48,84.13,85.64,1548834.0
142,2020-07-08,86.81,91.0,86.75,90.46,798873.0
143,2020-07-09,91.0,94.11,89.67,91.67,805315.0
144,2020-07-10,91.78,94.79,87.25,89.6,1230742.0
145,2020-07-13,90.0,91.06,81.27,83.1,1334336.0
146,2020-07-14,82.3,84.4,77.81,82.92,1537799.0
147,2020-07-15,83.38,84.26,81.74,82.91,677489.0
148,2020-07-16,81.74,82.15,77.87,81.52,954676.0
149,2020-07-17,81.99,83.67,80.37,82.9,458876.0
150,2020-07-20,82.15,90.18,82.15,88.76,849169.0
151,2020-07-21,89.06,89.75,85.01,86.47,513195.0
152,2020-07-22,87.04,88.05,84.69,85.38,543906.0
153,2020-07-23,85.0,87.79,80.75,83.3,821238.0
154,2020-07-24,81.7,86.24,80.84,82.32,717125.0
155,2020-07-27,82.7,83.32,80.5,82.89,484362.0
156,2020-07-28,83.34,85.59,81.61,85.1,718229.0
157,2020-07-29,88.0,92.31,86.09,91.4,967327.0
158,2020-07-30,89.97,92.95,88.17,92.07,426589.0
159,2020-07-31,93.74,93.87,90.58,93.11,490984.0
160,2020-08-03,94.15,97.28,92.45,96.82,857864.0
161,2020-08-04,97.27,104.79,94.11,94.75,2910306.0
162,2020-08-05,95.24,102.63,94.99,100.97,1191373.0
163,2020-08-06,100.51,102.94,97.93,101.15,573743.0
164,2020-08-07,99.9,100.46,93.29,94.49,1555470.0
165,2020-08-10,98.97,98.97,85.72,87.6,1847661.0
166,2020-08-11,86.17,87.86,83.12,84.27,1227855.0
167,2020-08-12,84.5,87.12,84.31,85.83,993653.0
168,2020-08-13,86.53,89.46,85.58,85.64,779092.0
169,2020-08-14,86.54,88.43,84.15,86.47,901680.0
170,2020-08-17,87.64,94.99,86.58,94.25,1086813.0
171,2020-08-18,95.06,95.06,91.85,93.91,483828.0
172,2020-08-19,94.49,97.93,92.63,95.69,943309.0
173,2020-08-20,95.08,98.02,95.08,97.18,448896.0
174,2020-08-21,96.47,97.49,94.38,96.71,896050.0
175,2020-08-24,98.06,98.23,91.58,93.61,1099667.0
176,2020-08-25,93.0,97.03,90.3,96.77,1497605.0
177,2020-08-26,98.88,104.44,97.16,103.0,1360439.0
178,2020-08-27,103.0,107.41,101.98,106.06,1570084.0
179,2020-08-28,103.5,106.58,98.19,100.31,3086175.0
180,2020-08-31,97.95,99.44,97.01,98.98,3712270.0
181,2020-09-01,97.0,100.0,96.78,98.33,4398401.0
182,2020-09-02,101.98,101.98,96.55,100.04,5475292.0
183,2020-09-03,97.11,97.89,88.74,90.13,3584779.0
184,2020-09-04,89.53,90.61,82.61,87.05,2445924.0
185,2020-09-08,83.0,87.49,82.21,84.02,1725099.0
186,2020-09-09,86.05,89.03,85.3,88.31,1530993.0
187,2020-09-10,89.07,95.16,89.01,91.3,2383979.0
188,2020-09-11,91.51,91.71,86.91,89.71,1944434.0
189,2020-09-14,90.51,91.55,86.7,88.77,1196196.0
190,2020-09-15,89.73,90.4,85.94,87.08,1450050.0
191,2020-09-16,87.99,90.84,84.67,84.67,1261881.0
192,2020-09-17,83.18,85.14,82.19,84.11,1295564.0
193,2020-09-18,84.92,87.25,83.67,87.04,5416611.0
194,2020-09-21,84.86,88.4,84.73,88.35,2861199.0
195,2020-09-22,89.07,92.12,87.71,91.65,1568804.0
196,2020-09-23,92.0,93.93,90.23,92.3,2064918.0
197,2020-09-24,91.05,95.0,88.52,93.8,2602477.0
198,2020-09-25,93.77,95.35,90.64,95.18,965393.0
199,2020-09-28,96.04,98.1,95.02,97.54,1309163.0
200,2020-09-29,97.84,102.64,96.83,101.64,2643463.0
201,2020-09-30,101.36,103.38,99.21,100.31,1050541.0
202,2020-10-01,101.75,102.98,99.5,101.64,1476950.0
203,2020-10-02,99.14,102.17,97.72,101.09,758676.0
204,2020-10-05,101.94,102.99,100.75,101.84,720080.0
205,2020-10-06,105.57,106.43,102.0,103.61,1600490.0
206,2020-10-07,104.58,110.29,104.24,109.73,1468865.0
207,2020-10-08,111.0,111.41,107.2,110.44,940257.0
208,2020-10-09,111.05,114.33,110.69,113.71,585278.0
209,2020-10-12,115.12,117.25,112.62,115.34,824543.0
210,2020-10-13,115.48,120.0,115.3,119.78,814059.0
211,2020-10-14,120.0,120.77,117.33,119.83,645829.0
212,2020-10-15,116.81,118.97,115.03,116.44,615677.0
213,2020-10-16,117.97,120.14,115.96,116.06,387218.0
214,2020-10-19,116.44,119.2,115.57,115.94,363557.0
215,2020-10-20,116.02,117.4,112.55,112.86,600633.0
216,2020-10-21,113.77,116.79,111.52,111.99,701271.0
217,2020-10-22,112.74,114.04,108.5,109.81,582356.0
218,2020-10-23,109.96,110.46,107.71,109.2,392735.0
219,2020-10-26,108.45,111.18,104.16,107.7,661097.0
220,2020-10-27,109.35,111.34,107.74,111.23,427738.0
221,2020-10-28,109.41,110.35,106.05,108.68,632607.0
222,2020-10-29,109.61,109.97,105.32,105.6,527315.0
223,2020-10-30,105.0,106.79,99.66,100.0,1248276.0
224,2020-11-02,101.4,101.73,94.86,96.72,1329929.0
225,2020-11-03,97.8,100.46,96.9,99.74,664982.0
226,2020-11-04,101.52,111.84,101.36,108.77,1146999.0
227,2020-11-05,112.0,113.21,109.04,110.88,950531.0
228,2020-11-06,105.88,109.25,101.0,102.1,1952423.0
229,2020-11-09,99.01,99.33,90.83,97.35,3114167.0
230,2020-11-10,95.02,96.54,89.19,95.5,2042895.0
231,2020-11-11,95.57,96.17,93.85,95.7,930214.0
232,2020-11-12,95.37,99.45,94.68,95.77,924908.0
233,2020-11-13,97.0,98.41,94.21,95.24,777961.0
234,2020-11-16,95.0,97.47,93.0,96.46,615325.0
235,2020-11-17,97.88,99.84,96.5,98.8,1168470.0
236,2020-11-18,100.0,103.94,98.83,102.28,870437.0
237,2020-11-19,102.83,106.95,100.33,106.29,784837.0
238,2020-11-20,106.35,109.97,105.37,109.3,885537.0
239,2020-11-23,110.1,116.09,108.76,114.97,1586544.0
240,2020-11-24,109.46,115.2,108.96,109.07,3183980.0
241,2020-11-25,109.48,115.2,108.52,114.03,2702715.0
242,2020-11-27,115.46,119.49,113.81,118.98,709878.0
243,2020-11-30,119.5,123.49,116.32,122.71,1695503.0
244,2020-12-01,120.42,124.5,119.99,123.84,1315562.0
245,2020-12-02,121.89,122.89,117.13,117.7,1085342.0
246,2020-12-03,117.45,121.24,117.25,118.96,734468.0
247,2020-12-04,121.89,129.91,121.44,126.23,2140138.0
248,2020-12-07,127.93,130.52,127.43,129.93,1276842.0
249,2020-12-08,130.0,132.09,129.01,131.56,1421858.0
250,2020-12-09,131.91,137.66,130.35,132.0,1693792.0
251,2020-12-10,130.55,137.24,129.09,137.11,1270216.0
252,2020-12-11,137.81,145.97,137.34,143.43,2392162.0
253,2020-12-14,143.45,145.49,140.1,143.0,1726812.0
254,2020-12-15,143.01,145.17,139.75,140.51,1399292.0
255,2020-12-16,141.13,143.09,138.16,142.68,1326070.0
256,2020-12-17,143.09,147.79,142.79,145.94,1373378.0
257,2020-12-18,148.44,149.24,145.06,148.08,2637276.0
258,2020-12-21,144.63,148.69,142.7,148.04,1103561.0
259,2020-12-22,149.22,154.03,148.2,153.8,1117859.0
260,2020-12-23,153.0,153.26,148.15,149.49,866333.0
261,2020-12-24,151.05,151.52,147.15,148.39,532441.0
262,2020-12-28,149.15,149.68,140.25,141.0,891365.0
263,2020-12-29,142.97,142.97,136.79,138.65,848803.0
264,2020-12-30,138.4,139.51,137.12,137.25,626906.0
265,2020-12-31,137.79,138.15,135.5,136.5,647593.0
266,2021-01-04,137.02,146.24,133.66,137.46,2741905.0
267,2021-01-05,138.06,142.91,136.59,139.59,1244942.0
268,2021-01-06,137.05,137.05,127.38,128.97,2216455.0
269,2021-01-07,130.98,136.55,130.98,135.85,1259455.0
270,2021-01-08,138.1,141.4,134.72,138.88,1662399.0
271,2021-01-11,136.55,138.25,133.27,133.27,985604.0
272,2021-01-12,134.11,136.37,132.25,136.0,705412.0
273,2021-01-13,137.0,137.53,133.41,134.5,841798.0
274,2021-01-14,134.84,137.08,127.88,128.58,1066057.0
275,2021-01-15,129.96,131.29,127.01,127.74,1174388.0
276,2021-01-19,130.27,131.0,128.23,128.5,779905.0
277,2021-01-20,130.12,130.63,127.98,128.25,1029502.0
278,2021-01-21,129.78,130.6,128.17,130.17,1042758.0
279,2021-01-22,130.58,132.33,130.3,131.13,639130.0
280,2021-01-25,132.83,136.0,124.53,128.15,1683652.0
281,2021-01-26,128.32,128.96,119.23,119.53,1507938.0
282,2021-01-27,116.0,118.64,109.65,113.49,2456301.0
283,2021-01-28,117.02,126.69,115.65,124.99,2283600.0
284,2021-01-29,124.31,124.7,119.94,121.88,1246417.0
285,2021-02-01,123.01,131.4,123.01,130.74,1520904.0
286,2021-02-02,133.25,140.6,132.5,137.26,1489967.0
287,2021-02-03,137.48,137.91,132.04,134.2,848926.0
288,2021-02-04,135.49,142.45,132.54,139.87,1404041.0
289,2021-02-05,153.88,190.3,153.88,184.69,6479794.0
290,2021-02-08,180.0,184.77,175.79,179.01,2120067.0
291,2021-02-09,179.45,180.98,171.25,173.75,2057681.0
292,2021-02-10,176.8,195.95,174.05,192.0,2688973.0
293,2021-02-11,188.11,192.9,184.81,186.18,1815609.0
294,2021-02-12,187.15,191.5,182.39,190.0,827619.0
295,2021-02-16,191.55,193.68,178.23,183.46,2034067.0
296,2021-02-17,180.53,180.69,170.47,176.03,1031355.0
297,2021-02-18,174.27,180.59,171.12,180.0,976642.0
298,2021-02-19,182.82,186.32,179.89,184.21,927409.0
299,2021-02-22,180.0,183.74,171.63,173.01,1116659.0
300,2021-02-23,163.88,174.37,157.59,171.95,1301185.0
301,2021-02-24,171.73,172.58,162.07,169.42,928648.0
302,2021-02-25,167.27,170.77,156.26,159.17,1402573.0
303,2021-02-26,163.35,166.79,155.72,165.01,1452227.0
304,2021-03-01,167.85,172.72,165.56,171.48,1074398.0
305,2021-03-02,173.14,173.32,162.38,163.0,1098295.0
306,2021-03-03,162.38,163.56,152.6,156.47,1127005.0
307,2021-03-04,154.96,156.82,142.14,148.66,2169829.0
308,2021-03-05,149.82,150.74,134.11,149.0,2164330.0
309,2021-03-08,147.41,152.0,136.62,138.81,1724177.0
310,2021-03-09,145.1,152.33,144.04,148.74,1684980.0
311,2021-03-10,152.08,154.15,142.79,144.76,891074.0
312,2021-03-11,150.3,158.15,148.53,155.31,1275576.0
313,2021-03-12,150.8,163.52,148.09,160.4,1992908.0
314,2021-03-15,161.16,162.27,152.38,158.86,1114854.0
315,2021-03-16,159.99,163.5,148.45,151.8,1230578.0
316,2021-03-17,150.81,160.43,146.74,157.43,1363536.0
317,2021-03-18,153.32,153.32,143.06,144.33,1559602.0
318,2021-03-19,145.28,149.44,142.27,146.34,1240960.0
319,2021-03-22,148.24,154.94,148.02,151.96,748288.0
320,2021-03-23,152.67,157.39,150.35,155.65,923309.0
321,2021-03-24,156.56,157.29,143.14,144.46,940317.0
322,2021-03-25,142.0,145.87,137.76,145.61,1568278.0
323,2021-03-26,146.73,150.21,140.76,146.0,1273046.0
324,2021-03-29,146.15,147.8,137.72,138.3,1026327.0
325,2021-03-30,136.4,139.99,133.57,137.62,2165287.0
326,2021-03-31,139.83,148.09,139.52,145.5,1032024.0
327,2021-04-01,149.21,155.72,148.27,149.87,1537674.0
328,2021-04-05,151.74,152.06,143.33,147.24,1002951.0
329,2021-04-06,148.21,153.24,146.37,152.26,807782.0
330,2021-04-07,151.24,152.0,148.0,151.47,774420.0
331,2021-04-08,154.67,158.84,153.34,157.84,1083994.0
332,2021-04-09,157.84,157.84,152.23,156.71,895352.0
333,2021-04-12,155.52,155.52,149.39,153.62,710796.0
334,2021-04-13,155.21,162.75,155.01,162.31,1178554.0
335,2021-04-14,163.0,167.46,160.52,161.02,1554873.0
336,2021-04-15,164.95,166.73,160.09,164.16,1033819.0
337,2021-04-16,164.49,164.49,157.29,160.73,476852.0
338,2021-04-19,160.08,163.13,152.83,153.39,722167.0
339,2021-04-20,153.83,155.59,146.69,148.93,754405.0
340,2021-04-21,148.0,152.16,146.55,152.16,786946.0
341,2021-04-22,153.0,158.96,151.2,153.32,670057.0
342,2021-04-23,154.88,160.53,154.79,159.99,495745.0
343,2021-04-26,161.06,167.0,159.17,166.76,483822.0
344,2021-04-27,166.01,167.46,162.3,163.29,493405.0
345,2021-04-28,161.51,166.7,160.62,162.43,796874.0
346,2021-04-29,163.61,164.23,150.05,155.15,1063163.0
347,2021-04-30,155.0,158.05,153.62,154.63,1156749.0
348,2021-05-03,155.88,159.68,152.6,153.84,760091.0
349,2021-05-04,150.0,151.72,141.14,146.26,2232152.0
350,2021-05-05,149.0,151.28,136.6,139.37,1057818.0
351,2021-05-06,137.35,137.81,128.0,130.33,2364411.0
352,2021-05-07,152.29,157.56,147.01,154.23,3917059.0
353,2021-05-10,150.79,151.99,139.85,142.07,1755471.0
354,2021-05-11,134.91,148.65,134.1,147.0,2307187.0
355,2021-05-12,142.26,145.99,137.74,139.32,1624457.0
356,2021-05-13,141.28,144.1,130.59,133.86,1154552.0
357,2021-05-14,135.78,141.33,133.2,140.43,1229568.0
358,2021-05-17,138.35,140.79,136.24,138.15,1132544.0
359,2021-05-18,140.0,144.61,137.51,142.28,1151472.0
360,2021-05-19,137.53,142.16,135.92,140.3,1476591.0
361,2021-05-20,143.78,147.71,142.66,145.75,1361402.0
362,2021-05-21,147.48,147.74,143.48,145.55,1570193.0
363,2021-05-24,147.85,150.13,145.12,148.68,2144616.0
364,2021-05-25,148.17,148.74,143.52,146.25,1514986.0
365,2021-05-26,147.5,150.6,146.95,149.5,1965748.0
366,2021-05-27,147.91,148.98,144.34,147.4,1696815.0
367,2021-05-28,149.0,154.0,148.2,148.92,1309616.0
368,2021-06-01,148.93,153.46,144.34,151.59,929517.0
369,2021-06-02,151.0,156.15,150.27,155.94,858771.0
370,2021-06-03,152.29,153.11,146.39,146.39,1110792.0
371,2021-06-04,148.77,150.8,147.75,148.48,736354.0
372,2021-06-07,147.51,154.99,146.6,153.99,804311.0
373,2021-06-08,154.84,161.29,153.98,160.65,1324494.0
374,2021-06-09,161.58,163.3,154.78,154.97,902309.0
375,2021-06-10,154.36,156.68,152.5,155.93,636195.0
376,2021-06-11,155.08,157.54,153.13,157.34,774769.0
377,2021-06-14,157.72,159.1,155.91,157.05,776611.0
378,2021-06-15,155.78,159.7,153.78,159.4,1155557.0
379,2021-06-16,159.4,163.97,157.37,162.62,1274798.0
380,2021-06-17,162.0,173.66,161.75,172.74,1457668.0
381,2021-06-18,170.08,179.85,169.5,178.5,1441521.0
382,2021-06-21,175.71,184.76,173.52,181.23,1281551.0
383,2021-06-22,181.0,188.51,180.5,186.61,857917.0
384,2021-06-23,186.61,191.8,186.55,189.97,661916.0
385,2021-06-24,190.0,192.5,185.5,187.23,1101498.0
386,2021-06-25,188.93,189.75,180.99,189.46,2053653.0
387,2021-06-28,190.0,192.89,183.49,186.6,1081548.0
388,2021-06-29,187.0,188.9,184.4,186.38,990698.0
389,2021-06-30,186.01,186.32,182.06,183.18,875381.0
390,2021-07-01,181.0,184.8,177.88,179.85,955915.0
391,2021-07-02,181.6,185.0,180.0,184.7,764640.0
392,2021-07-06,183.98,189.94,179.83,188.36,1630230.0
393,2021-07-07,190.2,194.8,186.5,189.53,1150305.0
394,2021-07-08,183.44,189.32,180.35,188.81,1537167.0
395,2021-07-09,186.99,191.16,186.86,190.61,703991.0
396,2021-07-12,191.96,194.64,187.09,190.99,1068019.0
397,2021-07-13,189.98,195.66,187.13,191.11,1721847.0
398,2021-07-14,195.52,197.71,185.74,187.2,1643651.0
399,2021-07-15,187.0,190.7,178.07,179.65,2759061.0
400,2021-07-16,180.76,184.5,176.5,182.0,986796.0
401,2021-07-19,179.3,190.12,175.96,188.54,1727618.0
402,2021-07-20,190.07,197.26,185.08,194.41,1221418.0
403,2021-07-21,194.06,200.83,192.0,200.42,989053.0
404,2021-07-22,202.0,204.49,199.42,203.04,705010.0
405,2021-07-23,204.67,208.49,201.65,208.14,830995.0
406,2021-07-26,206.98,211.16,204.04,204.8,814407.0
407,2021-07-27,205.78,205.78,192.53,203.3,891266.0
408,2021-07-28,204.86,209.76,203.31,207.86,541653.0
409,2021-07-29,206.79,211.85,205.38,205.82,504129.0
410,2021-07-30,203.78,208.18,203.25,206.82,607474.0
411,2021-08-02,207.18,209.65,201.98,207.05,362689.0
412,2021-08-03,206.02,208.3,203.74,207.45,451270.0
413,2021-08-04,208.01,209.0,203.62,205.95,773294.0
414,2021-08-05,206.25,211.2,205.76,208.92,610047.0
415,2021-08-06,207.35,209.77,200.06,202.92,848493.0
416,2021-08-09,203.82,204.81,201.49,202.45,1006120.0
417,2021-08-10,203.1,204.88,196.86,199.73,864720.0
418,2021-08-11,199.66,200.45,192.82,198.64,915046.0
419,2021-08-12,196.68,205.23,194.74,204.33,727395.0
420,2021-08-13,204.0,208.72,202.77,207.85,819733.0
421,2021-08-16,206.06,206.39,194.52,200.59,1223228.0
422,2021-08-17,198.44,199.74,191.32,196.9,1032843.0
423,2021-08-18,197.77,208.89,196.26,204.92,1241541.0
424,2021-08-19,207.03,211.68,204.32,205.91,893825.0
425,2021-08-20,204.93,210.85,204.53,209.35,833283.0
426,2021-08-23,210.15,219.0,209.0,217.35,1006615.0
427,2021-08-24,218.8,221.19,215.15,217.17,1168527.0
428,2021-08-25,220.21,221.98,215.9,219.41,645052.0
429,2021-08-26,219.87,222.79,217.6,219.05,1041218.0
430,2021-08-27,249.03,288.88,237.0,283.98,10696852.0
431,2021-08-30,290.0,291.17,270.0,282.08,2502700.0
432,2021-08-31,278.25,281.58,272.0,274.39,2332119.0
433,2021-09-01,273.15,282.49,273.01,277.13,1256101.0
434,2021-09-02,278.49,292.61,277.2,287.46,1484253.0
435,2021-09-03,289.15,299.15,287.04,297.14,1734926.0
436,2021-09-07,297.5,299.68,289.13,294.4,1770611.0
437,2021-09-08,292.53,301.99,288.64,297.53,1375851.0
438,2021-09-09,295.0,299.31,292.06,293.05,759245.0
439,2021-09-10,285.95,289.77,280.45,281.04,1469840.0
440,2021-09-13,281.99,285.26,272.97,280.71,1406912.0
441,2021-09-14,283.36,291.19,283.36,286.63,1017599.0
442,2021-09-15,285.99,291.79,280.37,289.25,1306822.0
443,2021-09-16,287.82,297.29,286.58,296.56,1134816.0
444,2021-09-17,296.79,297.74,289.61,294.2,1982775.0
445,2021-09-20,287.94,288.45,278.18,283.75,1564734.0
446,2021-09-21,269.8,275.8,262.37,274.14,3703678.0
447,2021-09-22,276.35,279.5,267.26,274.32,6471309.0
448,2021-09-23,274.96,279.29,266.54,276.9,2971992.0
449,2021-09-24,275.83,275.83,267.33,273.13,1567829.0
450,2021-09-27,267.13,271.98,260.5,270.87,1852173.0
451,2021-09-28,265.11,265.32,251.69,258.77,2100277.0
452,2021-09-29,264.71,266.88,256.78,259.61,1535119.0
453,2021-09-30,261.82,271.45,259.84,266.95,1278084.0
454,2021-10-01,269.02,279.52,262.84,277.13,1460642.0
455,2021-10-04,272.78,273.04,254.15,261.3,1473620.0
456,2021-10-05,263.35,268.94,261.66,267.39,1445624.0
457,2021-10-06,263.21,277.84,262.29,273.52,1650355.0
458,2021-10-07,274.54,282.85,274.42,277.99,1098153.0
459,2021-10-08,279.56,282.98,270.43,274.33,899327.0
460,2021-10-11,271.6,281.63,266.21,270.6,857498.0
461,2021-10-12,275.35,283.86,272.36,280.09,1001423.0
462,2021-10-13,281.25,295.67,281.25,294.71,1584122.0
463,2021-10-14,299.47,308.65,296.7,300.64,1252254.0
464,2021-10-15,297.12,300.86,290.72,296.05,1081861.0
465,2021-10-18,298.26,302.56,292.25,295.96,1321227.0
466,2021-10-19,300.0,303.27,293.29,297.5,1336579.0
467,2021-10-20,303.0,305.69,292.6,295.76,1030910.0
468,2021-10-21,294.19,309.63,293.17,303.76,1238296.0
469,2021-10-22,303.01,306.0,296.86,302.13,650055.0
470,2021-10-25,305.09,312.99,299.55,300.53,916707.0
471,2021-10-26,303.52,307.04,285.55,286.29,1316377.0
472,2021-10-27,289.07,296.0,288.31,290.17,928739.0
473,2021-10-28,289.36,296.13,288.88,291.51,435694.0
474,2021-10-29,288.93,295.97,287.04,294.31,708689.0
475,2021-11-01,292.99,299.88,292.99,299.75,882795.0
476,2021-11-02,301.48,301.48,293.9,295.47,893408.0
477,2021-11-03,300.0,300.0,286.61,293.21,1213587.0
478,2021-11-04,291.43,302.92,284.39,293.9,2093617.0
479,2021-11-05,338.5,343.5,315.3,334.46,3461181.0
480,2021-11-08,336.82,348.5,330.21,341.82,1316852.0
481,2021-11-09,345.83,348.0,333.28,342.26,1142458.0
482,2021-11-10,337.71,341.61,322.49,327.24,1264263.0
483,2021-11-11,332.59,337.51,325.59,330.4,1042320.0
484,2021-11-12,332.99,339.59,325.72,334.7,1015340.0
485,2021-11-15,335.0,336.77,320.89,325.81,1310103.0
486,2021-11-16,323.64,340.37,321.33,339.27,1339341.0
487,2021-11-17,340.57,345.55,320.27,324.38,1720464.0
488,2021-11-18,325.0,328.0,312.43,314.0,1651418.0
489,2021-11-19,317.87,329.67,314.12,318.17,1749500.0
490,2021-11-22,321.62,322.0,290.32,300.06,1965618.0
491,2021-11-23,297.29,308.8,282.51,295.02,2107151.0
492,2021-11-24,291.05,300.85,289.37,298.76,2024120.0
493,2021-11-26,295.0,308.2,295.0,300.0,1157187.0
494,2021-11-29,304.1,306.72,291.61,298.5,1765818.0
495,2021-11-30,301.49,307.1,275.75,280.85,5799684.0
496,2021-12-01,286.86,287.87,250.95,252.02,2350973.0
497,2021-12-02,248.78,254.96,238.07,251.3,2945699.0
498,2021-12-03,250.0,252.88,220.93,236.98,2905166.0
499,2021-12-06,234.32,242.27,224.19,232.81,2584242.0
500,2021-12-07,243.3,258.72,242.41,254.76,2727227.0
501,2021-12-08,254.76,269.48,248.11,264.47,1684267.0
502,2021-12-09,263.78,269.31,250.91,254.52,1600908.0
503,2021-12-10,258.01,268.91,250.21,255.04,1563739.0
504,2021-12-13,253.51,265.48,250.47,250.83,1271106.0
505,2021-12-14,243.97,247.89,233.5,241.13,1875939.0
506,2021-12-15,241.82,251.62,233.39,249.65,2331794.0
507,2021-12-16,250.65,255.58,225.2,232.99,2254464.0
508,2021-12-17,228.66,247.49,224.02,244.74,2941150.0
509,2021-12-20,232.93,245.39,229.85,242.19,1900752.0
510,2021-12-21,246.59,260.5,240.06,256.29,2059815.0
511,2021-12-22,256.64,262.65,250.52,258.29,951385.0
512,2021-12-23,257.41,259.22,252.94,253.38,748445.0
513,2021-12-27,255.46,260.91,252.48,253.42,680488.0
514,2021-12-28,255.27,255.85,242.0,242.6,830550.0
515,2021-12-29,245.0,249.98,238.29,248.64,640110.0
516,2021-12-30,247.99,256.8,246.37,251.15,818430.0
517,2021-12-31,250.24,255.28,248.04,249.15,606269.0
518,2022-01-03,250.16,252.11,232.23,233.54,1427523.0
519,2022-01-04,235.09,235.09,200.57,218.42,4029866.0
520,2022-01-05,211.03,220.95,201.02,202.29,2303182.0
521,2022-01-06,201.0,210.7,194.22,202.9,1960023.0
522,2022-01-07,202.8,214.63,197.33,201.93,1403860.0
523,2022-01-10,193.88,202.16,177.12,200.99,3538911.0
524,2022-01-11,205.0,215.12,201.29,212.32,2380592.0
525,2022-01-12,212.32,220.0,203.12,205.0,2026356.0
526,2022-01-13,205.01,205.25,183.07,183.36,2751758.0
527,2022-01-14,183.99,187.75,174.29,181.12,2382629.0
528,2022-01-18,176.03,182.61,171.05,174.01,2125324.0
529,2022-01-19,172.71,177.67,167.77,167.94,2161918.0
530,2022-01-20,171.46,183.0,168.88,169.61,2634380.0
531,2022-01-21,168.14,172.44,154.96,156.89,2186693.0
532,2022-01-24,152.0,167.22,144.58,166.73,3369817.0
533,2022-01-25,161.1,165.83,154.71,158.0,2011709.0
534,2022-01-26,165.14,173.51,159.88,162.16,4573265.0
535,2022-01-27,165.22,172.2,154.24,156.08,2696681.0
536,2022-01-28,158.51,168.12,151.0,168.06,2503955.0
537,2022-01-31,170.96,189.5,170.96,188.21,3906493.0
538,2022-02-01,193.52,197.57,184.61,193.73,3946302.0
539,2022-02-02,192.81,199.16,184.67,184.67,4354873.0
540,2022-02-03,176.75,179.98,168.6,170.28,3557372.0
541,2022-02-04,202.14,241.69,200.25,231.67,9630824.0
542,2022-02-07,230.0,243.94,226.58,229.79,3159178.0
543,2022-02-08,229.3,237.11,224.39,236.21,1908810.0
544,2022-02-09,236.95,247.94,231.31,247.48,2828423.0
545,2022-02-10,246.92,262.17,241.97,252.06,3032168.0
546,2022-02-11,250.01,260.75,234.75,236.79,3366411.0
547,2022-02-14,235.51,250.47,232.23,240.0,1842463.0
548,2022-02-15,243.47,255.5,240.19,253.72,2253554.0
549,2022-02-16,249.15,257.81,243.42,256.9,1800534.0
550,2022-02-17,254.07,254.99,226.1,232.04,2752886.0
551,2022-02-18,233.63,239.58,222.83,224.23,1863211.0
552,2022-02-22,221.66,231.52,218.01,222.53,1307667.0
553,2022-02-23,219.45,224.05,205.04,206.32,2102461.0
554,2022-02-24,198.75,228.83,194.0,227.29,2180692.0
555,2022-02-25,226.01,234.52,219.12,229.36,1611768.0
556,2022-02-28,234.88,243.8,229.05,237.88,2099593.0
557,2022-03-01,238.06,247.58,228.02,230.21,1656663.0
558,2022-03-02,233.86,235.79,221.7,234.41,1450957.0
559,2022-03-03,233.88,234.77,214.28,218.58,2369115.0
560,2022-03-04,222.11,222.49,199.44,205.26,2052141.0
561,2022-03-07,209.41,212.98,184.71,185.66,2513839.0
562,2022-03-08,182.76,194.5,176.83,184.19,2642353.0
563,2022-03-09,192.58,203.48,191.39,200.52,1920969.0
564,2022-03-10,193.99,206.5,190.12,204.88,1936022.0
565,2022-03-11,206.0,208.0,187.26,187.51,1478860.0
566,2022-03-14,183.29,187.0,167.04,172.4,2348437.0
567,2022-03-15,173.53,177.92,166.08,175.42,2467957.0
568,2022-03-16,180.56,200.7,180.1,198.28,3005436.0
569,2022-03-17,192.45,210.68,191.39,209.73,1651172.0
570,2022-03-18,206.11,227.76,205.31,224.83,3220322.0
571,2022-03-21,219.22,228.78,213.51,221.93,1752257.0
572,2022-03-22,221.57,237.75,219.18,229.39,1700575.0
573,2022-03-23,226.46,239.37,218.8,233.82,1481734.0
574,2022-03-24,233.81,238.6,225.69,236.44,1366877.0
575,2022-03-25,237.64,238.0,212.99,219.57,1650901.0
576,2022-03-28,220.89,232.19,218.21,231.77,1292875.0
577,2022-03-29,235.11,243.95,230.01,241.07,1231174.0
578,2022-03-30,238.27,241.68,230.29,232.15,1204427.0
579,2022-03-31,233.56,238.0,226.74,226.79,1196453.0
580,2022-04-01,223.12,238.71,220.59,232.5,1356458.0
581,2022-04-04,232.18,244.89,232.03,243.15,1199325.0
582,2022-04-05,243.99,243.99,221.87,225.27,1536285.0
583,2022-04-06,219.04,222.61,205.68,212.86,1783734.0
584,2022-04-07,211.31,218.0,199.72,205.66,1834633.0
585,2022-04-08,202.81,207.41,199.72,200.32,1045389.0
586,2022-04-11,196.96,205.86,192.86,202.32,1210513.0
587,2022-04-12,207.37,217.91,198.78,200.54,1373262.0
588,2022-04-13,198.27,210.99,198.19,209.57,952329.0
589,2022-04-14,208.3,208.98,195.89,196.01,1136413.0
590,2022-04-18,194.09,194.87,186.19,192.22,1228846.0
591,2022-04-19,194.78,209.74,193.64,206.82,1744666.0
592,2022-04-20,207.94,209.13,192.21,195.66,1511499.0
593,2022-04-21,199.52,205.92,177.56,178.28,2083939.0
594,2022-04-22,178.99,186.0,171.58,172.53,1342228.0
595,2022-04-25,173.98,184.82,171.16,182.9,1503789.0
596,2022-04-26,181.59,183.31,172.24,174.03,1306758.0
597,2022-04-27,174.19,181.34,169.73,172.82,1415034.0
598,2022-04-28,175.97,186.36,170.91,182.7,1474329.0
599,2022-04-29,180.61,189.97,169.94,170.71,1881302.0
600,2022-05-02,168.0,178.94,165.6,175.75,2239790.0
601,2022-05-03,173.78,176.76,162.27,168.18,2519795.0
602,2022-05-04,170.05,176.62,150.97,175.45,4354241.0
603,2022-05-05,170.23,173.77,145.72,152.24,6315060.0
604,2022-05-06,125.16,134.99,109.09,121.0,9613646.0
605,2022-05-09,118.73,118.73,105.71,107.91,6327336.0
606,2022-05-10,111.25,117.48,97.59,107.24,5053916.0
607,2022-05-11,105.96,113.1,96.29,97.45,3603223.0
608,2022-05-12,95.09,104.82,89.87,99.99,4010829.0
609,2022-05-13,104.66,120.09,104.5,118.54,4909667.0
610,2022-05-16,116.25,120.35,108.21,109.4,1997825.0
611,2022-05-17,113.86,117.14,105.19,108.37,4027277.0
612,2022-05-18,106.69,111.08,100.45,101.63,2073179.0
613,2022-05-19,103.33,121.5,101.78,114.42,4893456.0
614,2022-05-20,119.36,121.58,109.83,118.63,3840375.0
615,2022-05-23,115.31,121.78,110.52,114.66,2899107.0
616,2022-05-24,111.22,111.22,100.08,104.32,2474129.0
617,2022-05-25,104.5,113.31,103.01,111.74,1916921.0
618,2022-05-26,108.33,117.68,107.79,116.2,1559940.0
619,2022-05-27,117.84,125.39,117.84,125.3,2391522.0
620,2022-05-31,124.84,128.0,116.08,118.24,2853323.0
621,2022-06-01,119.79,123.47,113.26,115.67,1334471.0
622,2022-06-02,116.47,128.95,116.36,127.16,2332412.0
623,2022-06-03,123.99,130.51,121.56,127.39,2126209.0
624,2022-06-06,130.0,132.47,124.76,129.15,2519395.0
625,2022-06-07,126.7,136.37,125.52,136.22,1868939.0
626,2022-06-08,134.17,139.82,132.6,135.02,1790161.0
627,2022-06-09,131.94,136.29,127.26,128.04,1364332.0
628,2022-06-10,124.63,124.71,114.35,117.85,1925036.0
629,2022-06-13,108.56,112.26,102.08,105.8,2249214.0
630,2022-06-14,105.0,109.12,103.73,105.97,1628150.0
631,2022-06-15,108.55,115.94,107.25,113.31,1244057.0
632,2022-06-16,111.0,113.23,103.12,104.87,1576345.0
633,2022-06-17,104.45,112.45,104.45,109.47,2060340.0
634,2022-06-21,111.25,117.54,111.25,112.81,1245180.0
635,2022-06-22,109.73,119.8,109.63,112.89,1762486.0
636,2022-06-23,114.02,124.95,111.72,124.56,2944337.0
637,2022-06-24,126.22,131.74,124.55,130.48,3906640.0
638,2022-06-27,129.15,130.42,122.78,124.82,1417137.0
639,2022-06-28,125.13,126.89,113.44,115.54,1161210.0
640,2022-06-29,115.5,117.79,111.26,114.55,1255417.0
641,2022-06-30,112.34,113.15,104.14,109.94,1556792.0
642,2022-07-01,111.7,115.41,109.06,113.69,1626605.0
643,2022-07-05,112.0,127.71,111.64,126.45,2102540.0
644,2022-07-06,126.03,130.52,122.26,123.39,1804847.0
645,2022-07-07,122.75,132.25,122.75,131.78,1523654.0
646,2022-07-08,128.48,134.23,125.64,129.89,1123423.0
647,2022-07-11,128.74,128.74,121.05,126.12,1421663.0
648,2022-07-12,127.98,132.28,120.56,122.43,1485690.0
649,2022-07-13,118.86,125.76,115.22,122.41,1314103.0
650,2022-07-14,121.02,121.02,113.93,117.2,1149679.0
651,2022-07-15,119.38,123.1,116.55,122.22,963325.0
652,2022-07-18,124.12,129.16,123.76,125.16,977600.0
653,2022-07-19,127.47,128.49,121.75,126.32,1172422.0
654,2022-07-20,127.48,139.93,127.34,138.75,1790102.0
655,2022-07-21,137.7,141.75,135.26,137.88,1100696.0
656,2022-07-22,137.06,140.29,127.0,129.57,1243591.0
657,2022-07-25,129.06,129.6,123.4,125.75,1066432.0
658,2022-07-26,122.5,122.66,118.17,120.2,1403695.0
659,2022-07-27,125.37,130.05,122.24,128.85,1029759.0
660,2022-07-28,128.01,132.5,123.13,132.4,900393.0
661,2022-07-29,132.58,136.8,129.43,135.08,1184407.0
662,2022-08-01,134.76,139.31,129.48,134.67,1080223.0
663,2022-08-02,131.55,139.74,131.03,136.35,1275788.0
664,2022-08-03,137.59,143.66,135.91,143.41,1340264.0
665,2022-08-04,140.81,143.08,136.43,141.44,1096512.0
666,2022-08-05,136.0,144.87,134.37,142.46,1472934.0
667,2022-08-08,143.81,154.78,143.81,147.93,1433653.0
668,2022-08-09,145.32,147.5,141.06,144.92,1359406.0
669,2022-08-10,153.98,162.72,152.68,162.51,2010766.0
670,2022-08-11,164.78,167.62,148.79,150.57,2855206.0
671,2022-08-12,154.52,158.5,151.13,157.64,1480193.0
672,2022-08-15,155.88,160.9,154.08,159.47,1556275.0
673,2022-08-16,157.11,157.54,149.59,154.64,2013652.0
674,2022-08-17,150.0,152.57,147.76,151.38,2286722.0
675,2022-08-18,151.01,151.28,145.58,149.4,4019665.0
676,2022-08-19,174.4,177.71,165.66,174.29,9855316.0
677,2022-08-22,169.98,170.0,160.69,162.91,3812214.0
678,2022-08-23,165.06,173.3,162.17,163.9,2125709.0
679,2022-08-24,163.24,173.99,163.01,172.13,2202612.0
680,2022-08-25,174.66,177.75,170.63,177.31,1541599.0
681,2022-08-26,179.0,179.85,165.77,167.66,1613546.0
682,2022-08-29,165.0,169.17,162.22,162.69,1580818.0
683,2022-08-30,165.75,169.72,161.18,166.28,1261509.0
684,2022-08-31,167.53,171.99,160.58,161.88,1803843.0
685,2022-09-01,158.25,159.21,148.31,149.87,3487653.0
686,2022-09-02,153.24,155.65,146.47,149.64,1977571.0
687,2022-09-06,149.83,151.06,143.45,148.91,1630755.0
688,2022-09-07,148.0,156.98,147.53,156.38,1396536.0
689,2022-09-08,153.75,161.81,153.27,161.45,1319629.0
690,2022-09-09,163.46,169.1,163.4,167.39,1337423.0
691,2022-09-12,172.71,175.54,167.56,172.35,3040448.0
692,2022-09-13,160.0,164.85,158.85,162.34,1824552.0
693,2022-09-14,163.35,163.8,158.75,163.12,1358367.0
694,2022-09-15,160.06,168.67,157.99,158.84,1679471.0
695,2022-09-16,155.42,155.89,148.41,149.16,2382302.0
696,2022-09-19,146.13,148.6,143.45,144.03,2469677.0
697,2022-09-20,142.26,144.58,140.52,142.06,1432957.0
698,2022-09-21,143.43,146.99,137.76,138.52,1630493.0
699,2022-09-22,137.46,139.05,129.01,130.14,1859879.0
700,2022-09-23,127.37,129.53,122.39,125.74,2317074.0
701,2022-09-26,125.38,130.23,124.29,124.31,1542178.0
702,2022-09-27,128.7,131.39,125.85,128.73,1459689.0
703,2022-09-28,129.0,135.82,128.14,133.68,2126892.0
704,2022-09-29,129.14,140.27,126.06,135.22,4896843.0
705,2022-09-30,132.48,139.26,131.25,132.37,1659936.0
706,2022-10-03,133.6,139.69,132.23,138.18,1744462.0
707,2022-10-04,143.8,152.26,143.09,150.06,3350204.0
708,2022-10-05,146.75,151.58,143.29,150.51,1230708.0
709,2022-10-06,149.98,154.12,147.08,148.32,1243031.0
710,2022-10-07,143.35,143.51,137.47,138.54,1413500.0
711,2022-10-10,137.95,138.74,126.34,129.01,1882303.0
712,2022-10-11,127.2,128.68,119.43,124.22,2180243.0
713,2022-10-12,124.05,125.25,119.16,123.36,1444035.0
714,2022-10-13,116.34,125.55,112.26,122.53,1841335.0
715,2022-10-14,125.18,127.58,117.15,118.37,1341772.0
716,2022-10-17,123.0,128.68,123.0,125.18,1579380.0
717,2022-10-18,132.55,136.46,127.59,131.79,1755528.0
718,2022-10-19,127.83,131.82,124.75,126.34,1417986.0
719,2022-10-20,124.45,133.14,124.45,127.37,1261771.0
720,2022-10-21,126.11,128.48,120.8,128.38,1337028.0
721,2022-10-24,127.75,128.3,121.62,126.5,1080664.0
722,2022-10-25,129.01,135.1,128.43,133.8,1724755.0
723,2022-10-26,129.78,138.08,128.38,128.96,1380484.0
724,2022-10-27,130.75,136.88,130.67,134.46,2035625.0
725,2022-10-28,132.87,136.66,128.2,133.98,1305801.0
726,2022-10-31,132.43,134.91,131.61,133.36,1331097.0
727,2022-11-01,138.56,139.0,130.37,130.44,1461946.0
728,2022-11-02,130.0,130.29,116.0,116.52,3638214.0
729,2022-11-03,115.96,123.27,113.89,116.13,3547616.0
730,2022-11-04,114.0,114.5,98.35,106.33,8257300.0
731,2022-11-07,107.68,107.8,100.59,104.42,3455350.0
732,2022-11-08,105.39,107.9,100.37,104.25,2301986.0
733,2022-11-09,101.98,102.8,97.37,99.36,2616466.0
734,2022-11-10,112.02,120.15,111.73,120.14,4497861.0
735,2022-11-11,119.65,130.3,119.04,125.38,2649452.0
736,2022-11-14,123.43,125.76,117.64,123.11,2308958.0
737,2022-11-15,127.82,133.09,126.0,129.85,2198262.0
738,2022-11-16,126.85,128.99,122.22,124.75,1371162.0
739,2022-11-17,119.68,121.38,115.52,117.69,2341100.0
740,2022-11-18,119.0,119.64,112.51,113.31,1666898.0
741,2022-11-21,110.77,111.8,107.95,111.08,1715916.0
742,2022-11-22,111.0,114.8,108.96,114.78,1566980.0
743,2022-11-23,115.19,122.82,113.93,121.47,1384182.0
744,2022-11-25,120.37,121.76,118.58,121.47,372534.0
745,2022-11-28,119.86,123.19,115.61,115.61,1497474.0
746,2022-11-29,116.8,117.34,112.3,114.67,1479134.0
747,2022-11-30,113.64,120.82,110.86,120.42,2096603.0
748,2022-12-01,119.52,127.72,118.73,123.64,1499154.0
749,2022-12-02,119.63,123.77,118.6,121.6,1273719.0
750,2022-12-05,120.46,121.7,110.07,110.45,1376527.0
751,2022-12-06,111.0,111.44,105.59,106.67,1896192.0
752,2022-12-07,107.07,110.77,105.43,110.56,1771603.0
753,2022-12-08,111.86,119.48,109.99,115.41,1721819.0
754,2022-12-09,114.4,116.71,111.5,111.85,999822.0
755,2022-12-12,112.76,119.22,112.2,117.82,1256930.0
756,2022-12-13,126.0,128.39,117.44,118.81,1785013.0
757,2022-12-14,118.0,126.0,118.0,123.86,2324715.0
758,2022-12-15,118.61,122.22,112.28,112.76,1778202.0
759,2022-12-16,111.52,113.58,108.37,111.21,1538669.0
760,2022-12-19,110.59,110.98,104.96,106.17,1480863.0
761,2022-12-20,104.05,108.92,103.91,107.46,1202214.0
762,2022-12-21,108.69,112.46,106.01,108.48,2017053.0
763,2022-12-22,106.69,106.69,102.6,104.71,1346996.0
764,2022-12-23,103.56,104.46,101.69,103.74,800744.0
765,2022-12-27,102.48,103.9,99.66,103.17,2025964.0
766,2022-12-28,102.74,104.37,101.65,102.91,1971317.0
767,2022-12-29,104.49,110.21,103.3,108.84,1577593.0
768,2022-12-30,106.14,109.71,106.14,108.96,1104456.0
769,2023-01-03,111.61,112.97,107.48,109.26,1969394.0
770,2023-01-04,111.42,112.12,106.94,107.24,1319975.0
771,2023-01-05,105.01,105.16,96.67,96.98,2453212.0
772,2023-01-06,97.67,98.81,91.82,94.49,3456241.0
773,2023-01-09,96.29,103.52,95.55,100.39,2081424.0
774,2023-01-10,99.47,101.83,96.8,101.65,1325936.0
775,2023-01-11,101.76,103.9,99.01,102.4,2028149.0
776,2023-01-12,103.05,104.63,95.79,104.31,1949513.0
777,2023-01-13,101.57,103.63,99.86,103.31,1452224.0
778,2023-01-17,102.78,107.76,100.81,106.55,1986629.0
779,2023-01-18,108.19,109.54,103.22,103.58,1785412.0
780,2023-01-19,102.07,103.38,99.26,99.72,1231805.0
781,2023-01-20,100.5,104.88,99.9,104.05,1351412.0
782,2023-01-23,104.74,110.62,103.52,109.93,2185484.0
783,2023-01-24,110.5,111.99,107.5,108.66,1574291.0
784,2023-01-25,104.4,106.76,100.39,106.71,2221576.0
785,2023-01-26,109.91,113.49,107.83,113.43,1791033.0
786,2023-01-27,112.63,121.15,112.63,119.91,2387938.0
787,2023-01-30,117.17,118.83,112.71,113.29,2649718.0
788,2023-01-31,114.5,116.0,112.33,115.62,2198296.0
789,2023-02-01,116.54,120.58,113.0,119.16,2603105.0
790,2023-02-02,123.84,132.13,123.84,128.91,5716553.0
791,2023-02-03,97.74,103.6,91.0,94.51,21534948.0
792,2023-02-06,93.01,97.97,92.61,95.33,5747550.0
793,2023-02-07,94.0,101.95,92.85,101.07,4850953.0
794,2023-02-08,100.95,106.96,100.56,102.05,3510650.0
795,2023-02-09,102.87,104.44,97.57,97.75,2819626.0
796,2023-02-10,96.88,97.41,91.24,94.95,4538812.0
797,2023-02-13,95.0,96.05,92.75,94.42,2084316.0
798,2023-02-14,94.81,98.9,93.29,97.06,2165662.0
799,2023-02-15,96.54,103.24,95.04,103.04,2569515.0
800,2023-02-16,99.73,101.82,96.34,96.51,2309253.0
801,2023-02-17,95.6,95.83,92.3,93.3,2509510.0
802,2023-02-21,91.0,93.48,90.38,90.87,2396450.0
803,2023-02-22,91.55,92.34,89.64,89.9,1740874.0
804,2023-02-23,90.88,91.02,86.59,89.5,2057058.0
805,2023-02-24,87.55,87.56,84.96,85.99,2655275.0
806,2023-02-27,87.25,87.25,85.0,85.06,1909167.0
807,2023-02-28,84.84,86.2,84.37,84.63,2127237.0
808,2023-03-01,85.02,85.91,83.58,84.18,2048854.0
809,2023-03-02,83.02,88.17,82.81,87.95,2014131.0
810,2023-03-03,88.72,90.9,88.62,90.55,1578967.0
811,2023-03-06,90.0,91.92,88.72,88.77,1309105.0
812,2023-03-07,88.7,89.91,83.8,84.33,2828058.0
813,2023-03-08,83.63,84.57,81.82,82.9,2351633.0
814,2023-03-09,82.8,84.49,80.19,80.32,2413239.0
815,2023-03-10,80.02,80.44,68.33,68.35,9574420.0
816,2023-03-13,72.61,76.1,68.3,73.82,6315299.0
817,2023-03-14,75.0,76.86,73.43,74.28,4519892.0
818,2023-03-15,73.6,76.72,72.31,76.51,3910674.0
819,2023-03-16,76.91,78.31,75.35,76.63,3501539.0
820,2023-03-17,76.17,76.59,72.71,73.64,2281384.0
821,2023-03-20,72.57,73.75,71.45,73.5,2180534.0
822,2023-03-21,74.3,78.49,74.26,78.43,2501154.0
823,2023-03-22,78.4,78.8,73.92,74.0,2043875.0
824,2023-03-23,74.34,76.65,70.69,72.24,2194690.0
825,2023-03-24,71.25,71.39,68.55,69.24,2782737.0
826,2023-03-27,70.74,71.89,69.44,70.95,1238651.0
827,2023-03-28,70.92,72.52,70.25,72.11,1663563.0
828,2023-03-29,73.3,74.79,71.64,74.32,1516769.0
829,2023-03-30,75.95,76.98,75.0,76.59,1941598.0
830,2023-03-31,77.09,82.15,76.89,81.14,2904153.0
831,2023-04-03,79.64,80.26,77.51,79.46,1951444.0
832,2023-04-04,80.21,80.8,79.19,79.98,2103842.0
833,2023-04-05,79.27,79.27,73.29,74.89,2014567.0
834,2023-04-06,74.19,75.65,72.51,75.08,1794877.0
835,2023-04-10,73.63,74.91,71.88,74.84,1131436.0
836,2023-04-11,74.5,77.53,73.21,77.2,1634647.0
837,2023-04-12,79.32,79.81,74.09,74.8,1880578.0
838,2023-04-13,75.98,77.43,75.31,76.42,1508374.0
839,2023-04-14,76.03,77.09,74.68,75.51,1651747.0
840,2023-04-17,75.4,78.0,74.8,77.96,1418369.0
841,2023-04-18,79.19,79.19,76.93,78.35,1263887.0
842,2023-04-19,77.16,77.95,74.67,77.65,1408601.0
843,2023-04-20,75.49,78.12,75.24,76.68,1190369.0
844,2023-04-21,78.49,79.64,77.19,79.41,1932594.0
845,2023-04-24,78.84,79.73,76.22,76.58,1164399.0
846,2023-04-25,74.99,75.51,72.04,73.04,2128166.0
847,2023-04-26,74.7,78.67,74.59,75.95,2375824.0
848,2023-04-27,77.3,78.66,76.17,78.34,1303444.0
849,2023-04-28,77.0,78.7,75.45,76.81,2347918.0
850,2023-05-01,76.2,78.35,74.88,77.47,1541513.0
851,2023-05-02,76.67,77.65,75.5,75.69,1820215.0
852,2023-05-03,76.14,81.29,75.5,78.63,2699179.0
853,2023-05-04,79.97,82.56,79.45,79.91,3521596.0
854,2023-05-05,94.83,99.89,89.75,94.04,8362019.0
855,2023-05-08,95.24,97.4,92.91,97.35,2703932.0
856,2023-05-09,95.52,99.1,95.52,96.31,2239149.0
857,2023-05-10,98.13,101.27,97.67,99.15,1884374.0
858,2023-05-11,98.53,100.0,95.35,99.52,1788427.0
859,2023-05-12,98.89,98.89,93.34,93.7,2154783.0
860,2023-05-15,93.96,99.55,93.66,97.69,1976028.0
861,2023-05-16,96.61,96.99,93.22,94.2,1509744.0
862,2023-05-17,94.58,97.42,94.58,96.32,1202938.0
863,2023-05-18,96.79,98.19,95.46,97.69,1462993.0
864,2023-05-19,97.57,97.61,94.22,94.66,1327207.0
865,2023-05-22,94.25,99.71,93.58,99.66,1779175.0
866,2023-05-23,98.59,101.39,96.53,96.76,1696056.0
867,2023-05-24,95.45,97.92,94.9,97.67,1244160.0
868,2023-05-25,99.78,100.87,94.26,95.11,1794650.0
869,2023-05-26,95.83,99.87,95.33,98.27,1712620.0
870,2023-05-30,99.99,102.82,97.89,98.32,1624589.0
871,2023-05-31,97.25,103.79,96.74,103.58,2077116.0
872,2023-06-01,100.53,105.15,100.15,103.99,1349646.0
873,2023-06-02,106.31,108.49,105.55,107.46,1786697.0
874,2023-06-05,105.69,112.5,105.35,111.49,2292998.0
875,2023-06-06,110.9,117.88,110.5,117.09,2606257.0
876,2023-06-07,117.51,118.82,110.71,111.03,2450443.0
877,2023-06-08,109.66,116.52,109.3,115.9,1522232.0
878,2023-06-09,117.2,118.63,114.81,115.26,1318589.0
879,2023-06-12,111.75,116.29,111.13,115.51,2044659.0
880,2023-06-13,118.0,119.52,116.91,118.13,1551154.0
881,2023-06-14,117.16,117.73,112.84,114.24,1693902.0
882,2023-06-15,112.76,115.81,111.6,114.47,1417087.0
883,2023-06-16,114.52,115.09,110.11,111.26,2161600.0
884,2023-06-20,110.0,112.94,109.53,111.81,1351487.0
885,2023-06-21,111.24,111.91,106.42,108.63,1171852.0
886,2023-06-22,107.8,110.03,107.3,109.85,962142.0
887,2023-06-23,107.84,109.03,107.0,108.19,1064572.0
888,2023-06-26,107.47,111.22,106.59,108.26,1028249.0
889,2023-06-27,110.36,115.93,110.03,114.85,2334997.0
890,2023-06-28,113.78,119.58,113.7,118.72,1943594.0
891,2023-06-29,120.0,120.0,115.22,116.12,1488985.0
892,2023-06-30,118.0,119.0,116.45,116.85,1309874.0
893,2023-07-03,117.12,118.98,116.01,116.94,676302.0
894,2023-07-05,116.52,116.55,114.23,115.65,1199068.0
895,2023-07-06,116.07,116.53,111.85,115.03,1218424.0
896,2023-07-07,114.72,117.75,114.33,115.6,1166177.0
897,2023-07-10,113.54,119.7,113.51,118.57,1048385.0
898,2023-07-11,119.99,121.95,118.07,121.61,1455004.0
899,2023-07-12,125.53,126.38,120.05,121.48,1297841.0
900,2023-07-13,124.21,127.8,122.61,127.06,1486955.0
901,2023-07-14,127.23,128.05,123.96,125.05,1253882.0
902,2023-07-17,125.56,130.93,124.65,130.17,1482382.0
903,2023-07-18,131.79,135.93,130.46,135.52,1634841.0
904,2023-07-19,136.67,139.5,131.83,132.83,1822155.0
905,2023-07-20,130.5,131.58,127.36,129.27,1315051.0
906,2023-07-21,130.91,131.55,122.59,124.88,2074600.0
907,2023-07-24,125.7,126.43,123.01,124.25,1053700.0
908,2023-07-25,126.17,126.75,123.84,124.6,949258.0
909,2023-07-26,124.6,124.6,121.26,121.86,1229717.0
910,2023-07-27,124.6,124.72,119.23,120.12,1020018.0
911,2023-07-28,123.29,126.0,122.0,124.62,1230215.0
912,2023-07-31,122.22,127.64,122.0,125.34,1332037.0
913,2023-08-01,124.26,125.61,123.04,124.83,1156819.0
914,2023-08-02,121.33,121.64,115.39,117.46,1682316.0
915,2023-08-03,116.34,116.93,113.37,115.31,1454559.0
916,2023-08-04,116.84,119.2,114.53,115.32,1376987.0
917,2023-08-07,115.29,115.94,110.45,112.19,1522434.0
918,2023-08-08,108.14,109.91,107.18,109.22,2027861.0
919,2023-08-09,108.75,110.53,106.88,107.65,1102916.0
920,2023-08-10,109.0,109.7,104.76,105.33,1391521.0
921,2023-08-11,104.08,106.33,103.26,105.51,978337.0
922,2023-08-14,104.16,105.93,102.55,104.93,1415152.0
923,2023-08-15,103.69,104.68,101.78,102.04,1907208.0
924,2023-08-16,101.45,106.85,101.45,104.95,2668062.0
925,2023-08-17,104.49,105.48,101.35,101.56,3138549.0
926,2023-08-18,94.55,111.91,94.03,110.97,8844439.0
927,2023-08-21,111.8,113.31,106.76,107.53,3293671.0
928,2023-08-22,108.89,110.25,107.31,108.61,1428991.0
929,2023-08-23,108.0,110.19,105.68,109.61,1686335.0
930,2023-08-24,111.0,111.0,103.74,105.07,1612003.0
931,2023-08-25,104.13,106.73,102.64,105.26,1366295.0
932,2023-08-28,106.5,108.23,105.5,107.12,1055910.0
933,2023-08-29,106.15,111.72,105.38,111.65,1460391.0
934,2023-08-30,111.1,114.96,110.12,114.88,1362259.0
935,2023-08-31,115.5,117.66,114.59,115.3,1481497.0
936,2023-09-01,115.63,118.74,115.63,116.45,1187685.0
937,2023-09-05,115.0,118.25,114.27,118.2,1233843.0
938,2023-09-06,117.79,119.32,115.12,116.61,985257.0
939,2023-09-07,113.62,117.55,113.08,116.93,937247.0
940,2023-09-08,117.24,118.96,115.98,116.02,998848.0
941,2023-09-11,116.5,117.56,114.86,116.51,1060637.0
942,2023-09-12,114.7,117.98,114.5,116.21,945984.0
943,2023-09-13,115.04,115.92,111.0,112.72,1627003.0
944,2023-09-14,113.39,114.29,110.16,111.41,1098540.0
945,2023-09-15,111.05,111.3,108.69,109.43,1504124.0
946,2023-09-18,108.5,109.07,106.4,106.54,1336950.0
947,2023-09-19,105.97,106.26,103.05,103.71,1564858.0
948,2023-09-20,104.09,106.98,103.52,103.67,1114944.0
949,2023-09-21,101.84,102.25,99.6,100.21,1406410.0
950,2023-09-22,101.74,102.34,99.84,100.21,1030849.0
951,2023-09-25,99.5,100.8,98.67,99.64,1613937.0
952,2023-09-26,98.86,99.8,97.0,97.91,1615217.0
953,2023-09-27,98.87,101.13,97.05,99.2,2847562.0
954,2023-09-28,98.35,106.82,98.35,104.26,2668728.0
955,2023-09-29,105.98,109.86,105.98,108.57,2109583.0
956,2023-10-02,108.45,109.98,107.32,108.74,1206871.0
957,2023-10-03,107.39,108.11,101.95,102.43,1316606.0
958,2023-10-04,103.7,105.59,101.88,104.59,1409685.0
959,2023-10-05,104.14,105.88,101.68,105.43,1448756.0
960,2023-10-06,103.69,112.95,103.69,112.12,2551308.0
961,2023-10-09,110.3,113.34,109.18,112.55,1425067.0
962,2023-10-10,112.69,117.06,112.65,114.09,1296380.0
963,2023-10-11,115.22,116.64,113.42,114.61,874466.0
964,2023-10-12,116.77,118.69,113.81,115.71,1666174.0
965,2023-10-13,114.49,116.31,109.7,110.73,1489549.0
966,2023-10-16,110.77,113.57,107.6,112.17,905030.0
967,2023-10-17,110.01,113.01,109.81,110.11,1893183.0
968,2023-10-18,108.38,109.35,103.59,103.64,1889971.0
969,2023-10-19,105.29,107.08,102.43,102.5,1992073.0
970,2023-10-20,102.29,103.98,99.415,101.0,1686362.0
971,2023-10-23,99.4,103.83,98.65,101.94,1541848.0
972,2023-10-24,103.67,105.805,101.2,101.46,1210730.0
973,2023-10-25,100.1,101.0,91.8301,92.35,3368114.0
974,2023-10-26,92.4,93.48,88.0913,90.19,2720616.0
975,2023-10-27,91.23,91.75,89.09,89.52,1484006.0
976,2023-10-30,90.84,91.4719,86.29,89.71,2154053.0
977,2023-10-31,90.55,93.07,89.07,91.29,2693673.0
978,2023-11-01,90.22,90.52,86.53,88.26,2787495.0
979,2023-11-02,90.72,93.16,88.73,89.47,6504272.0
980,2023-11-03,64.05,67.49,58.15,66.93,20830889.0
981,2023-11-06,67.11,71.2,61.27,61.44,8100338.0
982,2023-11-07,62.86,63.7,61.75,63.2,4395948.0
983,2023-11-08,63.08,63.73,62.06,62.19,3286138.0
984,2023-11-09,54.32,59.1399,51.9401,56.02,20031372.0
985,2023-11-10,56.19,56.49,53.38,56.48,5106688.0
986,2023-11-13,56.4,57.4798,55.52,57.0,3166063.0
987,2023-11-14,58.15,59.35,57.24,57.79,4598050.0
988,2023-11-15,58.1,61.42,57.5501,59.64,3634421.0
989,2023-11-16,60.2,61.7,58.5001,60.87,3753100.0
990,2023-11-17,61.6,63.78,61.0,63.72,3890755.0
991,2023-11-20,63.51,65.89,63.03,64.6,3179017.0
992,2023-11-21,63.88,65.09,62.56,62.85,2555872.0
993,2023-11-22,63.41,64.59,62.51,63.62,1691427.0
994,2023-11-24,63.53,64.75,63.01,63.85,870319.0
995,2023-11-27,63.23,65.44,63.17,64.15,1687012.0
996,2023-11-28,63.56,66.14,63.52,65.58,1717417.0
997,2023-11-29,66.5,68.85,66.07,67.94,2293686.0
998,2023-11-30,68.14,68.475,64.62,65.47,3127635.0
999,2023-12-01,65.74,68.11,64.02,68.11,2526282.0
1000,2023-12-04,67.56,70.11,67.331,68.52,2252116.0
1001,2023-12-05,71.5,71.75,68.3,69.22,3651409.0
1002,2023-12-06,69.75,71.79,68.37,68.56,3512351.0
1003,2023-12-07,68.74,70.17,67.53,69.37,2269091.0
1004,2023-12-08,68.73,71.49,68.5,70.98,1795344.0
1005,2023-12-11,70.51,71.56,68.85,70.61,1785215.0
1006,2023-12-12,70.4,70.67,69.12,70.38,1320338.0
1007,2023-12-13,70.37,74.87,69.69,74.71,2329990.0
1008,2023-12-14,76.5,80.69,75.55,77.28,2816464.0
1009,2023-12-15,77.5,77.72,75.46,75.96,2886470.0
1010,2023-12-18,75.22,77.68,75.1,77.32,2307522.0
1011,2023-12-19,77.95,83.68,77.95,83.56,3612371.0
1012,2023-12-20,83.22,87.05,80.97,80.99,3075459.0
1013,2023-12-21,82.95,83.95,81.5,82.97,2111749.0
1014,2023-12-22,83.87,85.0,82.4,83.57,1584554.0
1015,2023-12-26,83.79,84.24,82.38,83.58,826259.0
1016,2023-12-27,84.14,84.55,82.91,84.23,789727.0
1017,2023-12-28,84.01,84.295,83.013,83.33,1114755.0
1018,2023-12-29,82.7,83.75,81.28,81.59,1479562.0
1019,2024-01-02,80.05,80.78,76.2,77.23,2333325.0
1020,2024-01-03,75.2,75.7926,73.68,74.47,1662673.0
1021,2024-01-04,73.93,75.09,71.88,74.08,1456091.0
1022,2024-01-05,74.66,76.225,73.31,75.0,1472298.0
1023,2024-01-08,75.51,78.69,75.51,78.05,1618137.0
1024,2024-01-09,77.41,79.35,76.55,76.79,1485996.0
1025,2024-01-10,76.83,77.59,74.15,76.39,1641137.0
1026,2024-01-11,76.79,76.79,73.771,75.42,1624289.0
1027,2024-01-12,75.75,76.6875,74.59,75.0,1338138.0
1028,2024-01-16,74.1,75.47,73.285,73.88,1826601.0
1029,2024-01-17,72.55,73.94,70.74,73.85,1742317.0
1030,2024-01-18,74.89,75.05,72.1,72.61,1705597.0
1031,2024-01-19,73.25,73.255,70.36,72.5,1573669.0
1032,2024-01-22,73.45,76.58,73.3,75.12,2005156.0
1033,2024-01-23,74.8,77.1,73.31,74.93,1596469.0
1034,2024-01-24,76.46,76.5299,73.15,73.17,1242674.0
1035,2024-01-25,74.12,74.79,73.56,73.97,816651.0
1036,2024-01-26,73.97,75.57,73.73,74.38,1163209.0
1037,2024-01-29,75.0,79.96,74.785,79.92,1560243.0
1038,2024-01-30,79.5,79.87,77.91,78.21,972415.0
1039,2024-01-31,78.38,80.79,77.785,78.05,1873690.0
1040,2024-02-01,79.0,79.46,76.19,78.21,1576210.0
1041,2024-02-02,77.92,80.19,76.39,79.58,1449916.0
1042,2024-02-05,79.02,79.3432,74.75,75.97,3085692.0
1043,2024-02-06,76.68,77.31,73.88,76.7,2887179.0
1044,2024-02-07,77.48,77.98,73.4001,74.93,3340368.0
1045,2024-02-08,75.22,77.275,73.94,75.75,7117152.0
