,date,open,high,low,close,volume
0,2021-12-07,22.97,23.44,22.84,23.41,8147524.0
1,2021-12-08,23.57,23.57,23.11,23.23,5565743.0
2,2021-12-09,22.88,23.24,22.77,23.15,4315141.0
3,2021-12-10,23.14,23.8,23.14,23.72,5996722.0
4,2021-12-13,23.57,23.81,22.7,22.84,7927006.0
5,2021-12-14,22.68,23.01,22.28,22.36,8449616.0
6,2021-12-15,22.38,22.43,21.13,22.11,8881169.0
7,2021-12-16,22.72,23.06,22.36,22.55,7545510.0
8,2021-12-17,22.09,22.33,21.31,21.96,19818478.0
9,2021-12-20,21.27,21.57,21.05,21.35,7535057.0
10,2021-12-21,21.73,22.17,21.65,22.07,6491925.0
11,2021-12-22,22.03,22.25,21.72,22.2,3421881.0
12,2021-12-23,22.36,22.66,22.24,22.5,3146586.0
13,2021-12-27,22.33,22.91,21.99,22.9,3437319.0
14,2021-12-28,22.96,23.06,22.61,22.86,3180041.0
15,2021-12-29,22.8,22.87,22.46,22.55,4302830.0
16,2021-12-30,22.43,22.64,22.14,22.23,3986511.0
17,2021-12-31,22.1,22.41,22.03,22.34,3861274.0
18,2022-01-03,22.38,23.35,22.38,23.32,4790654.0
19,2022-01-04,23.66,24.22,23.58,23.87,7798668.0
20,2022-01-05,24.29,24.49,23.9,23.96,7700503.0
21,2022-01-06,24.65,24.87,23.86,24.23,5841858.0
22,2022-01-07,24.28,24.47,24.09,24.4,6915207.0
23,2022-01-10,24.4,24.54,23.82,24.35,9974132.0
24,2022-01-11,24.56,25.33,24.42,25.24,9988388.0
25,2022-01-12,25.45,25.51,24.77,25.01,8317926.0
26,2022-01-13,24.69,25.28,24.46,24.55,9390824.0
27,2022-01-14,24.53,25.83,24.32,25.74,12025866.0
28,2022-01-18,26.05,26.12,24.79,25.08,10407593.0
29,2022-01-19,25.39,25.46,24.52,24.57,10458938.0
30,2022-01-20,25.58,26.16,24.89,25.0,12793337.0
31,2022-01-21,24.78,25.94,24.58,25.52,15878162.0
32,2022-01-24,24.96,25.39,23.8,25.35,11878560.0
33,2022-01-25,25.23,26.44,24.16,26.21,13512781.0
34,2022-01-26,26.39,26.66,25.41,25.8,12946619.0
35,2022-01-27,26.53,26.68,24.95,25.58,11477656.0
36,2022-01-28,25.37,25.82,24.76,25.44,8108440.0
37,2022-01-31,24.8,26.06,24.79,25.72,11173046.0
38,2022-02-01,25.3,26.17,25.03,25.78,8566143.0
39,2022-02-02,25.47,25.74,24.96,25.15,9553201.0
40,2022-02-03,25.19,25.26,24.49,24.64,8933893.0
41,2022-02-04,24.8,25.4,24.71,25.05,7713699.0
42,2022-02-07,25.03,26.35,24.94,25.99,9541234.0
43,2022-02-08,25.99,26.11,25.22,25.82,5726872.0
44,2022-02-09,25.89,26.63,25.78,26.11,7297485.0
45,2022-02-10,25.91,26.72,25.68,25.9,7381195.0
46,2022-02-11,26.13,27.74,26.0,27.6,10092442.0
47,2022-02-14,27.35,27.64,26.61,27.0,7327434.0
48,2022-02-15,26.29,27.29,26.12,27.25,6366377.0
49,2022-02-16,27.46,28.57,27.46,28.17,10323183.0
50,2022-02-17,28.07,28.33,27.75,27.89,5502435.0
51,2022-02-18,27.48,28.04,27.17,27.57,5039059.0
52,2022-02-22,28.21,28.43,26.87,27.06,15256002.0
53,2022-02-23,27.09,27.89,26.89,27.51,7211749.0
54,2022-02-24,27.91,27.97,26.36,27.18,11866324.0
55,2022-02-25,27.36,28.06,27.06,27.96,7092237.0
56,2022-02-28,27.71,28.14,27.38,27.84,11034447.0
57,2022-03-01,28.07,28.24,26.18,26.8,12167290.0
58,2022-03-02,27.5,29.11,27.49,28.85,11545586.0
59,2022-03-03,28.4,29.84,28.4,29.67,13542761.0
60,2022-03-04,29.31,31.74,29.23,31.68,14328507.0
61,2022-03-07,31.66,34.38,31.66,33.24,19497452.0
62,2022-03-08,33.72,35.38,32.63,33.26,22307555.0
63,2022-03-09,32.36,33.28,31.2,32.27,21479175.0
64,2022-03-10,32.4,35.36,32.39,35.2,13964313.0
65,2022-03-11,34.51,36.87,34.51,36.1,15390712.0
66,2022-03-14,35.13,35.94,34.75,35.44,12763473.0
67,2022-03-15,33.93,34.74,32.94,33.33,14491526.0
68,2022-03-16,33.17,33.43,31.04,32.11,20716707.0
69,2022-03-17,32.71,33.67,32.38,33.44,15890316.0
70,2022-03-18,33.14,34.01,33.08,33.75,24795616.0
71,2022-03-21,34.47,35.59,34.35,34.68,19941481.0
72,2022-03-22,34.62,35.42,34.36,35.0,16908549.0
73,2022-03-23,35.46,36.55,35.17,36.05,15181171.0
74,2022-03-24,35.95,38.24,35.88,36.75,13293939.0
75,2022-03-25,36.39,37.2,36.39,37.18,11992292.0
76,2022-03-28,36.38,36.4,35.2,35.46,7384683.0
77,2022-03-29,34.66,35.18,33.63,35.13,13402999.0
78,2022-03-30,35.77,36.02,35.07,35.81,9134079.0
79,2022-03-31,35.51,36.23,34.56,34.87,11010217.0
80,2022-04-01,35.16,35.66,34.57,34.88,8558884.0
81,2022-04-04,35.15,35.25,34.26,34.89,8290980.0
82,2022-04-05,34.86,35.76,33.8,33.98,12705262.0
83,2022-04-06,34.34,34.85,33.75,34.18,8523606.0
84,2022-04-07,34.14,34.68,33.54,34.58,9536282.0
85,2022-04-08,34.77,36.06,34.74,35.98,12765845.0
86,2022-04-11,35.18,35.64,34.86,34.93,7655541.0
87,2022-04-12,34.99,35.63,34.51,34.78,8028347.0
88,2022-04-13,35.33,35.78,34.52,35.68,6849920.0
89,2022-04-14,35.28,36.1,35.23,35.75,6853481.0
90,2022-04-18,36.06,36.37,35.63,35.89,10120482.0
91,2022-04-19,35.6,36.11,34.97,35.2,10263986.0
92,2022-04-20,34.43,34.83,31.26,33.79,23404058.0
93,2022-04-21,34.01,34.11,30.74,31.37,19153676.0
94,2022-04-22,31.06,32.48,30.48,30.66,12918241.0
95,2022-04-25,29.44,29.77,27.92,29.2,16705398.0
96,2022-04-26,29.58,31.09,29.48,29.81,17393749.0
97,2022-04-27,29.92,30.41,29.33,29.74,9187907.0
98,2022-04-28,29.96,30.86,29.32,30.43,11759061.0
99,2022-04-29,30.48,30.68,29.28,29.48,13335262.0
100,2022-05-02,29.2,29.82,28.7,29.37,8737819.0
101,2022-05-03,29.19,30.16,29.06,29.96,9766532.0
102,2022-05-04,30.65,31.42,29.54,31.3,11857631.0
103,2022-05-05,31.38,31.57,29.68,30.48,9915466.0
104,2022-05-06,30.69,31.02,30.03,30.59,6917602.0
105,2022-05-09,30.11,30.11,28.43,28.51,13366329.0
106,2022-05-10,28.82,29.94,28.55,29.28,8439259.0
107,2022-05-11,29.98,31.24,29.71,30.95,13027737.0
108,2022-05-12,30.59,30.88,29.34,30.37,12987113.0
109,2022-05-13,30.9,32.66,30.82,32.57,9975032.0
110,2022-05-16,32.33,33.49,32.27,33.39,8788842.0
111,2022-05-17,34.03,34.21,33.36,33.62,9523656.0
112,2022-05-18,33.9,34.18,32.53,33.1,7188622.0
113,2022-05-19,32.36,34.03,32.24,33.43,7785634.0
114,2022-05-20,33.78,34.03,32.42,33.01,9027684.0
115,2022-05-23,33.46,34.46,33.22,34.17,9358666.0
116,2022-05-24,33.67,34.88,33.56,34.74,7961549.0
117,2022-05-25,34.82,35.03,33.82,34.18,9187786.0
118,2022-05-26,34.79,35.82,34.74,35.56,6661214.0
119,2022-05-27,35.17,36.09,35.17,35.82,7577779.0
120,2022-05-31,36.03,36.6,34.26,34.62,21917493.0
121,2022-06-01,35.17,36.44,35.17,36.05,8349877.0
122,2022-06-02,36.04,36.12,35.35,35.55,7678608.0
123,2022-06-03,35.31,36.63,35.19,36.46,5939505.0
124,2022-06-06,36.64,36.83,36.17,36.32,6681934.0
125,2022-06-07,36.08,36.57,35.89,36.3,6771915.0
126,2022-06-08,36.52,37.3,36.05,36.13,7251677.0
127,2022-06-09,35.69,35.9,34.67,34.72,8662968.0
128,2022-06-10,34.14,34.8,33.43,33.87,9472196.0
129,2022-06-13,32.96,33.03,31.49,31.94,13025896.0
130,2022-06-14,32.88,33.14,31.16,31.57,9909227.0
131,2022-06-15,31.83,31.83,29.94,30.38,13069199.0
132,2022-06-16,29.46,30.01,28.47,28.53,14673301.0
133,2022-06-17,28.57,28.84,27.49,28.61,28201907.0
134,2022-06-21,29.16,29.86,28.85,29.12,10414220.0
135,2022-06-22,27.57,28.55,27.37,28.16,11024033.0
136,2022-06-23,28.22,28.44,26.72,27.3,11185284.0
137,2022-06-24,27.4,27.92,27.02,27.11,18456836.0
138,2022-06-27,27.82,28.29,27.44,28.08,6675535.0
139,2022-06-28,28.64,29.09,28.22,28.71,6505636.0
140,2022-06-29,28.87,29.17,27.89,28.27,8727727.0
141,2022-06-30,27.82,28.91,27.32,27.51,8592522.0
142,2022-07-01,27.75,28.06,26.66,27.73,5441398.0
143,2022-07-05,26.73,27.43,25.98,26.84,10379005.0
144,2022-07-06,26.44,27.36,25.48,26.14,8647149.0
145,2022-07-07,27.06,27.78,26.94,27.11,6656376.0
146,2022-07-08,27.54,27.63,26.76,27.11,5640507.0
147,2022-07-11,26.53,27.09,26.45,26.84,5347972.0
148,2022-07-12,26.0,26.31,25.59,26.13,7188407.0
149,2022-07-13,25.68,26.18,25.27,25.4,8540669.0
150,2022-07-14,24.38,25.06,24.24,24.98,6392042.0
151,2022-07-15,25.28,25.52,24.66,25.32,7010423.0
152,2022-07-18,26.13,26.23,25.67,25.8,6237546.0
153,2022-07-19,25.85,26.95,25.51,26.86,8769144.0
154,2022-07-20,24.06,24.97,23.01,24.53,29797869.0
155,2022-07-21,23.82,23.87,22.57,23.56,17634127.0
156,2022-07-22,23.69,24.15,22.54,22.72,10269656.0
157,2022-07-25,23.06,23.16,22.55,23.04,8569635.0
158,2022-07-26,23.44,23.55,22.77,22.94,12965162.0
159,2022-07-27,23.12,23.78,22.55,23.7,11933482.0
160,2022-07-28,23.89,24.12,22.89,23.62,6618177.0
161,2022-07-29,24.04,24.38,23.5,24.33,12847517.0
162,2022-08-01,24.15,24.15,23.25,23.3,10625143.0
163,2022-08-02,23.35,24.28,23.34,24.06,6529434.0
164,2022-08-03,24.42,24.81,23.74,23.87,8617448.0
165,2022-08-04,23.82,23.94,22.3,22.35,13526227.0
166,2022-08-05,22.18,22.96,22.11,22.7,6764805.0
167,2022-08-08,22.75,23.2,22.59,23.09,7647637.0
168,2022-08-09,23.43,23.57,22.54,22.67,7346147.0
169,2022-08-10,22.79,23.33,22.43,23.17,7516818.0
170,2022-08-11,23.49,24.4,23.49,24.1,7721541.0
171,2022-08-12,23.95,24.87,23.79,24.83,6855623.0
172,2022-08-15,23.61,24.14,23.54,24.12,5749443.0
173,2022-08-16,24.33,24.67,23.55,23.88,10857294.0
174,2022-08-17,23.65,24.01,23.31,23.57,11387585.0
175,2022-08-18,24.08,24.42,23.72,23.81,10401130.0
176,2022-08-19,23.75,24.14,23.46,23.98,8615741.0
177,2022-08-22,23.82,24.41,23.44,24.09,8429871.0
178,2022-08-23,24.5,25.51,24.49,24.92,8780397.0
179,2022-08-24,24.75,25.43,24.73,25.29,6576912.0
180,2022-08-25,25.42,25.67,25.04,25.47,6798757.0
181,2022-08-26,25.59,25.78,24.61,24.95,7216932.0
182,2022-08-29,24.87,25.27,24.67,25.05,9403248.0
183,2022-08-30,24.51,24.54,23.62,23.87,7639397.0
184,2022-08-31,23.32,24.32,23.14,24.08,13351673.0
185,2022-09-01,23.71,23.86,23.17,23.42,8670370.0
186,2022-09-02,24.12,24.5,23.75,24.1,6103180.0
187,2022-09-06,24.12,24.38,23.54,23.71,11101555.0
188,2022-09-07,23.14,23.23,22.69,23.17,12208982.0
189,2022-09-08,23.22,23.29,22.61,22.71,11737273.0
190,2022-09-09,23.3,24.19,23.19,24.07,8810976.0
191,2022-09-12,24.55,24.62,24.1,24.28,9306293.0
192,2022-09-13,24.03,24.91,23.22,23.36,10450646.0
193,2022-09-14,23.71,24.59,23.54,24.21,8974697.0
194,2022-09-15,23.65,23.85,23.04,23.15,10941440.0
195,2022-09-16,22.69,22.89,22.28,22.62,35834541.0
196,2022-09-19,22.07,23.06,21.85,23.0,12383708.0
197,2022-09-20,22.94,22.94,21.55,21.82,9078573.0
198,2022-09-21,22.27,22.42,21.68,21.84,8826093.0
199,2022-09-22,22.27,22.59,21.77,21.79,7187129.0
200,2022-09-23,20.75,20.9,20.09,20.55,13033008.0
201,2022-09-26,20.2,20.35,19.24,19.27,14415834.0
202,2022-09-27,19.61,20.25,19.49,19.58,9083360.0
203,2022-09-28,19.85,20.19,19.56,20.1,8066290.0
204,2022-09-29,19.84,20.02,19.42,19.94,7510207.0
205,2022-09-30,19.81,20.06,19.67,19.78,8438527.0
206,2022-10-03,20.67,21.25,20.64,21.1,8641365.0
207,2022-10-04,21.47,22.09,21.34,22.01,9192950.0
208,2022-10-05,21.73,22.69,21.73,22.53,6891028.0
209,2022-10-06,22.27,22.74,22.17,22.56,6639439.0
210,2022-10-07,22.58,22.58,21.59,21.7,7364768.0
211,2022-10-10,21.72,22.13,21.02,21.19,6546407.0
212,2022-10-11,20.94,21.48,20.7,21.07,7512871.0
213,2022-10-12,20.83,21.65,20.76,21.46,6162949.0
214,2022-10-13,21.0,22.8,21.0,22.7,7748149.0
215,2022-10-14,22.42,22.64,21.67,21.73,7282528.0
216,2022-10-17,22.37,22.81,22.19,22.75,8602901.0
217,2022-10-18,22.71,23.35,22.44,23.0,11519177.0
218,2022-10-19,25.38,25.38,23.94,24.47,17385517.0
219,2022-10-20,25.02,25.17,24.49,24.77,11755889.0
220,2022-10-21,24.78,25.65,24.55,25.49,11806694.0
221,2022-10-24,25.44,25.47,24.79,24.95,8048065.0
222,2022-10-25,24.7,25.02,24.56,24.92,9144565.0
223,2022-10-26,25.09,25.82,25.05,25.25,8108654.0
224,2022-10-27,25.71,26.54,25.6,25.85,9359839.0
225,2022-10-28,26.17,26.46,25.4,26.06,6770319.0
226,2022-10-31,25.78,26.53,25.62,26.48,8713698.0
227,2022-11-01,27.03,27.51,26.7,27.32,11389867.0
228,2022-11-02,27.4,27.69,26.25,26.41,10569822.0
229,2022-11-03,26.13,27.27,26.12,27.11,7866883.0
230,2022-11-04,27.7,28.47,27.64,28.12,7314582.0
231,2022-11-07,28.33,29.74,28.33,29.63,8421359.0
232,2022-11-08,29.64,30.17,29.25,29.95,8229184.0
233,2022-11-09,29.59,29.59,28.41,28.52,5342778.0
234,2022-11-10,29.1,29.62,28.65,29.59,6427199.0
235,2022-11-11,30.34,30.89,29.85,30.03,7138933.0
236,2022-11-14,29.78,29.97,29.23,29.26,6410001.0
237,2022-11-15,29.34,30.05,29.24,29.9,6400523.0
238,2022-11-16,29.83,30.13,29.18,29.24,5805591.0
239,2022-11-17,28.62,28.87,28.19,28.84,4122066.0
240,2022-11-18,28.28,28.48,27.8,28.14,10765839.0
241,2022-11-21,27.54,27.76,26.59,27.73,6854150.0
242,2022-11-22,28.27,28.69,27.92,28.5,5933488.0
243,2022-11-23,27.79,28.39,27.44,27.84,6649044.0
244,2022-11-25,27.71,28.04,27.47,27.51,2689317.0
245,2022-11-28,26.94,27.46,26.63,27.2,8331457.0
246,2022-11-29,27.71,27.82,27.43,27.66,4771947.0
247,2022-11-30,28.03,28.2,27.5,28.03,17524763.0
248,2022-12-01,28.43,28.97,28.08,28.27,5730811.0
249,2022-12-02,27.87,28.65,27.82,28.52,6461609.0
250,2022-12-05,28.7,28.86,27.6,27.73,7352700.0
251,2022-12-06,27.48,27.96,27.19,27.39,6495581.0
252,2022-12-07,27.31,27.61,26.72,26.89,8315828.0
253,2022-12-08,27.64,27.71,26.89,27.09,6371551.0
254,2022-12-09,27.03,27.38,26.08,26.12,8401724.0
255,2022-12-12,26.43,27.2,26.38,27.16,7562653.0
256,2022-12-13,27.8,28.49,27.74,28.27,8617494.0
257,2022-12-14,28.6,28.78,27.89,27.99,7634418.0
258,2022-12-15,27.85,28.21,27.59,28.05,6015980.0
259,2022-12-16,27.55,27.7,27.0,27.38,53992570.0
260,2022-12-19,27.71,27.95,26.98,27.27,6470182.0
261,2022-12-20,27.41,28.2,27.22,27.93,7202612.0
262,2022-12-21,28.46,28.63,27.61,28.36,5871408.0
263,2022-12-22,28.4,28.44,26.64,27.37,6317510.0
264,2022-12-23,27.89,28.15,27.4,28.11,5648495.0
265,2022-12-27,28.41,28.62,28.05,28.38,3800994.0
266,2022-12-28,28.22,28.3,27.35,27.56,4472442.0
267,2022-12-29,27.53,28.45,27.49,28.19,3719511.0
268,2022-12-30,27.91,28.57,27.85,28.54,3806945.0
269,2023-01-03,28.35,29.05,27.56,27.76,6551048.0
270,2023-01-04,27.39,27.39,26.39,26.9,10198811.0
271,2023-01-05,26.86,27.88,26.77,27.81,5748279.0
272,2023-01-06,28.38,29.39,28.17,28.97,6928320.0
273,2023-01-09,29.57,30.11,29.32,29.55,5574105.0
274,2023-01-10,29.45,29.94,29.06,29.88,6086386.0
275,2023-01-11,29.99,30.16,29.56,29.84,5251746.0
276,2023-01-12,29.83,30.9,29.69,30.51,5542707.0
277,2023-01-13,30.43,30.69,29.85,30.64,4520896.0
278,2023-01-17,30.62,30.83,30.33,30.49,5928328.0
279,2023-01-18,30.86,31.18,29.66,29.7,7127158.0
280,2023-01-19,29.57,29.78,28.92,29.5,5957251.0
281,2023-01-20,29.36,30.17,29.15,30.08,10389590.0
282,2023-01-23,30.09,30.68,29.41,29.6,7178215.0
283,2023-01-24,29.43,29.47,28.12,29.16,8024318.0
284,2023-01-25,28.83,30.04,28.49,30.01,5927690.0
285,2023-01-26,30.31,30.84,29.63,30.81,4927361.0
286,2023-01-27,30.71,30.78,30.15,30.31,5435252.0
287,2023-01-30,30.0,30.34,29.78,30.03,4552616.0
288,2023-01-31,29.94,30.89,29.88,30.75,5036478.0
289,2023-02-01,30.4,31.31,30.05,31.0,7350379.0
290,2023-02-02,30.93,30.97,29.95,30.4,7744291.0
291,2023-02-03,30.61,31.04,30.31,30.57,9233876.0
292,2023-02-06,30.59,30.94,30.25,30.86,5685686.0
293,2023-02-07,31.08,31.82,30.76,31.72,6083219.0
294,2023-02-08,31.91,32.11,31.39,31.77,6354626.0
295,2023-02-09,31.65,31.77,31.2,31.38,8385562.0
296,2023-02-10,31.89,32.19,31.49,32.12,5796470.0
297,2023-02-13,31.9,32.32,31.67,31.98,3851565.0
298,2023-02-14,31.55,32.14,31.32,31.66,5622396.0
299,2023-02-15,31.19,31.35,30.54,31.35,4936070.0
300,2023-02-16,31.59,32.1,31.38,31.46,4898764.0
301,2023-02-17,31.0,31.07,29.59,29.79,9360978.0
302,2023-02-21,29.6,29.84,29.13,29.33,6773600.0
303,2023-02-22,29.32,29.7,29.02,29.25,5977669.0
304,2023-02-23,29.75,29.98,29.51,29.67,4908180.0
305,2023-02-24,29.2,29.71,28.96,29.58,4751292.0
306,2023-02-27,29.74,30.37,29.55,30.24,3912061.0
307,2023-02-28,30.53,30.61,29.78,29.8,5278926.0
308,2023-03-01,29.83,30.45,29.81,30.29,3830102.0
309,2023-03-02,30.17,31.09,30.14,30.91,5038928.0
310,2023-03-03,30.28,31.54,30.2,31.48,4769226.0
311,2023-03-06,31.44,31.61,31.2,31.47,4666137.0
312,2023-03-07,31.33,31.47,30.93,30.95,4133214.0
313,2023-03-08,30.8,31.11,30.19,30.63,3407356.0
314,2023-03-09,30.7,31.03,29.22,29.26,4935205.0
315,2023-03-10,29.29,29.33,28.14,28.27,6255325.0
316,2023-03-13,27.54,28.17,27.0,27.34,8660685.0
317,2023-03-14,27.49,28.14,26.93,27.56,7488650.0
318,2023-03-15,26.62,26.75,25.61,26.05,14303671.0
319,2023-03-16,25.4,26.72,25.33,26.5,12698530.0
320,2023-03-17,26.2,26.24,25.53,26.12,14502629.0
321,2023-03-20,26.19,26.62,26.12,26.15,8112853.0
322,2023-03-21,26.77,27.31,26.68,27.24,9489335.0
323,2023-03-22,27.31,27.33,26.22,26.24,6130069.0
324,2023-03-23,26.32,26.95,25.68,25.93,5711832.0
325,2023-03-24,25.33,26.39,25.32,26.22,7614650.0
326,2023-03-27,26.42,26.73,26.11,26.46,7690502.0
327,2023-03-28,26.33,26.84,26.32,26.78,9917494.0
328,2023-03-29,27.24,27.41,26.88,27.37,11312655.0
329,2023-03-30,27.79,28.09,27.58,27.95,10210361.0
330,2023-03-31,28.12,28.22,27.79,28.06,7258452.0
331,2023-04-03,29.38,29.72,28.97,29.11,8779383.0
332,2023-04-04,29.14,29.29,28.16,28.45,4840648.0
333,2023-04-05,28.49,28.71,28.1,28.24,5246672.0
334,2023-04-06,28.22,28.39,27.63,27.71,4583269.0
335,2023-04-10,27.76,28.31,27.72,28.03,2904909.0
336,2023-04-11,28.1,28.62,27.76,28.35,4545698.0
337,2023-04-12,28.6,28.8,28.16,28.45,3662190.0
338,2023-04-13,28.38,28.86,28.34,28.65,5378110.0
339,2023-04-14,28.74,28.79,28.07,28.35,5395698.0
340,2023-04-17,28.48,28.5,27.99,28.35,5280097.0
341,2023-04-18,28.26,28.95,28.18,28.7,11208247.0
342,2023-04-19,28.96,30.02,28.96,29.76,10417073.0
343,2023-04-20,29.39,29.59,28.92,29.29,8191656.0
344,2023-04-21,29.45,29.59,28.61,28.86,7399037.0
345,2023-04-24,28.8,29.62,28.76,29.39,5856358.0
346,2023-04-25,29.06,29.1,28.29,28.49,6286476.0
347,2023-04-26,28.29,28.68,27.71,27.96,5742148.0
348,2023-04-27,27.76,28.23,27.6,28.04,6118574.0
349,2023-04-28,27.85,28.58,27.72,28.44,5413190.0
350,2023-05-01,28.17,28.54,27.85,28.08,4415316.0
351,2023-05-02,27.66,27.73,26.31,26.55,9776638.0
352,2023-05-03,26.24,27.09,26.01,26.66,9051366.0
353,2023-05-04,26.67,26.96,26.34,26.42,8291623.0
354,2023-05-05,27.28,27.63,26.9,27.42,7325735.0
355,2023-05-08,27.83,28.04,27.19,27.31,4671899.0
356,2023-05-09,27.05,27.74,26.87,27.39,5517826.0
357,2023-05-10,27.58,27.62,26.87,27.09,8941041.0
358,2023-05-11,26.56,26.73,26.27,26.56,7293766.0
359,2023-05-12,26.84,27.21,26.75,26.86,5890037.0
360,2023-05-15,27.12,27.4,27.0,27.09,5758908.0
361,2023-05-16,27.01,27.09,26.53,26.64,8663149.0
362,2023-05-17,26.84,27.11,26.51,26.68,10364555.0
363,2023-05-18,26.54,27.46,26.38,27.38,7945407.0
364,2023-05-19,27.78,27.81,27.29,27.37,5928068.0
365,2023-05-22,27.45,27.79,27.22,27.57,4606953.0
366,2023-05-23,27.84,27.95,27.35,27.6,4124675.0
367,2023-05-24,27.67,28.25,27.44,27.92,5064257.0
368,2023-05-25,27.23,27.49,26.89,27.2,5490931.0
369,2023-05-26,27.34,27.52,27.01,27.28,4485901.0
370,2023-05-30,26.52,27.27,26.48,27.19,6324538.0
371,2023-05-31,26.83,27.03,26.35,26.64,17917388.0
372,2023-06-01,26.64,28.16,26.58,28.0,7824599.0
373,2023-06-02,28.7,29.26,28.34,28.97,6114954.0
374,2023-06-05,29.39,29.41,28.55,29.06,5330466.0
375,2023-06-06,28.54,30.11,28.54,29.98,7653057.0
376,2023-06-07,30.05,30.49,29.97,30.03,7931499.0
377,2023-06-08,30.1,30.21,29.54,29.68,6334511.0
378,2023-06-09,29.77,29.92,29.29,29.4,5395542.0
379,2023-06-12,28.87,29.6,28.77,29.18,7995872.0
380,2023-06-13,29.86,30.43,29.53,29.56,6964873.0
381,2023-06-14,29.85,30.11,28.99,29.33,6991252.0
382,2023-06-15,29.32,29.86,29.32,29.63,7899451.0
383,2023-06-16,29.78,30.16,29.64,29.96,12506543.0
384,2023-06-20,29.71,29.78,28.68,29.19,5879861.0
385,2023-06-21,28.96,30.22,28.9,29.88,7810706.0
386,2023-06-22,29.65,29.86,29.22,29.54,4154363.0
387,2023-06-23,29.07,29.25,28.6,29.16,7952894.0
388,2023-06-26,29.12,30.22,29.06,29.92,5417107.0
389,2023-06-27,29.76,30.53,29.68,30.36,6083614.0
390,2023-06-28,30.39,30.86,30.0,30.52,5793688.0
391,2023-06-29,30.55,30.76,30.05,30.75,6863166.0
392,2023-06-30,31.06,31.33,30.79,31.0,6827852.0
393,2023-07-03,31.02,31.19,30.59,30.99,2956145.0
394,2023-07-05,31.15,31.21,30.46,30.93,5494008.0
395,2023-07-06,30.64,31.05,30.42,30.99,7178202.0
396,2023-07-07,30.77,32.63,30.76,32.5,10408977.0
397,2023-07-10,32.41,32.73,32.24,32.62,7770912.0
398,2023-07-11,32.82,33.52,32.66,33.42,7654909.0
399,2023-07-12,33.66,34.3,33.48,33.83,8360703.0
400,2023-07-13,33.78,34.31,33.65,34.07,6832136.0
401,2023-07-14,33.79,33.92,33.51,33.74,5212731.0
402,2023-07-17,33.6,34.3,33.58,34.04,8188127.0
403,2023-07-18,33.9,34.69,33.86,34.43,11003962.0
404,2023-07-19,33.97,35.26,33.69,34.59,12991631.0
405,2023-07-20,34.86,35.01,33.93,34.05,10701488.0
406,2023-07-21,34.23,34.96,33.81,34.82,23644198.0
407,2023-07-24,34.99,35.55,34.97,35.23,8685464.0
408,2023-07-25,35.09,35.32,34.91,35.13,7351462.0
409,2023-07-26,34.67,35.09,34.48,34.92,7789533.0
410,2023-07-27,34.98,35.11,33.84,34.05,8116610.0
411,2023-07-28,34.33,34.85,34.33,34.81,5800232.0
412,2023-07-31,34.93,35.19,34.75,35.18,6252662.0
413,2023-08-01,34.88,35.2,34.64,35.16,5301228.0
414,2023-08-02,34.91,35.01,34.41,34.95,5751344.0
415,2023-08-03,34.99,35.56,34.84,35.04,5120854.0
416,2023-08-04,35.15,35.31,34.83,34.91,5642679.0
417,2023-08-07,35.07,35.31,34.93,35.18,5232381.0
418,2023-08-08,34.33,35.28,34.26,35.24,4898893.0
419,2023-08-09,35.59,36.07,35.29,35.7,5588280.0
420,2023-08-10,35.68,35.91,34.62,34.92,6220150.0
421,2023-08-11,34.79,35.25,34.74,35.07,5137098.0
422,2023-08-14,34.99,35.02,34.74,34.92,4881383.0
423,2023-08-15,34.73,34.91,34.36,34.7,4530209.0
424,2023-08-16,34.76,35.21,34.54,34.56,5074723.0
425,2023-08-17,35.1,35.21,34.45,34.46,5196730.0
426,2023-08-18,34.19,34.95,34.12,34.85,4144647.0
427,2023-08-21,34.94,35.08,34.32,34.64,3910198.0
428,2023-08-22,34.63,34.87,34.6,34.77,4067325.0
429,2023-08-23,34.45,35.21,34.2,35.05,4288657.0
430,2023-08-24,34.78,35.41,34.77,34.82,4935482.0
431,2023-08-25,35.18,35.19,34.66,34.98,3447032.0
432,2023-08-28,34.99,35.83,34.99,35.59,4512193.0
433,2023-08-29,35.59,35.81,35.32,35.69,5790725.0
434,2023-08-30,35.82,36.02,35.56,35.64,6897773.0
435,2023-08-31,35.82,35.92,35.38,35.78,10010672.0
436,2023-09-01,36.15,36.82,36.14,36.4,8386824.0
437,2023-09-05,36.83,37.17,36.59,36.66,9233667.0
438,2023-09-06,36.59,36.9,36.41,36.81,7775506.0
439,2023-09-07,36.75,37.04,36.65,36.79,8073382.0
440,2023-09-08,36.98,37.11,36.48,36.54,8085406.0
441,2023-09-11,36.93,37.14,36.07,36.33,6655571.0
442,2023-09-12,36.6,36.84,36.32,36.69,8937313.0
443,2023-09-13,36.69,36.72,35.69,35.83,7171188.0
444,2023-09-14,36.34,36.45,36.11,36.27,6567635.0
445,2023-09-15,36.09,36.21,35.56,35.75,12205009.0
446,2023-09-18,36.02,36.23,35.71,36.05,7906704.0
447,2023-09-19,36.25,36.46,35.48,35.77,7427315.0
448,2023-09-20,35.69,36.13,35.38,35.39,6240648.0
449,2023-09-21,35.49,35.6,34.64,34.65,7114994.0
450,2023-09-22,34.75,35.21,34.75,34.99,5005967.0
451,2023-09-25,34.92,35.63,34.9,35.49,5353819.0
452,2023-09-26,35.26,35.63,35.21,35.3,6450164.0
453,2023-09-27,35.75,36.03,35.39,35.84,6932271.0
454,2023-09-28,35.84,36.44,35.79,36.18,5879893.0
455,2023-09-29,36.13,36.19,34.77,34.91,8094588.0
456,2023-10-02,34.79,34.94,33.68,34.15,6952683.0
457,2023-10-03,33.91,34.42,33.88,34.12,5839472.0
458,2023-10-04,33.63,33.7,32.62,32.73,7840878.0
459,2023-10-05,32.47,33.06,32.38,32.94,6898069.0
460,2023-10-06,32.96,33.56,32.62,33.32,6259338.0
461,2023-10-09,34.43,34.57,34.05,34.39,6507859.0
462,2023-10-10,34.35,34.74,34.23,34.49,6256786.0
463,2023-10-11,34.16,34.51,33.87,34.49,3845185.0
464,2023-10-12,34.89,34.89,34.03,34.36,3978736.0
465,2023-10-13,34.95,34.99,34.37,34.44,6614195.0
466,2023-10-16,34.69,34.95,34.38,34.76,5747329.0
467,2023-10-17,34.61,35.39,34.58,35.2,4621388.0
468,2023-10-18,35.38,35.6,35.07,35.31,5061877.0
469,2023-10-19,35.17,35.72,34.775,35.17,4229683.0
470,2023-10-20,35.04,35.15,34.03,34.43,5258219.0
471,2023-10-23,34.24,34.59,33.995,34.26,6111380.0
472,2023-10-24,34.37,34.61,33.97,34.07,6887125.0
473,2023-10-25,33.98,34.3,33.55,33.61,7625328.0
474,2023-10-26,33.97,35.19,33.82,34.61,9540367.0
475,2023-10-27,34.77,34.965,34.31,34.4,6111611.0
476,2023-10-30,34.64,35.06,34.29,34.55,8112827.0
477,2023-10-31,34.61,34.69,33.74,34.01,6800616.0
478,2023-11-01,34.08,34.85,33.8601,34.43,9178097.0
479,2023-11-02,34.59,35.3,34.56,35.1,10112364.0
480,2023-11-03,35.32,35.33,34.735,34.98,5519132.0
481,2023-11-06,35.14,35.44,34.58,34.73,4190733.0
482,2023-11-07,34.22,34.37,33.6,33.65,9759161.0
483,2023-11-08,33.43,33.98,33.36,33.53,10744892.0
484,2023-11-09,33.75,33.95,33.55,33.71,7238695.0
485,2023-11-10,34.21,34.29,33.9,34.13,10033697.0
486,2023-11-13,34.12,34.41,34.005,34.26,7519116.0
487,2023-11-14,34.48,34.64,34.185,34.49,12074157.0
488,2023-11-15,34.31,34.975,34.265,34.45,8082192.0
489,2023-11-16,34.16,34.41,32.545,33.03,7517117.0
490,2023-11-17,33.47,33.745,33.28,33.5,7981550.0
491,2023-11-20,33.59,33.8575,33.52,33.66,7449432.0
492,2023-11-21,33.59,33.83,33.47,33.7,7752466.0
493,2023-11-22,33.04,33.41,32.58,33.37,6071561.0
494,2023-11-24,33.38,33.95,33.38,33.68,2407509.0
495,2023-11-27,33.64,33.84,33.28,33.76,4431369.0
496,2023-11-28,33.79,34.0,33.4,33.61,5723658.0
497,2023-11-29,33.67,33.76,32.925,33.13,5604396.0
498,2023-11-30,33.38,33.98,32.89,33.54,9304764.0
499,2023-12-01,33.46,34.195,33.25,33.58,5960950.0
500,2023-12-04,33.32,33.605,32.905,33.54,6690533.0
501,2023-12-05,33.45,33.47,32.475,32.59,5627399.0
502,2023-12-06,32.44,32.61,31.445,31.65,7470046.0
503,2023-12-07,31.96,32.04,31.21,31.52,8725784.0
504,2023-12-08,31.65,32.07,31.54,32.03,8444329.0
505,2023-12-11,32.27,32.745,32.24,32.3,6023986.0
506,2023-12-12,31.99,32.15,31.625,32.09,5850016.0
507,2023-12-13,32.13,32.575,31.92,32.39,7659900.0
508,2023-12-14,32.78,33.5887,32.73,33.33,7769989.0
509,2023-12-15,33.27,33.39,32.69,33.37,19893146.0
510,2023-12-18,34.14,34.64,33.73,33.86,5716735.0
511,2023-12-19,34.03,34.22,33.69,33.86,6660532.0
512,2023-12-20,33.93,34.47,33.76,33.82,4762314.0
513,2023-12-21,33.82,33.91,33.51,33.83,5286502.0
514,2023-12-22,34.18,34.195,33.79,33.91,6369516.0
515,2023-12-26,34.32,34.67,34.24,34.57,2872942.0
516,2023-12-27,34.51,34.715,34.23,34.28,2961220.0
517,2023-12-28,34.15,34.2248,33.885,33.99,2927984.0
518,2023-12-29,34.01,34.09,33.8,33.97,5068404.0
519,2024-01-02,34.22,34.44,33.53,33.72,4720890.0
520,2024-01-03,33.82,33.985,33.58,33.71,6801697.0
521,2024-01-04,33.91,33.99,32.98,33.04,7345229.0
522,2024-01-05,33.26,33.34,32.905,33.21,5554792.0
523,2024-01-08,32.49,32.56,31.7,32.23,8993451.0
524,2024-01-09,32.14,32.17,31.28,31.41,7333476.0
525,2024-01-10,31.43,31.43,30.745,31.02,8471146.0
526,2024-01-11,31.13,31.29,30.82,30.96,8339588.0
527,2024-01-12,31.48,31.57,30.66,31.31,12546174.0
528,2024-01-16,31.11,31.2,30.405,30.46,7541108.0
529,2024-01-17,30.102,30.71,29.925,30.58,7310611.0
530,2024-01-18,30.52,30.77,30.3,30.66,5717831.0
531,2024-01-19,30.78,30.8,30.37,30.49,9749475.0
532,2024-01-22,30.39,30.935,30.24,30.77,7177161.0
533,2024-01-23,30.55,31.45,30.55,31.32,14531418.0
534,2024-01-24,30.04,30.89,29.45,29.83,20069252.0
535,2024-01-25,30.25,30.39,29.5048,30.09,21034296.0
536,2024-01-26,30.05,30.38,29.64,30.27,12352559.0
537,2024-01-29,30.01,30.105,29.615,29.79,11490219.0
538,2024-01-30,28.53,29.315,28.13,29.13,23727109.0
539,2024-01-31,29.22,29.28,28.22,28.29,10664406.0
540,2024-02-01,28.45,28.67,28.16,28.42,11208563.0
541,2024-02-02,28.49,28.93,28.3707,28.78,12945785.0
542,2024-02-05,28.47,28.73,28.11,28.59,11840614.0
543,2024-02-06,28.65,29.41,28.58,29.18,13403822.0
544,2024-02-07,29.26,29.48,28.88,28.91,9040030.0
545,2024-02-08,28.78,29.245,28.7,29.11,9029119.0
546,2024-02-09,29.1,29.25,28.62,28.85,7661366.0
547,2024-02-12,28.98,29.595,28.95,29.5,9720406.0
548,2024-02-13,29.43,29.55,28.7,29.01,9740460.0
549,2024-02-14,29.2,29.215,28.63,28.85,8118986.0
550,2024-02-15,28.91,29.39,28.79,29.2,10898945.0
551,2024-02-16,29.2,29.32,28.94,29.15,7398691.0
