,date,open,high,low,close,volume
0,2017-07-26,51.9725,52.0025,50.5925,50.6525,26395319.0
1,2017-07-27,51.9625,52.2925,51.1925,51.7425,21881438.0
2,2017-07-28,50.9725,50.9925,42.0525,46.7725,20437827.0
3,2017-07-31,44.4025,45.1225,43.8025,44.4125,13839886.0
4,2017-08-01,45.6525,45.8125,45.3425,45.4825,7491654.0
5,2017-08-02,45.9225,46.1425,45.5025,45.9425,4880293.0
6,2017-08-03,47.0025,47.6325,46.7625,47.1325,2849813.0
7,2017-08-04,48.3725,48.4025,47.3525,47.7825,3271950.0
8,2017-08-07,47.5525,47.8825,47.0325,47.2825,2099674.0
9,2017-08-08,47.2725,47.3325,45.9225,46.0025,2754946.0
10,2017-08-09,46.4025,46.6325,46.1925,46.3725,4314207.0
11,2017-08-10,46.1525,46.1525,44.7725,44.7725,4532307.0
12,2017-08-11,45.0725,45.1425,44.6925,44.8025,4161739.0
13,2017-08-14,44.8525,44.9725,44.6525,44.7025,3632025.0
14,2017-08-15,45.0825,45.3925,44.8825,45.2525,3810020.0
15,2017-08-16,45.2011,45.3911,45.1511,45.2511,1696283.0
16,2017-08-17,45.2011,45.2411,43.9911,43.9911,3724077.0
17,2017-08-18,43.7811,43.7811,43.4411,43.4411,2919541.0
18,2017-08-21,43.9611,44.2811,43.8611,44.0811,3697976.0
19,2017-08-22,44.0711,44.1911,43.3511,43.5211,4679640.0
20,2017-08-23,43.1411,43.6211,42.9411,43.5811,3919667.0
21,2017-08-24,44.6611,44.9211,44.2611,44.4411,4110469.0
22,2017-08-25,44.9211,45.0511,44.3411,44.3911,2418835.0
23,2017-08-28,44.4811,44.8211,44.3111,44.5511,2510161.0
24,2017-08-29,44.1611,44.3011,43.8911,44.1411,1921596.0
25,2017-08-30,44.4811,44.5311,43.9911,44.2611,1836177.0
26,2017-08-31,44.5611,45.0711,44.4511,44.7611,2805404.0
27,2017-09-01,45.2311,45.4111,45.0711,45.3111,2075772.0
28,2017-09-05,45.0411,45.1411,44.4711,44.7911,1672146.0
29,2017-09-06,45.3911,45.8511,45.3311,45.4311,2255972.0
30,2017-09-07,46.6811,47.0211,46.4011,46.4711,3877039.0
31,2017-09-08,47.3011,47.4911,47.0611,47.1511,3622876.0
32,2017-09-11,47.2111,47.3711,47.0011,47.0911,1282001.0
33,2017-09-12,46.2711,46.5811,46.0611,46.3011,1542037.0
34,2017-09-13,46.2211,46.4311,45.9811,46.0311,1399159.0
35,2017-09-14,45.9711,46.0411,45.2411,45.6311,2429396.0
36,2017-09-15,46.3211,47.6411,46.0411,46.6311,3906718.0
37,2017-09-18,46.1011,46.2711,45.6411,45.9411,1926341.0
38,2017-09-19,45.8811,45.9211,45.1411,45.2711,1594668.0
39,2017-09-20,45.3011,45.3411,44.4311,44.6811,1626500.0
40,2017-09-21,44.2411,44.5611,44.1411,44.3411,1488165.0
41,2017-09-22,45.0111,45.0411,44.7111,44.8711,1501114.0
42,2017-09-25,44.5611,44.6811,44.1611,44.6311,1813414.0
43,2017-09-26,44.3511,45.4111,44.2811,45.0511,3059266.0
44,2017-09-27,45.4611,45.8611,45.4211,45.7111,2516544.0
45,2017-09-28,45.0611,45.2511,44.8811,45.1411,1785331.0
46,2017-09-29,45.5511,45.5811,45.0611,45.0911,1786475.0
47,2017-10-02,44.8411,45.2711,44.7611,45.0811,1633384.0
48,2017-10-03,44.6211,45.0511,44.5611,44.8211,1408197.0
49,2017-10-04,45.1111,45.7311,45.0911,45.5411,2024136.0
50,2017-10-05,44.6211,44.6311,43.9811,44.0211,2120785.0
51,2017-10-06,44.9311,45.1711,44.5111,44.9711,6406397.0
52,2017-10-09,45.7111,46.0411,45.4311,45.8311,2197467.0
53,2017-10-10,46.6911,47.4011,46.5611,47.3811,4159343.0
54,2017-10-11,47.3011,47.5611,47.1011,47.4411,2551995.0
55,2017-10-12,47.2011,47.2111,46.7211,47.1011,2243553.0
56,2017-10-13,47.0411,47.3811,47.0011,47.1211,1138653.0
57,2017-10-16,47.1011,47.3011,46.9111,47.0211,1003714.0
58,2017-10-17,46.9211,46.9511,46.5411,46.8511,1856035.0
59,2017-10-18,46.6111,46.8611,46.5611,46.6611,910002.0
60,2017-10-19,46.2511,46.4611,45.8011,46.1111,1432506.0
61,2017-10-20,46.4611,46.8811,46.4411,46.8311,1274326.0
62,2017-10-23,47.0611,47.2411,46.6611,46.8911,2109449.0
63,2017-10-24,45.8611,46.0211,45.5211,45.9011,1701813.0
64,2017-10-25,47.8311,47.9711,46.6711,47.1711,2817548.0
65,2017-10-26,47.9911,48.3511,47.8311,48.0811,3830438.0
66,2017-10-27,48.2611,48.6111,48.0111,48.2211,2268658.0
67,2017-10-30,47.9911,48.1311,47.2211,47.2611,1465393.0
68,2017-10-31,47.0211,47.3011,46.6111,47.0411,1442558.0
69,2017-11-01,47.6511,47.8211,47.2311,47.4311,3346210.0
70,2017-11-02,47.2911,47.5311,46.9811,47.3511,1497492.0
71,2017-11-03,47.7311,48.0211,47.6911,47.9911,1470745.0
72,2017-11-06,47.6211,47.8411,47.5211,47.6911,1191816.0
73,2017-11-07,46.9611,47.6111,46.9511,47.5311,1462629.0
74,2017-11-08,47.4211,47.7911,47.4111,47.7511,1336031.0
75,2017-11-09,47.4811,47.6911,47.2811,47.5811,2487005.0
76,2017-11-10,47.6911,47.7211,47.3011,47.6411,1271396.0
77,2017-11-13,47.5111,47.5611,47.2511,47.3511,860460.0
78,2017-11-14,46.8011,47.0011,46.4611,46.8311,1239891.0
79,2017-11-15,47.0411,47.1111,46.7211,46.7911,1551954.0
80,2017-11-16,47.6111,48.2711,47.5811,48.2111,2355395.0
81,2017-11-17,48.4611,49.1011,48.2711,48.8211,2839283.0
82,2017-11-20,48.4911,49.0511,48.4511,48.7711,3282685.0
83,2017-11-21,49.4211,50.0811,49.4111,50.0511,2607377.0
84,2017-11-22,49.7111,49.7711,49.2411,49.4411,1368611.0
85,2017-11-24,49.4311,49.4511,49.1111,49.4211,575950.0
86,2017-11-27,49.4011,49.4511,48.8111,48.8411,833554.0
87,2017-11-28,48.5211,48.8311,48.1711,48.8011,1224089.0
88,2017-11-29,47.7011,48.0611,47.0711,47.4111,1886741.0
89,2017-11-30,47.3011,47.3311,46.0311,46.2711,4707891.0
90,2017-12-01,46.3011,47.5611,46.2811,47.3811,2299555.0
91,2017-12-04,46.9311,47.6011,46.8111,47.5911,2173710.0
92,2017-12-05,47.6911,48.1411,47.6611,48.1011,2212080.0
93,2017-12-06,49.3611,50.5811,49.2411,50.4811,3608741.0
94,2017-12-07,49.3411,49.3511,48.8311,49.1511,1907340.0
95,2017-12-08,48.9411,49.4411,48.6811,49.4011,1813436.0
96,2017-12-11,49.5711,49.8211,49.4311,49.7911,1839237.0
97,2017-12-12,49.7911,50.1511,49.7611,49.9411,2010243.0
98,2017-12-13,49.7211,50.2911,49.7211,50.0011,2604059.0
99,2017-12-14,48.9611,49.2811,47.9611,48.4211,2829787.0
100,2017-12-15,48.7311,48.9511,48.3511,48.5011,2995454.0
101,2017-12-18,49.4911,49.6711,48.9711,49.3911,2675752.0
102,2017-12-19,48.8211,49.9811,48.8111,49.2211,2552933.0
103,2017-12-20,49.2011,49.2011,48.4911,48.6011,1540238.0
104,2017-12-21,49.5311,49.9411,49.3211,49.3411,1637792.0
105,2017-12-22,49.5311,49.5811,49.0711,49.2411,920450.0
106,2017-12-26,49.1811,49.3611,48.9611,49.0211,770875.0
107,2017-12-27,49.8611,49.9011,49.5011,49.6311,2056956.0
108,2017-12-28,50.143,50.163,49.613,49.773,1968375.0
109,2017-12-29,50.293,50.803,50.073,50.233,1846186.0
110,2018-01-02,50.953,50.983,49.913,50.423,2744360.0
111,2018-01-03,50.133,50.463,49.793,49.863,1114111.0
112,2018-01-04,49.853,50.133,49.523,49.553,1259299.0
113,2018-01-05,50.243,50.683,50.123,50.533,813091.0
114,2018-01-08,50.153,50.313,49.813,50.213,822092.0
115,2018-01-09,50.593,50.663,49.843,50.133,1541637.0
116,2018-01-10,50.423,50.503,50.103,50.393,1562277.0
117,2018-01-11,51.343,51.733,51.313,51.393,1442174.0
118,2018-01-12,51.203,51.483,50.793,51.033,1172644.0
119,2018-01-16,52.273,52.663,52.133,52.373,2212773.0
120,2018-01-17,52.463,52.883,52.263,52.623,1265040.0
121,2018-01-18,51.863,52.063,51.623,51.803,1292277.0
122,2018-01-19,52.383,53.633,52.383,53.543,2232928.0
123,2018-01-22,53.503,53.683,53.353,53.553,2167906.0
124,2018-01-23,53.953,54.683,53.713,54.603,1784067.0
125,2018-01-24,54.383,54.553,53.883,54.293,2678637.0
126,2018-01-25,53.333,53.483,51.683,51.843,3444060.0
127,2018-01-26,52.113,53.333,52.063,53.313,2039745.0
128,2018-01-29,52.163,52.163,51.363,51.713,1370066.0
129,2018-01-30,51.903,52.133,51.243,51.863,1301016.0
130,2018-01-31,51.863,52.013,51.163,51.343,2568532.0
131,2018-02-01,51.703,51.973,51.573,51.733,1258330.0
132,2018-02-02,50.623,50.773,49.843,49.873,1346794.0
133,2018-02-05,48.703,48.843,46.673,46.673,2574040.0
134,2018-02-06,46.303,47.873,46.073,47.753,2018044.0
135,2018-02-07,46.963,48.303,46.923,47.033,1316608.0
136,2018-02-08,46.803,46.843,45.343,45.353,1679479.0
137,2018-02-09,44.973,45.243,43.573,44.393,2257754.0
138,2018-02-12,45.153,45.793,45.003,45.453,1299277.0
139,2018-02-13,44.343,44.913,44.283,44.743,2587189.0
140,2018-02-14,44.933,45.773,44.913,45.543,1581786.0
141,2018-02-15,45.453,46.173,45.263,46.093,942234.0
142,2018-02-16,45.463,46.283,45.403,45.673,1574591.0
143,2018-02-20,45.813,46.223,45.653,45.733,1605784.0
144,2018-02-21,45.663,45.833,44.943,44.943,2484691.0
145,2018-02-22,43.113,44.203,42.843,43.653,3040822.0
146,2018-02-23,45.503,46.053,45.273,46.023,1578316.0
147,2018-02-26,45.833,45.993,45.463,45.863,1665499.0
148,2018-02-27,45.143,45.233,44.033,44.063,1277878.0
149,2018-02-28,43.433,43.473,42.283,42.303,3258183.0
150,2018-03-01,41.943,42.593,41.243,42.043,2445640.0
151,2018-03-02,41.423,41.943,41.383,41.913,2741410.0
152,2018-03-05,41.243,42.153,41.213,41.993,1696399.0
153,2018-03-06,42.043,42.043,41.663,41.853,1248884.0
154,2018-03-07,42.083,42.163,41.383,41.753,1250310.0
155,2018-03-08,41.973,42.653,41.883,42.543,2348312.0
156,2018-03-09,42.593,42.803,42.213,42.413,986081.0
157,2018-03-12,42.603,42.793,42.173,42.263,1049888.0
158,2018-03-13,41.773,42.023,41.423,41.483,1356362.0
159,2018-03-14,42.463,42.523,41.873,42.003,2215099.0
160,2018-03-15,42.533,42.993,41.693,41.813,2103627.0
161,2018-03-16,41.563,41.903,41.133,41.173,2132408.0
162,2018-03-19,40.493,40.583,39.563,39.733,2010404.0
163,2018-03-20,39.583,39.833,38.933,39.023,2147216.0
164,2018-03-21,38.373,38.593,37.503,37.653,2334005.0
165,2018-03-22,37.4372,38.7272,37.2972,37.9772,2706308.0
166,2018-03-23,39.5372,39.6972,38.6872,38.7472,3632555.0
167,2018-03-26,39.3872,39.7072,39.0672,39.6272,2127881.0
168,2018-03-27,39.6872,39.9872,39.2872,39.4972,1727870.0
169,2018-03-28,40.2572,41.4772,40.1572,41.2472,2712472.0
170,2018-03-29,42.1272,42.6472,41.5972,41.6072,4162269.0
171,2018-04-02,41.3872,41.5772,40.6272,40.8972,1330311.0
172,2018-04-03,42.1772,42.6672,41.8372,42.4772,2977879.0
173,2018-04-04,42.6372,43.7372,42.5272,43.5772,2309988.0
174,2018-04-05,43.6272,44.1072,43.3572,43.9872,1180326.0
175,2018-04-06,44.1972,44.7172,44.0672,44.1872,2170168.0
176,2018-04-09,44.7172,44.7272,44.1672,44.2172,1750649.0
177,2018-04-10,44.3972,44.4172,43.7272,43.9272,1542575.0
178,2018-04-11,43.8172,44.2672,43.2872,43.3272,1062131.0
179,2018-04-12,43.4272,43.4672,42.7572,42.9272,864563.0
180,2018-04-13,42.7472,42.8672,42.5672,42.7472,1706970.0
181,2018-04-16,42.0772,42.1372,41.7072,41.7772,3477205.0
182,2018-04-17,41.2172,41.2672,40.5572,40.6672,2768002.0
183,2018-04-18,39.8072,39.8272,38.5272,38.7572,2723495.0
184,2018-04-19,37.7872,37.8172,34.7372,36.1572,8722585.0
185,2018-04-20,35.8472,36.0072,35.5772,35.6872,3457770.0
186,2018-04-23,36.4372,36.5572,35.8472,36.4572,2833051.0
187,2018-04-24,35.8872,36.2572,35.6072,36.0172,2475220.0
188,2018-04-25,36.8772,37.6272,36.5072,37.5172,2981325.0
189,2018-04-26,38.5372,39.2472,37.8872,39.1572,4440128.0
190,2018-04-27,39.1472,39.6772,39.0272,39.1372,2247950.0
191,2018-04-30,38.9472,39.1072,38.5072,38.5372,1496333.0
192,2018-05-01,36.9072,37.2372,36.7072,36.8672,2318869.0
193,2018-05-02,37.7172,37.7172,36.8272,36.8772,2257465.0
194,2018-05-03,36.9772,37.0672,36.3972,36.4972,4170027.0
195,2018-05-04,36.3972,36.8872,36.3772,36.5472,2801901.0
196,2018-05-07,36.6372,36.7372,36.1672,36.3272,1240379.0
197,2018-05-08,35.9772,36.0772,35.1272,35.3172,2718268.0
198,2018-05-09,36.1172,37.2072,36.0672,36.6572,3541914.0
199,2018-05-10,36.4572,36.7972,36.2472,36.5972,1658481.0
200,2018-05-11,36.4072,36.5272,35.3872,35.4172,2734163.0
201,2018-05-14,35.8672,35.9272,35.4272,35.4572,2241730.0
202,2018-05-15,35.3472,35.7472,35.1472,35.4272,1992832.0
203,2018-05-16,35.7572,35.8472,35.4972,35.5972,1463642.0
204,2018-05-17,35.7372,35.7472,35.0772,35.3272,3046631.0
205,2018-05-18,35.4272,35.4672,34.8972,34.9772,2128437.0
206,2018-05-21,34.4672,34.5372,34.2172,34.3072,1871552.0
207,2018-05-22,34.3972,34.6772,34.3372,34.4372,3511661.0
208,2018-05-23,34.7672,34.8772,33.9972,34.3172,1455731.0
209,2018-05-24,34.8972,35.0072,34.4972,34.5772,2008395.0
210,2018-05-25,34.8772,35.4872,34.8572,35.0772,2720454.0
211,2018-05-29,34.1772,34.5572,33.9072,34.2172,2022287.0
212,2018-05-30,34.2272,34.8172,34.0472,34.7472,5597788.0
213,2018-05-31,35.5072,35.5072,34.7072,35.1172,2639545.0
214,2018-06-01,35.1272,35.1472,34.6272,34.6872,1825665.0
215,2018-06-04,34.9572,35.0672,34.4572,34.6172,1175861.0
216,2018-06-05,34.1772,34.2072,33.5572,33.6072,2175020.0
217,2018-06-06,33.6072,33.6672,33.4072,33.6072,1657517.0
218,2018-06-07,33.0372,33.0972,32.6272,32.7672,2832146.0
219,2018-06-08,32.7472,33.2772,32.7472,33.2272,2019652.0
220,2018-06-11,33.7772,34.4472,33.6372,34.2872,1498355.0
221,2018-06-12,33.4872,33.6572,33.1372,33.2172,1606627.0
222,2018-06-13,33.6272,33.7072,33.3772,33.4172,1511786.0
223,2018-06-14,33.6672,34.0172,33.3772,33.5172,1472915.0
224,2018-06-15,33.2472,33.5272,33.0172,33.2572,3059442.0
225,2018-06-18,32.5372,32.5672,31.9172,32.2572,1874546.0
226,2018-06-19,32.3972,32.6772,32.3672,32.4672,1055010.0
227,2018-06-20,34.0272,34.0472,33.5872,33.7572,2408165.0
228,2018-06-21,34.5872,34.8172,34.3372,34.4172,2338306.0
229,2018-06-22,35.1672,35.7372,35.1672,35.4472,3499675.0
230,2018-06-25,34.5572,34.7072,34.0472,34.2772,2382037.0
231,2018-06-26,34.4572,34.4972,33.3972,33.5572,3122712.0
232,2018-06-27,33.5672,33.6772,33.0472,33.1172,2302116.0
233,2018-06-28,35.0014,35.5414,34.8314,35.3414,1877798.0
234,2018-06-29,35.5614,35.5714,34.9014,35.0414,1167331.0
235,2018-07-02,34.4214,34.9214,34.3614,34.6714,1168441.0
236,2018-07-03,36.2714,36.2814,35.7514,35.7714,1283845.0
237,2018-07-05,36.2414,36.2814,35.8514,36.2814,1315710.0
238,2018-07-06,36.3214,36.5314,36.2214,36.3714,796621.0
239,2018-07-09,36.9614,37.0314,36.6114,36.8014,1655803.0
240,2018-07-10,36.4614,36.9014,36.2814,36.8414,1144241.0
241,2018-07-11,36.0714,36.3014,35.8214,35.9714,943372.0
242,2018-07-12,36.1014,36.5914,36.0114,36.3314,879017.0
243,2018-07-13,36.2714,36.4314,36.2214,36.3914,653266.0
244,2018-07-16,35.9614,36.0814,35.5214,35.6814,902893.0
245,2018-07-17,34.8714,35.0614,34.6414,34.7814,1420243.0
246,2018-07-18,35.1814,35.1914,34.5514,34.7414,1046387.0
247,2018-07-19,34.1814,35.3014,33.7014,35.2414,3671300.0
248,2018-07-20,36.2414,36.7014,36.1414,36.4014,2086558.0
249,2018-07-23,36.0614,36.3414,35.7014,35.9914,1151769.0
250,2018-07-24,36.5014,36.7614,36.3014,36.5114,1248181.0
251,2018-07-25,36.8914,36.9314,36.3914,36.4414,1233126.0
252,2018-07-26,39.5614,39.8114,39.0014,39.0314,2473203.0
253,2018-07-27,38.7514,38.7914,38.2314,38.4214,1852105.0
254,2018-07-30,39.1214,39.2714,38.9714,39.1214,1271189.0
255,2018-07-31,40.2814,40.3614,39.2414,39.3714,1360952.0
256,2018-08-01,39.5714,39.5814,39.1714,39.3914,1885151.0
257,2018-08-02,39.0614,39.1114,38.5214,38.8414,1135352.0
258,2018-08-03,38.6714,39.1814,38.5314,39.1414,832451.0
259,2018-08-06,38.5014,38.6514,38.2614,38.4114,691347.0
260,2018-08-07,38.7814,38.8614,38.4414,38.5314,940852.0
261,2018-08-08,38.7114,38.8314,38.3714,38.6014,1231516.0
262,2018-08-09,38.2514,38.7714,38.0714,38.6714,1225809.0
263,2018-08-10,37.7414,38.0914,37.4514,37.9814,1927230.0
264,2018-08-13,37.3914,37.8714,37.3514,37.7414,1973485.0
265,2018-08-14,37.7714,38.0114,37.6814,37.9414,1415578.0
266,2018-08-15,36.5314,37.6214,36.3314,37.5314,3099286.0
267,2018-08-16,37.2414,37.8814,37.2114,37.6814,2518424.0
268,2018-08-17,37.9214,38.3914,37.8614,38.2814,1024594.0
269,2018-08-20,38.4914,38.7814,38.4214,38.4814,777034.0
270,2018-08-21,38.6214,38.6214,37.7014,37.9214,1113224.0
271,2018-08-22,37.8014,37.8414,37.3214,37.3214,676296.0
272,2018-08-23,36.7714,36.8114,36.3814,36.5414,1493630.0
273,2018-08-24,35.5814,35.5814,34.7814,34.8714,1184164.0
274,2018-08-27,35.1514,35.5614,35.1014,35.4614,978164.0
275,2018-08-28,34.7514,34.9714,34.4914,34.6114,1192395.0
276,2018-08-29,34.5514,34.5914,34.3414,34.3814,1008717.0
277,2018-08-30,33.7314,33.9314,33.5314,33.6214,910289.0
278,2018-08-31,33.3914,33.5314,32.7714,32.9714,1302107.0
279,2018-09-04,32.6414,32.7614,32.4614,32.5014,1197505.0
280,2018-09-05,32.2914,32.7314,32.2314,32.7014,3034020.0
281,2018-09-06,32.4914,32.5614,32.0414,32.1614,1425478.0
282,2018-09-07,31.9614,32.3414,31.9314,32.1214,1096238.0
283,2018-09-10,32.5714,32.5814,31.9314,31.9414,1857519.0
284,2018-09-11,31.0914,31.1014,30.6614,30.8314,1601883.0
285,2018-09-12,31.3114,33.9914,30.9314,33.6114,5269388.0
286,2018-09-13,32.7714,33.1714,32.3314,32.9014,2034211.0
287,2018-09-14,33.0814,33.1114,32.3714,32.5314,1457354.0
288,2018-09-17,32.6314,33.0014,32.5614,32.7214,1422320.0
289,2018-09-18,32.1614,32.3514,31.7614,31.9214,1476049.0
290,2018-09-19,31.0714,31.6514,31.0414,31.4514,1833332.0
291,2018-09-20,31.6914,31.8114,31.1414,31.6614,2665195.0
292,2018-09-21,31.5714,32.0814,31.3414,32.0114,1553704.0
293,2018-09-24,30.9914,31.2814,30.8214,30.9314,1731299.0
294,2018-09-25,31.3214,31.4614,30.9214,31.0614,2340980.0
295,2018-09-26,31.2914,31.7714,31.1814,31.2714,1430346.0
296,2018-09-27,31.4014,32.0214,31.1814,31.6214,1526917.0
297,2018-09-28,31.7814,31.8714,31.1614,31.2214,996450.0
298,2018-10-01,31.0314,31.1014,30.0614,30.2714,2176747.0
299,2018-10-02,30.4214,31.1314,30.3414,30.9814,1666606.0
300,2018-10-03,31.2814,31.4214,30.5314,30.6114,1699393.0
301,2018-10-04,29.9156,30.4756,29.8456,30.4356,1288821.0
302,2018-10-05,30.1656,30.4356,29.9756,30.0856,2141427.0
303,2018-10-08,30.1356,30.2856,28.7956,29.8556,6916154.0
304,2018-10-09,29.6656,30.1056,29.4556,29.7456,4891363.0
305,2018-10-10,30.4356,31.1756,30.1756,30.1856,4573012.0
306,2018-10-11,30.8656,30.9656,29.2956,29.6056,3910298.0
307,2018-10-12,29.1956,29.2056,28.0756,28.5356,3963163.0
308,2018-10-15,28.5556,29.1456,28.5056,28.6756,3876250.0
309,2018-10-16,28.4956,28.4956,26.9556,27.1856,3961463.0
310,2018-10-17,28.1156,28.8356,28.0356,28.3456,4907695.0
311,2018-10-18,27.5356,28.5156,27.4756,27.6656,3213968.0
312,2018-10-19,27.9256,28.6656,27.9056,28.5656,2259916.0
313,2018-10-22,28.9756,29.1256,28.6156,28.7356,3334148.0
314,2018-10-23,30.8956,31.2856,30.0756,30.7756,4426019.0
315,2018-10-24,31.0656,31.0656,30.5756,30.6756,3135182.0
316,2018-10-25,31.1056,31.7656,30.7356,31.4356,3609293.0
317,2018-10-26,31.3256,31.6556,30.8456,31.0856,4363857.0
318,2018-10-29,31.6256,31.6656,30.3556,30.6256,3039988.0
319,2018-10-30,29.5656,29.9056,28.9256,29.0756,2502157.0
320,2018-10-31,29.0356,29.0456,28.4556,28.6656,1921624.0
321,2018-11-01,29.1756,29.8156,29.1056,29.5656,1724400.0
322,2018-11-02,28.9156,29.3256,28.3856,28.7756,1769439.0
323,2018-11-05,29.7956,30.1356,29.4056,29.4556,1947144.0
324,2018-11-06,28.3656,29.1856,28.0556,29.0356,2427917.0
325,2018-11-07,30.5356,30.5956,30.0656,30.4256,2195629.0
326,2018-11-08,29.6456,29.8256,28.7556,28.8656,2785049.0
327,2018-11-09,29.0556,29.1856,26.7456,27.0156,5009133.0
328,2018-11-12,24.0456,24.2856,23.3056,23.3456,8819974.0
329,2018-11-13,22.9356,22.9856,22.0256,22.3056,7819622.0
330,2018-11-14,22.8656,22.9356,21.5156,21.7756,4177780.0
331,2018-11-15,21.6256,21.6756,20.1356,20.4456,9665646.0
332,2018-11-16,20.1256,20.5056,19.6056,19.8056,7377585.0
333,2018-11-19,20.2456,20.5156,19.7056,19.8856,5165712.0
334,2018-11-20,20.2656,20.4556,19.3856,19.4556,8524934.0
335,2018-11-21,19.8856,20.1356,19.6556,19.8556,4301896.0
336,2018-11-23,20.6656,20.7356,19.8756,20.0656,3733296.0
337,2018-11-26,19.9256,20.1756,19.8556,20.1356,2670717.0
338,2018-11-27,20.3156,20.3556,19.6356,19.6756,4505917.0
339,2018-11-28,20.4656,20.8156,19.9656,20.7956,5861392.0
340,2018-11-29,20.8356,21.2956,20.5956,20.7456,3241138.0
341,2018-11-30,20.3956,20.4956,19.7456,20.1356,3652412.0
342,2018-12-03,20.7356,20.9056,20.5656,20.7956,2618785.0
343,2018-12-04,20.5256,20.5956,19.4656,19.5056,3531801.0
344,2018-12-06,20.2856,20.3656,19.2756,19.8556,5117429.0
345,2018-12-07,19.6356,19.7356,18.7956,18.9656,3067560.0
346,2018-12-10,19.8256,19.8256,19.2756,19.5656,4022512.0
347,2018-12-11,20.0556,20.0556,18.7756,18.8956,5072354.0
348,2018-12-12,19.9056,20.2256,19.5756,19.5956,3937735.0
349,2018-12-13,19.4756,19.6056,18.8656,19.2056,3212309.0
350,2018-12-14,18.4856,18.7456,18.2656,18.3456,2661328.0
351,2018-12-17,18.6156,18.7056,17.8256,17.9856,2486420.0
352,2018-12-18,18.0956,18.1156,17.3856,17.4656,2806645.0
353,2018-12-19,17.5956,17.8456,16.8356,17.0956,3950672.0
354,2018-12-20,17.8956,17.9856,16.9856,17.3056,4155928.0
355,2018-12-21,17.1956,17.3856,16.4856,16.5956,5024945.0
356,2018-12-24,17.0956,17.2456,16.6156,16.7656,2533372.0
357,2018-12-26,16.7756,17.1556,15.9956,17.1356,3048435.0
358,2018-12-27,16.9698,17.3598,16.6098,17.3398,3517577.0
359,2018-12-28,18.5898,18.6498,18.1198,18.4198,4646567.0
360,2018-12-31,17.9298,17.9698,17.0098,17.7998,7008274.0
361,2019-01-02,17.1698,17.5398,16.9698,17.4798,3828929.0
362,2019-01-03,17.2498,17.7198,17.2198,17.5498,4838717.0
363,2019-01-04,18.1298,19.0098,18.0798,18.9298,3637629.0
364,2019-01-07,17.8698,17.9598,17.2998,17.6498,4012123.0
365,2019-01-08,17.9398,18.1098,17.6598,17.9498,3408072.0
366,2019-01-09,17.8598,18.0498,17.7098,17.7298,4285414.0
367,2019-01-10,18.0198,18.4598,17.9898,18.1098,4351396.0
368,2019-01-11,18.2898,18.8198,18.1498,18.6398,2763960.0
369,2019-01-14,18.4598,18.4898,18.1398,18.1998,2370371.0
370,2019-01-15,18.2198,18.3898,17.8798,18.1698,4342628.0
371,2019-01-16,18.0198,18.2798,17.7998,18.0398,2636335.0
372,2019-01-17,18.3898,18.8498,18.3298,18.6798,3286400.0
373,2019-01-18,18.5198,18.9798,18.3898,18.8398,5269844.0
374,2019-01-22,19.0298,19.1298,18.1598,18.3498,4701972.0
375,2019-01-23,18.3298,18.3698,17.9998,18.3098,4605652.0
376,2019-01-24,17.9398,17.9598,17.1798,17.4198,4708185.0
377,2019-01-25,17.3598,17.6098,17.2498,17.3498,3472357.0
378,2019-01-28,16.8898,18.0198,16.8498,17.9398,5327648.0
379,2019-01-29,18.8398,19.2998,18.6798,19.2298,4468399.0
380,2019-01-30,20.1898,20.5498,20.1098,20.5098,4109677.0
381,2019-01-31,21.1198,21.2498,20.5698,21.2198,3518008.0
382,2019-02-01,21.4898,21.7198,21.2498,21.4198,3305520.0
383,2019-02-04,21.1898,21.2298,20.7198,21.1098,1627348.0
384,2019-02-05,21.9698,21.9698,21.6998,21.9198,2156122.0
385,2019-02-06,21.5898,21.7398,21.2198,21.4098,1421547.0
386,2019-02-07,21.9998,22.1498,21.2698,21.4098,2334107.0
387,2019-02-08,20.9498,21.0998,20.6498,21.0898,1769141.0
388,2019-02-11,21.3798,21.4498,21.1498,21.3498,1481729.0
389,2019-02-12,21.0398,21.5698,21.0398,21.4798,1727751.0
390,2019-02-13,22.4198,22.4998,21.9698,21.9998,2528167.0
391,2019-02-14,22.2598,22.3098,21.8998,22.2698,2438474.0
392,2019-02-15,22.5598,22.6898,22.4598,22.6598,1542627.0
393,2019-02-19,22.4198,22.7098,22.2698,22.5898,1729436.0
394,2019-02-20,22.8198,23.4698,22.8098,23.2998,1699477.0
395,2019-02-21,22.6198,23.0698,22.4898,22.8598,1370246.0
396,2019-02-22,23.1698,23.7598,23.1098,23.7198,2355326.0
397,2019-02-25,23.6698,23.9998,23.5998,23.7498,3691030.0
398,2019-02-26,23.2498,23.8398,23.1698,23.6698,2424827.0
399,2019-02-27,23.4198,23.5498,23.0998,23.1898,2888108.0
400,2019-02-28,22.5698,22.8498,22.4698,22.6798,2813724.0
401,2019-03-01,23.3798,23.9698,23.3798,23.8898,2116353.0
402,2019-03-04,24.0798,24.1198,23.5298,23.6998,1587932.0
403,2019-03-05,23.7898,25.1798,23.7098,24.3998,3215545.0
404,2019-03-06,25.5898,26.1898,25.4498,26.1198,4752883.0
405,2019-03-07,26.9198,26.9498,25.8498,25.9298,3328001.0
406,2019-03-08,25.9298,26.3198,25.7298,25.9298,2047757.0
407,2019-03-11,25.6798,26.2198,25.6298,26.1298,2520912.0
408,2019-03-12,26.2098,26.5198,25.9898,26.1798,2090278.0
409,2019-03-13,25.6898,25.7498,25.1598,25.3698,2677549.0
410,2019-03-14,25.8498,26.0398,25.1898,25.4998,2915531.0
411,2019-03-15,26.1898,26.9098,26.1898,26.7898,4162943.0
412,2019-03-18,27.5298,27.7398,27.2898,27.6098,3109922.0
413,2019-03-19,28.0798,28.5298,27.0698,27.4498,3515492.0
414,2019-03-20,28.1598,28.2198,27.7398,28.1398,2937435.0
415,2019-03-21,27.9893,28.2293,27.9493,28.0293,2421134.0
416,2019-03-22,27.5893,27.7993,27.1493,27.1493,2129257.0
417,2019-03-25,26.6093,27.1693,26.5993,26.9193,1649966.0
418,2019-03-26,27.4393,27.6093,27.2293,27.4593,1041105.0
419,2019-03-27,27.1193,27.5493,27.0193,27.3793,1640563.0
420,2019-03-28,27.6793,27.9793,27.5993,27.8293,1720074.0
421,2019-03-29,28.0993,28.3793,27.8893,28.3293,1735241.0
422,2019-04-01,28.0093,28.1593,27.6193,27.6993,1413722.0
423,2019-04-02,28.2793,28.3293,27.9493,28.0393,1546855.0
424,2019-04-03,27.2493,27.5393,26.7593,26.8793,2793464.0
425,2019-04-04,27.2693,27.7193,27.1993,27.6593,2071508.0
426,2019-04-05,27.0393,27.3693,27.0193,27.3593,1230218.0
427,2019-04-08,27.2893,27.3393,27.1393,27.3293,1116641.0
428,2019-04-09,27.2093,27.3293,27.0493,27.0893,1189781.0
429,2019-04-10,27.0693,27.2993,27.0093,27.0693,3420144.0
430,2019-04-11,26.9093,27.0593,26.5793,26.6893,5336320.0
431,2019-04-12,26.6693,27.2593,26.6693,27.2393,4055760.0
432,2019-04-15,27.4393,27.6693,27.3993,27.6293,1666839.0
433,2019-04-16,27.5393,27.5693,27.2293,27.4293,1361654.0
434,2019-04-17,27.3593,27.4193,26.9393,26.9793,1860921.0
435,2019-04-18,27.0193,27.1093,25.5093,26.3893,3829428.0
436,2019-04-22,26.3593,26.5493,26.1993,26.2793,1255798.0
437,2019-04-23,26.6093,26.6893,26.3193,26.3793,1477964.0
438,2019-04-24,25.8793,26.1193,25.8193,25.9293,1299908.0
439,2019-04-25,24.7593,25.0593,24.2893,24.8493,2458765.0
440,2019-04-26,24.7993,25.4693,24.7993,25.4093,1180676.0
441,2019-04-29,25.4493,25.6193,25.3893,25.4593,1675453.0
442,2019-04-30,25.2493,26.0493,25.2293,25.8093,2313644.0
443,2019-05-01,25.3693,25.4293,24.5693,24.5793,1964357.0
444,2019-05-02,24.1293,24.2493,23.9993,24.1093,2017183.0
445,2019-05-03,24.2993,24.8193,24.2993,24.7493,1349616.0
446,2019-05-06,23.9993,24.5993,23.9493,24.5493,903182.0
447,2019-05-07,24.1093,24.3193,23.9193,24.0893,1728073.0
448,2019-05-08,23.0593,23.8193,22.9993,23.6493,2166224.0
449,2019-05-09,24.2593,24.5893,24.0293,24.4993,1276817.0
450,2019-05-10,23.8493,24.2093,23.6393,24.2093,2399916.0
451,2019-05-13,23.7693,23.9593,23.7193,23.8193,1264072.0
452,2019-05-14,23.6393,24.0193,23.6093,23.8293,1424215.0
453,2019-05-15,23.5893,24.2193,23.5593,24.1693,1426869.0
454,2019-05-16,23.7793,24.2293,23.7693,23.9693,1328701.0
455,2019-05-17,24.0993,24.3993,24.0393,24.1993,989597.0
456,2019-05-20,24.0393,24.5193,24.0093,24.3593,809276.0
457,2019-05-21,24.8693,24.8793,24.4593,24.5593,961456.0
458,2019-05-22,24.2493,24.5593,24.1793,24.4193,1073146.0
459,2019-05-23,24.0393,24.0993,23.7393,24.0993,989328.0
460,2019-05-24,24.6393,24.8193,24.3793,24.4693,1332365.0
461,2019-05-28,23.3693,23.3693,22.6893,22.9293,4639025.0
462,2019-05-29,21.6893,22.4093,21.5393,22.3693,3537742.0
463,2019-05-30,22.3693,22.4493,22.0793,22.2193,2105438.0
464,2019-05-31,21.4893,21.4993,21.2293,21.2793,1412306.0
465,2019-06-03,21.7093,21.8793,21.4393,21.8193,1253456.0
466,2019-06-04,22.6093,22.7493,22.2693,22.7093,1335762.0
467,2019-06-05,22.9293,22.9293,22.4193,22.5593,866544.0
468,2019-06-06,23.4893,23.7593,23.3493,23.4793,1942360.0
469,2019-06-07,24.8593,25.0993,24.6193,24.9193,1962593.0
470,2019-06-10,25.1393,25.1493,24.6793,24.9293,1093437.0
471,2019-06-11,25.2593,25.6493,24.9393,25.5093,1133258.0
472,2019-06-12,23.8393,24.0893,23.5193,23.5693,1592204.0
473,2019-06-13,23.5993,23.6693,23.3493,23.5593,1341550.0
474,2019-06-14,22.9393,23.1393,22.8793,22.9093,1639908.0
475,2019-06-17,22.2893,22.4793,22.2493,22.3293,1360897.0
476,2019-06-18,22.5793,22.7593,22.3693,22.4093,1005050.0
477,2019-06-19,21.9693,22.2293,21.8093,22.0793,849547.0
478,2019-06-20,22.0393,22.3593,22.0093,22.2893,977544.0
479,2019-06-21,21.7093,22.1293,21.6693,21.9393,1704189.0
480,2019-06-24,21.8493,22.1493,21.8093,21.8093,1291380.0
481,2019-06-25,22.2593,22.4893,22.1993,22.3793,1019199.0
482,2019-06-26,22.1093,22.3693,21.9893,22.1393,1624614.0
483,2019-06-27,22.3888,22.4288,21.9888,22.2188,932275.0
484,2019-06-28,22.3188,22.3288,22.0988,22.1488,935169.0
485,2019-07-01,23.1088,23.5388,22.7088,22.8088,3480231.0
486,2019-07-02,23.7688,23.9288,23.5388,23.8988,3769963.0
487,2019-07-03,24.6088,24.7088,24.4488,24.6488,2777074.0
488,2019-07-05,25.0388,25.0688,24.4088,24.7988,1669238.0
489,2019-07-08,25.0188,25.3088,24.9388,25.0288,1963464.0
490,2019-07-09,24.3888,24.4388,23.9788,24.0588,1026161.0
491,2019-07-10,24.2488,24.3988,24.0988,24.2188,950665.0
492,2019-07-11,23.4888,23.7888,23.4788,23.7688,1173812.0
493,2019-07-12,23.6588,23.8388,23.4388,23.5688,1229270.0
494,2019-07-15,23.9688,24.0888,23.8188,23.9288,1436115.0
495,2019-07-16,23.9588,23.9988,23.6588,23.8388,1678333.0
496,2019-07-17,23.8788,23.9188,23.5288,23.7288,1187286.0
497,2019-07-18,25.0588,26.5188,24.9988,26.2388,3087572.0
498,2019-07-19,26.1088,26.3688,25.5988,25.6988,1640495.0
499,2019-07-22,25.3988,25.5488,25.2188,25.2788,1152584.0
500,2019-07-23,25.5888,25.6988,24.8288,24.9588,2399015.0
501,2019-07-24,24.7888,25.0988,24.4788,24.5688,2195892.0
502,2019-07-25,25.0688,25.0988,24.5688,24.6488,1825610.0
503,2019-07-26,24.9288,24.9788,24.4188,24.5588,2419329.0
504,2019-07-29,25.1688,25.4288,24.6388,24.6688,2941426.0
505,2019-07-30,23.7788,23.8688,23.1088,23.2888,2281249.0
506,2019-07-31,23.2588,23.4988,22.5088,22.8888,1944996.0
507,2019-08-01,24.7688,25.5988,24.6688,24.9788,2223034.0
508,2019-08-02,25.5988,25.6288,24.7988,24.9788,1512570.0
509,2019-08-05,23.8988,23.9788,23.0588,23.3288,1954273.0
510,2019-08-06,23.7788,23.8388,23.2888,23.5488,1240854.0
511,2019-08-07,23.3088,24.2188,23.2788,24.0988,1291378.0
512,2019-08-08,24.5288,24.8588,24.4388,24.8488,1171387.0
513,2019-08-09,24.2188,24.4188,24.0888,24.3088,919321.0
514,2019-08-12,24.2388,24.3488,24.1088,24.2288,1127410.0
515,2019-08-13,23.7388,24.1488,23.6388,24.0488,1422553.0
516,2019-08-14,23.4388,23.7288,23.3888,23.4988,1874975.0
517,2019-08-15,24.0688,24.4388,23.9888,24.2688,1472498.0
518,2019-08-16,23.9988,24.1388,23.9288,24.0088,1225019.0
519,2019-08-19,24.0088,24.2288,23.8988,23.8988,1036140.0
520,2019-08-20,23.7588,23.8688,23.2588,23.4488,1222468.0
521,2019-08-21,24.0188,24.1288,23.8488,23.9988,646321.0
522,2019-08-22,23.6388,23.9888,23.5888,23.8488,846610.0
523,2019-08-23,23.9088,24.0488,23.2788,23.3588,893385.0
524,2019-08-26,23.6288,23.7988,23.2488,23.3888,727295.0
525,2019-08-27,23.0788,23.4388,21.3888,21.4588,4982040.0
526,2019-08-28,21.4588,22.2388,21.3688,22.0588,3048655.0
527,2019-08-29,22.3888,22.4488,21.9788,22.2588,1568910.0
528,2019-08-30,22.5588,22.6488,22.1688,22.3788,1079448.0
529,2019-09-03,22.1388,22.5388,22.0588,22.5188,911413.0
530,2019-09-04,22.5388,22.7688,22.3988,22.7588,1189648.0
531,2019-09-05,22.9888,23.1488,22.7988,22.9388,1341317.0
532,2019-09-06,22.9888,23.4088,22.9288,23.2588,1124445.0
533,2019-09-09,22.8488,23.0788,22.7888,23.0388,1077782.0
534,2019-09-10,23.3088,24.0888,23.2688,24.0888,1312575.0
535,2019-09-11,24.2488,24.9888,24.2388,24.9788,1327625.0
536,2019-09-12,25.4188,25.4588,24.9688,25.2688,1253384.0
537,2019-09-13,23.9988,24.5088,23.9888,24.0388,1574603.0
538,2019-09-16,23.5188,23.7288,23.2788,23.2888,1002685.0
539,2019-09-17,23.6388,24.1688,23.5688,24.1188,1014668.0
540,2019-09-18,24.2788,24.4688,23.9788,24.1888,940383.0
541,2019-09-19,24.1488,24.3388,23.7388,23.7588,1154185.0
542,2019-09-20,23.5188,23.8988,23.5188,23.5688,974132.0
543,2019-09-23,23.0288,23.1988,22.8888,23.0788,1363441.0
544,2019-09-24,22.6788,22.7988,22.5088,22.5388,1415323.0
545,2019-09-25,23.2788,23.6588,23.0088,23.6088,1845402.0
546,2019-09-26,23.3688,23.6788,23.1988,23.2988,2692663.0
547,2019-09-27,23.2888,23.5188,23.1588,23.4288,1177337.0
548,2019-09-30,24.0188,24.3988,23.9688,24.1788,975195.0
549,2019-10-01,24.1888,24.2188,23.7688,24.0388,1260674.0
550,2019-10-02,23.2588,23.3288,22.7788,22.9588,2075494.0
551,2019-10-03,22.5183,22.7483,22.4183,22.6383,1855174.0
552,2019-10-04,22.1683,22.6583,22.1383,22.6183,1798693.0
553,2019-10-07,22.5383,22.8583,22.4683,22.6583,1547812.0
554,2019-10-08,22.3683,22.5483,22.2183,22.3083,1953655.0
555,2019-10-09,22.4183,22.5083,22.2983,22.4183,1042038.0
556,2019-10-10,22.4083,22.7083,22.3183,22.6083,1608552.0
557,2019-10-11,22.0683,22.5183,21.6783,22.3083,3137358.0
558,2019-10-14,21.9483,22.3383,21.8883,22.2683,1880670.0
559,2019-10-15,22.5083,22.6883,22.3483,22.5483,2729176.0
560,2019-10-16,22.4083,22.6283,22.3783,22.4883,1108532.0
561,2019-10-17,22.6583,22.9083,22.3983,22.8583,1988204.0
562,2019-10-18,22.3583,22.6583,22.3483,22.4783,2381439.0
563,2019-10-21,22.5583,22.6883,22.3983,22.5183,1967925.0
564,2019-10-22,22.5583,22.9483,22.3783,22.6683,2678373.0
565,2019-10-23,22.9483,23.4983,22.8883,23.4683,3635778.0
566,2019-10-24,23.6983,23.7883,23.2683,23.3883,1709364.0
567,2019-10-25,22.7983,22.9583,22.5683,22.7483,2022450.0
568,2019-10-28,22.8283,23.2183,22.7583,22.8283,1193273.0
569,2019-10-29,22.5683,23.1783,22.5583,23.0683,1092683.0
570,2019-10-30,23.2583,23.4483,23.1183,23.3783,1185594.0
571,2019-10-31,23.2783,23.3283,22.7983,22.9083,1427817.0
572,2019-11-01,23.2883,23.5483,23.1983,23.4583,1125189.0
573,2019-11-04,23.8383,24.1083,23.6783,23.7983,1225887.0
574,2019-11-05,23.8583,24.0283,23.7083,23.9783,1194799.0
575,2019-11-06,24.5583,24.5683,24.3183,24.3483,1432695.0
576,2019-11-07,25.1483,25.1483,24.5583,24.6683,2137443.0
577,2019-11-08,24.8383,25.0083,24.6883,25.0083,1332200.0
578,2019-11-11,25.0083,25.4083,24.9383,25.3783,1324039.0
579,2019-11-12,25.3783,25.6683,25.3383,25.6183,864503.0
580,2019-11-13,25.3183,25.4583,25.0083,25.0983,1668933.0
581,2019-11-14,25.1983,25.3883,25.1583,25.2483,1167871.0
582,2019-11-15,24.5483,24.8183,24.3583,24.7883,1509456.0
583,2019-11-18,25.2483,25.2583,25.0083,25.1883,1501160.0
584,2019-11-19,25.6983,25.7183,25.0983,25.1483,1696814.0
585,2019-11-20,24.7983,26.8583,24.7683,26.1983,4615447.0
586,2019-11-21,26.1283,26.3283,25.8383,26.2983,2422307.0
587,2019-11-22,26.3183,26.3883,26.0283,26.0983,1012824.0
588,2019-11-25,26.5883,26.9283,26.3883,26.8783,1992121.0
589,2019-11-26,26.3683,26.4583,25.8283,25.8883,2237322.0
590,2019-11-27,27.2583,27.6783,27.2383,27.5183,2008734.0
591,2019-11-29,27.3283,27.7283,27.2583,27.5583,2510506.0
592,2019-12-02,27.5583,27.6783,27.1883,27.6483,1500799.0
593,2019-12-03,26.7583,26.8183,26.4283,26.6283,2119953.0
594,2019-12-04,26.6683,26.9883,26.6083,26.7183,1360741.0
595,2019-12-05,26.7983,26.9983,26.5983,26.9083,1162115.0
596,2019-12-06,27.1783,27.3583,27.0983,27.2783,1099961.0
597,2019-12-09,27.3683,27.6083,27.3683,27.5483,1508637.0
598,2019-12-10,27.2083,27.5283,27.0983,27.2583,1000159.0
599,2019-12-11,27.0983,27.5383,27.0883,27.4283,1213409.0
600,2019-12-12,27.2883,27.6183,27.2183,27.3483,1094956.0
601,2019-12-13,28.4583,28.8283,28.3683,28.6483,2195588.0
602,2019-12-16,30.3283,30.5583,30.1183,30.1883,2762297.0
603,2019-12-17,29.6983,30.1083,29.6783,29.9683,1630521.0
604,2019-12-18,30.4383,30.4583,30.1083,30.4383,1064421.0
605,2019-12-19,30.2183,30.3983,30.1183,30.1583,1327861.0
606,2019-12-20,30.7583,30.8583,30.4483,30.4483,1418052.0
607,2019-12-23,30.2083,30.5683,30.1983,30.5083,1153907.0
608,2019-12-24,30.6783,30.8583,30.6683,30.7483,873142.0
609,2019-12-26,30.6178,30.9178,30.5478,30.8678,996797.0
610,2019-12-27,31.2578,31.3078,31.0678,31.1378,1655560.0
611,2019-12-30,31.6178,31.6178,31.0078,31.0778,1280501.0
612,2019-12-31,30.8878,31.0878,30.7878,31.0778,1126207.0
613,2020-01-02,31.5578,31.6078,31.3378,31.4878,1450364.0
614,2020-01-03,32.2278,32.5578,32.1378,32.2778,2132204.0
615,2020-01-06,32.3578,32.7778,32.2778,32.6978,1884081.0
616,2020-01-07,33.1178,33.3578,32.9378,33.3478,1913024.0
617,2020-01-08,33.7878,34.1578,33.7078,34.0278,2714604.0
618,2020-01-09,34.0578,34.1178,33.7178,34.0078,1627828.0
619,2020-01-10,34.1778,34.2378,33.8178,33.8378,1337845.0
620,2020-01-13,33.7978,34.0278,33.6778,34.0178,1098107.0
621,2020-01-14,33.8578,33.9678,33.7778,33.8678,880786.0
622,2020-01-15,34.0678,34.2578,34.0078,34.0978,890706.0
623,2020-01-16,33.7778,33.8578,33.6078,33.7378,1110581.0
624,2020-01-17,33.6478,33.7978,33.6278,33.7278,671909.0
625,2020-01-21,32.9678,33.3278,32.8478,33.1878,1386978.0
626,2020-01-22,32.9578,33.5078,32.9578,33.2678,1277834.0
627,2020-01-23,33.1678,33.3378,33.0378,33.1778,886134.0
628,2020-01-24,33.2478,33.3178,33.0478,33.1678,932586.0
629,2020-01-27,32.1678,32.6678,32.0778,32.3778,940411.0
630,2020-01-28,32.3478,32.6478,32.2978,32.4878,942872.0
631,2020-01-29,32.3378,32.7378,32.3078,32.4578,824298.0
632,2020-01-30,32.4678,32.7078,32.1778,32.6678,1488145.0
633,2020-01-31,32.7478,32.8978,32.4978,32.6678,1403518.0
634,2020-02-03,32.5678,32.9178,32.5278,32.6678,1211277.0
635,2020-02-04,33.0978,33.5178,33.0178,33.3578,975346.0
636,2020-02-05,32.7778,33.3978,32.7378,33.2578,970254.0
637,2020-02-06,33.1878,33.7878,33.1578,33.6778,1104111.0
638,2020-02-07,33.1978,33.2178,32.9778,33.0778,1266734.0
639,2020-02-10,32.8678,33.2278,32.8378,33.0578,1336384.0
640,2020-02-11,33.4778,33.5878,33.3878,33.3878,1013558.0
641,2020-02-12,33.2378,33.2678,32.5778,32.6178,1375894.0
642,2020-02-13,32.5678,32.8778,32.1778,32.6478,1132868.0
643,2020-02-14,32.6378,32.6478,31.9878,32.1478,1459079.0
644,2020-02-18,31.8378,32.0178,31.6078,31.8178,1292455.0
645,2020-02-19,31.9478,32.1178,31.8478,32.0578,1046172.0
646,2020-02-20,31.4578,31.9778,31.4178,31.8978,1264535.0
647,2020-02-21,32.0278,32.3178,31.8778,32.2478,1301373.0
648,2020-02-24,30.5078,30.8678,30.2678,30.3278,3429468.0
649,2020-02-25,30.4478,30.6678,29.5578,29.6678,2342658.0
650,2020-02-26,29.4778,30.3078,29.4278,29.7678,1674114.0
651,2020-02-27,30.4078,30.5278,28.9778,29.0678,2274979.0
652,2020-02-28,27.9278,28.4578,27.0678,28.4178,2448628.0
653,2020-03-02,26.9878,28.2478,26.7678,28.2278,4891118.0
654,2020-03-03,28.3278,29.1278,27.8478,28.3778,4773664.0
655,2020-03-04,29.4878,30.7278,29.0378,30.7278,3007549.0
656,2020-03-05,30.0778,30.8978,29.9778,30.6578,3408569.0
657,2020-03-06,29.3078,29.6378,28.9078,29.5278,2704640.0
658,2020-03-09,27.1878,28.5978,26.8778,27.4478,3802666.0
659,2020-03-10,27.7178,27.8978,26.1578,27.4878,5680871.0
660,2020-03-11,26.6778,26.9978,25.4978,25.8778,4051498.0
661,2020-03-12,23.5078,23.6178,21.3778,22.7178,4359346.0
662,2020-03-13,23.4678,24.1578,21.6678,24.1578,5471402.0
663,2020-03-16,19.2478,21.8478,18.5778,21.0078,5316907.0
664,2020-03-17,20.8178,22.3078,20.1978,22.3078,4581507.0
665,2020-03-18,20.7778,22.0478,19.5278,20.6578,4395200.0
666,2020-03-19,18.9178,20.8078,18.6078,20.4078,5910617.0
667,2020-03-20,19.6778,19.9578,18.3078,18.4978,5221442.0
668,2020-03-23,17.1878,17.7978,15.9378,16.2578,5165800.0
669,2020-03-24,18.5078,19.5678,17.8678,18.6778,4961912.0
670,2020-03-25,18.6778,20.3678,18.2378,19.7278,5578254.0
671,2020-03-26,21.1099,23.2399,21.1099,23.1299,3341470.0
672,2020-03-27,21.6999,22.6099,21.0599,21.6099,2382134.0
673,2020-03-30,21.9899,22.6599,21.8299,22.3299,2596819.0
674,2020-03-31,23.1399,23.9999,22.9999,23.4799,2660902.0
675,2020-04-01,24.7799,25.6099,24.1399,24.3599,4798026.0
676,2020-04-02,25.8799,26.2799,25.1599,26.1899,4696138.0
677,2020-04-03,25.5199,25.8499,25.0699,25.4999,2138081.0
678,2020-04-06,25.5299,26.1899,25.4699,25.9599,2710504.0
679,2020-04-07,26.5399,26.6599,25.5199,25.6699,3533117.0
680,2020-04-08,25.7899,26.1299,25.2399,25.8799,1913487.0
681,2020-04-09,26.3399,27.3099,26.2499,26.8899,2303097.0
682,2020-04-13,26.7899,27.0199,26.5599,26.6699,1622018.0
683,2020-04-14,25.7799,27.2199,25.7699,27.1799,3564039.0
684,2020-04-15,26.3299,26.4499,25.8999,25.9899,2432190.0
685,2020-04-16,26.7899,26.9499,26.1399,26.3299,2032549.0
686,2020-04-17,26.7199,26.9599,26.1899,26.7899,1579401.0
687,2020-04-20,25.9799,26.7399,25.8199,26.0099,1718043.0
688,2020-04-21,25.2299,25.6599,24.7299,24.9099,1484610.0
689,2020-04-22,25.6799,25.6899,25.1299,25.3299,1147469.0
690,2020-04-23,25.5399,26.0899,25.5099,25.5799,1082483.0
691,2020-04-24,26.0399,26.5599,25.7899,26.4399,1343194.0
692,2020-04-27,26.6499,27.0999,26.2999,27.0899,2164849.0
693,2020-04-28,28.9199,28.9199,28.2999,28.4899,2641792.0
694,2020-04-29,28.8899,29.3299,28.6099,29.3099,3354427.0
695,2020-04-30,28.7199,28.7999,27.3299,27.4399,5203427.0
696,2020-05-01,27.0999,27.2199,26.3299,26.6299,2503115.0
697,2020-05-04,26.6299,26.6999,26.2599,26.6399,1383855.0
698,2020-05-05,26.8399,27.3099,26.7599,27.0899,1717393.0
699,2020-05-06,26.8399,26.9899,26.2699,26.4199,1708354.0
700,2020-05-07,26.4599,26.6299,26.0699,26.2799,1280930.0
701,2020-05-08,26.8399,27.4599,26.7199,27.1899,916854.0
702,2020-05-11,27.1199,27.5999,26.9799,27.3899,1233507.0
703,2020-05-12,28.5799,28.7099,27.6099,27.6099,1525267.0
704,2020-05-13,27.8699,27.8999,26.6899,27.0599,1596234.0
705,2020-05-14,26.2699,26.6799,25.9299,26.4099,1692474.0
706,2020-05-15,26.5899,26.8599,26.4399,26.6299,1498177.0
707,2020-05-18,27.2899,27.6199,27.2699,27.4299,1835061.0
708,2020-05-19,26.9599,27.1699,26.7199,26.7899,1154572.0
709,2020-05-20,27.3699,27.7999,27.0999,27.7999,1140521.0
710,2020-05-21,28.1299,28.3299,27.7199,27.8699,917832.0
711,2020-05-22,27.6199,28.1299,27.4299,28.1299,1225825.0
712,2020-05-26,28.6399,29.1199,28.4799,28.9299,1342330.0
713,2020-05-27,29.6099,29.7999,29.3799,29.7599,1294868.0
714,2020-05-28,30.1999,30.3099,29.7399,29.7399,1238051.0
715,2020-05-29,29.5799,29.5799,28.7199,29.3699,1950499.0
716,2020-06-01,29.4899,30.0999,29.4699,30.0799,1168482.0
717,2020-06-02,29.9399,30.0899,29.6199,29.7999,991571.0
718,2020-06-03,30.1099,30.8699,30.0699,30.4999,1550585.0
719,2020-06-04,30.0299,30.3399,29.8199,30.2699,1455133.0
720,2020-06-05,30.3299,30.4799,29.8799,29.8799,2412461.0
721,2020-06-08,29.4899,29.7399,29.2399,29.6899,2472336.0
722,2020-06-09,27.8599,28.5899,27.8399,28.4399,2392271.0
723,2020-06-10,29.4899,29.8799,29.2099,29.4499,2163641.0
724,2020-06-11,28.4299,28.4699,26.9399,26.9399,1970198.0
725,2020-06-12,27.8399,27.9299,26.8399,27.4099,1441617.0
726,2020-06-15,26.8299,28.1299,26.6899,27.9599,1843426.0
727,2020-06-16,28.7499,29.3199,28.5799,28.9999,1424869.0
728,2020-06-17,29.1299,29.1699,28.7299,28.8599,1246370.0
729,2020-06-18,28.2899,28.8499,28.2699,28.7299,1074795.0
730,2020-06-19,28.6699,29.0699,28.4199,28.4599,1758034.0
731,2020-06-22,29.1699,29.1699,28.6799,28.9999,1284047.0
732,2020-06-23,29.5399,29.5499,28.9199,28.9699,947039.0
733,2020-06-24,28.1699,28.2099,27.3799,27.4299,1563349.0
734,2020-06-25,27.8799,28.7799,27.5499,28.5999,2086398.0
735,2020-06-26,28.5599,28.5699,27.8899,28.0399,2340292.0
736,2020-06-29,27.9699,28.4199,27.9099,28.4199,1879946.0
737,2020-06-30,27.8599,28.3499,27.8099,28.1099,1813524.0
738,2020-07-01,28.1599,28.8099,28.1499,28.5999,1395252.0
739,2020-07-02,28.7999,28.9999,28.5399,28.7599,1011432.0
740,2020-07-06,28.4399,28.8699,28.4399,28.8299,1208444.0
741,2020-07-07,28.0199,28.7799,27.9799,28.4699,1283904.0
742,2020-07-08,28.1399,28.3399,27.7399,28.0999,2697847.0
743,2020-07-09,27.6469,27.6669,26.9069,27.0169,2412006.0
744,2020-07-10,26.6969,27.2169,26.6869,27.1969,2140249.0
745,2020-07-13,27.0469,27.0969,26.3969,26.4669,1896624.0
746,2020-07-14,26.4669,26.9169,26.3769,26.8469,1752156.0
747,2020-07-15,26.9869,27.0569,26.1769,26.2769,2350466.0
748,2020-07-16,25.7369,26.0269,25.5869,25.5869,2467305.0
749,2020-07-17,25.6969,25.7769,25.2369,25.4069,3122728.0
750,2020-07-20,24.7769,24.7969,24.2969,24.6469,3543179.0
751,2020-07-21,24.6669,25.1769,24.6569,24.6669,2854637.0
752,2020-07-22,24.6769,24.7569,24.2969,24.7369,2004131.0
753,2020-07-23,25.0069,25.0269,24.6869,24.8169,1779283.0
754,2020-07-24,24.7269,24.9869,24.4369,24.5669,1908402.0
755,2020-07-27,24.8069,24.9769,24.6669,24.9469,1238414.0
756,2020-07-28,25.3669,25.7269,25.2169,25.2669,2721779.0
757,2020-07-29,25.5169,25.5169,25.0869,25.3869,1846762.0
758,2020-07-30,25.0869,25.1069,24.7369,25.0469,2019032.0
759,2020-07-31,24.6069,24.6669,23.1369,23.5169,4008540.0
760,2020-08-03,23.4769,23.5369,23.1769,23.2769,3427237.0
761,2020-08-04,23.4069,23.8069,23.3569,23.7369,6923670.0
762,2020-08-05,23.7369,23.8269,23.5169,23.5469,2279955.0
763,2020-08-06,23.4669,23.5269,23.1669,23.2869,2025408.0
764,2020-08-07,22.7669,23.2169,22.7169,23.1869,2661851.0
765,2020-08-10,23.1869,23.8969,23.1669,23.8869,8129474.0
766,2020-08-11,24.3969,24.5669,23.9669,23.9669,4621564.0
767,2020-08-12,24.7569,24.7569,24.3569,24.5969,3643764.0
768,2020-08-13,24.7069,24.7269,23.7469,23.8069,2850212.0
769,2020-08-14,23.3169,23.6069,23.2169,23.4269,6464942.0
770,2020-08-17,23.6669,24.1269,23.6169,23.9569,2116718.0
771,2020-08-18,24.0269,24.0569,23.8169,23.9569,1752283.0
772,2020-08-19,23.9969,24.1369,23.5969,23.6669,1609674.0
773,2020-08-20,23.4869,23.5469,23.3269,23.5169,1544487.0
774,2020-08-21,23.3169,23.8869,23.0869,23.7869,2867510.0
775,2020-08-24,24.2669,24.7569,24.1169,24.7469,3301606.0
776,2020-08-25,24.2369,24.3169,23.8469,24.1769,3991398.0
777,2020-08-26,23.9469,24.0969,23.6969,23.8269,1812259.0
778,2020-08-27,24.2469,24.4469,23.8669,24.0669,1882076.0
779,2020-08-28,24.1169,24.3069,23.7869,24.3069,1796268.0
780,2020-08-31,24.1569,24.1769,23.7169,23.7369,1233738.0
781,2020-09-01,23.9469,24.0069,23.7269,23.8869,1872846.0
782,2020-09-02,24.1369,24.4969,24.0769,24.4369,1949870.0
783,2020-09-03,24.5369,24.7669,23.6169,23.8369,2402313.0
784,2020-09-04,24.2769,24.3469,23.6469,24.1069,2471927.0
785,2020-09-08,23.7069,23.9269,23.3869,23.6369,2471453.0
786,2020-09-09,24.6969,25.1969,24.6669,24.8469,2643223.0
787,2020-09-10,24.4669,24.4869,23.5769,23.5869,2712654.0
788,2020-09-11,24.1369,24.1869,23.7569,24.0169,1926396.0
789,2020-09-14,24.2969,24.3069,24.0469,24.1669,1605883.0
790,2020-09-15,25.0969,25.1969,24.7469,24.8369,1638382.0
791,2020-09-16,24.7469,25.2269,24.6469,24.7769,1444296.0
792,2020-09-17,24.8969,25.1669,24.7869,24.9369,1745383.0
793,2020-09-18,24.8269,24.8669,24.2769,24.5569,1698361.0
794,2020-09-21,23.8569,23.8569,23.4169,23.7869,2230684.0
795,2020-09-22,25.0169,25.0769,24.6569,24.9269,2442085.0
796,2020-09-23,25.5869,25.7969,25.0669,25.1369,3244148.0
797,2020-09-24,25.8469,26.1269,25.5169,25.9469,3129242.0
798,2020-09-25,25.6769,26.0269,25.4969,26.0169,1840350.0
799,2020-09-28,26.3669,26.7369,26.3569,26.4069,2175933.0
800,2020-09-29,25.9269,26.0669,25.5969,25.6069,1911293.0
801,2020-09-30,25.8369,26.2269,25.7869,26.1169,1993926.0
802,2020-10-01,25.849,25.959,25.459,25.909,1734728.0
803,2020-10-02,25.739,26.329,25.709,26.089,1261399.0
804,2020-10-05,26.909,27.049,26.699,26.969,1589397.0
805,2020-10-06,26.429,26.689,26.059,26.199,1504503.0
806,2020-10-07,26.159,26.289,25.989,26.119,1694752.0
807,2020-10-08,25.939,26.129,25.839,25.949,1282567.0
808,2020-10-09,26.219,26.239,25.889,25.889,1323811.0
809,2020-10-12,25.939,26.339,25.859,26.219,1133675.0
810,2020-10-13,25.999,26.029,25.699,25.909,1399274.0
811,2020-10-14,25.449,25.689,25.109,25.299,2248531.0
812,2020-10-15,24.379,24.599,24.289,24.479,1983579.0
813,2020-10-16,24.659,24.949,24.479,24.709,1314594.0
814,2020-10-19,24.679,24.759,24.309,24.319,1521142.0
815,2020-10-20,24.739,24.839,24.449,24.519,2128373.0
816,2020-10-21,24.089,24.299,23.949,24.019,2422864.0
817,2020-10-22,24.069,24.289,24.019,24.199,1411163.0
818,2020-10-23,24.529,24.609,24.139,24.279,1359613.0
819,2020-10-26,24.539,24.539,24.129,24.329,1456318.0
820,2020-10-27,23.889,23.919,23.329,23.329,1917775.0
821,2020-10-28,22.759,22.779,22.319,22.469,2941885.0
822,2020-10-29,22.469,23.139,22.279,22.949,4161720.0
823,2020-10-30,22.559,22.639,22.239,22.519,2412135.0
824,2020-11-02,22.589,22.929,22.429,22.859,2543361.0
825,2020-11-03,23.159,23.599,23.149,23.289,2184310.0
826,2020-11-04,24.029,24.419,23.739,23.899,2958263.0
827,2020-11-05,24.099,24.119,23.249,23.299,4230364.0
828,2020-11-06,23.449,23.609,23.239,23.429,3930189.0
829,2020-11-09,24.969,25.039,24.159,24.189,3099680.0
830,2020-11-10,25.719,26.649,25.599,26.569,2997225.0
831,2020-11-11,26.899,27.349,26.539,27.149,4714924.0
832,2020-11-12,27.179,27.449,27.019,27.159,2924976.0
833,2020-11-13,27.459,27.639,27.309,27.639,1679440.0
834,2020-11-16,27.729,28.279,27.719,28.199,1652161.0
835,2020-11-17,27.849,28.459,27.749,28.259,1853997.0
836,2020-11-18,28.429,28.949,28.249,28.249,1439787.0
837,2020-11-19,27.729,27.869,27.409,27.749,1373825.0
838,2020-11-20,27.489,27.699,27.379,27.529,993060.0
839,2020-11-23,26.949,27.209,26.699,27.089,1664653.0
840,2020-11-24,26.159,26.909,26.139,26.749,2781661.0
841,2020-11-25,26.269,26.619,26.249,26.439,2447092.0
842,2020-11-27,26.139,26.589,26.139,26.489,1627339.0
843,2020-11-30,26.259,26.329,25.839,25.949,2097414.0
844,2020-12-01,26.239,26.559,26.169,26.369,2866792.0
845,2020-12-02,26.359,26.719,26.319,26.629,1306168.0
846,2020-12-03,26.989,27.359,26.909,27.179,1433423.0
847,2020-12-04,27.409,27.639,27.299,27.559,1127208.0
848,2020-12-07,28.459,28.839,28.219,28.809,2089790.0
849,2020-12-08,28.759,29.529,28.679,29.439,2048153.0
850,2020-12-09,29.639,29.979,29.559,29.939,1763356.0
851,2020-12-10,29.899,30.099,29.609,29.729,1995092.0
852,2020-12-11,28.949,29.389,28.849,29.359,1751678.0
853,2020-12-14,29.399,29.499,29.089,29.109,1498365.0
854,2020-12-15,28.989,29.029,28.789,28.959,2280588.0
855,2020-12-16,29.059,29.639,29.059,29.549,2055001.0
856,2020-12-17,29.4111,29.6111,29.2711,29.4411,1288308.0
857,2020-12-18,29.2011,29.3011,28.9711,29.0711,2090522.0
858,2020-12-21,27.5211,28.2911,27.3911,28.2711,3498849.0
859,2020-12-22,27.9511,28.0811,27.6311,27.8511,1736820.0
860,2020-12-23,27.9511,28.3011,27.9411,28.2311,1695376.0
861,2020-12-24,28.3511,28.6311,28.2811,28.5611,686605.0
862,2020-12-28,28.7811,29.1411,28.6911,28.8111,1647654.0
863,2020-12-29,29.6511,29.7011,29.0211,29.1211,1700003.0
864,2020-12-30,29.0911,29.3611,28.7911,29.0311,1901486.0
865,2020-12-31,28.7011,28.8411,28.5111,28.8011,1657809.0
866,2021-01-04,29.2311,29.2811,28.6111,29.0111,2058923.0
867,2021-01-05,29.2411,29.6911,29.1711,29.5311,1735328.0
868,2021-01-06,29.6211,30.0511,29.3011,29.3411,2301492.0
869,2021-01-07,29.4611,29.6811,29.3111,29.4611,1436433.0
870,2021-01-08,29.6311,29.7111,29.3111,29.5211,2084863.0
871,2021-01-11,28.5711,29.2111,28.5711,29.1711,1961655.0
872,2021-01-12,28.4811,28.8411,28.3011,28.6911,2471294.0
873,2021-01-13,29.0511,29.3311,28.9711,29.2211,1293997.0
874,2021-01-14,29.3411,29.7311,29.1411,29.6011,1321336.0
875,2021-01-15,29.3211,29.3611,28.9611,29.1911,2006531.0
876,2021-01-19,28.8111,29.0511,28.7311,28.9811,1660280.0
877,2021-01-20,28.8511,29.3211,28.8311,29.2511,1342390.0
878,2021-01-21,29.5111,29.5211,29.2011,29.3111,1676752.0
879,2021-01-22,29.1111,29.4011,28.9011,29.2411,1307743.0
880,2021-01-25,28.9811,29.1611,28.7511,29.0311,1478290.0
881,2021-01-26,29.2211,29.4411,28.9511,29.3111,2541196.0
882,2021-01-27,29.6111,29.9911,29.3511,29.6011,2628661.0
883,2021-01-28,29.2711,29.6111,29.0111,29.0211,1626891.0
884,2021-01-29,28.3011,28.6411,27.8511,27.8611,2723195.0
885,2021-02-01,27.9511,28.1211,27.7211,27.9711,1780726.0
886,2021-02-02,28.5211,28.7011,28.2711,28.5511,2472798.0
887,2021-02-03,28.5811,28.6811,28.2711,28.5611,1360410.0
888,2021-02-04,28.1411,28.4311,27.8011,28.4311,2322157.0
889,2021-02-05,28.1411,28.6111,28.0911,28.5511,2537819.0
890,2021-02-08,28.7111,28.8411,28.5611,28.7411,2675951.0
891,2021-02-09,29.3411,29.6711,29.2411,29.5311,2681769.0
892,2021-02-10,29.4111,29.5411,29.0211,29.1511,1485360.0
893,2021-02-11,29.1511,29.1611,28.7411,28.9511,1151437.0
894,2021-02-12,28.8111,29.3511,28.7711,29.3411,1835623.0
895,2021-02-16,29.8111,30.0411,29.6611,29.9911,1669665.0
896,2021-02-17,28.4611,28.5411,27.8311,28.1511,3377461.0
897,2021-02-18,27.7111,27.9811,27.5311,27.8811,2175762.0
898,2021-02-19,27.7411,27.8511,27.5611,27.5811,2286074.0
899,2021-02-22,27.4111,28.1211,27.3511,27.9811,2765503.0
900,2021-02-23,28.3511,28.5711,28.2811,28.4711,2413918.0
901,2021-02-24,27.9911,28.5311,27.9411,28.4611,2545610.0
902,2021-02-25,27.7411,28.1811,27.2111,27.3511,4485986.0
903,2021-02-26,26.8511,26.8711,26.2911,26.3711,5072626.0
904,2021-03-01,27.0111,27.4311,26.9011,27.1211,2918747.0
905,2021-03-02,27.3211,27.5211,27.0511,27.0611,4108093.0
906,2021-03-03,27.0911,27.6811,26.9611,27.3111,2216891.0
907,2021-03-04,27.6111,28.2411,27.3511,27.5111,3076254.0
908,2021-03-05,27.9011,28.1311,27.7411,28.0711,2908071.0
909,2021-03-08,27.5811,28.2911,27.5811,27.9011,4038516.0
910,2021-03-09,28.3211,28.3211,27.8711,28.0411,2398316.0
911,2021-03-10,28.2311,28.6111,27.8911,28.4611,2985351.0
912,2021-03-11,28.4611,28.6211,28.2711,28.3611,2551919.0
913,2021-03-12,28.4811,28.8011,28.4511,28.7711,2143895.0
914,2021-03-15,28.9811,29.2111,28.7911,28.9311,3928762.0
915,2021-03-16,28.9611,29.2511,28.9011,29.2311,1901343.0
916,2021-03-17,29.5511,30.1011,29.5211,30.1011,2702257.0
917,2021-03-18,30.2011,30.4111,30.0111,30.1711,2215519.0
918,2021-03-19,30.4011,30.6711,30.1211,30.5811,2470742.0
919,2021-03-22,30.3911,31.1811,30.2811,31.1211,2569893.0
920,2021-03-23,31.4411,31.6711,30.8911,31.0611,3147107.0
921,2021-03-24,30.8211,31.0611,30.6511,30.8611,3731122.0
922,2021-03-25,30.2323,30.8123,30.2023,30.7623,2904760.0
923,2021-03-26,30.7623,31.4723,30.7223,31.4423,3478634.0
924,2021-03-29,31.1723,31.7023,31.1323,31.6623,3290862.0
925,2021-03-30,30.8223,30.9423,30.4823,30.5123,2904485.0
926,2021-03-31,30.7023,30.9023,30.6023,30.7923,3015929.0
927,2021-04-01,30.2623,30.4223,30.0123,30.3823,2470689.0
928,2021-04-05,30.5923,31.2923,30.5623,30.9823,2144808.0
929,2021-04-06,30.7723,30.9723,30.6423,30.7823,2014375.0
930,2021-04-07,30.6823,30.8523,30.5623,30.7023,1930277.0
931,2021-04-08,31.5823,31.8823,31.4823,31.8423,2395591.0
932,2021-04-09,30.8823,31.0823,30.6523,30.9523,3256459.0
933,2021-04-12,30.7823,31.1423,30.7423,31.0023,2521262.0
934,2021-04-13,30.6223,31.0023,30.4923,30.8923,2425431.0
935,2021-04-14,30.9923,31.0823,30.6623,31.0023,2398165.0
936,2021-04-15,31.3023,31.6423,31.2123,31.6123,5094136.0
937,2021-04-16,32.2423,32.6423,32.1523,32.5623,4574742.0
938,2021-04-19,33.0223,33.1923,31.4123,31.6623,9198558.0
939,2021-04-20,30.2523,30.3823,29.4823,30.2323,10172913.0
940,2021-04-21,30.1823,30.7723,30.1523,30.6023,3164380.0
941,2021-04-22,30.4323,30.5823,30.0723,30.1523,4709176.0
942,2021-04-23,30.1223,30.4023,29.9523,30.2523,2281176.0
943,2021-04-26,30.0923,30.1723,29.8623,30.0123,2028001.0
944,2021-04-27,29.9323,30.1023,29.8423,29.9623,1967993.0
945,2021-04-28,29.9123,30.1823,29.4923,29.6823,5073133.0
946,2021-04-29,29.3023,29.4123,28.9323,29.4023,6911812.0
947,2021-04-30,29.6023,29.7823,29.3823,29.5623,2597768.0
948,2021-05-03,29.6623,30.0823,29.6623,29.9023,2164886.0
949,2021-05-04,30.0823,30.1923,29.7523,29.8823,4788532.0
950,2021-05-05,30.0423,30.4123,29.9523,30.3823,2999536.0
951,2021-05-06,30.8723,31.3023,30.8023,31.1423,3298892.0
952,2021-05-07,32.0023,32.0223,31.6523,31.8723,3848704.0
953,2021-05-10,31.8323,32.2023,31.7923,31.8423,2591811.0
954,2021-05-11,31.4923,31.5423,31.1623,31.4623,2542097.0
955,2021-05-12,31.7523,32.0523,31.3323,31.4523,5846120.0
956,2021-05-13,31.2723,32.0723,31.2723,31.9723,2227542.0
957,2021-05-14,32.0423,32.2823,31.8723,31.8823,2161463.0
958,2021-05-17,31.8523,32.2023,31.8523,32.0723,1645835.0
959,2021-05-18,32.0623,32.2323,31.9623,32.0023,2399287.0
960,2021-05-19,31.6823,31.7723,31.3523,31.5323,2555911.0
961,2021-05-20,31.3523,31.7723,31.2823,31.7123,2933762.0
962,2021-05-21,32.0223,32.1523,31.7123,31.9723,1975615.0
963,2021-05-24,31.7023,31.9923,31.6523,31.8023,1878720.0
964,2021-05-25,31.6523,31.6823,31.3423,31.4223,2122197.0
965,2021-05-26,31.4323,31.6023,31.3023,31.5823,2735617.0
966,2021-05-27,31.3723,31.6623,31.2523,31.2523,3132657.0
967,2021-05-28,30.9623,31.0823,30.6623,30.7223,3437135.0
968,2021-06-01,30.8623,31.0023,30.6523,30.7123,2711615.0
969,2021-06-02,30.9623,31.1523,30.7123,31.1523,2391017.0
970,2021-06-03,30.8423,31.1423,30.7523,31.1323,2909182.0
971,2021-06-04,31.1523,31.2123,30.9123,31.1023,1726449.0
972,2021-06-07,31.4423,31.9823,31.3623,31.9823,3098624.0
973,2021-06-08,32.0523,32.2023,31.6523,31.6723,2702855.0
974,2021-06-09,31.9423,32.0823,31.8023,31.9823,2244133.0
975,2021-06-10,32.1323,32.3823,32.0623,32.1623,2038151.0
976,2021-06-11,32.1623,32.1623,31.8223,32.1423,2175772.0
977,2021-06-14,32.0723,32.3223,31.7723,32.3223,3000161.0
978,2021-06-15,32.5023,32.6723,32.1823,32.3223,2563403.0
979,2021-06-16,32.2523,32.3823,31.9623,32.0623,2063593.0
980,2021-06-17,32.0523,32.2123,31.6323,31.7523,3392520.0
981,2021-06-18,31.1823,31.1923,30.7423,30.9423,4057955.0
982,2021-06-21,31.0223,31.6123,31.0123,31.5023,2792370.0
983,2021-06-22,31.1823,31.2423,31.0723,31.1123,2137831.0
984,2021-06-23,31.2923,31.3223,31.0023,31.0123,2241698.0
985,2021-06-24,30.9823,31.1723,30.8623,31.1323,2207355.0
986,2021-06-25,31.1523,31.4923,31.0123,31.4823,2662564.0
987,2021-06-28,31.6523,31.7423,31.4723,31.7223,3090312.0
988,2021-06-29,31.7923,31.8923,31.4023,31.5223,3576525.0
989,2021-06-30,31.1523,31.4623,31.0823,31.3623,2450463.0
990,2021-07-01,31.1823,31.5623,31.1023,31.4823,3139127.0
991,2021-07-02,31.4523,31.6423,31.2023,31.5723,2803280.0
992,2021-07-06,31.5023,31.5123,30.8623,31.0723,3401144.0
993,2021-07-07,31.0223,31.3223,31.0223,31.1723,2446861.0
994,2021-07-08,30.9235,31.0835,30.7935,30.8735,2610693.0
995,2021-07-09,31.1535,31.4235,31.1235,31.3335,1894434.0
996,2021-07-12,31.4135,31.6235,31.2735,31.5035,1908886.0
997,2021-07-13,31.5335,31.6435,31.2135,31.2535,2055758.0
998,2021-07-14,31.4335,31.8835,31.2635,31.8035,2171675.0
999,2021-07-15,31.7235,31.8835,31.5335,31.6935,2047133.0
1000,2021-07-16,32.2935,32.3935,31.8035,31.8535,2742439.0
1001,2021-07-19,31.1335,31.1635,30.1935,30.4535,4567703.0
1002,2021-07-20,30.0335,30.4935,29.9235,30.1335,3526579.0
1003,2021-07-21,30.3235,30.7835,30.3235,30.6735,2138052.0
1004,2021-07-22,30.5935,30.6635,30.3335,30.4735,2517310.0
1005,2021-07-23,30.9235,31.1335,30.8535,31.0635,1595753.0
1006,2021-07-26,31.1535,31.2435,31.0635,31.2035,1704246.0
1007,2021-07-27,31.1035,31.4735,30.9135,31.3935,2836024.0
1008,2021-07-28,30.8935,31.0235,30.6635,30.7235,2803441.0
1009,2021-07-29,30.7535,31.1335,30.7235,30.9635,2118697.0
1010,2021-07-30,30.4735,30.6135,30.1435,30.2435,2750319.0
1011,2021-08-02,30.5135,30.6935,30.2935,30.2935,1856146.0
1012,2021-08-03,30.6335,30.7435,30.4035,30.6735,1650935.0
1013,2021-08-04,30.6735,30.6835,30.1435,30.2235,1929044.0
1014,2021-08-05,30.1935,30.2935,30.0235,30.1035,1737186.0
1015,2021-08-06,29.9635,30.0735,29.7535,30.0035,2930647.0
1016,2021-08-09,30.0035,30.0335,29.8035,29.9935,1973518.0
1017,2021-08-10,29.6535,29.9635,29.5135,29.8935,2977302.0
1018,2021-08-11,30.0435,30.3135,29.9835,30.2635,2226418.0
1019,2021-08-12,30.2035,30.2235,29.8335,29.9935,2572593.0
1020,2021-08-13,30.0535,30.3235,30.0435,30.2535,1884818.0
1021,2021-08-16,30.0435,30.1235,29.8535,30.0835,2360248.0
1022,2021-08-17,29.9935,30.3235,29.8235,30.0635,2403500.0
1023,2021-08-18,30.0635,30.0835,29.7935,29.7935,2514760.0
1024,2021-08-19,29.4735,29.6335,29.1635,29.3435,3652379.0
1025,2021-08-20,29.6135,29.8935,29.5435,29.7835,3669497.0
1026,2021-08-23,30.2135,30.2435,29.8535,29.8635,1852637.0
1027,2021-08-24,29.6735,29.7235,29.5035,29.5735,3242246.0
1028,2021-08-25,29.6035,30.0335,29.4835,29.9035,3690039.0
1029,2021-08-26,29.7935,29.9235,29.6435,29.7135,2132293.0
1030,2021-08-27,29.8135,30.1435,29.7635,30.0835,1713076.0
1031,2021-08-30,30.2235,30.3735,30.1435,30.2835,2095524.0
1032,2021-08-31,30.4035,30.5735,30.3335,30.4835,2367789.0
1033,2021-09-01,30.4735,30.5135,30.1635,30.2935,1851854.0
1034,2021-09-02,30.3735,30.6135,30.3135,30.5435,1471441.0
1035,2021-09-03,30.3735,30.5935,30.2935,30.5535,1385789.0
1036,2021-09-07,30.4235,30.6035,30.3935,30.3935,2094035.0
1037,2021-09-08,30.2935,30.5435,30.2135,30.5335,2181792.0
1038,2021-09-09,29.9135,29.9535,29.7935,29.8235,3132211.0
1039,2021-09-10,29.8835,29.9435,29.6335,29.7435,2679359.0
1040,2021-09-13,29.8335,30.0535,29.6935,29.7835,2723765.0
1041,2021-09-14,30.0335,30.0535,29.6335,29.6435,2299855.0
1042,2021-09-15,29.9235,30.1635,29.7935,29.9935,2852615.0
1043,2021-09-16,30.0935,30.0935,29.6235,29.8135,2329657.0
1044,2021-09-17,29.7835,29.8535,29.3535,29.4935,3175512.0
1045,2021-09-20,28.8635,29.2135,28.8035,29.0635,3586326.0
1046,2021-09-21,29.2835,29.5735,29.2035,29.2635,2302454.0
1047,2021-09-22,29.3535,29.7335,29.3135,29.4535,2488159.0
1048,2021-09-23,29.5035,29.7935,29.4735,29.6635,1814852.0
1049,2021-09-24,29.3835,29.5335,29.2935,29.3035,2773013.0
1050,2021-09-27,29.4135,29.7935,29.3635,29.6935,3828241.0
1051,2021-09-28,29.5935,29.8135,29.3935,29.6835,4752091.0
1052,2021-09-29,29.6035,30.0635,29.5135,30.0035,5325059.0
1053,2021-09-30,29.5647,29.6047,28.6247,28.8147,10797979.0
1054,2021-10-01,28.3847,28.6047,28.1247,28.3847,6360560.0
1055,2021-10-04,28.5547,29.0547,28.5447,28.8847,3787091.0
1056,2021-10-05,28.7547,28.7847,28.4247,28.6247,4163454.0
1057,2021-10-06,28.1747,28.4647,27.8447,28.4447,4347363.0
1058,2021-10-07,28.3747,28.5347,28.1747,28.1847,4374080.0
1059,2021-10-08,28.3147,28.5047,28.2747,28.4247,2859495.0
1060,2021-10-11,28.3747,28.5447,28.2147,28.3047,2993544.0
1061,2021-10-12,28.3147,28.7147,28.0347,28.2747,5789016.0
1062,2021-10-13,28.6747,29.1647,28.5847,29.0947,3967527.0
1063,2021-10-14,29.5847,29.6147,29.2547,29.5947,3587537.0
1064,2021-10-15,29.6547,29.7147,29.4647,29.6347,3047867.0
1065,2021-10-18,29.3847,29.5047,29.2047,29.4347,3219173.0
1066,2021-10-19,29.4847,29.6547,29.3847,29.6347,2326879.0
1067,2021-10-20,29.6747,29.9347,29.6247,29.9147,2640947.0
1068,2021-10-21,29.6947,29.8347,29.4947,29.6947,2851815.0
1069,2021-10-22,29.6747,29.8747,29.5447,29.7047,2322632.0
1070,2021-10-25,29.5547,29.5747,29.2847,29.3747,2593541.0
1071,2021-10-26,29.6547,29.6947,29.3647,29.4447,3000099.0
1072,2021-10-27,29.6947,29.7247,29.3047,29.3447,3355259.0
1073,2021-10-28,29.3447,29.4847,29.1747,29.2847,4817916.0
1074,2021-10-29,28.9747,28.9947,28.3547,28.4547,4785857.0
1075,2021-11-01,28.4247,28.7147,28.3747,28.4547,3376652.0
1076,2021-11-02,28.6847,28.6847,28.0447,28.2047,4054798.0
1077,2021-11-03,28.1347,28.3447,28.0347,28.3147,3423569.0
1078,2021-11-04,28.0147,28.0147,27.6247,27.8347,6047881.0
1079,2021-11-05,27.9947,28.1447,27.8847,28.1147,4634929.0
1080,2021-11-08,28.1747,28.2047,27.9347,28.0147,2745272.0
1081,2021-11-09,28.3047,28.4147,28.0447,28.3347,3475940.0
1082,2021-11-10,28.3047,28.6147,28.3047,28.4847,4059717.0
1083,2021-11-11,28.4647,28.8047,28.4147,28.6847,4348112.0
1084,2021-11-12,28.8547,29.0047,28.7747,28.7947,2956927.0
1085,2021-11-15,29.0047,29.0347,28.8247,28.9447,3587336.0
1086,2021-11-16,28.8347,28.9247,28.3847,28.4447,4070318.0
1087,2021-11-17,28.3047,28.5547,28.2847,28.5347,3345849.0
1088,2021-11-18,28.4747,28.5147,28.2447,28.3647,3047415.0
1089,2021-11-19,28.1547,28.1847,27.7847,27.8647,3877497.0
1090,2021-11-22,27.8747,28.5047,27.8347,28.1547,4234781.0
1091,2021-11-23,28.2047,28.5547,28.1747,28.4247,3863168.0
1092,2021-11-24,28.1247,28.2247,28.0347,28.1247,2994619.0
1093,2021-11-26,27.7847,27.8147,27.5347,27.8147,3869719.0
1094,2021-11-29,27.9247,27.9447,27.6247,27.8547,4656777.0
1095,2021-11-30,27.6147,27.6847,27.1547,27.1847,7995194.0
1096,2021-12-01,27.8547,27.9447,27.2547,27.2547,5152015.0
1097,2021-12-02,27.5047,27.7647,27.5047,27.5347,4418855.0
1098,2021-12-03,27.7147,27.9747,27.5747,27.9547,4360426.0
1099,2021-12-06,28.1647,28.6847,28.1647,28.3947,4449679.0
1100,2021-12-07,28.8347,28.9747,28.6647,28.6947,5410540.0
1101,2021-12-08,29.0547,29.2147,28.9147,29.1147,4246884.0
1102,2021-12-09,29.1747,29.3047,28.8747,29.1747,6245180.0
1103,2021-12-10,29.8547,30.2847,29.7247,30.2547,10584157.0
1104,2021-12-13,29.8647,30.1347,29.7947,29.9247,18293297.0
1105,2021-12-14,29.6647,29.8647,29.4847,29.4947,5416534.0
1106,2021-12-15,29.4847,29.5047,29.2047,29.4247,4507587.0
1107,2021-12-16,29.5847,30.6847,29.5547,30.6447,10240891.0
1108,2021-12-17,30.5147,30.9947,30.4447,30.8847,9072515.0
1109,2021-12-20,30.8547,30.9147,30.6347,30.8847,4394302.0
1110,2021-12-21,31.1247,31.3347,31.0647,31.0947,4295321.0
1111,2021-12-22,31.3459,31.3659,30.7859,31.3359,4409188.0
1112,2021-12-23,31.2659,31.4759,31.2359,31.3459,3130136.0
1113,2021-12-27,31.2859,31.3259,30.8959,31.2659,3707562.0
1114,2021-12-28,31.0059,31.4859,31.0059,31.4359,2606540.0
1115,2021-12-29,31.4659,31.6659,31.4559,31.5859,2787689.0
1116,2021-12-30,31.6259,31.7159,31.4459,31.5259,2912029.0
1117,2021-12-31,31.3959,31.7159,31.3959,31.6859,1940617.0
1118,2022-01-03,31.7959,32.2759,31.6759,32.2459,4010091.0
1119,2022-01-04,32.0159,32.6859,31.9959,32.3559,4401348.0
1120,2022-01-05,32.5159,32.9659,32.4359,32.6659,5592698.0
1121,2022-01-06,32.8959,33.1959,32.6459,32.9259,5352536.0
1122,2022-01-07,32.6859,33.3759,32.6359,33.2659,5007075.0
1123,2022-01-10,33.5659,34.1559,33.4459,33.9659,8024485.0
1124,2022-01-11,33.8859,34.6959,33.8559,34.6759,6963578.0
1125,2022-01-12,34.7659,34.9559,34.4859,34.9459,5483035.0
1126,2022-01-13,35.1859,36.0759,35.0959,35.9659,7566074.0
1127,2022-01-14,35.8859,36.7759,35.8559,36.7259,7392387.0
1128,2022-01-18,37.3859,37.5859,36.9459,37.5459,10830158.0
1129,2022-01-19,37.2659,37.3559,36.6759,37.1459,8060266.0
1130,2022-01-20,36.8759,37.2059,36.4059,36.8259,5248933.0
1131,2022-01-21,36.8559,37.4959,36.6659,36.8159,5379485.0
1132,2022-01-24,38.1459,38.1759,36.7759,37.8459,15410777.0
1133,2022-01-25,36.9759,37.6059,36.5659,37.3859,5532616.0
1134,2022-01-26,37.2459,37.4959,36.6059,36.8559,4360108.0
1135,2022-01-27,37.1959,37.4559,36.6659,36.9859,6208407.0
1136,2022-01-28,36.8559,37.2159,36.6659,37.1659,3478955.0
1137,2022-01-31,36.8959,37.4159,36.7959,37.2459,3490181.0
1138,2022-02-01,37.3859,37.6659,37.2359,37.4859,3531066.0
1139,2022-02-02,37.4959,37.8759,37.3359,37.7459,3300325.0
1140,2022-02-03,37.8059,38.1359,37.5559,38.0159,4031110.0
1141,2022-02-04,38.1759,38.4359,37.5659,37.9059,2962839.0
1142,2022-02-07,37.4359,38.0159,37.1759,37.8459,3146492.0
1143,2022-02-08,38.3359,38.5159,38.2359,38.4359,2949667.0
1144,2022-02-09,38.5259,38.7159,38.4259,38.4759,2335745.0
1145,2022-02-10,38.9759,39.1159,38.6459,38.7359,2932788.0
1146,2022-02-11,39.0559,40.7059,39.0559,40.5059,7507610.0
1147,2022-02-14,41.0559,41.1359,40.3959,40.8559,4576828.0
1148,2022-02-15,40.7059,41.1059,40.6059,40.7759,4646114.0
1149,2022-02-16,40.3959,41.3659,40.3959,41.2059,4292245.0
1150,2022-02-17,41.0159,41.5159,40.7759,41.4559,3050410.0
1151,2022-02-18,41.1159,41.2059,40.4959,40.7759,3463145.0
1152,2022-02-22,40.1459,40.6459,39.8659,40.3559,4668016.0
1153,2022-02-23,40.6759,41.0059,40.3859,40.6359,4400681.0
1154,2022-02-24,38.1059,38.7659,37.1759,37.9459,8752963.0
1155,2022-02-25,38.7659,39.6659,38.7059,39.4559,5362177.0
1156,2022-02-28,37.9759,38.5559,37.8959,38.5159,5441884.0
1157,2022-03-01,38.2159,38.5559,37.4659,37.8259,5019864.0
1158,2022-03-02,37.9559,38.7459,37.8059,38.5359,3476889.0
1159,2022-03-03,37.1259,37.2959,36.5759,37.1259,5849908.0
1160,2022-03-04,35.2759,35.7559,35.1059,35.7059,6960365.0
1161,2022-03-07,34.1759,34.5459,33.5559,33.7659,8860036.0
1162,2022-03-08,33.7659,34.2459,33.4759,33.7859,5842922.0
1163,2022-03-09,34.7859,35.1659,34.6559,35.0859,6077375.0
1164,2022-03-10,35.0859,35.6759,34.9859,35.3259,3801697.0
1165,2022-03-11,35.2759,35.6759,34.1259,34.1359,5676031.0
1166,2022-03-14,33.8859,34.1959,33.4759,33.8159,4890635.0
1167,2022-03-15,34.8059,34.9659,34.3959,34.6859,4443550.0
1168,2022-03-16,34.3959,35.0159,34.3259,34.9659,3745913.0
1169,2022-03-17,35.1859,35.6859,34.9759,35.5659,3171163.0
1170,2022-03-18,35.8959,36.2559,35.7659,36.1359,3640506.0
1171,2022-03-21,36.3059,36.5159,35.9959,36.1259,3546292.0
1172,2022-03-22,37.1959,37.2459,36.6359,36.6859,3895085.0
1173,2022-03-23,36.5959,36.7059,36.2859,36.4259,3269211.0
1174,2022-03-24,37.5714,38.1914,37.4014,38.1814,3768019.0
1175,2022-03-25,38.2114,38.9014,38.2014,38.8814,3730831.0
1176,2022-03-28,38.4214,38.4914,37.8914,38.2014,3317507.0
1177,2022-03-29,37.5014,37.7714,37.0914,37.4414,2817187.0
1178,2022-03-30,37.5914,37.7314,37.3014,37.6614,2115194.0
1179,2022-03-31,37.2114,37.3414,37.0514,37.1714,2652013.0
1180,2022-04-01,37.3714,37.7914,37.1414,37.7914,2034184.0
1181,2022-04-04,37.4414,37.7214,37.1814,37.6614,1933020.0
1182,2022-04-05,37.1114,37.5514,37.0214,37.0314,2548439.0
1183,2022-04-06,37.9914,38.3714,37.8614,38.2714,5280393.0
1184,2022-04-07,37.5814,37.8214,37.2914,37.7114,3516344.0
1185,2022-04-08,37.6714,38.0814,37.5214,37.8814,2821150.0
1186,2022-04-11,37.9814,38.1614,37.7914,37.8214,2361223.0
1187,2022-04-12,37.8214,38.0014,37.7114,37.8214,2109064.0
1188,2022-04-13,37.6114,38.1214,37.5914,38.1014,2140046.0
1189,2022-04-14,37.6314,38.0214,37.6214,37.8714,3371166.0
1190,2022-04-18,37.9214,38.2114,37.6814,37.7214,1967336.0
1191,2022-04-19,37.8814,38.0214,37.6614,37.9214,2165269.0
1192,2022-04-20,38.2314,38.6614,38.1214,38.5714,2182454.0
1193,2022-04-21,38.7014,38.9414,38.4714,38.5314,2563092.0
1194,2022-04-22,38.5614,38.6014,37.9414,37.9614,2635002.0
1195,2022-04-25,37.0514,37.3114,36.5614,37.3114,4304336.0
1196,2022-04-26,37.1114,37.4114,36.5214,36.5314,3902719.0
1197,2022-04-27,37.0114,37.2114,36.7614,36.9214,3013195.0
1198,2022-04-28,36.3714,36.9714,36.3114,36.8514,3043064.0
1199,2022-04-29,37.1514,37.4114,36.7314,36.7914,2598704.0
1200,2022-05-02,37.0014,37.0914,35.7814,36.2114,2558942.0
1201,2022-05-03,36.9714,37.0714,36.5514,36.6814,4657275.0
1202,2022-05-04,37.0714,37.3214,36.4914,37.1414,3323287.0
1203,2022-05-05,36.5314,36.8114,36.0814,36.2714,2718153.0
1204,2022-05-06,35.9014,36.2214,35.6614,36.1614,3160821.0
1205,2022-05-09,36.0114,36.2414,35.6314,35.7314,5912012.0
1206,2022-05-10,36.2314,36.3214,35.4714,35.9214,7153771.0
1207,2022-05-11,36.2914,36.7714,36.0214,36.0814,3712373.0
1208,2022-05-12,36.0914,36.3614,35.5314,35.9614,3375636.0
1209,2022-05-13,36.3814,37.4014,36.3614,37.3714,3041411.0
1210,2022-05-16,37.2814,37.9214,37.2414,37.7614,2287728.0
1211,2022-05-17,38.7914,38.8214,38.3614,38.6414,3075513.0
1212,2022-05-18,38.6114,38.6914,37.6214,37.6814,2581479.0
1213,2022-05-19,37.8214,38.1714,37.4814,37.8614,3854074.0
1214,2022-05-20,38.0814,38.2614,37.5814,38.1214,2445221.0
1215,2022-05-23,38.3614,39.1314,38.3614,38.7714,2598442.0
1216,2022-05-24,38.5914,39.3314,38.5514,39.2714,2028101.0
1217,2022-05-25,40.0314,40.2914,39.7714,40.0914,2637256.0
1218,2022-05-26,40.0214,40.2014,39.7914,39.8014,1613512.0
1219,2022-05-27,40.1614,40.1814,39.6314,39.8114,1841320.0
1220,2022-05-31,39.4314,39.5314,39.1314,39.2514,2090306.0
1221,2022-06-01,39.5714,39.7414,39.0714,39.5514,2362064.0
1222,2022-06-02,39.3314,39.6714,38.7714,39.6714,1335845.0
1223,2022-06-03,39.4514,39.6214,39.1514,39.1514,1928071.0
1224,2022-06-06,39.5114,39.7114,39.1614,39.2314,2281549.0
1225,2022-06-07,39.6214,40.2314,39.5814,40.2214,2061926.0
1226,2022-06-08,40.0714,40.1014,39.0814,39.1114,3568349.0
1227,2022-06-09,39.0014,39.2314,38.0614,38.0714,2786042.0
1228,2022-06-10,38.0314,38.5514,37.6814,38.3814,2541123.0
1229,2022-06-13,37.4914,37.6514,36.8014,36.9114,2717497.0
1230,2022-06-14,37.3314,37.3714,36.6914,37.0314,3220711.0
1231,2022-06-15,38.1614,38.5014,37.5314,38.0414,3743651.0
1232,2022-06-16,37.3714,37.7514,36.8614,37.5114,4151227.0
1233,2022-06-17,37.1614,37.5614,36.8314,36.9114,2536768.0
1234,2022-06-21,38.2914,38.3314,37.6814,38.2714,2712135.0
1235,2022-06-22,37.7914,38.1614,37.4614,37.7014,4894784.0
1236,2022-06-23,37.0814,37.6314,37.0414,37.5414,3344407.0
1237,2022-06-24,37.7814,39.0114,37.6614,38.9614,4552936.0
1238,2022-06-27,38.4814,39.2214,38.4514,39.0914,3120111.0
1239,2022-06-28,39.3014,39.6214,39.1114,39.1714,2400075.0
1240,2022-06-29,39.3314,39.3714,38.8214,38.8414,2022492.0
1241,2022-06-30,37.7514,38.1114,37.6314,37.9214,2063548.0
1242,2022-07-01,37.6014,38.3114,37.3214,38.2914,1811509.0
1243,2022-07-05,36.9914,37.0614,35.7614,36.2714,3116947.0
1244,2022-07-06,36.8114,37.1214,36.3214,36.4714,3132445.0
1245,2022-07-07,36.4468,36.5368,36.1568,36.2968,2294724.0
1246,2022-07-08,36.2968,36.5868,36.0668,36.2368,2168213.0
1247,2022-07-11,35.9968,36.1968,35.8468,35.9168,1621783.0
1248,2022-07-12,36.1768,36.6368,36.1568,36.2468,1998475.0
1249,2022-07-13,36.1868,36.3268,35.8868,36.0268,2346580.0
1250,2022-07-14,35.6368,35.6968,35.1868,35.5668,3410555.0
1251,2022-07-15,36.7568,37.0468,36.4668,37.0168,3864015.0
1252,2022-07-18,37.5168,37.5468,37.0068,37.1468,2049449.0
1253,2022-07-19,38.1368,38.2168,37.8768,37.9268,2957506.0
1254,2022-07-20,37.7468,37.7668,36.6868,36.7668,5658125.0
1255,2022-07-21,36.0968,37.1668,36.0768,37.1168,2115907.0
1256,2022-07-22,36.7868,37.0368,36.7068,36.8368,1889055.0
1257,2022-07-25,37.1968,37.7268,37.0968,37.6768,1950607.0
1258,2022-07-26,37.5268,37.8268,37.4268,37.7468,2158856.0
1259,2022-07-27,37.5668,37.9568,37.2568,37.8968,1480728.0
1260,2022-07-28,36.8168,36.8668,36.4168,36.7468,2778445.0
1261,2022-07-29,35.3268,35.4268,34.7768,34.9168,5523173.0
1262,2022-08-01,35.1168,35.5068,35.1068,35.3268,3151300.0
1263,2022-08-02,36.2468,36.2568,35.3768,35.3868,3013348.0
1264,2022-08-03,35.4968,35.5868,35.2968,35.3368,2867656.0
1265,2022-08-04,34.9368,35.0168,34.4968,34.8268,6119552.0
1266,2022-08-05,35.0068,35.1168,34.8168,35.0368,2722578.0
1267,2022-08-08,35.4968,35.5768,35.1268,35.3468,2501435.0
1268,2022-08-09,35.7468,35.8868,35.6468,35.6568,1822140.0
1269,2022-08-10,35.7768,36.0468,35.6568,35.9268,1489210.0
1270,2022-08-11,36.2368,36.4668,36.0968,36.1768,1516607.0
1271,2022-08-12,36.1468,36.1968,35.9068,36.1668,1477335.0
1272,2022-08-15,36.1668,36.5368,36.0368,36.5168,1483694.0
1273,2022-08-16,36.8368,37.2068,36.8068,37.1268,1864965.0
1274,2022-08-17,37.3068,37.5068,37.0068,37.0668,2171881.0
1275,2022-08-18,37.0968,37.1368,36.7768,36.9068,1197519.0
1276,2022-08-19,36.4568,36.9168,36.4468,36.8968,2053030.0
1277,2022-08-22,36.7468,37.1668,36.7168,36.9668,3020802.0
1278,2022-08-23,36.3468,36.6868,36.2468,36.6468,3542476.0
1279,2022-08-24,36.2768,36.7068,36.2268,36.5368,1694005.0
1280,2022-08-25,36.5568,36.8368,36.4168,36.7868,1716627.0
1281,2022-08-26,37.0268,37.1668,36.4068,36.4768,2170272.0
1282,2022-08-29,36.4268,36.5468,36.1568,36.3568,1546210.0
1283,2022-08-30,36.4668,36.4968,35.8468,35.9068,1722809.0
1284,2022-08-31,35.7468,36.0768,35.6068,35.7968,1503943.0
1285,2022-09-01,35.4468,35.6768,35.3668,35.5868,1983980.0
1286,2022-09-02,35.7468,35.9968,35.3168,35.4068,1845076.0
1287,2022-09-06,36.0168,36.0568,35.4568,35.4968,2564593.0
1288,2022-09-07,35.5368,35.6668,35.2668,35.6168,2062279.0
1289,2022-09-08,35.6468,35.7868,35.3968,35.7668,1667780.0
1290,2022-09-09,36.2568,36.4668,36.1368,36.4168,1821730.0
1291,2022-09-12,36.7968,36.9568,36.6468,36.7568,1819436.0
1292,2022-09-13,36.2568,36.4468,35.3268,35.3968,2567520.0
1293,2022-09-14,35.4568,35.6168,35.0168,35.1568,1962673.0
1294,2022-09-15,35.1468,35.3468,35.0068,35.1068,1719775.0
1295,2022-09-16,35.0668,35.2768,34.9768,35.2368,3773172.0
1296,2022-09-19,34.8868,35.4868,34.8568,35.4068,1640927.0
1297,2022-09-20,35.5968,35.6068,35.2368,35.4568,1999636.0
1298,2022-09-21,35.1968,35.2568,34.5768,34.5768,2815518.0
1299,2022-09-22,34.8368,35.0168,34.6368,34.8168,2830206.0
1300,2022-09-23,33.7468,33.7568,32.2768,32.5368,5168896.0
1301,2022-09-26,32.2468,32.6768,31.8768,32.0168,5963771.0
1302,2022-09-27,32.5768,32.7268,31.7268,31.8268,4133353.0
1303,2022-09-28,31.8968,32.5868,31.6568,32.4168,5113300.0
1304,2022-09-29,32.5522,32.5922,31.9522,32.4622,4004891.0
1305,2022-09-30,32.5322,32.6322,31.9622,31.9822,3051820.0
1306,2022-10-03,32.9522,33.2022,32.7422,33.0722,3248228.0
1307,2022-10-04,33.4422,33.8122,33.3822,33.8022,2647050.0
1308,2022-10-05,33.3222,33.7422,33.2222,33.5222,2244304.0
1309,2022-10-06,33.1622,33.1822,32.7722,33.0322,2037712.0
1310,2022-10-07,33.2922,33.4822,33.0422,33.2922,2323547.0
1311,2022-10-10,33.0722,33.3422,33.0022,33.2322,2595426.0
1312,2022-10-11,32.9222,33.3022,32.6522,32.6822,2753615.0
1313,2022-10-12,32.8222,33.4122,32.6822,33.1322,2629041.0
1314,2022-10-13,32.8822,33.9022,32.7522,33.8322,2827150.0
1315,2022-10-14,33.6222,33.7922,33.0822,33.1122,2568173.0
1316,2022-10-17,33.9322,34.1422,33.6822,33.6922,2493367.0
1317,2022-10-18,33.5922,33.8322,33.4522,33.7022,2756126.0
1318,2022-10-19,33.7022,33.8522,33.4622,33.6722,1971646.0
1319,2022-10-20,33.8722,34.0222,33.4922,33.5622,1840582.0
1320,2022-10-21,33.1722,34.0122,33.0122,33.9822,1944522.0
1321,2022-10-24,34.4422,34.7822,34.3222,34.7122,2275109.0
1322,2022-10-25,35.1422,35.4022,34.9822,35.3122,3314083.0
1323,2022-10-26,35.6322,36.2422,35.5822,36.0622,2718174.0
1324,2022-10-27,35.8622,36.2322,35.7922,35.8522,1946809.0
1325,2022-10-28,35.8522,36.3322,35.7122,36.2922,2752420.0
1326,2022-10-31,35.7722,36.1822,35.7522,36.1022,2959817.0
1327,2022-11-01,36.4322,36.4922,36.0522,36.1722,1533184.0
1328,2022-11-02,34.4822,34.6622,33.9022,33.9722,5168915.0
1329,2022-11-03,33.6222,34.1822,33.5722,34.0922,2561919.0
1330,2022-11-04,34.4522,35.0722,34.4322,34.9122,2854545.0
1331,2022-11-07,35.0922,35.4222,35.0122,35.2422,1833160.0
1332,2022-11-08,35.0522,35.5122,35.0022,35.4622,1990099.0
1333,2022-11-09,35.2222,35.5122,34.9922,34.9922,2191080.0
1334,2022-11-10,35.3822,35.5322,34.7822,35.1822,3465120.0
1335,2022-11-11,34.2022,34.7022,33.8422,34.6722,4800021.0
1336,2022-11-14,35.0722,35.3122,34.7522,34.7922,2857893.0
1337,2022-11-15,35.4422,35.4422,34.6322,34.9822,2373511.0
1338,2022-11-16,35.1822,35.5322,35.0422,35.3722,2571658.0
1339,2022-11-17,35.1422,35.8122,35.1122,35.7722,2223521.0
1340,2022-11-18,35.8722,36.1222,35.7722,36.0322,2159956.0
1341,2022-11-21,36.1922,36.2822,35.9722,36.1622,2567988.0
1342,2022-11-22,36.2822,36.4622,36.2022,36.4622,3699408.0
1343,2022-11-23,36.8022,37.0922,36.7522,37.0322,2570730.0
1344,2022-11-25,36.9522,37.2522,36.9522,37.0822,953481.0
1345,2022-11-28,36.7822,37.1922,36.7822,36.9022,1662557.0
1346,2022-11-29,36.6922,36.9922,36.6822,36.8422,1973567.0
1347,2022-11-30,37.4422,37.7622,36.9722,37.7522,2287725.0
1348,2022-12-01,37.9322,38.4522,37.8222,38.3822,3508571.0
1349,2022-12-02,38.0622,38.8022,38.0622,38.7922,3508364.0
1350,2022-12-05,38.5122,38.8422,38.2922,38.8322,5223642.0
1351,2022-12-06,38.5122,38.7022,38.3422,38.5822,5249829.0
1352,2022-12-07,38.6222,38.7022,38.2522,38.5122,3431523.0
1353,2022-12-08,37.2322,37.6222,36.9522,37.6222,5916079.0
1354,2022-12-09,37.3222,37.9122,37.3022,37.9022,7921525.0
1355,2022-12-12,37.7522,37.8822,37.3322,37.5222,3797887.0
1356,2022-12-13,37.1822,37.5222,36.9222,37.0622,3129374.0
1357,2022-12-14,37.5822,37.6722,37.2522,37.5922,3305908.0
1358,2022-12-15,37.3922,37.5322,36.6822,37.3722,4366649.0
1359,2022-12-16,36.6022,37.2322,36.5722,37.2022,3637437.0
1360,2022-12-19,37.4322,37.6522,37.3722,37.4322,3738858.0
1361,2022-12-20,37.1422,37.3822,37.0422,37.2822,4388911.0
1362,2022-12-21,37.3422,37.6922,37.2722,37.5822,4270914.0
1363,2022-12-22,37.8076,37.8576,37.1276,37.5076,4131593.0
1364,2022-12-23,37.4476,37.8476,37.2776,37.8176,1919305.0
1365,2022-12-27,37.8376,38.0576,37.8176,37.9076,2229121.0
1366,2022-12-28,37.9776,38.0576,37.3776,37.3776,1621274.0
1367,2022-12-29,37.4076,37.4876,37.1976,37.1976,1828864.0
1368,2022-12-30,37.1476,37.3176,36.9976,37.1976,1248472.0
1369,2023-01-03,37.5276,37.7476,37.3376,37.6576,3423815.0
1370,2023-01-04,37.7676,37.8976,37.5776,37.6276,2746725.0
1371,2023-01-05,37.2976,37.5176,37.1276,37.3876,2253153.0
1372,2023-01-06,37.4276,37.9676,37.3376,37.9076,2543948.0
1373,2023-01-09,37.6676,37.6776,37.2076,37.2376,2647896.0
1374,2023-01-10,36.7076,36.7776,35.7576,35.9176,5299105.0
1375,2023-01-11,35.8776,35.9676,35.3376,35.6476,4509226.0
1376,2023-01-12,35.9276,36.2676,35.7676,36.0476,2751317.0
1377,2023-01-13,35.6076,35.7176,35.5176,35.6176,2858241.0
1378,2023-01-17,36.0376,36.2976,35.7276,35.7476,3781972.0
1379,2023-01-18,35.7676,35.7676,35.1276,35.1576,4470157.0
1380,2023-01-19,35.6976,36.0076,35.6376,35.7776,6970105.0
1381,2023-01-20,35.8376,36.0576,35.6476,36.0276,2524847.0
1382,2023-01-23,36.0176,36.0676,35.7076,35.7876,2720775.0
1383,2023-01-24,35.3576,36.1176,34.8976,35.4376,4722327.0
1384,2023-01-25,34.8776,35.3676,34.8776,35.3076,2938570.0
1385,2023-01-26,35.1376,35.1576,34.8276,34.9776,2668242.0
1386,2023-01-27,34.9476,35.0476,34.7376,34.7676,2469636.0
1387,2023-01-30,34.9176,35.3876,34.8776,35.2876,3399666.0
1388,2023-01-31,35.7276,35.7476,35.4076,35.7076,3755272.0
1389,2023-02-01,35.7376,36.0476,35.5076,35.9476,3164102.0
1390,2023-02-02,35.8476,35.8476,35.3076,35.5376,2762652.0
1391,2023-02-03,35.3676,35.5176,35.0276,35.1476,2450654.0
1392,2023-02-06,34.9176,34.9876,34.5376,34.7876,2936178.0
1393,2023-02-07,34.3676,34.8076,34.2276,34.7776,3557688.0
1394,2023-02-08,34.6976,34.7376,34.4776,34.5476,2679289.0
1395,2023-02-09,34.0976,34.2576,33.6676,33.9676,5449569.0
1396,2023-02-10,34.3476,34.4576,34.0476,34.0676,3783419.0
1397,2023-02-13,34.7276,35.1476,34.6176,35.0976,3660328.0
1398,2023-02-14,35.1776,35.2676,35.0876,35.1576,4605232.0
1399,2023-02-15,35.2176,35.2576,35.0776,35.2076,2622691.0
1400,2023-02-16,34.8476,35.0176,34.6876,34.8676,2358299.0
1401,2023-02-17,34.8976,35.4576,34.8276,35.3676,1868874.0
1402,2023-02-21,35.5676,35.6176,35.3376,35.5176,2139222.0
1403,2023-02-22,35.5076,35.5876,35.2676,35.3776,2310487.0
1404,2023-02-23,35.3776,35.6776,35.3676,35.6576,2122525.0
1405,2023-02-24,35.5676,35.9176,35.4976,35.8776,2781961.0
1406,2023-02-27,35.8276,36.1176,35.7376,35.8576,3303259.0
1407,2023-02-28,35.6376,35.6776,35.2276,35.2776,3483912.0
1408,2023-03-01,35.2176,35.2676,34.9076,35.0676,3835393.0
1409,2023-03-02,34.7276,35.4176,34.7276,35.4076,3210137.0
1410,2023-03-03,34.9276,35.2776,34.9276,35.2576,3166012.0
1411,2023-03-06,34.7776,35.3576,34.7676,35.3276,3806864.0
1412,2023-03-07,35.2176,35.2376,34.4776,34.6076,4801475.0
1413,2023-03-08,34.6476,34.9676,34.6476,34.9176,4470409.0
1414,2023-03-09,34.8176,35.1076,34.6676,34.8876,4870707.0
1415,2023-03-10,34.8676,35.1776,34.7476,34.8476,5532640.0
1416,2023-03-13,34.3576,34.6276,33.9976,34.0676,8482293.0
1417,2023-03-14,34.0576,34.1376,33.7376,34.0076,5045436.0
1418,2023-03-15,33.4076,33.5876,32.8776,33.5376,8445816.0
1419,2023-03-16,33.7076,33.7176,33.2676,33.5176,3871481.0
1420,2023-03-17,33.3576,33.4376,32.9476,33.0076,3932004.0
1421,2023-03-20,33.2276,33.7676,33.2276,33.5876,3130007.0
1422,2023-03-21,33.9376,34.0076,33.6976,33.8676,2728311.0
1423,2023-03-22,33.9376,34.0176,33.4076,33.4076,3548286.0
1424,2023-03-23,33.5832,33.5832,32.3532,32.5132,6693018.0
1425,2023-03-24,33.1732,33.2632,32.9532,33.1632,3979716.0
1426,2023-03-27,33.3232,33.4532,33.2732,33.3132,3923274.0
1427,2023-03-28,33.2232,33.5432,32.9132,33.1432,8216432.0
1428,2023-03-29,33.3632,33.4132,32.9232,33.0332,11819152.0
1429,2023-03-30,33.0932,33.3932,33.0632,33.2032,4182014.0
1430,2023-03-31,33.2432,33.4432,32.9532,33.0332,6404852.0
1431,2023-04-03,33.3832,33.7532,33.3132,33.5832,2620462.0
1432,2023-04-04,33.4132,33.4732,33.0332,33.1932,2552956.0
1433,2023-04-05,33.0632,33.1232,32.8532,32.9432,4869971.0
1434,2023-04-06,33.1632,33.3532,33.1332,33.1932,2653164.0
1435,2023-04-10,33.2132,33.2632,33.0432,33.2332,2103520.0
1436,2023-04-11,33.2832,33.5332,33.2632,33.4432,2215828.0
1437,2023-04-12,33.5232,33.6432,33.3132,33.3632,4409302.0
1438,2023-04-13,33.1932,33.3832,33.1132,33.3732,7737389.0
1439,2023-04-14,33.4332,33.5532,33.0132,33.1032,3563886.0
1440,2023-04-17,33.2932,33.3532,33.0632,33.3232,2842753.0
1441,2023-04-18,33.1532,33.3932,33.0932,33.3632,4385051.0
1442,2023-04-19,34.3732,34.6132,34.1832,34.4432,4692845.0
1443,2023-04-20,34.2232,34.2732,33.9732,34.0432,3894056.0
1444,2023-04-21,34.3932,34.4232,33.9932,34.1732,3442077.0
1445,2023-04-24,34.3532,34.4732,34.2332,34.4132,3067846.0
1446,2023-04-25,34.5332,34.8832,34.3832,34.7632,3432925.0
1447,2023-04-26,35.5332,35.5632,35.2432,35.2532,4779414.0
1448,2023-04-27,35.0632,35.3532,34.7732,35.1732,4501891.0
1449,2023-04-28,34.4732,34.9632,34.3932,34.9632,4073771.0
1450,2023-05-01,34.9932,35.1832,34.7532,34.7732,1939684.0
1451,2023-05-02,34.5432,34.5632,33.8832,34.1632,2772692.0
1452,2023-05-03,34.1532,34.3432,33.9732,33.9932,1933966.0
1453,2023-05-04,33.7832,33.8432,33.2032,33.3432,3473048.0
1454,2023-05-05,33.4132,33.6432,33.3832,33.5132,6099572.0
1455,2023-05-08,33.6932,33.7632,33.2232,33.3632,6697259.0
1456,2023-05-09,33.3832,33.5232,33.2532,33.4332,2804226.0
1457,2023-05-10,33.2632,33.2932,32.5832,32.7132,6086007.0
1458,2023-05-11,32.2432,32.2932,32.0132,32.1332,6364403.0
1459,2023-05-12,31.9932,32.0132,31.4532,31.6232,12618424.0
1460,2023-05-15,32.1432,32.1532,31.7432,31.8132,5884336.0
1461,2023-05-16,31.9132,31.9932,31.5232,31.5332,3857292.0
1462,2023-05-17,31.3632,31.4732,31.1432,31.3232,6912032.0
1463,2023-05-18,30.8432,30.9232,30.6632,30.8432,5668298.0
1464,2023-05-19,31.0032,31.2332,30.9732,31.0732,3843787.0
1465,2023-05-22,31.1632,31.3032,31.0532,31.0632,5594681.0
1466,2023-05-23,31.8732,32.0432,31.7332,31.8932,4177814.0
1467,2023-05-24,31.6532,31.9032,31.5832,31.6832,4251727.0
1468,2023-05-25,31.1532,31.2332,30.4132,30.4432,9603386.0
1469,2023-05-26,30.9132,30.9732,30.5032,30.5132,6454418.0
1470,2023-05-30,30.5132,30.5532,29.9932,30.2332,9366152.0
1471,2023-05-31,29.8532,29.8732,29.5532,29.6232,6142634.0
1472,2023-06-01,29.9932,30.0232,29.8032,29.8132,3436303.0
1473,2023-06-02,29.8732,30.1432,29.8332,30.0832,3232510.0
1474,2023-06-05,30.0032,30.1932,29.7032,29.7632,3359236.0
1475,2023-06-06,30.1532,30.4332,30.1032,30.4332,3575135.0
1476,2023-06-07,30.4532,30.4632,30.1332,30.3332,3726976.0
1477,2023-06-08,30.5332,30.5632,30.2132,30.4532,3374375.0
1478,2023-06-09,30.5232,30.6032,30.3832,30.4332,3287109.0
1479,2023-06-12,30.3832,30.4032,30.0632,30.1632,3876846.0
1480,2023-06-13,30.3132,30.4432,29.7632,30.2232,7625252.0
1481,2023-06-14,30.6132,30.7132,30.2032,30.2132,5457729.0
1482,2023-06-15,30.7432,30.8232,30.5532,30.7832,6572774.0
1483,2023-06-16,30.8732,31.0032,30.6732,30.7332,4820847.0
1484,2023-06-20,30.7832,30.8032,30.5732,30.5832,2942724.0
1485,2023-06-21,30.6232,31.0132,30.5532,30.9532,2342833.0
1486,2023-06-22,31.0032,31.0632,30.7732,30.9632,2402302.0
1487,2023-06-23,31.2232,31.4032,31.0232,31.0632,3442034.0
1488,2023-06-26,31.0632,31.3632,30.9232,31.2532,2828674.0
1489,2023-06-27,31.0732,31.1432,30.9432,31.1332,2349375.0
1490,2023-06-28,30.9032,30.9032,30.5732,30.6532,4696328.0
1491,2023-06-29,30.4932,30.8432,30.4932,30.7832,2569640.0
1492,2023-06-30,31.0632,31.1832,30.9232,31.1132,2833457.0
1493,2023-07-03,31.5532,31.6132,31.3932,31.5532,2569158.0
1494,2023-07-05,31.3432,31.4132,31.1432,31.2532,3382169.0
1495,2023-07-06,30.8932,30.9132,30.6532,30.8832,3476887.0
1496,2023-07-07,30.8332,31.1332,30.7332,30.9632,2801035.0
1497,2023-07-10,30.9632,31.0832,30.7032,30.7432,4373357.0
1498,2023-07-11,30.8432,31.1832,30.7832,31.1532,3800771.0
1499,2023-07-12,31.3932,31.6832,31.3432,31.6432,6184486.0
1500,2023-07-13,31.7988,31.8788,31.6388,31.7088,3721571.0
1501,2023-07-14,31.9288,31.9388,31.5988,31.6588,3555323.0
1502,2023-07-17,31.6688,31.6988,31.4388,31.4888,4257703.0
1503,2023-07-18,31.7588,31.9388,31.6588,31.6988,3070285.0
1504,2023-07-19,32.1488,32.4788,32.0988,32.3988,3400877.0
1505,2023-07-20,32.6288,32.8888,32.5588,32.8288,4911601.0
1506,2023-07-21,32.8388,32.8588,32.4588,32.7188,3719689.0
1507,2023-07-24,32.4888,32.7288,32.4788,32.5688,2677658.0
1508,2023-07-25,32.6088,32.6088,32.2888,32.4788,2244351.0
1509,2023-07-26,32.6388,32.7588,32.4488,32.5188,4739562.0
1510,2023-07-27,32.3788,32.7088,32.3388,32.5088,3454698.0
1511,2023-07-28,32.5688,32.7288,32.4688,32.5688,2364598.0
1512,2023-07-31,32.1488,32.5488,32.1188,32.2888,3736809.0
1513,2023-08-01,32.1288,32.2388,31.8588,31.9288,2913230.0
1514,2023-08-02,31.6088,31.6988,31.3588,31.5888,3582864.0
1515,2023-08-03,31.2188,31.5388,31.0388,31.4288,2680217.0
1516,2023-08-04,31.1888,31.4788,31.1488,31.1888,3052448.0
1517,2023-08-07,31.1788,31.3988,31.1488,31.3488,2255284.0
1518,2023-08-08,31.2488,31.3288,30.9588,31.2988,2791089.0
1519,2023-08-09,31.3088,31.5888,31.2988,31.3888,2508876.0
1520,2023-08-10,31.4988,31.7088,31.4088,31.4088,2477977.0
1521,2023-08-11,31.0088,31.0888,30.8588,31.0488,3462807.0
1522,2023-08-14,30.9688,31.0788,30.8188,30.9588,2768776.0
1523,2023-08-15,30.7488,30.7488,30.4188,30.4288,3044561.0
1524,2023-08-16,30.2588,30.4588,30.2288,30.2688,2982828.0
1525,2023-08-17,30.3688,30.4788,30.2388,30.3088,2538659.0
1526,2023-08-18,30.5888,30.8688,30.5388,30.7788,3714276.0
1527,2023-08-21,30.7488,30.7988,30.6088,30.7288,3012844.0
1528,2023-08-22,30.9288,30.9388,30.7788,30.8188,3214500.0
1529,2023-08-23,30.8788,31.1788,30.8588,31.1788,2562006.0
1530,2023-08-24,31.0088,31.3488,31.0088,31.1388,3132342.0
1531,2023-08-25,31.3588,31.4088,31.0988,31.2588,2150209.0
1532,2023-08-28,31.3588,31.5988,31.3588,31.5088,1769293.0
1533,2023-08-29,31.6488,31.7888,31.5188,31.7688,2100545.0
1534,2023-08-30,32.0088,32.1888,31.9888,32.1088,2454857.0
1535,2023-08-31,32.0588,32.2288,31.7688,31.8088,2669807.0
1536,2023-09-01,31.9288,31.9688,31.4188,31.5488,3603094.0
1537,2023-09-05,31.3488,31.5488,31.1688,31.1688,2879153.0
1538,2023-09-06,30.9788,31.0888,30.8188,30.9288,3909707.0
1539,2023-09-07,30.9488,31.0788,30.8288,30.9288,2373747.0
1540,2023-09-08,30.9188,31.1588,30.8588,31.1588,1842945.0
1541,2023-09-11,31.6288,31.9288,31.5088,31.7688,2450675.0
1542,2023-09-12,31.9288,32.1588,31.9188,32.0988,3182106.0
1543,2023-09-13,32.1588,32.2088,32.0188,32.0988,1751471.0
1544,2023-09-14,32.1788,32.4988,32.1488,32.4988,2251287.0
1545,2023-09-15,32.2188,32.3588,32.0288,32.0388,2642790.0
1546,2023-09-18,32.3588,32.3588,32.0988,32.2488,2697339.0
1547,2023-09-19,32.3888,32.5688,32.2988,32.2988,2293759.0
1548,2023-09-20,32.4988,32.6888,32.4088,32.4088,2090888.0
1549,2023-09-21,32.2288,32.2988,32.0588,32.1088,2542437.0
1550,2023-09-22,32.1088,32.1388,31.7788,31.9088,3324501.0
1551,2023-09-25,30.9288,30.9288,30.5988,30.7688,6611299.0
1552,2023-09-26,30.8488,30.9588,30.6588,30.6588,3749002.0
1553,2023-09-27,30.6988,30.7088,30.3788,30.4588,5005876.0
1554,2023-09-28,30.6744,30.7744,30.4444,30.6844,4149819.0
1555,2023-09-29,30.9944,31.0144,30.6144,30.7144,3168216.0
1556,2023-10-02,30.5544,30.5644,29.9144,29.9944,5643744.0
1557,2023-10-03,29.8244,29.8244,29.4744,29.4944,4510124.0
1558,2023-10-04,29.5744,29.5844,29.1044,29.3744,5555894.0
1559,2023-10-05,29.7644,30.0144,29.6744,29.8144,5945354.0
1560,2023-10-06,29.7044,29.9144,29.1844,29.8044,4976946.0
1561,2023-10-09,29.8444,30.1444,29.8244,30.0444,2761177.0
1562,2023-10-10,30.4044,30.5744,30.3044,30.3344,3856168.0
1563,2023-10-11,30.6244,30.7144,30.4544,30.5844,2980216.0
1564,2023-10-12,30.6644,30.6844,28.9144,29.3844,13476667.0
1565,2023-10-13,28.9644,29.2844,28.9544,29.0844,7722074.0
1566,2023-10-16,29.4644,29.7744,29.3444,29.7444,4271804.0
1567,2023-10-17,29.5844,29.8244,29.5244,29.7944,3171627.0
1568,2023-10-18,29.6844,29.9244,29.5644,29.6044,3534679.0
1569,2023-10-19,29.4344,29.6744,29.2644,29.3244,4149611.0
1570,2023-10-20,29.1144,29.2944,29.0144,29.1244,4331314.0
1571,2023-10-23,29.2044,29.3344,29.0744,29.1044,3566917.0
1572,2023-10-24,29.0544,29.1844,28.9144,29.0344,3069806.0
1573,2023-10-25,29.0044,29.2994,28.9844,29.1644,2461200.0
1574,2023-10-26,29.1844,29.2964,28.8575,28.9344,6014942.0
1575,2023-10-27,28.8344,28.8594,28.2244,28.2744,4703821.0
1576,2023-10-30,29.0744,29.1844,28.9444,29.1444,4289849.0
1577,2023-10-31,29.1844,29.2444,28.9794,29.1644,4089522.0
1578,2023-11-01,29.4544,29.6235,29.2944,29.3744,2806250.0
1579,2023-11-02,29.5844,30.0244,29.5144,30.0144,2725617.0
1580,2023-11-03,30.4244,30.5594,30.3476,30.3944,2635581.0
1581,2023-11-06,30.4644,30.4844,30.2794,30.3344,3075443.0
1582,2023-11-07,30.4844,30.4844,30.1894,30.2944,4438771.0
1583,2023-11-08,30.3844,30.4744,30.1344,30.2844,3027052.0
1584,2023-11-09,30.2944,30.43,30.1153,30.1544,3154993.0
1585,2023-11-10,29.8544,29.9044,29.3044,29.8044,4767647.0
1586,2023-11-13,30.1644,30.5694,29.9844,30.4144,6983227.0
1587,2023-11-14,30.5844,30.8244,30.5194,30.7344,3492575.0
1588,2023-11-15,30.7044,30.7894,30.5444,30.6744,2132915.0
1589,2023-11-16,30.4344,30.6042,30.3444,30.4944,2702754.0
1590,2023-11-17,30.6544,30.8644,30.4844,30.7644,2180596.0
1591,2023-11-20,30.6944,31.0544,30.6544,31.0144,2619491.0
1592,2023-11-21,30.9944,31.1444,30.8944,31.1044,3391624.0
1593,2023-11-22,31.1244,31.3644,31.0244,31.3544,3230792.0
1594,2023-11-24,31.4144,31.6444,31.4144,31.6344,3640876.0
1595,2023-11-27,31.5544,31.6344,31.4044,31.6244,4783598.0
1596,2023-11-28,31.5444,31.8144,31.5045,31.7144,4365253.0
1597,2023-11-29,31.5244,31.5744,31.1645,31.1844,3337790.0
1598,2023-11-30,31.3244,31.3644,31.0444,31.1944,2674724.0
1599,2023-12-01,30.8744,31.3544,30.8544,31.3444,3512794.0
1600,2023-12-04,31.1044,31.4044,31.0644,31.2344,3115875.0
1601,2023-12-05,30.8544,31.0044,30.6044,30.8444,4841816.0
1602,2023-12-06,27.9944,28.4644,27.6544,28.1644,20577619.0
1603,2023-12-07,28.2044,28.7244,28.1894,28.6844,9367198.0
1604,2023-12-08,28.5844,28.7244,28.4244,28.4344,6443257.0
1605,2023-12-11,28.2844,28.3844,28.0594,28.2344,7873800.0
1606,2023-12-12,28.0944,28.2744,27.9844,28.2544,5354720.0
1607,2023-12-13,28.1044,28.9344,27.9694,28.9244,5457465.0
1608,2023-12-14,29.3044,29.6344,29.1644,29.2744,7177308.0
1609,2023-12-15,28.9344,29.0544,28.6644,28.7044,6621214.0
1610,2023-12-18,28.8144,28.9544,28.7544,28.8944,5905101.0
1611,2023-12-19,29.0044,29.2044,28.9444,29.1944,6444503.0
1612,2023-12-20,29.1144,29.1344,28.7944,28.7944,7397735.0
1613,2023-12-21,29.04,29.35,28.88,29.08,8450360.0
1614,2023-12-22,29.18,29.33,29.11,29.15,4870257.0
1615,2023-12-26,29.1,29.245,29.0116,29.18,3508532.0
1616,2023-12-27,29.23,29.36,29.17,29.33,5850939.0
1617,2023-12-28,29.24,29.325,29.18,29.23,3534231.0
1618,2023-12-29,29.2,29.35,29.14,29.29,3690577.0
1619,2024-01-02,29.2,29.985,29.175,29.8,6277617.0
1620,2024-01-03,29.68,29.965,29.535,29.89,4327557.0
1621,2024-01-04,30.0,30.335,29.93,30.13,3731823.0
1622,2024-01-05,30.23,30.42,30.12,30.28,3433878.0
1623,2024-01-08,30.24,30.585,30.19,30.57,5202630.0
1624,2024-01-09,30.5,30.505,30.1,30.31,5123522.0
1625,2024-01-10,30.24,30.365,29.94,30.01,5514230.0
1626,2024-01-11,30.23,30.31,29.895,30.3,6036679.0
1627,2024-01-12,30.3,30.42,30.07,30.14,3971060.0
1628,2024-01-16,29.9,30.0,29.68,29.74,6027419.0
1629,2024-01-17,29.55,29.645,29.4,29.55,5686413.0
1630,2024-01-18,29.4,29.46,29.05,29.36,4301840.0
1631,2024-01-19,29.44,29.58,29.21,29.48,3740572.0
1632,2024-01-22,29.59,29.955,29.49,29.65,5727011.0
1633,2024-01-23,29.24,29.38,29.12,29.37,4658549.0
1634,2024-01-24,29.71,29.73,29.33,29.42,4730509.0
1635,2024-01-25,29.28,29.44,29.21,29.44,4053323.0
1636,2024-01-26,29.81,29.89,29.6,29.66,3781051.0
1637,2024-01-29,30.16,30.16,29.82,29.99,4658027.0
1638,2024-01-30,29.93,30.0582,29.765,30.04,2733669.0
1639,2024-01-31,30.06,30.13,29.55,29.6,3749636.0
1640,2024-02-01,29.68,30.26,29.65,30.21,4985051.0
1641,2024-02-02,30.21,30.26,29.91,30.02,4557923.0
1642,2024-02-05,29.99,30.0,29.7,29.71,4058505.0
1643,2024-02-06,29.72,29.99,29.64,29.76,4387722.0
1644,2024-02-07,29.73,29.75,29.32,29.41,4551176.0
1645,2024-02-08,31.05,31.63,30.9701,31.46,10478637.0
