,date,open,high,low,close,volume
0,2021-06-11,33.34,37.84,33.1,37.04,16812432.0
1,2021-06-14,35.21,44.8,34.61,39.97,5819422.0
2,2021-06-15,39.5,39.78,36.89,37.96,2213482.0
3,2021-06-16,37.83,37.83,34.44,36.15,3817008.0
4,2021-06-17,36.56,38.81,36.14,38.11,1008971.0
5,2021-06-18,37.94,37.95,36.24,37.84,374136.0
6,2021-06-21,37.19,37.68,36.14,36.28,1037041.0
7,2021-06-22,36.8,36.89,35.63,36.52,1622167.0
8,2021-06-23,36.14,38.23,35.99,38.1,1498779.0
9,2021-06-24,37.87,41.0,37.43,40.49,1464380.0
10,2021-06-25,40.91,42.41,40.62,41.89,1194722.0
11,2021-06-28,41.47,41.47,37.52,37.84,3128721.0
12,2021-06-29,37.7,39.2,37.34,38.49,2904022.0
13,2021-06-30,38.84,40.34,38.84,39.49,1465918.0
14,2021-07-01,39.34,39.34,36.67,36.94,1998605.0
15,2021-07-02,37.13,37.62,36.15,36.15,1084690.0
16,2021-07-06,32.28,33.54,29.55,30.36,9393938.0
17,2021-07-07,31.84,32.35,31.2,31.85,5370765.0
18,2021-07-08,29.84,32.24,28.85,31.04,2530891.0
19,2021-07-09,32.04,36.03,31.84,36.01,1496282.0
20,2021-07-12,35.24,36.24,33.76,34.0,882916.0
21,2021-07-13,33.73,35.41,33.46,34.59,646224.0
22,2021-07-14,35.14,35.7,34.7,34.78,390049.0
23,2021-07-15,34.94,35.27,34.19,35.11,210929.0
24,2021-07-16,35.11,36.13,34.4,35.37,1041851.0
25,2021-07-19,34.33,35.33,33.56,34.72,318022.0
26,2021-07-20,34.95,35.05,34.4,34.86,411591.0
27,2021-07-21,34.68,35.88,34.35,35.12,467314.0
28,2021-07-22,35.28,36.71,34.79,34.84,379728.0
29,2021-07-23,32.89,33.77,31.5,32.37,2120446.0
30,2021-07-26,29.84,34.37,29.61,30.84,1453884.0
31,2021-07-27,29.18,30.35,27.74,29.3,2751680.0
32,2021-07-28,31.96,34.67,30.86,33.96,1448571.0
33,2021-07-29,34.46,35.31,34.1,35.08,2187606.0
34,2021-07-30,33.92,34.82,33.69,34.29,520139.0
35,2021-08-02,34.29,35.34,34.29,34.79,454682.0
36,2021-08-03,34.34,34.56,33.02,33.46,968997.0
37,2021-08-04,33.48,34.33,33.48,34.03,236379.0
38,2021-08-05,34.04,34.47,33.73,34.1,1846840.0
39,2021-08-06,33.85,34.64,33.73,34.47,864275.0
40,2021-08-09,34.57,36.04,34.41,35.22,413685.0
41,2021-08-10,35.47,36.2,34.74,36.0,509081.0
42,2021-08-11,36.17,36.92,35.44,36.13,526003.0
43,2021-08-12,35.99,36.82,35.34,36.73,207597.0
44,2021-08-13,36.6,37.99,36.44,36.8,897143.0
45,2021-08-16,35.98,35.99,34.52,34.79,457182.0
46,2021-08-17,33.31,34.29,33.14,33.99,367064.0
47,2021-08-18,34.05,35.39,33.25,34.86,131289.0
48,2021-08-19,33.94,33.94,32.56,33.19,480329.0
49,2021-08-20,32.36,33.13,31.84,32.24,1026980.0
50,2021-08-23,32.52,32.72,31.74,31.98,714053.0
51,2021-08-24,33.11,36.09,33.1,35.19,1140360.0
52,2021-08-25,35.19,35.76,33.27,34.39,354880.0
53,2021-08-26,34.47,34.97,33.68,33.85,365626.0
54,2021-08-27,35.23,36.28,34.84,35.1,726475.0
55,2021-08-30,34.99,35.44,34.64,35.04,436663.0
56,2021-08-31,35.2,36.97,35.11,36.7,368205.0
57,2021-09-01,36.71,37.54,36.59,36.91,680098.0
58,2021-09-02,37.23,37.94,36.89,37.14,394064.0
59,2021-09-03,37.33,38.43,36.87,37.76,434349.0
60,2021-09-07,38.64,40.16,37.74,38.25,1155931.0
61,2021-09-08,37.9,38.78,37.03,38.2,1121998.0
62,2021-09-09,37.53,39.08,37.28,38.93,898302.0
63,2021-09-10,39.03,39.22,36.27,36.28,444194.0
64,2021-09-13,36.39,36.81,35.22,36.1,705721.0
65,2021-09-14,35.87,36.88,35.34,36.36,356443.0
66,2021-09-15,36.36,39.19,36.36,38.63,1368880.0
67,2021-09-16,37.84,39.81,37.34,38.04,680245.0
68,2021-09-17,38.62,39.48,37.54,38.38,278988.0
69,2021-09-20,37.35,37.42,36.24,36.79,950865.0
70,2021-09-21,37.08,37.95,35.39,35.62,1296874.0
71,2021-09-22,36.0,37.4,35.66,37.4,407414.0
72,2021-09-23,37.33,38.63,37.33,37.84,300605.0
73,2021-09-24,36.95,37.29,36.33,36.85,445242.0
74,2021-09-27,36.55,36.71,35.34,35.63,379662.0
75,2021-09-28,35.6,36.08,34.79,35.64,423442.0
76,2021-09-29,35.64,36.17,35.02,35.31,282066.0
77,2021-09-30,35.66,36.19,35.38,35.83,731311.0
78,2021-10-01,35.93,36.97,35.12,36.6,205416.0
79,2021-10-04,36.19,36.4,35.59,35.93,265816.0
80,2021-10-05,35.88,36.06,34.85,35.53,550829.0
81,2021-10-06,34.84,35.09,32.9,33.18,381893.0
82,2021-10-07,34.28,34.4,33.08,33.67,952976.0
83,2021-10-08,34.23,34.77,32.67,32.67,233207.0
84,2021-10-11,33.93,34.01,31.91,33.14,630936.0
85,2021-10-12,33.44,33.56,32.27,32.91,403245.0
86,2021-10-13,33.34,34.04,32.18,33.86,711566.0
87,2021-10-14,34.15,34.71,32.54,33.87,1105222.0
88,2021-10-15,33.86,34.57,32.89,34.39,661309.0
89,2021-10-18,34.07,34.31,33.55,33.9,818453.0
90,2021-10-19,34.3,35.71,33.95,35.49,884858.0
91,2021-10-20,35.62,36.36,35.19,35.86,1492027.0
92,2021-10-21,36.55,38.38,36.41,38.0,1069213.0
93,2021-10-22,37.85,39.13,37.61,37.89,1224380.0
94,2021-10-25,37.84,37.84,36.46,36.78,823585.0
95,2021-10-26,36.98,36.98,35.55,36.11,414246.0
96,2021-10-27,35.47,36.8,35.33,35.91,522308.0
97,2021-10-28,35.68,36.2,34.85,35.84,875406.0
98,2021-10-29,35.0,35.11,32.49,34.94,3409117.0
99,2021-11-01,34.94,36.44,33.44,36.41,655532.0
100,2021-11-02,35.91,36.52,35.25,36.06,409555.0
101,2021-11-03,36.05,36.65,35.41,35.9,428010.0
102,2021-11-04,35.99,36.26,34.55,35.17,651915.0
103,2021-11-05,35.89,36.27,34.74,35.04,330919.0
104,2021-11-08,35.24,35.72,33.55,34.06,476230.0
105,2021-11-09,34.13,34.61,33.4,33.72,435179.0
106,2021-11-10,33.71,35.01,33.19,34.5,674956.0
107,2021-11-11,35.94,37.32,35.76,36.72,899743.0
108,2021-11-12,36.94,38.7,35.85,38.39,1009027.0
109,2021-11-15,38.69,40.53,38.23,39.26,644525.0
110,2021-11-16,39.44,39.84,38.75,39.52,801982.0
111,2021-11-17,39.15,39.89,38.61,38.71,832177.0
112,2021-11-18,38.37,38.61,34.52,35.07,1251598.0
113,2021-11-19,35.4,35.87,35.09,35.3,1037024.0
114,2021-11-22,35.28,36.6,33.96,34.41,1309574.0
115,2021-11-23,35.94,36.75,33.41,33.63,2635949.0
116,2021-11-24,34.54,35.44,32.97,33.76,2464010.0
117,2021-11-26,32.84,34.25,32.48,32.91,2708533.0
118,2021-11-29,33.64,35.84,33.16,34.33,3707386.0
119,2021-11-30,34.33,35.54,31.0,31.82,9719354.0
120,2021-12-01,32.6,33.24,31.4,31.79,2543751.0
121,2021-12-02,31.84,34.38,31.05,32.34,3425770.0
122,2021-12-03,31.78,31.95,29.48,30.19,3324340.0
123,2021-12-06,29.72,30.15,29.02,29.38,2828388.0
124,2021-12-07,30.44,30.88,29.08,29.34,3808194.0
125,2021-12-08,29.51,31.89,28.77,30.49,7247580.0
126,2021-12-09,30.84,37.84,30.82,36.35,6442423.0
127,2021-12-10,35.61,43.06,35.36,39.02,24645609.0
128,2021-12-13,38.22,41.0,36.61,40.46,7734019.0
129,2021-12-14,39.36,40.81,38.93,39.81,4327998.0
130,2021-12-15,39.43,39.79,35.87,37.92,2241454.0
131,2021-12-16,38.33,38.68,35.06,37.1,2820061.0
132,2021-12-17,36.07,36.12,34.0,35.79,4954412.0
133,2021-12-20,34.71,35.26,32.29,32.75,2504443.0
134,2021-12-21,33.64,34.75,32.53,34.63,2386796.0
135,2021-12-22,33.95,34.62,33.65,34.51,2727063.0
136,2021-12-23,34.4,34.44,32.05,32.8,2661927.0
137,2021-12-27,32.8,34.39,32.8,34.14,1297472.0
138,2021-12-28,34.0,35.73,33.71,34.98,2600353.0
139,2021-12-29,34.94,35.26,31.52,31.55,3860602.0
140,2021-12-30,32.34,36.26,31.98,35.25,4293670.0
141,2021-12-31,34.92,36.42,34.58,34.72,2246017.0
142,2022-01-03,35.07,35.38,33.4,34.66,1750754.0
143,2022-01-04,34.56,35.52,32.92,34.22,3050704.0
144,2022-01-05,33.96,37.23,33.86,35.63,3058801.0
145,2022-01-06,35.72,37.34,34.25,34.98,2569828.0
146,2022-01-07,35.32,36.99,34.68,36.76,4218424.0
147,2022-01-10,36.67,36.67,32.64,34.56,3228590.0
148,2022-01-11,34.41,36.52,33.59,36.18,2332343.0
149,2022-01-12,36.38,36.55,29.85,30.5,10034141.0
150,2022-01-13,31.35,31.73,29.82,30.17,7421706.0
151,2022-01-14,29.71,30.17,28.42,29.09,2247129.0
152,2022-01-18,27.36,28.27,24.84,25.84,7907345.0
153,2022-01-19,26.08,29.44,25.51,28.02,5622004.0
154,2022-01-20,28.74,30.17,27.97,28.01,2895255.0
155,2022-01-21,27.94,30.01,27.6,27.63,7146182.0
156,2022-01-24,26.5,27.81,26.22,27.72,4113388.0
157,2022-01-25,26.64,28.63,26.6,28.5,4584661.0
158,2022-01-26,28.91,29.07,27.73,27.96,2623614.0
159,2022-01-27,28.33,29.02,27.65,27.79,2350029.0
160,2022-01-28,27.32,28.02,26.01,27.95,1778351.0
161,2022-01-31,27.95,30.34,27.92,30.13,2690359.0
162,2022-02-01,30.54,30.97,28.99,30.91,2962932.0
163,2022-02-02,31.17,31.2,29.61,29.95,989976.0
164,2022-02-03,29.41,30.25,28.92,29.38,1304764.0
165,2022-02-04,29.79,31.36,29.25,30.96,780991.0
166,2022-02-07,30.96,31.43,30.02,30.09,1954936.0
167,2022-02-08,29.88,32.19,29.79,32.19,1277844.0
168,2022-02-09,32.6,34.51,32.14,33.63,3996347.0
169,2022-02-10,33.08,35.12,32.51,34.22,2625297.0
170,2022-02-11,32.99,34.45,32.11,32.74,1455954.0
171,2022-02-14,32.49,34.01,32.31,32.74,1306335.0
172,2022-02-15,32.84,33.44,32.34,33.36,2975914.0
173,2022-02-16,33.65,34.08,32.94,33.84,3207490.0
174,2022-02-17,33.71,34.34,33.23,33.98,2098198.0
175,2022-02-18,33.62,34.0,32.91,33.14,3623119.0
176,2022-02-22,33.14,35.08,31.37,31.57,3102298.0
177,2022-02-23,32.14,33.47,31.53,31.61,1983386.0
178,2022-02-24,30.54,32.77,29.85,32.65,7472935.0
179,2022-02-25,32.43,32.97,31.84,32.91,2312398.0
180,2022-02-28,32.24,32.97,31.84,32.14,5585619.0
181,2022-03-01,32.39,32.43,29.96,30.38,4046906.0
182,2022-03-02,30.86,31.16,28.58,29.58,3311594.0
183,2022-03-03,30.09,30.69,27.71,27.88,3199276.0
184,2022-03-04,27.45,27.92,23.5,24.11,7148591.0
185,2022-03-07,23.84,24.89,21.47,21.57,6379519.0
186,2022-03-08,22.38,22.46,20.53,21.2,6118489.0
187,2022-03-09,23.04,24.48,22.56,24.1,4928577.0
188,2022-03-10,21.62,22.53,19.85,22.01,6113150.0
189,2022-03-11,22.28,22.46,17.57,17.65,7186728.0
190,2022-03-14,16.11,17.97,13.3,15.87,13658431.0
191,2022-03-15,15.4,18.89,15.31,18.28,11406456.0
192,2022-03-16,23.24,26.54,23.13,25.25,13702490.0
193,2022-03-17,23.87,26.0,22.62,25.3,5845727.0
194,2022-03-18,25.33,28.31,25.19,26.87,19604697.0
195,2022-03-21,25.57,28.68,25.01,25.17,3282931.0
196,2022-03-22,26.04,27.14,25.63,25.92,3977655.0
197,2022-03-23,28.04,28.84,26.34,27.0,5986042.0
198,2022-03-24,26.85,28.54,25.56,27.81,3576901.0
199,2022-03-25,26.73,26.88,24.8,26.04,3847071.0
200,2022-03-28,26.41,26.45,24.63,25.33,2807296.0
201,2022-03-29,26.6,28.25,25.5,27.59,4867326.0
202,2022-03-30,27.45,29.18,26.72,26.98,3078754.0
203,2022-03-31,26.87,27.11,24.68,24.75,2710390.0
204,2022-04-01,26.79,27.12,24.96,25.69,2751584.0
205,2022-04-04,27.26,29.34,26.94,28.09,3886446.0
206,2022-04-05,27.85,27.95,26.32,26.48,1921049.0
207,2022-04-06,25.71,25.88,24.64,25.33,2577561.0
208,2022-04-07,24.94,25.26,23.62,24.09,2513510.0
209,2022-04-08,24.13,24.72,23.54,23.95,1103258.0
210,2022-04-11,24.19,24.43,22.82,23.56,2146841.0
211,2022-04-12,23.96,25.24,22.83,23.24,2062778.0
212,2022-04-13,23.63,25.4,22.94,24.97,1681854.0
213,2022-04-14,24.97,25.03,23.54,23.59,1251010.0
214,2022-04-18,23.01,23.4,22.2,22.97,2542360.0
215,2022-04-19,22.53,23.44,22.23,23.21,1925280.0
216,2022-04-20,23.18,23.53,21.59,21.73,1055787.0
217,2022-04-21,21.44,21.89,19.91,20.22,2068369.0
218,2022-04-22,19.65,21.17,19.54,19.66,2354335.0
219,2022-04-25,18.47,19.86,17.74,19.65,2122028.0
220,2022-04-26,19.84,20.01,19.0,19.31,2098278.0
221,2022-04-27,19.94,21.03,19.83,20.34,1915540.0
222,2022-04-28,21.16,22.34,19.72,20.69,1775021.0
223,2022-04-29,23.28,24.83,23.16,23.37,3127003.0
224,2022-05-02,22.9,23.61,22.19,23.56,1344961.0
225,2022-05-03,23.49,23.99,22.71,23.12,1064935.0
226,2022-05-04,22.36,23.29,20.85,22.69,1927786.0
227,2022-05-05,21.99,22.44,19.78,21.27,1737053.0
228,2022-05-06,20.89,20.91,19.07,19.5,2021033.0
229,2022-05-09,18.82,19.3,16.9,17.37,2248484.0
230,2022-05-10,18.13,18.65,16.7,17.19,3203533.0
231,2022-05-11,17.57,18.22,16.09,16.2,3321052.0
232,2022-05-12,16.06,18.28,15.47,17.49,2874194.0
233,2022-05-13,17.59,18.6,17.57,18.28,2605074.0
234,2022-05-16,17.85,19.08,17.84,18.0,1870215.0
235,2022-05-17,19.23,20.33,18.94,19.4,2744594.0
236,2022-05-18,18.84,19.84,18.49,18.68,1567904.0
237,2022-05-19,18.61,19.52,18.53,19.24,1806393.0
238,2022-05-20,19.82,20.33,17.28,17.62,2159241.0
239,2022-05-23,17.69,18.55,17.41,17.79,2287540.0
240,2022-05-24,17.55,17.55,15.13,15.29,2522263.0
241,2022-05-25,15.31,16.44,15.04,15.58,2487077.0
242,2022-05-26,15.7,17.83,15.53,17.56,1786244.0
243,2022-05-27,17.72,18.82,17.43,18.46,1852881.0
244,2022-05-31,19.84,21.55,19.29,20.06,7870303.0
245,2022-06-01,19.52,20.35,18.83,19.78,4122678.0
246,2022-06-02,19.84,22.27,19.66,21.95,3228704.0
247,2022-06-03,21.46,21.5,20.4,21.42,2361504.0
248,2022-06-06,25.94,26.62,25.1,25.72,9970895.0
249,2022-06-07,25.04,27.4,25.04,27.21,3763458.0
250,2022-06-08,27.84,29.28,27.19,28.0,7933658.0
251,2022-06-09,26.36,26.58,23.08,23.37,4319208.0
252,2022-06-10,23.84,25.56,22.65,23.33,5114162.0
253,2022-06-13,22.59,23.49,21.57,22.44,4190814.0
254,2022-06-14,23.34,25.3,22.09,24.77,3255837.0
255,2022-06-15,24.77,25.1,23.39,24.09,2543120.0
256,2022-06-16,23.4,23.4,21.54,22.1,3052081.0
257,2022-06-17,23.36,23.74,20.89,21.97,13021613.0
258,2022-06-21,22.83,25.06,22.78,24.21,4641579.0
259,2022-06-22,23.83,24.33,23.38,23.82,2850463.0
260,2022-06-23,24.42,25.69,23.92,24.8,2737726.0
261,2022-06-24,27.45,28.04,26.87,27.18,6148986.0
262,2022-06-27,27.86,27.86,25.96,27.2,7745907.0
263,2022-06-28,27.84,27.84,25.79,26.67,4396686.0
264,2022-06-29,27.09,27.63,25.58,26.17,13598876.0
265,2022-06-30,25.83,26.33,25.04,26.12,8038162.0
266,2022-07-01,25.6,28.01,25.6,27.33,3759744.0
267,2022-07-05,26.74,28.83,25.97,27.62,5003231.0
268,2022-07-06,27.33,27.52,24.31,26.34,5050164.0
269,2022-07-07,26.59,27.39,25.96,27.0,3358780.0
270,2022-07-08,25.96,26.76,25.3,26.18,2556732.0
271,2022-07-11,25.16,25.79,24.73,24.82,1930558.0
272,2022-07-12,24.53,25.24,23.81,24.23,2993572.0
273,2022-07-13,23.63,24.66,23.05,24.43,2667997.0
274,2022-07-14,24.2,25.13,23.87,24.08,1862260.0
275,2022-07-15,23.64,23.82,22.86,23.65,1561720.0
276,2022-07-18,24.24,25.02,23.27,24.34,1766301.0
277,2022-07-19,24.39,24.57,22.65,24.43,2360535.0
278,2022-07-20,24.19,25.5,24.19,24.83,1855360.0
279,2022-07-21,24.73,25.73,24.58,24.82,1484543.0
280,2022-07-22,24.37,24.73,22.9,23.42,2786016.0
281,2022-07-25,23.7,24.17,23.14,23.98,1694049.0
282,2022-07-26,24.24,24.34,23.54,23.72,1341050.0
283,2022-07-27,24.21,24.57,23.29,24.42,1544173.0
284,2022-07-28,23.89,24.29,22.66,24.25,1427614.0
285,2022-07-29,23.14,23.71,22.39,23.35,2504225.0
286,2022-08-01,22.51,22.7,21.17,21.57,2857315.0
287,2022-08-02,20.98,22.78,20.81,22.23,4013833.0
288,2022-08-03,20.19,20.91,19.36,20.84,9431943.0
289,2022-08-04,20.56,21.48,20.5,21.18,3056047.0
290,2022-08-05,20.53,20.67,19.65,19.78,3068244.0
291,2022-08-08,19.73,20.46,19.51,20.05,1864153.0
292,2022-08-09,19.89,20.75,19.76,20.19,984563.0
293,2022-08-10,20.4,21.74,20.06,21.57,1995901.0
294,2022-08-11,22.34,23.56,21.51,22.59,4800588.0
295,2022-08-12,22.15,22.55,21.28,21.66,2498800.0
296,2022-08-15,21.38,22.33,21.34,22.01,1229873.0
297,2022-08-16,21.99,22.38,21.28,21.44,1776566.0
298,2022-08-17,21.15,21.37,20.69,20.87,1341723.0
299,2022-08-18,20.87,21.1,20.36,20.97,1156584.0
300,2022-08-19,20.79,20.98,20.32,20.89,1497678.0
301,2022-08-22,20.89,21.95,20.66,21.7,2406528.0
302,2022-08-23,21.34,22.08,20.15,21.67,3787844.0
303,2022-08-24,21.67,23.68,21.66,22.61,4064419.0
304,2022-08-25,23.7,24.64,23.16,24.21,4970593.0
305,2022-08-26,25.72,26.17,23.56,24.07,6106039.0
306,2022-08-29,23.83,24.85,23.04,23.1,3728908.0
307,2022-08-30,23.47,23.89,21.94,22.58,3089972.0
308,2022-08-31,23.08,23.79,22.49,23.33,15455248.0
309,2022-09-01,22.84,23.01,22.35,22.89,2012096.0
310,2022-09-02,22.63,23.15,22.27,22.55,1595996.0
311,2022-09-06,22.5,22.5,21.55,21.73,1665359.0
312,2022-09-07,21.92,22.6,21.6,22.55,1154842.0
313,2022-09-08,22.22,22.7,21.72,21.96,1543238.0
314,2022-09-09,22.35,22.73,21.66,22.6,1223904.0
315,2022-09-12,22.6,23.61,22.23,23.59,1138634.0
316,2022-09-13,22.38,22.6,21.86,22.22,1041730.0
317,2022-09-14,22.28,22.45,21.96,22.16,847707.0
318,2022-09-15,21.96,22.41,21.83,22.07,781856.0
319,2022-09-16,21.7,21.88,20.71,21.13,3180597.0
320,2022-09-19,20.75,21.16,20.72,21.12,1889370.0
321,2022-09-20,20.99,21.49,20.77,20.95,1850614.0
322,2022-09-21,20.85,20.93,19.86,19.88,1420912.0
323,2022-09-22,19.99,20.47,18.49,19.15,1828060.0
324,2022-09-23,18.74,19.07,17.88,18.09,2674281.0
325,2022-09-26,18.13,19.43,18.09,19.16,1463523.0
326,2022-09-27,19.39,19.92,18.99,19.09,835662.0
327,2022-09-28,18.57,19.43,18.39,19.23,1024691.0
328,2022-09-29,18.42,18.48,16.28,17.0,3077492.0
329,2022-09-30,17.01,17.38,16.68,16.72,2275135.0
330,2022-10-03,16.63,17.44,16.63,17.33,1272155.0
331,2022-10-04,17.81,19.54,17.78,19.0,1219919.0
332,2022-10-05,18.78,19.54,18.75,18.9,496255.0
333,2022-10-06,18.59,18.91,17.49,18.18,581638.0
334,2022-10-07,17.64,17.64,16.25,16.48,1268222.0
335,2022-10-10,16.23,16.24,14.92,15.56,2756633.0
336,2022-10-11,15.18,16.12,14.77,15.62,1738389.0
337,2022-10-12,15.66,15.81,14.95,15.46,1122909.0
338,2022-10-13,14.57,15.64,14.34,15.41,1323023.0
339,2022-10-14,15.69,16.27,15.29,15.44,1343641.0
340,2022-10-17,16.09,16.94,16.08,16.24,2939554.0
341,2022-10-18,16.68,16.98,15.29,15.69,1504404.0
342,2022-10-19,15.19,15.39,14.05,14.32,2953451.0
343,2022-10-20,14.52,15.07,14.16,14.28,2374646.0
344,2022-10-21,14.3,14.3,13.59,14.07,2256996.0
345,2022-10-24,11.44,11.51,9.59,10.84,8054543.0
346,2022-10-25,11.45,12.29,10.85,11.15,4693159.0
347,2022-10-26,10.95,13.12,10.84,12.3,4246306.0
348,2022-10-27,11.88,12.72,11.64,12.01,3510571.0
349,2022-10-28,11.24,11.72,10.44,10.58,3740427.0
350,2022-10-31,10.52,11.01,10.38,10.77,2940140.0
351,2022-11-01,11.6,12.48,11.59,12.05,3051602.0
352,2022-11-02,12.14,12.77,11.76,12.04,2794292.0
353,2022-11-03,11.62,13.2,11.62,12.41,2038103.0
354,2022-11-04,14.1,14.55,13.34,13.84,4666002.0
355,2022-11-07,14.46,14.55,12.96,13.29,3158472.0
356,2022-11-08,13.02,13.51,12.3,13.11,1239831.0
357,2022-11-09,12.49,12.68,11.64,11.79,1638830.0
358,2022-11-10,13.35,13.58,12.64,12.92,2345460.0
359,2022-11-11,13.84,15.29,13.62,15.09,5186942.0
360,2022-11-14,15.92,17.63,15.57,15.93,6204523.0
361,2022-11-15,17.43,18.4,16.36,17.03,3766627.0
362,2022-11-16,16.81,16.81,15.5,16.01,2236839.0
363,2022-11-17,14.56,16.67,14.41,16.39,2943295.0
364,2022-11-18,15.68,15.91,15.14,15.76,2131882.0
365,2022-11-21,15.56,16.0,14.92,15.33,1586153.0
366,2022-11-22,14.6,15.08,14.34,14.73,1606176.0
367,2022-11-23,15.12,15.32,14.75,14.93,1039400.0
368,2022-11-25,14.18,14.52,14.07,14.16,861630.0
369,2022-11-28,14.47,15.24,14.1,14.92,3362860.0
370,2022-11-29,16.58,17.83,16.18,16.31,3816427.0
371,2022-11-30,17.48,18.74,17.14,18.66,5067105.0
372,2022-12-01,18.08,18.38,16.71,17.74,3475545.0
373,2022-12-02,17.84,19.63,17.64,19.38,5492084.0
374,2022-12-05,21.13,21.62,18.92,19.38,9453965.0
375,2022-12-06,19.5,19.87,19.0,19.35,3054478.0
376,2022-12-07,18.12,19.04,17.96,18.65,5350175.0
377,2022-12-08,19.68,20.42,19.53,19.93,5351398.0
378,2022-12-09,20.35,21.2,19.87,19.91,8240957.0
379,2022-12-12,19.21,19.94,18.45,18.73,2531886.0
380,2022-12-13,19.89,20.92,19.65,19.75,4036141.0
381,2022-12-14,19.84,20.43,19.19,19.72,2867150.0
382,2022-12-15,20.19,20.52,18.93,19.19,3491243.0
383,2022-12-16,19.51,19.62,18.9,18.99,2271578.0
384,2022-12-19,19.01,19.41,18.64,18.9,1366727.0
385,2022-12-20,18.45,19.22,18.44,19.09,1203282.0
386,2022-12-21,19.24,19.94,18.7,19.82,1927063.0
387,2022-12-22,20.22,20.22,19.22,19.76,1903006.0
388,2022-12-23,19.85,20.25,18.93,19.04,880408.0
389,2022-12-27,19.22,20.4,19.07,19.85,1908540.0
390,2022-12-28,19.3,19.82,19.15,19.64,1245604.0
391,2022-12-29,19.7,20.76,19.61,20.55,1731708.0
392,2022-12-30,19.22,20.3,19.13,20.21,1707884.0
393,2023-01-03,20.84,21.94,20.81,21.26,1838115.0
394,2023-01-04,22.19,24.14,21.95,23.41,4543446.0
395,2023-01-05,22.82,23.6,22.64,23.12,2617732.0
396,2023-01-06,23.04,23.77,21.96,23.58,2877299.0
397,2023-01-09,24.43,25.09,23.92,24.66,4534963.0
398,2023-01-10,24.93,25.02,23.78,23.89,6105194.0
399,2023-01-11,23.89,24.42,23.43,23.74,4819729.0
400,2023-01-12,23.51,24.07,22.41,23.67,4158443.0
401,2023-01-13,24.07,24.55,22.82,23.63,3243627.0
402,2023-01-17,23.4,24.08,23.34,23.55,4173933.0
403,2023-01-18,23.79,24.13,22.22,22.27,2045223.0
404,2023-01-19,22.58,23.42,22.48,23.26,2295273.0
405,2023-01-20,23.9,24.19,23.18,23.86,2581995.0
406,2023-01-23,24.3,25.43,24.15,25.05,1753120.0
407,2023-01-24,24.99,25.25,24.75,24.97,670621.0
408,2023-01-25,24.54,25.14,24.23,25.09,1306267.0
409,2023-01-26,25.73,25.91,25.11,25.87,2060741.0
410,2023-01-27,25.89,26.1,25.14,25.56,1897911.0
411,2023-01-30,24.44,25.44,23.91,25.09,2407895.0
412,2023-01-31,24.55,24.73,23.94,24.13,3016329.0
413,2023-02-01,25.09,25.09,23.46,24.51,2019901.0
414,2023-02-02,24.32,24.86,23.59,23.82,1811350.0
415,2023-02-03,23.3,23.55,22.27,22.34,1968393.0
416,2023-02-06,21.93,22.26,20.84,22.09,4436699.0
417,2023-02-07,22.33,23.28,22.15,23.01,1867875.0
418,2023-02-08,22.55,23.11,21.71,22.49,839520.0
419,2023-02-09,23.46,24.53,23.46,24.03,2668056.0
420,2023-02-10,23.12,23.62,22.24,22.37,2172307.0
421,2023-02-13,22.84,23.21,22.6,22.86,1742448.0
422,2023-02-14,22.55,23.13,22.34,22.93,2253884.0
423,2023-02-15,22.46,22.95,22.45,22.89,2480494.0
424,2023-02-16,22.73,23.82,22.55,23.67,2543695.0
425,2023-02-17,23.05,23.47,22.49,22.56,1757554.0
426,2023-02-21,22.01,22.47,21.77,21.9,3124982.0
427,2023-02-22,22.02,22.26,21.84,21.97,2015884.0
428,2023-02-23,22.68,22.68,21.04,21.62,3148803.0
429,2023-02-24,20.87,20.98,20.24,20.41,1762493.0
430,2023-02-27,20.99,20.99,19.81,19.89,1476433.0
431,2023-02-28,19.5,20.42,19.5,19.99,2254248.0
432,2023-03-01,21.34,21.54,21.0,21.17,2009985.0
433,2023-03-02,20.86,22.62,19.91,22.57,2113129.0
434,2023-03-03,22.5,22.61,21.9,21.94,2116676.0
435,2023-03-06,21.84,21.96,20.56,20.75,2628201.0
436,2023-03-07,20.72,20.92,19.47,19.84,3173553.0
437,2023-03-08,19.55,19.71,19.26,19.54,1899612.0
438,2023-03-09,18.84,19.46,18.24,18.32,3839370.0
439,2023-03-10,18.18,18.99,18.11,18.12,2454658.0
440,2023-03-13,18.34,18.54,17.66,18.16,3164404.0
441,2023-03-14,17.9,18.44,17.39,17.82,1936140.0
442,2023-03-15,17.34,17.6,16.92,17.0,3298686.0
443,2023-03-16,16.9,17.39,16.39,17.34,4520096.0
444,2023-03-17,17.29,17.75,17.07,17.68,2513714.0
445,2023-03-20,18.3,18.34,15.95,17.69,3536385.0
446,2023-03-21,18.04,19.07,18.04,18.79,2497835.0
447,2023-03-22,18.84,18.84,17.5,17.54,3585262.0
448,2023-03-23,18.47,19.39,18.2,18.79,3795741.0
449,2023-03-24,18.72,19.52,18.63,19.43,3141095.0
450,2023-03-27,18.95,19.21,18.17,18.72,1794200.0
451,2023-03-28,19.37,19.59,18.73,18.79,2889259.0
452,2023-03-29,18.89,19.24,18.63,19.0,3252010.0
453,2023-03-30,19.2,19.85,19.03,19.29,2550005.0
454,2023-03-31,19.19,19.44,18.62,18.87,1609665.0
455,2023-04-03,18.91,19.85,18.79,19.75,1719954.0
456,2023-04-04,19.56,19.76,18.89,18.96,1846299.0
457,2023-04-05,18.74,18.74,18.01,18.27,2528619.0
458,2023-04-06,18.35,18.61,18.07,18.54,1934062.0
459,2023-04-10,18.32,18.94,18.32,18.44,2152377.0
460,2023-04-11,18.75,18.94,18.14,18.23,1413086.0
461,2023-04-12,17.97,18.09,16.94,17.12,3451806.0
462,2023-04-13,17.41,17.58,17.04,17.24,2659428.0
463,2023-04-14,17.13,17.33,16.91,17.04,2106337.0
464,2023-04-17,17.19,17.19,16.62,16.99,4511545.0
465,2023-04-18,17.02,18.29,17.02,17.93,1406153.0
466,2023-04-19,17.48,17.74,16.66,17.6,2113869.0
467,2023-04-20,17.64,18.0,17.17,17.39,3129027.0
468,2023-04-21,17.12,17.26,16.8,16.96,2443675.0
469,2023-04-24,16.89,17.07,16.32,16.49,3013871.0
470,2023-04-25,16.07,16.44,15.85,16.4,3372779.0
471,2023-04-26,17.06,17.25,16.6,17.19,2456015.0
472,2023-04-27,17.2,18.05,16.4,17.74,3492886.0
473,2023-04-28,17.83,18.48,17.7,18.33,2344354.0
474,2023-05-01,18.17,18.71,17.98,18.56,3985074.0
475,2023-05-02,18.41,18.48,17.42,17.62,4092345.0
476,2023-05-03,17.91,18.18,17.29,18.06,2410756.0
477,2023-05-04,18.34,19.16,18.18,18.95,2725300.0
478,2023-05-05,18.96,18.96,18.48,18.55,1735896.0
479,2023-05-08,18.61,18.61,17.92,18.25,1002638.0
480,2023-05-09,17.61,18.07,17.59,17.73,1785832.0
481,2023-05-10,17.75,17.92,17.0,17.09,2418293.0
482,2023-05-11,17.05,17.92,17.04,17.81,2938559.0
483,2023-05-12,17.52,17.54,17.04,17.28,1342900.0
484,2023-05-15,17.79,18.55,17.5,18.35,1632083.0
485,2023-05-16,18.08,18.34,17.82,18.12,1131202.0
486,2023-05-17,17.62,17.85,17.28,17.64,1479732.0
487,2023-05-18,17.83,17.83,16.72,16.9,3200130.0
488,2023-05-19,16.87,17.32,16.57,17.24,2741581.0
489,2023-05-22,17.69,17.69,17.18,17.31,1507854.0
490,2023-05-23,16.99,16.99,16.44,16.74,3202393.0
491,2023-05-24,16.19,16.58,14.95,15.17,5371654.0
492,2023-05-25,15.78,15.79,13.77,13.87,7372691.0
493,2023-05-26,14.21,14.45,13.77,14.11,4139064.0
494,2023-05-30,14.25,14.44,13.19,13.35,5504008.0
495,2023-05-31,13.27,13.74,12.97,13.71,6985236.0
496,2023-06-01,13.59,14.76,13.18,14.45,4185428.0
497,2023-06-02,15.44,15.91,14.54,14.59,3709792.0
498,2023-06-05,14.58,14.6,13.59,13.86,3846809.0
499,2023-06-06,14.22,15.09,13.98,14.88,3662348.0
500,2023-06-07,14.7,15.58,14.65,14.66,3518018.0
501,2023-06-08,14.78,15.14,14.63,14.79,2226759.0
502,2023-06-09,14.89,15.38,14.7,15.14,6143647.0
503,2023-06-12,15.12,15.62,15.05,15.11,3885477.0
504,2023-06-13,15.7,16.23,15.53,15.78,1693078.0
505,2023-06-14,15.55,16.69,15.55,16.66,2804043.0
506,2023-06-15,17.13,17.62,16.54,16.89,2493935.0
507,2023-06-16,17.21,17.31,16.63,17.07,13225135.0
508,2023-06-20,16.37,17.06,15.37,15.43,4186597.0
509,2023-06-21,15.3,15.56,15.03,15.13,3836396.0
510,2023-06-22,15.0,15.11,14.72,15.0,2104620.0
511,2023-06-23,14.83,14.89,14.12,14.59,1461609.0
512,2023-06-26,14.46,14.7,14.29,14.5,4944362.0
513,2023-06-27,14.74,15.27,14.74,15.18,1882545.0
514,2023-06-28,15.14,15.31,14.84,14.97,1859326.0
515,2023-06-29,14.68,14.69,14.35,14.65,1096329.0
516,2023-06-30,14.88,15.05,14.67,14.89,1261507.0
517,2023-07-03,15.47,16.11,15.24,15.37,921231.0
518,2023-07-05,15.06,15.28,14.75,14.97,1349182.0
519,2023-07-06,14.57,14.74,14.14,14.29,1769946.0
520,2023-07-07,14.57,14.89,14.43,14.64,2368990.0
521,2023-07-10,14.32,14.84,14.17,14.77,1474405.0
522,2023-07-11,14.98,15.53,14.95,15.44,2821202.0
523,2023-07-12,16.17,16.93,16.12,16.41,4114729.0
524,2023-07-13,16.84,17.02,16.66,16.74,2535775.0
525,2023-07-14,16.42,16.46,15.91,16.12,1212668.0
526,2023-07-17,15.89,15.97,15.42,15.82,2480270.0
527,2023-07-18,15.6,15.65,14.7,14.86,1739569.0
528,2023-07-19,15.47,16.07,15.43,15.82,2117044.0
529,2023-07-20,16.07,16.07,15.38,15.4,1046426.0
530,2023-07-21,15.76,15.76,15.2,15.32,1441912.0
531,2023-07-24,15.14,17.3,15.06,17.13,4324075.0
532,2023-07-25,17.74,17.8,16.75,16.92,4536587.0
533,2023-07-26,16.98,17.84,16.9,17.69,2651925.0
534,2023-07-27,17.74,17.8,16.86,17.3,4680840.0
535,2023-07-28,18.6,19.19,17.71,18.64,5776099.0
536,2023-07-31,18.39,19.01,18.02,18.52,2827717.0
537,2023-08-01,18.02,18.19,17.0,17.1,3614108.0
538,2023-08-02,16.54,16.61,15.95,16.41,2472020.0
539,2023-08-03,17.21,18.02,17.06,17.9,2593745.0
540,2023-08-04,17.91,18.02,17.41,17.46,1893958.0
541,2023-08-07,17.58,17.7,16.64,16.89,1931403.0
542,2023-08-08,16.4,16.78,15.95,16.69,3504352.0
543,2023-08-09,16.91,17.35,16.65,17.17,2631863.0
544,2023-08-10,17.58,17.89,16.93,17.04,3337004.0
545,2023-08-11,16.2,16.2,15.44,15.78,5667920.0
546,2023-08-14,15.53,15.66,15.23,15.62,7295434.0
547,2023-08-15,14.06,15.18,14.05,15.07,3848327.0
548,2023-08-16,14.62,15.16,14.34,15.0,3530541.0
549,2023-08-17,15.67,15.78,15.04,15.1,2528630.0
550,2023-08-18,14.48,14.75,14.32,14.55,1807156.0
551,2023-08-21,14.34,14.65,14.3,14.41,2648198.0
552,2023-08-22,14.67,14.75,14.37,14.57,1798865.0
553,2023-08-23,14.66,15.01,14.59,14.92,1781167.0
554,2023-08-24,15.3,15.36,14.34,14.36,3079336.0
555,2023-08-25,14.34,14.5,13.9,14.14,2080316.0
556,2023-08-28,14.44,14.56,14.1,14.3,4456628.0
557,2023-08-29,15.39,15.4,14.2,14.71,5078513.0
558,2023-08-30,14.38,14.91,14.27,14.73,3289037.0
559,2023-08-31,15.04,15.11,14.44,14.64,7466788.0
560,2023-09-01,14.77,15.34,14.77,15.24,4474064.0
561,2023-09-05,15.07,15.37,14.75,15.19,5110190.0
562,2023-09-06,15.12,15.74,15.05,15.31,3338088.0
563,2023-09-07,14.72,15.05,14.5,14.55,3772339.0
564,2023-09-08,14.55,14.55,14.15,14.44,1836576.0
565,2023-09-11,14.8,15.08,14.61,14.64,1546872.0
566,2023-09-12,14.44,14.91,14.44,14.74,2966361.0
567,2023-09-13,14.71,14.87,14.63,14.82,2224077.0
568,2023-09-14,14.93,15.3,14.83,14.91,2690360.0
569,2023-09-15,15.03,15.27,14.82,14.96,3151952.0
570,2023-09-18,14.85,15.09,14.55,14.92,2066525.0
571,2023-09-19,14.95,15.36,14.89,15.26,2690706.0
572,2023-09-20,15.26,15.39,14.79,14.83,2968722.0
573,2023-09-21,14.55,14.87,14.36,14.39,4439319.0
574,2023-09-22,15.16,15.16,14.81,15.02,2587305.0
575,2023-09-25,14.4,15.22,14.4,15.18,1711528.0
576,2023-09-26,14.85,15.14,14.46,14.51,3488834.0
577,2023-09-27,14.67,14.77,14.3,14.54,1945696.0
578,2023-09-28,14.47,14.88,14.39,14.88,2369814.0
579,2023-09-29,15.23,15.26,14.83,15.01,4439553.0
580,2023-10-02,15.03,15.44,14.9,15.33,2000861.0
581,2023-10-03,14.99,15.34,14.89,15.21,2201503.0
582,2023-10-04,15.11,15.37,14.69,14.93,1522797.0
583,2023-10-05,14.86,15.1,14.79,15.06,1006839.0
584,2023-10-06,15.14,16.06,15.02,15.93,2258606.0
585,2023-10-09,15.64,15.8,15.12,15.35,1855695.0
586,2023-10-10,15.52,16.39,15.5,16.18,2225606.0
587,2023-10-11,16.28,16.75,16.13,16.39,1971281.0
588,2023-10-12,16.39,16.42,15.66,15.8,2748604.0
589,2023-10-13,15.39,15.6,15.32,15.49,1066145.0
590,2023-10-16,15.37,15.81,15.07,15.52,1876187.0
591,2023-10-17,15.21,15.77,15.07,15.49,1553652.0
592,2023-10-18,15.19,15.37,15.02,15.19,1457809.0
593,2023-10-19,15.04,15.26,14.99,15.14,2055923.0
594,2023-10-20,14.99,15.07,14.8,14.83,2781908.0
595,2023-10-23,14.83,14.88,14.29,14.3,2213907.0
596,2023-10-24,14.3,15.72,14.28,15.55,6258547.0
597,2023-10-25,15.16,15.295,14.85,15.02,1536373.0
598,2023-10-26,14.92,15.02,14.47,14.54,2762966.0
599,2023-10-27,14.98,15.03,14.62,14.7,2113800.0
600,2023-10-30,14.87,15.145,14.56,15.03,3708956.0
601,2023-10-31,14.64,14.95,14.39,14.64,3175984.0
602,2023-11-01,14.47,14.65,14.13,14.42,2052474.0
603,2023-11-02,14.59,14.685,14.375,14.55,2965421.0
604,2023-11-03,15.07,15.4,15.0401,15.23,2589214.0
605,2023-11-06,15.46,15.595,15.13,15.19,1467293.0
606,2023-11-07,15.0,15.19,14.75,15.14,3287757.0
607,2023-11-08,14.99,15.195,14.93,15.0,1442778.0
608,2023-11-09,15.0,15.07,14.5,14.6,2398769.0
609,2023-11-10,14.53,14.75,14.36,14.63,1631842.0
610,2023-11-13,14.91,14.99,14.625,14.87,4396701.0
611,2023-11-14,15.56,15.83,15.08,15.65,5092650.0
612,2023-11-15,16.22,17.24,16.18,16.79,4918843.0
613,2023-11-16,16.22,16.53,15.82,16.28,3616450.0
614,2023-11-17,16.36,16.5,16.18,16.4,2065293.0
615,2023-11-20,16.7,17.375,16.55,17.15,7125699.0
616,2023-11-21,16.9,17.33,16.83,17.09,2897490.0
617,2023-11-22,17.3,17.33,16.97,17.16,3283111.0
618,2023-11-24,17.22,17.8,16.88,17.8,2713433.0
619,2023-11-27,17.46,17.76,17.145,17.17,4535514.0
620,2023-11-28,17.0,17.25,16.28,16.34,2692672.0
621,2023-11-29,16.04,16.65,15.99,16.56,3788611.0
622,2023-11-30,16.43,16.55,15.75,16.37,4283644.0
623,2023-12-01,16.2,16.265,15.69,15.99,1777618.0
624,2023-12-04,15.68,15.8,13.98,14.11,6183753.0
625,2023-12-05,14.01,14.79,14.0,14.63,2948345.0
626,2023-12-06,14.87,15.285,14.8,15.08,1929441.0
627,2023-12-07,15.3,15.83,15.21,15.24,2681812.0
628,2023-12-08,15.1,15.2,14.9577,15.2,4458158.0
629,2023-12-11,15.07,15.25,14.9,15.15,2732101.0
630,2023-12-12,15.275,15.49,15.04,15.34,2421557.0
631,2023-12-13,15.38,15.78,14.97,15.74,5608378.0
632,2023-12-14,15.55,15.85,15.24,15.68,4241517.0
633,2023-12-15,15.98,16.31,15.84,16.02,3123737.0
634,2023-12-18,16.11,16.11,15.195,15.22,2232478.0
635,2023-12-19,15.43,16.13,15.2871,16.01,2096024.0
636,2023-12-20,15.75,16.08,15.69,15.85,2392725.0
637,2023-12-21,15.65,16.105,15.59,15.87,2026245.0
638,2023-12-22,15.78,15.88,15.5,15.81,1905364.0
639,2023-12-26,15.96,16.15,15.7,15.76,1759092.0
640,2023-12-27,15.91,16.27,15.795,16.27,2453900.0
641,2023-12-28,16.55,16.73,16.265,16.32,2699077.0
642,2023-12-29,16.32,16.67,16.105,16.61,1814969.0
643,2024-01-02,16.02,16.18,15.52,15.64,2068937.0
644,2024-01-03,15.3,15.69,15.231,15.59,1159362.0
645,2024-01-04,15.53,15.62,15.35,15.46,811631.0
646,2024-01-05,15.45,15.6,15.215,15.23,1611166.0
647,2024-01-08,15.0,15.13,14.91,15.07,3957407.0
648,2024-01-09,14.8,15.15,14.76,14.91,1915080.0
649,2024-01-10,14.98,15.12,14.785,14.89,1678515.0
650,2024-01-11,15.22,15.33,14.865,15.09,3094010.0
651,2024-01-12,15.08,15.185,14.98,15.0,1710699.0
652,2024-01-16,14.8,14.83,14.245,14.3,3434131.0
653,2024-01-17,13.67,14.025,13.58,13.86,3031356.0
654,2024-01-18,13.92,14.19,13.67,13.82,3041513.0
655,2024-01-19,13.71,13.75,13.1,13.42,5595531.0
656,2024-01-22,12.81,13.24,12.57,13.01,4502619.0
657,2024-01-23,13.71,13.71,13.075,13.42,3712909.0
658,2024-01-24,14.02,14.18,13.75,13.94,4549549.0
659,2024-01-25,14.05,14.585,13.91,14.13,3164309.0
660,2024-01-26,13.94,14.25,13.82,13.92,2068457.0
661,2024-01-29,13.935,14.03,13.64,14.0,1710610.0
662,2024-01-30,13.65,13.81,13.4689,13.58,1724546.0
663,2024-01-31,13.39,14.225,13.29,13.91,2925983.0
664,2024-02-01,14.19,14.535,14.07,14.47,2322203.0
665,2024-02-02,14.28,14.51,13.925,14.0,3383567.0
666,2024-02-05,14.19,14.22,13.62,13.69,2183790.0
667,2024-02-06,14.32,15.145,14.04,14.86,5090654.0
668,2024-02-07,14.43,14.9,14.23,14.75,3381808.0
669,2024-02-08,14.56,14.69,14.195,14.3,5351499.0
670,2024-02-09,14.31,14.45,13.95,14.43,2589508.0
671,2024-02-12,14.58,15.07,14.44,14.91,1529276.0
672,2024-02-13,14.49,14.785,14.26,14.32,1262445.0
673,2024-02-14,14.68,14.89,14.505,14.73,1723755.0
674,2024-02-15,14.68,15.04,14.68,14.88,1232337.0
675,2024-02-16,15.01,15.19,14.85,14.87,2016229.0
