,date,open,high,low,close,volume
0,2021-09-13,52.91,53.77,52.54,53.77,1149477.0
1,2021-09-14,53.99,54.03,52.8,53.16,1005019.0
2,2021-09-15,53.0,54.14,52.32,54.07,880966.0
3,2021-09-16,53.95,54.6,53.58,54.19,561257.0
4,2021-09-17,53.81,53.96,52.43,52.56,1212500.0
5,2021-09-20,51.35,51.63,50.3,51.61,1491477.0
6,2021-09-21,52.07,52.53,51.81,52.08,879255.0
7,2021-09-22,52.36,53.26,52.12,52.29,660030.0
8,2021-09-23,52.62,52.67,51.85,51.85,937896.0
9,2021-09-24,51.77,51.79,50.95,51.02,968254.0
10,2021-09-27,50.93,51.81,50.93,51.63,903502.0
11,2021-09-28,51.13,51.13,49.94,50.21,816709.0
12,2021-09-29,50.31,50.54,49.85,50.02,608593.0
13,2021-09-30,50.06,50.61,49.71,50.0,963115.0
14,2021-10-01,50.17,51.35,50.1,50.57,1138252.0
15,2021-10-04,50.62,50.76,49.43,49.63,1109868.0
16,2021-10-05,49.76,50.37,49.44,50.21,1159921.0
17,2021-10-06,49.63,49.79,48.77,49.64,535852.0
18,2021-10-07,50.61,51.23,50.29,50.36,783365.0
19,2021-10-08,50.39,50.43,48.75,48.76,737755.0
20,2021-10-11,48.91,49.1,48.07,48.11,732593.0
21,2021-10-12,48.4,48.75,47.89,47.99,1369465.0
22,2021-10-13,48.09,49.09,47.94,48.96,1757035.0
23,2021-10-14,49.5,50.13,49.35,50.05,876055.0
24,2021-10-15,50.2,50.38,49.65,49.75,580921.0
25,2021-10-18,49.18,49.18,48.01,48.08,501296.0
26,2021-10-19,48.33,48.33,47.63,48.16,699819.0
27,2021-10-20,48.18,49.12,48.13,48.8,654511.0
28,2021-10-21,48.37,48.5,47.31,47.9,598306.0
29,2021-10-22,47.98,48.19,47.37,47.56,595403.0
30,2021-10-25,47.49,47.52,46.77,46.83,563911.0
31,2021-10-26,47.27,47.79,47.12,47.39,573067.0
32,2021-10-27,47.76,48.31,47.31,47.42,824339.0
33,2021-10-28,47.56,47.88,47.13,47.79,424538.0
34,2021-10-29,47.37,47.98,47.04,47.36,425369.0
35,2021-11-01,47.33,48.54,47.23,48.49,630292.0
36,2021-11-02,48.47,48.57,47.64,47.85,550859.0
37,2021-11-03,48.16,48.6,47.71,48.55,628893.0
38,2021-11-04,48.45,48.45,47.76,47.83,490863.0
39,2021-11-05,48.24,49.92,48.24,49.81,828273.0
40,2021-11-08,49.62,49.88,49.01,49.61,1308749.0
41,2021-11-09,50.06,52.54,49.93,52.51,2945119.0
42,2021-11-10,52.42,52.86,51.46,51.74,2162139.0
43,2021-11-11,52.21,52.64,51.67,51.77,772334.0
44,2021-11-12,51.79,51.84,50.85,50.91,1122807.0
45,2021-11-15,50.98,51.21,50.59,50.73,623691.0
46,2021-11-16,50.92,51.18,50.18,50.23,607767.0
47,2021-11-17,49.71,50.54,49.49,50.26,772530.0
48,2021-11-18,50.16,50.16,48.78,49.24,1501859.0
49,2021-11-19,48.8,48.83,47.21,48.12,1295888.0
50,2021-11-22,48.34,49.15,48.12,48.52,780076.0
51,2021-11-23,48.6,50.0,48.56,49.68,1127447.0
52,2021-11-24,48.86,49.13,48.22,48.83,902998.0
53,2021-11-26,47.74,47.99,46.51,47.04,1017372.0
54,2021-11-29,47.24,48.45,46.44,48.15,989798.0
55,2021-11-30,47.31,47.43,45.21,45.7,2319591.0
56,2021-12-01,46.31,47.09,45.63,45.68,1586291.0
57,2021-12-02,46.11,48.57,45.95,48.38,1798471.0
58,2021-12-03,48.54,49.5,48.28,49.42,1420966.0
59,2021-12-06,49.94,51.38,49.94,50.43,1407330.0
60,2021-12-07,50.93,52.01,50.63,51.17,1385861.0
61,2021-12-08,50.78,50.89,49.69,50.1,1056759.0
62,2021-12-09,49.67,50.17,49.19,49.3,545597.0
63,2021-12-10,49.6,50.11,49.35,49.77,712480.0
64,2021-12-13,49.79,50.41,49.42,49.57,756909.0
65,2021-12-14,49.5,50.86,49.5,49.77,840848.0
66,2021-12-15,49.84,50.32,49.57,49.87,869852.0
67,2021-12-16,50.5,50.62,49.87,50.03,877180.0
68,2021-12-17,50.0,50.33,49.49,49.88,1881135.0
69,2021-12-20,48.51,48.81,47.64,48.44,1479425.0
70,2021-12-21,49.08,49.95,49.06,49.68,1506538.0
71,2021-12-22,49.68,50.39,49.46,50.07,1427345.0
72,2021-12-23,50.34,51.65,50.34,51.56,1094317.0
73,2021-12-27,51.58,52.06,51.36,51.93,633136.0
74,2021-12-28,51.96,52.47,51.96,52.08,674192.0
75,2021-12-29,52.02,52.67,52.02,52.49,907762.0
76,2021-12-30,52.68,52.8,51.84,51.87,834838.0
77,2021-12-31,51.73,52.51,51.73,52.26,961128.0
78,2022-01-03,52.24,52.76,52.06,52.66,764774.0
79,2022-01-04,52.85,53.22,52.61,52.66,1029367.0
80,2022-01-05,52.62,54.35,52.61,53.79,1235663.0
81,2022-01-06,53.9,54.63,53.82,54.13,1015121.0
82,2022-01-07,53.83,54.49,53.61,54.16,936582.0
83,2022-01-10,54.1,54.47,53.63,54.17,919866.0
84,2022-01-11,54.1,55.06,53.76,54.9,733102.0
85,2022-01-12,54.9,55.33,54.61,54.92,1278651.0
86,2022-01-13,54.82,56.19,54.78,55.98,1049763.0
87,2022-01-14,55.15,56.09,55.08,55.99,659938.0
88,2022-01-18,55.06,55.92,54.61,54.78,1102537.0
89,2022-01-19,54.91,55.28,54.15,54.59,653800.0
90,2022-01-20,54.6,55.26,54.35,54.51,1118904.0
91,2022-01-21,54.38,54.79,52.88,53.03,766319.0
92,2022-01-24,51.99,53.34,50.95,53.19,1029839.0
93,2022-01-25,52.36,53.13,51.14,52.67,1272314.0
94,2022-01-26,53.09,54.31,52.8,53.28,1549848.0
95,2022-01-27,53.74,54.51,52.0,52.03,1157267.0
96,2022-01-28,52.26,53.06,51.54,53.06,1062398.0
97,2022-01-31,52.66,53.71,52.61,53.48,898655.0
98,2022-02-01,54.05,54.79,53.06,54.64,1378436.0
99,2022-02-02,54.92,55.52,54.48,54.6,1055423.0
100,2022-02-03,54.64,54.76,54.07,54.28,582700.0
101,2022-02-04,53.88,54.14,52.89,53.45,609780.0
102,2022-02-07,53.65,54.19,53.14,53.86,1259004.0
103,2022-02-08,54.34,54.46,53.64,54.05,722489.0
104,2022-02-09,54.41,55.33,54.26,55.29,1032561.0
105,2022-02-10,54.82,56.05,54.38,54.77,1492215.0
106,2022-02-11,54.48,55.11,53.29,53.42,1100715.0
107,2022-02-14,53.15,53.93,52.86,53.31,1167735.0
108,2022-02-15,53.95,54.41,53.3,53.57,2272845.0
109,2022-02-16,51.81,53.82,51.81,52.77,2397501.0
110,2022-02-17,52.42,52.54,51.56,52.09,998762.0
111,2022-02-18,51.83,52.34,51.6,51.73,829888.0
112,2022-02-22,50.94,51.26,50.34,50.49,1159830.0
113,2022-02-23,50.79,50.87,49.18,49.3,1081304.0
114,2022-02-24,47.0,47.99,46.42,47.93,1826349.0
115,2022-02-25,48.14,49.97,48.13,49.87,953180.0
116,2022-02-28,48.4,48.78,46.95,47.54,1557664.0
117,2022-03-01,47.2,47.2,44.58,44.8,1615270.0
118,2022-03-02,45.04,47.01,44.65,46.59,1620705.0
119,2022-03-03,46.58,47.38,46.34,47.34,2268637.0
120,2022-03-04,45.36,45.49,40.96,42.35,4052595.0
121,2022-03-07,42.85,42.92,38.66,39.19,3307803.0
122,2022-03-08,40.63,41.8,39.02,40.39,3760937.0
123,2022-03-09,42.82,43.87,42.31,43.6,1970105.0
124,2022-03-10,42.34,43.04,41.24,41.75,1385145.0
125,2022-03-11,42.27,42.74,41.61,41.94,1218455.0
126,2022-03-14,42.54,44.29,42.53,42.87,1406586.0
127,2022-03-15,43.56,44.2,42.99,43.36,1114551.0
128,2022-03-16,44.45,46.29,44.32,45.56,2134979.0
129,2022-03-17,45.88,46.36,45.14,45.52,1092399.0
130,2022-03-18,45.3,46.33,45.11,46.04,1419820.0
131,2022-03-21,46.01,46.34,45.53,45.92,764838.0
132,2022-03-22,46.03,46.54,45.68,46.04,814688.0
133,2022-03-23,45.44,45.95,44.38,44.42,993650.0
134,2022-03-24,44.54,45.21,43.97,44.88,1473389.0
135,2022-03-25,44.88,45.27,44.66,44.8,989600.0
136,2022-03-28,44.97,45.13,44.26,45.03,1320995.0
137,2022-03-29,47.05,47.61,46.54,46.84,1118760.0
138,2022-03-30,46.64,46.65,44.99,45.19,1217660.0
139,2022-03-31,45.38,45.91,44.93,44.94,1072540.0
140,2022-04-01,45.38,46.33,45.25,46.17,935428.0
141,2022-04-04,45.59,45.59,44.36,45.3,1011206.0
142,2022-04-05,45.34,45.79,45.02,45.13,895830.0
143,2022-04-06,44.66,45.09,43.73,44.87,907388.0
144,2022-04-07,44.75,44.75,43.97,44.39,988331.0
145,2022-04-08,44.33,44.88,43.91,44.4,1469927.0
146,2022-04-11,44.22,44.99,43.78,43.91,821573.0
147,2022-04-12,43.95,44.78,43.77,44.27,1012382.0
148,2022-04-13,44.08,44.68,43.99,44.34,538519.0
149,2022-04-14,44.59,46.03,44.59,45.81,1130083.0
150,2022-04-18,45.5,45.84,44.7,45.57,1015963.0
151,2022-04-19,45.46,46.04,45.32,45.85,1053497.0
152,2022-04-20,46.32,47.36,46.32,47.15,979988.0
153,2022-04-21,47.42,49.14,47.42,47.69,1558426.0
154,2022-04-22,47.45,48.0,46.78,47.68,1230776.0
155,2022-04-25,47.5,48.89,47.06,48.63,1722010.0
156,2022-04-26,47.89,48.28,46.93,47.06,1397429.0
157,2022-04-27,47.87,48.41,46.74,47.71,1556810.0
158,2022-04-28,47.14,48.27,46.84,47.99,1005476.0
159,2022-04-29,47.79,48.2,46.15,46.28,1732606.0
160,2022-05-02,46.76,47.17,45.5,46.03,1096977.0
161,2022-05-03,46.56,46.81,46.03,46.14,915739.0
162,2022-05-04,46.0,47.98,45.95,47.88,782809.0
163,2022-05-05,47.25,47.69,45.56,45.86,1128918.0
164,2022-05-06,45.37,45.7,44.41,45.04,1077515.0
165,2022-05-09,44.54,45.61,44.32,45.18,860086.0
166,2022-05-10,45.22,46.12,44.79,45.77,1429871.0
167,2022-05-11,45.75,46.84,44.96,45.15,1056252.0
168,2022-05-12,45.08,46.47,44.84,46.37,1888974.0
169,2022-05-13,46.87,49.22,46.83,49.17,2325578.0
170,2022-05-16,48.95,50.78,48.66,49.32,2169039.0
171,2022-05-17,50.09,50.58,49.62,50.34,1381361.0
172,2022-05-18,50.02,50.24,48.58,48.71,2243195.0
173,2022-05-19,47.83,48.99,47.25,48.44,1377374.0
174,2022-05-20,48.73,49.88,48.39,49.63,1474744.0
175,2022-05-23,49.68,50.94,49.68,50.72,1056427.0
176,2022-05-24,50.8,50.96,49.94,50.66,1635033.0
177,2022-05-25,50.16,50.43,49.44,49.96,1059940.0
178,2022-05-26,50.03,50.82,50.03,50.5,718574.0
179,2022-05-27,50.94,51.3,50.52,50.8,625437.0
180,2022-05-31,50.69,50.74,49.82,50.05,2384555.0
181,2022-06-01,49.76,50.54,48.75,50.18,1138574.0
182,2022-06-02,50.46,50.9,49.17,50.89,555987.0
183,2022-06-03,50.46,50.72,50.0,50.36,670061.0
184,2022-06-06,51.05,51.55,50.82,51.16,597627.0
185,2022-06-07,50.33,51.15,49.84,50.81,825128.0
186,2022-06-08,50.42,51.18,50.09,50.85,1148440.0
187,2022-06-09,50.77,51.52,50.42,50.89,1197770.0
188,2022-06-10,49.92,50.37,49.49,49.66,1390015.0
189,2022-06-13,48.07,48.6,47.4,47.7,1658379.0
190,2022-06-14,47.77,47.95,47.21,47.6,754944.0
191,2022-06-15,48.29,48.97,47.64,48.01,1251986.0
192,2022-06-16,46.77,46.87,46.09,46.63,937184.0
193,2022-06-17,47.01,48.43,46.97,47.78,1737219.0
194,2022-06-21,48.23,48.72,47.94,48.65,1132444.0
195,2022-06-22,48.18,48.47,47.95,48.1,1126158.0
196,2022-06-23,47.93,48.44,47.27,47.9,1021996.0
197,2022-06-24,48.35,49.96,48.22,49.94,1596940.0
198,2022-06-27,49.94,50.33,49.51,50.0,708270.0
199,2022-06-28,50.18,50.46,49.07,49.1,1135355.0
200,2022-06-29,48.59,49.51,48.43,49.49,565123.0
201,2022-06-30,48.68,48.72,47.7,48.53,1461225.0
202,2022-07-01,47.99,50.26,47.99,50.21,1197137.0
203,2022-07-05,48.94,49.05,47.74,48.68,923621.0
204,2022-07-06,48.77,49.12,48.12,48.22,882412.0
205,2022-07-07,48.46,49.01,48.22,48.85,702522.0
206,2022-07-08,49.12,49.55,48.43,48.72,946182.0
207,2022-07-11,48.47,48.65,47.59,47.7,647911.0
208,2022-07-12,47.77,48.01,46.64,46.82,1439765.0
209,2022-07-13,46.93,47.18,45.96,46.81,1683767.0
210,2022-07-14,46.14,46.43,45.21,46.41,774108.0
211,2022-07-15,46.54,46.78,46.19,46.57,810723.0
212,2022-07-18,46.83,47.62,46.2,46.42,1022388.0
213,2022-07-19,47.63,48.51,47.49,48.31,914114.0
214,2022-07-20,47.88,48.44,47.06,47.18,830861.0
215,2022-07-21,47.35,48.97,47.35,48.79,1522760.0
216,2022-07-22,48.78,48.9,47.99,48.42,712174.0
217,2022-07-25,48.75,49.54,48.54,49.48,697205.0
218,2022-07-26,49.18,49.66,48.83,49.6,1384568.0
219,2022-07-27,49.59,50.22,49.16,49.97,822605.0
220,2022-07-28,49.96,50.88,49.86,50.7,620073.0
221,2022-07-29,50.53,51.16,50.39,51.04,652234.0
222,2022-08-01,51.0,51.82,50.64,51.01,591815.0
223,2022-08-02,50.97,50.97,50.33,50.4,793209.0
224,2022-08-03,51.47,51.52,50.61,51.21,1405994.0
225,2022-08-04,50.11,50.4,49.07,50.34,1390527.0
226,2022-08-05,49.79,49.85,48.58,48.91,1673103.0
227,2022-08-08,49.61,49.88,48.39,48.78,1442141.0
228,2022-08-09,49.2,49.7,48.48,49.04,1788464.0
229,2022-08-10,49.7,50.32,49.42,49.77,1695468.0
230,2022-08-11,49.73,50.8,49.68,50.3,2209697.0
231,2022-08-12,50.82,51.47,50.48,51.45,1152345.0
232,2022-08-15,51.18,52.12,50.94,51.83,1022379.0
233,2022-08-16,51.68,52.32,51.65,52.2,713462.0
234,2022-08-17,51.55,51.71,50.74,51.13,1047326.0
235,2022-08-18,51.18,51.31,50.74,50.99,945308.0
236,2022-08-19,50.53,51.22,50.42,50.67,1098798.0
237,2022-08-22,49.72,49.85,48.29,48.89,1585579.0
238,2022-08-23,49.1,49.61,48.89,49.33,1189651.0
239,2022-08-24,49.03,49.79,48.71,48.99,930299.0
240,2022-08-25,48.91,49.27,47.66,47.92,1540589.0
241,2022-08-26,48.01,48.31,46.28,46.3,1081886.0
242,2022-08-29,46.05,46.39,45.22,45.47,3729732.0
243,2022-08-30,45.92,46.44,45.31,46.41,1791747.0
244,2022-08-31,46.46,47.21,45.82,46.09,3186427.0
245,2022-09-01,45.51,45.51,44.34,45.06,2423938.0
246,2022-09-02,45.09,46.2,44.27,44.51,1853386.0
247,2022-09-06,44.72,44.75,43.14,43.43,2259633.0
248,2022-09-07,43.47,44.99,43.38,44.96,1999091.0
249,2022-09-08,44.31,45.07,43.69,44.92,2019631.0
250,2022-09-09,45.36,46.7,45.15,46.62,1805196.0
251,2022-09-12,46.9,47.45,46.85,46.93,1336751.0
252,2022-09-13,45.92,46.09,44.89,45.13,1250117.0
253,2022-09-14,45.18,45.19,44.17,44.86,1200627.0
254,2022-09-15,44.48,44.77,44.08,44.31,1906568.0
255,2022-09-16,43.83,44.31,43.49,44.07,1519394.0
256,2022-09-19,43.74,44.54,43.62,44.47,977009.0
257,2022-09-20,43.98,44.15,43.34,43.82,973525.0
258,2022-09-21,43.87,44.73,43.63,43.64,1228639.0
259,2022-09-22,43.81,44.0,42.93,43.2,879180.0
260,2022-09-23,42.31,42.4,41.02,41.49,1798261.0
261,2022-09-26,41.58,41.88,40.6,40.84,1530910.0
262,2022-09-27,41.28,41.45,39.55,40.37,1930844.0
263,2022-09-28,40.39,40.81,39.7,40.66,1829532.0
264,2022-09-29,40.23,40.32,38.72,39.93,2040053.0
265,2022-09-30,40.21,40.53,39.47,39.54,2060830.0
266,2022-10-03,40.0,41.04,39.58,40.88,1049256.0
267,2022-10-04,41.95,43.18,41.95,42.88,1592989.0
268,2022-10-05,42.88,43.37,42.24,43.08,1377782.0
269,2022-10-06,42.57,42.68,41.77,41.97,861044.0
270,2022-10-07,41.95,41.97,41.33,41.6,2012339.0
271,2022-10-10,41.8,42.16,41.3,41.62,635214.0
272,2022-10-11,41.36,42.18,40.99,41.6,1022038.0
273,2022-10-12,41.86,42.55,41.55,42.19,824472.0
274,2022-10-13,40.97,43.12,40.58,43.0,1189733.0
275,2022-10-14,43.26,43.79,42.11,42.12,1049945.0
276,2022-10-17,42.94,43.8,42.94,43.52,1036001.0
277,2022-10-18,44.15,44.45,43.06,43.26,1384131.0
278,2022-10-19,42.97,43.05,41.59,41.89,1235046.0
279,2022-10-20,41.87,42.15,41.08,41.33,937606.0
280,2022-10-21,41.36,42.6,41.01,42.6,896864.0
281,2022-10-24,42.89,43.71,42.63,43.69,1168290.0
282,2022-10-25,43.86,44.2,43.26,43.74,1969688.0
283,2022-10-26,43.57,44.51,43.5,44.05,1092020.0
284,2022-10-27,44.15,44.23,43.27,43.32,1082293.0
285,2022-10-28,43.8,44.48,43.6,44.14,1292284.0
286,2022-10-31,44.1,44.58,43.77,43.97,978480.0
287,2022-11-01,44.62,44.91,43.78,44.29,898280.0
288,2022-11-02,44.31,44.98,43.53,43.56,1314428.0
289,2022-11-03,43.2,44.52,42.67,44.47,1452588.0
290,2022-11-04,45.45,45.96,44.58,45.12,1421959.0
291,2022-11-07,45.63,46.53,45.38,46.31,1759918.0
292,2022-11-08,46.84,46.99,45.92,46.57,1555675.0
293,2022-11-09,46.72,46.86,45.89,45.94,1016637.0
294,2022-11-10,47.49,47.99,47.27,47.82,981178.0
295,2022-11-11,47.92,48.74,47.72,48.57,1087476.0
296,2022-11-14,48.57,48.9,48.29,48.42,958952.0
297,2022-11-15,48.47,50.17,48.05,48.36,1962157.0
298,2022-11-16,48.52,48.72,47.7,48.31,1134006.0
299,2022-11-17,47.87,48.75,47.83,48.71,1254495.0
300,2022-11-18,48.9,49.22,48.36,48.82,1322868.0
301,2022-11-21,48.43,49.36,48.25,49.22,753587.0
302,2022-11-22,49.46,50.13,49.28,50.1,974486.0
303,2022-11-23,50.26,50.93,50.26,50.73,587436.0
304,2022-11-25,50.66,50.92,50.44,50.78,330003.0
305,2022-11-28,50.43,51.31,50.37,50.43,770087.0
306,2022-11-29,50.28,50.46,49.54,49.6,632393.0
307,2022-11-30,49.65,51.3,49.24,51.12,3768679.0
308,2022-12-01,51.33,52.07,51.11,51.72,1176581.0
309,2022-12-02,51.47,52.23,51.37,51.95,674466.0
310,2022-12-05,51.51,51.51,50.83,51.27,780197.0
311,2022-12-06,51.16,51.32,49.89,50.52,795824.0
312,2022-12-07,50.53,51.03,50.29,50.35,1174969.0
313,2022-12-08,50.49,51.64,50.35,51.16,1635022.0
314,2022-12-09,51.21,52.08,51.07,51.93,1032795.0
315,2022-12-12,51.62,52.39,51.38,52.27,907799.0
316,2022-12-13,53.1,53.59,52.51,52.53,1812604.0
317,2022-12-14,52.78,53.48,52.56,52.98,988554.0
318,2022-12-15,52.3,52.55,51.42,51.81,1068328.0
319,2022-12-16,51.5,52.25,51.25,52.11,1211037.0
320,2022-12-19,52.06,52.72,51.73,52.01,1073380.0
321,2022-12-20,52.08,52.5,51.62,52.16,1170948.0
322,2022-12-21,52.57,53.51,52.47,53.17,1178601.0
323,2022-12-22,53.03,53.06,52.25,52.96,651790.0
324,2022-12-23,52.94,53.14,52.65,53.0,485140.0
325,2022-12-27,53.2,53.29,52.83,53.15,467905.0
326,2022-12-28,53.09,53.64,53.0,53.41,918024.0
327,2022-12-29,53.23,53.92,52.96,53.44,814101.0
328,2022-12-30,53.27,53.49,52.96,53.35,818036.0
329,2023-01-03,53.46,53.7,52.0,52.39,1201838.0
330,2023-01-04,53.16,53.94,52.69,53.69,1483419.0
331,2023-01-05,53.47,54.46,53.44,53.95,1530448.0
332,2023-01-06,54.23,54.99,54.05,54.86,749605.0
333,2023-01-09,54.84,55.34,54.28,54.41,970515.0
334,2023-01-10,54.2,54.32,53.81,54.03,1103801.0
335,2023-01-11,54.06,54.24,53.64,54.06,964552.0
336,2023-01-12,54.37,54.73,53.81,54.12,1701200.0
337,2023-01-13,54.01,54.36,53.87,54.32,1110519.0
338,2023-01-17,54.47,55.67,54.43,55.15,1430942.0
339,2023-01-18,55.03,55.06,54.11,54.17,1666785.0
340,2023-01-19,54.06,54.34,53.76,53.83,945201.0
341,2023-01-20,54.07,54.07,53.45,53.76,865289.0
342,2023-01-23,53.82,53.98,53.24,53.4,694145.0
343,2023-01-24,53.44,53.65,52.95,53.28,688297.0
344,2023-01-25,53.22,54.09,53.07,54.07,704287.0
345,2023-01-26,53.94,54.0,53.38,53.78,778811.0
346,2023-01-27,53.41,53.51,52.93,53.12,714273.0
347,2023-01-30,53.0,53.63,52.82,53.35,1149600.0
348,2023-01-31,53.5,54.35,53.4,54.25,1760083.0
349,2023-02-01,54.14,54.86,53.56,54.69,1154987.0
350,2023-02-02,54.38,54.73,54.04,54.25,1233544.0
351,2023-02-03,54.16,54.17,53.46,53.9,651337.0
352,2023-02-06,53.51,53.69,53.01,53.1,1050937.0
353,2023-02-07,52.63,53.03,52.26,52.68,1367479.0
354,2023-02-08,52.54,54.03,52.54,53.19,1535374.0
355,2023-02-09,53.72,53.96,52.94,53.07,770164.0
356,2023-02-10,53.01,53.07,52.48,52.64,934452.0
357,2023-02-13,52.96,54.05,52.96,53.88,1220137.0
358,2023-02-14,54.26,54.98,53.85,53.98,1506320.0
359,2023-02-15,54.28,54.71,53.78,54.2,1599592.0
360,2023-02-16,53.68,55.15,53.13,54.76,1383221.0
361,2023-02-17,54.09,54.56,53.64,54.26,1375097.0
362,2023-02-21,53.55,53.85,52.51,52.95,1226992.0
363,2023-02-22,52.9,53.31,52.55,52.93,1449694.0
364,2023-02-23,53.12,54.16,53.02,53.98,1235762.0
365,2023-02-24,53.51,54.0,53.03,54.0,922554.0
366,2023-02-27,54.09,54.5,53.72,53.9,708160.0
367,2023-02-28,53.89,53.9,52.96,53.03,1184571.0
368,2023-03-01,53.45,53.64,52.24,52.85,1514347.0
369,2023-03-02,52.84,53.79,52.84,53.69,596469.0
370,2023-03-03,53.79,54.11,53.37,53.96,585019.0
371,2023-03-06,53.77,54.25,53.73,53.93,677617.0
372,2023-03-07,53.84,53.84,52.79,53.05,752686.0
373,2023-03-08,53.12,53.48,52.65,52.93,645361.0
374,2023-03-09,52.81,52.95,51.96,52.14,967673.0
375,2023-03-10,52.19,52.64,51.56,52.08,1318147.0
376,2023-03-13,51.77,53.46,51.65,53.23,2419835.0
377,2023-03-14,53.61,54.54,53.35,54.38,2012742.0
378,2023-03-15,53.11,53.87,52.78,53.85,2389511.0
379,2023-03-16,53.78,54.77,53.2,54.61,1648578.0
380,2023-03-17,54.31,54.31,52.96,53.12,2223052.0
381,2023-03-20,53.84,54.36,53.52,54.16,1050802.0
382,2023-03-21,54.35,54.9,54.28,54.71,1191941.0
383,2023-03-22,54.82,55.54,54.64,54.67,1030467.0
384,2023-03-23,54.92,55.13,54.35,54.66,1213392.0
385,2023-03-24,54.6,55.0,54.04,54.81,885583.0
386,2023-03-27,54.97,55.5,54.97,55.32,1042253.0
387,2023-03-28,55.09,55.48,54.89,55.1,736792.0
388,2023-03-29,55.74,55.97,55.56,55.89,652170.0
389,2023-03-30,56.26,56.58,56.05,56.27,972824.0
390,2023-03-31,56.77,57.25,56.54,57.22,1154991.0
391,2023-04-03,57.07,57.64,56.91,57.6,941235.0
392,2023-04-04,57.56,57.79,56.61,56.92,947813.0
393,2023-04-05,57.11,57.34,56.53,56.65,932504.0
394,2023-04-06,56.81,57.03,56.42,56.77,729220.0
395,2023-04-10,56.38,56.86,56.2,56.83,456344.0
396,2023-04-11,56.74,57.45,56.59,57.32,963213.0
397,2023-04-12,57.14,57.75,57.0,57.42,724494.0
398,2023-04-13,57.74,58.18,57.37,58.02,1004167.0
399,2023-04-14,58.2,58.22,57.76,57.91,707676.0
400,2023-04-17,58.03,58.16,57.8,58.16,679057.0
401,2023-04-18,58.17,59.21,58.02,59.13,1123443.0
402,2023-04-19,59.11,59.3,58.83,59.09,883501.0
403,2023-04-20,58.57,59.87,58.57,59.61,994954.0
404,2023-04-21,60.02,60.47,59.66,59.81,1062025.0
405,2023-04-24,59.89,60.42,59.85,60.23,1275199.0
406,2023-04-25,60.39,61.8,60.39,61.31,1076832.0
407,2023-04-26,61.61,62.15,61.5,62.04,1107753.0
408,2023-04-27,62.12,62.6,61.74,62.51,1214981.0
409,2023-04-28,61.78,62.64,61.6,62.5,1353528.0
410,2023-05-01,62.54,63.43,62.47,62.79,592379.0
411,2023-05-02,62.34,63.37,61.97,63.29,2155828.0
412,2023-05-03,63.56,64.39,63.41,63.48,1273810.0
413,2023-05-04,63.73,64.38,63.62,64.03,979318.0
414,2023-05-05,63.51,63.88,63.28,63.63,1279060.0
415,2023-05-08,63.69,63.79,63.22,63.32,657067.0
416,2023-05-09,63.16,64.06,63.11,63.93,1381570.0
417,2023-05-10,63.86,64.35,63.61,64.02,1038939.0
418,2023-05-11,64.14,64.72,63.61,64.69,1326137.0
419,2023-05-12,64.58,64.7,63.83,64.27,1045907.0
420,2023-05-15,64.55,64.96,64.26,64.89,1074891.0
421,2023-05-16,64.71,65.56,64.62,65.46,1265982.0
422,2023-05-17,65.3,65.36,64.53,65.06,1036012.0
423,2023-05-18,64.72,64.81,64.04,64.52,844149.0
424,2023-05-19,64.89,65.09,64.18,64.53,1093637.0
425,2023-05-22,64.73,64.9,63.24,63.5,1518506.0
426,2023-05-23,63.3,63.37,62.78,63.12,1035036.0
427,2023-05-24,62.85,63.0,62.12,62.65,803670.0
428,2023-05-25,62.25,62.54,61.47,61.69,1298106.0
429,2023-05-26,61.91,62.14,61.41,61.65,996544.0
430,2023-05-30,61.2,61.48,60.73,60.83,1142338.0
431,2023-05-31,60.59,61.42,60.13,61.16,3245669.0
432,2023-06-01,61.4,61.79,61.07,61.47,939626.0
433,2023-06-02,61.36,62.37,61.22,62.25,667980.0
434,2023-06-05,61.89,62.33,61.83,62.22,777064.0
435,2023-06-06,62.22,62.22,60.88,61.08,834717.0
436,2023-06-07,61.32,61.84,61.32,61.46,882903.0
437,2023-06-08,61.43,62.52,61.34,62.5,738439.0
438,2023-06-09,62.18,62.62,62.15,62.5,845935.0
439,2023-06-12,62.63,63.6,62.38,63.43,1183645.0
440,2023-06-13,63.73,64.07,63.08,63.58,1624826.0
441,2023-06-14,63.59,64.83,63.58,64.23,1169005.0
442,2023-06-15,64.61,65.19,64.35,64.39,990586.0
443,2023-06-16,64.54,64.7,63.81,64.12,1962455.0
444,2023-06-20,64.03,64.27,63.57,63.94,1897175.0
445,2023-06-21,63.52,63.81,63.36,63.5,904177.0
446,2023-06-22,63.5,64.73,63.36,64.61,965391.0
447,2023-06-23,64.39,64.48,63.79,63.81,683892.0
448,2023-06-26,63.62,63.62,62.73,62.83,957766.0
449,2023-06-27,62.93,63.57,62.72,63.52,811646.0
450,2023-06-28,63.14,63.4,62.34,62.78,812992.0
451,2023-06-29,62.78,62.88,62.39,62.62,627901.0
452,2023-06-30,62.86,63.35,62.84,63.2,1211179.0
453,2023-07-03,63.14,63.7,62.8,63.6,546057.0
454,2023-07-05,63.31,64.48,63.22,64.22,1258349.0
455,2023-07-06,63.69,64.23,63.48,63.95,877100.0
456,2023-07-07,64.62,64.72,63.11,63.26,1339948.0
457,2023-07-10,63.55,63.8,62.86,62.95,895131.0
458,2023-07-11,62.98,63.27,61.91,62.76,968762.0
459,2023-07-12,63.56,63.78,62.92,63.24,925229.0
460,2023-07-13,63.69,64.54,63.46,64.47,1041227.0
461,2023-07-14,64.53,64.77,64.27,64.33,1115546.0
462,2023-07-17,64.14,64.65,63.74,63.91,805321.0
463,2023-07-18,64.01,64.21,62.86,63.38,831333.0
464,2023-07-19,63.77,63.88,63.26,63.53,897873.0
465,2023-07-20,63.54,63.96,63.48,63.82,793107.0
466,2023-07-21,64.04,64.19,63.54,63.68,997192.0
467,2023-07-24,63.67,63.67,62.77,63.5,771479.0
468,2023-07-25,63.59,63.98,63.41,63.76,782973.0
469,2023-07-26,63.37,63.44,62.83,63.31,1213342.0
470,2023-07-27,63.58,63.58,62.52,62.63,1080371.0
471,2023-07-28,62.71,62.89,62.48,62.76,1184193.0
472,2023-07-31,62.07,62.58,61.93,62.16,907983.0
473,2023-08-01,61.96,62.38,61.48,61.9,1239275.0
474,2023-08-02,64.38,65.13,62.97,63.18,2028556.0
475,2023-08-03,62.73,63.15,62.07,62.79,1159769.0
476,2023-08-04,63.18,63.67,62.5,62.51,1223499.0
477,2023-08-07,62.61,63.85,62.53,63.81,1202321.0
478,2023-08-08,63.62,63.9,62.68,62.77,1089130.0
479,2023-08-09,62.74,62.99,62.48,62.72,729567.0
480,2023-08-10,63.18,63.66,62.73,62.98,704524.0
481,2023-08-11,62.42,63.35,62.28,63.34,798057.0
482,2023-08-14,63.0,63.29,62.66,62.97,579075.0
483,2023-08-15,62.82,62.89,61.95,61.98,593196.0
484,2023-08-16,62.04,62.32,61.52,61.6,1019993.0
485,2023-08-17,61.79,61.86,60.96,61.05,1050202.0
486,2023-08-18,60.94,61.46,60.62,61.34,519642.0
487,2023-08-21,61.51,61.55,60.73,60.93,743199.0
488,2023-08-22,60.69,61.61,60.41,61.52,860390.0
489,2023-08-23,61.56,61.99,61.32,61.63,879577.0
490,2023-08-24,61.76,62.47,61.54,61.61,739635.0
491,2023-08-25,61.94,62.33,61.59,62.25,614176.0
492,2023-08-28,62.26,62.35,61.45,61.61,962738.0
493,2023-08-29,61.81,63.01,61.76,62.91,982653.0
494,2023-08-30,63.1,63.65,63.1,63.39,1034177.0
495,2023-08-31,63.19,63.74,62.64,62.88,2354716.0
496,2023-09-01,62.59,62.88,60.83,61.09,1198288.0
497,2023-09-05,60.83,60.91,60.36,60.73,1080270.0
498,2023-09-06,60.71,61.2,60.54,60.75,889278.0
499,2023-09-07,60.53,61.02,59.77,60.05,1362527.0
500,2023-09-08,59.99,60.29,59.79,60.1,813080.0
501,2023-09-11,60.1,61.34,60.06,61.15,943991.0
502,2023-09-12,60.51,60.97,60.25,60.53,901942.0
503,2023-09-13,60.37,60.96,60.34,60.84,888897.0
504,2023-09-14,60.87,62.06,60.72,61.89,1322118.0
505,2023-09-15,61.75,61.75,61.1,61.37,1712816.0
506,2023-09-18,61.59,62.16,61.32,61.94,1084046.0
507,2023-09-19,61.88,62.09,61.59,61.79,789491.0
508,2023-09-20,62.12,63.02,62.01,62.9,2324843.0
509,2023-09-21,62.51,62.75,61.87,61.97,1394151.0
510,2023-09-22,61.96,62.67,61.85,62.29,1019010.0
511,2023-09-25,61.77,62.36,61.59,62.08,1570774.0
512,2023-09-26,61.52,61.63,61.02,61.44,1345198.0
513,2023-09-27,61.78,61.82,60.73,61.08,1253957.0
514,2023-09-28,61.27,62.05,61.13,61.57,1540637.0
515,2023-09-29,61.9,62.2,61.08,61.25,1242764.0
516,2023-10-02,60.91,60.91,59.36,59.78,1630248.0
517,2023-10-03,58.98,59.59,58.24,58.46,1421808.0
518,2023-10-04,58.64,59.98,58.56,59.95,1390093.0
519,2023-10-05,59.36,59.81,57.23,57.29,1496567.0
520,2023-10-06,56.67,57.89,55.05,57.65,3490679.0
521,2023-10-09,57.2,57.33,55.78,56.37,1762208.0
522,2023-10-10,57.0,57.8,56.81,57.5,1520780.0
523,2023-10-11,57.48,57.59,56.54,57.2,1636542.0
524,2023-10-12,57.04,57.05,55.85,56.52,1467033.0
525,2023-10-13,56.17,56.81,56.0,56.77,1155347.0
526,2023-10-16,56.66,57.57,56.55,57.1,1028882.0
527,2023-10-17,57.03,57.88,56.94,57.39,1258909.0
528,2023-10-18,57.36,57.61,56.58,56.59,1291163.0
529,2023-10-19,56.72,57.32,56.06,56.6,1313613.0
530,2023-10-20,56.44,56.815,55.71,55.89,1300273.0
531,2023-10-23,55.57,56.95,55.22,56.35,1485858.0
532,2023-10-24,57.04,57.77,56.78,57.43,1500956.0
533,2023-10-25,57.68,57.97,57.35,57.55,798078.0
534,2023-10-26,57.59,58.11,57.31,57.41,962116.0
535,2023-10-27,57.23,57.44,56.49,56.69,527001.0
536,2023-10-30,57.17,57.5,57.02,57.22,1031441.0
537,2023-10-31,57.4,57.66,56.75,57.28,1215473.0
538,2023-11-01,56.39,58.48,56.25,58.21,1885120.0
539,2023-11-02,58.46,59.0,57.715,58.96,1902500.0
540,2023-11-03,59.63,60.19,59.235,59.24,1411689.0
541,2023-11-06,59.04,59.72,58.94,59.44,1133029.0
542,2023-11-07,59.41,60.22,59.28,60.17,1809421.0
543,2023-11-08,60.3,60.3,59.24,59.54,1225394.0
544,2023-11-09,60.02,60.09,59.21,59.4,1084967.0
545,2023-11-10,59.35,59.65,58.42,59.55,753974.0
546,2023-11-13,59.12,60.26,59.12,59.84,720042.0
547,2023-11-14,60.27,60.36,59.765,60.23,790629.0
548,2023-11-15,60.2,60.33,59.545,60.3,1078814.0
549,2023-11-16,60.07,60.437,59.64,60.16,909795.0
550,2023-11-17,60.11,60.14,59.65,60.08,1065541.0
551,2023-11-20,60.15,61.2,59.75,61.01,1047084.0
552,2023-11-21,61.2,61.34,60.765,60.81,1122261.0
553,2023-11-22,61.1,61.3918,60.98,61.01,906584.0
554,2023-11-24,61.07,61.51,61.03,61.24,580494.0
555,2023-11-27,61.07,61.16,60.29,60.44,1369256.0
556,2023-11-28,60.25,60.555,59.34,60.04,2047895.0
557,2023-11-29,60.47,60.51,59.45,59.7,1259079.0
558,2023-11-30,59.6,60.68,59.31,60.64,2730659.0
559,2023-12-01,60.44,60.59,59.89,60.33,974524.0
560,2023-12-04,61.33,62.14,60.9,62.0,1721627.0
561,2023-12-05,61.76,62.3,61.13,62.28,1572792.0
562,2023-12-06,62.31,63.69,62.0,63.63,2249840.0
563,2023-12-07,63.43,64.25,63.34,64.02,2062369.0
564,2023-12-08,63.58,63.89,63.205,63.41,1424552.0
565,2023-12-11,63.71,63.945,63.36,63.39,3223669.0
566,2023-12-12,63.6,64.52,62.93,64.2,2507968.0
567,2023-12-13,64.05,65.43,63.97,65.31,2437179.0
568,2023-12-14,64.76,65.5,64.65,64.93,3149988.0
569,2023-12-15,64.98,65.245,63.8,64.69,30108817.0
570,2023-12-18,64.73,65.2625,64.021,65.15,2617227.0
571,2023-12-19,65.42,65.87,64.97,65.17,2739830.0
572,2023-12-20,64.98,65.27,64.44,64.47,3372909.0
573,2023-12-21,65.0,65.47,64.75,65.23,1875116.0
574,2023-12-22,65.47,66.23,65.4,65.94,1652977.0
575,2023-12-26,65.89,66.28,65.66,66.17,1070040.0
576,2023-12-27,66.21,66.74,66.0019,66.74,954510.0
577,2023-12-28,66.59,66.98,66.57,66.82,1197295.0
578,2023-12-29,66.42,66.94,66.14,66.74,1076999.0
579,2024-01-02,66.58,66.74,66.229,66.49,1898442.0
580,2024-01-03,67.0,67.0,65.76,65.76,1086192.0
581,2024-01-04,65.73,66.4,65.43,65.45,1219159.0
582,2024-01-05,65.2,65.41,64.25,64.61,1452410.0
583,2024-01-08,65.0,65.97,64.73,65.92,1290591.0
584,2024-01-09,65.45,65.66,64.89,65.11,1584290.0
585,2024-01-10,65.11,65.25,64.88,64.96,1168950.0
586,2024-01-11,64.96,65.67,64.75,65.55,1295464.0
587,2024-01-12,66.81,67.73,66.58,67.23,1832331.0
588,2024-01-16,66.98,67.335,66.72,67.26,1354587.0
589,2024-01-17,66.83,66.83,66.24,66.57,1113883.0
590,2024-01-18,66.23,66.68,65.74,66.65,1461645.0
591,2024-01-19,66.89,67.81,66.61,67.55,1221801.0
592,2024-01-22,67.4,67.84,66.911,67.11,928681.0
593,2024-01-23,66.71,67.74,66.35,67.56,1880148.0
594,2024-01-24,67.69,67.97,67.31,67.55,3581323.0
595,2024-01-25,67.89,68.26,67.29,68.22,1130837.0
596,2024-01-26,68.36,69.06,68.28,68.84,1681609.0
597,2024-01-29,68.78,68.855,68.11,68.75,1884165.0
598,2024-01-30,68.83,69.21,68.6,69.14,1085107.0
599,2024-01-31,69.61,69.855,68.615,68.9,1549925.0
600,2024-02-01,69.0,70.01,68.61,70.01,1094864.0
601,2024-02-02,69.42,70.01,69.19,69.54,1983489.0
602,2024-02-05,69.13,69.19,68.33,68.48,1294195.0
603,2024-02-06,68.5,68.75,67.555,67.79,2156261.0
604,2024-02-07,68.24,68.24,66.88,67.0,2298045.0
605,2024-02-08,67.21,67.435,66.615,66.91,1786434.0
