,date,open,high,low,close,volume
0,2016-08-18,3.418,3.418,3.418,3.418,100.0
1,2016-08-19,3.418,3.418,3.418,3.418,0.0
2,2016-08-22,3.418,3.418,3.418,3.418,0.0
3,2016-08-23,3.418,3.418,3.418,3.418,0.0
4,2016-08-24,3.418,3.418,3.418,3.418,0.0
5,2016-08-25,3.418,3.418,3.418,3.418,0.0
6,2016-08-26,3.418,3.418,3.418,3.418,0.0
7,2016-08-29,3.418,3.418,3.418,3.418,0.0
8,2016-08-30,3.418,3.418,3.418,3.418,0.0
9,2016-08-31,3.418,3.418,3.418,3.418,0.0
10,2016-09-01,3.418,3.418,3.418,3.418,0.0
11,2016-09-02,3.418,3.418,3.418,3.418,0.0
12,2016-09-06,3.418,3.418,3.418,3.418,0.0
13,2016-09-07,3.418,3.418,3.418,3.418,0.0
14,2016-09-08,3.418,3.418,3.418,3.418,0.0
15,2016-09-09,9.543,9.743,9.543,9.543,20000.0
16,2016-09-12,9.543,9.543,9.543,9.543,0.0
17,2016-09-13,9.543,9.543,9.543,9.543,0.0
18,2016-09-14,9.543,9.543,9.543,9.543,0.0
19,2016-09-15,9.543,9.543,9.543,9.543,0.0
20,2016-09-16,9.543,9.543,9.543,9.543,0.0
21,2016-09-19,9.543,9.543,9.543,9.543,0.0
22,2016-09-20,19.143,19.343,19.143,19.343,20000.0
23,2016-09-21,19.543,19.793,19.543,19.793,290000.0
24,2016-09-22,22.593,24.993,22.593,24.943,260000.0
25,2016-09-23,24.993,25.193,24.993,25.193,30000.0
26,2016-09-26,26.243,26.443,26.143,26.143,55000.0
27,2016-09-27,26.143,26.143,26.143,26.143,0.0
28,2016-09-28,26.543,26.543,26.243,26.343,50000.0
29,2016-09-29,26.543,28.043,26.543,28.043,125000.0
30,2016-09-30,28.543,28.543,28.193,28.293,200000.0
31,2016-10-03,28.543,28.543,28.543,28.543,1000.0
32,2016-10-04,28.543,28.843,28.543,28.843,84000.0
33,2016-10-05,31.543,38.543,31.543,38.193,146300.0
34,2016-10-06,39.843,40.543,39.393,40.293,72300.0
35,2016-10-07,41.543,46.543,40.543,46.543,70300.0
36,2016-10-10,47.543,47.543,45.543,46.543,54900.0
37,2016-10-11,48.043,48.043,47.393,47.443,68600.0
38,2016-10-12,47.543,47.543,46.543,47.543,8500.0
39,2016-10-13,47.543,47.543,46.043,46.543,136300.0
40,2016-10-14,46.543,46.543,46.043,46.343,71700.0
41,2016-10-17,46.643,46.643,46.293,46.543,85700.0
42,2016-10-18,48.543,48.543,46.443,46.533,208500.0
43,2016-10-19,46.643,47.543,46.343,46.493,443200.0
44,2016-10-20,47.043,47.293,46.543,47.293,592100.0
45,2016-10-21,47.543,57.543,47.293,56.793,472800.0
46,2016-10-24,57.043,58.543,56.793,58.543,334700.0
47,2016-10-25,59.793,60.543,58.543,59.043,309600.0
48,2016-10-26,58.543,58.543,57.543,57.543,154700.0
49,2016-10-27,56.543,56.543,54.543,54.543,2200.0
50,2016-10-28,58.543,58.793,52.543,55.543,10900.0
51,2016-10-31,56.543,57.543,52.793,52.793,9400.0
52,2016-11-01,58.043,58.043,55.543,55.543,10200.0
53,2016-11-02,54.543,54.543,52.543,52.543,7100.0
54,2016-11-03,53.543,53.543,51.043,51.043,15600.0
55,2016-11-04,51.543,51.543,50.543,50.643,14600.0
56,2016-11-07,52.543,56.543,51.043,53.543,53800.0
57,2016-11-08,53.543,53.543,52.743,53.043,271800.0
58,2016-11-09,61.543,64.543,61.443,62.443,37000.0
59,2016-11-10,62.543,65.543,62.543,63.043,92700.0
60,2016-11-11,62.543,63.543,62.543,62.543,1600.0
61,2016-11-14,63.543,64.543,63.443,63.543,81800.0
62,2016-11-15,63.543,63.543,62.543,62.543,36400.0
63,2016-11-16,63.043,63.543,61.543,61.793,84200.0
64,2016-11-17,57.043,57.543,50.543,54.543,38300.0
65,2016-11-18,56.543,57.543,55.543,56.043,394400.0
66,2016-11-21,56.543,56.543,55.543,55.543,3100.0
67,2016-11-22,57.543,57.543,54.543,54.543,16100.0
68,2016-11-23,53.543,53.563,52.543,53.543,4400.0
69,2016-11-25,52.543,52.543,52.543,52.543,300.0
70,2016-11-28,56.793,56.793,56.793,56.793,1900.0
71,2016-11-29,55.668,55.793,54.793,55.093,180900.0
72,2016-11-30,55.543,57.043,55.543,55.543,243400.0
73,2016-12-01,56.593,56.593,55.543,55.543,414800.0
74,2016-12-02,55.293,55.543,55.293,55.293,93600.0
75,2016-12-05,56.543,57.543,56.543,56.543,195100.0
76,2016-12-06,57.043,57.543,55.423,56.843,321300.0
77,2016-12-07,57.543,57.993,56.543,57.993,234600.0
78,2016-12-08,57.943,58.243,57.943,58.243,41500.0
79,2016-12-09,58.543,58.543,58.293,58.343,189400.0
80,2016-12-12,58.043,59.043,58.043,58.793,203000.0
81,2016-12-13,59.543,59.543,58.543,58.993,89700.0
82,2016-12-14,59.293,59.293,57.543,58.293,24700.0
83,2016-12-15,58.293,58.293,56.293,56.793,43900.0
84,2016-12-16,56.043,63.543,54.543,63.543,20200.0
85,2016-12-19,59.393,59.393,58.843,58.843,6100.0
86,2016-12-20,58.893,58.943,58.493,58.543,5400.0
87,2016-12-21,58.043,58.543,55.593,58.543,20800.0
88,2016-12-22,58.943,58.943,58.543,58.543,1800.0
89,2016-12-23,59.043,59.543,59.043,59.343,20900.0
90,2016-12-27,59.543,60.043,59.093,59.143,16900.0
91,2016-12-28,56.543,59.543,56.543,58.543,32000.0
92,2016-12-29,57.693,57.693,57.543,57.543,1500.0
93,2016-12-30,57.543,58.743,56.293,57.543,87600.0
94,2017-01-03,56.043,57.793,56.043,57.543,3900.0
95,2017-01-04,57.543,57.543,56.543,56.543,27700.0
96,2017-01-05,56.543,56.543,55.543,55.543,56100.0
97,2017-01-06,55.543,55.543,51.543,52.543,25800.0
98,2017-01-09,53.543,53.543,49.043,50.043,24500.0
99,2017-01-10,50.043,50.543,44.543,48.643,51300.0
100,2017-01-11,49.543,49.543,48.643,48.943,96200.0
101,2017-01-12,49.543,49.543,48.543,49.543,7100.0
102,2017-01-13,50.543,54.043,50.543,51.543,72300.0
103,2017-01-17,51.543,53.543,51.543,52.543,41800.0
104,2017-01-18,54.043,54.043,52.793,53.043,33900.0
105,2017-01-19,53.043,53.443,53.043,53.043,146500.0
106,2017-01-20,54.043,54.043,52.543,52.793,6600.0
107,2017-01-23,52.543,53.543,52.543,53.543,8200.0
108,2017-01-24,52.553,54.543,52.553,54.543,46600.0
109,2017-01-25,53.743,56.363,53.543,55.543,8600.0
110,2017-01-26,54.543,56.043,54.543,56.043,8200.0
111,2017-01-27,56.543,56.543,55.543,56.193,5800.0
112,2017-01-30,56.043,56.043,54.593,55.543,10300.0
113,2017-01-31,55.693,55.693,53.543,53.793,5300.0
114,2017-02-01,53.553,54.143,53.043,54.143,5200.0
115,2017-02-02,54.043,54.043,50.543,50.793,16000.0
116,2017-02-03,51.543,52.293,51.543,52.293,2000.0
117,2017-02-06,54.543,54.543,54.543,54.543,11800.0
118,2017-02-07,55.543,55.543,53.043,53.293,17300.0
119,2017-02-08,55.543,55.543,52.043,52.043,11900.0
120,2017-02-09,52.543,52.543,52.513,52.543,5300.0
121,2017-02-10,52.143,52.143,49.533,51.793,45500.0
122,2017-02-13,51.543,51.543,51.543,51.543,5700.0
123,2017-02-14,50.543,50.543,48.343,50.043,6300.0
124,2017-02-15,50.793,50.793,48.343,49.543,28000.0
125,2017-02-16,49.543,49.543,47.043,48.293,18600.0
126,2017-02-17,50.043,50.043,49.493,50.043,96000.0
127,2017-02-21,55.543,56.043,50.543,50.543,62300.0
128,2017-02-22,55.543,55.543,50.043,51.543,4900.0
129,2017-02-23,51.593,54.543,51.593,54.043,18800.0
130,2017-02-24,54.043,54.393,53.243,53.293,108500.0
131,2017-02-27,53.653,53.653,52.983,52.983,1400.0
132,2017-02-28,52.983,53.533,52.983,53.133,1800.0
133,2017-03-01,52.543,53.063,51.543,52.543,62400.0
134,2017-03-02,52.743,52.743,52.543,52.543,16200.0
135,2017-03-03,52.543,52.543,52.493,52.543,5500.0
136,2017-03-06,52.543,52.543,52.533,52.533,1500.0
137,2017-03-07,52.043,52.793,51.543,52.043,86700.0
138,2017-03-08,52.543,52.543,52.543,52.543,300.0
139,2017-03-09,50.793,51.663,50.793,51.663,1000.0
140,2017-03-10,49.543,49.793,48.843,49.043,35400.0
141,2017-03-13,48.543,49.043,48.543,48.793,16300.0
142,2017-03-14,48.543,48.543,48.543,48.543,8300.0
143,2017-03-15,49.543,50.233,49.493,49.793,60800.0
144,2017-03-16,49.543,51.543,49.293,51.543,8500.0
145,2017-03-17,51.543,52.043,51.543,51.643,26500.0
146,2017-03-20,51.543,51.793,51.543,51.543,8400.0
147,2017-03-21,51.053,51.543,50.573,50.573,123100.0
148,2017-03-22,51.543,51.543,49.543,49.543,207500.0
149,2017-03-23,49.543,49.793,48.593,48.843,38000.0
150,2017-03-24,48.843,48.843,48.843,48.843,0.0
151,2017-03-27,48.043,50.543,48.043,50.193,45500.0
152,2017-03-28,50.793,53.043,50.143,53.043,38800.0
153,2017-03-29,52.043,53.293,52.043,53.043,44100.0
154,2017-03-30,52.843,53.043,52.793,53.033,90100.0
155,2017-03-31,52.993,53.043,52.543,52.943,37500.0
156,2017-04-03,53.543,54.543,53.533,54.343,162700.0
157,2017-04-04,54.393,55.793,54.293,55.293,86300.0
158,2017-04-05,55.793,59.043,55.793,55.993,31700.0
159,2017-04-06,56.543,58.293,56.543,58.293,3200.0
160,2017-04-07,58.043,58.043,55.493,56.293,15500.0
161,2017-04-10,58.293,58.293,56.543,57.043,7500.0
162,2017-04-11,57.293,58.493,55.793,55.793,60700.0
163,2017-04-12,56.143,56.143,55.043,55.043,2600.0
164,2017-04-13,55.543,55.543,55.043,55.043,800.0
165,2017-04-17,57.043,57.543,56.343,56.343,17600.0
166,2017-04-18,56.293,56.543,55.543,55.913,13300.0
167,2017-04-19,55.913,56.543,55.913,56.243,53900.0
168,2017-04-20,56.293,56.343,56.043,56.343,108100.0
169,2017-04-21,56.293,56.343,56.193,56.243,32200.0
170,2017-04-24,56.293,56.443,56.193,56.193,1100.0
171,2017-04-25,56.193,56.543,56.193,56.543,900.0
172,2017-04-26,56.293,56.293,55.283,55.293,7100.0
173,2017-04-27,55.483,55.483,53.043,54.543,6000.0
174,2017-04-28,55.043,55.043,55.043,55.043,1400.0
175,2017-05-01,54.543,55.043,54.543,54.843,5800.0
176,2017-05-02,54.843,57.043,54.843,57.043,2300.0
177,2017-05-03,57.053,57.053,56.043,56.043,101300.0
178,2017-05-04,54.953,54.973,52.543,53.793,8100.0
179,2017-05-05,54.543,54.543,54.043,54.043,5900.0
180,2017-05-08,54.043,55.543,54.043,55.543,6600.0
181,2017-05-09,57.043,57.543,56.343,57.543,90500.0
182,2017-05-10,57.443,57.793,56.843,56.843,900.0
183,2017-05-11,58.043,58.043,56.843,58.043,4000.0
184,2017-05-12,58.043,58.043,57.543,58.043,11600.0
185,2017-05-15,58.543,64.543,58.543,64.543,19700.0
186,2017-05-16,64.543,64.543,64.543,64.543,0.0
187,2017-05-17,64.043,64.443,60.543,61.933,3800.0
188,2017-05-18,60.543,61.043,60.543,61.043,2100.0
189,2017-05-19,61.333,61.543,61.043,61.043,11600.0
190,2017-05-22,61.043,61.043,61.043,61.043,0.0
191,2017-05-23,59.093,60.543,59.043,60.543,5000.0
192,2017-05-24,60.543,60.543,60.043,60.043,16200.0
193,2017-05-25,60.043,60.043,59.543,60.043,26900.0
194,2017-05-26,60.043,60.043,60.043,60.043,0.0
195,2017-05-30,58.553,58.643,58.543,58.543,3700.0
196,2017-05-31,60.043,61.043,59.543,60.543,4300.0
197,2017-06-01,61.043,61.043,57.293,60.543,33400.0
198,2017-06-02,60.543,60.543,59.803,60.543,27300.0
199,2017-06-05,60.543,60.543,59.643,59.793,17200.0
200,2017-06-06,59.543,60.543,59.543,59.793,6000.0
201,2017-06-07,59.543,60.543,59.543,59.543,6800.0
202,2017-06-08,60.043,60.043,60.043,60.043,200.0
203,2017-06-09,59.793,59.793,59.543,59.543,11200.0
204,2017-06-12,59.043,60.178,59.043,60.178,15900.0
205,2017-06-13,59.433,60.133,59.433,60.133,1400.0
206,2017-06-14,60.143,60.143,60.043,60.043,900.0
207,2017-06-15,59.543,59.543,59.543,59.543,9800.0
208,2017-06-16,59.343,59.543,58.443,58.493,15400.0
209,2017-06-19,61.543,61.543,58.793,58.793,2100.0
210,2017-06-20,58.793,64.443,58.793,60.543,31300.0
211,2017-06-21,60.883,61.293,60.883,61.093,2500.0
212,2017-06-22,61.513,62.143,60.543,60.543,27300.0
213,2017-06-23,61.543,61.543,60.543,61.043,5800.0
214,2017-06-26,61.543,61.843,61.043,61.043,9200.0
215,2017-06-27,61.543,62.493,60.193,60.193,33300.0
216,2017-06-28,62.293,62.293,61.013,61.043,29600.0
217,2017-06-29,61.543,61.543,60.293,60.543,51800.0
218,2017-06-30,64.54,64.54,60.59,61.04,21300.0
219,2017-07-03,60.05,64.04,60.05,64.04,5400.0
220,2017-07-05,63.54,65.04,61.54,64.54,5300.0
221,2017-07-06,60.05,64.53,50.54,63.54,10800.0
222,2017-07-07,64.04,64.04,58.54,63.79,5600.0
223,2017-07-10,63.04,63.74,60.54,61.54,6600.0
224,2017-07-11,61.54,63.54,60.54,62.53,48000.0
225,2017-07-12,65.54,65.54,63.04,63.54,2500.0
226,2017-07-13,63.54,63.54,61.59,63.54,7500.0
227,2017-07-14,63.54,63.54,62.54,62.54,2300.0
228,2017-07-17,63.54,63.54,61.04,62.54,40700.0
229,2017-07-18,62.04,62.54,61.54,62.54,7900.0
230,2017-07-19,62.54,62.54,61.29,62.54,13900.0
231,2017-07-20,62.44,62.54,62.44,62.54,200.0
232,2017-07-21,62.54,63.54,62.24,63.29,13800.0
233,2017-07-24,62.99,62.99,62.24,62.99,11200.0
234,2017-07-25,62.99,63.54,62.99,63.54,6100.0
235,2017-07-26,64.52,64.54,62.54,63.54,45000.0
236,2017-07-27,63.54,63.59,60.6,62.81,9900.0
237,2017-07-28,62.84,62.84,62.54,62.59,22600.0
238,2017-07-31,55.54,65.04,55.54,64.94,3900.0
239,2017-08-01,65.04,65.54,65.04,65.39,5000.0
240,2017-08-02,65.24,65.44,65.04,65.04,2700.0
241,2017-08-03,64.99,64.99,64.54,64.94,6400.0
242,2017-08-04,64.54,65.34,64.29,65.04,57200.0
243,2017-08-07,64.54,64.54,64.04,64.54,19600.0
244,2017-08-08,64.04,64.29,63.54,63.79,26000.0
245,2017-08-09,62.69,64.04,60.59,61.04,26100.0
246,2017-08-10,60.54,60.54,60.54,60.54,300.0
247,2017-08-11,58.59,61.54,58.59,60.54,29500.0
248,2017-08-14,60.54,60.54,59.04,59.04,1200.0
249,2017-08-15,59.04,60.39,58.39,58.39,3900.0
250,2017-08-16,56.54,60.54,56.54,56.54,3700.0
251,2017-08-17,59.49,59.49,56.04,58.99,3500.0
252,2017-08-18,60.54,60.54,55.54,56.54,900.0
253,2017-08-21,60.04,60.04,56.54,57.04,2000.0
254,2017-08-22,57.54,57.54,56.54,57.09,6100.0
255,2017-08-23,57.29,57.29,56.54,56.79,25300.0
256,2017-08-24,56.54,59.04,56.54,59.04,8800.0
257,2017-08-25,58.04,59.84,58.04,58.54,19700.0
258,2017-08-28,60.29,60.29,58.29,58.54,3100.0
259,2017-08-29,59.04,59.04,58.29,58.54,8000.0
260,2017-08-30,58.54,58.54,57.54,57.54,800.0
261,2017-08-31,57.54,58.04,57.54,58.04,65900.0
262,2017-09-01,57.54,58.44,57.54,58.24,88700.0
263,2017-09-05,57.19,58.94,56.94,57.29,59400.0
264,2017-09-06,57.04,57.54,56.54,56.79,72200.0
265,2017-09-07,58.04,58.09,56.15,58.09,3000.0
266,2017-09-08,55.57,60.54,55.54,56.79,6800.0
267,2017-09-11,56.79,57.54,55.79,56.54,12200.0
268,2017-09-12,55.55,56.54,55.54,56.54,18300.0
269,2017-09-13,55.55,57.04,55.54,56.54,7000.0
270,2017-09-14,53.54,56.78,53.54,56.48,223500.0
271,2017-09-15,56.54,56.54,56.04,56.04,300.0
272,2017-09-18,55.54,55.84,54.54,55.54,13100.0
273,2017-09-19,55.54,55.89,55.29,55.54,123900.0
274,2017-09-20,56.04,56.04,55.94,56.04,7400.0
275,2017-09-21,56.54,56.54,55.04,56.44,4000.0
276,2017-09-22,55.53,55.54,54.79,55.54,2100.0
277,2017-09-25,55.54,55.54,55.49,55.52,1400.0
278,2017-09-26,55.49,56.26,54.39,55.54,38200.0
279,2017-09-27,55.7,55.94,55.52,55.54,21700.0
280,2017-09-28,55.54,55.54,55.04,55.34,40400.0
281,2017-09-29,55.42,55.42,54.79,54.82,5700.0
282,2017-10-02,54.89,55.04,54.42,54.84,44700.0
283,2017-10-03,54.54,54.94,54.54,54.84,12100.0
284,2017-10-04,54.84,55.04,54.79,54.79,4700.0
285,2017-10-05,55.04,55.14,55.04,55.04,10400.0
286,2017-10-06,55.04,55.54,54.74,55.53,14000.0
287,2017-10-09,55.54,55.58,55.04,55.26,10800.0
288,2017-10-10,55.26,55.52,55.26,55.52,6700.0
289,2017-10-11,55.26,55.26,55.24,55.24,12600.0
290,2017-10-12,55.14,56.29,55.04,55.54,11700.0
291,2017-10-13,55.54,55.54,55.04,55.24,8700.0
292,2017-10-16,55.14,56.06,55.04,55.54,39500.0
293,2017-10-17,55.14,55.78,55.14,55.77,42300.0
294,2017-10-18,55.7,55.79,55.19,55.54,34200.0
295,2017-10-19,55.54,55.64,55.44,55.54,7000.0
296,2017-10-20,55.54,55.59,55.44,55.54,23200.0
297,2017-10-23,55.45,56.64,55.45,55.67,12200.0
298,2017-10-24,55.64,56.04,55.04,55.21,11800.0
299,2017-10-25,53.54,57.04,53.54,55.04,23000.0
300,2017-10-26,55.54,55.54,54.59,54.59,3000.0
301,2017-10-27,55.04,55.54,54.29,54.44,7400.0
302,2017-10-30,55.44,55.44,54.54,55.34,1100.0
303,2017-10-31,55.29,55.34,54.64,54.64,2100.0
304,2017-11-01,54.93,55.04,54.29,54.64,5100.0
305,2017-11-02,54.54,55.04,54.29,55.04,4600.0
306,2017-11-03,54.44,55.24,54.44,55.04,5200.0
307,2017-11-06,55.04,55.24,54.09,55.14,15200.0
308,2017-11-07,55.04,55.04,55.04,55.04,1100.0
309,2017-11-08,55.04,55.04,54.99,55.04,2000.0
310,2017-11-09,54.69,54.69,54.24,54.29,3100.0
311,2017-11-10,54.54,54.54,54.24,54.24,2900.0
312,2017-11-13,54.34,54.34,54.04,54.29,2000.0
313,2017-11-14,54.04,54.04,53.54,53.54,1100.0
314,2017-11-15,53.55,54.04,53.04,53.54,2400.0
315,2017-11-16,53.07,53.07,49.54,52.79,15100.0
316,2017-11-17,53.03,53.03,52.54,52.54,1200.0
317,2017-11-20,53.04,53.04,52.54,52.54,2600.0
318,2017-11-21,52.54,52.54,51.29,51.69,20900.0
319,2017-11-22,51.54,51.64,51.34,51.54,10000.0
320,2017-11-24,51.59,52.54,51.54,52.54,5100.0
321,2017-11-27,52.54,52.54,52.53,52.53,1600.0
322,2017-11-28,53.03,54.54,53.03,54.54,14700.0
323,2017-11-29,54.74,54.74,54.09,54.54,9400.0
324,2017-11-30,54.54,55.04,54.09,55.04,10600.0
325,2017-12-01,55.04,55.09,54.44,54.64,5700.0
326,2017-12-04,54.94,55.34,54.79,54.95,2300.0
327,2017-12-05,55.04,55.09,55.02,55.02,1900.0
328,2017-12-06,54.54,54.74,54.54,54.74,1100.0
329,2017-12-07,54.14,54.89,54.14,54.74,7200.0
330,2017-12-08,54.64,54.89,54.42,54.42,1500.0
331,2017-12-11,54.54,55.54,54.29,54.54,71400.0
332,2017-12-12,54.54,54.74,54.14,54.14,39400.0
333,2017-12-13,54.19,54.44,53.91,54.04,36600.0
334,2017-12-14,54.24,54.24,53.94,54.04,27600.0
335,2017-12-15,54.04,54.04,53.49,53.54,41400.0
336,2017-12-18,54.75,55.54,54.74,55.24,4700.0
337,2017-12-19,54.64,55.04,54.64,55.04,3100.0
338,2017-12-20,55.04,55.44,54.94,55.44,10900.0
339,2017-12-21,54.64,55.34,54.54,54.64,4600.0
340,2017-12-22,55.29,55.52,55.04,55.52,36100.0
341,2017-12-26,55.49,55.54,54.64,55.54,104800.0
342,2017-12-27,55.04,55.65,55.04,55.29,10600.0
343,2017-12-28,55.29,55.59,55.29,55.29,12200.0
344,2017-12-29,55.65,55.65,54.74,54.92,30100.0
345,2018-01-02,57.44,60.54,56.54,58.65,15300.0
346,2018-01-03,59.04,59.34,58.54,58.79,14100.0
347,2018-01-04,56.79,59.54,56.79,59.54,23600.0
348,2018-01-05,59.98,63.29,59.98,61.54,13200.0
349,2018-01-08,60.54,60.54,58.04,59.54,14700.0
350,2018-01-09,60.54,60.54,59.54,60.19,11100.0
351,2018-01-10,59.74,60.04,59.74,59.94,7300.0
352,2018-01-11,60.99,62.04,60.99,61.54,6900.0
353,2018-01-12,60.24,62.98,60.14,62.98,22600.0
354,2018-01-16,60.04,62.79,60.04,62.24,19500.0
355,2018-01-17,61.55,62.29,60.54,62.29,3400.0
356,2018-01-18,60.54,61.04,60.54,60.54,48900.0
357,2018-01-19,61.49,61.54,59.54,60.04,22500.0
358,2018-01-22,60.04,62.54,60.04,60.04,16100.0
359,2018-01-23,61.54,62.04,61.54,61.54,10100.0
360,2018-01-24,60.04,62.64,60.04,62.64,2200.0
361,2018-01-25,62.64,63.54,61.54,63.54,30300.0
362,2018-01-26,60.54,64.04,60.54,63.29,3800.0
363,2018-01-29,63.29,63.29,63.29,63.29,500.0
364,2018-01-30,63.99,63.99,61.19,63.29,4500.0
365,2018-01-31,63.54,63.54,61.14,63.54,3400.0
366,2018-02-01,63.94,63.94,61.19,63.54,2600.0
367,2018-02-02,63.54,63.54,61.54,63.54,3300.0
368,2018-02-05,63.54,64.04,57.54,63.29,7800.0
369,2018-02-06,63.28,63.28,62.94,62.94,900.0
370,2018-02-07,58.54,62.54,58.54,62.54,1800.0
371,2018-02-08,58.79,62.04,58.79,62.04,800.0
372,2018-02-09,57.54,62.04,57.54,60.54,6900.0
373,2018-02-12,62.02,62.54,59.19,62.04,13500.0
374,2018-02-13,61.94,62.54,61.54,62.54,10400.0
375,2018-02-14,62.54,62.64,61.79,61.79,33300.0
376,2018-02-15,61.05,63.54,61.04,63.54,10900.0
377,2018-02-16,63.04,63.04,61.04,62.54,1600.0
378,2018-02-20,61.04,62.54,61.04,62.34,4100.0
379,2018-02-21,62.54,62.54,62.54,62.54,100.0
380,2018-02-22,61.54,62.54,61.54,62.04,800.0
381,2018-02-23,62.49,62.49,62.34,62.49,600.0
382,2018-02-26,62.04,62.29,62.04,62.29,1900.0
383,2018-02-27,62.29,62.29,62.29,62.29,2800.0
384,2018-02-28,61.14,63.54,61.14,63.54,4600.0
385,2018-03-01,63.54,63.54,63.54,63.54,1000.0
386,2018-03-02,61.69,63.54,61.69,63.04,1500.0
387,2018-03-05,62.24,63.54,62.24,63.54,700.0
388,2018-03-06,63.54,63.54,63.54,63.54,3000.0
389,2018-03-07,64.04,64.04,63.54,64.04,5300.0
390,2018-03-08,63.79,63.79,63.79,63.79,100.0
391,2018-03-09,62.29,63.79,62.29,63.79,18700.0
392,2018-03-12,63.79,63.79,63.79,63.79,900.0
393,2018-03-13,62.59,63.54,62.54,63.54,500.0
394,2018-03-14,61.79,64.04,61.74,64.04,700.0
395,2018-03-15,63.94,63.94,62.65,63.44,1400.0
396,2018-03-16,63.44,63.44,62.54,62.54,6900.0
397,2018-03-19,62.54,62.64,59.64,61.54,5100.0
398,2018-03-20,64.54,64.54,61.64,61.64,12500.0
399,2018-03-21,61.42,61.54,60.29,61.54,5800.0
400,2018-03-22,60.54,60.94,60.34,60.34,17000.0
401,2018-03-23,59.74,59.99,59.29,59.99,12700.0
402,2018-03-26,63.34,63.34,56.62,60.54,1800.0
403,2018-03-27,59.54,60.54,57.59,59.04,10500.0
404,2018-03-28,60.54,60.54,59.49,59.49,3200.0
405,2018-03-29,60.59,62.54,60.14,62.54,7900.0
406,2018-04-02,60.54,60.54,59.54,60.34,6300.0
407,2018-04-03,61.79,61.79,60.54,61.24,17200.0
408,2018-04-04,61.24,61.24,61.24,61.24,0.0
409,2018-04-05,60.79,62.54,59.54,62.39,5600.0
410,2018-04-06,62.39,62.39,61.54,61.54,1700.0
411,2018-04-09,61.54,62.54,61.54,61.54,8300.0
412,2018-04-10,59.84,61.54,59.84,61.54,2300.0
413,2018-04-11,61.54,61.54,61.54,61.54,300.0
414,2018-04-12,61.54,61.54,61.54,61.54,0.0
415,2018-04-13,61.04,61.04,60.54,60.54,7000.0
416,2018-04-16,60.54,62.54,59.74,60.54,39000.0
417,2018-04-17,60.54,60.84,60.54,60.54,4400.0
418,2018-04-18,60.04,60.54,57.79,60.24,39700.0
419,2018-04-19,60.54,60.54,58.59,59.54,21500.0
420,2018-04-20,60.53,61.49,60.49,61.49,7800.0
421,2018-04-23,61.54,65.29,60.54,63.53,36900.0
422,2018-04-24,64.54,64.54,64.04,64.31,31500.0
423,2018-04-25,64.36,64.36,62.54,63.99,10300.0
424,2018-04-26,63.54,63.54,61.78,61.78,28500.0
425,2018-04-27,62.04,63.24,62.04,62.04,6700.0
426,2018-04-30,64.54,64.54,62.04,62.49,175100.0
427,2018-05-01,65.54,65.54,60.09,60.51,96800.0
428,2018-05-02,61.04,61.04,59.54,59.54,40600.0
429,2018-05-03,60.04,62.54,58.04,59.54,14700.0
430,2018-05-04,59.54,61.04,59.54,61.04,100700.0
431,2018-05-07,62.54,62.54,59.59,62.04,15100.0
432,2018-05-08,60.54,62.04,59.14,61.04,9300.0
433,2018-05-09,61.54,61.54,61.49,61.54,18600.0
434,2018-05-10,61.3,61.54,60.94,61.54,9800.0
435,2018-05-11,61.54,61.54,61.14,61.54,8000.0
436,2018-05-14,61.54,61.54,61.04,61.04,6400.0
437,2018-05-15,61.09,61.09,61.04,61.04,4900.0
438,2018-05-16,60.04,61.54,59.64,61.29,40600.0
439,2018-05-17,60.04,61.04,60.04,60.54,6900.0
440,2018-05-18,60.24,61.29,59.74,61.04,3000.0
441,2018-05-21,61.09,61.54,60.59,61.04,15200.0
442,2018-05-22,60.79,61.04,60.44,61.04,62200.0
443,2018-05-23,60.84,61.04,60.44,61.04,15600.0
444,2018-05-24,62.04,62.54,62.04,62.49,173900.0
445,2018-05-25,62.54,62.54,62.29,62.34,8400.0
446,2018-05-29,62.29,62.3,60.54,62.24,13600.0
447,2018-05-30,62.44,63.64,62.34,63.64,107400.0
448,2018-05-31,62.79,63.69,62.54,63.69,15700.0
449,2018-06-01,61.54,64.54,61.54,64.54,92600.0
450,2018-06-04,64.55,65.79,64.55,65.36,35000.0
451,2018-06-05,65.84,65.84,64.61,65.54,8700.0
452,2018-06-06,65.64,65.64,64.56,65.54,34200.0
453,2018-06-07,67.2,67.2,65.24,65.54,32100.0
454,2018-06-08,65.54,65.74,65.54,65.54,68800.0
455,2018-06-11,65.74,75.54,65.74,66.54,4400.0
456,2018-06-12,70.54,70.54,66.54,67.09,2700.0
457,2018-06-13,68.04,68.05,67.04,67.04,7600.0
458,2018-06-14,68.54,68.54,68.04,68.54,2100.0
459,2018-06-15,69.54,69.54,67.94,67.94,4600.0
460,2018-06-18,69.54,69.54,67.54,69.54,12000.0
461,2018-06-19,69.49,69.49,67.59,69.44,1100.0
462,2018-06-20,68.59,69.29,68.04,69.04,9900.0
463,2018-06-21,69.54,69.54,69.04,69.04,700.0
464,2018-06-22,70.04,70.04,67.55,68.99,6000.0
465,2018-06-25,67.54,70.04,67.29,69.04,37000.0
466,2018-06-26,69.04,70.34,69.04,69.29,3800.0
467,2018-06-27,69.54,70.04,68.54,69.29,16800.0
468,2018-06-28,68.04,69.49,67.54,68.79,4700.0
469,2018-06-29,68.04,69.04,65.79,68.24,20000.0
470,2018-07-02,68.04,70.54,66.39,68.87,36500.0
471,2018-07-03,68.69,68.79,67.54,68.54,19500.0
472,2018-07-05,69.04,69.04,68.14,68.54,39800.0
473,2018-07-06,68.59,68.59,68.44,68.44,100500.0
474,2018-07-09,68.59,68.59,68.04,68.54,89700.0
475,2018-07-10,68.54,68.54,66.64,68.54,6700.0
476,2018-07-11,69.04,70.04,68.09,68.09,11900.0
477,2018-07-12,68.105,68.54,66.54,68.54,19000.0
478,2018-07-13,67.79,68.54,67.34,67.54,145000.0
479,2018-07-16,68.54,68.54,65.04,66.54,23200.0
480,2018-07-17,65.05,66.64,65.04,65.64,51500.0
481,2018-07-18,65.64,65.79,65.64,65.74,11800.0
482,2018-07-19,65.54,66.69,65.34,65.44,6900.0
483,2018-07-20,65.54,65.54,65.14,65.14,1100.0
484,2018-07-23,64.69,65.54,64.69,65.54,1200.0
485,2018-07-24,65.54,66.04,64.79,65.54,16300.0
486,2018-07-25,65.24,65.49,64.54,65.49,8300.0
487,2018-07-26,65.54,65.54,65.54,65.54,800.0
488,2018-07-27,65.04,65.09,64.59,65.09,1400.0
489,2018-07-30,65.415,65.54,62.55,62.55,9100.0
490,2018-07-31,65.49,65.49,64.29,64.29,24800.0
491,2018-08-01,64.29,64.31,63.04,63.04,13100.0
492,2018-08-02,63.59,64.04,63.54,64.04,1500.0
493,2018-08-03,62.64,64.29,62.64,64.04,1900.0
494,2018-08-06,62.64,64.24,62.64,64.24,5500.0
495,2018-08-07,64.24,64.24,64.24,64.24,200.0
496,2018-08-08,63.54,64.04,63.04,63.99,2400.0
497,2018-08-09,63.04,63.99,62.54,63.99,13900.0
498,2018-08-10,63.29,63.29,61.64,62.53,5800.0
499,2018-08-13,61.79,62.4,61.54,61.64,12700.0
500,2018-08-14,62.59,63.94,61.94,61.99,1600.0
501,2018-08-15,63.94,63.94,63.94,63.94,600.0
502,2018-08-16,63.79,66.59,63.79,64.74,44400.0
503,2018-08-17,64.64,66.04,64.53,65.59,41100.0
504,2018-08-20,66.04,67.29,66.04,66.54,23600.0
505,2018-08-21,67.04,70.49,67.04,68.54,26300.0
506,2018-08-22,69.54,75.04,69.54,71.34,303700.0
507,2018-08-23,71.79,71.94,71.04,71.54,53600.0
508,2018-08-24,71.54,71.64,71.39,71.54,64600.0
509,2018-08-27,72.04,75.33,71.54,72.17,31700.0
510,2018-08-28,72.64,72.64,71.79,72.54,33800.0
511,2018-08-29,72.64,72.64,72.34,72.54,13200.0
512,2018-08-30,72.44,72.54,70.54,71.29,20500.0
513,2018-08-31,71.29,72.54,70.54,72.49,4100.0
514,2018-09-04,72.54,72.54,71.74,72.04,277500.0
515,2018-09-05,71.79,72.54,71.79,72.54,10700.0
516,2018-09-06,72.44,72.54,72.04,72.53,9300.0
517,2018-09-07,71.54,72.54,71.54,72.04,6700.0
518,2018-09-10,72.54,74.04,72.29,73.54,75400.0
519,2018-09-11,73.74,74.79,73.34,74.54,50500.0
520,2018-09-12,74.44,75.33,74.04,74.04,63900.0
521,2018-09-13,74.04,74.04,72.97,73.54,15700.0
522,2018-09-14,73.54,73.54,70.29,70.7,83600.0
523,2018-09-17,70.79,70.79,68.04,69.04,57900.0
524,2018-09-18,68.79,68.79,67.05,67.14,72200.0
525,2018-09-19,69.66,71.79,67.54,71.79,32300.0
526,2018-09-20,73.54,73.54,69.54,69.54,11600.0
527,2018-09-21,70.04,72.04,70.04,70.54,3300.0
528,2018-09-24,72.04,72.79,69.79,69.79,19200.0
529,2018-09-25,69.04,71.54,69.04,69.59,17300.0
530,2018-09-26,69.54,72.64,69.04,72.54,16700.0
531,2018-09-27,72.84,76.54,72.84,74.54,71800.0
532,2018-09-28,73.54,75.54,73.54,74.79,4000.0
533,2018-10-01,70.54,75.54,70.54,74.04,7700.0
534,2018-10-02,74.54,75.05,74.04,74.79,6900.0
535,2018-10-03,74.64,74.74,74.44,74.54,17800.0
536,2018-10-04,74.53,74.54,72.54,73.79,14400.0
537,2018-10-05,67.09,73.55,67.09,73.54,11000.0
538,2018-10-08,72.54,72.54,71.54,72.54,4800.0
539,2018-10-09,66.64,73.51,66.64,73.51,13300.0
540,2018-10-10,70.56,72.54,70.54,71.54,9300.0
541,2018-10-11,69.54,70.54,68.54,69.04,40700.0
542,2018-10-12,69.54,71.29,69.04,69.99,31700.0
543,2018-10-15,68.04,72.79,68.04,70.14,10700.0
544,2018-10-16,69.55,72.54,69.55,72.54,3300.0
545,2018-10-17,72.54,74.54,72.49,74.29,12000.0
546,2018-10-18,73.54,73.54,73.04,73.54,42700.0
547,2018-10-19,73.04,73.04,70.54,71.54,16700.0
548,2018-10-22,68.665,72.04,68.665,72.04,54000.0
549,2018-10-23,71.54,71.54,68.56,70.54,8500.0
550,2018-10-24,68.81,70.54,68.54,68.81,8000.0
551,2018-10-25,69.04,71.34,67.54,68.04,29200.0
552,2018-10-26,67.54,67.54,65.04,67.54,20000.0
553,2018-10-29,67.49,67.54,65.49,66.54,10400.0
554,2018-10-30,66.54,67.01,66.54,67.01,400.0
555,2018-10-31,68.49,68.54,67.54,68.49,388400.0
556,2018-11-01,68.64,70.54,68.64,69.54,22700.0
557,2018-11-02,68.74,69.54,68.74,69.54,900.0
558,2018-11-05,71.44,71.44,70.54,70.54,2800.0
559,2018-11-06,70.54,70.54,68.79,70.04,2700.0
560,2018-11-07,70.54,72.29,68.79,72.29,8500.0
561,2018-11-08,72.44,74.54,72.34,72.55,8700.0
562,2018-11-09,74.54,74.54,70.54,70.54,9000.0
563,2018-11-12,72.04,72.04,68.05,70.62,8200.0
564,2018-11-13,68.65,71.01,68.54,69.99,11800.0
565,2018-11-14,69.56,70.01,67.04,68.54,25800.0
566,2018-11-15,68.49,69.44,67.04,67.21,100400.0
567,2018-11-16,67.04,67.04,65.66,66.04,63200.0
568,2018-11-19,65.09,66.53,61.923,64.0,77300.0
569,2018-11-20,63.49,63.79,60.09,60.79,106300.0
570,2018-11-21,60.4,63.716,59.71,60.75,72400.0
571,2018-11-23,60.54,60.54,57.79,59.54,52700.0
572,2018-11-26,60.6,60.875,58.555,59.04,51100.0
573,2018-11-27,58.68,58.68,56.56,57.54,119600.0
574,2018-11-28,57.54,58.03,56.32,57.54,131000.0
575,2018-11-29,57.07,60.16,56.41,59.44,89500.0
576,2018-11-30,59.75,60.04,57.68,59.74,121700.0
577,2018-12-03,59.56,61.69,59.42,60.48,108900.0
578,2018-12-04,60.38,61.49,59.83,60.22,84600.0
579,2018-12-06,59.83,59.86,56.3,59.86,259800.0
580,2018-12-07,60.23,60.54,59.68,60.54,93800.0
581,2018-12-10,60.3,61.04,60.15,60.79,196700.0
582,2018-12-11,60.68,63.175,60.68,62.8,183700.0
583,2018-12-12,63.0,64.54,63.0,63.7,225900.0
584,2018-12-13,64.53,64.54,63.485,63.93,141100.0
585,2018-12-14,63.54,64.83,63.35,63.78,115900.0
586,2018-12-17,64.04,64.26,62.5,63.51,352500.0
587,2018-12-18,63.54,63.79,61.29,62.38,364800.0
588,2018-12-19,62.32,64.49,62.27,63.04,466800.0
589,2018-12-20,62.86,64.15,61.41,61.94,445300.0
590,2018-12-21,61.94,62.14,59.81,59.81,508000.0
591,2018-12-24,59.33,61.34,59.33,60.27,40000.0
592,2018-12-26,60.35,61.44,60.237,61.44,39800.0
593,2018-12-27,60.78,61.79,60.57,61.29,46000.0
594,2018-12-28,61.0,61.54,60.925,61.02,80000.0
595,2018-12-31,61.09,61.54,60.39,61.28,60900.0
596,2019-01-02,60.52,61.54,59.73,61.52,56600.0
597,2019-01-03,61.48,61.54,60.01,60.06,17200.0
598,2019-01-04,60.7,61.29,59.78,60.52,72500.0
599,2019-01-07,60.87,60.87,59.89,60.53,50200.0
600,2019-01-08,60.53,60.935,58.975,59.76,46400.0
601,2019-01-09,59.92,60.54,59.115,60.46,86300.0
602,2019-01-10,59.8,60.545,58.8,60.01,85900.0
603,2019-01-11,59.65,60.04,58.49,59.3,58100.0
604,2019-01-14,58.72,59.25,57.65,58.59,35600.0
605,2019-01-15,58.54,58.59,58.282,58.42,45800.0
606,2019-01-16,58.44,59.84,58.44,59.84,88500.0
607,2019-01-17,59.55,60.26,59.07,59.49,76100.0
608,2019-01-18,60.13,60.83,59.75,60.29,76300.0
609,2019-01-22,59.603,60.75,58.94,60.4,115600.0
610,2019-01-23,60.49,60.82,59.7,59.7,91200.0
611,2019-01-24,59.91,59.918,58.04,59.42,91200.0
612,2019-01-25,59.81,60.54,59.22,60.53,90100.0
613,2019-01-28,60.16,60.65,59.605,60.08,95800.0
614,2019-01-29,60.34,60.54,59.99,60.28,60600.0
615,2019-01-30,60.52,60.53,59.38,59.69,25400.0
616,2019-01-31,59.43,60.09,59.43,59.92,54500.0
617,2019-02-01,59.98,60.29,59.75,60.14,48000.0
618,2019-02-04,60.12,60.12,59.55,59.87,40400.0
619,2019-02-05,59.71,59.79,59.065,59.51,52200.0
620,2019-02-06,59.36,59.69,59.04,59.29,43100.0
621,2019-02-07,59.29,59.41,57.725,58.39,27000.0
622,2019-02-08,58.64,58.64,56.09,56.81,76200.0
623,2019-02-11,56.87,56.87,54.41,55.82,66800.0
624,2019-02-12,55.8,57.47,55.8,56.69,54300.0
625,2019-02-13,56.78,58.95,56.7,57.54,72500.0
626,2019-02-14,58.42,58.49,57.12,57.17,51300.0
627,2019-02-15,56.99,58.53,56.82,58.53,48500.0
628,2019-02-19,58.53,60.1,57.91,58.18,75700.0
629,2019-02-20,57.54,59.17,57.315,58.92,91500.0
630,2019-02-21,58.76,58.84,57.575,57.77,57400.0
631,2019-02-22,57.94,58.42,56.99,58.09,42300.0
632,2019-02-25,58.24,58.24,55.6,56.94,66300.0
633,2019-02-26,56.81,57.54,56.72,56.94,119700.0
634,2019-02-27,56.97,57.52,56.55,57.14,63100.0
635,2019-02-28,57.188,57.49,56.06,57.14,42000.0
636,2019-03-01,57.12,57.36,56.26,56.95,54500.0
637,2019-03-04,57.0,57.27,55.18,55.18,61100.0
638,2019-03-05,55.3,56.33,54.99,55.54,73000.0
639,2019-03-06,55.54,55.71,52.73,53.04,67900.0
640,2019-03-07,53.06,53.69,51.43,53.28,74800.0
641,2019-03-08,52.9,53.49,51.54,52.32,89700.0
642,2019-03-11,52.2,53.64,51.92,52.64,58000.0
643,2019-03-12,52.4,53.71,52.4,53.25,53700.0
644,2019-03-13,54.04,54.04,52.62,53.14,51000.0
645,2019-03-14,52.88,53.145,51.54,51.74,93400.0
646,2019-03-15,51.04,52.28,51.01,52.18,195900.0
647,2019-03-18,52.19,52.76,52.19,52.42,77200.0
648,2019-03-19,52.33,53.29,51.7,51.79,144200.0
649,2019-03-20,51.43,51.45,50.55,50.78,207600.0
650,2019-03-21,50.77,51.16,50.165,50.48,92500.0
651,2019-03-22,50.09,51.12,50.09,50.51,45900.0
652,2019-03-25,50.44,50.8,49.75,50.76,62100.0
653,2019-03-26,50.97,52.42,50.69,51.92,73900.0
654,2019-03-27,51.68,52.288,51.46,52.12,67900.0
655,2019-03-28,51.94,52.54,51.63,52.06,62600.0
656,2019-03-29,51.97,54.49,51.97,53.46,108300.0
657,2019-04-01,56.54,57.41,52.09,54.33,171500.0
658,2019-04-02,54.72,56.26,53.79,55.51,184800.0
659,2019-04-03,55.96,56.28,54.99,55.82,98500.0
660,2019-04-04,55.42,55.88,54.705,54.97,98100.0
661,2019-04-05,55.25,56.37,54.85,55.7,180800.0
662,2019-04-08,55.73,56.68,55.17,55.49,155000.0
663,2019-04-09,55.54,55.85,55.03,55.32,334900.0
664,2019-04-10,55.54,55.55,53.38,54.67,162500.0
665,2019-04-11,54.73,54.73,53.35,53.64,193800.0
666,2019-04-12,54.16,54.225,52.22,52.24,172500.0
667,2019-04-15,52.41,52.41,51.3,51.59,186300.0
668,2019-04-16,51.79,52.49,51.54,52.39,164900.0
669,2019-04-17,52.53,52.83,51.315,51.89,157000.0
670,2019-04-18,51.66,51.88,51.0,51.31,215000.0
671,2019-04-22,51.0,51.86,50.82,51.86,61400.0
672,2019-04-23,51.47,52.315,50.42,50.44,340000.0
673,2019-04-24,50.34,50.73,50.04,50.26,129000.0
674,2019-04-25,50.26,50.44,48.76,49.55,88300.0
675,2019-04-26,49.41,51.045,49.255,50.84,148400.0
676,2019-04-29,50.74,52.975,50.74,52.55,176200.0
677,2019-04-30,52.31,53.275,51.645,51.89,377100.0
678,2019-05-01,51.69,52.96,51.62,52.13,110400.0
679,2019-05-02,52.0,52.555,52.0,52.17,165100.0
680,2019-05-03,52.59,55.24,52.59,54.55,134800.0
681,2019-05-06,53.82,55.93,53.73,55.43,206800.0
682,2019-05-07,55.16,55.2,54.054,54.78,217200.0
683,2019-05-08,54.55,55.255,54.0,54.88,231900.0
684,2019-05-09,54.32,55.14,54.0,55.07,138000.0
685,2019-05-10,54.57,55.18,53.465,54.1,313500.0
686,2019-05-13,53.39,53.92,51.16,51.4,122600.0
687,2019-05-14,51.55,52.91,50.01,51.02,142000.0
688,2019-05-15,49.04,52.39,47.84,51.69,221400.0
689,2019-05-16,51.76,54.0,51.71,52.54,176000.0
690,2019-05-17,51.82,52.56,50.76,51.04,148900.0
691,2019-05-20,50.6,52.14,49.46,51.55,165100.0
692,2019-05-21,51.99,52.54,51.23,51.78,117100.0
693,2019-05-22,51.44,52.49,50.6,51.19,92500.0
694,2019-05-23,51.13,51.13,49.69,50.29,104900.0
695,2019-05-24,50.44,51.01,49.86,50.5,154400.0
696,2019-05-28,50.28,51.54,50.28,51.43,328400.0
697,2019-05-29,51.04,51.25,49.665,50.36,195600.0
698,2019-05-30,50.45,50.77,49.14,49.44,137100.0
699,2019-05-31,48.8,48.8,47.59,48.19,124400.0
700,2019-06-03,48.21,48.69,47.92,48.37,133100.0
701,2019-06-04,48.38,49.273,48.32,48.92,128600.0
702,2019-06-05,48.97,48.97,48.02,48.39,111300.0
703,2019-06-06,48.6,48.99,48.11,48.33,106900.0
704,2019-06-07,48.57,50.29,48.24,49.32,210600.0
705,2019-06-10,49.56,49.91,48.1,48.22,183200.0
706,2019-06-11,48.36,49.12,47.72,48.22,158300.0
707,2019-06-12,47.43,49.04,46.87,48.21,171700.0
708,2019-06-13,48.47,48.69,48.04,48.23,198700.0
709,2019-06-14,48.25,48.81,47.64,48.23,137500.0
710,2019-06-17,48.23,49.45,48.09,48.53,231600.0
711,2019-06-18,49.14,50.33,48.23,48.6,147100.0
712,2019-06-19,48.62,49.48,48.53,48.63,103800.0
713,2019-06-20,49.36,50.33,48.53,49.2,300100.0
714,2019-06-21,49.62,49.78,48.62,49.23,174500.0
715,2019-06-24,49.29,49.51,48.0,48.54,194600.0
716,2019-06-25,48.54,48.59,45.155,45.4,389400.0
717,2019-06-26,45.56,47.0,45.29,45.96,245300.0
718,2019-06-27,46.15,46.65,45.64,46.01,206600.0
719,2019-06-28,46.04,47.55,45.75,47.44,2576800.0
720,2019-07-01,47.454,48.25,46.235,46.76,237900.0
721,2019-07-02,46.79,46.985,43.57,44.28,205200.0
722,2019-07-03,44.44,45.5,43.82,45.42,106600.0
723,2019-07-05,44.95,45.65,43.83,44.65,122800.0
724,2019-07-08,44.3,45.88,44.3,45.47,139000.0
725,2019-07-09,44.99,45.54,43.33,44.18,237200.0
726,2019-07-10,44.23,45.71,44.11,45.36,152200.0
727,2019-07-11,45.12,45.32,43.76,43.84,106600.0
728,2019-07-12,43.7,44.68,42.12,42.74,162200.0
729,2019-07-15,42.81,42.81,38.24,38.62,275900.0
730,2019-07-16,38.33,38.95,37.04,38.08,395900.0
731,2019-07-17,37.96,38.12,36.33,36.59,203500.0
732,2019-07-18,36.43,36.44,33.23,33.99,283600.0
733,2019-07-19,33.95,34.795,33.16,34.68,226800.0
734,2019-07-22,34.8,34.96,33.81,34.31,150000.0
735,2019-07-23,34.59,34.72,33.55,33.65,142000.0
736,2019-07-24,33.5,35.45,33.19,34.96,399800.0
737,2019-07-25,34.94,35.17,33.09,33.22,239700.0
738,2019-07-26,33.29,34.62,32.49,33.83,323400.0
739,2019-07-29,33.81,34.18,31.99,32.37,212900.0
740,2019-07-30,32.38,32.53,30.85,31.71,291800.0
741,2019-07-31,31.6,32.16,30.73,31.37,284200.0
742,2019-08-01,31.17,31.17,28.485,28.71,497900.0
743,2019-08-02,28.53,29.0,27.37,27.73,412100.0
744,2019-08-05,27.29,27.68,25.9,27.32,360800.0
745,2019-08-06,27.23,27.92,26.69,26.87,284100.0
746,2019-08-07,26.49,26.76,25.62,26.55,328900.0
747,2019-08-08,26.72,27.393,26.53,26.77,300000.0
748,2019-08-09,26.62,27.13,25.99,25.99,248100.0
749,2019-08-12,25.77,26.21,25.28,25.9,153300.0
750,2019-08-13,25.8,27.63,25.51,26.18,239100.0
751,2019-08-14,25.42,27.75,24.988,26.95,397300.0
752,2019-08-15,27.1,28.16,26.39,26.48,281600.0
753,2019-08-16,26.71,26.91,25.585,26.51,193900.0
754,2019-08-19,26.69,27.18,26.23,26.65,141300.0
755,2019-08-20,26.4,26.65,25.39,25.63,118300.0
756,2019-08-21,25.94,26.42,24.72,25.65,134900.0
757,2019-08-22,25.66,25.66,23.73,23.81,166800.0
758,2019-08-23,23.34,23.7,22.28,22.65,250100.0
759,2019-08-26,22.83,22.83,21.77,22.54,129100.0
760,2019-08-27,22.71,22.86,21.25,21.36,213500.0
761,2019-08-28,21.29,22.22,20.91,21.32,166600.0
762,2019-08-29,21.58,22.74,21.58,22.47,155800.0
763,2019-08-30,23.57,25.74,22.85,24.34,259000.0
764,2019-09-03,23.97,24.83,23.32,24.61,246000.0
765,2019-09-04,24.79,26.16,24.78,25.71,207400.0
766,2019-09-05,26.1,27.29,25.45,26.73,240000.0
767,2019-09-06,26.65,27.59,26.04,26.41,206500.0
768,2019-09-09,26.6,28.58,26.33,28.3,299800.0
769,2019-09-10,28.49,28.98,28.13,28.45,281000.0
770,2019-09-11,28.64,30.03,28.21,28.93,244200.0
771,2019-09-12,28.47,28.84,27.75,27.92,163300.0
772,2019-09-13,28.11,29.33,27.99,29.13,175900.0
773,2019-09-16,29.94,30.87,28.42,29.02,167300.0
774,2019-09-17,28.93,29.335,27.6,28.21,156800.0
775,2019-09-18,27.82,28.21,26.915,27.25,317100.0
776,2019-09-19,27.47,28.46,27.18,28.4,252500.0
777,2019-09-20,28.32,28.88,27.07,27.17,1100100.0
778,2019-09-23,26.72,27.12,26.35,26.62,293800.0
779,2019-09-24,26.34,26.49,22.7,23.11,468500.0
780,2019-09-25,22.96,24.705,22.74,24.36,224000.0
781,2019-09-26,24.17,24.76,23.43,23.72,148500.0
782,2019-09-27,23.55,24.2,23.29,23.69,109500.0
783,2019-09-30,23.53,24.02,23.15,23.5,140800.0
784,2019-10-01,23.66,23.66,20.73,20.74,144100.0
785,2019-10-02,20.47,21.0,19.62,20.4,160500.0
786,2019-10-03,20.13,20.37,19.4,20.1,206800.0
787,2019-10-04,20.1,20.37,18.5,18.89,162900.0
788,2019-10-07,18.77,19.65,18.25,19.36,274200.0
789,2019-10-08,19.02,19.34,18.4,18.7,107000.0
790,2019-10-09,18.81,19.035,17.35,17.65,136500.0
791,2019-10-10,17.78,18.09,17.23,17.88,146200.0
792,2019-10-11,18.11,19.355,17.55,18.35,185100.0
793,2019-10-14,18.15,18.42,17.38,18.26,88100.0
794,2019-10-15,18.19,18.65,17.87,18.27,211600.0
795,2019-10-16,18.12,18.93,17.53,17.65,96400.0
796,2019-10-17,17.65,18.26,17.33,17.98,103100.0
797,2019-10-18,17.86,18.31,17.67,17.8,82400.0
798,2019-10-21,18.06,19.2,18.01,18.57,156200.0
799,2019-10-22,18.46,19.61,18.145,19.39,184400.0
800,2019-10-23,19.34,20.17,18.81,20.01,188700.0
801,2019-10-24,20.16,20.24,19.19,19.61,108000.0
802,2019-10-25,19.56,20.65,19.25,20.33,117200.0
803,2019-10-28,20.43,21.17,20.07,20.33,93500.0
804,2019-10-29,20.28,20.42,19.15,19.84,260900.0
805,2019-10-30,19.83,19.83,18.969,19.23,85300.0
806,2019-10-31,19.04,19.04,18.39,18.48,115400.0
807,2019-11-01,18.73,19.17,18.2,18.78,142900.0
808,2019-11-04,19.14,19.28,18.6,18.77,114100.0
809,2019-11-05,18.89,19.79,18.74,18.77,117900.0
810,2019-11-06,18.76,18.83,17.42,17.47,291300.0
811,2019-11-07,17.8,18.03,16.82,16.93,199800.0
812,2019-11-08,16.63,16.79,16.09,16.39,230300.0
813,2019-11-11,16.14,16.38,15.59,15.88,107300.0
814,2019-11-12,15.83,15.83,14.47,14.53,125700.0
815,2019-11-13,14.25,14.65,13.46,13.78,157700.0
816,2019-11-14,9.43,10.32,4.86,4.92,1725300.0
817,2019-11-15,5.14,5.25,3.32,4.58,1555200.0
818,2019-11-18,4.38,4.84,3.686,3.81,555900.0
819,2019-11-19,3.85,3.897,2.525,2.97,921900.0
820,2019-11-20,2.92,2.97,2.31,2.45,980000.0
821,2019-11-21,2.4,3.14,2.15,2.67,516600.0
822,2019-11-22,2.66,3.13,2.19,3.09,614300.0
823,2019-11-25,3.04,3.59,3.04,3.12,1070000.0
824,2019-11-26,3.18,3.26,2.35,2.4,402700.0
825,2019-11-27,2.41,2.67,2.33,2.34,305700.0
826,2019-11-29,2.31,2.31,1.988,2.21,210900.0
827,2019-12-02,2.16,2.25,1.57,1.59,504200.0
828,2019-12-03,1.5,1.81,1.435,1.69,401100.0
829,2019-12-04,1.84,1.84,1.41,1.49,410200.0
830,2019-12-05,1.58,1.586,1.24,1.44,363700.0
831,2019-12-06,1.5,1.77,1.5,1.64,281400.0
832,2019-12-09,1.64,1.89,1.57,1.8,272900.0
833,2019-12-10,1.84,2.12,1.695,2.09,294600.0
834,2019-12-11,2.09,2.67,2.09,2.28,506400.0
835,2019-12-12,2.28,2.62,2.13,2.44,258500.0
836,2019-12-13,2.44,2.49,2.11,2.34,269800.0
837,2019-12-16,2.39,3.15,2.39,3.12,489400.0
838,2019-12-17,3.14,3.44,2.97,3.36,550400.0
839,2019-12-18,3.34,3.955,3.26,3.68,442900.0
840,2019-12-19,3.69,4.08,3.688,3.99,407100.0
841,2019-12-20,3.98,4.26,3.77,3.93,631400.0
842,2019-12-23,3.95,4.41,3.54,4.35,390900.0
843,2019-12-24,4.43,4.74,4.32,4.4,263000.0
844,2019-12-26,4.41,4.72,4.24,4.44,267200.0
845,2019-12-27,4.45,4.79,4.418,4.62,243500.0
846,2019-12-30,4.65,5.01,4.585,4.92,276500.0
847,2019-12-31,4.87,4.99,4.53,4.59,289300.0
848,2020-01-02,4.55,4.69,4.17,4.38,298500.0
849,2020-01-03,4.53,4.59,4.14,4.19,192900.0
850,2020-01-06,4.15,4.65,4.04,4.34,243600.0
851,2020-01-07,4.29,4.51,3.83,3.94,209900.0
852,2020-01-08,3.94,4.11,3.09,3.11,286600.0
853,2020-01-09,3.15,3.3,2.71,2.89,270900.0
854,2020-01-10,2.9,3.09,2.55,2.78,168300.0
855,2020-01-13,2.79,3.42,2.508,3.18,261400.0
856,2020-01-14,3.16,4.26,3.16,3.83,209700.0
857,2020-01-15,3.82,3.98,3.5,3.67,125100.0
858,2020-01-16,3.68,3.93,3.62,3.69,148400.0
859,2020-01-17,3.74,3.81,2.93,3.03,224700.0
860,2020-01-21,3.03,3.04,2.6,2.62,170300.0
861,2020-01-22,2.6,2.64,2.415,2.55,186400.0
862,2020-01-23,2.59,2.6,2.2,2.36,161800.0
863,2020-01-24,2.37,2.44,1.85,2.04,223000.0
864,2020-01-27,1.86,1.89,1.5,1.7,231700.0
865,2020-01-28,1.76,2.13,1.7,1.93,100000.0
866,2020-01-29,1.94,1.976,1.58,1.72,206100.0
867,2020-01-30,1.64,1.787,1.47,1.65,139400.0
868,2020-01-31,1.52,1.65,1.24,1.33,200600.0
869,2020-02-03,1.29,1.34,1.0,1.31,152600.0
870,2020-02-04,1.36,2.73,1.33,2.27,350900.0
871,2020-02-05,2.4,3.12,2.24,3.0,316200.0
872,2020-02-06,3.1,3.21,2.36,2.4,236200.0
873,2020-02-07,2.33,2.346,1.79,1.95,211300.0
874,2020-02-10,1.91,1.91,0.645,1.21,515300.0
875,2020-02-11,1.27,2.06,1.142,1.57,286100.0
876,2020-02-12,1.69,1.87,1.42,1.6,217400.0
877,2020-02-13,1.56,2.06,1.48,1.68,130200.0
878,2020-02-14,1.69,2.05,1.57,1.9,139900.0
879,2020-02-18,1.85,2.01,1.75,1.87,98800.0
880,2020-02-19,1.92,2.29,1.9,2.18,115100.0
881,2020-02-20,2.22,2.47,1.98,2.0,152100.0
882,2020-02-21,1.96,1.96,1.46,1.66,130100.0
883,2020-02-24,1.3,2.13,1.14,2.04,197700.0
884,2020-02-25,2.1,2.1,1.6,1.74,151700.0
885,2020-02-26,1.78,1.78,1.09,1.17,193200.0
886,2020-02-27,0.9,1.22,0.55,1.05,153500.0
887,2020-02-28,0.74,1.38,0.74,1.23,143500.0
888,2020-03-02,1.31,1.31,0.81,1.2,158900.0
889,2020-03-03,1.2,1.45,0.91,1.02,128000.0
890,2020-03-04,1.11,1.22,0.99,1.04,137800.0
891,2020-03-05,1.03,1.03,0.35,0.41,148000.0
892,2020-03-06,0.3,0.44,-0.1,0.05,132400.0
893,2020-03-09,-0.29,-0.29,-0.525,-0.5,79800.0
894,2020-03-10,-0.21,-0.06,-0.3,-0.29,155900.0
895,2020-03-11,-0.48,-0.48,-0.84,-0.83,130800.0
896,2020-03-12,-1.47,-1.44,-2.24,-1.49,307800.0
897,2020-03-13,-1.37,0.45,-1.37,0.43,412500.0
898,2020-03-16,-0.46,0.0,-0.55,-0.51,363300.0
899,2020-03-17,-0.37,0.455,-0.494,0.27,295600.0
900,2020-03-18,-0.01,0.29,-0.96,-0.8,277900.0
901,2020-03-19,-0.79,-0.76,-1.21,-1.15,271400.0
902,2020-03-20,-1.15,-0.8,-1.46,-1.08,1318600.0
903,2020-03-23,-0.91,-0.9,-1.86,-1.71,193800.0
904,2020-03-24,-1.7,-1.6,-2.53,-2.36,512800.0
905,2020-03-25,-2.26,-1.624,-2.34,-1.81,448300.0
906,2020-03-26,-1.85,-1.5,-1.885,-1.74,153900.0
907,2020-03-27,-1.67,-1.62,-2.13,-1.96,196400.0
908,2020-03-30,-2.02,-1.81,-2.17,-2.15,220700.0
909,2020-03-31,-2.16,-1.44,-2.16,-2.11,327600.0
910,2020-04-01,-2.07,-1.86,-2.21,-1.9,249800.0
911,2020-04-02,-2.01,-1.54,-2.01,-1.6,319100.0
912,2020-04-03,-1.47,-1.47,-1.94,-1.89,86900.0
913,2020-04-06,-1.9,-1.52,-1.9,-1.58,136600.0
914,2020-04-07,-1.51,-1.46,-2.065,-1.92,193300.0
915,2020-04-08,-1.89,-0.78,-1.89,-0.87,383700.0
916,2020-04-09,-0.64,-0.21,-0.84,-0.46,423300.0
917,2020-04-13,-0.42,-0.21,-0.71,-0.47,129000.0
918,2020-04-14,-0.35,-0.22,-1.02,-0.47,283100.0
919,2020-04-15,-0.62,-0.404,-0.81,-0.62,153100.0
920,2020-04-16,-0.65,-0.65,-1.26,-1.19,158400.0
921,2020-04-17,-1.15,-0.85,-1.281,-0.9,109500.0
922,2020-04-20,-1.08,-0.62,-1.18,-0.88,164100.0
923,2020-04-21,-0.87,-0.77,-1.14,-1.1,118700.0
924,2020-04-22,-1.04,-0.96,-1.2,-1.1,101500.0
925,2020-04-23,-1.1,-0.63,-1.23,-1.21,95100.0
926,2020-04-24,-1.14,-0.8,-1.4,-1.29,126200.0
927,2020-04-27,-1.16,-0.83,-1.35,-0.91,182400.0
928,2020-04-28,-0.86,-0.32,-1.01,-0.36,559400.0
929,2020-04-29,-0.18,0.16,-0.54,-0.39,1154200.0
930,2020-04-30,-0.69,-0.515,-0.85,-0.64,301700.0
931,2020-05-01,-0.77,-0.66,-1.3,-1.18,134300.0
932,2020-05-04,-1.1,-0.935,-1.43,-1.41,135000.0
933,2020-05-05,-1.24,-0.99,-1.63,-1.61,212100.0
934,2020-05-06,-1.54,-1.06,-1.785,-1.73,153500.0
935,2020-05-07,-1.7,-1.49,-1.7,-1.51,144700.0
936,2020-05-08,-1.35,-1.06,-1.42,-1.1,283200.0
937,2020-05-11,-1.03,-0.44,-1.033,-0.65,293500.0
938,2020-05-12,-0.67,-0.56,-1.325,-1.27,295200.0
939,2020-05-13,-1.17,-1.16,-1.73,-1.59,200400.0
940,2020-05-14,-1.51,-1.42,-1.72,-1.44,178100.0
941,2020-05-15,-1.35,-1.35,-1.655,-1.56,128000.0
942,2020-05-18,-1.47,-1.16,-1.51,-1.19,216700.0
943,2020-05-19,-1.26,-1.18,-1.42,-1.4,174200.0
944,2020-05-20,-1.42,-1.165,-1.425,-1.31,196900.0
945,2020-05-21,-1.27,-1.25,-1.45,-1.39,170900.0
946,2020-05-22,-1.36,-1.05,-1.54,-1.11,263200.0
947,2020-05-26,-1.11,-0.74,-1.11,-0.79,225600.0
948,2020-05-27,-0.68,-0.13,-0.78,-0.19,246100.0
949,2020-05-28,-0.19,0.5,-0.41,-0.02,357100.0
950,2020-05-29,-0.01,0.18,-0.74,-0.62,498400.0
951,2020-06-01,-0.66,-0.37,-0.79,-0.76,137100.0
952,2020-06-02,-0.68,-0.55,-0.81,-0.67,199100.0
953,2020-06-03,-0.61,-0.27,-0.67,-0.54,306700.0
954,2020-06-04,-0.46,0.18,-0.46,-0.12,368800.0
955,2020-06-05,0.11,1.08,-0.23,1.04,767400.0
956,2020-06-08,1.47,2.11,1.1,1.32,682000.0
957,2020-06-09,0.93,1.32,0.24,1.05,566800.0
958,2020-06-10,1.01,1.01,-0.1,-0.05,409200.0
959,2020-06-11,-0.45,0.0,-0.58,-0.57,335900.0
960,2020-06-12,-0.34,-0.26,-1.01,-0.69,506400.0
961,2020-06-15,-0.87,-0.41,-0.93,-0.56,414200.0
962,2020-06-16,-0.31,0.01,-0.41,-0.14,287200.0
963,2020-06-17,-0.12,-0.1,-0.572,-0.39,480800.0
964,2020-06-18,-0.49,-0.34,-0.54,-0.47,288000.0
965,2020-06-19,-0.54,-0.18,-0.76,-0.31,834400.0
966,2020-06-22,-0.42,-0.27,-0.48,-0.48,297900.0
967,2020-06-23,-0.42,-0.36,-0.61,-0.54,388800.0
968,2020-06-24,-0.64,-0.64,-1.27,-1.2,549500.0
969,2020-06-25,-1.26,-1.2,-1.46,-1.43,444100.0
970,2020-06-26,-1.45,-1.4,-1.68,-1.53,2062500.0
971,2020-06-29,-1.45,-1.15,-1.53,-1.49,257000.0
972,2020-06-30,-1.49,-1.305,-1.589,-1.42,125100.0
973,2020-07-01,-1.38,-1.19,-1.44,-1.3,195900.0
974,2020-07-02,-1.2,-1.14,-1.3,-1.2,244900.0
975,2020-07-06,-1.13,-0.62,-1.13,-0.64,198300.0
976,2020-07-07,-0.69,-0.47,-0.87,-0.62,648400.0
977,2020-07-08,-0.62,-0.48,-0.73,-0.69,175400.0
978,2020-07-09,-0.73,-0.46,-0.74,-0.69,277500.0
979,2020-07-10,-0.74,-0.72,-0.96,-0.8,248600.0
980,2020-07-13,-0.8,-0.57,-1.17,-1.15,213700.0
981,2020-07-14,-1.14,-1.04,-1.16,-1.15,84300.0
982,2020-07-15,-0.98,-0.945,-1.2,-1.06,110000.0
983,2020-07-16,-1.08,-0.94,-1.09,-1.03,86331.0
984,2020-07-17,-1.06,-0.92,-1.07,-1.03,65367.0
985,2020-07-20,-1.06,-1.01,-1.12,-1.12,42919.0
986,2020-07-21,-1.1,-0.9085,-1.2,-1.17,85761.0
987,2020-07-22,-1.2,-1.18,-1.38,-1.34,147643.0
988,2020-07-23,-1.36,-0.84,-1.36,-1.2,160502.0
989,2020-07-24,-1.26,-0.69,-1.26,-0.76,122143.0
990,2020-07-27,-0.81,-0.7007,-1.0199,-0.99,114746.0
991,2020-07-28,-0.99,-0.82,-0.99,-0.84,75599.0
992,2020-07-29,-0.9,-0.18,-0.9,-0.2,166353.0
993,2020-07-30,-0.16,0.54,-0.3199,-0.07,284550.0
994,2020-07-31,-0.1,0.2199,-0.61,-0.49,132239.0
995,2020-08-03,-0.44,-0.21,-0.49,-0.33,73043.0
996,2020-08-04,-0.37,-0.13,-0.49,-0.33,118723.0
997,2020-08-05,-0.2,-0.13,-0.75,-0.71,160770.0
998,2020-08-06,-0.76,-0.59,-0.9,-0.86,139602.0
999,2020-08-07,-0.95,-0.22,-0.98,-0.46,248317.0
1000,2020-08-10,-0.34,0.26,-0.3939,0.09,208583.0
1001,2020-08-11,0.11,0.5175,0.11,0.26,249609.0
1002,2020-08-12,0.25,0.42,0.0101,0.25,86465.0
1003,2020-08-13,0.17,0.3,-0.09,0.06,98206.0
1004,2020-08-14,0.04,0.47,-0.03,0.23,109424.0
1005,2020-08-17,0.19,0.19,-0.1451,0.05,162021.0
1006,2020-08-18,0.0,0.38,0.0,0.29,76509.0
1007,2020-08-19,0.29,0.5102,0.11,0.14,98097.0
1008,2020-08-20,0.09,0.39,0.05,0.23,68583.0
1009,2020-08-21,0.22,0.245,-0.15,0.03,122637.0
1010,2020-08-24,0.02,0.14,-0.055,0.06,35122.0
1011,2020-08-25,0.15,0.15,-0.2,-0.14,55780.0
1012,2020-08-26,-0.13,-0.0361,-0.59,-0.49,75361.0
1013,2020-08-27,-0.53,-0.3635,-0.63,-0.62,71180.0
1014,2020-08-28,-0.57,-0.02,-0.57,-0.13,88915.0
1015,2020-08-31,-0.13,-0.13,-0.52,-0.32,77632.0
1016,2020-09-01,-0.45,-0.03,-0.4615,-0.28,60672.0
1017,2020-09-02,-0.24,-0.24,-0.44,-0.34,49853.0
1018,2020-09-03,-0.36,-0.1545,-0.36,-0.23,61655.0
1019,2020-09-04,-0.21,-0.18,-0.53,-0.42,86760.0
1020,2020-09-08,-0.54,-0.17,-0.54,-0.48,86893.0
1021,2020-09-09,-0.51,-0.43,-0.53,-0.46,40039.0
1022,2020-09-10,-0.44,-0.06,-0.5,-0.34,109187.0
1023,2020-09-11,-0.33,-0.1,-0.33,-0.18,50085.0
1024,2020-09-14,-0.14,0.34,-0.21,0.23,182367.0
1025,2020-09-15,0.24,1.58,0.24,0.91,319046.0
1026,2020-09-16,0.99,2.11,0.99,1.55,327121.0
1027,2020-09-17,1.37,2.7,1.3125,1.54,498177.0
1028,2020-09-18,1.51,3.89,1.5014,3.68,825920.0
1029,2020-09-21,3.27,3.72,2.64,3.31,398618.0
1030,2020-09-22,3.42,4.7026,3.42,4.2,413481.0
1031,2020-09-23,4.44,5.8033,4.2501,4.64,696209.0
1032,2020-09-24,4.35,4.44,3.06,3.47,332410.0
1033,2020-09-25,3.52,4.4113,3.48,3.81,171638.0
1034,2020-09-28,3.77,4.04,3.64,3.72,162698.0
1035,2020-09-29,3.65,3.6799,2.55,2.87,203838.0
1036,2020-09-30,2.68,3.13,2.68,2.86,105799.0
1037,2020-10-01,2.84,3.01,2.6661,2.96,93420.0
1038,2020-10-02,2.72,3.5182,2.72,3.46,110764.0
1039,2020-10-05,3.48,3.7,3.05,3.35,111699.0
1040,2020-10-06,3.34,3.74,3.04,3.43,101912.0
1041,2020-10-07,3.4,3.89,3.23,3.74,113641.0
1042,2020-10-08,3.78,4.49,3.6152,4.25,91815.0
1043,2020-10-09,4.23,4.35,3.53,3.6,57628.0
1044,2020-10-12,3.59,3.7186,3.3,3.54,37407.0
1045,2020-10-13,3.54,3.64,3.13,3.16,54618.0
1046,2020-10-14,3.22,3.6,3.22,3.35,42499.0
1047,2020-10-15,3.26,3.454,2.9,2.91,106681.0
1048,2020-10-16,2.87,3.04,2.85,2.89,40321.0
1049,2020-10-19,2.89,3.21,2.81,2.87,66701.0
1050,2020-10-20,3.05,3.31,2.945,3.12,50395.0
1051,2020-10-21,3.05,3.4,3.05,3.19,32192.0
1052,2020-10-22,3.16,3.82,3.16,3.67,72566.0
1053,2020-10-23,3.79,4.11,3.79,3.92,80754.0
1054,2020-10-26,3.68,3.8243,3.53,3.58,69695.0
1055,2020-10-27,3.58,3.94,3.46,3.49,38861.0
1056,2020-10-28,3.48,3.54,3.0,3.02,151469.0
1057,2020-10-29,3.02,3.07,2.2601,2.39,191353.0
1058,2020-10-30,2.34,2.365,1.91,1.99,75460.0
1059,2020-11-02,2.06,2.5,1.96,2.48,45228.0
1060,2020-11-03,2.54,3.14,2.37,3.13,38172.0
1061,2020-11-04,3.06,3.07,2.1,2.18,57626.0
1062,2020-11-05,2.19,2.93,2.19,2.8,47337.0
1063,2020-11-06,2.79,3.29,2.6,3.07,55634.0
1064,2020-11-09,3.29,3.8999,3.06,3.52,89174.0
1065,2020-11-10,3.49,3.89,3.34,3.86,63556.0
1066,2020-11-11,3.86,4.14,3.63,3.85,66557.0
1067,2020-11-12,3.93,3.93,3.54,3.57,42190.0
1068,2020-11-13,3.68,4.25,3.65,3.85,68373.0
1069,2020-11-16,3.96,4.16,3.79,3.79,92715.0
1070,2020-11-17,3.79,3.89,3.57,3.64,107731.0
1071,2020-11-18,3.69,4.22,3.26,3.29,146382.0
1072,2020-11-19,3.29,3.37,2.97,3.08,101116.0
1073,2020-11-20,3.04,3.085,2.75,2.75,92490.0
1074,2020-11-23,2.52,3.04,2.5,2.68,91178.0
1075,2020-11-24,2.77,3.73,2.77,3.23,130073.0
1076,2020-11-25,3.21,3.55,3.0,3.33,109571.0
1077,2020-11-27,3.31,3.78,3.26,3.53,81371.0
1078,2020-11-30,3.4,3.51,2.94,2.94,86036.0
1079,2020-12-01,3.07,3.4,2.81,2.81,51573.0
1080,2020-12-02,2.91,2.93,2.52,2.7,116605.0
1081,2020-12-03,2.73,2.89,2.53,2.83,243215.0
1082,2020-12-04,2.93,3.56,2.93,3.14,178762.0
1083,2020-12-07,3.14,4.64,3.09,4.53,287092.0
1084,2020-12-08,4.53,6.93,4.53,6.09,481756.0
1085,2020-12-09,6.09,8.23,6.09,8.15,379024.0
1086,2020-12-10,8.19,9.75,7.7,9.31,331213.0
1087,2020-12-11,9.42,9.86,8.77,9.04,163522.0
1088,2020-12-14,9.0,9.59,8.08,8.64,142520.0
1089,2020-12-15,8.84,8.84,7.7,8.34,153300.0
1090,2020-12-16,8.38,8.79,7.75,8.23,150606.0
1091,2020-12-17,8.3,9.65,7.795,9.04,219821.0
1092,2020-12-18,9.09,9.31,8.25,8.52,208869.0
1093,2020-12-21,8.49,8.7,7.71,8.31,150775.0
1094,2020-12-22,8.45,8.51,7.7,8.0,86585.0
1095,2020-12-23,8.05,8.74,7.86,8.25,115342.0
1096,2020-12-24,8.2,8.49,7.79,7.93,44239.0
1097,2020-12-28,7.95,8.35,7.3,7.85,148211.0
1098,2020-12-29,7.86,7.97,6.61,6.82,95449.0
1099,2020-12-30,6.87,7.33,6.66,7.11,55019.0
1100,2020-12-31,7.06,7.31,6.8,6.91,53232.0
1101,2021-01-04,6.89,7.29,6.16,6.5,117321.0
1102,2021-01-05,6.59,7.12,6.06,6.31,118369.0
1103,2021-01-06,6.59,7.43,6.27,7.15,132062.0
1104,2021-01-07,7.3,7.55,7.09,7.48,71355.0
1105,2021-01-08,7.54,7.98,7.22,7.76,216823.0
1106,2021-01-11,7.61,9.28,7.49,8.97,148838.0
1107,2021-01-12,8.94,9.55,8.65,9.37,145974.0
1108,2021-01-13,9.39,9.53,8.81,9.17,78570.0
1109,2021-01-14,9.35,9.79,9.04,9.64,195284.0
1110,2021-01-15,9.33,9.85,9.17,9.56,124847.0
1111,2021-01-19,9.74,9.91,9.44,9.77,92109.0
1112,2021-01-20,9.79,9.89,9.22,9.56,98326.0
1113,2021-01-21,9.45,9.76,8.68,9.39,181972.0
1114,2021-01-22,9.35,9.46,8.68,8.71,94458.0
1115,2021-01-25,8.72,8.78,7.78,8.22,119143.0
1116,2021-01-26,8.52,8.54,7.59,7.72,54665.0
1117,2021-01-27,7.43,8.3226,6.76,7.08,121963.0
1118,2021-01-28,7.27,8.05,6.88,7.54,83811.0
1119,2021-01-29,7.55,7.7,6.58,6.88,71142.0
1120,2021-02-01,6.99,7.71,6.6,7.17,62412.0
1121,2021-02-02,7.68,8.94,7.68,8.47,102271.0
1122,2021-02-03,8.57,9.28,7.98,8.88,143367.0
1123,2021-10-04,18.22,19.18,17.92,18.31,94329824.0
1124,2021-10-05,18.64,19.12,17.78,18.19,18917463.0
1125,2021-10-06,17.78,18.18,17.045,17.61,16498984.0
1126,2021-10-07,17.59,17.89,17.435,17.55,12577035.0
1127,2021-10-08,17.86,18.33,17.54,17.81,9058248.0
1128,2021-10-11,18.23,18.23,16.99,17.06,9324123.0
1129,2021-10-12,17.095,17.21,16.59,16.99,9741314.0
1130,2021-10-13,16.87,17.135,16.71,16.94,10633166.0
1131,2021-10-14,17.22,17.32,16.705,16.79,8023352.0
1132,2021-10-15,17.14,17.14,16.26,16.38,9945256.0
1133,2021-10-18,16.88,17.27,16.3,16.44,10330548.0
1134,2021-10-19,16.49,16.925,16.23,16.9,7418888.0
1135,2021-10-20,16.82,17.485,16.7,17.45,9979366.0
1136,2021-10-21,17.26,17.39,16.59,16.82,8732305.0
1137,2021-10-22,17.42,17.611,16.85,17.33,6430721.0
1138,2021-10-25,17.6,18.63,17.57,18.6,9177781.0
1139,2021-10-26,18.6,18.75,18.34,18.51,6521695.0
1140,2021-10-27,18.27,18.76,18.01,18.15,8732230.0
1141,2021-10-28,17.99,18.11,17.37,17.92,5748135.0
1142,2021-10-29,17.83,17.9,17.253,17.36,8626406.0
1143,2021-11-01,17.56,17.945,17.44,17.63,9694543.0
1144,2021-11-02,17.5,17.87,17.355,17.49,9470148.0
1145,2021-11-03,17.23,18.75,16.66,18.13,10782679.0
1146,2021-11-04,18.45,18.5,17.55,17.79,7072819.0
1147,2021-11-05,18.16,18.16,17.525,17.62,6592247.0
1148,2021-11-08,17.62,18.04,17.56,17.7,5874593.0
1149,2021-11-09,17.64,17.78,16.94,17.4,5967802.0
1150,2021-11-10,17.2,17.31,15.95,16.31,7430123.0
1151,2021-11-11,16.3,16.96,16.24,16.89,7460841.0
1152,2021-11-12,17.15,17.39,16.8,16.94,6767891.0
1153,2021-11-15,16.97,17.3,16.76,17.16,6499067.0
1154,2021-11-16,17.36,17.57,16.875,17.32,7005354.0
1155,2021-11-17,17.02,17.56,16.77,16.95,6970210.0
1156,2021-11-18,17.09,17.14,16.55,17.11,5834856.0
1157,2021-11-19,16.76,16.93,16.1701,16.33,9595165.0
1158,2021-11-22,16.47,17.765,16.47,17.3,11596101.0
1159,2021-11-23,17.5,17.83,17.28,17.34,6256529.0
1160,2021-11-24,17.24,17.4751,17.075,17.43,4544395.0
1161,2021-11-26,16.58,17.42,16.54,17.34,7169474.0
1162,2021-11-29,17.565,17.78,17.13,17.18,9426629.0
1163,2021-11-30,16.94,17.29,16.21,16.42,24161995.0
1164,2021-12-01,16.77,16.96,16.02,16.08,11478308.0
1165,2021-12-02,16.09,16.79,15.86,16.57,7229835.0
1166,2021-12-03,16.55,16.86,16.07,16.56,6929865.0
1167,2021-12-06,16.62,16.74,15.43,15.98,11900381.0
1168,2021-12-07,16.335,16.69,16.14,16.46,7490003.0
1169,2021-12-08,16.64,17.24,16.48,17.09,7871045.0
1170,2021-12-09,16.77,17.25,16.67,17.16,8907289.0
1171,2021-12-10,17.29,17.53,16.67,17.25,7520644.0
1172,2021-12-13,17.19,17.43,16.705,16.8,7452750.0
1173,2021-12-14,16.67,16.93,16.37,16.43,7556907.0
1174,2021-12-15,16.41,16.84,16.09,16.71,7993826.0
1175,2021-12-16,16.81,17.28,16.39,16.42,6443557.0
1176,2021-12-17,16.36,16.43,15.785,16.0,16967328.0
1177,2021-12-20,15.65,15.83,15.22,15.76,6860381.0
1178,2021-12-21,15.88,16.11,15.67,15.98,8260575.0
1179,2021-12-22,16.09,16.245,15.8346,16.09,6065047.0
1180,2021-12-23,15.87,16.11,15.65,15.73,5811403.0
1181,2021-12-27,15.82,16.29,15.6,16.25,3485514.0
1182,2021-12-28,16.22,16.47,16.06,16.3,3931999.0
1183,2021-12-29,16.3,16.63,16.09,16.35,4367302.0
1184,2021-12-30,16.41,16.525,15.8,15.89,5094046.0
1185,2021-12-31,15.79,15.9,15.275,15.34,5033466.0
1186,2022-01-03,15.24,16.005,15.17,15.91,11221280.0
1187,2022-01-04,16.1,17.56,16.05,17.27,10825427.0
1188,2022-01-05,17.55,18.04,17.01,17.02,10201092.0
1189,2022-01-06,17.73,17.73,16.7,16.8,8731971.0
1190,2022-01-07,17.145,17.9,16.84,17.89,8800390.0
1191,2022-01-10,17.83,18.245,17.5,17.7,8712561.0
1192,2022-01-11,17.99,18.04,17.075,17.59,7052203.0
1193,2022-01-12,17.84,18.88,17.62,18.88,10609989.0
1194,2022-01-13,18.51,18.99,18.09,18.18,6619394.0
1195,2022-01-14,18.16,18.58,18.03,18.54,7407595.0
1196,2022-01-18,18.825,18.9,17.955,18.16,6833215.0
1197,2022-01-19,18.21,18.33,17.175,17.22,6365696.0
1198,2022-01-20,16.97,17.34,16.36,16.37,6777229.0
1199,2022-01-21,16.18,16.25,15.57,15.67,8728060.0
1200,2022-01-24,15.365,15.95,14.73,15.87,7277119.0
1201,2022-01-25,15.71,16.73,15.6,16.69,9869423.0
1202,2022-01-26,17.11,17.595,16.55,16.61,9114231.0
1203,2022-01-27,17.43,17.43,16.47,17.33,7509571.0
1204,2022-01-28,17.56,18.23,17.41,17.97,9753068.0
1205,2022-01-31,17.99,18.29,17.4,18.24,6639479.0
1206,2022-02-01,17.97,18.64,17.7,18.53,6972739.0
1207,2022-02-02,18.94,19.335,18.57,19.26,8442690.0
1208,2022-02-03,19.34,19.4493,18.98,19.29,10494174.0
1209,2022-02-04,19.53,20.6,19.485,19.76,10421443.0
1210,2022-02-07,19.6,19.87,19.1461,19.54,8314856.0
1211,2022-02-08,19.42,19.425,18.43,18.73,8039611.0
1212,2022-02-09,18.63,19.08,18.62,19.07,8081017.0
1213,2022-02-10,18.87,19.75,18.87,19.33,7095090.0
1214,2022-02-11,19.72,20.5,19.52,20.45,7746920.0
1215,2022-02-14,20.51,20.73,19.325,19.57,8294019.0
1216,2022-02-15,19.09,19.34,18.86,19.26,6398926.0
1217,2022-02-16,19.55,19.94,19.09,19.21,5537602.0
1218,2022-02-17,19.18,19.53,18.91,19.13,5390016.0
1219,2022-02-18,18.85,19.03,18.54,18.93,6765003.0
1220,2022-02-22,19.645,19.77,18.58,18.9,11273838.0
1221,2022-02-23,19.1,19.88,18.95,19.55,9357397.0
1222,2022-02-24,19.995,19.995,17.56,18.58,15147325.0
1223,2022-02-25,18.59,19.28,18.35,19.05,9155440.0
1224,2022-02-28,19.04,20.105,18.92,19.67,14809980.0
1225,2022-03-01,20.02,20.915,19.74,20.7,14832691.0
1226,2022-03-02,21.9,22.28,21.42,22.01,15249632.0
1227,2022-03-03,21.92,22.18,21.18,21.85,11615075.0
1228,2022-03-04,21.96,23.2155,21.9334,23.01,11665224.0
1229,2022-03-07,24.19,24.83,23.11,23.9,17119455.0
1230,2022-03-08,24.71,24.78,22.5536,22.91,17197162.0
1231,2022-03-09,22.55,22.63,21.5801,22.36,14116989.0
1232,2022-03-10,22.31,23.43,21.91,23.23,12468790.0
1233,2022-03-11,23.21,23.21,22.25,22.53,10664425.0
1234,2022-03-14,21.79,21.94,19.605,20.03,22926541.0
1235,2022-03-15,19.1,20.56,18.88,20.33,13022685.0
1236,2022-03-16,19.92,20.62,19.78,20.37,17466724.0
1237,2022-03-17,20.96,21.82,20.64,21.64,15422750.0
1238,2022-03-18,21.74,22.09,21.62,21.75,19815147.0
1239,2022-03-21,22.47,22.7,21.915,22.18,13514719.0
1240,2022-03-22,22.16,22.54,22.0237,22.48,11869286.0
1241,2022-03-23,22.77,23.435,22.77,23.09,7557321.0
1242,2022-03-24,23.05,24.06,22.86,23.93,10340469.0
1243,2022-03-25,24.01,26.385,23.73,25.81,15175013.0
1244,2022-03-28,25.41,25.5,24.83,24.99,15349380.0
1245,2022-03-29,24.5,24.64,23.85,24.3,11531866.0
1246,2022-03-30,24.81,25.045,23.9,24.0,9483560.0
1247,2022-03-31,24.07,24.715,23.87,23.87,9073897.0
1248,2022-04-01,23.93,24.39,23.6901,24.0,8055965.0
1249,2022-04-04,24.29,24.4,23.115,23.48,10431082.0
1250,2022-04-05,23.6,24.12,23.26,23.28,8264815.0
1251,2022-04-06,23.77,24.11,23.08,23.39,9788912.0
1252,2022-04-07,23.85,23.98,23.13,23.69,9534286.0
1253,2022-04-08,24.08,25.74,24.02,25.65,10196809.0
1254,2022-04-11,25.52,25.8073,25.12,25.38,7981001.0
1255,2022-04-12,25.75,26.17,25.23,25.27,7097690.0
1256,2022-04-13,25.9,26.15,25.265,26.03,6306217.0
1257,2022-04-14,26.1,26.53,25.64,26.32,11146697.0
1258,2022-04-18,26.9,28.3191,26.64,27.67,9781309.0
1259,2022-04-19,27.49,27.73,26.705,27.37,10059957.0
1260,2022-04-20,27.54,27.92,27.1,27.83,5674879.0
1261,2022-04-21,28.13,28.28,26.7,26.87,7591661.0
1262,2022-04-22,26.48,26.87,25.485,25.86,10122370.0
1263,2022-04-25,24.98,25.725,23.81,25.56,13569339.0
1264,2022-04-26,25.99,26.85,25.425,25.45,8611754.0
1265,2022-04-27,25.57,26.18,24.83,25.75,6862191.0
1266,2022-04-28,25.85,26.2888,24.96,26.05,7222724.0
1267,2022-04-29,26.24,26.59,25.57,25.69,7195823.0
1268,2022-05-02,25.34,25.93,25.06,25.82,9932172.0
1269,2022-05-03,27.39,28.66,26.65,28.56,14685173.0
1270,2022-05-04,29.28,29.7,27.835,29.67,11865416.0
1271,2022-05-05,29.88,29.9,27.83,28.77,8602656.0
1272,2022-05-06,29.75,29.8,28.5275,29.45,10587370.0
1273,2022-05-09,28.53,28.68,25.9,26.22,10663672.0
1274,2022-05-10,27.18,27.38,25.8,26.52,10196613.0
1275,2022-05-11,27.05,27.95,26.44,26.48,11052031.0
1276,2022-05-12,26.31,26.76,25.68,26.57,8705446.0
1277,2022-05-13,27.17,27.8499,26.99,27.28,7622484.0
1278,2022-05-16,27.4,28.43,27.37,28.06,7930299.0
1279,2022-05-17,28.75,29.53,28.23,28.55,9509890.0
1280,2022-05-18,28.83,28.87,27.675,28.19,8563332.0
1281,2022-05-19,27.64,28.5,27.59,27.92,7915290.0
1282,2022-05-20,28.28,28.79,27.725,28.19,9061653.0
1283,2022-05-23,28.58,29.9,28.52,29.87,9299763.0
1284,2022-05-24,29.45,30.4,29.245,30.1,9214153.0
1285,2022-05-25,30.44,31.605,30.44,31.44,12640576.0
1286,2022-05-26,31.84,33.275,31.72,32.15,11185931.0
1287,2022-05-27,31.75,33.03,31.7,33.02,8413706.0
1288,2022-05-31,33.56,33.95,31.625,31.83,22122644.0
1289,2022-06-01,32.37,33.57,31.67,32.69,11207875.0
1290,2022-06-02,32.56,33.03,32.1,32.48,7584674.0
1291,2022-06-03,32.46,32.75,32.09,32.68,5816645.0
1292,2022-06-06,33.25,33.56,32.9,33.45,7962983.0
1293,2022-06-07,33.18,33.64,32.67,33.61,10103716.0
1294,2022-06-08,33.75,34.05,32.88,33.28,7793619.0
1295,2022-06-09,32.98,33.1,32.17,32.46,11243381.0
1296,2022-06-10,31.95,32.63,31.38,31.81,7559327.0
1297,2022-06-13,30.96,31.05,29.36,30.06,10780474.0
1298,2022-06-14,30.71,30.78,28.25,28.61,15802872.0
1299,2022-06-15,28.76,29.23,27.58,28.17,14675087.0
1300,2022-06-16,27.53,27.66,25.935,26.13,18668713.0
1301,2022-06-17,25.97,26.05,23.9239,24.04,44022206.0
1302,2022-06-21,24.62,25.3,24.21,25.07,17709540.0
1303,2022-06-22,23.65,25.1,23.61,24.53,18053606.0
1304,2022-06-23,24.55,24.75,22.87,23.4,14880601.0
1305,2022-06-24,23.49,24.58,23.4,23.85,23913071.0
1306,2022-06-27,24.09,24.81,23.67,24.53,12194011.0
1307,2022-06-28,24.93,25.329,24.52,25.19,10274772.0
1308,2022-06-29,25.69,25.87,23.96,24.21,7935388.0
1309,2022-06-30,23.58,24.43,23.0,23.29,12047826.0
1310,2022-07-01,23.57,23.87,22.91,23.83,9541159.0
1311,2022-07-05,23.2,23.57,22.321,23.1,14571220.0
1312,2022-07-06,22.7,23.615,21.94,22.82,13619938.0
1313,2022-07-07,23.5,24.105,23.44,23.88,9495691.0
1314,2022-07-08,24.14,24.33,23.5,23.81,8432535.0
1315,2022-07-11,24.03,24.7725,23.585,23.89,8469935.0
1316,2022-07-12,23.3,23.95,23.15,23.84,9035965.0
1317,2022-07-13,23.74,25.04,23.65,24.64,9063851.0
1318,2022-07-14,23.73,24.2,23.0,23.81,8973876.0
1319,2022-07-15,24.28,24.45,23.545,24.42,6229046.0
1320,2022-07-18,24.76,25.53,24.7463,24.92,8408807.0
1321,2022-07-19,24.74,25.75,24.66,25.64,5838188.0
1322,2022-07-20,25.36,26.55,25.14,26.41,7577380.0
1323,2022-07-21,25.82,25.85,24.74,25.56,6499295.0
1324,2022-07-22,25.66,25.92,25.1536,25.21,7057188.0
1325,2022-07-25,25.65,26.41,25.14,26.39,5270343.0
1326,2022-07-26,27.02,27.53,26.64,26.95,9306838.0
1327,2022-07-27,27.1,27.655,26.75,27.56,5672242.0
1328,2022-07-28,27.7,27.9,26.88,27.32,4723340.0
1329,2022-07-29,27.36,28.26,27.36,28.09,7020660.0
1330,2022-08-01,27.54,27.56,26.42,27.07,7914398.0
1331,2022-08-02,26.92,27.27,26.39,26.88,6760261.0
1332,2022-08-03,26.5,26.7,25.22,26.18,12653424.0
1333,2022-08-04,25.92,26.14,24.82,24.89,9844328.0
1334,2022-08-05,24.53,25.82,24.46,25.43,6835662.0
1335,2022-08-08,25.39,25.67,25.26,25.32,5782959.0
1336,2022-08-09,25.82,26.33,25.54,25.63,6762524.0
1337,2022-08-10,25.61,25.855,24.99,25.83,5724020.0
1338,2022-08-11,26.37,26.96,26.295,26.83,6810554.0
1339,2022-08-12,26.73,26.95,26.31,26.81,6268248.0
1340,2022-08-15,25.87,26.72,25.39,26.5,4478976.0
1341,2022-08-16,27.25,27.63,26.795,27.33,8628040.0
1342,2022-08-17,27.53,27.9,27.005,27.5,6235215.0
1343,2022-08-18,27.92,28.82,27.92,28.73,6216797.0
1344,2022-08-19,28.49,28.97,28.31,28.45,5710082.0
1345,2022-08-22,28.36,29.061,27.96,28.73,7382681.0
1346,2022-08-23,29.4,30.05,27.51,28.46,10820405.0
1347,2022-08-24,28.59,29.485,28.23,29.42,6437233.0
1348,2022-08-25,29.74,29.87,29.05,29.41,4878065.0
1349,2022-08-26,29.54,29.87,29.01,29.02,4940481.0
1350,2022-08-29,28.86,30.14,28.75,29.66,6143491.0
1351,2022-08-30,29.15,29.19,28.25,28.55,6673490.0
1352,2022-08-31,28.09,29.21,27.73,29.06,7409699.0
1353,2022-09-01,28.655,28.83,28.04,28.38,5575586.0
1354,2022-09-02,28.84,29.11,28.01,28.26,5663499.0
1355,2022-09-06,28.33,28.41,27.23,27.31,7277353.0
1356,2022-09-07,26.8,27.45,26.34,27.25,8516555.0
1357,2022-09-08,27.41,27.535,27.03,27.27,6202692.0
1358,2022-09-09,27.85,28.13,27.58,27.92,4960623.0
1359,2022-09-12,28.24,28.93,28.155,28.84,6587577.0
1360,2022-09-13,28.41,29.04,28.11,28.21,4886955.0
1361,2022-09-14,28.83,30.62,28.7,30.38,10368483.0
1362,2022-09-15,29.2,29.92,28.845,28.92,7457914.0
1363,2022-09-16,28.25,28.395,26.6413,26.89,21408940.0
1364,2022-09-19,26.06,27.2,26.01,27.09,6827036.0
1365,2022-09-20,26.85,27.105,26.51,27.07,6294712.0
1366,2022-09-21,27.77,27.81,26.7,26.83,6621140.0
1367,2022-09-22,27.34,27.42,26.17,26.19,7763909.0
1368,2022-09-23,25.07,25.62,24.065,24.51,10207852.0
1369,2022-09-26,24.13,24.54,23.46,23.47,8998105.0
1370,2022-09-27,23.96,24.3901,23.51,23.66,11048172.0
1371,2022-09-28,23.77,24.92,23.77,24.81,7296816.0
1372,2022-09-29,24.46,24.62,23.35,24.12,6171045.0
1373,2022-09-30,23.78,24.765,23.67,24.27,7829807.0
1374,2022-10-03,25.17,25.63,24.93,25.51,7813578.0
1375,2022-10-04,26.2,26.795,25.89,26.73,5903409.0
1376,2022-10-05,26.73,27.26,25.94,26.94,7993725.0
1377,2022-10-06,26.76,27.5,26.75,27.01,7090922.0
1378,2022-10-07,26.9,27.86,26.75,27.35,8529521.0
1379,2022-10-10,27.53,27.955,26.45,26.62,4226308.0
1380,2022-10-11,26.18,27.065,25.97,26.95,6876346.0
1381,2022-10-12,27.05,28.13,26.7,27.95,6851238.0
1382,2022-10-13,27.55,28.86,27.5,28.61,6936955.0
1383,2022-10-14,28.24,28.64,26.53,26.57,6412284.0
1384,2022-10-17,26.77,27.49,26.465,27.07,5751013.0
1385,2022-10-18,27.39,28.0458,27.2,27.59,5931509.0
1386,2022-10-19,27.68,28.31,27.45,28.27,6075297.0
1387,2022-10-20,28.45,28.7,27.64,27.84,5742377.0
1388,2022-10-21,28.12,28.39,27.195,27.82,7452800.0
1389,2022-10-24,27.94,28.62,27.6301,28.43,5580435.0
1390,2022-10-25,28.46,28.47,27.865,28.3,5928314.0
1391,2022-10-26,28.4,28.71,28.08,28.42,5240077.0
1392,2022-10-27,28.79,29.24,28.25,28.29,6440957.0
1393,2022-10-28,28.56,28.95,27.445,28.25,5752893.0
1394,2022-10-31,28.37,29.455,28.37,29.28,7012329.0
1395,2022-11-01,29.61,29.64,28.8915,28.9,6588021.0
1396,2022-11-02,29.02,29.91,28.65,28.83,7714262.0
1397,2022-11-03,28.52,29.08,28.21,28.76,7092103.0
1398,2022-11-04,26.895,27.68,25.95,27.08,22514119.0
1399,2022-11-07,27.7,28.29,27.4796,27.66,13708502.0
1400,2022-11-08,27.41,27.55,26.435,27.28,12896484.0
1401,2022-11-09,26.81,26.9193,24.87,24.89,16882190.0
1402,2022-11-10,25.65,25.84,25.06,25.68,16655563.0
1403,2022-11-11,26.23,26.735,25.88,26.6,14002503.0
1404,2022-11-14,26.92,27.19,26.2,26.28,13114259.0
1405,2022-11-15,26.47,26.64,26.23,26.64,12253484.0
1406,2022-11-16,26.14,26.3259,25.23,25.25,12232775.0
1407,2022-11-17,25.01,25.65,24.78,25.63,8384681.0
1408,2022-11-18,25.03,25.61,24.94,25.43,13218810.0
1409,2022-11-21,25.13,25.34,24.665,25.21,10680060.0
1410,2022-11-22,25.62,26.35,25.45,26.33,9380228.0
1411,2022-11-23,26.13,26.73,26.09,26.37,6538279.0
1412,2022-11-25,26.51,26.77,26.38,26.44,3023458.0
1413,2022-11-28,25.73,26.28,25.525,25.98,6493177.0
1414,2022-11-29,26.44,26.985,26.315,26.9,6698274.0
1415,2022-11-30,27.11,27.23,26.25,26.74,10701232.0
1416,2022-12-01,27.02,27.1699,26.23,26.26,8213739.0
1417,2022-12-02,25.92,26.32,25.68,26.09,8634854.0
1418,2022-12-05,26.34,26.56,24.995,25.03,9272350.0
1419,2022-12-06,24.89,25.2,24.42,24.63,8022838.0
1420,2022-12-07,24.58,24.74,24.1626,24.31,12775470.0
1421,2022-12-08,24.68,24.73,23.66,23.78,12336265.0
1422,2022-12-09,23.79,24.03,23.26,23.31,13373441.0
1423,2022-12-12,23.5,23.98,23.155,23.68,13517862.0
1424,2022-12-13,24.31,24.38,23.615,23.73,16551534.0
1425,2022-12-14,23.81,23.97,23.445,23.53,11493321.0
1426,2022-12-15,23.39,24.32,23.35,24.16,14245459.0
1427,2022-12-16,23.65,23.84,23.02,23.57,33233558.0
1428,2022-12-19,23.28,23.625,23.0,23.14,9235543.0
1429,2022-12-20,22.86,23.56,22.69,23.31,8162171.0
1430,2022-12-21,23.83,23.92,23.45,23.9,9346452.0
1431,2022-12-22,23.9,23.98,22.96,23.34,8781269.0
1432,2022-12-23,23.54,24.045,23.355,24.03,6797068.0
1433,2022-12-27,24.19,24.49,23.96,24.41,6202700.0
1434,2022-12-28,24.09,24.21,23.15,23.2,6955752.0
1435,2022-12-29,22.93,23.42,22.88,23.35,5639175.0
1436,2022-12-30,23.23,23.46,23.11,23.4,5490880.0
1437,2023-01-03,23.03,23.1218,21.88,22.04,8238836.0
1438,2023-01-04,21.8,23.05,21.59,22.81,8609089.0
1439,2023-01-05,22.33,22.68,22.23,22.5,14083451.0
1440,2023-01-06,22.75,23.26,22.7,23.09,9888600.0
1441,2023-01-09,23.64,23.94,23.4,23.62,8845834.0
1442,2023-01-10,23.74,23.92,23.345,23.91,10677324.0
1443,2023-01-11,24.19,24.265,23.5,23.52,12896484.0
1444,2023-01-12,23.84,24.41,23.71,24.22,8092110.0
1445,2023-01-13,23.96,24.1,23.62,23.93,6763505.0
1446,2023-01-17,24.28,24.475,23.92,24.17,5842543.0
1447,2023-01-18,24.18,24.3399,23.5,23.51,6769800.0
1448,2023-01-19,23.5,24.27,23.3107,24.13,8341098.0
1449,2023-01-20,24.23,24.55,23.91,24.45,5553997.0
1450,2023-01-23,24.58,24.75,24.311,24.61,6197028.0
1451,2023-01-24,24.51,25.03,23.95,24.03,5222373.0
1452,2023-01-25,23.91,23.9779,23.485,23.93,5763533.0
1453,2023-01-26,24.09,24.18,23.3,24.09,8124393.0
1454,2023-01-27,24.2,24.32,23.93,24.16,4526399.0
1455,2023-01-30,23.66,24.085,23.465,23.49,5026610.0
1456,2023-01-31,23.61,23.87,23.33,23.86,5245412.0
1457,2023-02-01,23.67,23.73,22.99,23.37,7692104.0
1458,2023-02-02,23.45,23.97,23.23,23.56,9431493.0
1459,2023-02-03,23.51,23.89,23.055,23.09,6878874.0
1460,2023-02-06,23.03,23.125,22.4,22.64,7886983.0
1461,2023-02-07,22.83,23.13,22.5505,23.09,6624277.0
1462,2023-02-08,22.98,23.105,22.545,22.98,9112663.0
1463,2023-02-09,23.04,23.51,22.95,23.19,6564369.0
1464,2023-02-10,23.58,23.9882,23.47,23.9,9166488.0
1465,2023-02-13,23.75,24.1,23.64,23.84,6350985.0
1466,2023-02-14,23.77,24.48,23.72,24.38,6936182.0
1467,2023-02-15,24.02,24.12,23.615,23.75,9190744.0
1468,2023-02-16,23.73,23.96,23.425,23.44,7158006.0
1469,2023-02-17,23.21,23.25,22.15,22.23,13913717.0
1470,2023-02-21,22.08,22.21,21.8,21.83,10038639.0
1471,2023-02-22,22.01,22.23,21.69,22.09,10539063.0
1472,2023-02-23,23.02,23.82,22.89,23.5,15050236.0
1473,2023-02-24,23.24,24.46,23.18,24.39,15083203.0
1474,2023-02-27,24.38,24.395,23.71,24.21,9762800.0
1475,2023-02-28,24.38,24.38,23.8,23.8,9116160.0
1476,2023-03-01,23.74,24.245,23.44,24.07,9049610.0
1477,2023-03-02,24.06,24.78,23.915,24.64,7973474.0
1478,2023-03-03,24.41,25.34,24.24,25.17,9134890.0
1479,2023-03-06,24.7,24.83,24.29,24.49,9020192.0
1480,2023-03-07,24.51,24.87,24.28,24.7,8907905.0
1481,2023-03-08,24.55,24.92,23.76,23.98,11969601.0
1482,2023-03-09,24.22,24.745,23.87,23.94,12826002.0
1483,2023-03-10,23.92,24.12,23.19,23.42,11116986.0
1484,2023-03-13,22.79,23.865,22.49,23.3,14037936.0
1485,2023-03-14,23.34,24.24,23.245,23.72,11055592.0
1486,2023-03-15,22.85,23.045,21.65,22.18,17339263.0
1487,2023-03-16,21.76,22.92,21.66,22.91,10882007.0
1488,2023-03-17,22.89,23.27,22.28,22.59,36604180.0
1489,2023-03-20,22.54,23.22,22.46,22.99,7931299.0
1490,2023-03-21,23.33,23.675,23.135,23.53,7153942.0
1491,2023-03-22,23.51,23.6,22.89,22.9,8005112.0
1492,2023-03-23,22.9,23.2,22.235,22.5,11262197.0
1493,2023-03-24,22.21,23.12,22.055,23.08,11470382.0
1494,2023-03-27,23.15,23.45,22.815,23.16,9405824.0
1495,2023-03-28,23.11,23.59,23.03,23.38,6007785.0
1496,2023-03-29,23.67,23.71,23.3,23.51,6091422.0
1497,2023-03-30,23.67,23.71,23.09,23.44,7305544.0
1498,2023-03-31,23.71,24.09,23.59,23.94,7829915.0
1499,2023-04-03,24.8,25.0,24.24,24.52,12704871.0
1500,2023-04-04,24.59,24.59,24.125,24.49,7615505.0
1501,2023-04-05,24.6,24.82,24.22,24.81,5770401.0
1502,2023-04-06,24.61,24.73,24.295,24.34,5166495.0
1503,2023-04-10,24.6,25.3376,24.585,25.05,5658999.0
1504,2023-04-11,25.2,25.525,25.055,25.36,7235254.0
1505,2023-04-12,25.45,25.76,25.15,25.16,6081296.0
1506,2023-04-13,25.05,25.27,24.875,25.14,6521167.0
1507,2023-04-14,25.14,25.3,24.885,25.16,5307313.0
1508,2023-04-17,25.33,25.4,24.96,25.08,5864208.0
1509,2023-04-18,24.99,25.34,24.98,25.16,5573144.0
1510,2023-04-19,24.69,25.11,24.57,25.1,6997722.0
1511,2023-04-20,24.96,25.185,24.85,24.96,5718842.0
1512,2023-04-21,25.05,25.11,24.76,24.86,4034692.0
1513,2023-04-24,24.84,25.18,24.685,25.1,5065025.0
1514,2023-04-25,24.89,25.07,24.46,24.55,6309630.0
1515,2023-04-26,24.33,24.55,23.99,24.09,6028497.0
1516,2023-04-27,24.15,24.72,24.12,24.56,5943799.0
1517,2023-04-28,24.52,25.275,24.46,25.0,7271873.0
1518,2023-05-01,24.63,25.025,24.58,24.84,5181562.0
1519,2023-05-02,24.44,24.53,23.38,23.71,8892039.0
1520,2023-05-03,23.32,23.84,23.22,23.5,6105107.0
1521,2023-05-04,23.63,23.94,23.43,23.54,9054598.0
1522,2023-05-05,25.0,25.72,24.345,24.49,12854505.0
1523,2023-05-08,24.89,25.08,24.205,24.26,6530810.0
1524,2023-05-09,24.03,24.56,24.0,24.24,4628681.0
1525,2023-05-10,24.32,24.4,23.735,23.86,4995574.0
1526,2023-05-11,23.68,23.955,23.56,23.76,4728907.0
1527,2023-05-12,23.99,24.21,23.7,24.2,5050169.0
1528,2023-05-15,24.5,25.19,24.41,24.96,9044311.0
1529,2023-05-16,24.94,25.125,24.17,24.18,8518028.0
1530,2023-05-17,24.32,24.425,23.915,24.04,6553144.0
1531,2023-05-18,24.04,24.85,23.92,24.85,11137524.0
1532,2023-05-19,25.16,25.2872,24.88,25.03,7687632.0
1533,2023-05-22,24.94,25.545,24.85,25.29,7150621.0
1534,2023-05-23,25.55,25.61,25.135,25.17,6987424.0
1535,2023-05-24,25.4,25.4,24.78,24.91,7080469.0
1536,2023-05-25,24.59,24.63,24.205,24.43,6309015.0
1537,2023-05-26,24.45,24.5,23.724,23.84,7407077.0
1538,2023-05-30,23.4,23.52,22.98,23.15,8557954.0
1539,2023-05-31,22.93,23.17,22.655,22.85,14939953.0
1540,2023-06-01,22.81,23.0,22.51,22.57,9864873.0
1541,2023-06-02,22.86,23.65,22.85,23.5,8801819.0
1542,2023-06-05,23.98,23.755,23.295,23.33,6499405.0
1543,2023-06-06,23.0,23.85,22.985,23.77,4943631.0
1544,2023-06-07,23.95,24.58,23.89,24.44,6020945.0
1545,2023-06-08,24.31,24.46,23.87,24.15,5886497.0
1546,2023-06-09,24.1,24.38,24.0,24.17,5431215.0
1547,2023-06-12,23.8,24.145,23.73,24.07,5810031.0
1548,2023-06-13,24.21,24.61,24.12,24.35,7347629.0
1549,2023-06-14,24.52,24.53,23.59,23.86,7413545.0
1550,2023-06-15,24.01,24.77,23.94,24.68,9597955.0
1551,2023-06-16,24.72,25.05,24.61,24.81,21775552.0
1552,2023-06-20,24.75,24.76,23.96,24.04,6658441.0
1553,2023-06-21,24.16,24.36,23.91,24.02,7232218.0
1554,2023-06-22,23.86,23.905,23.44,23.52,5098887.0
1555,2023-06-23,23.25,23.5,23.205,23.32,9643214.0
1556,2023-06-26,23.32,23.82,23.25,23.56,5934950.0
1557,2023-06-27,23.83,24.1275,23.66,23.87,7948484.0
1558,2023-06-28,24.06,24.15,23.71,24.07,5421997.0
1559,2023-06-29,24.245,24.74,24.04,24.73,6283945.0
1560,2023-06-30,24.89,25.04,24.44,24.9,6511018.0
1561,2023-07-03,24.82,25.08,24.73,24.77,2982729.0
1562,2023-07-05,24.92,25.01,24.555,24.79,5016537.0
1563,2023-07-06,24.6,24.64,23.925,24.42,5336407.0
1564,2023-07-07,24.31,25.23,24.26,24.84,10299386.0
1565,2023-07-10,24.76,25.14,24.65,25.12,4722696.0
1566,2023-07-11,25.19,26.01,25.08,25.99,6829463.0
1567,2023-07-12,26.03,26.28,25.94,26.08,6940267.0
1568,2023-07-13,26.03,26.41,25.885,26.05,7066181.0
1569,2023-07-14,25.94,25.95,25.03,25.07,5554974.0
1570,2023-07-17,25.08,25.29,24.9022,25.12,5691765.0
1571,2023-07-18,25.24,26.28,25.16,26.06,8460093.0
1572,2023-07-19,26.1,26.295,25.965,26.1,4749493.0
1573,2023-07-20,26.35,26.69,26.14,26.48,5084302.0
1574,2023-07-21,26.59,26.6,26.24,26.31,4798521.0
1575,2023-07-24,26.37,26.66,26.25,26.47,5640419.0
1576,2023-07-25,26.52,26.86,26.3101,26.75,6534284.0
1577,2023-07-26,26.48,26.92,26.35,26.75,4569030.0
1578,2023-07-27,26.95,27.065,26.49,26.57,4717243.0
1579,2023-07-28,26.89,27.04,26.54,27.01,4725204.0
1580,2023-07-31,27.14,27.23,27.0,27.14,5418742.0
1581,2023-08-01,26.89,27.245,26.78,27.2,6411948.0
1582,2023-08-02,27.11,27.15,26.34,26.63,5195878.0
1583,2023-08-03,26.78,27.44,26.655,27.3,4977705.0
1584,2023-08-04,27.49,27.625,27.15,27.17,7128667.0
1585,2023-08-07,27.33,27.725,27.31,27.4,7636664.0
1586,2023-08-08,26.25,27.255,26.01,27.2,10956177.0
1587,2023-08-09,27.75,28.51,27.63,27.89,10552882.0
1588,2023-08-10,27.77,28.06,27.28,27.42,5906924.0
1589,2023-08-11,27.32,27.78,27.32,27.65,5615639.0
1590,2023-08-14,27.94,28.005,27.42,27.57,5336344.0
1591,2023-08-15,27.35,27.45,27.11,27.25,5507810.0
1592,2023-08-16,27.33,27.635,27.33,27.36,4581652.0
1593,2023-08-17,27.8,28.135,27.66,27.73,4689479.0
1594,2023-08-18,27.43,27.7,27.37,27.58,7004202.0
1595,2023-08-21,27.9,28.045,27.54,28.0,4656730.0
1596,2023-08-22,27.97,28.07,27.64,27.7,3838636.0
1597,2023-08-23,27.39,27.495,27.08,27.43,5460377.0
1598,2023-08-24,27.22,27.68,27.19,27.6,5657417.0
1599,2023-08-25,27.76,27.8,27.362,27.54,4702975.0
1600,2023-08-28,27.77,28.03,27.52,27.69,2822256.0
1601,2023-08-29,27.7,27.85,27.47,27.85,3676314.0
1602,2023-08-30,27.91,28.15,27.83,27.94,4256736.0
1603,2023-08-31,27.95,28.08,27.76,27.99,5752209.0
1604,2023-09-01,28.3,28.49,28.195,28.26,4288892.0
1605,2023-09-05,28.26,28.52,27.93,27.95,6228095.0
1606,2023-09-06,27.75,28.025,27.58,27.87,5122926.0
1607,2023-09-07,27.71,28.06,27.63,27.76,7031866.0
1608,2023-09-08,28.05,28.39,27.93,28.0,5627701.0
1609,2023-09-11,28.14,28.27,27.43,27.55,4412032.0
1610,2023-09-12,27.82,28.27,27.8,28.27,4031974.0
1611,2023-09-13,28.3,28.36,27.92,28.11,3597787.0
1612,2023-09-14,28.44,28.615,28.225,28.35,4584265.0
1613,2023-09-15,28.09,28.35,27.7,27.72,10826212.0
1614,2023-09-18,27.87,27.96,27.34,27.7,5810103.0
1615,2023-09-19,28.02,28.02,27.23,27.34,5212296.0
1616,2023-09-20,27.06,27.425,26.695,26.72,4994035.0
1617,2023-09-21,26.81,26.87,25.78,25.9,7257945.0
1618,2023-09-22,26.11,26.515,25.825,25.85,8301600.0
1619,2023-09-25,25.9,26.55,25.9,26.37,6054814.0
1620,2023-09-26,26.0,26.485,25.97,26.14,5262676.0
1621,2023-09-27,26.64,27.1,26.455,26.94,4936884.0
1622,2023-09-28,26.86,27.435,26.84,27.33,4868007.0
1623,2023-09-29,27.27,27.4,26.81,26.85,4998722.0
1624,2023-10-02,26.75,26.79,25.93,26.12,7588874.0
1625,2023-10-03,26.115,26.23,25.8,26.14,5016327.0
1626,2023-10-04,25.98,26.09,25.24,25.63,7253528.0
1627,2023-10-05,25.46,26.0099,25.42,25.91,6375657.0
1628,2023-10-06,26.25,26.93,26.161,26.6,7578334.0
1629,2023-10-09,27.11,27.97,27.11,27.95,7501613.0
1630,2023-10-10,28.0,28.16,27.85,27.89,4565497.0
1631,2023-10-11,27.8,28.13,27.49,28.05,5721598.0
1632,2023-10-12,28.11,28.4,28.0,28.37,4916691.0
1633,2023-10-13,28.79,29.125,28.61,28.89,6191876.0
1634,2023-10-16,28.9,29.04,28.665,29.01,4124098.0
1635,2023-10-17,28.97,29.385,28.97,29.2,5023038.0
1636,2023-10-18,29.44,29.69,29.3,29.51,4969450.0
1637,2023-10-19,29.51,29.59,29.2406,29.4,4504980.0
1638,2023-10-20,29.29,29.35,28.64,28.73,5296665.0
1639,2023-10-23,28.47,28.55,28.1,28.2,5862318.0
1640,2023-10-24,28.41,28.5,28.14,28.16,4679265.0
1641,2023-10-25,28.17,28.33,27.89,28.03,6799190.0
1642,2023-10-26,27.67,28.09,27.4421,27.72,11157735.0
1643,2023-10-27,27.84,27.87,27.32,27.5,6661695.0
1644,2023-10-30,27.36,27.56,26.845,27.13,7163384.0
1645,2023-10-31,27.25,27.415,26.99,27.3,7943719.0
1646,2023-11-01,27.29,27.73,27.02,27.35,6437910.0
1647,2023-11-02,27.26,28.06,27.08,27.87,9721394.0
1648,2023-11-03,27.93,28.045,27.675,27.84,8826761.0
1649,2023-11-06,27.84,27.92,26.99,27.24,8123382.0
1650,2023-11-07,27.55,27.84,26.97,27.25,13972594.0
1651,2023-11-08,27.21,27.365,26.58,26.68,9768048.0
1652,2023-11-09,26.84,26.93,26.37,26.6,10085279.0
1653,2023-11-10,26.91,26.97,26.495,26.77,7169743.0
1654,2023-11-13,26.94,26.96,26.66,26.79,5308236.0
1655,2023-11-14,26.82,27.25,26.76,27.01,5503148.0
1656,2023-11-15,27.08,27.455,27.05,27.15,5004831.0
1657,2023-11-16,26.8,27.06,26.205,26.33,7859397.0
1658,2023-11-17,26.52,27.04,26.4597,26.75,7284620.0
1659,2023-11-20,26.91,26.94,26.46,26.68,4955619.0
1660,2023-11-21,26.59,26.69,26.35,26.53,4354910.0
1661,2023-11-22,26.02,26.68,25.76,26.67,5048708.0
1662,2023-11-24,26.55,26.825,26.48,26.77,2161654.0
1663,2023-11-27,26.59,26.59,26.115,26.27,4951434.0
1664,2023-11-28,26.37,26.6,26.06,26.07,5316698.0
1665,2023-11-29,26.14,26.26,25.97,26.09,4174414.0
1666,2023-11-30,26.29,26.64,25.9601,26.25,8915596.0
1667,2023-12-01,26.2,26.55,26.1,26.14,6027065.0
1668,2023-12-04,25.88,26.22,25.72,25.79,8081990.0
1669,2023-12-05,25.9,25.96,25.33,25.34,5457893.0
1670,2023-12-06,25.19,25.29,24.67,24.78,8607431.0
1671,2023-12-07,24.96,25.015,24.4525,24.58,8553965.0
1672,2023-12-08,24.71,24.8,24.545,24.7,4829686.0
1673,2023-12-11,24.56,24.9,24.4,24.86,7848029.0
1674,2023-12-12,24.59,24.62,24.28,24.42,6526524.0
1675,2023-12-13,24.5,24.695,24.25,24.66,8660711.0
1676,2023-12-14,25.01,25.58,25.01,25.57,9206688.0
1677,2023-12-15,25.37,25.47,24.96,25.13,19496574.0
1678,2023-12-18,25.82,25.96,25.495,25.53,6777038.0
1679,2023-12-19,25.37,25.67,25.2599,25.66,4871253.0
1680,2023-12-20,25.7,25.825,25.18,25.23,5341573.0
1681,2023-12-21,25.39,25.76,25.275,25.74,4782879.0
1682,2023-12-22,25.9,25.945,25.695,25.78,3901837.0
1683,2023-12-26,25.88,26.07,25.79,25.91,2895364.0
1684,2023-12-27,25.96,26.09,25.705,25.83,3248987.0
1685,2023-12-28,25.86,25.995,25.65,25.65,3720545.0
1686,2023-12-29,25.68,25.77,25.44,25.52,4075585.0
1687,2024-01-02,25.71,25.95,25.565,25.69,5233317.0
1688,2024-01-03,25.7,25.98,25.565,25.89,4181103.0
1689,2024-01-04,26.06,26.09,25.34,25.39,6989301.0
1690,2024-01-05,25.66,25.71,25.28,25.66,8725330.0
1691,2024-01-08,25.22,25.58,24.8,25.55,6894022.0
1692,2024-01-09,25.62,25.855,25.385,25.75,8716780.0
1693,2024-01-10,25.55,25.569,25.1,25.37,5251954.0
1694,2024-01-11,25.47,25.565,25.16,25.18,7488929.0
1695,2024-01-12,25.64,25.9,25.39,25.57,4902692.0
1696,2024-01-16,25.35,25.37,24.795,24.82,8744638.0
1697,2024-01-17,24.6,25.0,24.53,24.59,7517908.0
1698,2024-01-18,24.555,24.66,24.26,24.61,6650205.0
1699,2024-01-19,24.51,24.51,24.2,24.38,7489964.0
1700,2024-01-22,24.25,24.515,24.06,24.35,6860476.0
1701,2024-01-23,24.27,24.73,24.27,24.63,6876817.0
1702,2024-01-24,24.82,25.1,24.78,25.02,7376318.0
1703,2024-01-25,25.19,25.295,24.935,25.26,6597285.0
1704,2024-01-26,25.34,25.42,24.99,25.29,7024953.0
1705,2024-01-29,25.13,25.13,24.835,25.06,5373912.0
1706,2024-01-30,24.83,25.39,24.78,25.31,6827058.0
1707,2024-01-31,25.33,25.33,24.87,24.88,5689990.0
1708,2024-02-01,24.92,25.06,24.465,24.62,5138631.0
1709,2024-02-02,24.61,24.75,24.385,24.55,5345457.0
1710,2024-02-05,24.43,24.43,24.09,24.19,4441787.0
1711,2024-02-06,24.23,24.585,24.1,24.32,4478100.0
1712,2024-02-07,24.39,24.435,24.145,24.36,4960937.0
1713,2024-02-08,24.31,24.695,24.26,24.5,5154515.0
1714,2024-02-09,24.37,24.525,24.2,24.3,4952988.0
1715,2024-02-12,24.42,24.665,24.39,24.61,6410062.0
1716,2024-02-13,24.53,24.57,23.96,24.08,7628949.0
1717,2024-02-14,24.14,24.1672,23.73,23.91,7822283.0
1718,2024-02-15,23.98,24.78,23.98,24.66,8510982.0
1719,2024-02-16,24.73,24.88,24.42,24.68,9213038.0
