,date,open,high,low,close,volume
0,2018-12-28,43.2,43.7,41.97,42.63,4501295.0
1,2018-12-31,42.7,46.07,42.7,46.07,5818707.0
2,2019-01-02,45.43,46.3,43.26,44.32,6108745.0
3,2019-01-03,43.76,44.2,41.98,42.33,6902591.0
4,2019-01-04,42.86,44.16,42.06,43.22,8906759.0
5,2019-01-07,43.13,44.58,42.73,43.52,4925854.0
6,2019-01-08,44.34,45.02,43.59,44.07,7286293.0
7,2019-01-09,44.27,44.59,43.98,44.14,3299487.0
8,2019-01-10,44.14,44.59,42.1,42.39,3563658.0
9,2019-01-11,42.15,42.92,41.6,41.67,2699938.0
10,2019-01-14,41.27,41.45,39.96,40.0,3665791.0
11,2019-01-15,40.25,40.9,39.68,40.21,2829122.0
12,2019-01-16,40.0,40.41,39.22,39.82,2457785.0
13,2019-01-17,39.91,40.92,39.77,40.91,3542398.0
14,2019-01-18,40.98,40.99,40.31,40.55,3256453.0
15,2019-01-22,41.08,41.85,40.51,41.26,3170925.0
16,2019-01-23,42.38,43.09,41.62,41.82,3151667.0
17,2019-01-24,42.11,42.34,41.41,42.16,3552057.0
18,2019-01-25,42.43,43.2,42.42,43.11,2618199.0
19,2019-01-28,43.1,44.59,42.82,44.1,5951169.0
20,2019-01-29,44.3,44.53,43.7,44.05,3558667.0
21,2019-01-30,44.55,45.2,44.36,45.2,3981677.0
22,2019-01-31,45.03,46.7,44.91,45.79,3741082.0
23,2019-02-01,46.18,46.95,45.7,46.85,1816212.0
24,2019-02-04,47.21,49.01,47.21,48.03,3190359.0
25,2019-02-05,48.47,48.8,47.84,48.27,2754687.0
26,2019-02-06,48.35,49.11,48.04,48.14,2836225.0
27,2019-02-07,47.8,48.01,46.98,47.64,1782469.0
28,2019-02-08,47.25,48.79,46.85,48.69,1793835.0
29,2019-02-11,49.07,49.27,48.25,49.22,2720050.0
30,2019-02-12,49.62,50.99,49.41,50.8,3379095.0
31,2019-02-13,51.1,51.82,50.58,51.15,1776079.0
32,2019-02-14,50.88,51.79,50.72,51.58,2599127.0
33,2019-02-15,51.99,53.09,51.2,52.2,2295810.0
34,2019-02-19,52.29,52.68,51.75,52.24,1257524.0
35,2019-02-20,52.47,53.0,51.83,52.74,1382086.0
36,2019-02-21,52.76,53.28,52.48,52.74,1943303.0
37,2019-02-22,53.03,53.38,52.75,53.38,1847279.0
38,2019-02-25,53.66,54.11,53.51,53.84,2337605.0
39,2019-02-26,53.5,54.31,52.82,53.93,2341283.0
40,2019-02-27,53.74,54.0,53.39,53.45,1690779.0
41,2019-02-28,53.4,53.7,52.37,53.02,4132144.0
42,2019-03-01,54.88,56.19,53.39,53.85,3514824.0
43,2019-03-04,54.27,54.34,51.7,52.54,2978420.0
44,2019-03-05,52.45,53.04,51.66,52.32,2789067.0
45,2019-03-06,52.02,52.02,50.05,50.93,2515284.0
46,2019-03-07,50.82,51.61,50.02,50.33,1851117.0
47,2019-03-08,49.78,49.99,48.78,49.55,1914241.0
48,2019-03-11,49.6,51.43,49.46,51.35,1782684.0
49,2019-03-12,51.44,52.65,51.38,51.9,2481471.0
50,2019-03-13,52.35,52.76,51.96,52.15,2069917.0
51,2019-03-14,53.2,55.2,52.89,54.38,3868951.0
52,2019-03-15,55.13,57.47,55.1,57.43,5696294.0
53,2019-03-18,57.55,58.36,56.94,57.69,2664293.0
54,2019-03-19,58.2,58.38,57.52,57.64,2018091.0
55,2019-03-20,57.58,57.96,56.45,56.83,2600638.0
56,2019-03-21,56.69,58.14,56.6,57.91,1650856.0
57,2019-03-22,57.1,58.37,56.71,56.75,1505491.0
58,2019-03-25,56.7,56.7,54.32,54.49,1880323.0
59,2019-03-26,55.12,56.18,54.58,56.09,1788275.0
60,2019-03-27,56.21,57.09,54.63,54.74,1839182.0
61,2019-03-28,54.66,55.09,53.86,54.12,1724909.0
62,2019-03-29,54.42,55.99,54.35,55.89,1899335.0
63,2019-04-01,56.98,57.64,56.72,57.63,1786084.0
64,2019-04-02,57.41,58.51,56.94,58.47,2355610.0
65,2019-04-03,58.46,58.85,57.85,58.79,2100249.0
66,2019-04-04,58.72,58.79,56.42,57.54,2160024.0
67,2019-04-05,57.64,59.59,57.64,59.4,2204599.0
68,2019-04-08,59.36,59.86,58.66,59.69,1336775.0
69,2019-04-09,59.49,59.6,58.51,58.93,1282694.0
70,2019-04-10,58.98,60.83,58.94,60.49,1678155.0
71,2019-04-11,60.67,61.07,59.96,61.06,1947856.0
72,2019-04-12,61.24,61.78,60.37,60.71,1205535.0
73,2019-04-15,60.8,61.17,60.27,61.08,1161186.0
74,2019-04-16,61.56,61.65,59.88,59.99,1125705.0
75,2019-04-17,60.31,60.7,59.71,59.95,1033769.0
76,2019-04-18,59.94,60.19,59.12,60.05,1047574.0
77,2019-04-22,59.98,60.45,59.72,60.45,1080758.0
78,2019-04-23,60.42,62.44,60.29,62.2,1540505.0
79,2019-04-24,62.18,63.65,61.96,63.45,1549877.0
80,2019-04-25,63.4,64.41,62.82,64.2,1617205.0
81,2019-04-26,63.26,63.85,61.98,62.56,1529726.0
82,2019-04-29,62.6,62.98,62.22,62.75,1241321.0
83,2019-04-30,62.85,64.7,62.85,64.61,1209213.0
84,2019-05-01,65.1,66.4,64.61,65.78,2090476.0
85,2019-05-02,65.64,66.15,63.64,65.34,1964541.0
86,2019-05-03,65.93,66.5,65.45,65.9,942796.0
87,2019-05-06,64.44,65.71,64.29,65.39,674748.0
88,2019-05-07,64.75,65.48,63.42,64.69,1419323.0
89,2019-05-08,64.24,64.5,63.71,64.3,1025087.0
90,2019-05-09,63.25,64.49,62.85,64.29,1386919.0
91,2019-05-10,63.97,64.59,62.75,64.36,715679.0
92,2019-05-13,62.29,63.1,60.9,61.24,2626077.0
93,2019-05-14,61.46,63.93,61.3,63.35,992600.0
94,2019-05-15,62.86,65.47,62.7,65.1,1040089.0
95,2019-05-16,65.25,67.43,65.11,67.0,1034877.0
96,2019-05-17,66.19,67.75,65.71,66.63,1489272.0
97,2019-05-20,65.79,66.16,64.28,65.2,1343412.0
98,2019-05-21,66.12,67.35,65.62,66.85,1176905.0
99,2019-05-22,67.46,67.59,65.87,66.2,1567311.0
100,2019-05-23,64.84,64.84,61.75,62.9,3143732.0
101,2019-05-24,63.22,64.39,62.5,63.32,1893429.0
102,2019-05-28,63.38,65.07,63.2,63.61,1789583.0
103,2019-05-29,62.98,63.42,61.9,63.4,2412378.0
104,2019-05-30,63.72,64.51,62.72,63.61,2084667.0
105,2019-05-31,57.86,59.36,54.31,56.75,7916974.0
106,2019-06-03,56.6,56.73,52.65,53.06,3226378.0
107,2019-06-04,54.19,54.96,53.13,54.88,2573473.0
108,2019-06-05,54.99,55.25,50.96,51.7,3744651.0
109,2019-06-06,52.15,52.23,49.32,50.43,3874531.0
110,2019-06-07,50.6,52.35,50.21,51.5,2291218.0
111,2019-06-10,52.01,52.73,51.23,51.4,1854807.0
112,2019-06-11,51.67,52.09,50.79,51.54,1776848.0
113,2019-06-12,51.41,52.12,50.15,50.23,1280845.0
114,2019-06-13,50.19,51.22,49.72,51.03,2066860.0
115,2019-06-14,50.15,50.71,47.96,48.52,1842166.0
116,2019-06-17,48.69,48.87,47.77,47.83,1671932.0
117,2019-06-18,48.4,49.85,48.11,48.71,2276235.0
118,2019-06-19,49.21,50.75,48.75,50.62,2112610.0
119,2019-06-20,52.2,54.46,50.52,51.61,2503550.0
120,2019-06-21,51.27,51.81,50.7,51.19,2521046.0
121,2019-06-24,51.19,51.5,50.26,50.5,1817073.0
122,2019-06-25,50.5,51.07,49.4,49.51,2297690.0
123,2019-06-26,50.16,50.95,49.98,50.43,965827.0
124,2019-06-27,49.65,50.06,47.77,49.41,4849842.0
125,2019-06-28,49.86,49.96,47.85,48.0,7041910.0
126,2019-07-01,49.41,49.44,48.44,48.76,3539483.0
127,2019-07-02,48.42,49.39,47.8,49.38,2521258.0
128,2019-07-03,49.07,50.16,48.43,50.12,2605352.0
129,2019-07-05,49.33,49.85,48.99,49.57,2093717.0
130,2019-07-08,49.0,49.28,48.18,48.49,3000176.0
131,2019-07-09,48.16,48.53,47.83,48.3,2685756.0
132,2019-07-10,48.73,50.2,48.34,49.49,4608306.0
133,2019-07-11,49.46,50.68,49.37,50.68,2988340.0
134,2019-07-12,51.05,51.53,50.43,50.98,3657868.0
135,2019-07-15,51.2,52.48,51.15,52.42,4030328.0
136,2019-07-16,52.72,54.19,52.33,53.21,3608037.0
137,2019-07-17,53.2,53.72,52.57,53.7,1801501.0
138,2019-07-18,53.44,54.99,52.96,54.59,2211359.0
139,2019-07-19,55.15,56.37,53.8,54.0,2994772.0
140,2019-07-22,54.26,54.58,53.59,53.62,1657268.0
141,2019-07-23,53.9,53.9,51.84,52.66,2300744.0
142,2019-07-24,52.37,53.53,52.37,53.42,1450008.0
143,2019-07-25,53.52,53.86,51.97,52.27,1872224.0
144,2019-07-26,52.33,52.69,51.99,52.48,1656726.0
145,2019-07-29,53.02,53.44,51.65,53.17,1942706.0
146,2019-07-30,52.93,54.59,52.68,54.43,2043719.0
147,2019-07-31,54.48,55.19,53.77,54.94,2731565.0
148,2019-08-01,55.14,56.35,54.5,54.89,2519277.0
149,2019-08-02,52.05,52.7,48.65,49.61,10527193.0
150,2019-08-05,48.21,48.29,45.48,47.62,5672892.0
151,2019-08-06,48.11,48.72,46.65,47.97,3671768.0
152,2019-08-07,47.82,47.82,47.82,47.82,13886.0
153,2019-08-08,47.82,49.24,47.82,48.53,2424518.0
154,2019-08-09,48.49,48.49,47.0,47.63,1278244.0
155,2019-08-12,47.25,47.44,46.38,46.71,1395835.0
156,2019-08-13,46.45,48.11,45.92,46.72,3584128.0
157,2019-08-14,45.89,46.19,44.16,45.8,4116890.0
158,2019-08-15,45.34,45.57,43.44,44.1,2903129.0
159,2019-08-16,44.59,46.39,44.45,45.63,2488166.0
160,2019-08-19,46.51,46.83,45.98,46.25,2006704.0
161,2019-08-20,45.92,46.5,45.39,45.67,1842681.0
162,2019-08-21,45.87,46.94,45.75,46.18,1390061.0
163,2019-08-22,46.63,46.76,45.62,46.24,1622364.0
164,2019-08-23,44.95,45.14,42.93,43.01,3671650.0
165,2019-08-26,43.2,44.28,43.15,43.61,2041326.0
166,2019-08-27,44.15,44.37,42.47,42.8,1954813.0
167,2019-08-28,42.72,42.82,41.55,42.5,2092046.0
168,2019-08-29,42.95,44.13,42.85,43.97,3736297.0
169,2019-08-30,48.05,50.4,46.85,48.73,16012606.0
170,2019-09-03,48.23,49.08,47.8,48.27,4175946.0
171,2019-09-04,48.7,49.08,47.47,48.4,2795156.0
172,2019-09-05,48.76,50.7,48.31,50.12,4600906.0
173,2019-09-06,50.2,50.99,49.46,50.56,3462562.0
174,2019-09-09,51.2,51.65,50.34,51.49,3633201.0
175,2019-09-10,51.08,53.05,50.45,52.68,3192312.0
176,2019-09-11,52.32,52.7,51.9,52.5,2998594.0
177,2019-09-12,52.75,53.13,51.25,51.35,2868867.0
178,2019-09-13,51.25,51.85,50.64,50.71,1411713.0
179,2019-09-16,50.2,51.75,50.08,51.3,1531187.0
180,2019-09-17,51.2,51.3,50.31,51.05,1440725.0
181,2019-09-18,51.13,51.13,49.21,50.0,1918055.0
182,2019-09-19,49.96,50.85,49.76,50.24,2891153.0
183,2019-09-20,50.39,50.54,48.91,49.05,3059627.0
184,2019-09-23,49.01,50.2,48.22,50.14,2484932.0
185,2019-09-24,50.26,50.85,48.86,49.4,3355082.0
186,2019-09-25,49.39,51.22,49.25,50.94,3074306.0
187,2019-09-26,50.2,50.2,48.52,49.35,3078139.0
188,2019-09-27,49.62,50.08,47.59,48.15,2221111.0
189,2019-09-30,48.15,49.23,48.07,49.06,1334834.0
190,2019-10-01,49.33,50.09,48.6,48.84,1937813.0
191,2019-10-02,48.7,48.71,47.36,47.98,1593286.0
192,2019-10-03,48.01,48.57,46.59,48.26,1349548.0
193,2019-10-04,48.43,48.7,47.4,47.47,1941147.0
194,2019-10-07,47.3,48.27,47.19,47.72,1588941.0
195,2019-10-08,47.39,47.57,45.99,46.01,1530788.0
196,2019-10-09,46.34,46.93,45.95,46.66,1321197.0
197,2019-10-10,46.61,46.79,46.09,46.2,2289893.0
198,2019-10-11,47.07,48.58,46.97,47.5,1528037.0
199,2019-10-14,47.45,47.95,47.31,47.88,786568.0
200,2019-10-15,47.7,48.94,47.55,48.33,1044717.0
201,2019-10-16,48.12,48.13,47.37,47.74,1007672.0
202,2019-10-17,48.04,48.45,47.51,47.57,1006453.0
203,2019-10-18,47.56,47.64,46.7,47.07,1766072.0
204,2019-10-21,47.1,47.71,46.79,47.19,1211131.0
205,2019-10-22,47.51,47.83,46.98,47.18,1038821.0
206,2019-10-23,47.09,47.61,46.46,47.5,1253426.0
207,2019-10-24,47.86,48.45,47.13,48.21,1530164.0
208,2019-10-25,48.31,49.52,48.15,48.88,1619011.0
209,2019-10-28,49.13,49.65,48.67,48.79,1581913.0
210,2019-10-29,48.85,50.47,48.76,50.45,2649258.0
211,2019-10-30,50.41,51.35,49.93,50.95,1702086.0
212,2019-10-31,50.85,51.0,49.31,50.09,1540981.0
213,2019-11-01,50.38,50.59,49.99,50.44,1215905.0
214,2019-11-04,51.05,51.33,50.68,51.04,1037109.0
215,2019-11-05,51.11,52.05,50.74,51.63,2067949.0
216,2019-11-06,52.2,52.2,50.9,51.53,1417387.0
217,2019-11-07,51.97,52.15,51.33,51.51,1475506.0
218,2019-11-08,51.56,51.79,50.75,51.51,994607.0
219,2019-11-11,51.02,52.07,50.85,51.72,927963.0
220,2019-11-12,51.99,52.98,51.85,52.63,2769108.0
221,2019-11-13,52.2,52.6,51.74,51.98,1162570.0
222,2019-11-14,51.6,53.39,51.37,52.25,1708182.0
223,2019-11-15,52.85,53.05,52.36,52.84,1425510.0
224,2019-11-18,52.85,53.09,52.27,52.77,979132.0
225,2019-11-19,52.86,53.88,52.48,53.41,1429577.0
226,2019-11-20,53.02,53.48,52.14,52.47,1435744.0
227,2019-11-21,52.44,52.8,50.89,50.91,1610989.0
228,2019-11-22,50.9,51.2,50.2,50.81,1445424.0
229,2019-11-25,51.2,52.81,51.2,52.26,1911416.0
230,2019-11-26,52.87,53.14,50.35,50.39,4685689.0
231,2019-11-27,48.25,49.36,46.95,47.52,13124962.0
232,2019-11-29,47.5,47.66,45.64,45.69,3235115.0
233,2019-12-02,45.55,45.87,44.53,44.92,3754499.0
234,2019-12-03,44.0,44.69,43.63,44.6,3926338.0
235,2019-12-04,45.1,45.3,44.74,44.88,2094791.0
236,2019-12-05,44.81,44.93,43.82,44.54,2065229.0
237,2019-12-06,44.7,45.9,44.23,44.32,3009964.0
238,2019-12-09,44.02,45.17,43.65,44.85,3799188.0
239,2019-12-10,44.61,45.18,44.33,44.56,3099575.0
240,2019-12-11,44.52,44.95,44.1,44.91,2216437.0
241,2019-12-12,44.52,46.86,44.28,46.7,2646479.0
242,2019-12-13,46.63,47.28,46.23,46.55,2642019.0
243,2019-12-16,47.19,47.35,46.47,46.69,3364839.0
244,2019-12-17,46.92,47.41,46.76,47.13,2366697.0
245,2019-12-18,47.2,47.79,46.82,47.2,2302836.0
246,2019-12-19,47.26,47.53,46.98,47.09,1518035.0
247,2019-12-20,47.5,47.75,46.71,46.82,2704519.0
248,2019-12-23,46.86,48.38,46.82,47.66,1628603.0
249,2019-12-24,47.65,48.53,47.45,48.03,958917.0
250,2019-12-26,48.46,49.48,48.31,49.21,1538144.0
251,2019-12-27,49.4,49.4,47.9,48.18,1575748.0
252,2019-12-30,48.08,48.76,47.7,48.11,1329156.0
253,2019-12-31,48.0,49.1,47.75,48.59,1653931.0
254,2020-01-02,49.26,49.82,48.75,49.49,2168428.0
255,2020-01-03,48.6,49.18,47.62,47.77,2254436.0
256,2020-01-06,47.29,48.49,47.29,48.28,2526371.0
257,2020-01-07,48.24,48.51,46.77,47.0,3139153.0
258,2020-01-08,46.7,47.24,46.35,47.2,3517461.0
259,2020-01-09,47.4,47.46,46.22,46.82,3628422.0
260,2020-01-10,46.82,47.14,46.61,46.71,2466082.0
261,2020-01-13,46.89,47.19,45.88,47.03,3414273.0
262,2020-01-14,47.03,48.73,47.01,48.06,3322667.0
263,2020-01-15,47.91,48.34,47.6,47.8,1979812.0
264,2020-01-16,48.21,48.93,47.89,48.54,2253620.0
265,2020-01-17,48.7,48.7,47.25,47.54,3295650.0
266,2020-01-21,47.35,47.37,46.1,46.49,2735521.0
267,2020-01-22,46.7,47.32,46.7,47.14,1371102.0
268,2020-01-23,47.22,47.67,46.57,47.57,1109049.0
269,2020-01-24,47.75,48.24,46.73,47.18,2001064.0
270,2020-01-27,45.86,46.09,45.17,45.35,3113607.0
271,2020-01-28,45.71,46.4,45.55,45.88,2141721.0
272,2020-01-29,46.15,46.4,45.74,46.15,1413478.0
273,2020-01-30,45.6,46.67,45.36,46.58,2403815.0
274,2020-01-31,46.33,46.45,45.35,45.97,2345623.0
275,2020-02-03,45.99,46.6,45.81,46.38,1654901.0
276,2020-02-04,47.2,48.68,46.64,48.23,2963234.0
277,2020-02-05,48.68,49.59,47.8,47.99,3719225.0
278,2020-02-06,48.36,50.13,48.26,50.05,3335844.0
279,2020-02-07,49.7,49.7,48.2,48.82,4722804.0
280,2020-02-10,48.2,49.37,47.76,49.31,2699991.0
281,2020-02-11,49.3,50.3,49.2,49.46,4402397.0
282,2020-02-12,49.93,50.72,49.78,50.5,3484352.0
283,2020-02-13,49.15,50.03,48.63,49.75,3426537.0
284,2020-02-14,50.15,50.75,49.83,50.08,2107587.0
285,2020-02-18,49.5,50.15,49.08,49.97,2605127.0
286,2020-02-19,50.1,50.79,49.95,50.54,2794103.0
287,2020-02-20,50.54,50.6,49.49,50.15,2691732.0
288,2020-02-21,49.9,50.01,48.41,48.92,2231833.0
289,2020-02-24,46.97,47.07,44.62,45.51,3682588.0
290,2020-02-25,46.25,46.4,43.37,43.42,3446498.0
291,2020-02-26,43.92,44.54,42.5,43.13,3474203.0
292,2020-02-27,41.73,42.74,40.1,40.76,5600611.0
293,2020-02-28,38.4,40.31,36.4,37.66,8619170.0
294,2020-03-02,37.92,39.69,36.6,39.59,4008515.0
295,2020-03-03,39.87,40.91,38.61,38.98,4671313.0
296,2020-03-04,39.69,40.58,38.39,40.58,3045413.0
297,2020-03-05,39.23,39.76,37.69,38.05,3618513.0
298,2020-03-06,36.2,38.08,35.82,36.82,4257916.0
299,2020-03-09,33.68,34.0,32.66,33.45,5555385.0
300,2020-03-10,34.9,36.58,32.7,36.34,5040357.0
301,2020-03-11,34.84,35.75,33.77,34.14,4772799.0
302,2020-03-12,31.18,32.12,29.51,29.94,6755988.0
303,2020-03-13,32.38,33.15,30.34,33.15,4887450.0
304,2020-03-16,26.38,31.51,26.38,29.41,5119269.0
305,2020-03-17,30.01,30.66,27.44,28.52,5056395.0
306,2020-03-18,26.2,27.35,22.71,26.07,4596000.0
307,2020-03-19,26.2,29.91,25.38,29.16,4255655.0
308,2020-03-20,30.04,34.09,29.22,29.69,6851883.0
309,2020-03-23,30.2,32.93,28.73,31.14,3720762.0
310,2020-03-24,33.66,36.06,31.73,36.05,3591011.0
311,2020-03-25,36.57,39.6,35.37,36.54,3745214.0
312,2020-03-26,37.14,40.1,36.7,39.74,3206731.0
313,2020-03-27,37.43,38.19,35.47,35.95,3198278.0
314,2020-03-30,36.91,38.37,35.98,37.0,3511941.0
315,2020-03-31,36.66,38.2,36.09,36.75,1772117.0
316,2020-04-01,34.95,36.06,33.71,34.1,2466359.0
317,2020-04-02,33.78,35.25,33.37,34.34,1973791.0
318,2020-04-03,34.17,34.88,32.73,33.64,2070719.0
319,2020-04-06,35.67,36.34,35.11,36.11,3273281.0
320,2020-04-07,37.12,37.98,35.35,35.57,3652008.0
321,2020-04-08,36.0,37.89,35.8,37.58,3406050.0
322,2020-04-09,38.87,39.95,38.34,38.76,4231325.0
323,2020-04-13,37.86,38.52,37.12,37.66,1740537.0
324,2020-04-14,38.39,39.55,38.0,38.54,2536594.0
325,2020-04-15,37.23,38.06,36.8,37.65,2087899.0
326,2020-04-16,37.94,38.39,37.07,38.3,1541857.0
327,2020-04-17,39.35,39.47,38.2,38.71,3242612.0
328,2020-04-20,37.54,38.96,37.35,38.16,2062800.0
329,2020-04-21,37.13,37.35,34.4,34.6,3554243.0
330,2020-04-22,35.5,36.4,35.09,35.95,3861132.0
331,2020-04-23,36.41,36.98,35.9,36.11,1442616.0
332,2020-04-24,36.53,37.18,35.7,36.89,1770886.0
333,2020-04-27,37.36,37.81,37.21,37.39,1528011.0
334,2020-04-28,38.19,38.56,37.4,38.04,2563071.0
335,2020-04-29,38.74,40.87,38.6,40.59,3335107.0
336,2020-04-30,40.2,40.63,39.54,39.89,1739971.0
337,2020-05-01,38.79,39.19,36.98,37.2,1876799.0
338,2020-05-04,36.87,37.77,35.99,37.75,1274668.0
339,2020-05-05,38.2,38.86,37.35,37.39,1089571.0
340,2020-05-06,37.8,38.33,37.41,37.69,1148127.0
341,2020-05-07,38.26,39.03,38.06,38.95,1120455.0
342,2020-05-08,39.6,41.0,39.46,40.85,2100486.0
343,2020-05-11,40.46,40.97,39.73,40.57,1592646.0
344,2020-05-12,40.74,40.99,39.45,39.45,2170231.0
345,2020-05-13,39.55,39.9,37.55,38.23,2175134.0
346,2020-05-14,37.36,39.1,36.5,39.06,1653754.0
347,2020-05-15,38.36,39.46,37.77,39.29,1555789.0
348,2020-05-18,40.07,41.58,39.75,40.98,1857803.0
349,2020-05-19,40.79,42.14,40.79,41.24,2155864.0
350,2020-05-20,41.62,42.16,40.96,41.86,2100597.0
351,2020-05-21,41.89,42.24,40.74,41.59,1762264.0
352,2020-05-22,40.6,41.0,39.09,40.27,2746470.0
353,2020-05-26,41.98,42.3,41.59,41.66,1942172.0
354,2020-05-27,42.2,42.77,40.88,42.77,2868571.0
355,2020-05-28,42.47,43.39,42.44,42.78,4352651.0
356,2020-05-29,46.2,47.2,45.2,46.84,11885231.0
357,2020-06-01,46.44,47.0,45.48,46.57,3815705.0
358,2020-06-02,46.6,46.84,45.82,46.35,2954103.0
359,2020-06-03,46.7,46.76,45.91,46.01,2634902.0
360,2020-06-04,45.64,46.44,45.35,46.4,2658990.0
361,2020-06-05,46.64,48.55,46.64,47.72,4157450.0
362,2020-06-08,48.2,49.24,48.0,48.86,3606767.0
363,2020-06-09,48.5,48.5,47.09,47.23,2398158.0
364,2020-06-10,47.27,47.43,46.16,46.59,1461477.0
365,2020-06-11,45.19,45.45,43.65,43.79,3114906.0
366,2020-06-12,45.57,45.88,43.29,44.1,1918562.0
367,2020-06-15,43.0,44.61,42.82,44.26,2197858.0
368,2020-06-16,45.72,45.9,44.33,44.88,1601918.0
369,2020-06-17,44.97,45.82,44.67,44.72,2080213.0
370,2020-06-18,44.44,44.74,43.93,44.62,2274428.0
371,2020-06-19,45.54,46.72,45.26,46.12,3071526.0
372,2020-06-22,45.81,46.46,45.04,45.49,1822050.0
373,2020-06-23,46.03,46.72,45.54,46.21,5178415.0
374,2020-06-24,52.05,52.1,48.91,50.3,15953562.0
375,2020-06-25,49.63,49.74,47.98,48.8,3750985.0
376,2020-06-26,48.41,50.12,48.0,49.45,5094063.0
377,2020-06-29,49.87,51.12,49.02,50.96,3944626.0
378,2020-06-30,51.02,52.43,50.62,52.14,3064251.0
379,2020-07-01,52.26,52.77,51.27,51.48,2785953.0
380,2020-07-02,52.36,52.94,50.92,50.95,1860923.0
381,2020-07-06,51.7,51.87,50.96,51.26,1707298.0
382,2020-07-07,50.81,51.15,50.08,50.15,1814568.0
383,2020-07-08,50.39,51.35,50.1,51.35,2070602.0
384,2020-07-09,51.6,51.6,50.2,50.89,1392383.0
385,2020-07-10,50.7,50.89,50.12,50.63,1158214.0
386,2020-07-13,50.7,50.89,48.95,48.97,2103503.0
387,2020-07-14,48.55,49.76,48.28,49.7,1333217.0
388,2020-07-15,49.89,50.59,49.36,49.88,1949432.0
389,2020-07-16,55.82,58.83,55.75,56.3,25350175.0
390,2020-07-17,55.96,57.84,55.14,57.57,5682021.0
391,2020-07-20,57.5,59.05,57.38,58.65,3104084.0
392,2020-07-21,58.9,59.7,58.25,58.26,2764863.0
393,2020-07-22,58.54,59.71,58.39,58.96,2886676.0
394,2020-07-23,58.96,60.09,58.12,58.72,2143164.0
395,2020-07-24,57.85,58.41,57.43,58.0,1286544.0
396,2020-07-27,58.05,58.54,57.65,58.16,1419175.0
397,2020-07-28,57.84,58.13,56.43,56.57,1663012.0
398,2020-07-29,56.63,57.41,56.39,56.89,1790675.0
399,2020-07-30,56.29,56.7,55.31,56.36,1860713.0
400,2020-07-31,56.84,57.12,55.7,57.03,1734101.0
401,2020-08-03,57.11,58.04,56.57,57.68,1686356.0
402,2020-08-04,57.65,57.86,57.01,57.52,1690698.0
403,2020-08-05,57.95,58.37,57.57,57.81,1153827.0
404,2020-08-06,57.46,58.44,57.11,58.15,1888610.0
405,2020-08-07,57.97,58.11,57.25,58.0,1050641.0
406,2020-08-10,58.37,59.26,58.16,59.03,1567226.0
407,2020-08-11,59.44,60.39,58.58,58.74,2081898.0
408,2020-08-12,59.3,59.49,58.5,59.03,990860.0
409,2020-08-13,58.41,58.82,56.7,56.76,2712233.0
410,2020-08-14,56.98,57.55,56.78,57.11,1084527.0
411,2020-08-17,57.4,57.89,56.84,56.89,948563.0
412,2020-08-18,56.82,57.56,56.82,57.22,826822.0
413,2020-08-19,57.52,57.88,56.92,57.05,1811009.0
414,2020-08-20,56.96,57.16,56.52,56.86,966336.0
415,2020-08-21,56.55,57.88,56.51,57.66,2215509.0
416,2020-08-24,59.1,59.4,58.36,58.76,1279339.0
417,2020-08-25,58.76,59.1,57.65,57.84,1358900.0
418,2020-08-26,59.02,59.47,58.04,59.33,2077800.0
419,2020-08-27,59.8,60.38,58.67,59.63,3742003.0
420,2020-08-28,62.73,64.82,62.0,63.41,9113065.0
421,2020-08-31,62.77,64.57,62.63,63.28,2999251.0
422,2020-09-01,63.62,64.04,62.91,63.57,2306039.0
423,2020-09-02,64.13,65.81,63.54,65.67,2320223.0
424,2020-09-03,64.32,64.87,61.6,62.74,2030081.0
425,2020-09-04,62.54,63.4,60.33,61.85,2314265.0
426,2020-09-08,60.25,62.78,59.91,61.35,2956230.0
427,2020-09-09,62.31,64.58,62.0,64.04,3257302.0
428,2020-09-10,64.28,64.52,62.24,62.64,2009039.0
429,2020-09-11,62.92,63.95,62.48,63.59,1717008.0
430,2020-09-14,64.2,64.98,63.68,64.05,2127582.0
431,2020-09-15,64.7,65.33,63.93,64.3,1457369.0
432,2020-09-16,64.87,65.76,64.53,64.57,2214643.0
433,2020-09-17,63.53,64.85,62.69,63.76,2266192.0
434,2020-09-18,63.83,64.36,63.01,63.57,11088843.0
435,2020-09-21,61.97,62.72,60.92,62.7,2166924.0
436,2020-09-22,63.32,63.53,62.17,63.51,1089097.0
437,2020-09-23,64.42,64.54,62.55,62.81,2125376.0
438,2020-09-24,62.33,63.17,61.55,62.57,1625140.0
439,2020-09-25,62.2,63.06,61.84,62.92,1223382.0
440,2020-09-28,64.01,64.84,63.67,64.51,1917843.0
441,2020-09-29,64.69,65.69,64.09,65.6,1375292.0
442,2020-09-30,65.59,66.08,64.37,64.89,1665599.0
443,2020-10-01,65.38,65.71,64.32,64.74,1106757.0
444,2020-10-02,63.09,64.83,62.92,64.36,1001401.0
445,2020-10-05,65.09,65.51,64.5,65.41,2524576.0
446,2020-10-06,65.29,66.08,64.4,64.68,1922555.0
447,2020-10-07,65.51,65.56,64.27,64.61,2138931.0
448,2020-10-08,64.7,66.42,64.64,65.86,2481099.0
449,2020-10-09,66.29,66.64,65.54,65.59,1164500.0
450,2020-10-12,65.85,66.71,65.7,66.45,791762.0
451,2020-10-13,67.2,68.24,66.75,67.71,1605391.0
452,2020-10-14,67.95,68.65,67.48,67.85,1053098.0
453,2020-10-15,66.73,67.6,66.05,67.24,1296632.0
454,2020-10-16,68.02,68.41,67.32,67.35,1516879.0
455,2020-10-19,67.6,68.11,66.43,66.7,1058240.0
456,2020-10-20,67.33,67.59,66.57,66.61,750271.0
457,2020-10-21,66.92,67.76,66.56,67.03,1909626.0
458,2020-10-22,67.62,67.62,64.98,65.98,1014289.0
459,2020-10-23,65.94,66.06,65.04,65.38,1319298.0
460,2020-10-26,64.55,64.68,61.14,61.94,1982266.0
461,2020-10-27,62.0,62.19,60.69,60.77,946640.0
462,2020-10-28,59.24,59.64,57.87,57.9,1752377.0
463,2020-10-29,57.69,58.23,57.02,57.72,1799441.0
464,2020-10-30,57.64,58.07,56.08,57.46,1804966.0
465,2020-11-02,58.39,58.66,57.26,57.49,1118499.0
466,2020-11-03,58.27,60.07,58.21,58.95,848745.0
467,2020-11-04,59.67,60.25,58.54,59.43,1706081.0
468,2020-11-05,60.4,61.8,60.2,61.71,1522211.0
469,2020-11-06,61.92,62.08,60.6,61.79,761180.0
470,2020-11-09,63.13,63.25,61.39,61.44,1507097.0
471,2020-11-10,61.34,62.39,60.47,61.81,1745724.0
472,2020-11-11,62.47,62.47,61.27,62.08,998905.0
473,2020-11-12,62.05,62.63,61.14,61.62,1221932.0
474,2020-11-13,62.16,63.39,61.97,63.31,1508132.0
475,2020-11-16,63.73,64.71,62.81,64.55,1435773.0
476,2020-11-17,64.04,65.4,63.76,65.06,996735.0
477,2020-11-18,65.65,65.97,64.64,64.8,1281025.0
478,2020-11-19,64.66,65.92,63.91,65.7,2313301.0
479,2020-11-20,65.89,66.39,65.5,65.54,1441322.0
480,2020-11-23,65.8,67.04,65.74,66.58,1485709.0
481,2020-11-24,67.2,67.7,66.6,67.53,2933089.0
482,2020-11-25,67.03,67.18,64.45,66.55,4444177.0
483,2020-11-27,66.56,67.42,66.23,67.02,1408664.0
484,2020-11-30,67.44,67.62,65.21,66.23,2402363.0
485,2020-12-01,67.05,67.97,66.26,67.72,3453426.0
486,2020-12-02,67.8,68.3,66.87,67.72,2379117.0
487,2020-12-03,68.02,68.71,67.29,68.11,2243600.0
488,2020-12-04,68.24,69.48,67.85,69.3,2565405.0
489,2020-12-07,69.43,69.84,67.16,67.58,3153869.0
490,2020-12-08,67.52,69.12,67.34,69.07,1837621.0
491,2020-12-09,69.34,70.17,68.21,68.73,2363132.0
492,2020-12-10,68.15,69.44,67.51,69.36,2484926.0
493,2020-12-11,68.91,69.74,68.35,68.84,1463288.0
494,2020-12-14,69.2,70.17,69.12,69.63,2158807.0
495,2020-12-15,70.52,71.08,69.58,70.94,2008842.0
496,2020-12-16,71.15,71.49,70.85,71.07,1623019.0
497,2020-12-17,71.37,72.02,71.33,71.91,1841296.0
498,2020-12-18,72.2,72.59,69.58,70.12,5049120.0
499,2020-12-21,69.52,70.54,68.23,70.26,1746642.0
500,2020-12-22,70.9,71.07,69.75,69.93,1300342.0
501,2020-12-23,70.1,71.05,69.59,70.6,1648532.0
502,2020-12-24,70.96,71.09,69.95,70.19,1669706.0
503,2020-12-28,70.75,70.95,69.64,70.05,3189527.0
504,2020-12-29,70.14,70.92,68.55,68.7,4156734.0
505,2020-12-30,68.88,70.25,68.72,69.7,4401390.0
506,2020-12-31,69.91,70.57,69.17,70.49,1244881.0
507,2021-01-04,71.09,71.09,68.89,69.69,3511241.0
508,2021-01-05,69.1,71.18,68.7,70.66,2053537.0
509,2021-01-06,70.52,72.43,70.11,71.27,2613184.0
510,2021-01-07,72.2,73.55,71.73,73.54,2302356.0
511,2021-01-08,73.8,74.61,72.95,74.42,2688369.0
512,2021-01-11,73.47,74.04,72.83,72.83,1488872.0
513,2021-01-12,73.06,73.96,72.78,73.95,1388688.0
514,2021-01-13,71.95,72.18,67.38,68.43,7652823.0
515,2021-01-14,68.5,71.05,68.46,70.45,4386783.0
516,2021-01-15,70.35,72.1,70.07,71.46,3309443.0
517,2021-01-19,71.77,72.23,71.5,72.06,2482662.0
518,2021-01-20,73.14,74.38,72.12,74.25,3526956.0
519,2021-01-21,74.76,74.92,73.1,74.1,2418662.0
520,2021-01-22,73.01,73.38,72.23,73.14,1140098.0
521,2021-01-25,73.54,73.58,70.71,72.88,1361614.0
522,2021-01-26,73.2,73.69,72.15,73.24,1277455.0
523,2021-01-27,71.81,72.94,70.41,71.06,2857668.0
524,2021-01-28,71.04,72.39,70.08,71.12,2649815.0
525,2021-01-29,70.64,71.78,69.57,70.09,1885844.0
526,2021-02-01,70.85,71.92,69.9,71.15,1637802.0
527,2021-02-02,74.18,74.93,73.62,74.37,4084336.0
528,2021-02-03,73.95,75.53,73.95,74.95,1379549.0
529,2021-02-04,75.37,76.54,75.25,76.51,1492027.0
530,2021-02-05,76.7,77.28,76.39,76.81,1792215.0
531,2021-02-08,77.2,77.91,76.7,77.14,5005635.0
532,2021-02-09,76.5,77.13,76.0,76.79,4284138.0
533,2021-02-10,77.03,77.2,75.62,76.78,4867665.0
534,2021-02-11,77.04,77.32,75.05,76.7,1559584.0
535,2021-02-12,76.74,77.26,76.05,77.25,1772625.0
536,2021-02-16,77.97,78.11,75.67,76.64,3127714.0
537,2021-02-17,76.04,77.17,75.81,76.46,1821494.0
538,2021-02-18,75.92,77.73,75.37,76.89,1534294.0
539,2021-02-19,77.86,78.52,77.24,77.97,1657406.0
540,2021-02-22,77.87,79.18,76.74,77.97,2912333.0
541,2021-02-23,77.2,78.08,74.23,77.76,2556837.0
542,2021-02-24,77.99,79.12,77.61,78.89,2012021.0
543,2021-02-25,78.2,78.8,76.17,76.88,2835297.0
544,2021-02-26,77.88,80.39,77.2,78.27,3519459.0
545,2021-03-01,78.28,80.64,78.28,80.29,2342773.0
546,2021-03-02,80.2,80.77,79.34,79.91,1488700.0
547,2021-03-03,80.28,81.37,79.74,80.8,2964530.0
548,2021-03-04,80.62,81.6,78.64,80.0,2748458.0
549,2021-03-05,81.07,82.89,80.57,82.55,3512748.0
550,2021-03-08,83.12,83.89,82.14,82.31,3489641.0
551,2021-03-09,83.29,85.06,83.2,83.69,2189061.0
552,2021-03-10,84.13,85.31,83.95,84.88,2234609.0
553,2021-03-11,85.2,86.67,85.2,85.82,3774586.0
554,2021-03-12,85.72,86.04,84.86,86.02,1448611.0
555,2021-03-15,85.94,86.52,85.42,86.5,2861915.0
556,2021-03-16,86.7,86.99,85.46,86.28,2980427.0
557,2021-03-17,85.98,88.71,85.33,88.48,3123407.0
558,2021-03-18,87.66,87.66,85.25,85.31,3143336.0
559,2021-03-19,84.92,85.96,84.75,84.83,3949227.0
560,2021-03-22,84.63,85.48,84.13,84.55,3148938.0
561,2021-03-23,84.28,85.14,82.01,82.95,2661326.0
562,2021-03-24,83.53,84.6,83.04,83.55,2760385.0
563,2021-03-25,82.36,84.1,82.1,83.19,1731901.0
564,2021-03-26,83.87,86.2,83.41,86.19,2619937.0
565,2021-03-29,85.87,86.83,84.97,85.41,2075320.0
566,2021-03-30,84.88,86.25,84.81,85.79,2332021.0
567,2021-03-31,85.85,86.2,85.14,85.35,1641903.0
568,2021-04-01,85.48,86.53,85.29,86.28,1929029.0
569,2021-04-05,86.44,87.02,86.15,86.56,2544237.0
570,2021-04-06,86.63,87.17,86.2,86.68,2505607.0
571,2021-04-07,86.82,89.61,86.82,88.71,2845522.0
572,2021-04-08,89.5,90.08,87.78,89.78,3529269.0
573,2021-04-09,89.5,91.21,89.34,91.08,2044825.0
574,2021-04-12,89.95,91.24,89.75,90.65,2041192.0
575,2021-04-13,90.88,90.88,89.58,89.73,1669395.0
576,2021-04-14,89.87,90.71,89.75,89.9,2848756.0
577,2021-04-15,95.26,98.43,92.53,96.12,13455501.0
578,2021-04-16,96.93,99.37,96.42,98.62,5744312.0
579,2021-04-19,98.6,101.0,98.06,100.62,3785017.0
580,2021-04-20,100.65,100.72,98.35,98.68,2773749.0
581,2021-04-21,98.47,99.52,98.23,98.61,2407858.0
582,2021-04-22,98.59,99.21,97.31,97.69,1595018.0
583,2021-04-23,98.18,98.99,97.69,98.61,2894042.0
584,2021-04-26,98.65,98.93,97.36,97.58,2536909.0
585,2021-04-27,97.48,98.53,97.41,97.91,1933422.0
586,2021-04-28,98.15,98.15,96.57,96.62,908601.0
587,2021-04-29,97.35,97.94,96.66,97.2,1467910.0
588,2021-04-30,96.82,96.92,95.35,95.53,1241171.0
589,2021-05-03,96.4,96.71,94.85,94.98,2619183.0
590,2021-05-04,94.2,94.41,93.06,93.72,2058750.0
591,2021-05-05,94.47,95.92,93.74,95.6,1874785.0
592,2021-05-06,95.77,97.03,94.95,96.97,1824608.0
593,2021-05-07,97.2,98.9,96.97,98.26,2102245.0
594,2021-05-10,98.25,98.45,96.79,96.88,1610907.0
595,2021-05-11,93.94,95.32,93.17,95.02,3584334.0
596,2021-05-12,94.21,94.69,91.17,91.29,2496579.0
597,2021-05-13,92.17,94.15,91.82,93.6,1501764.0
598,2021-05-14,94.82,95.73,94.42,95.63,953425.0
599,2021-05-17,95.2,96.05,94.86,95.59,1171821.0
600,2021-05-18,95.96,96.23,95.01,95.35,947390.0
601,2021-05-19,93.62,94.77,92.6,94.0,1531593.0
602,2021-05-20,94.3,96.29,94.25,95.81,1420417.0
603,2021-05-21,96.63,96.9,95.51,95.67,1164431.0
604,2021-05-24,96.51,97.86,96.34,97.34,1853347.0
605,2021-05-25,97.9,98.14,96.64,96.71,2067353.0
606,2021-05-26,96.85,97.65,96.56,96.86,1682011.0
607,2021-05-27,97.41,97.66,96.19,96.9,3310776.0
608,2021-05-28,95.88,96.93,92.44,95.84,3299072.0
609,2021-06-01,96.79,100.18,96.63,100.05,4183226.0
610,2021-06-02,100.15,100.53,97.99,97.99,2406285.0
611,2021-06-03,97.48,99.16,96.48,98.86,2586953.0
612,2021-06-04,99.26,100.77,98.98,100.73,2198386.0
613,2021-06-07,101.38,101.6,99.61,100.04,1235887.0
614,2021-06-08,100.13,101.37,100.03,101.11,1381599.0
615,2021-06-09,101.41,101.57,100.47,101.16,1149357.0
616,2021-06-10,101.1,101.82,100.68,100.99,1743525.0
617,2021-06-11,100.7,101.31,99.01,101.18,1920419.0
618,2021-06-14,101.2,101.42,99.45,99.94,1866013.0
619,2021-06-15,100.08,100.51,99.58,100.06,1051891.0
620,2021-06-16,99.91,100.61,99.2,99.95,1667979.0
621,2021-06-17,99.95,99.95,96.66,96.85,2562523.0
622,2021-06-18,95.44,96.05,94.54,95.77,2811611.0
623,2021-06-21,96.44,97.36,96.27,97.2,1851195.0
624,2021-06-22,97.2,97.2,96.2,96.96,1118572.0
625,2021-06-23,96.9,97.04,96.2,96.42,1209940.0
626,2021-06-24,97.2,97.2,95.8,96.28,3724057.0
627,2021-06-25,96.7,97.0,96.46,96.7,4687960.0
628,2021-06-28,96.7,97.4,96.53,96.95,4027930.0
629,2021-06-29,97.0,99.5,96.57,99.4,4152225.0
630,2021-06-30,98.5,98.87,96.8,96.87,2919271.0
631,2021-07-01,96.3,96.62,95.1,95.89,2840271.0
632,2021-07-02,96.35,96.9,95.1,96.57,2038936.0
633,2021-07-06,96.51,97.4,95.31,95.57,1819088.0
634,2021-07-07,96.16,97.27,95.54,96.69,1541286.0
635,2021-07-08,95.22,96.89,94.84,96.2,1795815.0
636,2021-07-09,96.5,98.06,96.42,97.45,2603747.0
637,2021-07-12,97.31,97.31,94.31,94.33,2071537.0
638,2021-07-13,93.95,93.98,90.93,90.96,3536476.0
639,2021-07-14,91.8,93.03,90.34,90.6,2617147.0
640,2021-07-15,90.14,90.92,89.43,90.84,2631568.0
641,2021-07-16,91.41,91.5,89.42,89.49,1968915.0
642,2021-07-19,88.03,90.47,87.78,90.08,2208935.0
643,2021-07-20,90.61,93.14,90.55,92.57,2498496.0
644,2021-07-21,92.9,93.9,92.32,93.41,1675720.0
645,2021-07-22,93.68,93.82,92.41,93.14,1387501.0
646,2021-07-23,93.2,93.9,92.79,93.75,1045597.0
647,2021-07-26,93.92,94.29,93.47,93.66,1248681.0
648,2021-07-27,92.82,93.58,92.15,93.3,879412.0
649,2021-07-28,93.45,93.8,93.01,93.09,578099.0
650,2021-07-29,93.54,94.11,92.76,93.99,799248.0
651,2021-07-30,93.57,94.47,93.24,93.82,804301.0
652,2021-08-02,94.28,94.33,93.19,93.49,1219382.0
653,2021-08-03,93.96,96.01,93.32,95.63,1591734.0
654,2021-08-04,95.19,95.3,94.35,94.59,838070.0
655,2021-08-05,95.2,95.8,94.78,95.54,876445.0
656,2021-08-06,95.58,96.02,95.27,95.74,742258.0
657,2021-08-09,95.06,95.96,94.81,95.7,1077416.0
658,2021-08-10,96.15,96.37,95.34,95.62,870403.0
659,2021-08-11,95.62,97.68,95.62,97.57,1233188.0
660,2021-08-12,97.63,98.0,96.8,97.71,1035248.0
661,2021-08-13,97.71,98.03,96.85,97.23,1293454.0
662,2021-08-16,96.72,97.06,95.74,96.85,899047.0
663,2021-08-17,96.36,96.46,94.3,95.02,1218964.0
664,2021-08-18,94.6,95.3,94.14,94.16,793751.0
665,2021-08-19,93.2,94.15,92.71,93.42,1139667.0
666,2021-08-20,94.57,96.14,94.22,95.7,1539679.0
667,2021-08-23,96.16,97.66,95.62,97.32,1648677.0
668,2021-08-24,98.2,98.49,97.09,97.94,2455249.0
669,2021-08-25,97.63,99.63,97.35,99.26,1762036.0
670,2021-08-26,99.7,99.88,98.31,98.75,2106564.0
671,2021-08-27,95.86,98.66,92.21,94.15,5389751.0
672,2021-08-30,94.76,96.26,93.6,95.35,2900479.0
673,2021-08-31,95.32,95.65,94.4,94.66,2457156.0
674,2021-09-01,94.73,95.17,93.92,93.95,1808518.0
675,2021-09-02,94.23,95.03,93.7,94.27,2177179.0
676,2021-09-03,94.27,95.19,94.1,94.34,2549399.0
677,2021-09-07,94.0,94.4,93.05,93.21,2590857.0
678,2021-09-08,93.05,93.43,91.37,92.09,1967114.0
679,2021-09-09,91.73,94.0,91.73,93.58,1852442.0
680,2021-09-10,94.13,94.38,92.22,92.44,2059236.0
681,2021-09-13,95.59,96.6,94.76,96.09,5946135.0
682,2021-09-14,96.03,96.1,94.37,94.64,2815464.0
683,2021-09-15,94.81,97.94,94.46,97.64,2943299.0
684,2021-09-16,97.41,98.79,97.08,98.6,2776523.0
685,2021-09-17,98.61,99.34,95.76,97.73,4594792.0
686,2021-09-20,96.05,99.29,96.0,98.07,4164806.0
687,2021-09-21,99.2,99.4,96.03,96.54,2775323.0
688,2021-09-22,96.93,97.1,95.13,96.47,2917894.0
689,2021-09-23,97.98,102.43,96.2,99.89,5904311.0
690,2021-09-24,99.83,101.3,99.8,101.08,3201311.0
691,2021-09-27,100.63,102.29,100.58,102.07,2175797.0
692,2021-09-28,101.4,102.88,101.23,102.49,2079868.0
693,2021-09-29,102.8,103.46,101.11,102.58,2421771.0
694,2021-09-30,102.85,103.05,99.91,101.24,2463030.0
695,2021-10-01,101.79,103.45,101.33,102.98,1910256.0
696,2021-10-04,103.25,103.77,101.62,102.44,2074026.0
697,2021-10-05,103.11,103.65,101.93,103.13,1699520.0
698,2021-10-06,101.78,102.9,101.14,102.7,1553071.0
699,2021-10-07,103.35,104.68,102.78,104.25,2080732.0
700,2021-10-08,104.68,105.1,101.46,102.26,2679774.0
701,2021-10-11,102.32,103.47,101.87,102.4,1405149.0
702,2021-10-12,102.33,102.73,100.58,100.95,1941536.0
703,2021-10-13,101.21,101.85,100.15,100.88,2725307.0
704,2021-10-14,101.44,103.64,101.37,103.2,1834067.0
705,2021-10-15,103.94,105.17,103.46,104.91,1695434.0
706,2021-10-18,105.65,106.89,105.4,105.85,2536785.0
707,2021-10-19,106.4,108.15,105.85,108.01,3769330.0
708,2021-10-20,108.38,109.17,107.92,108.83,3768238.0
709,2021-10-21,108.7,110.7,108.27,110.18,3715046.0
710,2021-10-22,110.04,111.97,109.85,111.74,2661588.0
711,2021-10-25,112.0,112.2,109.4,109.49,6784547.0
712,2021-10-26,109.82,110.05,107.34,107.41,2969462.0
713,2021-10-27,106.99,107.4,105.12,105.59,3601162.0
714,2021-10-28,106.96,107.63,105.99,107.28,3317387.0
715,2021-10-29,106.42,109.05,106.42,107.19,4517752.0
716,2021-11-01,106.55,108.77,106.55,108.71,3362968.0
717,2021-11-02,53.86,54.54,50.21,51.81,18238303.0
718,2021-11-03,52.21,52.54,51.47,52.4,9923048.0
719,2021-11-04,52.22,52.65,50.96,51.77,5980590.0
720,2021-11-05,52.01,53.63,51.79,53.56,7625102.0
721,2021-11-08,53.57,53.92,52.47,52.73,4450598.0
722,2021-11-09,52.65,53.48,52.21,53.28,3980051.0
723,2021-11-10,53.15,54.38,53.12,53.82,5205307.0
724,2021-11-11,53.93,54.38,53.18,53.39,3695308.0
725,2021-11-12,53.56,53.78,53.04,53.2,3945625.0
726,2021-11-15,53.67,54.74,53.48,53.9,7123936.0
727,2021-11-16,53.95,54.32,53.71,53.9,6305691.0
728,2021-11-17,54.1,54.4,53.15,53.2,3566577.0
729,2021-11-18,53.11,53.88,52.74,53.1,5020282.0
730,2021-11-19,53.06,53.2,52.17,52.22,3830493.0
731,2021-11-22,52.53,52.88,51.52,52.33,6229593.0
732,2021-11-23,52.17,52.42,51.4,51.87,4646692.0
733,2021-11-24,52.55,55.2,52.0,54.5,13025075.0
734,2021-11-26,53.7,54.93,53.19,53.38,3858621.0
735,2021-11-29,54.25,55.07,53.66,54.77,5353615.0
736,2021-11-30,54.73,55.05,52.92,53.67,9760586.0
737,2021-12-01,54.19,54.45,52.78,52.9,6302142.0
738,2021-12-02,52.7,54.47,52.7,54.35,6671083.0
739,2021-12-03,54.7,55.84,54.63,55.68,8107211.0
740,2021-12-06,55.95,56.5,55.34,55.95,5165047.0
741,2021-12-07,56.45,56.69,55.4,56.11,4197531.0
742,2021-12-08,56.2,56.2,55.12,55.6,3505897.0
743,2021-12-09,55.55,55.78,54.79,54.85,4444983.0
744,2021-12-10,54.86,55.27,54.31,54.8,3037394.0
745,2021-12-13,54.35,54.69,52.86,52.92,3542392.0
746,2021-12-14,51.89,52.36,51.46,51.83,4771540.0
747,2021-12-15,52.24,53.27,51.65,53.24,3518136.0
748,2021-12-16,53.45,53.64,52.15,52.19,2863343.0
749,2021-12-17,52.12,52.23,51.26,51.85,5388979.0
750,2021-12-20,51.21,51.37,50.28,50.8,3697458.0
751,2021-12-21,51.52,52.68,51.14,52.65,3567227.0
752,2021-12-22,52.52,52.95,52.04,52.57,3787359.0
753,2021-12-23,52.8,53.45,52.63,53.08,2885881.0
754,2021-12-27,53.25,53.98,53.25,53.8,2009408.0
755,2021-12-28,53.75,54.54,53.75,54.15,2353781.0
756,2021-12-29,54.21,55.0,54.19,54.25,2207832.0
757,2021-12-30,54.21,54.32,53.66,53.71,1581322.0
758,2021-12-31,53.63,53.88,53.36,53.37,1252943.0
759,2022-01-03,53.36,54.3,53.35,54.18,2906777.0
760,2022-01-04,54.45,56.2,54.45,55.69,5745654.0
761,2022-01-05,55.57,56.7,55.07,55.18,6049085.0
762,2022-01-06,55.18,55.9,54.78,55.24,3751287.0
763,2022-01-07,55.3,55.67,54.52,55.19,3516191.0
764,2022-01-10,56.37,57.21,55.81,57.08,10511618.0
765,2022-01-11,57.2,57.88,56.93,57.45,7313480.0
766,2022-01-12,57.65,57.71,56.32,57.15,3098059.0
767,2022-01-13,57.7,57.93,57.07,57.37,4133003.0
768,2022-01-14,57.18,57.97,56.84,57.73,5790625.0
769,2022-01-18,57.48,58.01,56.6,56.68,5054233.0
770,2022-01-19,57.2,57.66,55.13,55.16,3957540.0
771,2022-01-20,55.43,56.25,54.55,54.6,2893882.0
772,2022-01-21,54.43,54.45,52.46,52.77,4212116.0
773,2022-01-24,51.98,52.79,50.63,52.62,5523740.0
774,2022-01-25,52.05,53.23,50.8,52.64,4421920.0
775,2022-01-26,53.39,53.93,52.15,52.54,3126660.0
776,2022-01-27,53.04,54.8,52.25,52.65,4359743.0
777,2022-01-28,52.65,53.58,51.91,53.44,3920545.0
778,2022-01-31,53.42,54.01,53.15,54.01,3318993.0
779,2022-02-01,54.08,55.82,53.69,55.77,3395185.0
780,2022-02-02,56.19,56.91,55.86,56.6,3886692.0
781,2022-02-03,56.11,57.3,56.04,56.4,2814897.0
782,2022-02-04,56.28,56.51,55.45,55.94,1952084.0
783,2022-02-07,56.28,56.83,56.04,56.16,2132526.0
784,2022-02-08,56.31,57.23,55.82,57.15,2933488.0
785,2022-02-09,57.49,58.2,57.26,57.97,3346881.0
786,2022-02-10,57.64,58.74,57.34,57.92,3676756.0
787,2022-02-11,57.95,58.5,56.55,56.71,2449937.0
788,2022-02-14,56.4,56.85,55.43,55.8,2902541.0
789,2022-02-15,56.1,57.63,56.06,57.02,3401074.0
790,2022-02-16,56.56,57.74,56.53,57.49,3001694.0
791,2022-02-17,57.42,57.57,56.44,56.46,2716331.0
792,2022-02-18,56.45,57.11,55.96,56.1,3198015.0
793,2022-02-22,55.55,56.23,54.11,54.33,3316468.0
794,2022-02-23,54.89,55.58,53.75,53.98,3477439.0
795,2022-02-24,52.29,53.16,51.57,53.04,6516014.0
796,2022-02-25,47.95,50.25,46.36,48.66,14711058.0
797,2022-02-28,48.01,49.21,47.51,48.16,6844403.0
798,2022-03-01,47.22,47.74,46.8,47.08,5359817.0
799,2022-03-02,47.67,51.05,47.47,50.8,6072267.0
800,2022-03-03,50.58,51.15,49.67,49.79,4004247.0
801,2022-03-04,49.28,49.69,48.6,49.16,2984614.0
802,2022-03-07,48.62,48.94,46.18,46.53,4649796.0
803,2022-03-08,46.95,48.72,46.25,47.44,5920803.0
804,2022-03-09,48.65,49.76,48.33,49.18,4199789.0
805,2022-03-10,48.51,49.4,48.23,49.17,3590435.0
806,2022-03-11,49.2,49.93,48.74,49.21,2977486.0
807,2022-03-14,49.06,49.76,47.58,47.94,3406394.0
808,2022-03-15,47.94,49.4,47.76,49.28,2477438.0
809,2022-03-16,48.72,49.63,47.82,49.17,5130671.0
810,2022-03-17,48.63,48.66,46.72,47.71,5634252.0
811,2022-03-18,47.61,49.09,47.23,49.03,4907179.0
812,2022-03-21,48.95,50.17,48.88,49.52,3853451.0
813,2022-03-22,49.64,50.53,49.5,50.19,2764921.0
814,2022-03-23,49.77,50.59,49.7,49.8,2895859.0
815,2022-03-24,49.83,51.05,49.63,50.71,2806082.0
816,2022-03-25,50.7,52.08,50.56,51.99,3715398.0
817,2022-03-28,51.45,51.78,50.92,51.5,2892084.0
818,2022-03-29,51.99,52.5,51.51,52.23,3417839.0
819,2022-03-30,51.9,52.45,51.38,51.52,2829016.0
820,2022-03-31,48.5,48.87,47.37,47.39,6459335.0
821,2022-04-01,45.77,46.2,44.81,46.0,8086340.0
822,2022-04-04,46.14,47.04,45.95,46.58,3327174.0
823,2022-04-05,46.06,46.79,45.86,45.86,3335211.0
824,2022-04-06,45.44,45.64,43.95,44.32,6815262.0
825,2022-04-07,44.72,45.91,44.13,44.89,6182882.0
826,2022-04-08,44.64,45.3,44.32,44.59,3707709.0
827,2022-04-11,44.13,45.23,43.95,44.15,3663048.0
828,2022-04-12,44.23,44.98,44.21,44.3,3970197.0
829,2022-04-13,44.14,44.92,44.11,44.51,3200265.0
830,2022-04-14,44.36,44.89,44.09,44.14,3678232.0
831,2022-04-18,43.9,45.02,43.83,44.64,3565235.0
832,2022-04-19,44.68,45.68,44.6,45.52,4394142.0
833,2022-04-20,46.03,47.15,46.03,46.53,3040095.0
834,2022-04-21,46.69,47.02,45.43,45.74,3098816.0
835,2022-04-22,45.54,45.54,44.36,44.4,4111890.0
836,2022-04-25,44.07,44.82,43.47,44.8,6537244.0
837,2022-04-26,44.51,45.21,44.0,44.04,4114559.0
838,2022-04-27,44.04,44.85,43.26,44.08,3404382.0
839,2022-04-28,44.66,45.96,44.39,45.65,2605049.0
840,2022-04-29,45.27,46.75,44.46,44.54,4124023.0
841,2022-05-02,44.29,45.07,43.93,45.03,3573327.0
842,2022-05-03,45.18,45.79,44.75,45.38,2943597.0
843,2022-05-04,45.7,46.57,44.76,46.34,4166639.0
844,2022-05-05,46.18,46.39,44.44,44.79,3265295.0
845,2022-05-06,44.28,44.46,42.89,43.11,5542918.0
846,2022-05-09,42.5,43.35,42.21,42.72,4320643.0
847,2022-05-10,43.58,43.78,42.26,43.03,5163114.0
848,2022-05-11,42.9,43.76,41.87,41.94,4552374.0
849,2022-05-12,41.7,42.43,40.7,41.27,5832856.0
850,2022-05-13,41.78,43.14,41.71,42.62,4100566.0
851,2022-05-16,42.34,42.87,41.99,42.56,5127731.0
852,2022-05-17,43.52,44.26,42.99,44.14,4664788.0
853,2022-05-18,43.46,43.68,40.77,40.84,4560594.0
854,2022-05-19,40.04,40.08,38.41,38.63,7072875.0
855,2022-05-20,38.89,39.01,35.86,37.58,9450912.0
856,2022-05-23,37.8,39.07,37.8,38.75,8960992.0
857,2022-05-24,38.29,38.98,37.43,38.41,6600560.0
858,2022-05-25,38.47,41.21,38.41,40.83,6045438.0
859,2022-05-26,39.92,41.89,39.53,41.46,6899943.0
860,2022-05-27,47.92,50.13,45.98,47.11,15886603.0
861,2022-05-31,46.96,47.99,45.9,47.47,13254187.0
862,2022-06-01,47.79,49.07,47.43,48.2,5584453.0
863,2022-06-02,47.53,48.87,47.46,48.81,3750023.0
864,2022-06-03,48.49,49.28,48.21,48.55,2722020.0
865,2022-06-06,48.64,48.82,47.47,47.57,2722880.0
866,2022-06-07,47.29,48.79,46.9,48.68,2451883.0
867,2022-06-08,48.71,48.83,47.86,47.86,2511213.0
868,2022-06-09,47.73,48.93,47.53,47.88,3142981.0
869,2022-06-10,47.13,47.83,46.56,46.69,2548139.0
870,2022-06-13,45.37,45.9,44.61,44.78,2612668.0
871,2022-06-14,45.13,45.46,44.55,44.88,2352425.0
872,2022-06-15,45.29,46.11,44.66,45.44,2515384.0
873,2022-06-16,44.42,44.62,42.93,43.42,2830846.0
874,2022-06-17,44.12,45.46,43.87,45.12,5094863.0
875,2022-06-21,46.36,46.98,45.86,46.76,5271453.0
876,2022-06-22,46.2,47.3,45.94,46.14,3736911.0
877,2022-06-23,46.15,47.1,45.85,46.57,3013985.0
878,2022-06-24,46.83,48.23,46.58,47.78,9204565.0
879,2022-06-27,47.89,48.0,47.44,47.77,3329814.0
880,2022-06-28,47.9,48.18,46.41,46.47,3150280.0
881,2022-06-29,46.52,46.56,44.78,44.92,3346368.0
882,2022-06-30,44.19,44.82,43.44,43.74,3977058.0
883,2022-07-01,43.33,43.97,39.94,40.27,6384352.0
884,2022-07-05,39.54,40.74,39.1,40.67,3849786.0
885,2022-07-06,40.19,40.64,39.06,39.73,3685448.0
886,2022-07-07,40.24,41.0,40.17,40.47,2983497.0
887,2022-07-08,39.94,40.78,39.65,40.45,3314991.0
888,2022-07-11,39.93,40.57,39.84,40.01,2401096.0
889,2022-07-12,39.96,41.23,39.9,40.58,4518224.0
890,2022-07-13,40.03,41.11,39.94,40.67,3584694.0
891,2022-07-14,40.15,40.34,38.87,40.23,3574901.0
892,2022-07-15,40.59,41.0,40.16,40.99,2208756.0
893,2022-07-18,41.52,41.67,40.33,40.43,2182993.0
894,2022-07-19,40.87,42.0,40.87,41.9,2321489.0
895,2022-07-20,41.86,42.56,41.33,42.03,2559019.0
896,2022-07-21,41.96,42.6,41.6,42.51,2177610.0
897,2022-07-22,42.14,42.46,41.06,41.2,3365352.0
898,2022-07-25,41.51,42.15,41.1,41.71,2262274.0
899,2022-07-26,41.71,41.99,41.14,41.29,2309291.0
900,2022-07-27,41.45,42.35,41.23,42.15,1889015.0
901,2022-07-28,42.09,42.73,41.74,42.36,1625706.0
902,2022-07-29,42.37,42.95,41.88,42.92,2121352.0
903,2022-08-01,42.63,43.6,42.45,43.28,1807431.0
904,2022-08-02,42.86,43.1,41.98,42.12,2242209.0
905,2022-08-03,42.07,42.73,41.29,42.31,3057267.0
906,2022-08-04,42.35,42.35,41.41,42.06,3152146.0
907,2022-08-05,41.72,43.3,41.66,43.27,3221430.0
908,2022-08-08,43.5,44.3,43.06,43.31,2821441.0
909,2022-08-09,43.18,43.28,42.43,42.95,2767515.0
910,2022-08-10,43.86,45.1,43.75,45.09,1967260.0
911,2022-08-11,45.27,46.35,45.18,45.46,2342620.0
912,2022-08-12,45.76,46.15,45.51,46.08,1987275.0
913,2022-08-15,45.91,46.56,45.84,46.16,2258463.0
914,2022-08-16,46.17,47.1,46.02,46.45,2257213.0
915,2022-08-17,46.14,46.14,45.04,45.69,2086928.0
916,2022-08-18,46.32,46.9,45.67,46.8,2147355.0
917,2022-08-19,46.03,46.14,45.19,45.53,2123038.0
918,2022-08-22,44.84,45.08,44.41,44.7,2883205.0
919,2022-08-23,44.46,45.68,44.46,44.8,2737691.0
920,2022-08-24,44.67,45.09,44.05,44.48,1981411.0
921,2022-08-25,45.25,45.87,45.01,45.76,3798354.0
922,2022-08-26,43.72,43.72,39.04,39.29,12423831.0
923,2022-08-29,38.77,40.23,38.38,38.45,6315198.0
924,2022-08-30,38.7,39.2,37.55,37.55,4619685.0
925,2022-08-31,37.02,37.48,36.04,36.15,6819921.0
926,2022-09-01,35.79,35.89,34.96,35.51,4298399.0
927,2022-09-02,36.16,36.33,35.32,35.65,3422546.0
928,2022-09-06,35.67,35.71,34.65,35.15,3994627.0
929,2022-09-07,35.03,36.01,34.6,35.84,3571537.0
930,2022-09-08,35.47,36.37,35.3,36.36,3894691.0
931,2022-09-09,36.73,37.8,36.73,37.65,3104949.0
932,2022-09-12,37.86,38.62,37.86,38.16,2611648.0
933,2022-09-13,37.13,37.36,36.0,36.16,3918873.0
934,2022-09-14,36.33,36.51,35.66,35.99,3267796.0
935,2022-09-15,35.68,35.98,35.15,35.51,3472014.0
936,2022-09-16,35.06,35.99,34.79,35.82,5918452.0
937,2022-09-19,35.24,35.85,35.03,35.68,2780439.0
938,2022-09-20,35.25,35.33,34.58,34.81,2601783.0
939,2022-09-21,35.04,35.67,34.62,34.64,2533292.0
940,2022-09-22,34.41,34.74,34.06,34.14,2568503.0
941,2022-09-23,33.52,34.02,32.66,33.38,2881442.0
942,2022-09-26,32.93,33.52,32.49,32.56,3611495.0
943,2022-09-27,33.17,33.54,32.41,32.58,3306660.0
944,2022-09-28,32.37,33.26,32.37,33.15,2908424.0
945,2022-09-29,32.54,32.79,31.67,32.05,4703523.0
946,2022-09-30,32.19,32.82,31.95,32.03,3041538.0
947,2022-10-03,32.38,34.0,32.06,33.74,4119719.0
948,2022-10-04,34.44,35.35,34.38,35.32,2670362.0
949,2022-10-05,34.81,35.98,34.62,35.72,2512436.0
950,2022-10-06,35.77,36.18,35.24,35.34,2757720.0
951,2022-10-07,33.91,34.35,32.4,32.46,5614999.0
952,2022-10-10,32.77,32.9,31.55,32.34,3266594.0
953,2022-10-11,32.26,32.6,31.6,31.73,3090675.0
954,2022-10-12,31.62,31.98,31.44,31.63,2873300.0
955,2022-10-13,30.93,33.12,30.76,32.85,3036299.0
956,2022-10-14,32.93,33.1,31.88,32.12,2288227.0
957,2022-10-17,32.3,33.03,31.95,32.33,3412404.0
958,2022-10-18,33.05,33.39,32.2,32.75,2468792.0
959,2022-10-19,32.22,33.18,32.09,32.68,2225809.0
960,2022-10-20,32.71,33.92,32.71,33.05,2122346.0
961,2022-10-21,33.55,35.17,33.45,35.04,2964701.0
962,2022-10-24,35.22,35.7,34.84,35.47,2346568.0
963,2022-10-25,35.4,36.16,35.28,35.93,2434329.0
964,2022-10-26,35.51,36.41,35.38,35.98,2339668.0
965,2022-10-27,36.29,36.64,35.68,35.95,3395825.0
966,2022-10-28,36.16,37.58,36.16,37.35,3062272.0
967,2022-10-31,36.87,37.09,36.48,36.59,2578877.0
968,2022-11-01,37.13,37.44,36.26,37.34,2227383.0
969,2022-11-02,37.2,37.5,35.85,35.86,2865666.0
970,2022-11-03,35.35,36.02,35.21,35.54,2385273.0
971,2022-11-04,36.45,37.52,36.31,37.19,2816412.0
972,2022-11-07,37.28,38.18,37.13,38.06,2497915.0
973,2022-11-08,38.36,39.24,38.24,38.61,2523887.0
974,2022-11-09,38.08,38.49,37.41,37.52,2106542.0
975,2022-11-10,39.22,39.92,38.68,39.91,3582249.0
976,2022-11-11,39.9,41.26,39.75,40.87,2524199.0
977,2022-11-14,39.86,41.12,39.86,40.44,2741701.0
978,2022-11-15,41.39,41.62,40.37,40.54,2967423.0
979,2022-11-16,40.17,40.17,39.24,39.37,2679940.0
980,2022-11-17,38.86,40.1,38.54,39.95,2382283.0
981,2022-11-18,40.03,40.33,39.56,40.23,3992255.0
982,2022-11-21,39.75,39.9,38.09,39.26,7317528.0
983,2022-11-22,39.92,42.15,38.59,42.04,12566150.0
984,2022-11-23,42.04,43.52,41.73,42.8,4938485.0
985,2022-11-25,42.69,43.26,42.61,42.82,2034711.0
986,2022-11-28,42.39,42.49,41.75,41.77,2959955.0
987,2022-11-29,41.84,42.13,41.59,41.71,3448805.0
988,2022-11-30,41.64,43.0,40.94,42.98,6805667.0
989,2022-12-01,43.19,43.55,42.56,43.09,2331442.0
990,2022-12-02,42.47,42.92,42.12,42.73,2517994.0
991,2022-12-05,42.08,42.26,41.14,41.26,2304252.0
992,2022-12-06,41.2,41.34,40.26,40.66,2844578.0
993,2022-12-07,40.23,40.46,39.68,40.11,2905988.0
994,2022-12-08,40.24,40.64,39.91,40.42,3438584.0
995,2022-12-09,40.08,40.71,39.95,40.02,1835156.0
996,2022-12-12,39.83,41.07,39.57,41.06,3319745.0
997,2022-12-13,42.51,42.54,40.78,41.04,2816461.0
998,2022-12-14,40.78,41.09,39.69,39.87,3367885.0
999,2022-12-15,39.1,39.1,37.48,37.57,4463554.0
1000,2022-12-16,37.15,37.64,36.9,37.44,4646060.0
1001,2022-12-19,37.53,37.61,36.83,37.19,2648649.0
1002,2022-12-20,36.94,37.33,36.86,37.14,1893357.0
1003,2022-12-21,37.34,37.74,37.22,37.31,2864114.0
1004,2022-12-22,36.65,37.34,36.21,37.33,2285887.0
1005,2022-12-23,37.39,37.47,36.82,37.31,1466543.0
1006,2022-12-27,37.41,37.78,37.12,37.6,1832561.0
1007,2022-12-28,37.57,37.69,36.79,36.95,1822909.0
1008,2022-12-29,37.3,38.12,37.19,38.01,1582784.0
1009,2022-12-30,37.68,38.41,37.57,38.41,1582438.0
1010,2023-01-03,38.75,39.17,38.16,39.09,2679283.0
1011,2023-01-04,39.58,39.79,38.77,39.13,2790006.0
1012,2023-01-05,38.94,39.29,38.47,39.06,2483742.0
1013,2023-01-06,39.36,40.78,39.01,40.61,3179732.0
1014,2023-01-09,40.89,41.29,40.38,40.47,2966450.0
1015,2023-01-10,40.27,40.82,40.01,40.68,2780326.0
1016,2023-01-11,40.27,40.39,37.87,38.96,5620313.0
1017,2023-01-12,38.71,38.9,37.97,38.12,4410091.0
1018,2023-01-13,37.55,38.4,37.18,38.37,3383656.0
1019,2023-01-17,38.32,38.38,37.64,38.22,2691621.0
1020,2023-01-18,38.46,38.69,37.88,38.21,2757552.0
1021,2023-01-19,37.61,38.05,37.22,37.65,3341651.0
1022,2023-01-20,38.04,38.48,37.59,38.45,2908047.0
1023,2023-01-23,38.95,39.81,38.78,39.23,2745210.0
1024,2023-01-24,38.72,39.59,38.63,39.11,1903050.0
1025,2023-01-25,38.52,39.3,38.3,39.04,2705810.0
1026,2023-01-26,39.47,39.57,38.74,39.51,1645296.0
1027,2023-01-27,39.22,39.69,38.82,38.83,2677282.0
1028,2023-01-30,38.48,38.93,38.36,38.53,2444028.0
1029,2023-01-31,38.47,39.14,38.02,39.14,2562550.0
1030,2023-02-01,39.02,39.96,38.86,39.75,3476465.0
1031,2023-02-02,40.02,41.6,40.01,40.94,4623225.0
1032,2023-02-03,40.48,41.3,40.22,40.76,2936717.0
1033,2023-02-06,40.7,40.7,38.83,39.48,4299348.0
1034,2023-02-07,39.38,40.72,39.32,40.51,3268817.0
1035,2023-02-08,40.2,40.76,40.09,40.36,2643279.0
1036,2023-02-09,41.12,41.49,40.44,40.56,2878379.0
1037,2023-02-10,40.4,41.77,40.24,41.24,3964177.0
1038,2023-02-13,41.33,42.34,41.16,41.92,3705241.0
1039,2023-02-14,41.77,42.32,41.45,41.55,2277181.0
1040,2023-02-15,41.07,41.57,40.99,41.32,2139952.0
1041,2023-02-16,40.99,42.24,40.86,41.24,2961076.0
1042,2023-02-17,41.11,41.49,40.84,41.0,2728395.0
1043,2023-02-21,40.43,40.96,40.21,40.41,3973160.0
1044,2023-02-22,40.58,40.78,40.12,40.33,2240581.0
1045,2023-02-23,40.72,40.95,39.96,40.55,3414212.0
1046,2023-02-24,39.84,40.32,39.63,40.13,3712849.0
1047,2023-02-27,40.65,40.71,39.39,39.52,5148218.0
1048,2023-02-28,39.38,40.2,39.03,39.16,7672583.0
1049,2023-03-01,39.36,39.47,38.49,38.96,7083437.0
1050,2023-03-02,38.72,38.77,37.42,38.69,9094204.0
1051,2023-03-03,37.58,39.51,37.34,38.31,7775747.0
1052,2023-03-06,38.78,38.83,37.59,37.59,5330225.0
1053,2023-03-07,37.64,38.05,36.51,36.52,4812983.0
1054,2023-03-08,36.72,37.32,36.55,37.29,3010007.0
1055,2023-03-09,37.1,37.44,36.24,36.32,2731224.0
1056,2023-03-10,36.19,36.26,34.81,35.24,3661893.0
1057,2023-03-13,34.69,35.34,34.48,35.09,5580849.0
1058,2023-03-14,36.01,36.82,35.68,36.07,4433854.0
1059,2023-03-15,35.44,36.65,35.37,36.03,5072606.0
1060,2023-03-16,35.04,36.63,34.97,36.57,5952214.0
1061,2023-03-17,36.38,36.71,35.4,35.74,13488374.0
1062,2023-03-20,36.11,37.36,36.01,37.07,5994133.0
1063,2023-03-21,37.52,37.87,37.26,37.67,3619390.0
1064,2023-03-22,37.74,38.0,36.57,36.6,3286304.0
1065,2023-03-23,36.84,37.13,35.9,36.34,3215967.0
1066,2023-03-24,36.15,36.2,35.33,35.9,4261601.0
1067,2023-03-27,36.31,36.68,36.15,36.51,3018936.0
1068,2023-03-28,36.4,36.84,36.08,36.83,3981934.0
1069,2023-03-29,37.42,37.76,37.16,37.64,3746590.0
1070,2023-03-30,37.99,38.47,37.96,38.38,4139649.0
1071,2023-03-31,38.46,38.91,38.46,38.73,3915755.0
1072,2023-04-03,38.66,39.67,38.58,39.49,4756258.0
1073,2023-04-04,39.76,39.87,39.01,39.39,3749333.0
1074,2023-04-05,39.25,39.65,38.86,39.32,3046654.0
1075,2023-04-06,39.11,39.31,38.75,38.75,2186483.0
1076,2023-04-10,38.42,39.96,38.42,39.95,3470222.0
1077,2023-04-11,39.94,40.47,39.92,40.12,2897808.0
1078,2023-04-12,40.32,40.51,39.67,40.39,3519191.0
1079,2023-04-13,40.48,41.29,40.28,41.17,4411866.0
1080,2023-04-14,41.26,42.25,41.21,41.8,7116928.0
1081,2023-04-17,41.27,42.52,41.23,42.45,6329647.0
1082,2023-04-18,42.76,44.17,42.72,44.02,9277745.0
1083,2023-04-19,42.99,43.83,42.34,42.35,7267044.0
1084,2023-04-20,41.93,42.09,41.27,41.44,4489175.0
1085,2023-04-21,41.25,41.66,41.04,41.63,4905007.0
1086,2023-04-24,41.59,41.76,41.26,41.57,2814398.0
1087,2023-04-25,41.49,41.56,40.59,40.6,2395956.0
1088,2023-04-26,40.64,41.08,40.36,40.56,2501488.0
1089,2023-04-27,40.72,41.7,40.68,41.69,2988541.0
1090,2023-04-28,41.79,42.53,41.71,42.38,3792385.0
1091,2023-05-01,42.38,43.0,42.28,42.71,4516203.0
1092,2023-05-02,43.9,44.54,42.77,43.65,6777968.0
1093,2023-05-03,43.94,44.64,43.69,44.05,5124861.0
1094,2023-05-04,43.92,44.04,42.98,43.07,3549730.0
1095,2023-05-05,43.63,44.69,43.5,44.28,3699659.0
1096,2023-05-08,44.41,45.08,44.06,44.91,3888001.0
1097,2023-05-09,44.98,45.11,44.16,44.87,3220612.0
1098,2023-05-10,45.31,45.45,44.34,44.72,3062185.0
1099,2023-05-11,44.51,44.6,43.37,43.59,3737472.0
1100,2023-05-12,43.61,43.69,43.08,43.65,2397273.0
1101,2023-05-15,43.69,43.89,43.34,43.82,2996359.0
1102,2023-05-16,43.73,45.02,43.57,44.27,3910213.0
1103,2023-05-17,44.69,45.06,44.13,44.74,2404596.0
1104,2023-05-18,44.66,46.2,44.54,46.01,3923440.0
1105,2023-05-19,46.25,47.08,46.25,46.64,5111045.0
1106,2023-05-22,45.64,46.83,45.26,46.43,3805579.0
1107,2023-05-23,46.23,46.49,45.23,45.24,4141058.0
1108,2023-05-24,44.95,44.95,44.14,44.8,3230722.0
1109,2023-05-25,45.69,47.21,45.45,46.97,4081727.0
1110,2023-05-26,47.04,47.44,46.37,47.4,4297112.0
1111,2023-05-30,47.68,47.99,46.06,46.21,5464420.0
1112,2023-05-31,44.87,45.06,43.34,43.7,9937448.0
1113,2023-06-01,43.9,46.39,43.6,44.35,14458270.0
1114,2023-06-02,44.39,46.73,44.26,46.16,7914735.0
1115,2023-06-05,46.15,46.15,44.19,44.37,5765686.0
1116,2023-06-06,44.27,45.97,44.05,45.74,5466201.0
1117,2023-06-07,45.75,46.67,45.66,46.55,4095959.0
1118,2023-06-08,46.88,46.99,46.09,46.78,3976290.0
1119,2023-06-09,46.98,47.56,46.48,46.5,3293572.0
1120,2023-06-12,46.61,47.01,46.51,46.96,3596854.0
1121,2023-06-13,47.17,47.71,47.14,47.69,2805666.0
1122,2023-06-14,47.52,48.58,47.52,48.27,4013664.0
1123,2023-06-15,48.24,49.35,48.07,49.09,3216611.0
1124,2023-06-16,49.09,49.19,48.42,48.56,9363258.0
1125,2023-06-20,48.4,48.47,47.63,48.22,4213507.0
1126,2023-06-21,48.77,49.48,48.3,48.95,5943345.0
1127,2023-06-22,48.73,50.33,48.65,50.17,6326781.0
1128,2023-06-23,49.48,50.55,49.4,49.76,18291804.0
1129,2023-06-26,50.01,50.47,49.61,50.21,3404548.0
1130,2023-06-27,50.21,50.46,49.74,50.28,3496000.0
1131,2023-06-28,49.92,50.81,49.8,50.66,2946842.0
1132,2023-06-29,50.89,52.04,50.69,51.99,4033421.0
1133,2023-06-30,52.83,53.5,52.65,53.0,5182432.0
1134,2023-07-03,52.89,53.67,52.63,53.5,1828579.0
1135,2023-07-05,52.97,53.57,52.75,53.1,2639962.0
1136,2023-07-06,52.54,53.22,52.23,52.69,3596194.0
1137,2023-07-07,52.81,53.41,52.36,52.42,5404221.0
1138,2023-07-10,52.16,53.77,52.11,53.76,3238466.0
1139,2023-07-11,53.89,54.75,53.77,54.63,4597127.0
1140,2023-07-12,54.39,54.58,53.04,53.06,5882103.0
1141,2023-07-13,53.45,54.55,53.11,54.53,5375814.0
1142,2023-07-14,54.47,54.99,53.73,54.31,4227961.0
1143,2023-07-17,54.47,54.55,53.58,53.59,4146549.0
1144,2023-07-18,53.87,53.94,52.01,52.72,5677942.0
1145,2023-07-19,52.86,53.41,52.84,53.19,3292656.0
1146,2023-07-20,52.74,53.12,52.13,52.49,3414902.0
1147,2023-07-21,52.33,53.17,52.32,52.45,2875677.0
1148,2023-07-24,53.03,53.49,52.84,52.99,2937705.0
1149,2023-07-25,53.26,53.92,53.26,53.63,2395580.0
1150,2023-07-26,53.5,53.81,53.02,53.18,1931326.0
1151,2023-07-27,53.69,54.04,52.85,52.97,2957525.0
1152,2023-07-28,53.4,53.68,51.79,51.87,4748122.0
1153,2023-07-31,51.8,52.42,51.62,52.18,3865564.0
1154,2023-08-01,52.04,52.94,52.04,52.63,3681357.0
1155,2023-08-02,52.31,52.52,51.73,52.21,2789083.0
1156,2023-08-03,51.76,53.22,51.31,52.77,2615546.0
1157,2023-08-04,52.85,53.82,52.32,52.5,2533645.0
1158,2023-08-07,52.79,53.9,52.79,53.83,2738380.0
1159,2023-08-08,54.3,57.98,54.08,56.84,8257969.0
1160,2023-08-09,56.73,57.13,55.81,55.83,2754278.0
1161,2023-08-10,56.45,56.64,54.68,55.26,3189129.0
1162,2023-08-11,55.33,56.84,55.01,56.1,3118060.0
1163,2023-08-14,55.78,56.22,55.55,56.02,2253876.0
1164,2023-08-15,55.82,55.95,54.95,54.99,2279395.0
1165,2023-08-16,54.94,55.57,54.42,54.48,1834689.0
1166,2023-08-17,54.56,55.09,53.89,54.12,3966952.0
1167,2023-08-18,53.77,54.61,53.59,54.19,2324635.0
1168,2023-08-21,54.34,55.71,54.34,55.31,4076048.0
1169,2023-08-22,55.69,55.82,54.81,55.06,2188497.0
1170,2023-08-23,55.48,56.18,54.97,56.09,2643684.0
1171,2023-08-24,56.7,56.92,55.48,55.97,3925955.0
1172,2023-08-25,56.04,56.14,54.88,55.47,2680980.0
1173,2023-08-28,55.62,56.76,55.33,56.45,3252569.0
1174,2023-08-29,56.44,56.54,55.58,55.76,4939372.0
1175,2023-08-30,53.94,55.21,52.88,54.95,6340577.0
1176,2023-08-31,55.25,56.06,54.82,55.5,7050346.0
1177,2023-09-01,63.35,69.54,63.12,67.45,32070501.0
1178,2023-09-05,67.31,69.09,66.8,67.36,9466373.0
1179,2023-09-06,67.26,69.74,67.09,69.73,7585616.0
1180,2023-09-07,68.73,69.88,67.83,68.24,7649325.0
1181,2023-09-08,68.63,70.15,68.35,69.76,5550484.0
1182,2023-09-11,70.38,72.08,69.82,71.42,7449202.0
1183,2023-09-12,70.91,71.53,69.85,69.99,4782518.0
1184,2023-09-13,70.18,70.46,69.02,69.71,2801459.0
1185,2023-09-14,69.73,70.42,69.38,70.42,5116847.0
1186,2023-09-15,70.16,70.35,67.91,68.55,6093460.0
1187,2023-09-18,68.27,68.71,67.66,68.41,3527363.0
1188,2023-09-19,69.07,69.67,68.54,69.16,3844194.0
1189,2023-09-20,69.17,69.71,68.13,68.2,3091710.0
1190,2023-09-21,67.52,68.46,67.3,67.7,3924650.0
1191,2023-09-22,67.99,69.85,67.88,69.31,4495031.0
1192,2023-09-25,69.45,70.24,68.66,69.29,3643708.0
1193,2023-09-26,69.06,69.3,68.19,68.19,3214382.0
1194,2023-09-27,69.06,69.24,66.49,67.21,5517393.0
1195,2023-09-28,67.47,68.53,67.32,67.76,3375091.0
1196,2023-09-29,68.36,68.86,67.81,68.16,6379819.0
1197,2023-10-02,67.87,68.59,66.6,66.96,3902534.0
1198,2023-10-03,68.0,68.2,66.08,66.5,4329670.0
1199,2023-10-04,66.57,67.13,65.72,66.46,6075271.0
1200,2023-10-05,65.55,66.32,63.58,65.45,7329844.0
1201,2023-10-06,65.98,66.33,65.15,65.67,8053994.0
1202,2023-10-09,65.5,66.72,65.26,66.44,6012462.0
1203,2023-10-10,66.6,67.81,66.6,67.24,8039459.0
1204,2023-10-11,67.5,69.61,67.34,69.6,5088644.0
1205,2023-10-12,69.29,70.03,67.91,68.31,4301745.0
1206,2023-10-13,68.68,69.9,67.02,67.3,4635966.0
1207,2023-10-16,67.14,67.87,66.52,67.02,5387491.0
1208,2023-10-17,66.52,67.91,65.96,67.16,4220108.0
1209,2023-10-18,66.51,67.6,66.13,66.15,3434594.0
1210,2023-10-19,66.5,67.94,66.05,66.29,4750767.0
1211,2023-10-20,66.08,66.51,64.61,65.17,4617021.0
1212,2023-10-23,65.08,65.9,64.32,65.17,2945044.0
1213,2023-10-24,66.02,66.79,65.65,66.58,4078440.0
1214,2023-10-25,66.46,67.17,65.71,65.97,4581164.0
1215,2023-10-26,65.77,66.23,63.53,64.14,4406117.0
1216,2023-10-27,64.63,65.79,64.63,65.59,5273262.0
1217,2023-10-30,65.58,66.42,65.473,66.06,3741989.0
1218,2023-10-31,65.66,66.59,65.36,66.54,3114142.0
1219,2023-11-01,66.92,68.37,66.38,68.3,3407632.0
1220,2023-11-02,69.01,69.56,67.94,68.28,3747034.0
1221,2023-11-03,68.615,69.69,68.27,69.14,3924623.0
1222,2023-11-06,69.39,71.93,69.39,71.6,6350221.0
1223,2023-11-07,71.23,71.94,70.78,71.24,5657490.0
1224,2023-11-08,71.29,72.13,70.66,72.11,3526265.0
1225,2023-11-09,72.26,72.9,71.29,71.87,3555687.0
1226,2023-11-10,72.34,73.42,72.04,73.13,2560191.0
1227,2023-11-13,72.48,73.68,71.98,73.4,3234457.0
1228,2023-11-14,74.065,74.09,72.955,73.52,5171921.0
1229,2023-11-15,72.65,73.75,72.1401,72.57,5266949.0
1230,2023-11-16,72.43,72.71,71.44,72.17,4044257.0
1231,2023-11-17,72.43,73.64,72.24,73.23,4052645.0
1232,2023-11-20,73.52,73.65,72.74,72.99,3241599.0
1233,2023-11-21,73.46,73.68,72.54,73.25,3737179.0
1234,2023-11-22,73.88,75.01,73.64,74.31,3522199.0
1235,2023-11-24,74.26,74.68,73.8,74.04,1689401.0
1236,2023-11-27,73.95,74.76,72.97,74.09,3686196.0
1237,2023-11-28,73.63,74.54,73.48,73.66,3126556.0
1238,2023-11-29,74.08,75.72,74.045,74.69,5427710.0
1239,2023-11-30,74.735,75.61,74.27,75.5,10519886.0
1240,2023-12-01,71.49,72.689,68.13,71.56,14361151.0
1241,2023-12-04,70.5,70.69,68.3,68.95,7443996.0
1242,2023-12-05,68.84,69.95,68.74,68.92,4977330.0
1243,2023-12-06,69.11,69.45,67.14,67.26,5259996.0
1244,2023-12-07,67.2,68.44,67.2,68.22,5460703.0
1245,2023-12-08,68.06,68.94,68.06,68.33,3003339.0
1246,2023-12-11,68.22,69.39,68.12,68.87,3945356.0
1247,2023-12-12,68.73,69.94,68.57,69.62,3436156.0
1248,2023-12-13,69.62,70.11,68.895,69.5,4234150.0
1249,2023-12-14,70.63,72.09,70.52,72.06,7684034.0
1250,2023-12-15,71.65,72.615,71.02,71.25,5539270.0
1251,2023-12-18,71.25,73.31,70.675,73.0,4810275.0
1252,2023-12-19,73.33,73.64,72.4867,73.16,2683900.0
1253,2023-12-20,73.17,73.91,71.94,72.05,4336839.0
1254,2023-12-21,73.02,75.025,73.02,74.95,4381827.0
1255,2023-12-22,75.31,75.78,74.68,75.34,4243774.0
1256,2023-12-26,75.62,76.9298,75.5,76.63,3000907.0
1257,2023-12-27,76.65,77.08,76.55,76.89,2050181.0
1258,2023-12-28,76.63,76.81,76.28,76.31,1546460.0
1259,2023-12-29,76.45,76.56,75.83,76.13,2293434.0
1260,2024-01-02,75.08,75.63,73.95,74.42,2954980.0
1261,2024-01-03,74.46,76.44,74.185,76.23,4194248.0
1262,2024-01-04,76.3,76.76,75.47,75.6,3029346.0
1263,2024-01-05,75.07,76.08,74.96,75.47,2950867.0
1264,2024-01-08,77.63,79.3,76.99,78.99,6552376.0
1265,2024-01-09,78.8,79.08,76.69,76.74,4849068.0
1266,2024-01-10,77.46,78.39,77.31,77.88,3054730.0
1267,2024-01-11,78.4,79.43,77.17,79.34,4009894.0
1268,2024-01-12,79.57,79.9,78.82,78.94,4843058.0
1269,2024-01-16,78.63,79.2,78.13,79.15,4348262.0
1270,2024-01-17,78.13,78.43,76.53,77.29,4928219.0
1271,2024-01-18,78.34,78.63,77.33,78.04,3076497.0
1272,2024-01-19,78.75,84.385,78.75,82.82,9448758.0
1273,2024-01-22,83.74,83.79,81.0,81.14,4248206.0
1274,2024-01-23,81.0,82.47,80.54,82.43,2673162.0
1275,2024-01-24,83.5,84.92,83.0,83.71,3637522.0
1276,2024-01-25,84.495,85.04,83.01,83.04,2723305.0
1277,2024-01-26,82.51,84.38,82.1164,84.22,2927464.0
1278,2024-01-29,84.38,84.67,83.345,83.41,2710258.0
1279,2024-01-30,85.72,86.45,84.32,84.8,3838788.0
1280,2024-01-31,83.28,83.59,81.8159,82.88,3586910.0
1281,2024-02-01,83.6,85.98,83.0,85.78,2729273.0
1282,2024-02-02,85.63,86.9,85.22,86.32,3683763.0
1283,2024-02-05,86.53,86.87,84.76,85.71,2204117.0
1284,2024-02-06,85.73,85.99,82.16,82.68,5013781.0
