,date,open,high,low,close,volume
0,2021-06-30,16.65,18.01,14.1,14.14,288155494.0
1,2021-07-01,15.6,16.9,15.0,16.4,150901837.0
2,2021-07-02,14.96,15.83,14.6,15.53,101314461.0
3,2021-07-06,11.78,12.63,11.58,12.49,225560274.0
4,2021-07-07,11.99,12.18,11.5,11.91,135249359.0
5,2021-07-08,11.18,11.48,11.0,11.21,77653425.0
6,2021-07-09,11.79,12.25,11.06,12.03,109024015.0
7,2021-07-12,11.73,11.97,11.12,11.16,46070471.0
8,2021-07-13,11.32,12.43,11.22,12.42,64419486.0
9,2021-07-14,12.51,13.35,11.97,12.62,99346826.0
10,2021-07-15,12.7,13.42,12.17,12.36,38321924.0
11,2021-07-16,11.86,12.36,11.77,11.97,28660864.0
12,2021-07-19,11.54,11.62,11.03,11.06,37720435.0
13,2021-07-20,11.16,11.38,10.69,11.21,21612112.0
14,2021-07-21,11.18,11.64,11.03,11.5,15378116.0
15,2021-07-22,10.86,10.8601,10.17,10.2,59685141.0
16,2021-07-23,8.98,9.02,7.93,8.06,136944774.0
17,2021-07-26,7.18,8.75,7.16,8.04,72846334.0
18,2021-07-27,8.03,8.24,7.45,8.04,57732465.0
19,2021-07-28,8.5,9.25,8.25,8.87,70124137.0
20,2021-07-29,10.5,10.61,9.11,9.86,123385591.0
21,2021-07-30,9.75,10.3599,9.41,10.31,44403409.0
22,2021-08-02,9.82,10.45,9.75,10.38,22225620.0
23,2021-08-03,10.01,10.19,9.65,10.08,22022948.0
24,2021-08-04,9.85,10.19,9.7,9.72,12907237.0
25,2021-08-05,9.53,9.56,9.28,9.33,15918841.0
26,2021-08-06,9.7,9.77,9.275,9.31,18211877.0
27,2021-08-09,9.3,9.8,9.15,9.54,15657916.0
28,2021-08-10,9.43,9.64,9.16,9.17,12433578.0
29,2021-08-11,9.29,9.3,8.83,8.83,14791921.0
30,2021-08-12,8.85,8.98,8.67,8.81,10124743.0
31,2021-08-13,8.71,8.82,7.925,8.32,21402979.0
32,2021-08-16,8.27,8.2873,7.9,8.11,12880971.0
33,2021-08-17,7.93,8.49,7.73,8.47,20568745.0
34,2021-08-18,8.3,8.35,7.9,7.92,25355034.0
35,2021-08-19,7.68,7.7,7.18,7.2,40774686.0
36,2021-08-20,7.53,7.98,7.32,7.47,37932198.0
37,2021-08-23,7.54,7.74,7.23,7.72,26666031.0
38,2021-08-24,8.13,8.78,8.13,8.7,42159074.0
39,2021-08-25,8.48,8.51,8.21,8.25,17082855.0
40,2021-08-26,8.23,8.75,8.23,8.42,17374702.0
41,2021-08-27,8.44,8.49,8.17,8.22,12428908.0
42,2021-08-30,8.26,8.3199,7.9506,8.18,11947034.0
43,2021-08-31,8.25,8.3377,8.04,8.22,15134628.0
44,2021-09-01,8.35,9.29,8.29,9.2,43888078.0
45,2021-09-02,9.25,9.33,8.72,8.81,25880242.0
46,2021-09-03,9.11,9.6,8.93,9.02,44892392.0
47,2021-09-07,9.16,10.18,9.15,9.69,48289617.0
48,2021-09-08,9.51,9.535,8.765,8.98,36072267.0
49,2021-09-09,8.82,9.19,8.79,9.0,15646030.0
50,2021-09-10,9.105,9.1979,8.53,8.55,20258925.0
51,2021-09-13,8.51,8.75,8.25,8.67,16135362.0
52,2021-09-14,8.5,8.65,8.38,8.45,12195003.0
53,2021-09-15,8.28,8.355,8.17,8.28,13986788.0
54,2021-09-16,8.13,8.28,8.12,8.17,10722902.0
55,2021-09-17,8.29,8.3399,8.11,8.3,16467309.0
56,2021-09-20,8.0,8.14,7.58,7.75,26276381.0
57,2021-09-21,7.85,7.88,7.59,7.61,18253142.0
58,2021-09-22,7.79,8.0397,7.7,7.96,14978848.0
59,2021-09-23,8.0,8.24,7.88,8.18,12149615.0
60,2021-09-24,8.05,8.17,7.89,7.96,10850626.0
61,2021-09-27,7.83,8.365,7.7,8.24,18464236.0
62,2021-09-28,8.12,8.25,7.96,7.98,10149654.0
63,2021-09-29,8.015,8.04,7.68,7.78,12408880.0
64,2021-09-30,7.81,7.91,7.73,7.79,9125543.0
65,2021-10-01,7.85,7.85,7.47,7.58,11035711.0
66,2021-10-04,7.5,7.52,7.26,7.27,13424827.0
67,2021-10-05,7.37,7.66,7.34,7.46,10142558.0
68,2021-10-06,7.415,7.59,7.38,7.58,9937599.0
69,2021-10-07,7.82,8.05,7.76,7.83,17821207.0
70,2021-10-08,8.04,8.2438,7.91,8.17,13100373.0
71,2021-10-11,8.38,8.8491,8.26,8.38,29426570.0
72,2021-10-12,8.34,8.6689,8.24,8.45,14052226.0
73,2021-10-13,8.49,8.51,8.25,8.3,10429440.0
74,2021-10-14,8.31,8.37,8.18,8.27,7530992.0
75,2021-10-15,8.31,8.4619,8.2,8.26,10946642.0
76,2021-10-18,8.17,8.41,8.15,8.24,7563752.0
77,2021-10-19,8.4001,8.59,8.2,8.56,21489622.0
78,2021-10-20,8.78,8.82,8.33,8.62,15548838.0
79,2021-10-21,8.96,9.85,8.85,9.81,81413480.0
80,2021-10-22,9.48,9.55,9.02,9.19,26166376.0
81,2021-10-25,9.23,9.48,8.83,8.83,19171830.0
82,2021-10-26,8.86,8.9,8.23,8.41,21926810.0
83,2021-10-27,8.33,8.5653,8.11,8.21,14611302.0
84,2021-10-28,8.2,8.36,8.06,8.26,10368241.0
85,2021-10-29,8.26,8.36,8.01,8.07,13013340.0
86,2021-11-01,8.1,8.56,8.07,8.46,13125966.0
87,2021-11-02,8.31,8.34,8.1,8.23,9381288.0
88,2021-11-03,8.26,8.37,8.16,8.36,6859111.0
89,2021-11-04,8.4,8.4,8.15,8.24,12037197.0
90,2021-11-05,8.21,8.22,7.95,8.12,16746007.0
91,2021-11-08,8.2,8.51,8.06,8.12,16000584.0
92,2021-11-09,8.17,8.25,8.0,8.12,10377689.0
93,2021-11-10,8.1,9.0,8.03,8.95,46257319.0
94,2021-11-11,9.35,9.56,8.5,8.96,48602587.0
95,2021-11-12,8.95,9.62,8.9,9.51,33900103.0
96,2021-11-15,9.43,9.47,8.91,9.01,19863305.0
97,2021-11-16,9.13,9.25,8.85,9.0,14929332.0
98,2021-11-17,8.98,9.13,8.53,8.64,17060799.0
99,2021-11-18,8.5699,8.5699,8.22,8.43,14002757.0
100,2021-11-19,8.43,8.63,8.21,8.3,10131641.0
101,2021-11-22,8.31,8.335,8.05,8.13,10600229.0
102,2021-11-23,8.14,8.3267,8.05,8.12,13077182.0
103,2021-11-24,8.11,8.21,8.02,8.11,8025943.0
104,2021-11-26,7.67,7.92,7.5,7.88,30136637.0
105,2021-11-29,7.87,7.95,7.58,7.81,24526008.0
106,2021-11-30,7.67,7.83,7.24,7.63,29389401.0
107,2021-12-01,7.69,8.34,7.68,7.81,23156569.0
108,2021-12-02,8.17,8.6,7.64,7.8,23257838.0
109,2021-12-03,7.53,7.65,6.0,6.07,121145523.0
110,2021-12-06,5.825,6.74,5.82,6.67,43911031.0
111,2021-12-07,6.88,7.41,6.85,7.2,28827581.0
112,2021-12-08,7.1,7.13,6.82,6.96,13762039.0
113,2021-12-09,6.81,6.95,6.66,6.66,13078159.0
114,2021-12-10,6.64,6.7,6.33,6.49,14298576.0
115,2021-12-13,6.45,6.66,6.35,6.42,10908562.0
116,2021-12-14,6.74,6.77,6.23,6.32,17216007.0
117,2021-12-15,6.18,6.31,5.88,6.07,18234247.0
118,2021-12-16,6.12,6.37,6.07,6.34,9334288.0
119,2021-12-17,6.15,6.42,6.13,6.28,8301920.0
120,2021-12-20,6.085,6.085,5.88,5.9,7602588.0
121,2021-12-21,6.03,6.14,5.89,6.04,9453011.0
122,2021-12-22,5.95,6.03,5.62,5.63,19320220.0
123,2021-12-23,5.63,5.7,5.5,5.6,13586717.0
124,2021-12-27,5.435,5.72,5.29,5.3,21146408.0
125,2021-12-28,5.33,5.545,5.22,5.38,24931734.0
126,2021-12-29,5.27,5.42,4.93,4.94,43077632.0
127,2021-12-30,4.78,5.3,4.76,5.23,35834189.0
128,2021-12-31,5.12,5.215,4.74,4.98,28051801.0
129,2022-01-03,4.82,5.33,4.8,5.25,12896048.0
130,2022-01-04,5.23,5.31,4.98,5.0,14232258.0
131,2022-01-05,4.94,5.135,4.9,5.02,28422095.0
132,2022-01-06,5.04,5.06,4.7,4.7,23243623.0
133,2022-01-07,4.76,4.825,4.415,4.5,25621053.0
134,2022-01-10,4.39,4.62,4.18,4.49,34322663.0
135,2022-01-11,4.5,5.04,4.46,4.9,23985822.0
136,2022-01-12,5.13,5.24,4.915,4.96,24396029.0
137,2022-01-13,4.94,4.95,4.63,4.67,19981382.0
138,2022-01-14,4.5,4.7,4.42,4.67,24158883.0
139,2022-01-18,4.54,4.9,4.52,4.78,14581688.0
140,2022-01-19,4.86,5.035,4.74,5.01,21647462.0
141,2022-01-20,5.15,5.48,5.13,5.36,35606747.0
142,2022-01-21,5.21,5.21,4.81,4.86,17990470.0
143,2022-01-24,4.67,4.77,4.53,4.76,13046978.0
144,2022-01-25,4.515,4.57,4.29,4.29,26953074.0
145,2022-01-26,4.37,4.43,4.03,4.07,25086983.0
146,2022-01-27,4.07,4.16,3.86,3.9,20201361.0
147,2022-01-28,3.86,3.93,3.55,3.72,43695237.0
148,2022-01-31,3.81,3.91,3.61,3.61,31543140.0
149,2022-02-01,3.68,3.73,3.56,3.61,18460311.0
150,2022-02-02,3.6,3.68,3.555,3.66,15713403.0
151,2022-02-03,3.56,3.63,3.5,3.56,18956238.0
152,2022-02-04,3.53,3.53,3.33,3.42,22551384.0
153,2022-02-07,3.44,3.635,3.37,3.55,18335932.0
154,2022-02-08,3.53,3.975,3.46,3.89,23982262.0
155,2022-02-09,3.93,4.08,3.78,3.96,18709204.0
156,2022-02-10,4.03,4.57,3.99,4.31,50514900.0
157,2022-02-11,4.18,4.2,3.92,3.99,28987909.0
158,2022-02-14,4.07,4.3,4.03,4.28,23892474.0
159,2022-02-15,4.28,4.39,4.13,4.38,17278650.0
160,2022-02-16,4.35,4.52,4.28,4.46,14874070.0
161,2022-02-17,4.41,4.42,4.185,4.26,9504508.0
162,2022-02-18,4.12,4.135,3.96,4.03,16865754.0
163,2022-02-22,3.9,4.35,3.89,4.25,30215566.0
164,2022-02-23,4.29,4.37,4.13,4.17,13725903.0
165,2022-02-24,3.82,4.23,3.81,4.12,17117341.0
166,2022-02-25,4.1599,4.1599,3.98,4.09,13113284.0
167,2022-02-28,4.0,4.135,3.94,4.1,34256695.0
168,2022-03-01,4.06,4.17,4.02,4.08,11283342.0
169,2022-03-02,4.06,4.1,3.96,4.0,14357797.0
170,2022-03-03,4.02,4.11,3.93,3.99,17124452.0
171,2022-03-04,3.98,4.1,3.97,4.02,16365412.0
172,2022-03-07,3.91,4.1,3.87,4.0,23473764.0
173,2022-03-08,3.925,3.925,3.54,3.55,27864117.0
174,2022-03-09,3.57,3.83,3.41,3.78,31586569.0
175,2022-03-10,3.55,3.67,3.35,3.38,22914046.0
176,2022-03-11,2.88,2.88,1.71,1.89,240432431.0
177,2022-03-14,1.9001,2.04,1.75,1.76,87259624.0
178,2022-03-15,1.77,1.96,1.75,1.8,92216540.0
179,2022-03-16,2.56,2.72,2.48,2.55,233382329.0
180,2022-03-17,2.45,2.65,2.345,2.56,91304902.0
181,2022-03-18,2.59,4.21,2.56,4.09,412008269.0
182,2022-03-21,3.85,4.67,3.72,4.16,160102198.0
183,2022-03-22,4.36,4.45,3.91,4.0,92007822.0
184,2022-03-23,4.01,4.25,3.68,3.81,85008840.0
185,2022-03-24,3.74,3.97,3.68,3.8,31913561.0
186,2022-03-25,3.46,3.5,3.115,3.27,69078469.0
187,2022-03-28,3.37,3.41,2.96,3.02,43061142.0
188,2022-03-29,3.2,3.2,3.0,3.06,34299998.0
189,2022-03-30,3.06,3.24,2.93,2.94,48422680.0
190,2022-03-31,2.88,2.88,2.5,2.5,61526846.0
191,2022-04-01,2.94,3.2,2.7,2.82,154953565.0
192,2022-04-04,3.02,3.06,2.83,3.0,83005371.0
193,2022-04-05,2.95,2.95,2.65,2.65,57590762.0
194,2022-04-06,2.7,2.7,2.54,2.6,33059335.0
195,2022-04-07,2.58,2.62,2.35,2.58,42392384.0
196,2022-04-08,2.51,2.65,2.48,2.52,19485367.0
197,2022-04-11,2.51,2.59,2.4,2.55,22069801.0
198,2022-04-12,2.64,2.65,2.43,2.46,17798529.0
199,2022-04-13,2.48,2.56,2.43,2.54,13639691.0
200,2022-04-14,2.53,2.56,2.43,2.46,13524815.0
201,2022-04-18,1.99,2.3,1.9,2.01,140050667.0
202,2022-04-19,2.04,2.09,2.0,2.02,25959398.0
203,2022-04-20,2.05,2.05,1.88,1.88,41017083.0
204,2022-04-21,1.87,1.87,1.69,1.71,61057277.0
205,2022-04-22,1.78,1.83,1.7,1.72,35277069.0
206,2022-04-25,1.66,1.88,1.65,1.8,39198019.0
207,2022-04-26,1.8,1.81,1.72,1.73,24292579.0
208,2022-04-27,1.75,1.87,1.74,1.78,23754810.0
209,2022-04-28,1.83,1.84,1.76,1.81,18386403.0
210,2022-04-29,2.155,2.18,1.88,1.88,73766084.0
211,2022-05-02,1.9,2.0,1.82,1.99,23240383.0
212,2022-05-03,2.0,2.07,1.98,2.01,16329568.0
213,2022-05-04,1.92,2.02,1.89,2.02,24571665.0
214,2022-05-05,1.93,2.02,1.88,1.94,16968115.0
215,2022-05-06,1.87,1.89,1.74,1.74,41685463.0
216,2022-05-09,1.72,1.73,1.53,1.56,22768518.0
217,2022-05-10,1.68,1.7,1.57,1.57,23744419.0
218,2022-05-11,1.61,1.63,1.47,1.53,46311016.0
219,2022-05-12,1.53,1.56,1.37,1.46,35135154.0
220,2022-05-13,1.5,1.5793,1.47,1.49,24379431.0
221,2022-05-16,1.49,1.59,1.47,1.49,25126048.0
222,2022-05-17,1.62,1.66,1.5,1.51,59691928.0
223,2022-05-18,1.51,1.53,1.49,1.51,22515621.0
224,2022-05-19,1.51,1.65,1.5,1.61,39909730.0
225,2022-05-20,1.62,1.62,1.48,1.5,74625151.0
226,2022-05-23,1.54,1.65,1.42,1.44,94038027.0
227,2022-05-24,1.42,1.56,1.39,1.48,57682112.0
228,2022-05-25,1.52,1.75,1.51,1.75,46951733.0
229,2022-05-26,1.77,1.92,1.69,1.85,45961879.0
230,2022-05-27,2.03,2.08,1.915,2.01,56198417.0
231,2022-05-31,2.05,2.1,1.95,1.95,59171421.0
232,2022-06-01,1.99,2.01,1.82,1.82,30868623.0
233,2022-06-02,1.83,2.0,1.82,1.91,21772219.0
234,2022-06-03,1.91,1.945,1.75,1.85,49715709.0
235,2022-06-06,3.06,3.1,2.26,2.3,381962767.0
236,2022-06-07,2.4,2.46,2.23,2.24,116341680.0
237,2022-06-08,2.33,2.61,2.27,2.51,129811949.0
238,2022-06-09,2.48,2.55,2.33,2.36,64863278.0
239,2022-06-10,2.29,2.45,2.16,2.29,127377370.0
240,2022-06-13,2.19,2.54,2.11,2.46,24482674.0
241,2022-06-14,2.46,2.87,2.38,2.76,28346953.0
242,2022-06-15,2.84,2.89,2.65,2.76,18100696.0
243,2022-06-16,2.62,2.72,2.42,2.64,16479791.0
244,2022-06-17,2.81,2.88,2.72,2.81,18201893.0
245,2022-06-21,2.91,2.93,2.86,2.87,8414392.0
246,2022-06-22,2.88,2.96,2.79,2.95,7148279.0
247,2022-06-23,3.03,3.11,2.98,3.05,16422287.0
248,2022-06-24,3.14,3.4,3.11,3.4,13802405.0
249,2022-06-27,3.59,3.61,3.32,3.39,19700824.0
250,2022-06-28,3.44,3.46,3.01,3.02,16996617.0
251,2022-06-29,3.17,3.22,3.05,3.08,12866505.0
252,2022-06-30,3.01,3.03,2.8,2.95,16360153.0
253,2022-07-01,3.0,3.21,2.79,3.14,15438506.0
254,2022-07-05,3.06,3.33,2.95,3.33,10043856.0
255,2022-07-06,3.31,3.45,3.1,3.28,9867111.0
256,2022-07-07,3.34,3.4,3.27,3.39,6374001.0
257,2022-07-08,3.3,3.32,3.21,3.31,5140508.0
258,2022-07-11,3.19,3.21,2.95,2.96,8201266.0
259,2022-07-12,3.0,3.05,2.98,3.01,3847354.0
260,2022-07-13,2.96,3.1,2.9,3.03,6514166.0
261,2022-07-14,2.99,2.99,2.88,2.89,9669866.0
262,2022-07-15,2.87,2.97,2.79,2.94,6896936.0
263,2022-07-18,2.95,3.04,2.9,2.93,4512975.0
264,2022-07-19,3.27,3.34,3.05,3.32,23543302.0
265,2022-07-20,3.29,3.59,3.29,3.49,8872764.0
266,2022-07-21,3.58,3.82,3.53,3.8,19289173.0
267,2022-07-22,3.87,3.92,3.49,3.56,12029056.0
268,2022-07-25,3.39,3.43,3.33,3.38,9525037.0
269,2022-07-26,3.26,3.3,2.86,3.01,23344362.0
270,2022-07-27,2.94,3.18,2.82,3.05,9156376.0
271,2022-07-28,3.02,3.15,3.02,3.09,4703647.0
272,2022-07-29,3.05,3.06,2.86,2.86,10933369.0
273,2022-08-01,2.91,2.91,2.51,2.55,16952350.0
274,2022-08-02,2.45,2.69,2.45,2.64,8800559.0
275,2022-08-03,2.62,2.92,2.6,2.87,6070118.0
276,2022-08-04,2.9,3.02,2.86,2.92,5126386.0
277,2022-08-05,2.83,2.9,2.777,2.82,4163578.0
278,2022-08-08,2.85,2.91,2.8,2.8935,3555600.0
279,2022-08-09,2.88,3.15,2.84,3.07,6859869.0
280,2022-08-10,3.14,3.1726,2.9,3.0,6516436.0
281,2022-08-11,3.05,3.18,3.01,3.01,7837406.0
282,2022-08-12,2.94,2.99,2.85,2.94,5237681.0
283,2022-08-15,2.88,2.91,2.82,2.88,2720938.0
284,2022-08-16,2.81,2.904,2.8,2.89,2534035.0
285,2022-08-17,2.85,2.87,2.78,2.8,2947927.0
286,2022-08-18,2.81,2.94,2.8,2.94,7923223.0
287,2022-08-19,2.96,2.97,2.82,2.82,6535192.0
288,2022-08-22,2.8,2.8,2.56,2.61,11610483.0
289,2022-08-23,2.63,2.69,2.53,2.61,5751134.0
290,2022-08-24,2.6,2.66,2.54,2.62,10255162.0
291,2022-08-25,2.7,2.73,2.66,2.71,10062369.0
292,2022-08-26,2.86,2.88,2.63,2.66,10872981.0
293,2022-08-29,2.59,2.7,2.57,2.59,7242786.0
294,2022-08-30,2.61,2.65,2.38,2.4,15028004.0
295,2022-08-31,2.45,2.55,2.17,2.55,15010742.0
296,2022-09-01,2.46,2.54,2.35,2.52,10079552.0
297,2022-09-02,2.5,2.6,2.42,2.56,3046499.0
298,2022-09-06,2.57,2.68,2.41,2.5,5469046.0
299,2022-09-07,2.5,2.53,2.45,2.49,2195520.0
300,2022-09-08,2.51,2.56,2.5,2.55,2624349.0
301,2022-09-09,2.58,2.66,2.57,2.62,5508725.0
302,2022-09-12,2.62,2.66,2.555,2.58,2389263.0
303,2022-09-13,2.53,2.56,2.46,2.5001,1954555.0
304,2022-09-14,2.48,2.49,2.44,2.46,1360751.0
305,2022-09-15,2.45,2.48,2.4,2.41,3802066.0
306,2022-09-16,2.37,2.37,2.15,2.2,10416510.0
307,2022-09-19,2.17,2.18,2.11,2.13,3410215.0
308,2022-09-20,2.16,2.27,2.15,2.23,8523248.0
309,2022-09-21,2.22,2.23,2.12,2.13,6603071.0
310,2022-09-22,2.14,2.2,2.06,2.06,3574847.0
311,2022-09-23,2.02,2.04,1.96,1.98,5273095.0
312,2022-09-26,1.99,2.02,1.82,1.93,10231837.0
313,2022-09-27,1.93,2.01,1.93,1.95,2803323.0
314,2022-09-28,1.92,1.98,1.9,1.97,3239641.0
315,2022-09-29,1.93,1.95,1.86,1.9,2532442.0
316,2022-09-30,1.94,1.94,1.83,1.837,3083056.0
317,2022-10-03,1.78,1.96,1.75,1.94,5642079.0
318,2022-10-04,1.97,2.07,1.95,2.05,4187532.0
319,2022-10-05,2.03,2.03,1.98,2.02,2136534.0
320,2022-10-06,2.0,2.09,1.97,2.0,2048361.0
321,2022-10-07,1.98,2.0,1.88,1.89,2822856.0
322,2022-10-10,1.89,1.89,1.75,1.83,2908208.0
323,2022-10-11,1.73,1.8,1.66,1.71,5400260.0
324,2022-10-12,1.79,1.82,1.73,1.79,3020441.0
325,2022-10-13,1.72,1.87,1.66,1.77,4162681.0
326,2022-10-14,1.79,1.82,1.66,1.68,3119699.0
327,2022-10-17,1.73,1.77,1.69,1.72,4775903.0
328,2022-10-18,1.81,1.82,1.7,1.71,2642488.0
329,2022-10-19,1.7,1.71,1.66,1.66,3424410.0
330,2022-10-20,1.68,1.71,1.63,1.63,3664802.0
331,2022-10-21,1.65,1.65,1.56,1.59,3391039.0
332,2022-10-24,1.44,1.51,1.25,1.48,22137724.0
333,2022-10-25,1.49,1.68,1.43,1.64,9129597.0
334,2022-10-26,1.6,1.75,1.58,1.7,5465226.0
335,2022-10-27,1.67,1.99,1.67,1.95,9079527.0
336,2022-10-28,1.85,2.0,1.78,1.98,9407945.0
337,2022-10-31,1.95,1.95,1.85,1.95,3473544.0
338,2022-11-01,2.03,2.07,1.98,1.99,3493341.0
339,2022-11-02,2.0,2.05,1.9,1.95,2538295.0
340,2022-11-03,1.93,2.01,1.86,1.94,2339796.0
341,2022-11-04,2.04,2.14,1.99,2.13,5117490.0
342,2022-11-07,2.15,2.15,2.01,2.06,3064071.0
343,2022-11-08,2.02,2.26,2.01,2.25,5892586.0
344,2022-11-09,2.16,2.28,2.15,2.17,5278621.0
345,2022-11-10,2.27,2.33,2.12,2.17,3963082.0
346,2022-11-11,2.22,2.44,2.19,2.42,6200844.0
347,2022-11-14,2.43,2.48,2.35,2.43,3866964.0
348,2022-11-15,2.54,2.7,2.53,2.55,10756850.0
349,2022-11-16,2.54,2.55,2.38,2.39,3157488.0
350,2022-11-17,2.33,2.49,2.31,2.44,2435734.0
351,2022-11-18,2.43,2.51,2.38,2.48,4128849.0
352,2022-11-21,2.45,2.48,2.38,2.4,2288647.0
353,2022-11-22,2.38,2.4,2.33,2.37,3431775.0
354,2022-11-23,2.37,2.4,2.35,2.4,1958011.0
355,2022-11-25,2.33,2.4,2.31,2.37,2971724.0
356,2022-11-28,2.32,2.42,2.31,2.32,2490280.0
357,2022-11-29,2.36,2.58,2.35,2.5487,14346781.0
358,2022-11-30,2.6,2.84,2.6,2.675,20778567.0
359,2022-12-01,2.65,2.67,2.48,2.53,7744986.0
360,2022-12-02,2.53,2.9,2.51,2.85,22268868.0
361,2022-12-05,2.98,3.02,2.88,2.99,21010602.0
362,2022-12-06,2.99,3.19,2.88,3.1,19527906.0
363,2022-12-07,2.96,3.35,2.96,3.34,27852021.0
364,2022-12-08,3.37,4.19,3.36,4.145,34652433.0
365,2022-12-09,3.99,4.04,3.75,3.78,27056555.0
366,2022-12-12,3.55,3.83,3.1,3.32,22663871.0
367,2022-12-13,3.49,3.55,3.33,3.42,10966047.0
368,2022-12-14,3.42,3.42,3.14,3.16,8490045.0
369,2022-12-15,3.38,3.65,3.33,3.4,36146008.0
370,2022-12-16,3.55,3.76,3.52,3.64,22461565.0
371,2022-12-19,3.74,3.76,3.56,3.68,18740616.0
372,2022-12-20,3.57,3.75,3.52,3.72,8282349.0
373,2022-12-21,3.65,3.78,3.63,3.73,6222395.0
374,2022-12-22,3.69,3.705,3.64,3.66,9010963.0
375,2022-12-23,3.7,3.81,3.61,3.67,8406069.0
376,2022-12-27,3.63,3.71,3.37,3.46,6478870.0
377,2022-12-28,3.44,3.45,3.07,3.2,12077253.0
378,2022-12-29,3.19,3.42,3.15,3.34,10176057.0
379,2022-12-30,3.1,3.23,3.09,3.18,8760318.0
380,2023-01-03,3.39,3.57,3.33,3.54,13232983.0
381,2023-01-04,3.75,3.99,3.71,3.98,24121606.0
382,2023-01-05,3.88,4.15,3.78,4.1,18257072.0
383,2023-01-06,4.08,4.95,4.02,4.68,46314783.0
384,2023-01-09,4.94,5.05,4.38,4.42,33311640.0
385,2023-01-10,4.55,4.7,4.47,4.51,10841683.0
386,2023-01-11,4.56,4.89,4.52,4.7,19125224.0
387,2023-01-12,4.7,4.85,4.61,4.63,22538347.0
388,2023-01-13,4.97,4.99,4.55,4.6,54835908.0
389,2023-01-17,4.99,4.99,4.6,4.69,29818246.0
390,2023-01-18,4.21,4.48,4.01,4.14,41671680.0
391,2023-01-19,4.31,4.62,4.27,4.44,23002671.0
392,2023-01-20,4.59,4.89,4.53,4.83,19431319.0
393,2023-01-23,4.82,4.87,4.56,4.6,12159038.0
394,2023-01-24,4.62,4.63,4.4,4.4,6009363.0
395,2023-01-25,4.41,4.47,4.25,4.3,9920242.0
396,2023-01-26,4.45,4.54,4.31,4.31,9988295.0
397,2023-01-27,4.35,4.43,4.22,4.28,12512412.0
398,2023-01-30,4.15,4.31,4.15,4.26,11667082.0
399,2023-01-31,4.31,4.68,4.23,4.52,11899549.0
400,2023-02-01,4.61,4.72,4.43,4.59,6307134.0
401,2023-02-02,4.65,4.66,4.43,4.59,19696669.0
402,2023-02-03,4.56,4.58,4.37,4.42,10978446.0
403,2023-02-06,4.36,4.37,4.18,4.31,6864718.0
404,2023-02-07,4.33,4.5,4.28,4.47,7247263.0
405,2023-02-08,4.35,4.49,4.26,4.35,7855481.0
406,2023-02-09,4.4,4.47,4.37,4.42,10562606.0
407,2023-02-10,4.34,4.37,4.25,4.26,11654915.0
408,2023-02-13,4.3,4.4,4.28,4.35,6420758.0
409,2023-02-14,4.34,4.4,4.29,4.39,8519701.0
410,2023-02-15,4.36,4.39,4.31,4.39,6066756.0
411,2023-02-16,4.31,4.61,4.31,4.59,13833079.0
412,2023-02-17,4.48,4.68,4.36,4.51,7521875.0
413,2023-02-21,4.47,4.49,4.4,4.49,11494613.0
414,2023-02-22,4.48,4.57,4.39,4.49,5684502.0
415,2023-02-23,4.39,4.52,4.33,4.47,5419186.0
416,2023-02-24,4.34,4.37,4.02,4.03,8870821.0
417,2023-02-27,4.13,4.19,4.08,4.12,4239882.0
418,2023-02-28,4.1,4.1,3.62,3.98,19308267.0
419,2023-03-01,4.09,4.17,4.0,4.08,8267370.0
420,2023-03-02,3.96,4.12,3.9,4.12,8441847.0
421,2023-03-03,4.14,4.38,4.01,4.35,8526810.0
422,2023-03-06,4.34,4.5,4.21,4.36,5936211.0
423,2023-03-07,4.29,4.4,4.03,4.07,8546360.0
424,2023-03-08,4.11,4.39,4.07,4.32,6820705.0
425,2023-03-09,4.2,4.28,4.06,4.17,8024136.0
426,2023-03-10,4.05,4.1,3.86,3.92,14059039.0
427,2023-03-13,3.9,4.11,3.67,4.01,10457310.0
428,2023-03-14,3.97,4.5,3.63,3.73,17966139.0
429,2023-03-15,3.7,3.7,3.24,3.63,29713748.0
430,2023-03-16,3.51,3.61,3.41,3.6,9611776.0
431,2023-03-17,3.64,3.68,3.41,3.51,5554143.0
432,2023-03-20,3.48,3.48,3.31,3.43,5174087.0
433,2023-03-21,3.54,3.68,3.44,3.65,8933420.0
434,2023-03-22,3.62,3.72,3.51,3.65,3742709.0
435,2023-03-23,3.75,3.85,3.7,3.71,6707119.0
436,2023-03-24,3.68,3.69,3.515,3.65,3503054.0
437,2023-03-27,3.63,3.79,3.57,3.76,6809086.0
438,2023-03-28,3.91,3.99,3.83,3.98,7463819.0
439,2023-03-29,3.97,4.04,3.92,3.97,7652929.0
440,2023-03-30,3.98,3.99,3.82,3.95,16764661.0
441,2023-03-31,3.93,3.95,3.78,3.8,10453823.0
442,2023-04-03,3.77,3.88,3.76,3.82,5551233.0
443,2023-04-04,3.8,3.83,3.67,3.7,4115487.0
444,2023-04-05,3.71,3.75,3.65,3.7,6642813.0
445,2023-04-06,3.7,3.93,3.69,3.89,3219937.0
446,2023-04-10,3.8,3.85,3.75,3.84,1982348.0
447,2023-04-11,3.83,3.84,3.75,3.75,8386143.0
448,2023-04-12,3.76,3.79,3.62,3.66,6101470.0
449,2023-04-13,3.66,3.82,3.61,3.63,8366398.0
450,2023-04-14,3.65,3.75,3.58,3.61,3184544.0
451,2023-04-17,3.57,3.75,3.44,3.49,9545068.0
452,2023-04-18,3.55,3.59,3.37,3.43,14483476.0
453,2023-04-19,3.44,3.45,3.38,3.42,3556036.0
454,2023-04-20,3.41,3.57,3.38,3.49,4343948.0
455,2023-04-21,3.44,3.61,3.42,3.45,4188095.0
456,2023-04-24,3.4,3.47,3.21,3.22,11780449.0
457,2023-04-25,3.14,3.2025,2.96,3.19,11089728.0
458,2023-04-26,3.22,3.3,3.17,3.27,2890047.0
459,2023-04-27,3.23,3.65,3.18,3.65,11162479.0
460,2023-04-28,3.52,3.8,3.46,3.8,5548625.0
461,2023-05-01,3.86,3.9,3.76,3.87,3371410.0
462,2023-05-02,3.78,3.8,3.55,3.6,2626396.0
463,2023-05-03,3.6,3.68,3.46,3.52,2272764.0
464,2023-05-04,3.44,3.51,3.38,3.43,5843524.0
465,2023-05-05,3.41,3.5,3.36,3.5,4605242.0
466,2023-05-08,3.5,3.51,3.42,3.5,3718232.0
467,2023-05-09,3.45,3.45,3.25,3.31,4661517.0
468,2023-05-10,3.3,3.41,3.1,3.41,15017408.0
469,2023-05-11,3.35,3.37,3.26,3.35,4584191.0
470,2023-05-12,3.28,3.3,3.16,3.26,4825370.0
471,2023-05-15,3.2,3.34,3.19,3.26,2650220.0
472,2023-05-16,3.21,3.27,3.2,3.21,2222399.0
473,2023-05-17,3.22,3.3,3.16,3.3,6698025.0
474,2023-05-18,3.25,3.28,3.09,3.19,9748493.0
475,2023-05-19,3.19,3.19,3.0,3.09,11152418.0
476,2023-05-22,3.15,3.19,3.01,3.03,5036807.0
477,2023-05-23,3.03,3.07,2.96,2.99,5556681.0
478,2023-05-24,2.95,2.96,2.78,2.79,18552461.0
479,2023-05-25,2.77,2.78,2.61,2.66,15586447.0
480,2023-05-26,2.72,2.84,2.64,2.64,9207707.0
481,2023-05-30,2.62,2.75,2.48,2.5,18902854.0
482,2023-05-31,2.54,2.57,2.48,2.56,11402869.0
483,2023-06-01,2.51,2.85,2.51,2.84,8836262.0
484,2023-06-02,2.93,2.98,2.76,2.79,5836307.0
485,2023-06-05,2.77,2.93,2.75,2.91,3057607.0
486,2023-06-06,2.85,3.02,2.83,2.97,4462146.0
487,2023-06-07,2.87,2.965,2.85,2.89,2931418.0
488,2023-06-08,2.89,2.95,2.82,2.95,5444219.0
489,2023-06-09,2.9,2.98,2.9,2.95,7109945.0
490,2023-06-12,2.94,2.96,2.91,2.95,2170718.0
491,2023-06-13,3.0,3.05,2.94,2.97,5897894.0
492,2023-06-14,2.95,2.95,2.82,2.88,6545204.0
493,2023-06-15,2.93,3.03,2.91,3.0,14653817.0
494,2023-06-16,3.0,3.02,2.95,2.97,5314697.0
495,2023-06-20,2.85,2.97,2.8,2.96,5794455.0
496,2023-06-21,2.87,2.92,2.86,2.92,3008822.0
497,2023-06-22,2.9,2.91,2.81,2.88,2894431.0
498,2023-06-23,2.84,2.89,2.77,2.77,3248438.0
499,2023-06-26,2.77,2.97,2.76,2.95,4654452.0
500,2023-06-27,2.91,3.03,2.9,2.99,5888829.0
501,2023-06-28,2.94,3.01,2.89,3.0,4889786.0
502,2023-06-29,2.96,3.01,2.93,3.0,3870327.0
503,2023-06-30,2.97,3.01,2.95,3.0,3895434.0
504,2023-07-03,3.0,3.01,2.98,3.0,5393222.0
505,2023-07-05,2.96,3.01,2.93,3.0,11197388.0
506,2023-07-06,2.98,3.01,2.95,2.98,7415844.0
507,2023-07-07,2.99,3.03,2.97,3.0,11592216.0
508,2023-07-10,3.09,3.39,3.06,3.31,17635640.0
509,2023-07-11,3.37,3.57,3.34,3.47,13220369.0
510,2023-07-12,3.53,3.57,3.25,3.34,11064802.0
511,2023-07-13,3.38,3.41,3.23,3.23,14025163.0
512,2023-07-14,3.22,3.23,3.06,3.08,4524683.0
513,2023-07-17,3.1,3.2,3.08,3.19,2410051.0
514,2023-07-18,3.14,3.18,3.0,3.02,3923449.0
515,2023-07-19,3.06,3.17,3.06,3.15,6980402.0
516,2023-07-20,3.13,3.15,3.04,3.08,4269604.0
517,2023-07-21,3.1,3.14,2.97,3.03,4870940.0
518,2023-07-24,3.02,3.3,3.02,3.22,7075278.0
519,2023-07-25,3.27,3.39,3.26,3.37,12909730.0
520,2023-07-26,3.31,3.49,3.28,3.44,13050905.0
521,2023-07-27,3.44,3.5,3.36,3.45,9952960.0
522,2023-07-28,3.5,3.86,3.48,3.86,26062807.0
523,2023-07-31,3.74,3.84,3.59,3.76,21984370.0
524,2023-08-01,3.67,3.7,3.5,3.6,8130294.0
525,2023-08-02,3.49,3.5,3.35,3.47,10302129.0
526,2023-08-03,3.48,3.6,3.45,3.57,11838691.0
527,2023-08-04,3.51,3.55,3.46,3.48,2863178.0
528,2023-08-07,3.44,3.44,3.33,3.39,4981325.0
529,2023-08-08,3.3,3.33,3.23,3.27,7267977.0
530,2023-08-09,3.3,3.3,3.18,3.21,5829012.0
531,2023-08-10,3.21,3.35,3.21,3.23,6334163.0
532,2023-08-11,3.19,3.23,3.11,3.2,4998171.0
533,2023-08-14,3.13,3.19,3.12,3.16,2171739.0
534,2023-08-15,3.14,3.15,3.02,3.06,3959424.0
535,2023-08-16,3.05,3.14,2.92,3.01,5192842.0
536,2023-08-17,3.02,3.12,3.0,3.1,5969836.0
537,2023-08-18,3.03,3.14,3.0,3.1,4283421.0
538,2023-08-21,3.06,3.33,3.06,3.32,7866292.0
539,2023-08-22,3.27,3.31,3.16,3.3,10702572.0
540,2023-08-23,3.23,3.29,3.2,3.28,5127741.0
541,2023-08-24,3.27,3.32,3.18,3.24,6303805.0
542,2023-08-25,3.16,3.25,3.15,3.17,3622375.0
543,2023-08-28,3.27,3.29,3.22,3.27,3646618.0
544,2023-08-29,3.28,3.4,3.25,3.4,5791719.0
545,2023-08-30,3.28,3.44,3.23,3.42,6731762.0
546,2023-08-31,3.41,3.45,3.38,3.43,4118011.0
547,2023-09-01,3.36,3.48,3.35,3.42,6632279.0
548,2023-09-05,3.24,3.53,3.23,3.5,6319837.0
549,2023-09-06,3.49,3.58,3.44,3.51,6270876.0
550,2023-09-07,3.43,3.51,3.35,3.51,6650139.0
551,2023-09-08,3.5,3.57,3.45,3.5,5547668.0
552,2023-09-11,3.57,3.65,3.46,3.51,9507782.0
553,2023-09-12,3.5,3.54,3.43,3.47,6169908.0
554,2023-09-13,3.45,3.47,3.34,3.47,4079088.0
555,2023-09-14,3.42,3.46,3.4,3.45,1810994.0
556,2023-09-15,3.41,3.44,3.38,3.43,1904324.0
557,2023-09-18,3.38,3.43,3.35,3.36,3749558.0
558,2023-09-19,3.33,3.36,3.28,3.34,2668451.0
559,2023-09-20,3.28,3.33,3.23,3.3,3064455.0
560,2023-09-21,3.23,3.24,3.13,3.16,5966611.0
561,2023-09-22,3.22,3.25,3.18,3.24,2933733.0
562,2023-09-25,3.2,3.27,3.12,3.25,7237159.0
563,2023-09-26,3.2,3.29,3.12,3.2,3844485.0
564,2023-09-27,3.16,3.23,3.14,3.2,984108.0
565,2023-09-28,3.17,3.18,3.11,3.16,1968780.0
566,2023-09-29,3.16,3.27,3.16,3.23,3051003.0
567,2023-10-02,3.17,3.25,3.16,3.23,2378796.0
568,2023-10-03,3.17,3.22,3.15,3.195,1604917.0
569,2023-10-04,3.16,3.29,3.16,3.27,2401122.0
570,2023-10-05,3.19,3.29,3.19,3.26,2722089.0
571,2023-10-06,3.21,3.35,3.21,3.35,2386416.0
572,2023-10-09,3.32,3.47,3.31,3.38,3206298.0
573,2023-10-10,3.35,3.52,3.35,3.49,3787288.0
574,2023-10-11,3.47,3.49,3.37,3.4,1914039.0
575,2023-10-12,3.41,3.51,3.35,3.36,2694954.0
576,2023-10-13,3.63,3.65,3.38,3.47,6528061.0
577,2023-10-16,3.48,3.64,3.42,3.57,3869008.0
578,2023-10-17,3.51,3.7,3.5,3.57,3304846.0
579,2023-10-18,3.55,3.57,3.46,3.49,1300299.0
580,2023-10-19,3.47,3.48,3.36,3.37,2892379.0
581,2023-10-20,3.38,3.39,3.2475,3.28,3801173.0
582,2023-10-23,3.28,3.4,3.24,3.27,1953544.0
583,2023-10-24,3.28,3.47,3.27,3.39,3706588.0
584,2023-10-25,3.35,3.39,3.29,3.31,1476740.0
585,2023-10-26,3.3,3.42,3.3,3.33,3416432.0
586,2023-10-27,3.41,3.48,3.38,3.45,3721383.0
587,2023-10-30,3.45,3.5,3.41,3.48,2608188.0
588,2023-10-31,3.41,3.49,3.38,3.39,3586332.0
589,2023-11-01,3.38,3.44,3.36,3.4,4535243.0
590,2023-11-02,3.4,3.43,3.36,3.4,3175082.0
591,2023-11-03,3.42,3.5,3.42,3.5,2207174.0
592,2023-11-06,3.55,3.58,3.43,3.45,1969088.0
593,2023-11-07,3.44,3.47,3.41,3.44,1520155.0
594,2023-11-08,3.45,3.49,3.41,3.42,1561602.0
595,2023-11-09,3.42,3.47,3.41,3.45,1516143.0
596,2023-11-10,3.43,3.49,3.43,3.49,1359646.0
597,2023-11-13,3.61,3.84,3.52,3.82,10036499.0
598,2023-11-14,3.81,3.9,3.67,3.83,7785723.0
599,2023-11-15,3.83,3.96,3.76,3.9,5418729.0
600,2023-11-16,3.74,3.88,3.74,3.8,3464791.0
601,2023-11-17,3.8,3.91,3.79,3.84,2485320.0
602,2023-11-20,3.84,4.04,3.82,4.0,4894628.0
603,2023-11-21,4.02,4.08,4.0,4.05,4113188.0
604,2023-11-22,4.05,4.08,3.98,4.01,4147382.0
605,2023-11-24,3.99,4.03,3.96,3.98,2306909.0
606,2023-11-27,3.93,3.98,3.87,3.9,5136866.0
607,2023-11-28,3.89,4.04,3.85,4.01,3850885.0
608,2023-11-29,3.99,4.06,3.99,4.0,6118809.0
609,2023-11-30,3.99,4.02,3.93,3.97,3532615.0
610,2023-12-01,3.95,3.99,3.89,3.89,2363599.0
611,2023-12-04,3.83,3.87,3.76,3.77,3270739.0
612,2023-12-05,3.73,3.75,3.61,3.75,3338644.0
613,2023-12-06,3.71,3.88,3.7,3.84,3759096.0
614,2023-12-07,3.86,3.87,3.72,3.83,1513299.0
615,2023-12-08,3.71,3.82,3.71,3.77,1236889.0
616,2023-12-11,3.74,3.75,3.66,3.68,2141478.0
617,2023-12-12,3.69,3.71,3.6,3.63,2598523.0
618,2023-12-13,3.61,3.75,3.58,3.73,4977312.0
619,2023-12-14,3.69,3.75,3.66,3.72,3251408.0
620,2023-12-15,3.71,3.81,3.68,3.8,3305308.0
621,2023-12-18,3.72,3.84,3.72,3.78,4612397.0
622,2023-12-19,3.75,3.78,3.72,3.76,6440603.0
623,2023-12-20,3.75,3.76,3.69,3.69,3869202.0
624,2023-12-21,3.66,3.68,3.57,3.59,3870535.0
625,2023-12-22,3.52,3.78,3.5,3.73,4934278.0
626,2023-12-26,3.66,3.75,3.66,3.71,2687216.0
627,2023-12-27,3.71,3.88,3.7,3.88,3055723.0
628,2023-12-28,3.85,3.96,3.81,3.95,3586560.0
629,2023-12-29,3.92,3.97,3.88,3.95,4459252.0
630,2024-01-02,3.87,3.9,3.82,3.86,2213402.0
631,2024-01-03,3.82,3.85,3.77,3.8,2704909.0
632,2024-01-04,3.77,4.06,3.77,4.0,7072341.0
633,2024-01-05,3.99,4.0,3.9,3.95,9219645.0
634,2024-01-08,3.88,3.97,3.82,3.96,5253529.0
635,2024-01-09,3.91,3.96,3.86,3.89,4934798.0
636,2024-01-10,3.87,3.9,3.86,3.9,2869788.0
637,2024-01-11,3.88,3.92,3.86,3.92,3696883.0
638,2024-01-12,3.89,4.03,3.89,4.03,12427966.0
639,2024-01-16,3.85,3.935,3.85,3.9,6323287.0
640,2024-01-17,3.77,3.78,3.67,3.7,8172315.0
641,2024-01-18,3.69,3.8,3.68,3.77,5397214.0
642,2024-01-19,3.72,3.83,3.7,3.71,4896634.0
643,2024-01-22,3.64,3.64,3.47,3.5,9127589.0
