,date,open,high,low,close,volume
0,2020-04-24,20.49,20.75,17.6,19.35,11478787.0
1,2020-04-27,22.36,22.5,19.5,19.52,9594187.0
2,2020-04-28,19.86,19.9,18.0,18.24,5725702.0
3,2020-04-29,18.35,19.8,18.35,19.4,3649405.0
4,2020-04-30,19.5,19.85,18.88,19.46,3974807.0
5,2020-05-01,19.39,20.35,19.01,20.12,5242444.0
6,2020-05-04,20.36,21.78,19.95,20.99,6358123.0
7,2020-05-05,21.94,22.12,21.15,21.61,4574083.0
8,2020-05-06,21.94,24.48,21.75,23.83,9024967.0
9,2020-05-07,24.3,26.85,23.04,23.51,13208881.0
10,2020-05-08,24.35,24.75,23.18,23.45,5204174.0
11,2020-05-11,23.52,25.16,23.5,24.46,7682440.0
12,2020-05-12,26.15,28.15,24.8,26.3,17382258.0
13,2020-05-13,27.44,27.95,23.5,25.86,14175828.0
14,2020-05-14,26.85,27.25,25.02,25.31,12180030.0
15,2020-05-15,25.89,29.4,25.35,29.23,24708088.0
16,2020-05-18,31.7,31.78,28.5,29.55,17325181.0
17,2020-05-19,29.54,30.41,28.23,29.57,8693950.0
18,2020-05-20,30.19,31.0,29.55,29.69,5878964.0
19,2020-05-21,29.85,29.89,27.53,28.55,7661183.0
20,2020-05-22,28.47,29.48,27.56,29.11,6474846.0
21,2020-05-26,30.5,33.5,29.66,33.39,11200581.0
22,2020-05-27,34.46,35.65,31.99,35.15,15697074.0
23,2020-05-28,35.71,39.6,34.62,37.25,23220149.0
24,2020-05-29,37.0,39.87,36.65,39.7,14948916.0
25,2020-06-01,40.74,43.98,40.01,43.7,20525205.0
26,2020-06-02,44.54,44.79,39.8,41.27,27807785.0
27,2020-06-03,41.51,42.48,38.55,40.16,20116729.0
28,2020-06-04,39.01,42.48,38.8,40.53,14722156.0
29,2020-06-05,41.53,41.59,39.06,39.34,9699527.0
30,2020-06-08,39.93,39.93,35.55,38.0,15236967.0
31,2020-06-09,37.8,40.6,37.18,39.41,8798468.0
32,2020-06-10,40.06,40.8,38.39,39.11,7109989.0
33,2020-06-11,36.26,38.2,35.25,36.28,9994146.0
34,2020-06-12,37.89,38.4,35.71,36.88,8143035.0
35,2020-06-15,35.65,41.79,35.45,41.79,17166468.0
36,2020-06-16,40.96,41.8,39.1,40.57,11135211.0
37,2020-06-17,38.68,42.08,38.5,40.72,18133005.0
38,2020-06-18,39.89,42.8,39.76,40.84,15449818.0
39,2020-06-19,41.6,42.53,39.89,42.0,46279496.0
40,2020-06-22,42.96,43.75,38.13,38.26,29652090.0
41,2020-06-23,39.75,40.53,37.77,37.99,20096933.0
42,2020-06-24,37.95,39.33,36.5,37.56,12890297.0
43,2020-06-25,37.0,37.07,34.22,36.07,18711377.0
44,2020-06-26,36.82,36.82,32.67,33.34,24395603.0
45,2020-06-29,33.16,34.38,30.82,33.54,20055503.0
46,2020-06-30,33.06,34.65,32.34,33.26,13638005.0
47,2020-07-01,34.06,35.15,33.28,33.87,13891634.0
48,2020-07-02,34.61,35.05,32.85,33.06,9233124.0
49,2020-07-06,33.73,33.98,32.16,32.42,9790302.0
50,2020-07-07,31.7,32.3,30.45,30.6,10303857.0
51,2020-07-08,30.75,33.36,30.56,33.1,11022345.0
52,2020-07-09,33.83,34.24,31.85,32.81,7927285.0
53,2020-07-10,32.41,33.1,31.76,32.43,5215834.0
54,2020-07-13,32.55,32.87,29.33,29.5,11732387.0
55,2020-07-14,29.0,30.4,27.54,30.22,13161018.0
56,2020-07-15,31.15,32.96,30.8,32.56,11668835.0
57,2020-07-16,32.5,36.12,31.77,35.64,18160273.0
58,2020-07-17,36.65,36.88,34.59,35.36,11155093.0
59,2020-07-20,35.42,36.75,34.76,35.41,8417911.0
60,2020-07-21,36.3,38.84,35.95,37.55,15181842.0
61,2020-07-22,37.8,38.03,35.84,37.75,9975056.0
62,2020-07-23,37.66,38.35,35.41,36.21,9840240.0
63,2020-07-24,35.31,37.68,34.18,37.55,10971251.0
64,2020-07-27,37.55,38.04,32.39,35.12,27022239.0
65,2020-07-28,35.97,36.1,34.3,34.63,11493800.0
66,2020-07-29,35.0,36.24,33.57,35.89,11040704.0
67,2020-07-30,34.64,35.65,34.46,34.79,7599908.0
68,2020-07-31,35.46,35.77,32.28,33.38,14551697.0
69,2020-08-03,32.84,33.29,31.65,32.95,8513153.0
70,2020-08-04,32.38,33.84,32.3,33.06,4402860.0
71,2020-08-05,33.29,33.7,32.11,32.55,4621927.0
72,2020-08-06,32.37,34.27,32.37,33.65,6755059.0
73,2020-08-07,34.45,35.42,33.51,34.09,8890546.0
74,2020-08-10,34.05,34.1,30.51,31.61,16120104.0
75,2020-08-11,32.1,33.23,31.5,32.04,9547242.0
76,2020-08-12,32.47,34.08,31.91,33.74,8438029.0
77,2020-08-13,34.8,36.17,34.16,36.05,12792785.0
78,2020-08-14,34.0,35.5,32.42,33.91,24298282.0
79,2020-08-17,34.16,35.73,33.46,34.68,7929873.0
80,2020-08-18,35.0,37.61,34.87,37.21,12503379.0
81,2020-08-19,37.01,38.17,36.22,36.27,8393136.0
82,2020-08-20,35.5,37.02,35.1,36.32,6015985.0
83,2020-08-21,36.01,36.6,34.64,35.15,6438961.0
84,2020-08-24,35.71,35.9,34.28,35.81,7599264.0
85,2020-08-25,35.88,40.06,35.43,39.06,26762644.0
86,2020-08-26,39.59,40.72,38.15,38.86,16781701.0
87,2020-08-27,37.19,40.44,36.51,39.06,16452931.0
88,2020-08-28,37.99,38.61,36.19,36.32,18630516.0
89,2020-08-31,36.52,37.34,34.85,35.36,8565799.0
90,2020-09-01,35.4,37.18,35.22,36.93,7749197.0
91,2020-09-02,41.07,41.29,37.11,39.9,50147537.0
92,2020-09-03,39.83,40.89,37.2,38.27,17915523.0
93,2020-09-04,37.94,38.97,34.47,37.0,12715342.0
94,2020-09-08,35.6,38.17,35.52,37.01,8492530.0
95,2020-09-09,38.3,40.81,37.1,40.38,17851910.0
96,2020-09-10,41.08,44.08,40.55,42.54,29966987.0
97,2020-09-11,43.2,43.88,40.3,41.46,14762975.0
98,2020-09-14,41.97,49.31,40.33,48.62,50201035.0
99,2020-09-15,47.79,49.88,46.51,48.21,34987854.0
100,2020-09-16,49.91,53.25,49.5,51.03,49558098.0
101,2020-09-17,49.1,54.32,48.05,53.11,48095499.0
102,2020-09-18,53.25,55.7,52.6,55.39,36566587.0
103,2020-09-21,53.32,53.98,49.1,51.49,30988007.0
104,2020-09-22,52.3,54.76,51.67,53.94,19666015.0
105,2020-09-23,53.94,54.96,50.01,50.12,14877640.0
106,2020-09-24,49.4,51.85,47.1,50.57,21008492.0
107,2020-09-25,53.47,53.59,51.4,53.19,21776809.0
108,2020-09-28,55.25,58.39,53.85,56.89,28655763.0
109,2020-09-29,57.32,59.45,55.6,55.74,32592033.0
110,2020-09-30,56.2,59.12,55.8,58.84,19002795.0
111,2020-10-01,61.78,62.73,59.82,61.83,24122662.0
112,2020-10-02,58.99,64.19,58.85,63.78,20483889.0
113,2020-10-05,61.34,62.45,58.6,60.55,34511902.0
114,2020-10-06,59.95,60.36,55.8,56.78,27202690.0
115,2020-10-07,52.86,54.88,52.2,53.33,65474585.0
116,2020-10-08,54.16,54.78,50.61,51.13,37242537.0
117,2020-10-09,50.75,51.7,48.26,48.82,29572763.0
118,2020-10-12,51.01,52.52,50.33,50.6,31713465.0
119,2020-10-13,50.85,51.4,49.53,51.18,19134194.0
120,2020-10-14,51.51,52.22,47.5,47.56,27513270.0
121,2020-10-15,47.52,48.47,44.8,45.0,36048177.0
122,2020-10-16,45.5,46.53,43.5,44.34,39295672.0
123,2020-10-19,44.43,44.97,41.7,44.58,49951435.0
124,2020-10-20,43.01,44.97,42.3,42.53,70239673.0
125,2020-10-21,42.91,43.82,41.25,41.5,34853860.0
126,2020-10-22,41.85,43.07,40.43,43.0,37578200.0
127,2020-10-23,43.12,43.49,41.76,42.74,23078929.0
128,2020-10-26,42.15,42.64,39.35,39.69,32577887.0
129,2020-10-27,40.54,40.69,37.9,38.7,29019704.0
130,2020-10-28,37.6,40.01,37.12,38.15,27173740.0
131,2020-10-29,39.1,39.35,37.27,37.37,19740634.0
132,2020-10-30,37.43,38.18,34.9,35.4,24908340.0
133,2020-11-02,35.57,36.67,35.02,35.72,18077434.0
134,2020-11-03,36.33,37.76,35.84,37.47,19587558.0
135,2020-11-04,39.43,40.79,38.33,39.46,28877520.0
136,2020-11-05,41.27,43.6,40.82,43.03,31924102.0
137,2020-11-06,42.23,42.66,41.17,42.32,18198491.0
138,2020-11-09,44.17,44.49,41.47,41.5,21113397.0
139,2020-11-10,40.79,41.09,38.44,40.36,17118774.0
140,2020-11-11,40.77,41.87,39.75,41.64,12613455.0
141,2020-11-12,40.94,42.09,40.86,41.25,15007807.0
142,2020-11-13,45.4,45.5,42.22,42.84,50415009.0
143,2020-11-16,42.4,42.82,40.81,42.73,15999631.0
144,2020-11-17,44.2,46.83,43.25,46.61,33970548.0
145,2020-11-18,47.1,49.06,46.63,47.68,35497897.0
146,2020-11-19,48.75,50.02,48.14,49.32,25892146.0
147,2020-11-20,49.79,50.05,47.39,48.23,25416688.0
148,2020-11-23,48.5,48.88,46.9,48.03,18142528.0
149,2020-11-24,48.35,49.04,46.61,47.89,17707567.0
150,2020-11-25,47.79,51.08,47.77,50.23,23223062.0
151,2020-11-27,51.82,52.98,50.71,52.75,15833124.0
152,2020-11-30,53.5,53.72,49.08,52.36,24757426.0
153,2020-12-01,52.36,52.66,49.94,50.78,15613509.0
154,2020-12-02,49.36,51.49,48.42,51.1,11952595.0
155,2020-12-03,50.1,51.84,49.55,50.06,14833477.0
156,2020-12-04,50.24,50.95,49.08,49.25,13044037.0
157,2020-12-07,49.41,50.58,47.63,47.93,15648957.0
158,2020-12-08,47.49,50.91,45.71,50.85,28733536.0
159,2020-12-09,50.1,53.44,48.33,48.94,36523046.0
160,2020-12-10,48.33,50.17,47.78,50.11,13172756.0
161,2020-12-11,49.97,51.3,48.94,50.09,14363864.0
162,2020-12-14,50.98,51.54,49.77,50.58,12596985.0
163,2020-12-15,51.15,51.18,49.81,50.5,11735658.0
164,2020-12-16,50.82,54.34,50.13,53.8,26323169.0
165,2020-12-17,53.97,55.47,52.8,55.2,21196308.0
166,2020-12-18,55.17,55.98,52.13,53.9,21257534.0
167,2020-12-21,51.95,54.24,51.8,53.34,12147999.0
168,2020-12-22,53.85,54.4,50.88,52.4,12349786.0
169,2020-12-23,52.58,54.73,51.41,53.89,13863810.0
170,2020-12-24,54.0,54.49,51.95,52.11,6275271.0
171,2020-12-28,52.36,52.62,48.56,48.96,15618569.0
172,2020-12-29,49.04,49.5,47.28,48.11,13393824.0
173,2020-12-30,48.06,49.99,47.75,48.95,9497175.0
174,2020-12-31,48.9,48.95,46.52,46.56,14606455.0
175,2021-01-04,47.0,47.23,44.5,44.86,14062545.0
176,2021-01-05,44.35,47.78,44.1,47.58,15146751.0
177,2021-01-06,51.34,51.8,47.92,49.0,40876798.0
178,2021-01-07,50.06,50.4,49.22,49.77,13108805.0
179,2021-01-08,50.31,52.62,49.91,52.0,18242398.0
180,2021-01-11,50.9,54.3,49.81,53.6,14488725.0
181,2021-01-12,53.92,55.58,52.71,53.39,17054927.0
182,2021-01-13,53.51,55.23,52.62,54.63,11517634.0
183,2021-01-14,55.07,56.77,54.6,54.92,11362015.0
184,2021-01-15,54.51,55.03,51.7,53.7,10013582.0
185,2021-01-19,53.83,53.92,50.78,51.29,16063766.0
186,2021-01-20,53.93,54.1,52.07,53.18,11507505.0
187,2021-01-21,53.58,54.45,52.66,53.56,8633711.0
188,2021-01-22,52.89,53.56,51.75,52.53,9262410.0
189,2021-01-25,52.96,53.64,49.68,51.29,13377569.0
190,2021-01-26,53.68,56.52,52.85,54.06,24225763.0
191,2021-01-27,53.63,56.69,52.09,54.27,19397164.0
192,2021-01-28,54.01,57.89,52.75,56.17,21573762.0
193,2021-01-29,56.99,57.54,52.61,54.11,16429380.0
194,2021-02-01,54.54,55.75,53.14,54.64,11008719.0
195,2021-02-02,58.46,60.95,57.42,59.31,31613908.0
196,2021-02-03,60.09,60.85,58.39,60.11,12745125.0
197,2021-02-04,62.33,63.17,60.84,63.16,16994598.0
198,2021-02-05,63.9,64.51,62.41,63.87,16612194.0
199,2021-02-08,64.72,64.78,60.58,61.97,20113214.0
200,2021-02-09,62.36,63.69,61.71,62.13,11989823.0
201,2021-02-10,62.84,63.82,61.02,62.71,10321356.0
202,2021-02-11,62.24,62.55,58.64,59.19,14623192.0
203,2021-02-12,59.26,61.17,59.2,61.07,7631769.0
204,2021-02-16,61.55,61.73,59.94,60.5,6184291.0
205,2021-02-17,59.95,60.03,57.64,58.86,9093664.0
206,2021-02-18,57.86,58.86,56.52,58.28,7262307.0
207,2021-02-19,60.39,61.83,59.49,60.91,11456201.0
208,2021-02-22,61.55,63.25,60.17,60.37,10018180.0
209,2021-02-23,57.23,60.44,52.67,60.27,17481116.0
210,2021-02-24,60.52,60.83,58.24,60.28,7356766.0
211,2021-02-25,60.39,61.63,57.21,57.81,14776063.0
212,2021-02-26,60.0,62.67,58.27,61.53,25952761.0
213,2021-03-01,63.48,68.9,63.25,68.72,35903389.0
214,2021-03-02,68.01,70.38,66.89,68.58,21970182.0
215,2021-03-03,71.83,72.16,64.89,65.75,26339590.0
216,2021-03-04,67.17,68.11,60.26,61.91,28215053.0
217,2021-03-05,62.06,62.5,54.35,59.52,25860256.0
218,2021-03-08,60.85,62.31,59.6,60.5,14860503.0
219,2021-03-09,64.0,64.83,61.95,62.2,17112225.0
220,2021-03-10,64.53,70.6,63.79,69.29,36251416.0
221,2021-03-11,69.52,72.01,68.23,71.61,17064692.0
222,2021-03-12,69.43,74.09,69.08,71.75,18728927.0
223,2021-03-15,68.97,73.33,67.1,67.75,23426478.0
224,2021-03-16,70.04,70.36,66.01,67.14,15197254.0
225,2021-03-17,65.75,70.78,65.19,70.65,12790492.0
226,2021-03-18,69.3,71.81,67.1,67.61,15181715.0
227,2021-03-19,68.04,72.83,67.92,71.98,23723575.0
228,2021-03-22,73.19,74.38,69.65,71.72,20582901.0
229,2021-03-23,71.59,73.15,69.09,69.75,12610416.0
230,2021-03-24,70.07,70.64,66.22,66.63,13423061.0
231,2021-03-25,63.78,66.35,62.52,65.86,18336902.0
232,2021-03-26,66.03,66.8,60.77,63.6,16265614.0
233,2021-03-29,63.75,64.72,58.1,58.2,22224055.0
234,2021-03-30,59.21,61.5,57.9,61.0,15084669.0
235,2021-03-31,61.86,62.44,60.63,61.33,10469674.0
236,2021-04-01,62.0,63.28,61.34,62.88,10294897.0
237,2021-04-05,64.02,64.15,62.27,62.63,10105736.0
238,2021-04-06,62.22,64.55,62.11,63.8,10550408.0
239,2021-04-07,64.35,64.6,61.83,62.09,11754485.0
240,2021-04-08,62.3,63.08,60.41,61.11,10833052.0
241,2021-04-09,60.88,63.59,60.81,62.31,12413092.0
242,2021-04-12,61.36,61.89,57.14,58.03,23952588.0
243,2021-04-13,58.23,59.49,56.82,59.24,13399431.0
244,2021-04-14,59.9,60.83,58.8,58.88,10299486.0
245,2021-04-15,59.67,59.67,56.76,57.48,11994251.0
246,2021-04-16,59.52,59.98,57.83,57.98,15202808.0
247,2021-04-19,57.02,58.77,55.64,56.68,15947361.0
248,2021-04-20,56.0,57.05,53.76,55.71,11987693.0
249,2021-04-21,55.49,58.83,54.89,58.78,12019613.0
250,2021-04-22,59.27,59.67,56.51,57.17,12904224.0
251,2021-04-23,57.25,58.45,57.24,58.12,10196919.0
252,2021-04-26,58.15,59.46,57.56,59.23,8011201.0
253,2021-04-27,60.84,62.27,58.88,59.13,13370397.0
254,2021-04-28,58.72,59.89,58.25,59.69,7501885.0
255,2021-04-29,59.82,59.99,56.22,57.46,15592771.0
256,2021-04-30,56.79,58.05,56.11,56.66,10668282.0
257,2021-05-03,57.83,58.32,56.53,57.08,15797669.0
258,2021-05-04,56.27,56.34,53.1,56.13,17944177.0
259,2021-05-05,56.05,57.61,55.83,56.18,11503453.0
260,2021-05-06,55.69,55.82,50.25,51.89,27353931.0
261,2021-05-07,53.45,53.51,48.16,48.42,46018827.0
262,2021-05-10,47.56,47.58,44.46,45.34,42216046.0
263,2021-05-11,42.66,45.61,42.22,44.01,29470556.0
264,2021-05-12,43.8,44.79,41.44,42.11,27985843.0
265,2021-05-13,42.99,43.95,39.93,40.99,23688284.0
266,2021-05-14,41.53,45.29,41.44,44.89,28429055.0
267,2021-05-17,43.72,43.91,42.55,43.51,17570353.0
268,2021-05-18,43.8,45.36,43.55,44.27,15122695.0
269,2021-05-19,42.33,43.52,41.81,43.44,17567028.0
270,2021-05-20,43.66,44.87,43.38,44.54,10758502.0
271,2021-05-21,45.15,46.12,44.41,44.63,15175969.0
272,2021-05-24,44.83,49.26,44.34,47.86,30740803.0
273,2021-05-25,49.17,49.98,47.28,48.42,24980829.0
274,2021-05-26,48.65,49.96,48.37,49.46,13963076.0
275,2021-05-27,49.18,50.61,48.52,50.4,11468830.0
276,2021-05-28,50.51,51.92,49.78,49.95,14662753.0
277,2021-06-01,50.2,50.38,48.62,49.57,10615973.0
278,2021-06-02,48.78,51.02,48.31,50.97,13385397.0
279,2021-06-03,49.81,50.75,49.22,49.71,8251264.0
280,2021-06-04,49.92,50.55,49.78,50.33,6462323.0
281,2021-06-07,50.41,53.65,50.32,53.51,14583883.0
282,2021-06-08,54.0,55.61,52.96,55.3,14881737.0
283,2021-06-09,55.69,56.0,53.66,54.48,11349496.0
284,2021-06-10,54.22,54.68,52.78,53.65,8555212.0
285,2021-06-11,53.71,54.68,53.02,53.14,7674727.0
286,2021-06-14,53.08,53.1,50.41,50.62,16388768.0
287,2021-06-15,44.95,49.05,44.65,48.51,88027754.0
288,2021-06-16,48.86,50.13,47.49,48.81,29916371.0
289,2021-06-17,48.05,49.94,48.03,49.2,13294634.0
290,2021-06-18,48.95,49.57,47.43,48.06,12194660.0
291,2021-06-21,47.85,49.25,47.02,49.0,8770564.0
292,2021-06-22,48.94,50.26,48.47,50.16,8543231.0
293,2021-06-23,50.56,51.17,50.07,50.53,11443407.0
294,2021-06-24,51.22,51.59,50.26,51.06,11042077.0
295,2021-06-25,51.18,52.32,50.92,51.67,30374480.0
296,2021-06-28,51.71,52.76,50.89,52.71,9044048.0
297,2021-06-29,52.9,52.95,51.46,52.03,7729057.0
298,2021-06-30,51.95,52.8,51.3,52.17,7633333.0
299,2021-07-01,52.27,53.39,51.03,51.8,8502999.0
300,2021-07-02,51.92,52.36,50.57,51.28,6025453.0
301,2021-07-06,51.15,51.94,50.77,51.49,5945068.0
302,2021-07-07,51.33,52.3,48.61,48.75,10149816.0
303,2021-07-08,46.36,48.76,46.22,48.26,7353309.0
304,2021-07-09,48.3,50.38,47.45,49.09,10061785.0
305,2021-07-12,49.2,49.6,48.14,49.16,5037018.0
306,2021-07-13,48.88,49.07,47.7,47.73,6463114.0
307,2021-07-14,48.07,48.08,44.52,44.85,13781960.0
308,2021-07-15,44.4,45.67,43.51,44.83,11560444.0
309,2021-07-16,44.98,45.06,43.3,43.79,13752186.0
310,2021-07-19,42.57,45.68,42.21,44.66,13045563.0
311,2021-07-20,44.76,46.12,43.84,45.82,8024799.0
312,2021-07-21,46.92,49.18,46.58,48.88,15419019.0
313,2021-07-22,48.9,49.31,48.13,49.24,6725259.0
314,2021-07-23,49.29,50.01,48.68,49.33,7041700.0
315,2021-07-26,49.18,49.86,48.23,49.22,6437038.0
316,2021-07-27,48.84,49.67,47.4,48.77,8103135.0
317,2021-07-28,48.98,50.9,48.9,50.65,9487734.0
318,2021-07-29,50.91,51.27,49.64,49.79,7788532.0
319,2021-07-30,49.36,50.03,48.06,48.5,7637307.0
320,2021-08-02,48.9,49.87,48.5,49.0,5941842.0
321,2021-08-03,48.81,48.96,47.47,48.39,6279618.0
322,2021-08-04,47.99,49.19,47.75,48.67,5284874.0
323,2021-08-05,48.95,50.72,48.55,50.48,11230576.0
324,2021-08-06,52.79,53.79,50.16,51.59,32429836.0
325,2021-08-09,52.5,52.95,50.96,52.36,27050557.0
326,2021-08-10,52.46,53.97,51.62,51.98,19360319.0
327,2021-08-11,52.02,52.69,50.72,52.18,10967700.0
328,2021-08-12,52.16,54.72,51.52,54.61,17371271.0
329,2021-08-13,54.64,54.68,53.23,53.5,12159898.0
330,2021-08-16,52.8,53.24,51.51,52.46,8622182.0
331,2021-08-17,51.84,52.14,50.72,51.11,7780974.0
332,2021-08-18,51.3,53.09,51.17,52.1,8369997.0
333,2021-08-19,51.42,52.16,50.97,51.54,8027655.0
334,2021-08-20,51.45,52.37,51.25,52.01,5251797.0
335,2021-08-23,52.27,53.9,52.19,53.32,7385569.0
336,2021-08-24,54.08,56.83,53.47,56.47,15978414.0
337,2021-08-25,56.99,60.37,56.5,60.11,26182986.0
338,2021-08-26,59.69,60.32,57.52,57.86,15465203.0
339,2021-08-27,58.14,61.77,57.8,60.01,13053151.0
340,2021-08-30,60.11,60.38,58.65,59.25,11664856.0
341,2021-08-31,59.42,60.4,58.76,59.29,14993859.0
342,2021-09-01,59.38,61.59,59.3,60.21,11668098.0
343,2021-09-02,60.6,61.68,59.84,61.07,8372662.0
344,2021-09-03,61.07,61.14,60.04,61.02,6946596.0
345,2021-09-07,61.44,64.18,61.24,63.58,16929096.0
346,2021-09-08,63.75,64.58,62.38,63.39,13095365.0
347,2021-09-09,63.23,64.5,62.82,63.67,10012076.0
348,2021-09-10,64.08,64.49,62.42,62.46,8569041.0
349,2021-09-13,62.9,62.98,59.25,60.46,11673931.0
350,2021-09-14,60.01,61.33,58.82,59.05,8923647.0
351,2021-09-15,59.11,60.55,58.54,59.84,7993528.0
352,2021-09-16,59.59,60.18,59.06,59.97,5754257.0
353,2021-09-17,60.02,60.84,59.12,60.42,9419300.0
354,2021-09-20,57.95,58.94,55.99,57.0,11255243.0
355,2021-09-21,56.01,58.02,52.33,52.77,40173840.0
356,2021-09-22,52.45,53.29,51.57,52.63,20423409.0
357,2021-09-23,52.92,53.85,51.53,51.75,18873746.0
358,2021-09-24,51.58,52.32,50.95,51.33,10630047.0
359,2021-09-27,51.25,51.89,50.42,51.39,9496225.0
360,2021-09-28,50.65,51.21,49.41,49.93,11528567.0
361,2021-09-29,50.0,50.45,48.11,48.32,13936605.0
362,2021-09-30,48.46,48.99,47.54,48.16,10865830.0
363,2021-10-01,48.59,50.79,48.47,50.56,12745570.0
364,2021-10-04,50.33,50.77,48.27,48.46,12381401.0
365,2021-10-05,48.72,50.54,48.48,49.29,10037896.0
366,2021-10-06,48.79,49.79,48.45,48.99,8230870.0
367,2021-10-07,49.78,51.07,49.28,49.37,10690848.0
368,2021-10-08,49.5,49.82,47.82,47.91,11820396.0
369,2021-10-11,48.48,49.93,48.39,48.88,10683238.0
370,2021-10-12,48.8,49.9,48.49,48.94,8954205.0
371,2021-10-13,49.61,50.49,49.56,49.82,9336042.0
372,2021-10-14,50.24,51.3,49.32,49.36,11330823.0
373,2021-10-15,49.5,49.75,47.84,48.08,21321864.0
374,2021-10-18,48.12,49.62,47.94,48.65,10435972.0
375,2021-10-19,49.03,50.23,48.01,48.84,15687257.0
376,2021-10-20,48.91,49.63,48.41,49.09,8417240.0
377,2021-10-21,49.2,49.91,48.76,48.92,7307893.0
378,2021-10-22,48.55,48.55,46.07,46.11,19040124.0
379,2021-10-25,46.05,47.35,45.36,46.82,10974337.0
380,2021-10-26,49.61,50.48,48.39,48.75,26186701.0
381,2021-10-27,48.73,49.45,47.74,47.83,9071564.0
382,2021-10-28,48.23,48.23,46.66,47.18,9316758.0
383,2021-10-29,47.36,47.8,46.35,46.59,8278813.0
384,2021-11-01,46.95,49.12,46.75,49.02,9215560.0
385,2021-11-02,48.05,48.15,46.7,47.6,12777828.0
386,2021-11-03,47.79,48.17,46.45,46.84,11842166.0
387,2021-11-04,47.34,47.42,43.68,44.68,30306801.0
388,2021-11-05,42.37,45.97,42.15,43.62,37300616.0
389,2021-11-08,43.88,45.14,43.04,44.78,16813867.0
390,2021-11-09,44.89,45.25,42.65,43.05,15060841.0
391,2021-11-10,42.55,43.09,40.64,41.08,17967365.0
392,2021-11-11,41.25,41.75,40.62,40.71,12471138.0
393,2021-11-12,40.86,41.9,39.97,40.51,13356786.0
394,2021-11-15,40.79,41.27,39.17,39.36,15767714.0
395,2021-11-16,39.43,39.87,38.33,39.28,16767175.0
396,2021-11-17,39.26,39.5,37.76,37.87,13296531.0
397,2021-11-18,37.87,38.59,36.35,36.62,17188577.0
398,2021-11-19,36.62,37.57,35.92,36.14,14870939.0
399,2021-11-22,36.41,37.45,35.82,36.79,18573784.0
400,2021-11-23,36.81,37.71,34.42,35.04,22711366.0
401,2021-11-24,34.75,35.9,34.75,35.58,11147747.0
402,2021-11-26,34.89,36.2,34.75,36.04,8430869.0
403,2021-11-29,36.45,36.57,34.52,35.2,13815962.0
404,2021-11-30,34.96,35.27,33.33,34.55,15837500.0
405,2021-12-01,34.75,34.97,31.14,31.24,21584868.0
406,2021-12-02,31.05,32.55,30.41,31.3,27870958.0
407,2021-12-03,31.2,31.23,27.48,28.37,30225244.0
408,2021-12-06,28.16,31.07,27.52,30.68,24501618.0
409,2021-12-07,31.9,32.68,31.14,31.27,20969408.0
410,2021-12-08,31.41,33.93,30.83,33.38,14173301.0
411,2021-12-09,32.61,33.26,31.38,31.45,13554562.0
412,2021-12-10,31.58,32.47,30.11,30.41,10930183.0
413,2021-12-13,30.11,30.49,28.58,28.85,11045244.0
414,2021-12-14,28.13,28.93,27.68,27.81,15691087.0
415,2021-12-15,27.78,29.07,26.67,28.67,19109428.0
416,2021-12-16,29.39,29.4,26.42,26.98,20219389.0
417,2021-12-17,26.63,29.23,25.8,28.67,23234657.0
418,2021-12-20,27.84,28.65,27.32,27.9,12981409.0
419,2021-12-21,28.15,30.47,28.15,30.31,14291783.0
420,2021-12-22,30.11,30.71,29.41,29.57,13469025.0
421,2021-12-23,29.83,30.02,28.82,29.44,12680466.0
422,2021-12-27,29.49,29.51,27.98,28.2,13814808.0
423,2021-12-28,27.85,28.61,27.09,27.32,13552129.0
424,2021-12-29,27.18,27.23,25.96,26.59,15330471.0
425,2021-12-30,26.45,28.74,26.4,28.46,16469813.0
426,2021-12-31,28.23,28.8,27.44,27.47,14274672.0
427,2022-01-03,27.85,28.55,26.97,27.77,11276564.0
428,2022-01-04,27.75,27.87,26.11,26.63,15306242.0
429,2022-01-05,26.5,26.91,24.06,24.65,22276961.0
430,2022-01-06,24.5,26.47,23.21,25.8,30469356.0
431,2022-01-07,26.02,27.98,25.79,27.24,26266177.0
432,2022-01-10,26.83,27.1,24.83,26.13,24335562.0
433,2022-01-11,25.7,27.6,25.1,26.94,22672705.0
434,2022-01-12,27.24,27.9,25.93,26.1,17295403.0
435,2022-01-13,26.1,26.54,24.15,24.24,19915926.0
436,2022-01-14,24.06,24.54,22.41,23.19,31809657.0
437,2022-01-18,22.86,23.22,22.12,22.18,19316913.0
438,2022-01-19,22.39,22.85,21.33,21.4,24059747.0
439,2022-01-20,21.76,22.64,20.57,20.67,20742783.0
440,2022-01-21,20.26,20.95,19.33,19.46,34673966.0
441,2022-01-24,18.77,20.16,17.41,20.03,39559395.0
442,2022-01-25,19.36,20.28,18.73,19.32,23104925.0
443,2022-01-26,20.9,22.82,20.17,20.33,90381866.0
444,2022-01-27,20.73,21.6,19.2,19.39,43106759.0
445,2022-01-28,19.43,20.88,18.89,20.64,35332534.0
446,2022-01-31,20.7,22.27,20.66,22.09,27295671.0
447,2022-02-01,22.21,23.71,21.71,23.68,32944533.0
448,2022-02-02,23.5,23.58,21.67,21.79,26853616.0
449,2022-02-03,21.18,22.35,20.5,20.55,23275221.0
450,2022-02-04,20.63,22.02,20.33,21.89,20428307.0
451,2022-02-07,21.85,22.85,21.17,21.5,17983976.0
452,2022-02-08,21.4,22.2,21.03,22.12,15950572.0
453,2022-02-09,22.4,23.45,22.11,23.42,19182897.0
454,2022-02-10,22.8,24.18,22.53,22.78,21193065.0
455,2022-02-11,22.95,24.73,22.88,23.33,32477611.0
456,2022-02-14,22.86,23.85,22.02,22.2,25269189.0
457,2022-02-15,22.7,23.76,22.03,23.73,20122177.0
458,2022-02-16,23.17,23.56,22.61,22.99,16536747.0
459,2022-02-17,22.69,23.43,21.9,22.06,24266884.0
460,2022-02-18,19.0,19.48,17.23,17.29,80421521.0
461,2022-02-22,16.63,18.96,16.56,18.59,44543126.0
462,2022-02-23,19.24,20.94,19.05,19.63,66295551.0
463,2022-02-24,18.34,21.87,18.12,21.83,39866118.0
464,2022-02-25,21.41,22.24,20.3,22.2,28056181.0
465,2022-02-28,22.5,23.71,21.76,23.68,30172714.0
466,2022-03-01,23.3,25.01,23.18,23.52,34459116.0
467,2022-03-02,23.85,24.15,22.03,23.19,29020066.0
468,2022-03-03,23.52,23.77,20.65,20.91,34113007.0
469,2022-03-04,21.28,22.11,20.44,20.69,22706282.0
470,2022-03-07,20.58,20.89,18.0,18.05,29401026.0
471,2022-03-08,18.14,18.48,16.89,17.38,31331296.0
472,2022-03-09,17.99,18.38,17.46,17.78,25492166.0
473,2022-03-10,17.8,17.93,16.77,17.58,31374403.0
474,2022-03-11,17.73,17.75,16.05,16.11,27352753.0
475,2022-03-14,15.93,16.34,15.12,15.26,25551806.0
476,2022-03-15,15.3,16.22,14.97,16.13,24409779.0
477,2022-03-16,16.62,18.36,16.33,18.32,37070261.0
478,2022-03-17,17.78,19.09,17.55,18.99,24421138.0
479,2022-03-18,18.55,19.88,18.54,19.62,21542015.0
480,2022-03-21,19.26,19.55,18.35,18.79,20654633.0
481,2022-03-22,18.79,20.16,18.68,19.41,23369263.0
482,2022-03-23,19.21,19.86,18.78,18.91,18585239.0
483,2022-03-24,18.96,19.23,17.99,19.05,18615580.0
484,2022-03-25,19.04,19.16,18.01,18.2,16711140.0
485,2022-03-28,18.39,18.99,17.63,18.65,24039635.0
486,2022-03-29,18.94,20.93,18.71,20.69,27093451.0
487,2022-03-30,20.29,21.26,20.02,20.41,17465916.0
488,2022-03-31,20.38,20.56,19.46,19.47,15348561.0
489,2022-04-01,19.57,19.96,18.76,19.05,16427586.0
490,2022-04-04,19.39,21.02,19.23,20.41,21731854.0
491,2022-04-05,20.34,20.48,19.01,19.05,15786186.0
492,2022-04-06,18.65,18.9,17.14,17.68,22364772.0
493,2022-04-07,17.61,18.04,16.48,17.2,19073482.0
494,2022-04-08,16.97,17.15,16.3,16.38,20291113.0
495,2022-04-11,16.09,17.36,15.91,16.87,21490943.0
496,2022-04-12,17.03,17.85,16.24,16.41,20997727.0
497,2022-04-13,16.41,17.21,16.21,16.75,17683085.0
498,2022-04-14,16.76,16.87,16.3,16.49,16451454.0
499,2022-04-18,16.42,16.45,15.56,15.98,17666646.0
500,2022-04-19,16.03,17.22,15.85,16.88,20319776.0
501,2022-04-20,16.76,16.9,15.56,15.56,21009262.0
502,2022-04-21,15.92,15.99,14.18,14.36,26903019.0
503,2022-04-22,14.42,14.72,13.73,14.03,24032809.0
504,2022-04-25,13.95,14.69,13.76,14.68,22899523.0
505,2022-04-26,14.41,14.68,13.8,13.96,20057114.0
506,2022-04-27,13.93,14.32,13.51,13.87,22883728.0
507,2022-04-28,14.07,14.33,13.06,14.1,25428420.0
508,2022-04-29,14.05,14.8,13.64,13.68,21999556.0
509,2022-05-02,13.7,15.0,13.49,14.99,23857206.0
510,2022-05-03,14.85,15.56,14.75,15.08,23165074.0
511,2022-05-04,15.08,15.88,14.5,15.73,30428440.0
512,2022-05-05,15.55,15.56,13.88,14.44,19845752.0
513,2022-05-06,15.0,15.04,12.97,13.15,41470149.0
514,2022-05-09,12.72,12.88,10.92,10.99,37960144.0
515,2022-05-10,11.47,11.75,10.38,11.36,32385775.0
516,2022-05-11,11.0,11.7,10.22,10.27,31914714.0
517,2022-05-12,10.14,11.73,9.77,11.37,32161303.0
518,2022-05-13,11.63,12.67,11.63,12.61,31943201.0
519,2022-05-16,13.14,13.47,12.4,12.48,27911998.0
520,2022-05-17,12.86,13.87,12.66,13.86,25139185.0
521,2022-05-18,13.47,14.65,13.31,13.86,28695256.0
522,2022-05-19,13.73,14.66,13.59,14.15,25029118.0
523,2022-05-20,14.27,14.55,13.19,14.03,22641232.0
524,2022-05-23,14.01,14.31,13.56,13.94,17321883.0
525,2022-05-24,13.71,14.12,13.31,13.51,19925148.0
526,2022-05-25,13.44,14.28,13.4,14.13,17223412.0
527,2022-05-26,13.99,14.63,13.9,14.24,18740404.0
528,2022-05-27,14.43,14.87,14.25,14.72,19052713.0
529,2022-05-31,14.71,14.79,13.16,13.55,49496796.0
530,2022-06-01,13.59,13.84,13.28,13.51,17530746.0
531,2022-06-02,13.47,14.42,13.42,14.26,20991207.0
532,2022-06-03,13.92,13.95,12.64,12.72,28942958.0
533,2022-06-06,12.86,13.36,12.66,13.08,19539852.0
534,2022-06-07,12.74,13.09,12.56,12.95,16145093.0
535,2022-06-08,12.83,14.66,12.8,14.33,29928729.0
536,2022-06-09,14.19,14.59,13.75,13.82,19620112.0
537,2022-06-10,13.35,13.88,13.02,13.1,23055390.0
538,2022-06-13,12.28,12.6,10.93,11.03,21620669.0
539,2022-06-14,11.14,11.84,10.61,11.61,17492670.0
540,2022-06-15,11.63,12.55,11.57,12.23,22534373.0
541,2022-06-16,11.73,11.86,10.52,10.72,21022815.0
542,2022-06-17,10.84,11.62,10.78,11.42,17556354.0
543,2022-06-21,11.73,12.5,11.63,12.17,20143507.0
544,2022-06-22,11.87,13.03,11.87,12.52,18587275.0
545,2022-06-23,12.62,13.23,12.55,13.08,24425730.0
546,2022-06-24,13.27,14.19,13.23,14.15,24426772.0
547,2022-06-27,14.26,14.38,13.28,13.6,15179803.0
548,2022-06-28,13.82,14.21,12.65,12.76,16211755.0
549,2022-06-29,12.56,12.77,12.24,12.41,11051225.0
550,2022-06-30,12.19,12.31,11.44,11.67,17939860.0
551,2022-07-01,11.75,12.09,11.48,11.77,14142707.0
552,2022-07-05,11.61,12.98,11.26,12.97,21457677.0
553,2022-07-06,12.86,13.34,12.31,12.37,16542777.0
554,2022-07-07,12.31,13.13,12.17,13.1,15452579.0
555,2022-07-08,12.71,13.2,12.54,12.74,15168387.0
556,2022-07-11,12.53,12.64,11.37,11.43,17647856.0
557,2022-07-12,11.51,12.01,11.3,11.85,14878603.0
558,2022-07-13,11.29,12.04,11.22,11.72,14166814.0
559,2022-07-14,11.55,11.69,11.12,11.22,16083787.0
560,2022-07-15,11.45,12.92,11.36,12.86,32407889.0
561,2022-07-18,13.18,13.51,12.81,13.0,24185598.0
562,2022-07-19,13.26,13.63,13.17,13.49,16169466.0
563,2022-07-20,13.54,14.61,13.52,14.28,19621657.0
564,2022-07-21,14.09,14.42,13.92,14.27,11663144.0
565,2022-07-22,14.44,14.55,13.16,13.53,18510351.0
566,2022-07-25,13.47,13.72,13.22,13.39,11189348.0
567,2022-07-26,13.06,13.16,12.56,12.65,12157178.0
568,2022-07-27,13.1,13.69,12.87,13.68,13610101.0
569,2022-07-28,13.67,14.01,13.15,13.73,11609384.0
570,2022-07-29,13.53,13.77,13.15,13.73,13384280.0
571,2022-08-01,13.58,14.27,13.28,14.11,13682149.0
572,2022-08-02,13.85,15.58,13.75,15.37,26099440.0
573,2022-08-03,15.75,16.91,15.46,16.82,23566483.0
574,2022-08-04,16.9,16.95,15.98,16.36,25667394.0
575,2022-08-05,17.8,19.53,17.25,17.96,57136200.0
576,2022-08-08,17.94,19.29,17.92,18.43,31818086.0
577,2022-08-09,18.0,18.75,17.52,17.89,19500115.0
578,2022-08-10,18.74,19.38,18.19,19.35,24278699.0
579,2022-08-11,19.9,20.3,18.52,18.54,28115649.0
580,2022-08-12,19.07,20.7,18.85,20.67,37340253.0
581,2022-08-15,20.3,21.12,20.22,20.8,21002495.0
582,2022-08-16,20.52,21.45,20.38,20.66,21481338.0
583,2022-08-17,20.41,21.05,20.08,20.57,24073727.0
584,2022-08-18,20.67,20.68,19.44,19.58,21127308.0
585,2022-08-19,18.99,19.1,17.98,18.14,26744513.0
586,2022-08-22,17.41,18.02,17.03,17.24,19140844.0
587,2022-08-23,17.37,17.72,17.02,17.06,14490837.0
588,2022-08-24,17.06,17.89,16.95,17.45,14615879.0
589,2022-08-25,17.68,17.97,17.25,17.43,14897027.0
590,2022-08-26,17.45,17.63,16.37,16.53,16473146.0
591,2022-08-29,16.27,16.92,16.16,16.5,14027737.0
592,2022-08-30,16.76,17.03,16.06,16.38,15356378.0
593,2022-08-31,16.68,16.89,15.88,16.06,12476809.0
594,2022-09-01,15.78,15.97,15.07,15.96,15511350.0
595,2022-09-02,16.29,16.34,15.26,15.49,16391296.0
596,2022-09-06,15.83,15.95,15.15,15.68,15792593.0
597,2022-09-07,15.64,16.47,15.63,16.36,14852047.0
598,2022-09-08,16.04,17.04,16.02,16.99,16916346.0
599,2022-09-09,17.32,17.73,17.1,17.63,17828639.0
600,2022-09-12,17.85,18.32,17.5,18.2,23635323.0
601,2022-09-13,17.38,18.03,17.05,17.35,24297161.0
602,2022-09-14,17.29,18.42,17.15,18.4,24624566.0
603,2022-09-15,18.25,19.79,18.17,19.22,30347782.0
604,2022-09-16,18.69,19.1,18.36,18.6,26590672.0
605,2022-09-19,18.37,18.78,18.27,18.67,13534865.0
606,2022-09-20,18.5,18.69,17.45,17.47,19373439.0
607,2022-09-21,17.3,17.72,16.68,16.72,18588894.0
608,2022-09-22,16.51,16.78,15.49,15.58,16244359.0
609,2022-09-23,15.37,15.65,14.57,14.98,15357460.0
610,2022-09-26,15.14,15.68,14.57,14.59,17089053.0
611,2022-09-27,15.03,15.89,14.88,15.32,19710603.0
612,2022-09-28,15.37,16.02,15.1,15.88,18360075.0
613,2022-09-29,15.56,15.76,14.92,15.33,17853853.0
614,2022-09-30,15.06,15.82,14.94,15.14,14684878.0
615,2022-10-03,15.43,15.59,14.62,15.4,12607350.0
616,2022-10-04,16.12,17.0,16.08,16.85,19716233.0
617,2022-10-05,16.41,16.87,16.07,16.7,17726929.0
618,2022-10-06,16.45,17.04,15.95,16.04,18365226.0
619,2022-10-07,16.99,17.45,16.18,16.57,39454503.0
620,2022-10-10,16.32,16.34,14.25,14.28,37035448.0
621,2022-10-11,14.17,14.47,12.59,13.68,39832060.0
622,2022-10-12,13.42,13.69,12.8,13.49,21782716.0
623,2022-10-13,12.75,13.5,12.44,13.22,28071051.0
624,2022-10-14,13.42,13.8,12.34,12.48,21337450.0
625,2022-10-17,12.88,13.55,12.83,13.15,17846985.0
626,2022-10-18,13.8,13.89,13.24,13.55,18722729.0
627,2022-10-19,13.35,13.49,12.93,13.14,13509569.0
628,2022-10-20,13.1,13.72,13.04,13.31,13615179.0
629,2022-10-21,13.12,13.62,12.88,13.21,25762584.0
630,2022-10-24,13.11,13.15,12.45,13.07,15419715.0
631,2022-10-25,13.12,14.17,13.12,14.1,17076983.0
632,2022-10-26,13.86,15.27,13.79,14.6,20345399.0
633,2022-10-27,14.81,15.3,14.48,14.62,14526309.0
634,2022-10-28,14.74,15.17,14.46,15.12,13706172.0
635,2022-10-31,15.21,16.01,15.04,15.8,20675507.0
636,2022-11-01,16.33,16.77,16.03,16.45,21875705.0
637,2022-11-02,16.83,17.25,15.85,15.92,26479272.0
638,2022-11-03,15.75,16.03,15.22,15.67,22034939.0
639,2022-11-04,13.25,14.02,11.12,11.31,79047419.0
640,2022-11-07,11.56,11.88,10.85,11.8,33859702.0
641,2022-11-08,11.92,12.91,11.76,12.55,32758371.0
642,2022-11-09,12.0,12.28,11.4,11.66,26101394.0
643,2022-11-10,12.6,13.68,12.4,13.64,31840596.0
644,2022-11-11,13.68,15.01,13.51,14.88,25570476.0
645,2022-11-14,14.59,15.25,14.43,14.74,15626761.0
646,2022-11-15,15.24,15.77,15.06,15.42,15988952.0
647,2022-11-16,15.08,15.42,14.64,14.86,16429885.0
648,2022-11-17,14.38,15.19,14.22,14.9,10359872.0
649,2022-11-18,15.64,15.84,14.96,15.05,17724780.0
650,2022-11-21,14.83,15.26,13.37,14.29,41140924.0
651,2022-11-22,14.31,14.71,13.97,14.69,11117673.0
652,2022-11-23,14.82,15.4,14.71,15.34,10958647.0
653,2022-11-25,15.18,15.22,14.91,15.14,5359290.0
654,2022-11-28,14.31,14.87,14.22,14.5,12633852.0
655,2022-11-29,14.69,15.07,14.37,14.44,11320684.0
656,2022-11-30,14.57,15.37,14.42,15.32,17280507.0
657,2022-12-01,15.4,15.76,14.9,15.52,11798916.0
658,2022-12-02,15.03,15.53,14.9,15.49,12099850.0
659,2022-12-05,15.42,15.87,14.74,14.83,9863585.0
660,2022-12-06,14.92,14.96,13.97,14.2,10278336.0
661,2022-12-07,14.09,14.28,13.71,13.9,8118415.0
662,2022-12-08,14.14,14.76,13.86,14.61,10399552.0
663,2022-12-09,14.46,14.75,13.88,13.96,10912117.0
664,2022-12-12,13.58,14.51,13.46,14.31,14407732.0
665,2022-12-13,15.23,15.47,13.5,13.77,21712286.0
666,2022-12-14,13.69,14.46,13.34,13.55,13798946.0
667,2022-12-15,13.23,13.37,12.58,12.63,13460266.0
668,2022-12-16,12.52,12.64,11.98,12.12,18662834.0
669,2022-12-19,11.96,12.11,11.55,11.66,10035742.0
670,2022-12-20,11.67,12.03,11.5,11.83,11986959.0
671,2022-12-21,12.02,12.19,11.75,11.77,9002624.0
672,2022-12-22,11.66,11.72,11.07,11.6,14300076.0
673,2022-12-23,11.6,11.76,11.37,11.53,8163280.0
674,2022-12-27,11.39,11.42,10.85,10.91,8961004.0
675,2022-12-28,10.86,11.12,10.69,11.05,9422687.0
676,2022-12-29,11.19,11.66,11.13,11.27,10456357.0
677,2022-12-30,11.01,11.46,10.94,11.39,11431271.0
678,2023-01-03,11.66,11.76,10.98,11.05,9132315.0
679,2023-01-04,11.25,11.82,11.09,11.71,10221482.0
680,2023-01-05,11.48,11.65,11.22,11.48,6736284.0
681,2023-01-06,11.53,11.79,11.14,11.63,8604480.0
682,2023-01-09,11.85,12.29,11.76,12.07,15138641.0
683,2023-01-10,11.98,12.73,11.83,12.71,11489820.0
684,2023-01-11,12.87,13.21,12.66,13.07,12018167.0
685,2023-01-12,13.28,13.65,12.81,13.63,10507742.0
686,2023-01-13,13.39,14.21,13.37,14.11,10153778.0
687,2023-01-17,14.12,14.36,13.85,14.17,10146787.0
688,2023-01-18,14.54,14.71,13.81,13.89,12369843.0
689,2023-01-19,13.7,13.78,13.41,13.44,9032780.0
690,2023-01-20,13.63,14.01,13.51,13.88,10704735.0
691,2023-01-23,14.0,14.6,13.87,14.56,13583040.0
692,2023-01-24,14.36,15.0,14.32,14.92,10150262.0
693,2023-01-25,14.54,14.66,13.88,14.55,12766517.0
694,2023-01-26,14.91,15.04,14.01,14.3,12383361.0
695,2023-01-27,14.26,15.3,14.19,15.04,15643989.0
696,2023-01-30,14.87,15.31,14.64,14.65,11629414.0
697,2023-01-31,14.87,15.24,14.56,14.99,11350165.0
698,2023-02-01,15.04,16.59,15.03,16.48,20518625.0
699,2023-02-02,17.05,17.5,16.62,17.02,19723147.0
700,2023-02-03,16.28,17.66,16.19,16.87,15705370.0
701,2023-02-06,16.51,17.02,16.4,16.95,9746368.0
702,2023-02-07,16.94,17.69,16.68,17.53,19779588.0
703,2023-02-08,17.53,17.99,17.44,17.67,12160992.0
704,2023-02-09,17.34,17.87,16.38,16.53,14420853.0
705,2023-02-10,16.23,16.37,15.56,15.99,14644444.0
706,2023-02-13,16.15,16.36,15.72,16.14,8294526.0
707,2023-02-14,15.88,16.69,15.69,16.6,11108328.0
708,2023-02-15,16.75,17.8,16.75,17.78,12395931.0
709,2023-02-16,17.91,18.45,17.21,17.81,28494593.0
710,2023-02-17,20.01,21.2,19.28,20.54,81838713.0
711,2023-02-21,20.0,21.62,19.74,19.96,33757360.0
712,2023-02-22,20.08,20.35,19.29,19.53,18105169.0
713,2023-02-23,19.63,19.84,18.58,19.04,15561959.0
714,2023-02-24,18.54,18.85,17.97,18.19,13585059.0
715,2023-02-27,18.55,18.99,18.06,18.8,12040874.0
716,2023-02-28,18.75,19.18,18.5,18.86,9318035.0
717,2023-03-01,18.88,19.02,18.21,18.32,8562683.0
718,2023-03-02,17.94,18.64,17.83,18.58,10404264.0
719,2023-03-03,18.69,19.28,18.54,19.04,7815867.0
720,2023-03-06,19.08,19.4,18.95,19.19,7889363.0
721,2023-03-07,19.85,19.9,19.1,19.36,11820660.0
722,2023-03-08,19.32,19.62,18.88,19.58,8982308.0
723,2023-03-09,19.65,19.87,18.43,18.74,10621426.0
724,2023-03-10,18.67,19.14,17.84,18.55,14644390.0
725,2023-03-13,18.14,18.82,17.56,18.22,13151075.0
726,2023-03-14,18.49,18.96,17.82,18.08,11487824.0
727,2023-03-15,17.59,18.01,17.12,17.99,12163317.0
728,2023-03-16,17.95,18.82,17.72,18.51,8704899.0
729,2023-03-17,18.5,18.63,17.65,17.87,8162517.0
730,2023-03-20,17.74,17.96,17.02,17.23,9941321.0
731,2023-03-21,17.5,18.48,17.44,18.31,11371442.0
732,2023-03-22,18.58,18.64,17.58,17.61,8943015.0
733,2023-03-23,17.66,18.34,17.12,17.48,9248330.0
734,2023-03-24,17.2,17.82,17.13,17.73,5622644.0
735,2023-03-27,18.0,18.22,17.33,17.81,7613822.0
736,2023-03-28,17.74,18.0,17.48,17.61,6266543.0
737,2023-03-29,17.86,18.98,17.76,18.86,13373907.0
738,2023-03-30,18.95,19.1,18.6,18.91,10393857.0
739,2023-03-31,19.13,19.57,19.0,19.36,8695997.0
740,2023-04-03,19.12,19.34,18.86,19.04,8906050.0
741,2023-04-04,19.34,19.4,18.47,19.08,7864936.0
742,2023-04-05,18.92,18.92,17.81,17.96,11113412.0
743,2023-04-06,17.72,18.21,17.42,18.16,7290165.0
744,2023-04-10,17.95,18.39,17.88,18.34,6819131.0
745,2023-04-11,18.44,18.79,18.32,18.75,8137243.0
746,2023-04-12,19.13,19.25,18.48,18.53,12735209.0
747,2023-04-13,18.9,19.47,18.79,19.0,9159709.0
748,2023-04-14,18.88,19.18,18.63,19.16,7912882.0
749,2023-04-17,19.18,19.66,19.1,19.49,9780626.0
750,2023-04-18,19.9,20.99,19.73,20.92,20939043.0
751,2023-04-19,20.72,21.46,20.39,21.39,15283875.0
752,2023-04-20,21.28,21.69,21.1,21.38,12426864.0
753,2023-04-21,21.38,22.02,21.33,21.97,12645926.0
754,2023-04-24,21.83,22.29,21.21,21.41,13230463.0
755,2023-04-25,21.43,21.64,20.95,21.02,9591143.0
756,2023-04-26,21.32,21.32,20.3,20.41,14225803.0
757,2023-04-27,20.76,21.15,20.26,20.95,9710638.0
758,2023-04-28,20.88,22.11,20.8,21.91,11880182.0
759,2023-05-01,22.0,22.74,21.75,22.6,13101340.0
760,2023-05-02,22.54,22.66,21.63,22.03,12297121.0
761,2023-05-03,21.87,22.44,21.49,21.92,10370405.0
762,2023-05-04,21.55,21.71,21.07,21.31,16217352.0
763,2023-05-05,24.33,25.34,23.03,24.58,34761299.0
764,2023-05-08,24.5,24.93,23.91,24.18,17435399.0
765,2023-05-09,24.03,24.68,23.82,24.38,11288552.0
766,2023-05-10,24.78,24.82,23.98,24.33,10325860.0
767,2023-05-11,24.26,24.32,23.68,24.0,7741830.0
768,2023-05-12,24.08,24.4,23.31,23.53,8117075.0
769,2023-05-15,23.65,23.78,22.93,23.49,9822328.0
770,2023-05-16,23.35,23.48,22.75,22.92,8642942.0
771,2023-05-17,22.92,23.46,22.74,22.86,11995449.0
772,2023-05-18,22.77,24.14,22.65,23.98,23132195.0
773,2023-05-19,24.01,24.47,23.73,24.11,18050567.0
774,2023-05-22,24.95,26.41,24.66,25.22,30836968.0
775,2023-05-23,25.05,25.4,24.12,24.27,13141818.0
776,2023-05-24,23.84,24.31,23.42,24.15,11993528.0
777,2023-05-25,24.63,24.65,23.65,23.69,10039502.0
778,2023-05-26,23.72,24.1,23.31,23.38,9481694.0
779,2023-05-30,23.64,24.22,23.02,23.29,11174451.0
780,2023-05-31,23.15,23.48,22.92,23.34,8254765.0
781,2023-06-01,23.4,24.96,23.19,24.43,16704615.0
782,2023-06-02,24.72,25.14,23.97,24.92,12487756.0
783,2023-06-05,25.0,25.62,24.77,25.3,10253929.0
784,2023-06-06,25.04,26.31,25.01,25.98,10604473.0
785,2023-06-07,26.05,26.65,24.95,25.06,12088201.0
786,2023-06-08,24.79,25.67,24.55,25.56,9702949.0
787,2023-06-09,25.6,25.9,24.87,24.94,8462598.0
788,2023-06-12,25.07,25.6,24.82,25.46,7351183.0
789,2023-06-13,25.76,26.37,25.3,26.14,9751417.0
790,2023-06-14,25.95,26.02,25.18,25.27,9096919.0
791,2023-06-15,25.0,25.42,24.75,24.83,8161889.0
792,2023-06-16,25.36,25.48,24.39,24.51,14107972.0
793,2023-06-20,24.3,24.87,24.16,24.76,7446277.0
794,2023-06-21,24.65,25.14,24.33,24.95,8469265.0
795,2023-06-22,24.69,25.79,24.62,25.49,9321165.0
796,2023-06-23,25.38,25.73,25.01,25.03,13306746.0
797,2023-06-26,24.93,25.93,24.67,25.18,6764655.0
798,2023-06-27,25.3,26.0,25.22,25.96,6944607.0
799,2023-06-28,25.86,26.28,25.6,25.66,6171396.0
800,2023-06-29,26.19,26.87,25.98,26.27,11927398.0
801,2023-06-30,26.5,26.75,26.06,26.57,7925541.0
802,2023-07-03,26.5,26.72,26.01,26.25,6349868.0
803,2023-07-05,26.04,26.17,25.67,26.08,6734683.0
804,2023-07-06,25.65,25.86,24.97,25.23,8054526.0
805,2023-07-07,25.6,26.96,25.49,26.65,10199923.0
806,2023-07-10,26.87,28.89,26.74,28.86,15692378.0
807,2023-07-11,29.01,29.24,28.45,28.96,13408886.0
808,2023-07-12,30.12,31.33,29.96,30.49,19661376.0
809,2023-07-13,30.8,31.71,30.57,31.3,13458062.0
810,2023-07-14,31.38,31.47,30.33,30.55,8720058.0
811,2023-07-17,30.55,31.61,30.4,31.24,8338145.0
812,2023-07-18,31.16,31.59,31.01,31.29,6824845.0
813,2023-07-19,31.18,31.38,30.38,30.85,8844094.0
814,2023-07-20,30.4,31.2,30.34,30.68,6203657.0
815,2023-07-21,31.12,31.29,30.73,31.08,7052824.0
816,2023-07-24,31.13,31.24,30.42,30.61,6888755.0
817,2023-07-25,31.1,32.32,30.88,30.98,10255543.0
818,2023-07-26,30.92,31.96,30.89,31.51,7100184.0
819,2023-07-27,32.12,32.17,30.63,30.96,8396602.0
820,2023-07-28,31.42,32.45,31.34,32.38,9218161.0
821,2023-07-31,32.06,32.12,30.8,31.78,11683378.0
822,2023-08-01,31.15,31.67,30.37,31.55,6826761.0
823,2023-08-02,30.79,30.85,29.64,30.24,10833061.0
824,2023-08-03,30.05,30.63,29.73,29.99,14874766.0
825,2023-08-04,33.59,34.49,30.36,31.74,45056732.0
826,2023-08-07,32.51,32.81,30.53,31.63,19839608.0
827,2023-08-08,31.8,33.23,31.56,31.71,25085165.0
828,2023-08-09,28.8,30.17,28.12,28.26,35783608.0
829,2023-08-10,28.86,28.86,27.43,27.75,17758366.0
830,2023-08-11,27.54,29.48,27.54,29.39,21774981.0
831,2023-08-14,29.11,29.38,28.46,29.36,11231665.0
832,2023-08-15,29.12,29.25,28.17,28.33,10055689.0
833,2023-08-16,28.18,28.26,27.17,27.34,10847828.0
834,2023-08-17,27.34,27.57,26.3,26.37,11199273.0
835,2023-08-18,25.57,26.89,25.41,26.57,13013027.0
836,2023-08-21,26.87,27.37,26.6,27.29,7022240.0
837,2023-08-22,27.54,27.7,26.78,27.24,6507123.0
838,2023-08-23,27.36,28.3,26.93,27.81,8301327.0
839,2023-08-24,27.83,28.18,27.14,27.25,7165851.0
840,2023-08-25,27.34,28.52,27.31,28.15,9494920.0
841,2023-08-28,28.27,28.64,27.89,28.11,7296284.0
842,2023-08-29,27.93,29.24,27.92,28.89,7048662.0
843,2023-08-30,28.85,29.8,28.78,29.67,7803265.0
844,2023-08-31,29.82,30.5,29.62,29.65,29409773.0
845,2023-09-01,30.16,30.19,29.42,29.64,9273667.0
846,2023-09-05,29.38,29.88,29.08,29.75,7881160.0
847,2023-09-06,29.65,30.52,29.61,30.37,8236767.0
848,2023-09-07,30.07,31.24,29.46,31.17,13047834.0
849,2023-09-08,31.48,32.08,31.23,31.85,10836617.0
850,2023-09-11,32.12,32.65,31.52,31.79,9774339.0
851,2023-09-12,31.63,32.14,30.65,30.69,8413325.0
852,2023-09-13,30.56,31.17,30.28,30.71,7583892.0
853,2023-09-14,31.01,31.67,30.83,31.49,9402980.0
854,2023-09-15,31.35,31.59,30.6,31.04,9514096.0
855,2023-09-18,30.69,31.44,30.17,31.25,8055217.0
856,2023-09-19,31.04,31.16,29.9,30.09,8711879.0
857,2023-09-20,30.39,31.46,30.03,30.08,10252038.0
858,2023-09-21,29.28,29.38,28.62,28.71,10487493.0
859,2023-09-22,28.99,29.14,27.68,27.76,9614166.0
860,2023-09-25,27.47,28.42,27.2,27.36,9772427.0
861,2023-09-26,28.5,28.82,27.81,27.92,17296292.0
862,2023-09-27,28.55,29.47,28.28,29.02,15495293.0
863,2023-09-28,29.12,29.4,28.48,28.93,8640917.0
864,2023-09-29,29.49,29.95,29.18,29.44,8845959.0
865,2023-10-02,29.33,29.88,28.62,29.04,8683581.0
866,2023-10-03,28.7,28.95,27.51,27.87,9966243.0
867,2023-10-04,27.87,28.9,27.85,28.66,8127867.0
868,2023-10-05,28.74,28.82,27.73,28.37,8166098.0
869,2023-10-06,28.01,29.77,27.97,29.64,10482797.0
870,2023-10-09,29.1,29.61,28.67,29.58,7439888.0
871,2023-10-10,29.9,30.71,29.8,30.27,8920049.0
872,2023-10-11,30.3,31.1,30.18,30.74,7841547.0
873,2023-10-12,30.71,30.84,29.17,29.46,7966959.0
874,2023-10-13,29.44,29.62,28.32,28.55,7961252.0
875,2023-10-16,28.95,29.95,28.41,29.8,8885037.0
876,2023-10-17,29.64,30.5,29.56,30.25,9489166.0
877,2023-10-18,30.05,30.35,28.44,28.56,11127723.0
878,2023-10-19,28.82,28.94,27.51,27.72,10581562.0
879,2023-10-20,27.504,27.655,26.455,27.07,10966199.0
880,2023-10-23,26.865,28.67,26.865,28.15,11331987.0
881,2023-10-24,28.88,29.89,28.84,29.19,13158971.0
882,2023-10-25,28.71,28.97,27.13,27.35,13861193.0
883,2023-10-26,27.17,27.4739,25.73,26.22,15819686.0
884,2023-10-27,26.88,27.18,26.145,26.64,10610165.0
885,2023-10-30,26.9,27.36,26.3525,26.92,10846422.0
886,2023-10-31,26.88,27.79,26.415,27.62,11459150.0
887,2023-11-01,28.05,28.12,26.69,27.23,18247485.0
888,2023-11-02,27.81,29.03,27.6701,28.98,26717547.0
889,2023-11-03,30.32,34.21,30.14,33.75,48260107.0
890,2023-11-06,34.11,35.14,33.3601,35.1,26736279.0
891,2023-11-07,35.04,36.24,34.45,35.93,21167570.0
892,2023-11-08,36.0,36.37,35.41,36.04,12811603.0
893,2023-11-09,35.5,35.67,34.58,34.81,15484163.0
894,2023-11-10,35.02,35.5,34.835,35.03,15357296.0
895,2023-11-13,34.69,35.9,34.61,35.58,13440196.0
896,2023-11-14,35.42,37.15,34.34,37.03,23939130.0
897,2023-11-15,37.14,38.03,36.17,36.62,17834824.0
898,2023-11-16,36.37,37.405,35.83,37.31,12851068.0
899,2023-11-17,37.5,38.7152,37.41,38.37,18255133.0
900,2023-11-20,38.46,39.06,38.245,38.68,11083904.0
901,2023-11-21,38.66,38.9,37.9,38.23,10695731.0
902,2023-11-22,38.63,39.04,38.31,38.68,6994841.0
903,2023-11-24,38.6,39.13,38.4601,38.7,4048024.0
904,2023-11-27,38.56,39.35,38.55,38.75,8717192.0
905,2023-11-28,38.5,38.63,37.14,38.3,13002200.0
906,2023-11-29,38.77,39.0,37.98,38.27,8816899.0
907,2023-11-30,38.4,38.6,37.755,38.24,10434074.0
908,2023-12-01,38.0,39.0592,37.96,39.0,8387145.0
909,2023-12-04,38.45,38.78,36.635,37.19,17674321.0
910,2023-12-05,36.422,37.0388,35.64,36.44,13780640.0
911,2023-12-06,36.82,36.8985,34.955,36.03,17932191.0
912,2023-12-07,36.03,36.275,35.23,35.41,9752472.0
913,2023-12-08,35.05,36.2998,34.85,35.9,9739782.0
914,2023-12-11,35.77,36.82,35.32,36.49,9680568.0
915,2023-12-12,36.548,36.98,36.125,36.62,7859604.0
916,2023-12-13,36.63,37.635,36.15,37.43,10749866.0
917,2023-12-14,38.17,38.97,35.99,36.17,19807564.0
918,2023-12-15,36.27,36.735,35.01,35.35,18666199.0
919,2023-12-18,35.3,36.187,35.07,35.19,8560838.0
920,2023-12-19,35.27,36.075,34.96,35.75,8839098.0
921,2023-12-20,35.53,35.84,34.145,34.29,12449814.0
922,2023-12-21,34.65,35.35,34.59,35.11,11661596.0
923,2023-12-22,35.2,36.255,35.2,35.72,11065338.0
924,2023-12-26,35.82,35.93,35.43,35.55,6489388.0
925,2023-12-27,35.63,35.93,35.265,35.79,8579222.0
926,2023-12-28,35.72,36.32,35.62,35.87,6282694.0
927,2023-12-29,35.75,35.87,35.175,35.25,5748096.0
928,2024-01-02,34.62,34.75,33.255,33.58,11909400.0
929,2024-01-03,32.85,33.46,32.0401,32.21,13075207.0
930,2024-01-04,32.01,33.59,31.98,32.88,11181134.0
931,2024-01-05,32.66,33.39,32.542,33.18,7694917.0
932,2024-01-08,33.495,33.9,33.05,33.61,11279951.0
933,2024-01-09,33.75,34.83,33.66,34.24,11653670.0
934,2024-01-10,34.19,34.28,33.38,33.57,8623491.0
935,2024-01-11,33.37,33.58,32.395,33.43,7814142.0
936,2024-01-12,33.38,33.725,32.63,32.95,7766170.0
937,2024-01-16,32.58,33.9,32.56,33.66,7881675.0
938,2024-01-17,33.57,35.525,33.4469,35.07,20757046.0
939,2024-01-18,37.2,37.87,36.44,37.54,26372368.0
940,2024-01-19,37.89,38.15,36.7501,37.62,14747391.0
941,2024-01-22,38.055,38.47,37.42,37.94,9967223.0
