,date,open,high,low,close,volume
0,2019-04-02,41.12,43.39,40.3,42.25,17414153.0
1,2019-04-03,43.08,43.2,41.51,42.88,15066169.0
2,2019-04-04,43.2,46.52,43.1,45.71,13311868.0
3,2019-04-05,44.39,44.98,42.27,43.24,17000788.0
4,2019-04-08,42.5,44.39,42.27,43.15,10764569.0
5,2019-04-09,42.8,43.2,42.08,42.27,9179922.0
6,2019-04-10,41.99,42.41,41.1,41.71,9081860.0
7,2019-04-11,41.7,42.21,40.83,40.89,7346094.0
8,2019-04-12,41.93,44.33,41.93,44.3,9281662.0
9,2019-04-15,44.57,44.85,43.29,43.78,5727269.0
10,2019-04-16,44.71,44.99,43.84,44.5,6681567.0
11,2019-04-17,44.95,45.05,44.2,44.32,6420663.0
12,2019-04-18,44.36,44.61,43.55,43.77,5178855.0
13,2019-04-22,43.48,44.41,43.26,43.89,4401749.0
14,2019-04-23,43.29,43.84,43.0,43.64,5687232.0
15,2019-04-24,43.49,43.89,41.87,41.98,5431323.0
16,2019-04-25,41.76,41.98,40.82,41.33,6260460.0
17,2019-04-26,41.3,41.6,40.95,41.25,4009795.0
18,2019-04-29,41.05,41.69,40.8,41.5,5935245.0
19,2019-04-30,41.76,43.21,41.6,42.73,6454064.0
20,2019-05-01,42.82,43.48,41.88,42.13,7644453.0
21,2019-05-02,41.54,42.49,38.03,38.7,13932682.0
22,2019-05-03,39.2,39.35,37.72,39.3,7401851.0
23,2019-05-06,38.15,40.03,37.7,39.46,6089501.0
24,2019-05-07,38.86,39.33,38.65,38.95,7330785.0
25,2019-05-08,39.33,39.4,38.31,38.48,5390685.0
26,2019-05-09,38.26,39.14,37.55,38.93,4579758.0
27,2019-05-10,38.94,39.71,38.49,39.07,4758371.0
28,2019-05-13,38.28,38.55,36.76,36.95,4213102.0
29,2019-05-14,37.33,39.0,36.84,38.48,4204519.0
30,2019-05-15,37.98,39.33,37.67,38.95,2928861.0
31,2019-05-16,39.29,39.55,38.73,38.98,3689745.0
32,2019-05-17,38.34,38.52,36.66,36.8,4440775.0
33,2019-05-20,36.4,36.54,35.92,36.08,5168422.0
34,2019-05-21,36.28,37.19,36.02,36.63,4968460.0
35,2019-05-22,36.46,36.61,35.97,36.21,3019120.0
36,2019-05-23,35.5,35.86,34.21,34.71,4919173.0
37,2019-05-24,35.39,35.58,34.44,35.2,2918936.0
38,2019-05-28,35.37,35.43,34.1,34.56,6613184.0
39,2019-05-29,34.2,35.43,34.01,34.71,3525856.0
40,2019-05-30,34.82,35.29,34.72,35.17,3777607.0
41,2019-05-31,34.66,34.7,33.45,33.46,3396850.0
42,2019-06-03,33.55,34.66,33.55,34.66,5905198.0
43,2019-06-04,35.38,36.63,35.34,36.63,7043092.0
44,2019-06-05,37.19,37.27,35.75,37.04,6413509.0
45,2019-06-06,36.98,38.01,36.85,37.76,6228075.0
46,2019-06-07,37.83,38.39,37.57,38.0,5391099.0
47,2019-06-10,38.42,38.8,38.28,38.32,5434387.0
48,2019-06-11,38.7,38.87,38.26,38.74,5144357.0
49,2019-06-12,38.76,39.34,38.38,39.19,3103878.0
50,2019-06-13,39.38,39.65,38.74,39.58,4179766.0
51,2019-06-14,39.33,39.39,37.7,37.85,3919484.0
52,2019-06-17,36.76,37.03,35.75,36.05,5787336.0
53,2019-06-18,36.45,37.27,36.1,36.31,5014237.0
54,2019-06-19,36.65,36.94,35.03,35.2,5404141.0
55,2019-06-20,35.8,36.29,35.32,35.63,4228328.0
56,2019-06-21,35.52,35.97,35.01,35.06,9478466.0
57,2019-06-24,35.21,36.4,35.02,36.28,4602352.0
58,2019-06-25,36.19,36.92,35.75,36.39,4005218.0
59,2019-06-26,36.55,37.92,36.51,37.15,5244396.0
60,2019-06-27,37.31,37.84,37.23,37.61,4097246.0
61,2019-06-28,37.74,37.9,35.78,36.01,6507386.0
62,2019-07-01,36.7,36.9,36.22,36.86,4659633.0
63,2019-07-02,36.7,36.76,35.46,36.1,4726195.0
64,2019-07-03,36.16,36.35,35.9,36.03,2479359.0
65,2019-07-05,35.71,36.07,35.66,36.01,2529919.0
66,2019-07-08,36.04,36.2,35.09,35.22,5936049.0
67,2019-07-09,35.0,35.13,34.2,34.57,4967429.0
68,2019-07-10,35.04,35.12,34.22,34.25,3507432.0
69,2019-07-11,34.43,34.76,33.88,34.48,4202113.0
70,2019-07-12,35.16,36.74,34.78,36.41,4328444.0
71,2019-07-15,36.47,37.65,36.36,37.63,4923844.0
72,2019-07-16,37.65,39.34,37.65,39.02,6011246.0
73,2019-07-17,38.86,39.0,37.93,38.3,4417567.0
74,2019-07-18,38.25,38.75,37.98,38.45,3662569.0
75,2019-07-19,38.47,38.53,38.2,38.22,3221517.0
76,2019-07-22,38.2,38.27,37.3,37.58,2815169.0
77,2019-07-23,37.7,39.6,37.65,39.32,4387686.0
78,2019-07-24,39.2,39.69,38.74,39.49,3516493.0
79,2019-07-25,38.34,38.69,37.0,37.47,4254577.0
80,2019-07-26,36.97,37.0,35.62,35.81,5066020.0
81,2019-07-29,35.22,35.58,34.68,34.75,4219839.0
82,2019-07-30,34.48,35.14,34.48,35.1,4194314.0
83,2019-07-31,35.19,36.13,34.65,35.14,5188502.0
84,2019-08-01,34.85,35.3,33.48,33.55,5803209.0
85,2019-08-02,33.39,34.2,32.07,32.3,5346434.0
86,2019-08-05,31.76,31.83,30.77,31.47,5147308.0
87,2019-08-06,31.81,32.15,30.44,31.13,4702804.0
88,2019-08-07,30.8,31.7,30.61,31.59,4490080.0
89,2019-08-08,31.9,33.52,31.89,33.49,4573351.0
90,2019-08-09,33.12,33.69,32.8,33.34,4472721.0
91,2019-08-12,33.09,33.5,32.22,32.39,4491578.0
92,2019-08-13,32.48,34.46,32.28,33.55,5415836.0
93,2019-08-14,32.5,32.85,30.7,30.78,6178272.0
94,2019-08-15,31.04,31.07,29.66,30.08,3494579.0
95,2019-08-16,29.99,31.51,29.47,31.21,4586010.0
96,2019-08-19,32.06,32.56,31.85,32.3,3615483.0
97,2019-08-20,31.95,31.95,29.77,29.86,5973272.0
98,2019-08-21,30.55,30.94,29.94,29.98,4398365.0
99,2019-08-22,30.02,30.6,28.72,28.75,6074608.0
100,2019-08-23,28.7,28.72,27.14,27.41,6718214.0
101,2019-08-26,27.97,28.05,27.31,27.52,3404507.0
102,2019-08-27,27.89,28.43,27.62,27.87,4153371.0
103,2019-08-28,27.85,29.34,27.46,29.22,4641840.0
104,2019-08-29,29.73,30.4,29.61,29.77,3296607.0
105,2019-08-30,30.23,30.4,29.67,30.03,4105361.0
106,2019-09-03,29.54,29.63,28.55,29.2,3360303.0
107,2019-09-04,29.99,30.19,29.25,29.94,2668512.0
108,2019-09-05,30.55,31.37,30.49,30.76,4044431.0
109,2019-09-06,30.94,31.06,30.06,30.64,3217914.0
110,2019-09-09,30.93,32.03,30.66,31.85,3848017.0
111,2019-09-10,32.5,33.77,32.18,33.72,4704049.0
112,2019-09-11,33.92,34.45,32.98,34.28,4445017.0
113,2019-09-12,34.47,34.59,32.97,34.37,3649704.0
114,2019-09-13,35.04,35.84,34.65,35.6,4027567.0
115,2019-09-16,36.09,37.38,35.68,36.41,5040553.0
116,2019-09-17,36.07,36.49,35.01,35.4,4921708.0
117,2019-09-18,35.3,35.3,34.42,34.91,2592587.0
118,2019-09-19,35.52,35.81,34.89,35.04,2536357.0
119,2019-09-20,34.87,36.25,34.47,35.61,10589641.0
120,2019-09-23,34.79,35.62,34.52,35.31,3606911.0
121,2019-09-24,35.18,35.4,33.35,34.0,4524939.0
122,2019-09-25,33.95,35.37,33.53,35.08,4416000.0
123,2019-09-26,34.91,35.09,34.33,34.63,2998602.0
124,2019-09-27,34.8,35.28,34.41,34.47,3725668.0
125,2019-09-30,34.66,35.19,34.51,35.05,2568316.0
126,2019-10-01,35.34,35.97,33.3,33.37,3844589.0
127,2019-10-02,32.07,32.57,31.76,32.33,4836305.0
128,2019-10-03,32.25,32.79,31.77,32.71,3482650.0
129,2019-10-04,32.58,33.18,32.41,32.74,3589401.0
130,2019-10-07,32.48,33.17,32.17,32.57,2984476.0
131,2019-10-08,32.15,32.45,31.23,31.25,2999823.0
132,2019-10-09,31.79,31.94,31.4,31.41,2849483.0
133,2019-10-10,31.73,32.69,31.42,32.32,4494329.0
134,2019-10-11,33.15,35.12,32.9,34.53,3699395.0
135,2019-10-14,34.12,34.67,33.64,34.22,3250767.0
136,2019-10-15,34.22,35.5,33.93,34.6,3352309.0
137,2019-10-16,34.89,35.32,34.41,34.52,3630954.0
138,2019-10-17,34.84,35.94,34.54,35.21,2726017.0
139,2019-10-18,35.31,35.59,34.76,35.36,3013731.0
140,2019-10-21,35.99,36.37,34.49,34.52,3999364.0
141,2019-10-22,34.48,34.78,33.42,34.22,4940254.0
142,2019-10-23,34.18,34.91,33.95,34.63,4291653.0
143,2019-10-24,36.05,37.39,35.24,36.87,6119276.0
144,2019-10-25,37.18,38.16,36.3,37.88,5408419.0
145,2019-10-28,38.15,38.84,37.83,38.61,4545977.0
146,2019-10-29,38.36,39.03,37.77,38.89,3471444.0
147,2019-10-30,38.6,38.87,37.73,38.43,3605620.0
148,2019-10-31,38.28,38.43,37.11,37.89,3793969.0
149,2019-11-01,38.38,39.89,38.3,39.71,3241478.0
150,2019-11-04,40.05,41.81,39.86,41.57,5439516.0
151,2019-11-05,41.41,42.4,41.05,41.6,6079448.0
152,2019-11-06,41.56,42.14,41.21,41.68,3864950.0
153,2019-11-07,42.34,43.34,41.82,43.2,6686466.0
154,2019-11-08,42.9,43.39,42.42,43.39,4830964.0
155,2019-11-11,42.95,43.65,42.62,43.21,3199377.0
156,2019-11-12,43.4,43.51,41.93,42.56,2742739.0
157,2019-11-13,41.59,41.88,40.86,41.06,3451109.0
158,2019-11-14,40.7,41.54,40.55,41.35,2601055.0
159,2019-11-15,41.67,42.69,41.54,42.26,3869714.0
160,2019-11-18,42.15,42.31,41.52,41.72,3445289.0
161,2019-11-19,42.21,42.21,40.19,40.79,5230290.0
162,2019-11-20,40.54,40.85,39.5,40.07,5397019.0
163,2019-11-21,40.11,41.32,39.75,41.28,4621468.0
164,2019-11-22,41.38,42.06,41.0,41.6,3119237.0
165,2019-11-25,42.22,42.63,41.76,42.6,5100517.0
166,2019-11-26,42.6,43.15,42.22,42.77,4681127.0
167,2019-11-27,42.78,43.0,42.0,42.38,3926099.0
168,2019-11-29,42.11,42.38,41.22,41.47,1887577.0
169,2019-12-02,41.1,41.85,40.99,41.26,3364773.0
170,2019-12-03,40.06,40.11,39.15,39.92,3990311.0
171,2019-12-04,41.59,41.59,40.31,40.38,3791442.0
172,2019-12-05,40.63,40.75,39.78,40.1,2692693.0
173,2019-12-06,40.69,41.85,40.69,41.32,2852859.0
174,2019-12-09,42.06,42.08,41.09,41.37,2390252.0
175,2019-12-10,41.46,41.49,40.79,41.23,2609676.0
176,2019-12-11,41.6,42.17,41.15,41.2,3253354.0
177,2019-12-12,41.35,42.68,40.92,42.55,2882839.0
178,2019-12-13,42.74,42.92,41.35,41.38,3198875.0
179,2019-12-16,41.71,42.64,41.61,42.27,4039980.0
180,2019-12-17,42.2,42.84,42.03,42.76,2665310.0
181,2019-12-18,42.46,42.79,41.64,42.35,3659050.0
182,2019-12-19,42.53,42.97,42.16,42.62,3358448.0
183,2019-12-20,43.15,43.35,42.12,42.71,10476682.0
184,2019-12-23,42.59,43.15,42.32,43.03,2679650.0
185,2019-12-24,43.1,43.35,42.75,43.0,926169.0
186,2019-12-26,43.08,43.33,42.62,43.32,1909555.0
187,2019-12-27,43.39,43.65,42.82,42.93,1688528.0
188,2019-12-30,42.96,43.15,42.34,42.44,1943757.0
189,2019-12-31,42.12,42.88,42.03,42.83,2145816.0
190,2020-01-02,43.33,43.64,41.74,41.85,5145916.0
191,2020-01-03,41.21,41.7,40.51,40.52,5004338.0
192,2020-01-06,40.42,40.98,40.1,40.31,4297095.0
193,2020-01-07,40.39,41.16,40.09,40.29,5126211.0
194,2020-01-08,40.51,41.27,40.02,40.83,3629805.0
195,2020-01-09,40.85,41.17,39.91,40.29,2668211.0
196,2020-01-10,40.96,40.97,39.5,39.6,3277354.0
197,2020-01-13,39.6,40.5,39.57,40.45,2665522.0
198,2020-01-14,40.29,41.07,40.05,40.34,3689824.0
199,2020-01-15,40.29,40.75,39.8,40.37,2235782.0
200,2020-01-16,40.68,40.97,40.27,40.58,3765886.0
201,2020-01-17,40.63,41.46,40.53,41.44,3897498.0
202,2020-01-21,41.08,41.25,40.3,40.7,4156004.0
203,2020-01-22,40.83,40.9,38.78,38.97,5149562.0
204,2020-01-23,38.32,38.85,37.25,38.35,5797697.0
205,2020-01-24,37.98,38.37,36.14,36.59,5919607.0
206,2020-01-27,35.41,35.68,34.74,35.28,4827182.0
207,2020-01-28,35.5,35.82,35.12,35.26,5813835.0
208,2020-01-29,37.08,38.05,36.7,37.77,6828078.0
209,2020-01-30,36.41,37.08,35.76,36.57,5644923.0
210,2020-01-31,35.8,35.97,34.02,34.17,7532256.0
211,2020-02-03,34.41,35.07,33.83,34.84,6366290.0
212,2020-02-04,35.75,36.48,35.54,36.15,5287027.0
213,2020-02-05,36.98,37.84,36.62,37.71,5403247.0
214,2020-02-06,37.71,37.76,36.66,37.3,5985231.0
215,2020-02-07,36.64,36.64,35.55,36.13,3802288.0
216,2020-02-10,35.9,36.82,35.9,36.29,2488501.0
217,2020-02-11,36.64,38.11,36.6,36.89,3705361.0
218,2020-02-12,37.79,38.47,37.09,37.48,2964166.0
219,2020-02-13,37.0,37.09,36.12,36.4,3302628.0
220,2020-02-14,36.61,37.04,36.48,36.73,3206989.0
221,2020-02-18,36.29,36.62,35.33,35.84,3594866.0
222,2020-02-19,35.92,36.39,35.51,35.66,5644897.0
223,2020-02-20,35.62,36.91,35.54,36.86,4154273.0
224,2020-02-21,36.68,36.87,36.18,36.4,3972853.0
225,2020-02-24,34.71,35.14,33.9,34.34,5075879.0
226,2020-02-25,34.6,34.64,31.68,32.05,5529265.0
227,2020-02-26,32.55,32.98,31.12,31.15,6472198.0
228,2020-02-27,30.13,30.26,28.3,28.35,10009267.0
229,2020-02-28,26.92,29.29,26.85,29.21,10281591.0
230,2020-03-02,29.85,30.22,28.58,30.22,7706652.0
231,2020-03-03,30.15,31.54,28.54,29.36,6765291.0
232,2020-03-04,30.25,30.77,29.01,30.71,4967253.0
233,2020-03-05,28.83,29.43,28.46,28.9,5447386.0
234,2020-03-06,27.52,28.49,27.11,27.77,6928360.0
235,2020-03-09,23.55,23.74,19.23,19.33,15081527.0
236,2020-03-10,21.31,22.13,18.12,20.2,12975438.0
237,2020-03-11,18.99,19.13,16.65,16.79,12459432.0
238,2020-03-12,14.25,15.19,11.19,12.47,18163270.0
239,2020-03-13,16.73,16.81,11.38,14.49,17350826.0
240,2020-03-16,11.9,14.23,10.75,10.8,12345394.0
241,2020-03-17,14.47,16.4,11.54,15.4,19873250.0
242,2020-03-18,13.64,17.09,13.31,15.24,16955886.0
243,2020-03-19,15.08,20.15,14.73,16.92,13893432.0
244,2020-03-20,17.39,18.49,15.39,16.24,12649118.0
245,2020-03-23,15.94,17.23,14.81,15.38,11703117.0
246,2020-03-24,17.46,18.76,15.7,17.27,12333648.0
247,2020-03-25,17.98,21.23,17.4,19.18,10539249.0
248,2020-03-26,19.08,20.1,17.75,18.48,14302174.0
249,2020-03-27,16.8,18.06,15.72,17.36,9101424.0
250,2020-03-30,17.11,18.19,16.61,17.45,6817047.0
251,2020-03-31,17.35,18.88,17.25,18.04,7603278.0
252,2020-04-01,16.64,17.07,15.74,15.84,10339937.0
253,2020-04-02,15.91,18.64,15.73,16.83,10680337.0
254,2020-04-03,16.58,17.37,16.22,16.77,8005127.0
255,2020-04-06,18.33,19.78,18.3,19.34,8021118.0
256,2020-04-07,21.56,23.87,20.61,21.13,15028009.0
257,2020-04-08,21.77,23.74,21.16,23.59,7220706.0
258,2020-04-09,24.55,26.54,24.34,25.36,9892280.0
259,2020-04-13,25.27,25.7,23.37,24.03,7170551.0
260,2020-04-14,25.17,25.94,23.89,24.17,7348798.0
261,2020-04-15,22.65,22.65,20.67,21.03,7586720.0
262,2020-04-16,21.49,21.49,19.45,20.43,6918459.0
263,2020-04-17,21.84,22.86,21.4,22.22,6544068.0
264,2020-04-20,20.98,21.63,20.3,20.33,7140696.0
265,2020-04-21,19.2,19.96,18.42,19.68,7315130.0
266,2020-04-22,20.6,20.83,19.68,20.64,5338064.0
267,2020-04-23,20.9,22.13,20.81,21.36,7724714.0
268,2020-04-24,21.84,22.15,21.04,21.92,4979469.0
269,2020-04-27,22.11,23.55,21.61,23.24,4885908.0
270,2020-04-28,24.28,24.99,23.51,24.67,5868593.0
271,2020-04-29,25.8,26.89,25.7,26.27,6887348.0
272,2020-04-30,26.07,26.15,24.85,25.49,10990218.0
273,2020-05-01,23.53,23.89,22.34,22.73,8709271.0
274,2020-05-04,20.9,21.94,20.56,21.86,6248349.0
275,2020-05-05,22.43,23.35,22.03,22.17,5041572.0
276,2020-05-06,21.51,22.18,20.68,20.76,4601512.0
277,2020-05-07,21.33,22.6,21.31,21.65,5058466.0
278,2020-05-08,22.58,23.17,22.17,23.13,4324506.0
279,2020-05-11,23.0,23.04,21.88,22.7,4320973.0
280,2020-05-12,23.05,24.21,22.55,22.59,5675435.0
281,2020-05-13,22.3,22.36,20.59,21.15,5865169.0
282,2020-05-14,19.99,22.35,19.7,22.31,6187891.0
283,2020-05-15,22.01,22.78,21.63,22.36,4829410.0
284,2020-05-18,24.68,26.81,24.51,25.54,8546605.0
285,2020-05-19,25.43,25.48,24.38,24.44,4415537.0
286,2020-05-20,25.14,25.8,24.56,24.98,5656172.0
287,2020-05-21,24.8,25.56,24.46,24.62,3941763.0
288,2020-05-22,24.48,24.98,24.17,24.92,3040734.0
289,2020-05-26,27.16,27.75,26.72,27.59,6188630.0
290,2020-05-27,28.75,29.47,27.83,28.62,6895175.0
291,2020-05-28,29.07,29.19,27.85,28.21,5270538.0
292,2020-05-29,27.64,28.49,27.22,28.1,5254710.0
293,2020-06-01,28.11,28.51,27.68,28.11,3014417.0
294,2020-06-02,28.7,30.73,28.59,30.1,6083430.0
295,2020-06-03,30.99,31.8,30.96,31.13,5160633.0
296,2020-06-04,31.0,32.26,30.82,32.21,3901494.0
297,2020-06-05,34.21,35.23,33.34,33.47,7656517.0
298,2020-06-08,33.58,35.43,33.58,35.4,5727335.0
299,2020-06-09,33.97,34.32,33.42,33.91,5535396.0
300,2020-06-10,33.89,34.0,32.9,33.08,4267664.0
301,2020-06-11,30.73,31.54,28.45,28.76,9225121.0
302,2020-06-12,31.32,31.42,29.49,30.73,5034939.0
303,2020-06-15,28.98,31.95,28.79,31.48,5667288.0
304,2020-06-16,33.66,34.0,30.94,31.75,5595112.0
305,2020-06-17,32.2,32.3,30.53,30.67,3525111.0
306,2020-06-18,30.15,31.49,29.88,31.08,4106765.0
307,2020-06-19,32.13,32.5,30.97,31.15,7494413.0
308,2020-06-22,30.96,31.63,30.17,31.24,3316008.0
309,2020-06-23,31.98,31.98,30.83,30.85,3603853.0
310,2020-06-24,30.1,30.22,27.82,27.95,7707228.0
311,2020-06-25,27.5,29.53,27.18,29.48,5986878.0
312,2020-06-26,29.06,29.5,28.23,29.3,8333819.0
313,2020-06-29,29.86,30.7,29.69,30.48,7756715.0
314,2020-06-30,30.09,30.45,29.26,30.26,4835456.0
315,2020-07-01,30.25,30.8,29.83,30.25,4023867.0
316,2020-07-02,31.16,31.75,30.41,31.09,4017525.0
317,2020-07-06,32.13,32.28,31.06,31.95,4678989.0
318,2020-07-07,31.24,31.57,30.67,31.19,4536154.0
319,2020-07-08,30.99,31.28,29.14,29.85,4823859.0
320,2020-07-09,29.89,30.02,28.67,28.94,3671870.0
321,2020-07-10,28.94,30.32,28.92,30.26,3007804.0
322,2020-07-13,30.6,31.34,30.0,30.74,3089031.0
323,2020-07-14,30.82,32.18,30.74,31.94,4350792.0
324,2020-07-15,33.15,33.6,32.06,32.83,3788340.0
325,2020-07-16,32.69,33.77,32.34,33.33,4259886.0
326,2020-07-17,33.57,33.65,32.46,33.17,4612391.0
327,2020-07-20,32.84,33.18,31.62,31.8,3580886.0
328,2020-07-21,32.0,32.93,31.95,32.54,3399981.0
329,2020-07-22,32.44,34.0,32.39,33.84,5792842.0
330,2020-07-23,32.5,32.7,31.38,32.32,6574291.0
331,2020-07-24,32.32,32.98,31.8,32.11,2999946.0
332,2020-07-27,32.31,33.98,31.93,33.5,4733801.0
333,2020-07-28,33.24,33.52,32.09,32.12,3395547.0
334,2020-07-29,32.3,33.14,32.24,33.02,3187161.0
335,2020-07-30,32.16,32.33,30.84,31.23,4118685.0
336,2020-07-31,30.99,31.42,30.09,30.56,7463214.0
337,2020-08-03,30.72,30.74,29.58,29.59,5084560.0
338,2020-08-04,29.54,31.37,29.4,30.82,5408755.0
339,2020-08-05,31.4,31.98,31.25,31.49,3628782.0
340,2020-08-06,31.19,31.82,30.56,31.55,3724985.0
341,2020-08-07,31.08,32.17,30.94,32.13,2913536.0
342,2020-08-10,32.31,34.39,32.31,34.3,4245910.0
343,2020-08-11,35.04,35.57,33.84,34.0,4373814.0
344,2020-08-12,34.72,34.88,33.43,33.78,2577510.0
345,2020-08-13,33.36,34.37,33.21,33.93,2767067.0
346,2020-08-14,33.45,34.64,33.33,34.37,1998413.0
347,2020-08-17,34.6,34.94,33.71,33.96,3257407.0
348,2020-08-18,33.91,34.53,33.81,34.21,2447199.0
349,2020-08-19,34.19,34.6,33.75,34.14,3453402.0
350,2020-08-20,33.52,33.64,33.03,33.19,3324045.0
351,2020-08-21,33.0,33.37,32.75,33.09,2511639.0
352,2020-08-24,33.8,35.65,33.52,35.62,4608978.0
353,2020-08-25,35.91,36.16,34.97,35.09,4188033.0
354,2020-08-26,35.18,36.16,34.78,35.84,3928691.0
355,2020-08-27,36.18,36.45,35.31,35.66,3702291.0
356,2020-08-28,35.61,36.41,35.17,36.25,3772941.0
357,2020-08-31,36.19,36.31,35.29,35.32,3916817.0
358,2020-09-01,34.99,37.48,34.67,37.47,5428599.0
359,2020-09-02,37.88,39.48,37.62,39.42,7305907.0
360,2020-09-03,39.48,40.0,38.12,38.59,6726911.0
361,2020-09-04,39.49,39.9,38.28,38.8,5326331.0
362,2020-09-08,37.89,38.62,37.64,38.13,4280766.0
363,2020-09-09,38.77,40.08,38.7,39.43,4168293.0
364,2020-09-10,39.5,39.95,38.86,38.9,4211309.0
365,2020-09-11,39.41,40.62,39.24,40.05,6225695.0
366,2020-09-14,40.27,40.71,39.9,40.29,5298909.0
367,2020-09-15,40.81,41.76,40.59,41.27,4771657.0
368,2020-09-16,40.39,41.3,39.63,39.9,5864228.0
369,2020-09-17,39.57,41.45,39.05,41.17,5253719.0
370,2020-09-18,40.73,41.43,40.45,40.57,6271507.0
371,2020-09-21,39.24,39.53,37.38,38.11,6468795.0
372,2020-09-22,38.18,38.36,37.4,38.0,4181859.0
373,2020-09-23,37.88,38.32,36.67,36.94,4017963.0
374,2020-09-24,36.87,37.19,35.89,36.61,4648682.0
375,2020-09-25,35.97,36.6,35.83,36.24,4090217.0
376,2020-09-28,36.7,38.48,36.7,37.68,3993125.0
377,2020-09-29,37.43,37.98,36.46,36.77,2716855.0
378,2020-09-30,37.39,38.32,36.81,37.25,4663564.0
379,2020-10-01,37.41,37.7,36.13,36.31,3407842.0
380,2020-10-02,35.57,37.67,35.33,37.51,4559039.0
381,2020-10-05,38.1,39.08,37.9,38.78,3913406.0
382,2020-10-06,39.32,39.99,38.06,38.08,4474717.0
383,2020-10-07,38.65,39.26,38.2,38.5,4506471.0
384,2020-10-08,38.82,39.61,38.68,39.58,2962044.0
385,2020-10-09,40.0,40.29,38.9,39.56,4473120.0
386,2020-10-12,39.6,39.7,38.46,38.78,3005701.0
387,2020-10-13,38.68,39.18,38.0,38.08,6832232.0
388,2020-10-14,38.04,39.17,37.62,39.03,5323887.0
389,2020-10-15,38.08,39.28,38.04,39.21,2793820.0
390,2020-10-16,39.57,40.2,39.33,39.5,2754650.0
391,2020-10-19,39.53,40.53,38.94,39.04,2903457.0
392,2020-10-20,39.55,40.35,39.41,39.54,2504534.0
393,2020-10-21,39.58,39.92,38.75,38.75,4092535.0
394,2020-10-22,40.01,40.36,37.35,39.02,5247621.0
395,2020-10-23,39.72,40.15,38.61,38.73,3123429.0
396,2020-10-26,38.14,38.34,37.02,37.35,4026350.0
397,2020-10-27,37.12,37.39,36.59,36.77,4141156.0
398,2020-10-28,35.14,35.9,34.53,35.38,6157072.0
399,2020-10-29,34.83,36.86,34.77,36.45,4300088.0
400,2020-10-30,36.06,36.39,34.93,35.69,5166099.0
401,2020-11-02,36.45,38.26,36.08,38.02,3675799.0
402,2020-11-03,38.45,39.23,37.86,38.93,3293458.0
403,2020-11-04,38.15,38.54,36.45,36.65,4542285.0
404,2020-11-05,37.1,39.65,37.08,39.17,4253017.0
405,2020-11-06,39.43,40.02,38.23,38.43,3061541.0
406,2020-11-09,41.79,44.38,41.74,42.32,9208254.0
407,2020-11-10,42.53,43.9,42.27,43.66,6148698.0
408,2020-11-11,43.7,43.81,42.22,42.41,4118487.0
409,2020-11-12,41.94,42.27,40.74,41.24,3468632.0
410,2020-11-13,40.47,42.33,40.4,42.17,3483195.0
411,2020-11-16,43.75,44.14,42.34,44.13,4075611.0
412,2020-11-17,43.36,44.76,43.03,44.68,4794952.0
413,2020-11-18,44.85,46.48,44.73,45.5,5903454.0
414,2020-11-19,45.11,45.69,44.12,45.54,3514002.0
415,2020-11-20,45.27,45.62,44.48,44.93,2871818.0
416,2020-11-23,45.48,46.49,45.48,46.14,4563309.0
417,2020-11-24,47.2,48.38,46.81,47.93,4442775.0
418,2020-11-25,47.65,47.65,46.37,46.63,4158453.0
419,2020-11-27,46.81,46.95,45.91,46.3,2847383.0
420,2020-11-30,45.79,45.9,43.7,43.91,8760639.0
421,2020-12-01,45.33,45.33,43.8,44.43,4328846.0
422,2020-12-02,44.22,44.47,43.59,44.1,3722954.0
423,2020-12-03,43.89,44.79,43.7,44.5,3213895.0
424,2020-12-04,44.71,46.0,44.7,45.95,3294474.0
425,2020-12-07,45.83,45.84,43.92,44.11,3602707.0
426,2020-12-08,43.8,45.57,43.7,45.45,3161546.0
427,2020-12-09,45.84,46.65,45.25,45.56,3219097.0
428,2020-12-10,45.56,46.01,44.94,45.33,3401959.0
429,2020-12-11,45.19,45.35,44.47,44.9,2674780.0
430,2020-12-14,45.5,45.66,43.93,43.96,3121894.0
431,2020-12-15,44.75,45.05,44.05,45.03,2335474.0
432,2020-12-16,44.93,45.01,44.14,44.73,1948873.0
433,2020-12-17,45.1,45.23,44.49,44.73,2222358.0
434,2020-12-18,46.01,46.65,45.14,46.56,11536680.0
435,2020-12-21,44.95,46.1,44.63,45.98,4458842.0
436,2020-12-22,45.91,46.17,45.34,45.57,2272556.0
437,2020-12-23,45.92,46.67,45.63,45.65,2251621.0
438,2020-12-24,45.82,45.87,45.24,45.69,1074880.0
439,2020-12-28,46.17,46.67,45.08,45.19,3668192.0
440,2020-12-29,45.4,45.72,44.75,45.23,2221992.0
441,2020-12-30,45.25,46.56,45.2,46.37,3790040.0
442,2020-12-31,46.37,47.0,46.01,46.4,2663490.0
443,2021-01-04,46.72,47.02,44.55,44.94,4853061.0
444,2021-01-05,45.04,47.07,44.9,46.7,3112791.0
445,2021-01-06,47.85,50.11,47.45,49.33,6208448.0
446,2021-01-07,49.9,50.67,49.01,49.41,4437561.0
447,2021-01-08,49.27,49.76,48.65,49.11,4063547.0
448,2021-01-11,48.6,49.85,48.15,49.76,3455867.0
449,2021-01-12,50.22,52.11,49.9,51.94,6235742.0
450,2021-01-13,51.65,52.21,50.56,50.93,3236261.0
451,2021-01-14,51.11,51.4,50.32,50.55,3578778.0
452,2021-01-15,49.52,49.72,48.03,48.21,6692942.0
453,2021-01-19,48.66,49.1,47.23,48.45,4919337.0
454,2021-01-20,48.77,49.53,48.13,49.47,3724400.0
455,2021-01-21,49.41,49.67,48.21,48.46,3442039.0
456,2021-01-22,47.89,48.69,47.77,48.4,2621785.0
457,2021-01-25,47.76,48.32,46.56,48.13,3682556.0
458,2021-01-26,48.79,49.15,46.6,46.64,3060282.0
459,2021-01-27,45.54,45.98,43.56,45.29,6283536.0
460,2021-01-28,45.04,45.75,43.9,45.28,5817027.0
461,2021-01-29,44.75,45.61,42.66,42.8,8895444.0
462,2021-02-01,43.29,43.74,42.23,43.65,4128319.0
463,2021-02-02,44.46,45.77,43.77,45.51,5229473.0
464,2021-02-03,45.21,46.3,44.94,46.25,3984229.0
465,2021-02-04,46.37,47.27,45.72,47.24,4312347.0
466,2021-02-05,47.64,48.73,47.34,48.14,3732511.0
467,2021-02-08,48.65,49.16,48.11,48.25,2543282.0
468,2021-02-09,48.4,48.42,47.27,47.5,4209540.0
469,2021-02-10,47.9,49.28,47.38,48.57,3452996.0
470,2021-02-11,48.71,48.84,47.59,48.57,2326578.0
471,2021-02-12,48.46,49.17,48.35,49.05,1975051.0
472,2021-02-16,49.8,50.26,49.44,49.65,4072724.0
473,2021-02-17,49.48,49.81,48.51,49.44,3277821.0
474,2021-02-18,49.2,49.57,48.0,48.46,3112563.0
475,2021-02-19,48.65,51.43,48.65,51.29,4037102.0
476,2021-02-22,51.52,53.46,51.1,53.38,5672558.0
477,2021-02-23,53.84,53.87,52.41,53.02,4147279.0
478,2021-02-24,52.9,54.88,52.84,54.59,4668567.0
479,2021-02-25,54.08,54.44,52.73,52.95,3260272.0
480,2021-02-26,52.45,52.65,50.4,50.91,6399697.0
481,2021-03-01,52.75,53.87,52.17,53.14,4084252.0
482,2021-03-02,53.81,55.64,53.4,54.33,7316038.0
483,2021-03-03,54.1,54.99,53.61,53.85,5390315.0
484,2021-03-04,53.66,54.22,51.69,52.8,6050394.0
485,2021-03-05,53.72,54.64,52.35,54.51,3883764.0
486,2021-03-08,54.77,55.87,54.11,55.04,4437617.0
487,2021-03-09,55.27,55.31,53.51,53.86,5823245.0
488,2021-03-10,54.22,56.06,53.97,55.69,4238456.0
489,2021-03-11,55.93,56.87,55.82,55.92,3651810.0
490,2021-03-12,56.28,56.65,55.48,55.94,2690951.0
491,2021-03-15,55.67,55.89,54.05,54.5,5361393.0
492,2021-03-16,54.29,55.43,53.46,54.78,6461643.0
493,2021-03-17,55.08,57.85,54.78,57.61,5138887.0
494,2021-03-18,57.66,58.87,56.23,56.32,4206432.0
495,2021-03-19,56.32,56.4,54.26,55.51,6445771.0
496,2021-03-22,55.4,55.4,54.0,55.11,4631116.0
497,2021-03-23,54.27,54.29,52.0,52.35,5523475.0
498,2021-03-24,53.2,55.02,53.0,53.64,4322624.0
499,2021-03-25,53.07,54.91,52.85,54.84,3921150.0
500,2021-03-26,54.99,55.74,54.69,55.59,4256347.0
501,2021-03-29,55.22,56.72,55.1,55.5,3193807.0
502,2021-03-30,55.32,56.39,55.08,56.21,2605114.0
503,2021-03-31,55.87,56.56,55.11,55.54,3643785.0
504,2021-04-01,55.55,56.32,55.08,56.2,3698904.0
505,2021-04-05,56.6,56.82,55.85,56.19,4077851.0
506,2021-04-06,55.84,56.99,55.73,56.2,3420312.0
507,2021-04-07,56.09,56.57,55.26,55.59,2374009.0
508,2021-04-08,55.46,55.63,54.22,54.79,3639017.0
509,2021-04-09,54.79,55.16,54.14,54.74,3720978.0
510,2021-04-12,55.2,55.75,54.9,55.39,3143842.0
511,2021-04-13,55.19,55.28,54.05,54.91,4471855.0
512,2021-04-14,55.19,56.38,54.96,55.84,4234458.0
513,2021-04-15,56.48,56.52,55.4,56.17,2632733.0
514,2021-04-16,56.87,57.11,55.86,56.28,3698844.0
515,2021-04-19,56.4,56.64,55.54,56.15,2566584.0
516,2021-04-20,55.6,55.65,53.88,54.08,4532442.0
517,2021-04-21,54.06,56.62,53.98,56.42,4283535.0
518,2021-04-22,55.6,55.65,52.32,52.53,12028871.0
519,2021-04-23,52.7,54.09,52.05,53.71,5683494.0
520,2021-04-26,53.96,54.42,53.53,53.8,4871606.0
521,2021-04-27,53.87,54.45,53.32,54.25,3781310.0
522,2021-04-28,54.63,55.66,54.3,54.91,5584337.0
523,2021-04-29,55.42,56.29,55.04,55.66,4366020.0
524,2021-04-30,55.05,55.31,53.9,54.1,4932315.0
525,2021-05-03,54.78,56.63,54.72,56.15,6328101.0
526,2021-05-04,55.85,57.87,55.4,57.82,7367207.0
527,2021-05-05,58.09,59.83,57.74,59.67,7421612.0
528,2021-05-06,59.62,60.69,58.77,60.64,4670553.0
529,2021-05-07,59.95,60.92,59.38,60.64,5174923.0
530,2021-05-10,61.35,62.2,60.26,60.33,5038957.0
531,2021-05-11,59.44,60.5,58.8,60.17,5693429.0
532,2021-05-12,60.35,60.7,59.0,59.2,4886215.0
533,2021-05-13,59.06,60.2,58.92,59.68,3068440.0
534,2021-05-14,60.1,61.64,59.97,61.43,4817174.0
535,2021-05-17,61.18,62.68,61.07,62.51,3607502.0
536,2021-05-18,62.6,62.98,61.11,61.13,3523761.0
537,2021-05-19,60.1,60.51,58.87,60.15,4398488.0
538,2021-05-20,60.06,60.32,59.46,59.86,3126454.0
539,2021-05-21,60.28,61.2,60.15,60.43,3855720.0
540,2021-05-24,61.19,61.61,60.69,61.15,3420090.0
541,2021-05-25,61.06,62.05,60.56,60.64,4419444.0
542,2021-05-26,60.43,61.24,59.81,61.17,6059237.0
543,2021-05-27,61.62,62.26,60.54,60.96,6256635.0
544,2021-05-28,61.38,61.47,60.01,60.72,3815179.0
545,2021-06-01,61.47,62.83,61.15,62.71,4139082.0
546,2021-06-02,62.62,62.62,61.16,61.25,4797772.0
547,2021-06-03,61.65,63.0,60.74,62.91,4322464.0
548,2021-06-04,63.3,63.44,62.18,62.67,3041943.0
549,2021-06-07,62.67,62.77,61.19,61.54,2804113.0
550,2021-06-08,61.32,62.02,60.61,61.68,3469512.0
551,2021-06-09,61.55,61.81,60.77,61.14,3379374.0
552,2021-06-10,62.29,62.47,60.25,60.29,4022011.0
553,2021-06-11,60.77,61.32,60.14,60.3,2726116.0
554,2021-06-14,60.13,60.48,58.93,59.26,3712815.0
555,2021-06-15,59.21,59.72,58.74,59.52,3255199.0
556,2021-06-16,59.31,59.42,57.5,57.89,5428753.0
557,2021-06-17,58.07,58.1,54.63,55.84,5696094.0
558,2021-06-18,54.85,55.35,54.18,54.28,8745303.0
559,2021-06-21,55.44,56.25,55.09,55.41,5260165.0
560,2021-06-22,55.76,56.12,54.98,55.8,4019107.0
561,2021-06-23,56.3,56.57,55.4,55.45,3254512.0
562,2021-06-24,56.08,56.13,55.06,55.41,4253923.0
563,2021-06-25,55.55,56.17,55.41,55.59,4259730.0
564,2021-06-28,55.6,55.6,54.47,55.2,2727034.0
565,2021-06-29,55.58,56.11,54.88,55.28,2653142.0
566,2021-06-30,55.15,55.92,55.05,55.58,3356526.0
567,2021-07-01,56.52,56.72,55.72,55.8,3324926.0
568,2021-07-02,55.63,56.07,55.1,55.81,3173209.0
569,2021-07-06,55.7,55.75,53.71,54.23,3727013.0
570,2021-07-07,54.0,54.79,53.39,54.55,3424426.0
571,2021-07-08,53.3,54.32,52.95,53.71,4251323.0
572,2021-07-09,54.53,55.97,54.4,55.38,5063232.0
573,2021-07-12,54.86,55.9,54.28,55.52,3100367.0
574,2021-07-13,55.72,55.99,54.62,55.0,3074497.0
575,2021-07-14,55.24,55.95,54.47,54.62,2571796.0
576,2021-07-15,54.1,55.02,53.99,54.21,2745836.0
577,2021-07-16,53.6,54.02,52.1,52.31,6961324.0
578,2021-07-19,50.44,50.78,49.36,50.09,7815369.0
579,2021-07-20,50.44,51.49,49.93,50.92,6771667.0
580,2021-07-21,51.82,52.35,51.36,52.03,7428270.0
581,2021-07-22,50.86,53.19,50.3,52.78,7111276.0
582,2021-07-23,53.14,53.58,52.1,52.41,4690527.0
583,2021-07-26,52.5,54.34,52.5,54.31,6534277.0
584,2021-07-27,53.81,54.72,53.16,54.25,3568528.0
585,2021-07-28,54.13,54.6,53.36,54.17,4113699.0
586,2021-07-29,54.74,55.23,54.31,54.9,3708591.0
587,2021-07-30,54.79,55.53,53.97,54.46,4646993.0
588,2021-08-02,54.6,55.89,53.49,53.52,3714490.0
589,2021-08-03,53.45,54.57,52.46,54.53,4819652.0
590,2021-08-04,54.04,54.5,53.28,53.29,3340099.0
591,2021-08-05,53.59,54.1,53.2,53.3,3037315.0
592,2021-08-06,53.91,54.67,53.85,54.3,3142752.0
593,2021-08-09,54.02,54.53,53.66,54.12,3178247.0
594,2021-08-10,54.32,55.87,54.24,55.42,3559953.0
595,2021-08-11,55.72,56.6,55.52,56.54,3583605.0
596,2021-08-12,56.66,56.92,55.6,56.31,3581677.0
597,2021-08-13,56.27,56.4,55.65,55.99,2385569.0
598,2021-08-16,55.5,55.9,54.44,55.62,3163519.0
599,2021-08-17,54.99,55.18,53.44,54.61,3974459.0
600,2021-08-18,54.21,55.13,54.01,54.18,4573993.0
601,2021-08-19,53.34,53.69,52.45,52.85,3981572.0
602,2021-08-20,52.71,53.41,52.62,53.19,3203679.0
603,2021-08-23,53.8,54.72,53.76,54.36,3440001.0
604,2021-08-24,54.76,55.83,54.76,55.56,2896124.0
605,2021-08-25,55.6,56.48,55.12,56.17,3246877.0
606,2021-08-26,56.14,56.86,55.77,55.95,3618463.0
607,2021-08-27,56.49,58.16,56.42,57.68,5348664.0
608,2021-08-30,58.0,58.33,56.95,56.98,3925138.0
609,2021-08-31,56.7,56.88,55.69,55.9,5449999.0
610,2021-09-01,55.83,56.0,54.81,55.54,3949213.0
611,2021-09-02,55.76,56.36,55.42,55.62,3414738.0
612,2021-09-03,55.45,55.83,54.67,55.12,3690597.0
613,2021-09-07,54.98,55.3,54.64,54.87,2514731.0
614,2021-09-08,54.83,55.11,53.51,53.69,4628973.0
615,2021-09-09,53.25,54.19,53.07,53.28,4439095.0
616,2021-09-10,53.85,54.44,53.34,53.41,4093257.0
617,2021-09-13,54.27,54.59,53.22,53.72,4549217.0
618,2021-09-14,54.24,54.3,52.52,52.65,4493572.0
619,2021-09-15,52.75,53.67,52.67,53.2,5167759.0
620,2021-09-16,53.14,53.32,52.07,52.47,4650841.0
621,2021-09-17,51.8,52.17,50.47,50.75,9625499.0
622,2021-09-20,49.26,50.13,48.31,49.18,7683867.0
623,2021-09-21,49.59,49.86,48.21,48.53,6156370.0
624,2021-09-22,49.26,49.98,49.26,49.3,6823824.0
625,2021-09-23,49.77,51.05,49.6,50.43,7814123.0
626,2021-09-24,50.2,50.34,49.74,49.81,7964986.0
627,2021-09-27,49.88,53.38,49.88,52.69,12373976.0
628,2021-09-28,53.15,53.65,52.14,52.46,6681760.0
629,2021-09-29,52.46,52.6,51.77,51.82,4578945.0
630,2021-09-30,51.92,52.17,50.55,50.56,4929915.0
631,2021-10-01,50.67,52.01,50.25,51.58,6925256.0
632,2021-10-04,51.58,52.0,50.68,51.24,5652962.0
633,2021-10-05,51.26,52.45,51.1,52.1,5646408.0
634,2021-10-06,51.36,51.57,49.3,50.16,8699078.0
635,2021-10-07,50.89,52.47,50.79,51.51,7235870.0
636,2021-10-08,51.81,52.29,51.4,51.71,4260182.0
637,2021-10-11,52.25,52.78,51.21,51.23,4139030.0
638,2021-10-12,51.02,51.37,50.5,50.74,5443834.0
639,2021-10-13,50.92,51.05,49.65,49.91,7691227.0
640,2021-10-14,50.43,51.78,50.14,51.74,6430634.0
641,2021-10-15,52.47,52.73,51.84,51.96,4288162.0
642,2021-10-18,50.7,52.39,50.6,51.95,4660432.0
643,2021-10-19,52.09,52.27,51.54,52.19,3650874.0
644,2021-10-20,52.16,53.61,51.94,52.89,5875321.0
645,2021-10-21,53.07,54.17,50.96,52.26,8916567.0
646,2021-10-22,52.64,53.19,51.38,51.4,5889477.0
647,2021-10-25,52.24,52.54,51.61,51.71,6293204.0
648,2021-10-26,51.71,52.76,51.18,51.71,6875227.0
649,2021-10-27,51.58,51.58,48.9,49.0,11512727.0
650,2021-10-28,49.25,49.86,49.21,49.57,5974358.0
651,2021-10-29,49.13,49.65,48.66,48.97,5894889.0
652,2021-11-01,49.01,50.98,49.01,50.44,7561994.0
653,2021-11-02,50.64,51.74,50.24,51.47,5929491.0
654,2021-11-03,51.49,52.59,51.09,52.05,6234335.0
655,2021-11-04,52.0,52.02,49.8,50.17,9047906.0
656,2021-11-05,50.24,51.75,50.24,51.31,4979097.0
657,2021-11-08,51.93,52.68,51.3,51.57,4894141.0
658,2021-11-09,51.54,52.12,51.4,51.79,4447809.0
659,2021-11-10,51.84,52.29,51.49,51.76,5104029.0
660,2021-11-11,52.08,52.98,52.02,52.68,4140414.0
661,2021-11-12,52.79,53.55,52.46,53.06,3499439.0
662,2021-11-15,53.5,53.82,52.78,52.92,3470443.0
663,2021-11-16,52.97,52.99,51.84,51.86,4004669.0
664,2021-11-17,51.68,51.98,51.17,51.34,3342386.0
665,2021-11-18,51.35,51.37,50.67,50.98,3801860.0
666,2021-11-19,50.45,50.52,49.03,50.34,7425308.0
667,2021-11-22,50.56,52.29,50.41,51.79,5310320.0
668,2021-11-23,52.34,52.72,51.83,52.18,5280023.0
669,2021-11-24,51.9,52.37,51.59,51.63,3307108.0
670,2021-11-26,49.64,50.77,48.98,50.6,4317492.0
671,2021-11-29,51.6,52.08,50.08,50.56,4564444.0
672,2021-11-30,49.96,50.19,48.11,48.63,10398194.0
673,2021-12-01,49.19,49.5,46.4,46.46,9123937.0
674,2021-12-02,46.2,47.18,45.77,46.88,7333262.0
675,2021-12-03,46.7,47.52,46.43,46.77,6969330.0
676,2021-12-06,48.06,48.42,47.54,47.58,6066355.0
677,2021-12-07,48.15,49.08,47.97,48.56,5806937.0
678,2021-12-08,49.01,49.18,48.48,48.61,5013675.0
679,2021-12-09,47.94,48.28,47.43,48.09,5607722.0
680,2021-12-10,48.85,48.96,47.99,48.38,3628582.0
681,2021-12-13,48.16,48.35,46.77,47.02,5398761.0
682,2021-12-14,46.95,48.2,46.84,47.58,4048860.0
683,2021-12-15,47.49,47.77,46.56,47.74,4955167.0
684,2021-12-16,48.13,49.06,47.97,48.3,5605880.0
685,2021-12-17,48.23,48.37,47.08,47.8,10400003.0
686,2021-12-20,46.8,47.29,46.17,47.21,6250974.0
687,2021-12-21,47.87,48.51,47.6,47.9,4421997.0
688,2021-12-22,47.82,48.08,47.34,47.93,3729561.0
689,2021-12-23,48.2,49.4,48.05,48.84,6240414.0
690,2021-12-27,49.01,49.59,48.87,49.57,3249034.0
691,2021-12-28,49.71,50.7,49.61,50.33,4749871.0
692,2021-12-29,50.37,50.81,50.26,50.76,3580902.0
693,2021-12-30,50.9,51.53,50.43,50.48,3678731.0
694,2021-12-31,50.54,50.69,50.0,50.42,3093869.0
695,2022-01-03,50.9,51.6,50.49,50.57,5235781.0
696,2022-01-04,50.95,52.4,50.8,52.11,9067952.0
697,2022-01-05,52.49,53.29,52.02,52.05,6706303.0
698,2022-01-06,52.19,52.56,50.94,51.94,5820763.0
699,2022-01-07,52.33,53.22,52.13,52.8,4633224.0
700,2022-01-10,52.54,53.0,51.69,52.1,5544298.0
701,2022-01-11,52.75,53.17,52.11,52.88,5720389.0
702,2022-01-12,53.22,53.84,52.59,52.96,3742360.0
703,2022-01-13,53.0,53.93,52.91,53.64,4482598.0
704,2022-01-14,53.41,54.53,52.99,54.44,6795305.0
705,2022-01-18,54.46,54.85,53.27,53.9,4799580.0
706,2022-01-19,54.46,54.62,53.09,53.54,4351087.0
707,2022-01-20,53.6,53.75,51.47,51.51,5765667.0
708,2022-01-21,51.38,51.47,50.24,50.42,6189453.0
709,2022-01-24,49.4,50.52,48.3,50.32,8873378.0
710,2022-01-25,49.59,51.16,48.34,50.88,5644149.0
711,2022-01-26,51.13,51.95,50.35,50.92,6126011.0
712,2022-01-27,52.44,54.99,52.44,53.88,11666346.0
713,2022-01-28,54.41,54.8,52.77,53.74,6971881.0
714,2022-01-31,53.2,53.75,51.98,53.43,8056096.0
715,2022-02-01,53.5,55.69,53.4,55.51,6659399.0
716,2022-02-02,55.41,56.19,54.82,55.36,5463397.0
717,2022-02-03,55.2,56.15,54.86,54.91,5363825.0
718,2022-02-04,54.9,55.42,54.24,54.3,4995139.0
719,2022-02-07,54.63,54.8,53.43,53.61,6214368.0
720,2022-02-08,54.08,54.87,54.08,54.79,5595518.0
721,2022-02-09,55.19,55.93,54.95,55.69,5515879.0
722,2022-02-10,55.59,56.16,54.41,54.65,6537194.0
723,2022-02-11,54.5,55.61,54.05,54.79,6042091.0
724,2022-02-14,54.8,55.07,53.83,54.53,4471998.0
725,2022-02-15,54.52,55.71,54.41,55.56,4076888.0
726,2022-02-16,55.35,56.61,55.32,55.78,5613614.0
727,2022-02-17,55.06,55.81,54.33,54.87,3927767.0
728,2022-02-18,54.45,55.02,53.89,54.29,5078896.0
729,2022-02-22,54.62,54.74,53.64,54.0,5663976.0
730,2022-02-23,54.57,54.89,53.58,53.67,5155144.0
731,2022-02-24,52.59,52.67,51.22,52.42,8108464.0
732,2022-02-25,52.82,54.55,52.72,54.05,5445243.0
733,2022-02-28,52.72,53.58,52.41,53.36,6438344.0
734,2022-03-01,53.52,53.71,50.67,51.53,7668079.0
735,2022-03-02,51.95,54.19,51.91,53.6,6499750.0
736,2022-03-03,53.69,54.34,53.14,54.07,4514837.0
737,2022-03-04,52.8,53.28,52.23,53.23,5870803.0
738,2022-03-07,53.15,53.51,52.05,52.38,6987756.0
739,2022-03-08,52.51,53.62,52.02,52.24,6583613.0
740,2022-03-09,53.65,55.3,53.34,54.2,7484736.0
741,2022-03-10,53.64,55.44,53.63,55.03,5420965.0
742,2022-03-11,55.46,56.89,55.27,55.31,6140222.0
743,2022-03-14,55.77,56.43,54.17,54.68,5836192.0
744,2022-03-15,54.27,54.67,52.02,53.27,8354434.0
745,2022-03-16,53.56,54.55,53.12,54.04,6154914.0
746,2022-03-17,53.78,57.28,53.54,57.24,9420575.0
747,2022-03-18,56.63,57.83,56.21,56.79,9510933.0
748,2022-03-21,57.52,58.12,56.93,57.74,4836460.0
749,2022-03-22,58.4,58.93,57.64,57.95,5136726.0
750,2022-03-23,57.8,58.24,57.42,57.7,2936341.0
751,2022-03-24,58.16,58.6,57.81,58.49,3611574.0
752,2022-03-25,58.49,59.13,58.24,59.1,3963533.0
753,2022-03-28,58.7,58.95,57.44,58.51,3879358.0
754,2022-03-29,58.35,58.72,57.22,58.59,4225668.0
755,2022-03-30,58.88,59.34,58.43,58.66,3145899.0
756,2022-03-31,58.55,59.18,58.11,58.12,4302089.0
757,2022-04-01,58.69,59.33,57.84,58.58,3317188.0
758,2022-04-04,58.91,58.91,57.72,58.41,3650011.0
759,2022-04-05,58.4,59.04,57.81,57.89,3432473.0
760,2022-04-06,57.61,57.69,55.69,56.07,4977031.0
761,2022-04-07,56.2,56.2,54.43,55.65,4644847.0
762,2022-04-08,56.17,56.68,55.72,56.08,3913900.0
763,2022-04-11,55.75,57.02,55.55,56.35,2760390.0
764,2022-04-12,56.91,58.15,56.69,57.66,4137275.0
765,2022-04-13,57.89,58.63,57.62,58.56,3465594.0
766,2022-04-14,58.89,60.4,58.79,59.89,7000362.0
767,2022-04-18,59.89,60.88,59.7,60.28,4959149.0
768,2022-04-19,60.43,61.75,60.31,61.45,5292467.0
769,2022-04-20,61.47,62.57,61.44,61.94,5021474.0
770,2022-04-21,63.4,66.26,63.29,63.91,10282454.0
771,2022-04-22,64.47,65.63,62.64,62.9,7439380.0
772,2022-04-25,61.81,62.74,59.93,62.47,7252142.0
773,2022-04-26,62.64,63.38,61.75,61.77,6612794.0
774,2022-04-27,62.52,62.73,61.45,61.85,5412343.0
775,2022-04-28,62.44,62.44,60.51,62.21,5533819.0
776,2022-04-29,62.52,63.12,60.71,60.9,6499774.0
777,2022-05-02,61.55,61.71,60.21,61.46,7250151.0
778,2022-05-03,61.52,62.73,61.46,62.55,4599474.0
779,2022-05-04,63.22,65.18,62.83,65.01,5589753.0
780,2022-05-05,64.66,64.76,61.93,62.87,6530571.0
781,2022-05-06,62.47,62.77,61.05,62.33,5807753.0
782,2022-05-09,61.24,62.21,60.87,61.03,7266931.0
783,2022-05-10,61.83,62.25,59.68,60.21,7885807.0
784,2022-05-11,60.8,62.9,60.22,61.19,5683317.0
785,2022-05-12,60.93,61.79,60.07,61.44,6035696.0
786,2022-05-13,61.9,62.72,61.66,61.96,3924502.0
787,2022-05-16,61.71,63.0,61.08,62.38,4028344.0
788,2022-05-17,64.01,64.69,63.3,64.37,4502627.0
789,2022-05-18,63.81,64.78,62.9,63.31,4623909.0
790,2022-05-19,62.71,63.97,62.2,63.16,4988376.0
791,2022-05-20,63.28,64.13,61.27,62.51,5232192.0
792,2022-05-23,62.2,62.53,61.24,61.89,6582289.0
793,2022-05-24,61.6,61.79,59.87,61.47,4664360.0
794,2022-05-25,61.11,62.08,60.8,61.7,6265070.0
795,2022-05-26,61.57,62.69,61.31,62.24,5732847.0
796,2022-05-27,62.69,64.17,62.42,64.16,4784297.0
797,2022-05-31,63.74,63.85,62.71,63.08,7876019.0
798,2022-06-01,63.75,64.89,63.1,63.21,5958108.0
799,2022-06-02,63.53,64.07,62.2,63.2,4605703.0
800,2022-06-03,62.69,63.26,61.78,62.13,4966757.0
801,2022-06-06,62.14,62.71,61.77,62.17,3117322.0
802,2022-06-07,61.86,62.56,61.52,62.47,4874038.0
803,2022-06-08,62.16,62.91,61.95,62.34,3200919.0
804,2022-06-09,62.0,62.12,60.91,60.96,3113574.0
805,2022-06-10,60.11,60.18,56.96,56.97,6454897.0
806,2022-06-13,55.59,55.68,53.07,53.78,8509252.0
807,2022-06-14,53.38,54.23,52.56,53.66,7128918.0
808,2022-06-15,54.12,54.76,51.87,52.51,6387882.0
809,2022-06-16,50.77,51.07,49.75,50.52,7641766.0
810,2022-06-17,50.26,51.06,49.07,49.87,12735775.0
811,2022-06-21,51.44,51.79,50.01,50.05,6391653.0
812,2022-06-22,47.4,47.89,46.67,47.44,10386777.0
813,2022-06-23,47.35,47.75,45.52,46.16,9661964.0
814,2022-06-24,46.61,48.9,46.29,48.24,9108956.0
815,2022-06-27,48.0,48.4,47.07,47.32,7507333.0
816,2022-06-28,47.9,49.25,47.45,47.63,5169647.0
817,2022-06-29,47.81,48.11,46.38,47.08,4392792.0
818,2022-06-30,46.26,47.24,45.95,46.71,5847983.0
819,2022-07-01,46.01,47.14,45.0,46.79,5255114.0
820,2022-07-05,45.87,45.92,44.46,45.83,5892037.0
821,2022-07-06,45.72,46.35,45.14,46.28,5657033.0
822,2022-07-07,47.24,47.91,46.84,47.38,5507764.0
823,2022-07-08,47.53,47.98,46.41,46.48,4226891.0
824,2022-07-11,45.84,46.45,45.61,46.11,3919776.0
825,2022-07-12,45.99,46.67,45.35,45.52,6068243.0
826,2022-07-13,45.1,45.31,44.13,44.77,6071487.0
827,2022-07-14,43.84,44.17,43.37,44.0,4969513.0
828,2022-07-15,44.83,45.34,44.27,44.65,4810114.0
829,2022-07-18,45.52,46.15,45.3,45.57,4839000.0
830,2022-07-19,46.25,47.91,46.18,47.55,6999396.0
831,2022-07-20,47.55,47.77,46.91,47.65,5977727.0
832,2022-07-21,45.67,46.54,45.05,46.5,10059732.0
833,2022-07-22,46.6,46.91,45.54,45.95,5074833.0
834,2022-07-25,46.27,47.07,46.13,46.68,5933231.0
835,2022-07-26,46.27,46.9,46.05,46.4,4130858.0
836,2022-07-27,46.54,47.58,46.31,47.34,4327987.0
837,2022-07-28,47.55,48.01,46.86,47.4,6137925.0
838,2022-07-29,47.86,48.9,47.57,48.31,9754287.0
839,2022-08-01,47.68,47.7,46.53,47.56,5913393.0
840,2022-08-02,47.4,47.77,46.64,46.65,5797806.0
841,2022-08-03,47.1,47.1,46.44,46.59,5139265.0
842,2022-08-04,46.41,46.8,45.96,46.09,6963729.0
843,2022-08-05,45.87,46.87,45.83,46.59,5954500.0
844,2022-08-08,46.98,47.86,46.9,47.25,4511550.0
845,2022-08-09,47.25,47.95,47.21,47.82,4338954.0
846,2022-08-10,48.95,49.76,48.91,49.14,5998593.0
847,2022-08-11,49.86,50.82,49.86,50.36,5066165.0
848,2022-08-12,50.43,51.04,50.41,51.03,4389097.0
849,2022-08-15,50.58,50.6,49.96,50.44,5991740.0
850,2022-08-16,50.46,51.53,50.44,51.21,3925907.0
851,2022-08-17,50.62,51.01,50.11,50.56,4197959.0
852,2022-08-18,50.82,51.33,50.52,51.12,3561483.0
853,2022-08-19,50.78,51.02,50.25,50.59,3517928.0
854,2022-08-22,49.59,49.8,49.0,49.51,6342710.0
855,2022-08-23,49.76,50.86,49.63,50.72,3894509.0
856,2022-08-24,50.6,50.74,49.18,49.34,6957246.0
857,2022-08-25,49.93,50.89,49.86,50.86,5736180.0
858,2022-08-26,51.08,51.47,49.36,49.56,5777736.0
859,2022-08-29,48.1,49.11,47.64,48.67,9304869.0
860,2022-08-30,48.63,48.76,47.06,47.18,7452178.0
861,2022-08-31,47.04,47.44,46.38,46.8,6069609.0
862,2022-09-01,46.26,46.29,44.94,45.76,6378525.0
863,2022-09-02,46.33,46.56,44.71,45.11,5125300.0
864,2022-09-06,45.7,45.88,44.14,44.39,8104844.0
865,2022-09-07,44.14,45.05,43.83,44.77,6517456.0
866,2022-09-08,44.29,45.31,43.75,45.2,5964055.0
867,2022-09-09,46.03,46.52,45.82,46.31,6265662.0
868,2022-09-12,47.09,47.59,46.6,46.73,5042809.0
869,2022-09-13,44.55,45.42,43.36,43.67,9104318.0
870,2022-09-14,43.41,43.67,42.18,42.87,11484347.0
871,2022-09-15,42.9,43.56,42.49,42.71,6535487.0
872,2022-09-16,41.81,42.6,41.21,42.22,10058991.0
873,2022-09-19,41.44,42.68,41.27,42.54,4900427.0
874,2022-09-20,41.75,42.08,41.17,41.89,4996045.0
875,2022-09-21,42.22,42.39,40.77,40.78,5819128.0
876,2022-09-22,41.08,41.35,40.55,40.57,4652927.0
877,2022-09-23,39.8,40.0,38.84,39.7,6729595.0
878,2022-09-26,39.32,40.06,38.96,39.19,5497614.0
879,2022-09-27,39.74,39.97,39.07,39.59,5444885.0
880,2022-09-28,39.88,41.31,39.71,40.85,8315425.0
881,2022-09-29,40.3,40.49,39.29,39.96,4905664.0
882,2022-09-30,39.97,40.64,39.6,39.73,5869756.0
883,2022-10-03,40.74,41.54,40.25,41.08,6868743.0
884,2022-10-04,41.6,42.53,41.43,42.42,6959794.0
885,2022-10-05,41.72,42.24,41.31,41.86,5564652.0
886,2022-10-06,41.5,41.9,41.12,41.32,5430693.0
887,2022-10-07,40.85,41.24,40.0,40.21,5265099.0
888,2022-10-10,40.78,41.24,40.36,40.68,4686103.0
889,2022-10-11,40.08,40.59,39.22,39.75,5222747.0
890,2022-10-12,39.74,40.03,39.34,39.61,4982535.0
891,2022-10-13,38.8,42.3,38.71,41.72,8304877.0
892,2022-10-14,42.09,42.2,40.54,40.92,5889170.0
893,2022-10-17,41.71,41.87,40.8,41.06,6195320.0
894,2022-10-18,42.08,42.74,41.18,42.18,8009127.0
895,2022-10-19,42.04,42.4,40.89,40.93,8371466.0
896,2022-10-20,41.19,43.43,40.7,40.73,9259900.0
897,2022-10-21,40.82,42.72,40.75,42.67,7483602.0
898,2022-10-24,42.69,43.11,42.13,42.84,5645709.0
899,2022-10-25,42.51,43.74,42.34,43.65,5202539.0
900,2022-10-26,43.8,44.35,43.69,43.79,6021020.0
901,2022-10-27,43.92,44.29,43.27,43.42,4524379.0
902,2022-10-28,43.0,43.57,42.61,43.28,6943166.0
903,2022-10-31,43.28,43.62,42.43,42.54,6434024.0
904,2022-11-01,43.22,43.37,42.55,42.73,4892382.0
905,2022-11-02,42.66,44.42,42.58,42.73,7313946.0
906,2022-11-03,42.07,42.77,41.77,42.29,5122343.0
907,2022-11-04,44.07,45.68,43.93,44.83,10593273.0
908,2022-11-07,44.79,45.33,44.11,45.3,5848974.0
909,2022-11-08,45.69,46.15,45.25,45.45,4739656.0
910,2022-11-09,45.15,45.19,43.37,43.48,5089935.0
911,2022-11-10,45.25,45.82,44.92,45.76,6591988.0
912,2022-11-11,46.8,49.24,46.7,48.94,9009788.0
913,2022-11-14,48.27,48.7,47.66,47.75,5484386.0
914,2022-11-15,48.21,48.5,46.94,47.4,4445738.0
915,2022-11-16,46.95,47.02,46.02,46.31,4294851.0
916,2022-11-17,45.45,45.95,44.99,45.93,3620352.0
917,2022-11-18,46.29,46.32,45.16,45.87,3751561.0
918,2022-11-21,45.24,46.47,44.38,45.97,5719820.0
919,2022-11-22,46.79,47.58,46.67,47.37,4495575.0
920,2022-11-23,47.09,47.54,46.94,47.35,3354772.0
921,2022-11-25,47.3,47.62,47.22,47.36,1648145.0
922,2022-11-28,46.65,46.96,45.74,46.0,5658665.0
923,2022-11-29,46.75,47.33,46.38,47.15,4905048.0
924,2022-11-30,47.02,47.47,45.88,47.47,7194164.0
925,2022-12-01,47.75,48.01,47.3,47.57,4757348.0
926,2022-12-02,46.97,48.2,46.93,48.05,4858349.0
927,2022-12-05,47.96,48.44,47.49,47.75,5109972.0
928,2022-12-06,47.95,48.37,47.07,47.55,4373389.0
929,2022-12-07,47.32,47.84,46.76,47.2,4248704.0
930,2022-12-08,47.68,47.93,46.81,47.06,3815898.0
931,2022-12-09,47.01,47.9,46.62,46.7,3807000.0
932,2022-12-12,46.82,47.63,46.34,47.61,5208241.0
933,2022-12-13,49.0,49.33,47.8,48.06,4884133.0
934,2022-12-14,48.0,48.55,47.47,47.86,4064268.0
935,2022-12-15,46.96,47.06,45.86,46.03,6190299.0
936,2022-12-16,45.72,46.47,45.38,46.3,8969096.0
937,2022-12-19,46.31,46.82,45.26,45.83,4674694.0
938,2022-12-20,45.85,46.51,45.85,46.16,4003416.0
939,2022-12-21,46.66,47.43,46.57,47.17,3840494.0
940,2022-12-22,46.66,46.75,45.65,46.67,3342660.0
941,2022-12-23,46.7,47.41,46.45,47.36,2634437.0
942,2022-12-27,47.41,47.72,47.25,47.69,3094558.0
943,2022-12-28,47.67,47.85,46.41,46.49,3340288.0
944,2022-12-29,46.57,47.3,46.5,47.15,2743492.0
945,2022-12-30,46.76,47.03,46.48,46.89,2700277.0
946,2023-01-03,47.1,47.65,46.81,47.54,3962601.0
947,2023-01-04,48.16,49.01,47.9,48.83,4527851.0
948,2023-01-05,48.52,49.48,48.02,49.41,4803038.0
949,2023-01-06,50.14,51.74,49.82,51.52,6100724.0
950,2023-01-09,51.54,52.69,51.32,51.78,6510932.0
951,2023-01-10,51.91,53.08,51.8,52.97,6611676.0
952,2023-01-11,53.81,54.39,53.52,54.08,8926294.0
953,2023-01-12,54.46,55.3,54.0,55.02,7305984.0
954,2023-01-13,54.5,55.28,54.29,55.18,4041164.0
955,2023-01-17,54.81,54.98,53.76,53.9,5948393.0
956,2023-01-18,54.52,54.85,53.27,53.34,5641481.0
957,2023-01-19,53.07,53.49,52.35,53.1,4997532.0
958,2023-01-20,53.23,54.06,52.82,53.94,6712560.0
959,2023-01-23,53.93,54.9,53.72,54.54,5213727.0
960,2023-01-24,54.21,54.96,53.67,54.7,5262520.0
961,2023-01-25,53.86,54.48,53.35,54.39,5491505.0
962,2023-01-26,53.16,55.07,52.33,54.62,8002589.0
963,2023-01-27,54.54,55.83,54.31,55.47,6773311.0
964,2023-01-30,55.13,55.74,54.3,54.45,4824738.0
965,2023-01-31,54.57,55.95,54.32,55.85,5739125.0
966,2023-02-01,55.78,57.22,55.3,56.72,5645064.0
967,2023-02-02,56.57,56.92,56.04,56.45,4726171.0
968,2023-02-03,56.1,56.74,55.91,56.5,3961018.0
969,2023-02-06,56.5,56.8,55.8,56.59,4658746.0
970,2023-02-07,56.57,57.38,56.18,57.01,4777474.0
971,2023-02-08,56.7,57.01,56.06,56.31,3410452.0
972,2023-02-09,57.02,57.21,55.36,55.58,3874709.0
973,2023-02-10,55.5,56.34,55.21,56.32,3826315.0
974,2023-02-13,56.32,56.92,56.12,56.82,3520600.0
975,2023-02-14,56.54,56.54,55.51,56.26,3749130.0
976,2023-02-15,55.81,56.26,55.52,56.26,2357602.0
977,2023-02-16,55.47,55.89,54.79,55.18,4302242.0
978,2023-02-17,54.76,55.01,54.24,54.63,4317163.0
979,2023-02-21,54.2,54.38,53.2,53.34,6615691.0
980,2023-02-22,53.28,53.94,53.2,53.51,3735533.0
981,2023-02-23,53.91,54.22,52.83,53.69,4154221.0
982,2023-02-24,52.86,54.38,52.56,54.29,4831942.0
983,2023-02-27,54.58,54.84,54.0,54.19,5443085.0
984,2023-02-28,54.32,54.71,54.07,54.4,5835329.0
985,2023-03-01,54.49,55.86,54.43,55.22,4535117.0
986,2023-03-02,54.96,55.85,54.55,55.64,3992544.0
987,2023-03-03,55.76,55.95,55.0,55.52,3463659.0
988,2023-03-06,55.21,55.45,53.97,54.31,4841238.0
989,2023-03-07,54.08,54.4,52.74,53.0,5499227.0
990,2023-03-08,53.41,54.07,53.29,53.46,4232766.0
991,2023-03-09,53.53,53.87,52.16,52.3,4566235.0
992,2023-03-10,52.36,52.38,50.52,51.08,5398974.0
993,2023-03-13,50.15,50.44,49.19,49.6,8481315.0
994,2023-03-14,50.47,50.94,48.8,49.49,8450387.0
995,2023-03-15,48.23,48.23,46.87,47.68,8006226.0
996,2023-03-16,46.8,48.18,46.4,48.11,6857017.0
997,2023-03-17,47.9,48.04,46.9,47.22,11631959.0
998,2023-03-20,47.87,48.61,47.82,48.46,5403214.0
999,2023-03-21,49.62,49.79,48.78,49.26,4277429.0
1000,2023-03-22,49.27,49.86,48.54,48.58,4523961.0
1001,2023-03-23,48.68,50.14,48.36,48.85,4781112.0
1002,2023-03-24,48.05,49.13,47.65,48.98,4338513.0
1003,2023-03-27,49.45,49.9,49.11,49.2,4327969.0
1004,2023-03-28,49.37,50.16,49.32,50.11,3083608.0
1005,2023-03-29,50.96,51.05,50.36,50.8,3710503.0
1006,2023-03-30,51.45,51.5,50.78,51.2,3643754.0
1007,2023-03-31,51.37,52.09,51.16,52.02,4410842.0
1008,2023-04-03,52.42,53.31,52.22,52.53,6588845.0
1009,2023-04-04,52.29,52.48,51.2,51.46,5014688.0
1010,2023-04-05,50.85,51.88,50.65,51.84,3959829.0
1011,2023-04-06,51.58,52.26,51.41,51.86,5022121.0
1012,2023-04-10,52.2,53.01,52.17,53.01,4046642.0
1013,2023-04-11,53.26,53.94,53.2,53.39,4411093.0
1014,2023-04-12,54.65,54.94,54.0,54.09,4679710.0
1015,2023-04-13,53.82,54.36,53.28,54.12,5147640.0
1016,2023-04-14,54.25,54.64,53.45,53.7,3395037.0
1017,2023-04-17,53.88,54.15,53.61,54.1,2874430.0
1018,2023-04-18,54.21,54.44,53.59,53.98,3354703.0
1019,2023-04-19,53.6,53.79,53.04,53.64,3828096.0
1020,2023-04-20,53.0,53.37,52.57,52.9,3334742.0
1021,2023-04-21,52.56,52.68,51.91,52.07,4179585.0
1022,2023-04-24,52.34,52.6,51.98,52.59,5039595.0
1023,2023-04-25,51.66,52.2,49.7,49.7,8369814.0
1024,2023-04-26,49.47,50.35,49.41,49.78,5952624.0
1025,2023-04-27,49.84,50.72,49.56,50.7,3910815.0
1026,2023-04-28,50.44,52.11,50.37,51.6,6014443.0
1027,2023-05-01,51.66,51.82,51.03,51.31,4013174.0
1028,2023-05-02,50.7,51.09,49.78,50.98,4205962.0
1029,2023-05-03,50.95,51.37,50.11,50.2,3343012.0
1030,2023-05-04,50.1,50.61,49.47,50.56,3899887.0
1031,2023-05-05,51.46,51.78,51.03,51.61,4145354.0
1032,2023-05-08,51.62,52.11,51.21,51.35,2725321.0
1033,2023-05-09,51.09,51.14,50.67,50.87,3285273.0
1034,2023-05-10,51.48,51.78,50.05,50.65,3888226.0
1035,2023-05-11,50.2,50.21,49.14,49.54,5499626.0
1036,2023-05-12,49.75,49.94,49.26,49.51,3260208.0
1037,2023-05-15,49.82,49.86,48.95,49.46,3774762.0
1038,2023-05-16,49.21,49.3,48.18,48.26,4611159.0
1039,2023-05-17,48.52,49.04,48.29,48.68,4777443.0
1040,2023-05-18,48.43,49.21,48.05,49.07,4451856.0
1041,2023-05-19,49.45,49.54,48.81,49.15,3747363.0
1042,2023-05-22,49.22,49.41,48.74,48.97,3478366.0
1043,2023-05-23,48.97,49.52,48.65,49.16,3611374.0
1044,2023-05-24,49.31,49.31,48.39,48.52,3162638.0
1045,2023-05-25,48.2,48.32,47.17,47.57,4688161.0
1046,2023-05-26,47.93,47.99,47.45,47.54,3513139.0
1047,2023-05-30,47.43,47.65,46.8,47.4,5222783.0
1048,2023-05-31,47.03,47.27,46.24,46.68,8465214.0
1049,2023-06-01,46.9,47.25,46.41,46.9,4573854.0
1050,2023-06-02,48.01,49.58,47.91,49.51,7786811.0
1051,2023-06-05,49.59,50.27,49.37,49.4,5567377.0
1052,2023-06-06,49.01,50.78,48.97,50.49,7378361.0
1053,2023-06-07,50.72,51.85,50.62,51.77,6453715.0
1054,2023-06-08,52.01,52.24,50.15,50.68,5094630.0
1055,2023-06-09,50.32,50.58,49.54,49.64,5478090.0
1056,2023-06-12,49.7,50.21,49.26,49.7,3888781.0
1057,2023-06-13,50.05,51.45,49.88,51.04,4273630.0
1058,2023-06-14,51.46,51.76,50.41,50.71,3319848.0
1059,2023-06-15,50.64,51.64,50.48,51.38,3283577.0
1060,2023-06-16,51.2,51.21,50.5,51.06,9536099.0
1061,2023-06-20,50.22,50.34,49.14,49.82,5084332.0
1062,2023-06-21,49.58,50.39,49.16,49.78,3591413.0
1063,2023-06-22,48.32,49.39,48.1,49.29,4734283.0
1064,2023-06-23,48.63,49.4,48.16,49.26,3703199.0
1065,2023-06-26,49.33,50.13,49.2,49.85,3073878.0
1066,2023-06-27,49.83,50.52,49.52,50.47,3176280.0
1067,2023-06-28,50.47,50.87,49.77,50.86,3364817.0
1068,2023-06-29,50.85,51.27,50.59,51.14,2559355.0
1069,2023-06-30,51.48,51.49,50.89,51.16,4158062.0
1070,2023-07-03,51.15,51.89,51.13,51.68,2228479.0
1071,2023-07-05,51.08,51.34,50.42,50.74,5878283.0
1072,2023-07-06,50.19,50.78,49.66,50.67,5552966.0
1073,2023-07-07,50.32,51.84,50.22,51.0,5400350.0
1074,2023-07-10,50.67,51.57,50.58,51.17,3663130.0
1075,2023-07-11,51.4,51.8,51.27,51.32,3470766.0
1076,2023-07-12,52.26,52.56,51.07,52.01,5983992.0
1077,2023-07-13,52.09,52.35,51.7,52.11,3291962.0
1078,2023-07-14,51.91,51.96,50.65,50.82,3885665.0
1079,2023-07-17,50.44,50.59,50.07,50.33,4318450.0
1080,2023-07-18,50.33,51.26,50.28,50.88,4815807.0
1081,2023-07-19,50.74,50.94,50.43,50.72,3731780.0
1082,2023-07-20,51.22,51.24,50.5,50.95,3751907.0
1083,2023-07-21,51.0,51.08,50.5,50.95,4095338.0
1084,2023-07-24,51.07,51.26,50.16,50.45,6687890.0
1085,2023-07-25,50.84,53.05,50.75,51.38,9077431.0
1086,2023-07-26,51.15,51.86,51.1,51.6,7582034.0
1087,2023-07-27,52.0,52.93,51.7,52.84,8079560.0
1088,2023-07-28,53.36,53.77,53.06,53.36,4561204.0
1089,2023-07-31,53.43,54.39,53.35,54.37,6387760.0
1090,2023-08-01,54.15,54.32,53.44,53.68,5565897.0
1091,2023-08-02,52.96,53.39,52.57,52.6,4499120.0
1092,2023-08-03,52.26,53.63,52.26,52.8,4630375.0
1093,2023-08-04,52.86,53.35,52.35,52.41,3626313.0
1094,2023-08-07,52.77,53.72,52.74,53.42,3263527.0
1095,2023-08-08,52.62,53.02,52.16,52.91,3607409.0
1096,2023-08-09,53.32,53.94,52.76,53.44,4619654.0
1097,2023-08-10,53.8,54.13,53.52,53.88,5146998.0
1098,2023-08-11,53.6,53.9,53.17,53.35,4547033.0
1099,2023-08-14,53.24,53.44,52.72,53.28,3637176.0
1100,2023-08-15,52.6,53.07,51.32,51.43,5280364.0
1101,2023-08-16,51.09,51.66,50.99,51.22,3549131.0
1102,2023-08-17,51.67,52.56,51.6,51.76,3614874.0
1103,2023-08-18,51.66,52.03,51.34,51.92,2921107.0
1104,2023-08-21,52.15,52.3,51.72,52.07,3112742.0
1105,2023-08-22,52.2,52.38,51.43,51.69,2746001.0
1106,2023-08-23,51.55,51.85,50.71,51.3,3391339.0
1107,2023-08-24,50.9,51.79,50.9,51.44,3198503.0
1108,2023-08-25,51.88,52.28,51.55,51.88,3282768.0
1109,2023-08-28,52.06,52.78,52.05,52.5,3429703.0
1110,2023-08-29,52.69,53.19,52.39,53.14,3789488.0
1111,2023-08-30,53.16,53.5,52.94,53.35,3482825.0
1112,2023-08-31,53.24,53.5,53.12,53.16,4116381.0
1113,2023-09-01,53.63,54.16,53.36,53.89,4335687.0
1114,2023-09-05,53.78,54.0,52.59,52.79,4914098.0
1115,2023-09-06,52.56,53.53,52.52,53.49,4645057.0
1116,2023-09-07,53.35,53.54,52.12,52.7,4275541.0
1117,2023-09-08,52.91,53.38,52.2,52.31,3988432.0
1118,2023-09-11,52.74,53.49,52.22,52.27,3322604.0
1119,2023-09-12,52.27,52.82,52.06,52.23,2527562.0
1120,2023-09-13,52.26,52.41,51.19,51.42,3079128.0
1121,2023-09-14,52.0,52.83,51.89,52.64,4604325.0
1122,2023-09-15,52.64,52.71,52.22,52.44,7464144.0
1123,2023-09-18,52.42,52.55,51.85,51.98,4593662.0
1124,2023-09-19,52.04,52.33,50.95,51.5,3986260.0
1125,2023-09-20,51.56,52.09,51.03,51.06,2309417.0
1126,2023-09-21,50.65,50.93,49.58,49.6,4359180.0
1127,2023-09-22,49.7,49.85,48.68,48.85,4465872.0
1128,2023-09-25,49.4,49.96,49.04,49.69,4331560.0
1129,2023-09-26,49.13,49.87,48.95,49.08,3451822.0
1130,2023-09-27,49.45,49.96,49.21,49.6,3048815.0
1131,2023-09-28,49.56,49.78,49.12,49.53,3965266.0
1132,2023-09-29,49.94,50.37,49.79,50.16,4234790.0
1133,2023-10-02,49.89,50.26,49.34,49.9,4690974.0
1134,2023-10-03,49.55,50.65,49.49,49.62,5179315.0
1135,2023-10-04,50.08,50.08,48.81,49.71,4727292.0
1136,2023-10-05,49.39,49.75,48.34,48.46,5161751.0
1137,2023-10-06,48.37,49.52,48.13,48.88,4215746.0
1138,2023-10-09,48.88,49.5,48.54,49.41,3333677.0
1139,2023-10-10,49.73,50.42,49.66,49.91,2906505.0
1140,2023-10-11,49.7,50.11,49.11,49.49,3049743.0
1141,2023-10-12,49.91,49.91,48.35,48.85,3012479.0
1142,2023-10-13,49.16,49.31,48.21,48.33,3659754.0
1143,2023-10-16,48.93,49.13,48.39,48.79,2786407.0
1144,2023-10-17,48.35,49.63,48.33,49.33,3309336.0
1145,2023-10-18,48.99,49.43,48.53,48.68,3495270.0
1146,2023-10-19,48.4,48.89,47.99,48.05,3754501.0
1147,2023-10-20,48.08,48.17,47.52,47.59,3919809.0
1148,2023-10-23,47.37,47.5,46.725,46.84,5591930.0
1149,2023-10-24,47.03,48.32,46.6,47.84,5506564.0
1150,2023-10-25,47.53,47.63,45.86,46.14,4920147.0
1151,2023-10-26,46.0,46.88,46.0,46.62,6216095.0
1152,2023-10-27,46.62,47.145,46.44,46.71,4714927.0
1153,2023-10-30,47.26,47.65,46.595,46.94,3698589.0
1154,2023-10-31,46.99,47.395,46.71,46.94,4660449.0
1155,2023-11-01,46.84,47.025,46.2,46.81,4702847.0
1156,2023-11-02,47.18,47.69,47.11,47.59,3741539.0
1157,2023-11-03,48.04,48.675,48.04,48.33,3743932.0
1158,2023-11-06,48.33,48.4,47.74,47.94,3640916.0
1159,2023-11-07,47.31,47.47,46.84,47.13,5172693.0
1160,2023-11-08,47.14,47.22,46.38,46.9,4133401.0
1161,2023-11-09,47.35,47.38,46.8402,46.96,3340876.0
1162,2023-11-10,47.14,48.28,47.11,48.08,3825181.0
1163,2023-11-13,47.73,48.12,47.505,47.84,3160925.0
1164,2023-11-14,48.6,50.09,48.53,49.65,4848855.0
1165,2023-11-15,49.79,50.5,49.47,50.13,5032358.0
1166,2023-11-16,50.07,50.25,49.47,50.04,5034201.0
1167,2023-11-17,50.48,50.48,49.85,50.3,3306151.0
1168,2023-11-20,50.27,50.49,49.96,50.28,3761509.0
1169,2023-11-21,50.29,50.45,50.055,50.33,2840528.0
1170,2023-11-22,50.35,50.3801,49.7,50.0,3139674.0
1171,2023-11-24,50.16,50.54,50.05,50.27,1677145.0
1172,2023-11-27,50.0,50.2,49.62,49.72,3896171.0
1173,2023-11-28,49.8,50.57,49.195,50.29,6376948.0
1174,2023-11-29,50.29,51.27,50.27,50.63,3551663.0
1175,2023-11-30,50.8,51.18,50.53,51.05,4649675.0
1176,2023-12-01,51.1,51.92,50.87,51.6,4273953.0
1177,2023-12-04,51.57,52.07,51.27,51.4,6008627.0
1178,2023-12-05,51.04,51.155,50.27,50.44,4691139.0
1179,2023-12-06,50.74,51.03,50.0701,50.19,3603765.0
1180,2023-12-07,50.41,50.5653,49.915,50.37,2822685.0
1181,2023-12-08,50.34,51.08,50.2,50.22,3664052.0
1182,2023-12-11,50.17,50.82,50.06,50.58,3582663.0
1183,2023-12-12,50.58,50.6623,49.89,50.12,4350481.0
1184,2023-12-13,49.85,51.705,49.76,51.63,4773739.0
1185,2023-12-14,52.18,53.75,52.05,53.53,7892913.0
1186,2023-12-15,52.86,53.68,52.42,53.54,9910007.0
1187,2023-12-18,54.05,54.13,53.3,53.55,3175335.0
1188,2023-12-19,53.77,54.32,53.7,54.22,3796897.0
1189,2023-12-20,54.08,54.65,53.87,53.88,4953342.0
1190,2023-12-21,54.31,54.5,53.78,54.27,2653914.0
1191,2023-12-22,54.39,54.96,54.15,54.42,2341938.0
1192,2023-12-26,54.51,55.195,54.42,55.01,2266051.0
1193,2023-12-27,54.99,55.1579,54.77,55.01,2535303.0
1194,2023-12-28,54.89,55.0004,54.46,54.53,2172550.0
1195,2023-12-29,54.4,54.56,53.98,54.14,2271284.0
1196,2024-01-02,54.04,54.98,53.885,54.63,3533520.0
1197,2024-01-03,54.15,54.38,53.25,53.93,4119929.0
1198,2024-01-04,53.9,54.29,53.345,53.49,4579472.0
1199,2024-01-05,53.33,54.33,53.28,54.12,3796286.0
1200,2024-01-08,53.98,54.44,53.69,54.38,3966136.0
1201,2024-01-09,53.89,53.89,53.08,53.24,4286882.0
1202,2024-01-10,52.95,53.23,52.345,52.68,4062172.0
1203,2024-01-11,52.54,52.97,52.04,52.94,4497297.0
1204,2024-01-12,53.32,53.46,52.315,52.67,3673300.0
1205,2024-01-16,52.67,52.69,51.57,52.4,5962759.0
1206,2024-01-17,51.63,51.92,51.34,51.77,3469229.0
1207,2024-01-18,51.88,52.03,51.4,51.9,4230404.0
1208,2024-01-19,51.99,52.2974,51.42,52.11,4171452.0
1209,2024-01-22,52.02,52.92,51.85,52.86,5615645.0
1210,2024-01-23,53.3,53.755,53.045,53.21,4668127.0
1211,2024-01-24,53.02,53.43,52.33,52.39,6016573.0
1212,2024-01-25,54.06,54.43,53.07,54.24,7240597.0
1213,2024-01-26,54.3,54.595,53.0563,53.36,5240823.0
1214,2024-01-29,53.47,53.52,52.71,53.37,3742403.0
1215,2024-01-30,52.9,53.835,52.8,53.77,4640901.0
1216,2024-01-31,53.8,53.86,52.88,52.9,5471969.0
1217,2024-02-01,53.21,53.31,51.97,52.84,5039825.0
1218,2024-02-02,52.39,53.0563,51.79,52.72,5720086.0
1219,2024-02-05,51.84,52.839,51.66,52.46,5481974.0
1220,2024-02-06,52.52,53.45,52.35,53.34,5213086.0
1221,2024-02-07,53.55,53.69,53.0,53.39,3363904.0
1222,2024-02-08,53.47,53.5003,52.8,53.18,3554250.0
1223,2024-02-09,53.09,53.42,52.855,53.29,3850969.0
1224,2024-02-12,53.3,54.58,53.15,54.09,5262768.0
1225,2024-02-13,53.3,53.57,51.9,52.48,5051000.0
1226,2024-02-14,52.79,53.19,52.53,52.88,3766439.0
1227,2024-02-15,53.21,54.68,53.14,54.47,4410672.0
1228,2024-02-16,54.43,55.255,54.26,54.78,5060893.0
1229,2024-02-20,54.09,54.75,53.7465,54.01,4493770.0
1230,2024-02-21,54.14,55.13,54.06,55.05,4067073.0
1231,2024-02-22,55.05,55.485,54.96,55.3,5088582.0
1232,2024-02-23,55.33,56.12,55.3,55.69,4414073.0
1233,2024-02-26,55.44,55.78,55.15,55.37,3741565.0
1234,2024-02-27,55.67,55.86,55.2507,55.57,3912817.0
1235,2024-02-28,55.47,55.69,55.01,55.1,4432472.0
1236,2024-02-29,55.19,56.04,54.97,55.88,6726839.0
1237,2024-03-01,55.87,56.23,55.61,55.77,4651344.0
