,date,open,high,low,close,volume
0,2023-07-10,346.29,348.395,341.08,343.56,151488.0
1,2023-07-11,345.3,348.86,342.64,348.32,177308.0
2,2023-07-12,350.03,351.24,345.24,349.14,239809.0
3,2023-07-13,348.48,350.845,347.79,350.24,240017.0
4,2023-07-14,349.98,350.15,345.25,349.16,211818.0
5,2023-07-17,349.41,358.41,349.41,355.52,226939.0
6,2023-07-18,354.1,358.04,352.89,354.54,171029.0
7,2023-07-19,352.64,358.4,352.64,353.73,204200.0
8,2023-07-20,356.22,362.99,356.22,361.56,270325.0
9,2023-07-21,364.13,370.72,359.41,363.46,289994.0
10,2023-07-24,362.87,369.83,362.04,366.61,276507.0
11,2023-07-25,366.47,367.29,362.7,363.07,243739.0
12,2023-07-26,364.04,370.745,359.54,361.25,355262.0
13,2023-07-27,377.4,381.5,349.19,354.34,580870.0
14,2023-07-28,357.76,361.16,350.82,355.65,369626.0
15,2023-07-31,355.89,360.2727,354.91,357.01,323429.0
16,2023-08-01,357.72,360.24,354.08,355.73,257793.0
17,2023-08-02,357.24,358.03,354.485,356.05,217978.0
18,2023-08-03,355.5,361.54,354.29,358.8,215953.0
19,2023-08-04,357.31,359.1991,351.035,351.8,206386.0
20,2023-08-07,354.66,359.145,351.8,355.17,148138.0
21,2023-08-08,352.31,354.55,342.33,342.56,323831.0
22,2023-08-09,344.79,357.34,344.17,355.5,287282.0
23,2023-08-10,359.13,362.93,354.11,355.1,203933.0
24,2023-08-11,353.23,356.38,349.95,352.52,189011.0
25,2023-08-14,353.49,354.72,350.365,352.26,168348.0
26,2023-08-15,350.34,354.61,347.09,351.38,200853.0
27,2023-08-16,351.31,355.03,349.03,351.41,145836.0
28,2023-08-17,354.8,356.67,342.138,343.69,144033.0
29,2023-08-18,342.34,348.69,342.34,344.9,164271.0
30,2023-08-21,344.55,347.57,339.86,345.1,133091.0
31,2023-08-22,343.55,345.42,341.45,343.3,132514.0
32,2023-08-23,344.26,350.155,343.34,349.11,166967.0
33,2023-08-24,349.01,355.74,347.41,354.58,231372.0
34,2023-08-25,354.85,355.495,348.84,349.38,181928.0
35,2023-08-28,351.37,351.37,345.63,348.25,171672.0
36,2023-08-29,348.57,356.83,347.745,356.35,198231.0
37,2023-08-30,355.61,365.42,355.61,359.2,275334.0
38,2023-08-31,359.3,360.78,356.52,357.18,245024.0
39,2023-09-01,359.85,364.42,358.81,361.3,190771.0
40,2023-09-05,360.83,364.28,357.94,358.16,280451.0
41,2023-09-06,357.33,363.37,357.33,362.81,255445.0
42,2023-09-07,364.47,369.5,361.27,363.72,363820.0
43,2023-09-08,367.0,368.32,362.98,367.2,256301.0
44,2023-09-11,369.29,376.27,369.29,374.35,303530.0
45,2023-09-12,375.11,377.305,370.4,372.79,282459.0
46,2023-09-13,374.5,376.19,368.23,371.66,235197.0
47,2023-09-14,375.57,377.14,373.17,376.67,239377.0
48,2023-09-15,374.46,378.4,374.46,375.71,396862.0
49,2023-09-18,375.69,383.27,372.92,382.62,335147.0
50,2023-09-19,383.53,387.72,381.75,386.88,444239.0
51,2023-09-20,388.42,391.4,386.37,390.24,388418.0
52,2023-09-21,389.97,392.985,389.065,390.72,453060.0
53,2023-09-22,390.45,392.94,389.54,390.05,404501.0
54,2023-09-25,388.38,391.53,384.47,386.94,269077.0
55,2023-09-26,384.93,388.39,382.06,384.32,336943.0
56,2023-09-27,384.98,384.98,374.49,379.97,649891.0
57,2023-09-28,381.43,384.41,377.76,379.74,320796.0
58,2023-09-29,378.93,378.93,368.93,369.92,335776.0
59,2023-10-02,370.31,373.94,367.44,373.87,220549.0
60,2023-10-03,373.81,374.9,366.85,370.44,207520.0
61,2023-10-04,371.43,384.685,371.43,383.54,338404.0
62,2023-10-05,381.72,387.18,381.72,385.33,304001.0
63,2023-10-06,388.51,392.66,383.78,390.03,319032.0
64,2023-10-09,388.18,390.085,383.94,388.33,241082.0
65,2023-10-10,389.65,389.65,382.48,383.56,196857.0
66,2023-10-11,386.49,391.47,386.23,390.75,237526.0
67,2023-10-12,394.83,396.97,389.095,392.13,195532.0
68,2023-10-13,395.0,398.1699,392.69,396.63,231485.0
69,2023-10-16,398.25,404.275,398.25,403.53,256603.0
70,2023-10-17,404.94,408.555,404.94,406.29,261042.0
71,2023-10-18,405.96,408.99,403.61,404.5,290629.0
72,2023-10-19,403.75,406.53,399.87,400.1,350226.0
73,2023-10-20,400.23,401.22,392.82,394.27,389052.0
74,2023-10-23,393.68,395.44,386.77,387.28,349589.0
75,2023-10-24,386.2,396.18,385.815,395.35,480963.0
76,2023-10-25,395.57,404.37,392.88,394.94,541875.0
77,2023-10-26,398.25,402.805,379.38,381.47,669080.0
78,2023-10-27,381.4,388.81,376.84,383.83,648648.0
79,2023-10-30,386.84,391.49,384.72,390.89,321938.0
80,2023-10-31,392.54,396.155,391.44,393.87,419023.0
81,2023-11-01,396.25,401.77,393.88,400.64,391852.0
82,2023-11-02,398.34,398.57,377.82,380.29,824988.0
83,2023-11-03,380.19,387.36,377.0101,383.66,350945.0
84,2023-11-06,384.52,386.99,377.87,381.02,477937.0
85,2023-11-07,381.02,384.37,380.25,382.24,247580.0
86,2023-11-08,383.17,384.87,378.07,379.52,270503.0
87,2023-11-09,381.53,384.8,374.69,378.42,420019.0
88,2023-11-10,378.72,383.94,376.87,382.93,274933.0
89,2023-11-13,383.96,384.75,380.05,384.1,368332.0
90,2023-11-14,385.83,399.71,385.83,391.41,662883.0
91,2023-11-15,393.53,396.26,385.97,388.27,401780.0
92,2023-11-16,391.22,397.94,390.94,397.56,443732.0
93,2023-11-17,397.77,401.48,394.25,394.55,334563.0
94,2023-11-20,392.91,400.17,392.21,397.95,368165.0
95,2023-11-21,402.6,415.0343,402.6,405.24,413118.0
96,2023-11-22,403.55,406.7,401.67,406.26,325361.0
97,2023-11-24,408.92,416.17,408.92,412.5,142448.0
98,2023-11-27,412.82,414.3,410.5,412.84,255947.0
99,2023-11-28,417.04,417.04,406.15,406.25,412427.0
100,2023-11-29,405.53,405.865,398.38,402.34,332006.0
101,2023-11-30,402.33,412.47,402.33,410.55,1225327.0
102,2023-12-01,409.23,413.18,406.92,407.63,286223.0
103,2023-12-04,405.68,408.71,398.12,399.06,517393.0
104,2023-12-05,397.99,399.235,394.3001,397.19,333464.0
105,2023-12-06,397.2,400.45,385.51,390.37,451985.0
106,2023-12-07,390.51,392.96,380.84,383.36,332170.0
107,2023-12-08,384.19,386.63,382.245,384.78,292472.0
108,2023-12-11,386.56,395.45,385.315,390.73,259667.0
109,2023-12-12,391.0,400.1,390.26,396.13,300149.0
110,2023-12-13,396.27,399.38,386.592,386.83,338407.0
111,2023-12-14,384.33,385.55,360.31,360.78,1172892.0
112,2023-12-15,358.38,363.7199,353.28,356.08,935436.0
113,2023-12-18,360.01,368.685,357.38,363.8,697048.0
114,2023-12-19,363.61,369.0,362.76,364.99,483079.0
115,2023-12-20,364.04,366.99,356.76,356.79,388675.0
116,2023-12-21,356.36,358.98,352.77,357.63,395438.0
117,2023-12-22,358.0,360.3,353.45,353.64,272835.0
118,2023-12-26,354.94,355.875,349.69,351.28,355942.0
119,2023-12-27,350.0,352.57,348.61,350.69,377308.0
120,2023-12-28,350.0,354.215,350.0,352.61,210936.0
121,2023-12-29,352.46,354.46,351.0484,353.58,210439.0
122,2024-01-02,355.01,362.23,355.0,361.65,407354.0
123,2024-01-03,362.78,368.86,361.29,363.95,605572.0
124,2024-01-04,366.38,370.37,364.0801,367.69,541571.0
125,2024-01-05,370.83,371.53,365.2,371.41,529909.0
126,2024-01-08,371.87,374.9999,364.65,372.5,435890.0
127,2024-01-09,372.25,372.25,362.6402,368.51,343136.0
128,2024-01-10,365.38,370.58,364.68,370.5,415694.0
129,2024-01-11,370.96,375.08,369.64,374.37,316143.0
130,2024-01-12,375.33,378.0,370.39,370.43,346866.0
131,2024-01-16,371.01,373.09,367.6452,369.23,316302.0
132,2024-01-17,368.42,372.78,364.36,365.2,294299.0
133,2024-01-18,363.04,369.45,361.38,368.92,260972.0
134,2024-01-19,372.56,377.4058,371.21,373.84,340773.0
135,2024-01-22,373.27,377.2239,371.425,374.7,271007.0
136,2024-01-23,374.31,376.42,371.79,374.99,250451.0
137,2024-01-24,374.0,378.23,374.0,375.01,331041.0
138,2024-01-25,376.12,378.18,369.5,376.56,274614.0
139,2024-01-26,376.84,379.925,375.913,379.75,254938.0
140,2024-01-29,378.74,379.6372,375.815,377.51,337819.0
141,2024-01-30,377.65,380.0,377.15,379.73,288201.0
142,2024-01-31,382.81,388.5,382.11,384.97,344468.0
143,2024-02-01,382.15,382.17,375.88,378.41,368139.0
144,2024-02-02,381.24,383.6,379.89,381.34,392441.0
145,2024-02-05,380.78,384.29,378.76,381.81,250769.0
146,2024-02-06,382.9,384.37,380.02,380.63,294075.0
147,2024-02-07,382.07,386.28,380.47,383.94,429482.0
148,2024-02-08,359.86,365.01,343.76,354.56,1386135.0
149,2024-02-09,351.74,355.19,348.36,353.76,691509.0
150,2024-02-12,354.57,364.28,354.13,360.93,413613.0
151,2024-02-13,365.0,372.815,362.015,368.16,704930.0
152,2024-02-14,367.7,373.52,366.04,371.04,444330.0
153,2024-02-15,372.43,376.4,369.69,374.38,453165.0
154,2024-02-16,378.47,379.0,367.485,367.87,391978.0
155,2024-02-20,365.93,372.96,365.93,368.11,388296.0
156,2024-02-21,367.0,369.505,359.96,361.9,456687.0
157,2024-02-22,363.99,372.13,361.26,370.45,505811.0
158,2024-02-23,370.45,372.2176,368.72,370.88,225363.0
159,2024-02-26,370.88,373.7,366.41,367.0,265466.0
160,2024-02-27,365.8,367.78,363.575,367.71,227786.0
161,2024-02-28,368.58,371.64,367.395,370.35,259160.0
162,2024-02-29,369.86,369.86,364.22,368.88,496928.0
163,2024-03-01,368.5,370.02,367.08,369.92,455311.0
