,date,open,high,low,close,volume
0,2022-06-28,477.48,482.24,462.95,464.61,752756.0
1,2022-06-29,464.14,479.27,463.91,477.09,1087237.0
2,2022-06-30,476.97,480.51,471.11,474.1,1519396.0
3,2022-07-01,471.85,478.34,461.32,477.5,997302.0
4,2022-07-05,473.08,473.08,453.42,468.46,1043099.0
5,2022-07-06,467.88,478.1,464.6,475.79,803741.0
6,2022-07-07,474.52,478.34,468.74,470.35,857440.0
7,2022-07-08,475.11,482.6,472.49,475.81,751418.0
8,2022-07-11,471.72,477.22,468.81,473.14,629533.0
9,2022-07-12,472.05,477.52,466.6,469.49,801637.0
10,2022-07-13,464.87,469.14,461.86,462.23,802151.0
11,2022-07-14,456.33,459.4,449.53,457.91,861381.0
12,2022-07-15,469.68,482.0,466.51,480.44,1035395.0
13,2022-07-18,482.52,483.46,471.2,472.32,687917.0
14,2022-07-19,477.68,490.85,477.03,488.95,933082.0
15,2022-07-20,473.52,478.52,442.89,451.06,2653661.0
16,2022-07-21,450.1,456.38,443.1,453.46,1547210.0
17,2022-07-22,453.42,455.98,447.26,451.12,1008354.0
18,2022-07-25,456.21,465.89,453.85,462.38,861455.0
19,2022-07-26,466.05,466.85,459.97,460.48,818103.0
20,2022-07-27,458.74,461.89,451.07,459.52,1122804.0
21,2022-07-28,460.91,468.87,456.75,467.25,835980.0
22,2022-07-29,467.41,471.48,462.76,468.62,885146.0
23,2022-08-01,466.52,475.24,457.07,462.42,837644.0
24,2022-08-02,463.6,471.47,457.06,463.66,1164579.0
25,2022-08-03,466.94,475.29,464.82,471.05,810242.0
26,2022-08-04,471.43,471.43,465.26,466.42,614964.0
27,2022-08-05,462.35,468.51,462.35,466.65,624530.0
28,2022-08-08,469.82,471.14,463.67,467.24,479071.0
29,2022-08-09,470.77,480.51,468.55,475.49,798756.0
30,2022-08-10,480.36,481.39,471.48,472.85,619840.0
31,2022-08-11,473.14,475.08,465.73,468.63,894731.0
32,2022-08-12,471.52,484.12,471.19,483.22,801333.0
33,2022-08-15,480.47,487.22,478.02,484.74,429884.0
34,2022-08-16,484.67,489.7,480.69,483.8,567182.0
35,2022-08-17,479.21,484.48,478.15,482.37,459945.0
36,2022-08-18,481.08,484.72,479.34,483.29,407719.0
37,2022-08-19,483.74,498.31,483.15,495.06,711988.0
38,2022-08-22,496.77,504.51,495.36,498.52,972273.0
39,2022-08-23,493.35,495.7,484.53,484.75,577769.0
40,2022-08-24,484.05,487.05,480.55,484.92,664541.0
41,2022-08-25,481.65,483.95,473.83,483.86,714307.0
42,2022-08-26,483.57,486.25,474.6,475.0,619654.0
43,2022-08-29,472.65,482.37,470.33,480.03,602306.0
44,2022-08-30,479.79,483.67,475.44,478.37,984255.0
45,2022-08-31,476.35,484.14,476.35,476.63,1350626.0
46,2022-09-01,479.37,486.42,475.39,481.69,712258.0
47,2022-09-02,484.41,486.09,471.19,473.51,741113.0
48,2022-09-06,472.67,478.81,467.58,468.52,1013920.0
49,2022-09-07,468.43,478.49,466.06,476.54,795808.0
50,2022-09-08,475.34,482.43,475.34,482.15,521983.0
51,2022-09-09,489.71,492.19,485.32,486.4,958503.0
52,2022-09-12,486.12,491.22,483.05,486.46,883452.0
53,2022-09-13,480.48,482.19,471.71,473.36,864784.0
54,2022-09-14,474.8,475.27,460.36,462.91,1152117.0
55,2022-09-15,468.3,481.17,465.82,478.13,736475.0
56,2022-09-16,474.98,477.7,466.25,473.03,1112891.0
57,2022-09-19,470.69,474.8,463.58,472.79,648578.0
58,2022-09-20,471.19,471.19,461.95,468.27,794012.0
59,2022-09-21,471.9,476.76,458.24,458.54,725993.0
60,2022-09-22,455.11,458.72,450.25,455.68,873251.0
61,2022-09-23,450.81,450.81,438.8,446.65,850505.0
62,2022-09-26,440.17,446.01,434.32,440.94,827701.0
63,2022-09-27,445.96,448.36,436.65,438.78,902767.0
64,2022-09-28,442.53,448.64,432.82,445.9,1120052.0
65,2022-09-29,446.63,451.59,440.98,449.59,1070396.0
66,2022-09-30,449.56,463.41,447.04,447.04,1120562.0
67,2022-10-03,447.9,464.14,446.7,462.86,908404.0
68,2022-10-04,465.14,474.36,462.55,472.03,946193.0
69,2022-10-05,471.39,473.95,464.82,471.6,855760.0
70,2022-10-06,471.06,474.16,468.88,470.75,822097.0
71,2022-10-07,466.8,466.8,457.56,459.86,708083.0
72,2022-10-10,461.6,463.49,453.67,459.95,784807.0
73,2022-10-11,459.05,470.34,456.82,463.53,751386.0
74,2022-10-12,463.93,467.68,457.82,458.03,706880.0
75,2022-10-13,450.26,470.77,448.47,466.94,1087878.0
76,2022-10-14,470.8,474.8,462.46,463.57,872428.0
77,2022-10-17,467.69,472.59,464.96,469.88,868683.0
78,2022-10-18,478.36,478.36,467.43,471.07,1291811.0
79,2022-10-19,480.19,486.3,470.29,480.61,1416301.0
80,2022-10-20,483.79,502.13,482.12,495.02,1946524.0
81,2022-10-21,496.03,515.08,495.68,503.84,1581762.0
82,2022-10-24,508.04,521.79,507.38,519.3,1502614.0
83,2022-10-25,517.11,522.05,511.05,516.75,1411394.0
84,2022-10-26,521.43,533.14,519.84,526.37,1278598.0
85,2022-10-27,526.86,529.14,521.67,524.42,904621.0
86,2022-10-28,528.97,537.98,522.48,536.45,777225.0
87,2022-10-31,532.33,542.32,531.7,539.57,1131704.0
88,2022-11-01,537.8,540.85,530.96,537.33,918533.0
89,2022-11-02,535.14,540.54,530.66,530.92,1053628.0
90,2022-11-03,529.37,533.07,524.86,526.66,735014.0
91,2022-11-04,525.46,529.76,512.41,519.46,1109102.0
92,2022-11-07,510.37,524.03,510.28,521.26,1041929.0
93,2022-11-08,525.12,530.17,517.37,523.11,1262124.0
94,2022-11-09,520.18,524.91,512.28,512.8,873522.0
95,2022-11-10,523.36,525.8,502.68,514.68,969482.0
96,2022-11-11,511.73,512.25,473.45,484.16,2411501.0
97,2022-11-14,487.62,492.31,483.11,483.6,1344514.0
98,2022-11-15,486.38,487.15,470.72,471.81,1922502.0
99,2022-11-16,474.4,481.38,467.3,468.94,1862088.0
100,2022-11-17,467.36,478.43,467.05,469.81,1868390.0
101,2022-11-18,476.29,490.04,473.99,488.12,1585886.0
102,2022-11-21,487.59,495.47,486.83,492.71,1460466.0
103,2022-11-22,497.1,501.47,497.06,497.86,955552.0
104,2022-11-23,499.02,504.63,498.86,499.96,656499.0
105,2022-11-25,502.47,507.53,501.16,506.66,464048.0
106,2022-11-28,503.77,509.38,503.47,505.58,722452.0
107,2022-11-29,506.66,510.35,503.9,508.16,894344.0
108,2022-11-30,509.63,526.03,507.06,525.72,2586453.0
109,2022-12-01,528.27,529.88,516.92,518.05,900743.0
110,2022-12-02,516.36,521.82,515.85,517.68,630287.0
111,2022-12-05,511.33,519.67,511.13,516.42,714111.0
112,2022-12-06,517.53,524.34,517.42,522.48,1380623.0
113,2022-12-07,522.68,528.9,522.29,523.98,1634326.0
114,2022-12-08,525.94,527.79,522.13,523.2,604502.0
115,2022-12-09,523.19,526.16,518.08,519.0,873250.0
116,2022-12-12,520.87,528.58,519.6,528.26,769513.0
117,2022-12-13,534.06,538.09,511.9,513.4,1059362.0
118,2022-12-14,515.24,517.19,508.82,514.23,874362.0
119,2022-12-15,510.22,510.25,499.98,503.06,1250238.0
120,2022-12-16,498.54,500.64,485.58,496.13,2903792.0
121,2022-12-19,495.8,501.61,493.24,496.97,783041.0
122,2022-12-20,499.22,500.2,493.91,498.73,674973.0
123,2022-12-21,502.05,505.36,489.34,504.92,721345.0
124,2022-12-22,506.04,508.18,498.91,504.14,652403.0
125,2022-12-23,504.08,509.01,500.34,508.37,710991.0
126,2022-12-27,510.88,514.08,507.65,508.29,641532.0
127,2022-12-28,511.0,515.94,505.53,506.76,576877.0
128,2022-12-29,509.66,509.66,505.37,506.96,301746.0
129,2022-12-30,507.03,508.14,502.54,507.05,468241.0
130,2023-01-03,502.76,506.05,487.61,496.28,1075617.0
131,2023-01-04,496.41,499.08,477.78,479.52,1632492.0
132,2023-01-05,479.07,479.07,465.11,467.08,1845502.0
133,2023-01-06,468.81,472.01,458.72,469.56,2329434.0
134,2023-01-09,471.04,476.87,463.77,464.79,1254681.0
135,2023-01-10,466.31,468.04,462.06,464.76,855297.0
136,2023-01-11,464.75,477.6,464.75,474.62,1240233.0
137,2023-01-12,472.19,477.99,468.65,471.16,1386602.0
138,2023-01-13,467.25,483.7,465.53,477.08,1007919.0
139,2023-01-17,478.33,482.08,473.44,475.04,967802.0
140,2023-01-18,476.06,480.4,465.18,465.79,1003603.0
141,2023-01-19,469.44,476.08,467.69,474.3,941039.0
142,2023-01-20,474.68,476.08,466.77,473.57,987615.0
143,2023-01-23,474.97,478.33,470.75,472.02,926235.0
144,2023-01-24,473.98,476.08,468.83,472.6,1269728.0
145,2023-01-25,477.08,493.96,474.53,489.67,2059549.0
146,2023-01-26,493.95,498.86,484.16,496.27,1267934.0
147,2023-01-27,497.26,498.57,483.21,486.61,1145335.0
148,2023-01-30,485.89,490.76,482.7,483.16,818109.0
149,2023-01-31,486.08,502.86,484.58,494.07,1293885.0
150,2023-02-01,493.09,497.79,487.41,492.85,1242550.0
151,2023-02-02,485.91,487.76,467.03,474.49,1704755.0
152,2023-02-03,475.27,481.32,470.52,471.79,1171978.0
153,2023-02-06,474.58,478.31,471.79,472.75,977723.0
154,2023-02-07,469.68,472.11,464.36,471.95,1007775.0
155,2023-02-08,470.51,479.28,469.09,477.62,1010643.0
156,2023-02-09,478.88,482.33,476.46,479.68,948054.0
157,2023-02-10,482.46,487.8,482.17,484.86,656588.0
158,2023-02-13,484.76,495.86,484.76,489.29,880839.0
159,2023-02-14,491.45,494.08,484.27,485.56,670301.0
160,2023-02-15,479.85,485.1,479.19,481.21,769407.0
161,2023-02-16,481.03,486.09,480.01,481.07,640084.0
162,2023-02-17,480.82,489.56,479.09,489.12,798725.0
163,2023-02-21,488.18,491.35,471.88,472.9,1422118.0
164,2023-02-22,475.23,479.86,472.29,477.9,782960.0
165,2023-02-23,478.67,486.17,476.93,480.2,766502.0
166,2023-02-24,479.51,479.79,470.19,472.11,1145354.0
167,2023-02-27,476.07,477.04,468.94,470.38,947526.0
168,2023-02-28,469.5,469.86,460.88,463.75,1533921.0
169,2023-03-01,458.38,464.49,457.08,463.11,807703.0
170,2023-03-02,462.69,465.71,459.24,462.86,1008581.0
171,2023-03-03,465.29,465.29,459.22,464.32,1236000.0
172,2023-03-06,465.54,467.83,463.33,466.92,1517258.0
173,2023-03-07,469.57,471.08,457.82,460.87,1221911.0
174,2023-03-08,458.28,462.03,457.08,460.75,1346418.0
175,2023-03-09,464.69,465.76,453.76,455.52,1061522.0
176,2023-03-10,454.14,460.09,448.76,450.12,1282938.0
177,2023-03-13,449.31,461.85,449.29,454.51,944580.0
178,2023-03-14,455.93,458.76,449.36,454.14,1610831.0
179,2023-03-15,447.0,455.12,446.51,452.04,1136493.0
180,2023-03-16,450.24,465.04,449.0,464.06,1230364.0
181,2023-03-17,464.0,464.43,456.42,458.73,1743145.0
182,2023-03-20,458.88,466.41,458.88,462.55,927937.0
183,2023-03-21,463.49,466.68,461.82,465.26,847172.0
184,2023-03-22,467.51,470.45,460.77,460.95,717342.0
185,2023-03-23,462.23,465.97,438.7,441.86,1900375.0
186,2023-03-24,441.18,452.43,435.87,452.25,1668234.0
187,2023-03-27,463.39,465.9,457.81,459.53,1104264.0
188,2023-03-28,463.44,465.12,453.0,454.09,865108.0
189,2023-03-29,455.38,455.61,448.95,451.73,804997.0
190,2023-03-30,453.3,456.48,445.16,454.48,1034343.0
191,2023-03-31,456.89,457.37,452.99,455.37,1084012.0
192,2023-04-03,463.05,474.38,460.1,472.05,1224363.0
193,2023-04-04,470.56,471.9,468.22,470.99,846796.0
194,2023-04-05,474.33,483.02,469.46,480.25,1428497.0
195,2023-04-06,482.33,484.08,476.28,479.1,815898.0
196,2023-04-10,476.83,480.58,475.06,480.49,826827.0
197,2023-04-11,483.14,486.35,480.93,485.24,1121533.0
198,2023-04-12,483.73,491.77,482.64,488.55,1152558.0
199,2023-04-13,490.63,493.96,486.44,491.76,932577.0
200,2023-04-14,491.09,493.12,478.07,480.02,941401.0
201,2023-04-17,479.01,480.17,474.75,479.83,881537.0
202,2023-04-18,478.56,480.35,475.06,478.64,943921.0
203,2023-04-19,463.4,464.96,448.91,452.89,2960180.0
204,2023-04-20,452.83,452.83,445.81,450.49,1952869.0
205,2023-04-21,450.55,451.09,439.21,446.3,1456318.0
206,2023-04-24,447.36,460.74,445.66,458.48,1535563.0
207,2023-04-25,460.66,465.63,456.12,456.43,1125887.0
208,2023-04-26,451.56,453.92,443.37,447.94,1156321.0
209,2023-04-27,453.23,461.87,453.23,460.96,1122469.0
210,2023-04-28,460.52,467.86,460.11,464.21,1083342.0
211,2023-05-01,464.38,472.73,464.14,467.84,785020.0
212,2023-05-02,466.96,470.24,456.4,461.88,809919.0
213,2023-05-03,462.6,463.42,452.03,453.74,937956.0
214,2023-05-04,453.56,455.08,447.75,452.25,695621.0
215,2023-05-05,457.93,464.94,454.41,460.03,800259.0
216,2023-05-08,459.18,461.31,454.77,460.75,648005.0
217,2023-05-09,461.22,464.91,455.69,456.04,601908.0
218,2023-05-10,455.11,458.24,452.37,454.91,779084.0
219,2023-05-11,454.38,454.58,450.07,452.34,823638.0
220,2023-05-12,453.19,455.11,449.85,453.02,600505.0
221,2023-05-15,453.51,453.51,444.86,448.11,936767.0
222,2023-05-16,449.37,449.83,440.71,441.44,767708.0
223,2023-05-17,442.51,456.34,441.75,455.3,1175614.0
224,2023-05-18,452.46,452.89,444.83,450.57,954367.0
225,2023-05-19,451.39,457.34,449.91,453.39,890953.0
226,2023-05-22,454.25,456.84,450.45,452.6,709925.0
227,2023-05-23,449.59,455.69,445.59,453.07,1012923.0
228,2023-05-24,454.97,456.36,451.88,452.15,763132.0
229,2023-05-25,448.22,449.96,441.66,445.64,979687.0
230,2023-05-26,444.67,449.76,441.01,441.45,1201469.0
231,2023-05-30,438.31,439.48,434.12,437.29,1635533.0
232,2023-05-31,436.47,445.82,434.34,443.38,2453053.0
233,2023-06-01,445.36,463.08,443.61,459.99,1629970.0
234,2023-06-02,463.3,468.87,457.88,466.58,1618169.0
235,2023-06-05,467.94,477.65,467.28,475.99,1525970.0
236,2023-06-06,475.94,476.15,456.12,460.16,1359851.0
237,2023-06-07,459.14,461.26,455.1,455.69,1497445.0
238,2023-06-08,454.85,464.73,454.85,463.3,977408.0
239,2023-06-09,464.31,474.29,461.42,467.21,740651.0
240,2023-06-12,467.21,472.38,463.12,469.92,829431.0
241,2023-06-13,468.98,472.87,463.67,465.67,1566557.0
242,2023-06-14,437.03,441.7,425.91,433.37,3353657.0
243,2023-06-15,436.67,453.42,434.91,448.77,1753378.0
244,2023-06-16,450.08,451.04,437.34,440.25,2487240.0
245,2023-06-20,434.84,437.72,428.75,434.97,2582314.0
246,2023-06-21,434.96,448.4,434.47,442.07,1384120.0
247,2023-06-22,443.92,448.29,441.04,446.91,1146762.0
248,2023-06-23,445.41,450.61,444.29,447.44,1906511.0
249,2023-06-26,447.0,449.13,442.84,445.81,667348.0
250,2023-06-27,444.33,445.58,438.45,441.56,1372662.0
251,2023-06-28,437.73,439.68,433.32,434.15,1369724.0
252,2023-06-29,434.12,437.9,432.62,437.14,1380480.0
253,2023-06-30,435.41,443.68,433.05,441.33,1472810.0
254,2023-07-03,439.58,444.39,436.22,441.52,754219.0
255,2023-07-05,440.88,444.1,437.99,440.07,1659445.0
256,2023-07-06,439.25,439.85,434.41,436.34,1427865.0
257,2023-07-07,432.64,438.54,425.77,426.44,1497340.0
258,2023-07-10,427.0,432.49,426.35,429.46,1349896.0
259,2023-07-11,428.83,434.19,427.3,431.96,1206401.0
260,2023-07-12,424.04,425.96,409.04,411.17,3284379.0
261,2023-07-13,413.3,418.27,411.83,414.67,1904749.0
262,2023-07-14,432.23,440.65,432.04,435.77,2512881.0
263,2023-07-17,432.51,435.63,431.69,434.21,1351327.0
264,2023-07-18,438.3,447.02,435.24,440.73,1897587.0
265,2023-07-19,471.04,478.0,459.91,460.25,2649425.0
266,2023-07-20,466.24,475.32,464.11,472.8,1942929.0
267,2023-07-21,475.33,477.11,471.94,472.97,2300647.0
268,2023-07-24,469.01,472.35,466.46,468.2,1372172.0
269,2023-07-25,469.98,475.53,469.25,472.89,990289.0
270,2023-07-26,473.01,477.03,464.39,466.63,1291994.0
271,2023-07-27,467.98,471.92,466.07,467.73,900239.0
272,2023-07-28,467.14,470.51,460.28,464.08,947088.0
273,2023-07-31,464.15,470.0,462.29,468.67,857539.0
274,2023-08-01,469.62,471.34,463.28,465.02,835917.0
275,2023-08-02,471.77,474.62,467.32,468.76,963678.0
276,2023-08-03,466.33,467.82,460.93,465.05,1309713.0
277,2023-08-04,467.45,468.5,459.01,460.22,663638.0
278,2023-08-07,462.28,469.04,461.67,467.86,621151.0
279,2023-08-08,462.03,464.04,453.53,459.71,938903.0
280,2023-08-09,459.86,461.96,456.18,457.37,711000.0
281,2023-08-10,458.96,467.49,458.3,463.15,665277.0
282,2023-08-11,465.67,472.5,464.05,471.1,1030772.0
283,2023-08-14,469.19,473.58,466.33,468.44,864206.0
284,2023-08-15,466.75,468.7,463.51,464.86,647958.0
285,2023-08-16,465.67,468.35,462.01,462.19,682501.0
286,2023-08-17,456.56,462.04,454.58,456.42,1065467.0
287,2023-08-18,455.89,461.9,455.89,459.82,619027.0
288,2023-08-21,458.88,464.06,457.86,463.31,729322.0
289,2023-08-22,460.66,464.5,459.72,460.34,734203.0
290,2023-08-23,460.55,462.14,454.16,456.88,671085.0
291,2023-08-24,456.74,460.21,451.86,453.04,827921.0
292,2023-08-25,455.21,455.52,446.13,449.56,935628.0
293,2023-08-28,450.25,452.96,449.4,451.45,628546.0
294,2023-08-29,452.04,455.03,449.81,454.85,698365.0
295,2023-08-30,456.37,460.27,454.68,456.61,875696.0
296,2023-08-31,457.97,457.97,438.25,439.05,2054914.0
297,2023-09-01,442.87,445.08,436.58,439.42,1319650.0
298,2023-09-05,441.56,448.22,441.31,447.19,1053768.0
299,2023-09-06,447.19,450.65,442.34,443.04,1149885.0
300,2023-09-07,445.86,451.43,443.8,448.85,980822.0
301,2023-09-08,447.86,449.28,445.46,447.27,993412.0
302,2023-09-11,448.31,452.13,445.55,447.78,766580.0
303,2023-09-12,444.52,446.7,434.1,443.82,1217163.0
304,2023-09-13,444.52,445.53,439.02,441.71,1372007.0
305,2023-09-14,445.14,446.18,438.31,442.88,878559.0
306,2023-09-15,441.32,447.08,439.36,440.44,1581569.0
307,2023-09-18,443.9,443.9,438.03,441.24,786564.0
308,2023-09-19,439.52,441.43,432.25,437.3,1235151.0
309,2023-09-20,439.97,446.02,433.28,444.35,1085768.0
310,2023-09-21,445.21,454.43,443.13,449.35,1340478.0
311,2023-09-22,446.75,450.09,444.68,445.62,820709.0
312,2023-09-25,446.37,452.83,445.74,452.56,706255.0
313,2023-09-26,449.56,451.52,441.93,446.68,886039.0
314,2023-09-27,446.59,447.46,442.39,443.28,1001558.0
315,2023-09-28,445.92,449.92,443.89,445.8,1045284.0
316,2023-09-29,444.08,444.39,433.65,433.94,1374540.0
317,2023-10-02,434.54,439.28,429.9,438.71,1174839.0
318,2023-10-03,436.97,437.78,430.07,432.03,887450.0
319,2023-10-04,432.02,436.7,431.51,436.47,747646.0
320,2023-10-05,435.1,443.49,433.83,442.39,1088261.0
321,2023-10-06,442.64,451.68,440.81,448.48,1112699.0
322,2023-10-09,446.97,452.01,444.61,451.53,712166.0
323,2023-10-10,454.12,457.85,451.64,453.65,898655.0
324,2023-10-11,450.23,452.44,447.69,452.09,921976.0
325,2023-10-12,452.66,454.87,448.62,452.05,852328.0
326,2023-10-13,457.11,465.18,449.19,452.63,1665762.0
327,2023-10-16,434.52,468.31,434.51,461.14,2759099.0
328,2023-10-17,461.62,470.24,459.84,464.21,1453588.0
329,2023-10-18,479.49,481.02,461.85,467.83,2076932.0
330,2023-10-19,466.91,471.75,459.15,461.8,1234787.0
331,2023-10-20,462.27,462.65,452.06,452.3,1159611.0
332,2023-10-23,451.62,453.27,442.77,450.29,1634707.0
333,2023-10-24,450.56,459.7,450.52,451.11,1180223.0
334,2023-10-25,451.5,453.78,446.215,448.59,640058.0
335,2023-10-26,445.32,452.2903,445.32,448.31,674242.0
336,2023-10-27,446.47,448.35,437.815,439.98,869398.0
337,2023-10-30,441.67,447.67,439.45,446.54,1114139.0
338,2023-10-31,448.52,450.8,446.81,448.61,1216640.0
339,2023-11-01,447.04,449.21,441.577,445.18,1556749.0
340,2023-11-02,444.73,450.44,435.94,450.03,1183875.0
341,2023-11-03,450.59,451.57,444.95,448.38,673051.0
342,2023-11-06,449.48,454.74,448.76,453.04,723018.0
343,2023-11-07,455.02,459.63,453.21,455.76,1202392.0
344,2023-11-08,457.68,458.26,448.57,451.71,933947.0
345,2023-11-09,453.39,454.665,449.02,451.58,793150.0
346,2023-11-10,452.86,457.99,449.69,456.77,761190.0
347,2023-11-13,457.13,461.49,454.33,459.91,579041.0
348,2023-11-14,458.4,463.56,454.89,460.27,685457.0
349,2023-11-15,459.43,460.755,451.2,455.24,1312731.0
350,2023-11-16,456.34,463.71,454.54,462.13,1082378.0
351,2023-11-17,463.67,464.06,455.91,461.47,982649.0
352,2023-11-20,458.4,465.99,458.4,463.89,799620.0
353,2023-11-21,465.54,469.85,463.03,469.12,866372.0
354,2023-11-22,471.15,479.58,471.15,478.49,979819.0
355,2023-11-24,478.25,480.72,476.39,477.25,309168.0
356,2023-11-27,477.47,480.35,474.385,475.93,1048099.0
357,2023-11-28,475.84,478.73,473.81,474.01,767739.0
358,2023-11-29,468.13,471.209,461.26,463.88,1687813.0
359,2023-11-30,466.18,478.99,463.61,478.01,2083820.0
360,2023-12-01,476.94,483.74,476.94,481.64,1360590.0
361,2023-12-04,481.79,484.16,476.095,481.62,877772.0
362,2023-12-05,481.16,485.1,477.84,482.05,1032297.0
363,2023-12-06,482.06,483.25,476.88,478.3,596389.0
364,2023-12-07,479.58,479.58,474.68,476.96,803832.0
365,2023-12-08,480.12,480.12,472.39,477.97,1037305.0
366,2023-12-11,478.36,480.51,468.51,476.1,1418399.0
367,2023-12-12,479.26,486.21,475.35,483.53,1133680.0
368,2023-12-13,482.61,489.0,476.87,488.06,812684.0
369,2023-12-14,484.02,485.9871,474.74,479.87,1107603.0
370,2023-12-15,474.47,476.055,462.92,468.46,3222342.0
371,2023-12-18,469.02,471.365,466.62,469.37,915522.0
372,2023-12-19,468.2,469.1284,462.19,465.78,1790435.0
373,2023-12-20,465.32,466.3,459.05,459.23,1386301.0
374,2023-12-21,461.18,465.165,460.28,464.09,1523102.0
375,2023-12-22,465.46,467.9,463.5,466.59,613303.0
376,2023-12-26,466.0,468.68,465.62,466.51,396153.0
377,2023-12-27,466.67,467.66,464.69,465.81,488663.0
378,2023-12-28,466.77,470.72,466.77,468.67,487236.0
379,2023-12-29,469.92,472.13,467.53,471.56,606051.0
380,2024-01-02,471.75,480.66,471.16,478.83,1315756.0
381,2024-01-03,482.25,487.99,479.09,480.49,1205430.0
382,2024-01-04,485.25,488.73,482.978,484.84,1037485.0
383,2024-01-05,484.06,486.47,477.56,480.03,1044166.0
384,2024-01-08,481.63,484.695,468.68,480.05,815665.0
385,2024-01-09,480.05,483.96,477.92,483.24,688037.0
386,2024-01-10,482.57,483.815,478.98,480.24,574115.0
387,2024-01-11,479.25,482.62,476.48,482.31,749561.0
388,2024-01-12,470.02,477.31,469.685,475.12,1218819.0
389,2024-01-16,478.58,478.58,471.625,473.29,775545.0
390,2024-01-17,475.97,483.415,475.27,476.12,1111084.0
391,2024-01-18,454.68,470.34,449.02,469.33,2245864.0
392,2024-01-19,470.77,470.77,463.5201,464.61,2008745.0
393,2024-01-22,466.21,474.6,464.84,471.84,1618477.0
394,2024-01-23,470.25,477.195,470.25,472.16,1581338.0
395,2024-01-24,489.5,496.99,473.11,473.67,2378819.0
396,2024-01-25,471.81,480.69,461.475,480.31,2233550.0
397,2024-01-26,480.94,485.69,479.77,483.8,1272373.0
398,2024-01-29,483.79,487.29,480.93,486.53,1255992.0
399,2024-01-30,489.75,492.83,486.69,492.35,1016241.0
400,2024-01-31,494.62,497.3,492.5671,493.44,1018550.0
401,2024-02-01,490.79,496.9925,488.4,495.43,997287.0
402,2024-02-02,495.98,497.53,490.58,495.12,1003494.0
403,2024-02-05,495.84,498.23,488.583,490.33,916854.0
404,2024-02-06,490.33,495.79,486.47,493.83,773611.0
405,2024-02-07,497.63,502.135,495.9,497.79,852631.0
406,2024-02-08,500.35,504.08,499.99,502.15,960903.0
