,date,open,high,low,close,volume
0,2021-03-08,113.97,113.97,112.95,112.95,6917.0
1,2021-03-09,110.56,117.05,110.56,115.81,26499.0
2,2021-03-10,117.46,117.46,113.75,114.06,45120.0
3,2021-03-11,117.46,118.5,117.46,118.46,26028.0
4,2021-03-12,117.18,118.52,117.18,118.1,22640.0
5,2021-03-15,118.94,120.12,117.63,120.12,27683.0
6,2021-03-16,120.12,120.5,118.51,119.79,21438.0
7,2021-03-17,119.06,119.46,116.66,117.91,30492.0
8,2021-03-18,114.86,115.76,113.64,114.33,16992.0
9,2021-03-19,112.68,112.84,111.96,112.2,11038.0
10,2021-03-22,113.0,113.21,112.25,112.43,13043.0
11,2021-03-23,111.59,118.66,111.53,118.66,43260.0
12,2021-03-24,110.75,112.85,110.61,111.56,40895.0
13,2021-03-25,110.18,112.5,110.16,112.31,39280.0
14,2021-03-26,112.32,115.28,112.12,115.28,39546.0
15,2021-03-29,115.88,116.03,115.06,115.47,33115.0
16,2021-03-30,113.56,115.12,113.44,114.89,43987.0
17,2021-03-31,112.97,113.82,112.81,113.59,25840.0
18,2021-04-01,116.96,118.11,116.49,117.72,64123.0
19,2021-04-05,118.57,120.42,118.4,120.3,13151.0
20,2021-04-06,118.35,118.9,118.27,118.72,30462.0
21,2021-04-07,119.44,119.76,118.58,119.06,24487.0
22,2021-04-08,120.38,121.44,120.08,120.34,20924.0
23,2021-04-09,121.45,121.93,120.41,120.68,21749.0
24,2021-04-12,120.35,120.79,119.61,120.13,22817.0
25,2021-04-13,119.96,120.39,119.34,119.69,39987.0
26,2021-04-14,118.99,119.34,118.5,119.08,19489.0
27,2021-04-15,119.22,120.87,119.17,120.43,13385.0
28,2021-04-16,121.78,123.29,121.78,122.97,11135.0
29,2021-04-19,124.35,124.6,123.93,124.16,32506.0
30,2021-04-20,122.98,123.24,122.08,122.54,12962.0
31,2021-04-21,121.02,122.72,121.02,122.32,10951.0
32,2021-04-22,122.37,122.74,121.32,121.61,11783.0
33,2021-04-23,122.19,122.77,121.65,122.46,8635.0
34,2021-04-26,121.77,122.6,121.38,122.27,26887.0
35,2021-04-27,120.51,121.88,120.41,121.22,36477.0
36,2021-04-28,120.63,121.58,120.63,121.18,33389.0
37,2021-04-29,121.46,122.07,120.93,121.85,26236.0
38,2021-04-30,120.22,120.89,119.58,119.96,71548.0
39,2021-05-03,120.74,122.53,120.74,122.46,11736.0
40,2021-05-04,119.49,120.5,119.08,120.33,33556.0
41,2021-05-05,122.47,123.56,122.29,123.2,22031.0
42,2021-05-06,123.26,124.48,122.67,124.47,17576.0
43,2021-05-07,124.55,126.06,124.23,126.06,14648.0
44,2021-05-10,126.84,127.76,125.84,126.36,36890.0
45,2021-05-11,122.47,123.6,122.11,122.24,30607.0
46,2021-05-12,124.15,124.83,121.72,122.23,26405.0
47,2021-05-13,122.56,124.07,121.65,123.01,41283.0
48,2021-05-14,123.63,124.85,123.19,124.49,12723.0
49,2021-05-17,123.49,124.22,123.14,123.78,17356.0
50,2021-05-18,125.0,125.55,124.13,124.53,16675.0
51,2021-05-19,127.37,128.28,126.76,127.34,47267.0
52,2021-05-20,128.46,130.95,128.45,130.2,34728.0
53,2021-05-21,131.05,131.63,130.6,131.0,29682.0
54,2021-05-24,131.1,131.46,130.45,131.39,12926.0
55,2021-05-25,131.11,131.44,130.3,130.68,21702.0
56,2021-05-26,130.21,130.33,129.06,129.45,11130.0
57,2021-05-27,130.26,130.73,129.8,130.29,29870.0
58,2021-05-28,130.24,130.32,129.03,129.44,19335.0
59,2021-06-01,130.39,130.45,129.35,130.02,24048.0
60,2021-06-02,129.83,131.0,129.31,130.6,20574.0
61,2021-06-03,131.61,132.15,131.24,132.15,41972.0
62,2021-06-04,132.36,133.75,132.35,133.54,13941.0
63,2021-06-07,133.52,133.9,132.66,133.24,13628.0
64,2021-06-08,133.81,135.17,133.05,133.82,27535.0
65,2021-06-09,130.88,132.1,130.22,131.24,38379.0
66,2021-06-10,129.82,131.17,128.84,129.7,29782.0
67,2021-06-11,129.03,129.78,128.34,128.91,20491.0
68,2021-06-14,129.73,130.03,128.65,129.66,14647.0
69,2021-06-15,132.47,133.73,131.93,132.41,20963.0
70,2021-06-16,133.9,134.97,132.67,133.27,44255.0
71,2021-06-17,130.23,131.56,130.04,130.85,23594.0
72,2021-06-18,128.69,129.67,127.2,127.58,44155.0
73,2021-06-21,129.36,132.27,128.99,131.82,37066.0
74,2021-06-22,130.64,132.51,130.35,131.75,41934.0
75,2021-06-23,131.9,131.93,130.36,130.64,11286.0
76,2021-06-24,131.82,131.82,130.3,131.04,16750.0
77,2021-06-25,132.85,133.24,131.91,132.71,18291.0
78,2021-06-28,132.82,133.2,132.09,132.62,50924.0
79,2021-06-29,133.57,135.46,133.4,133.94,16812.0
80,2021-06-30,133.79,135.12,131.96,133.0,25506.0
81,2021-07-01,133.14,133.55,132.75,133.39,25408.0
82,2021-07-02,133.86,134.92,133.35,134.57,38526.0
83,2021-07-06,135.5,136.19,133.38,134.26,40265.0
84,2021-07-07,135.31,137.21,135.06,136.85,38361.0
85,2021-07-08,134.14,134.68,133.04,134.04,37375.0
86,2021-07-09,135.77,137.32,135.77,136.78,11952.0
87,2021-07-12,137.96,139.02,137.85,138.74,30153.0
88,2021-07-13,138.74,139.54,138.14,138.23,32434.0
89,2021-07-14,138.71,138.71,136.91,136.97,20129.0
90,2021-07-15,136.02,136.86,134.54,136.21,65767.0
91,2021-07-16,135.14,135.14,134.16,134.72,35797.0
92,2021-07-19,130.95,131.57,129.26,130.56,26858.0
93,2021-07-20,130.68,132.64,130.55,132.64,21229.0
94,2021-07-21,133.11,134.48,132.84,133.99,19078.0
95,2021-07-22,135.96,136.24,134.98,135.37,20970.0
96,2021-07-23,136.19,136.81,135.69,136.72,24188.0
97,2021-07-26,136.39,136.52,135.32,135.78,19567.0
98,2021-07-27,134.81,134.96,134.05,134.87,24721.0
99,2021-07-28,133.75,134.83,133.21,134.13,12657.0
100,2021-07-29,134.55,134.95,133.75,133.96,13199.0
101,2021-07-30,134.14,134.6,133.14,133.51,24281.0
102,2021-08-02,133.52,133.54,132.45,133.0,13820.0
103,2021-08-03,134.27,134.92,134.01,134.57,10505.0
104,2021-08-04,135.69,135.8,133.77,134.07,14707.0
105,2021-08-05,135.44,136.23,134.47,135.89,11615.0
106,2021-08-06,135.87,135.88,134.33,134.86,6642.0
107,2021-08-09,133.31,133.62,132.49,133.11,14698.0
108,2021-08-10,133.68,133.68,132.49,133.0,13649.0
109,2021-08-11,134.11,134.22,133.29,134.21,7418.0
110,2021-08-12,134.99,136.2,134.8,135.57,15730.0
111,2021-08-13,136.35,136.59,135.7,136.04,16785.0
112,2021-08-16,135.48,136.03,135.14,135.91,10503.0
113,2021-08-17,133.84,133.84,132.05,132.74,18482.0
114,2021-08-18,132.88,133.02,132.03,132.03,12128.0
115,2021-08-19,130.24,131.52,130.24,131.41,11705.0
116,2021-08-20,131.32,132.73,131.32,132.73,13412.0
117,2021-08-23,133.2,134.49,132.77,134.17,17540.0
118,2021-08-24,132.46,133.23,132.09,133.08,12659.0
119,2021-08-25,133.47,134.24,133.22,134.24,10354.0
120,2021-08-26,134.0,134.35,133.21,134.31,12097.0
121,2021-08-27,133.45,134.8,133.43,134.55,15092.0
122,2021-08-30,135.29,135.74,134.08,135.48,14958.0
123,2021-08-31,137.04,138.1,136.86,137.92,15324.0
124,2021-09-01,139.18,139.47,138.69,139.29,10041.0
125,2021-09-02,139.65,141.12,139.65,141.12,9978.0
126,2021-09-03,139.92,141.52,139.51,140.75,12876.0
127,2021-09-07,141.46,142.13,140.82,141.17,9593.0
128,2021-09-08,138.66,139.55,137.7,138.86,24773.0
129,2021-09-09,138.98,140.51,138.67,139.72,8594.0
130,2021-09-10,140.49,140.49,139.59,139.8,11284.0
131,2021-09-13,140.8,141.35,139.9,140.63,16138.0
132,2021-09-14,140.41,140.41,138.36,138.66,29838.0
133,2021-09-15,138.93,139.56,138.74,139.56,9369.0
134,2021-09-16,139.86,141.85,139.86,141.28,54808.0
135,2021-09-17,140.54,140.73,137.11,138.05,22537.0
136,2021-09-20,135.1,135.66,133.68,135.0,18946.0
137,2021-09-21,135.91,136.11,134.91,135.79,16524.0
138,2021-09-22,136.15,139.14,135.92,137.9,27579.0
139,2021-09-23,139.72,140.96,139.72,140.1,14162.0
140,2021-09-24,137.74,139.34,137.47,139.19,16677.0
141,2021-09-27,137.06,138.22,137.06,138.22,11543.0
142,2021-09-28,132.09,132.84,130.97,132.59,25570.0
143,2021-09-29,133.46,133.97,133.0,133.69,15726.0
144,2021-09-30,134.17,134.41,131.75,132.98,17779.0
145,2021-10-01,132.79,133.14,131.46,132.27,19168.0
146,2021-10-04,133.1,133.88,131.76,132.93,12255.0
147,2021-10-05,134.85,136.4,134.74,136.03,15504.0
148,2021-10-06,133.02,134.49,132.22,134.35,13329.0
149,2021-10-07,133.9,135.04,133.39,134.62,15702.0
150,2021-10-08,136.01,136.3,135.44,135.86,9864.0
151,2021-10-11,133.35,133.98,132.88,132.92,12060.0
152,2021-10-12,133.47,133.67,132.21,133.49,11952.0
153,2021-10-13,134.23,134.75,133.65,134.61,12489.0
154,2021-10-14,135.77,136.62,135.41,136.24,13601.0
155,2021-10-15,138.43,139.64,138.08,139.25,10565.0
156,2021-10-18,137.81,139.01,137.31,138.87,16153.0
157,2021-10-19,138.78,140.38,138.32,139.75,16838.0
158,2021-10-20,140.39,141.83,139.5,141.66,25318.0
159,2021-10-21,141.66,142.73,141.29,142.44,14636.0
160,2021-10-22,142.44,143.22,142.02,142.95,12783.0
161,2021-10-25,141.78,142.15,141.19,141.67,27667.0
162,2021-10-26,143.91,143.98,142.65,143.52,14755.0
163,2021-10-27,143.97,144.94,143.19,144.33,11410.0
164,2021-10-28,143.56,145.89,143.56,145.18,11712.0
165,2021-10-29,144.14,144.68,143.58,144.67,13166.0
166,2021-11-01,145.58,147.29,145.25,146.6,11317.0
167,2021-11-02,146.37,147.8,146.37,147.21,18395.0
168,2021-11-03,147.43,147.43,145.67,146.91,17418.0
169,2021-11-04,147.52,147.76,146.5,146.77,11677.0
170,2021-11-05,146.47,146.82,145.44,146.52,9711.0
171,2021-11-08,147.96,148.95,147.68,148.84,7662.0
172,2021-11-09,149.48,149.48,147.96,148.53,9437.0
173,2021-11-10,148.15,148.91,147.44,147.61,10267.0
174,2021-11-11,149.16,149.91,148.81,149.29,12285.0
175,2021-11-12,151.13,153.2,150.9,152.94,12583.0
176,2021-11-15,151.89,152.96,151.49,151.49,10058.0
177,2021-11-16,151.94,153.98,151.94,153.07,10311.0
178,2021-11-17,154.42,155.02,153.91,154.67,13248.0
179,2021-11-18,156.08,157.67,155.98,157.06,11885.0
180,2021-11-19,156.73,156.73,154.44,154.94,17967.0
181,2021-11-22,156.4,156.84,154.88,155.44,18906.0
182,2021-11-23,153.95,153.95,151.59,152.46,11539.0
183,2021-11-24,150.81,151.98,150.17,151.94,9760.0
184,2021-11-26,148.4,148.49,145.98,147.13,9728.0
185,2021-11-29,147.43,148.1,146.64,147.76,19188.0
186,2021-11-30,148.15,148.73,144.66,145.89,36173.0
187,2021-12-01,149.08,150.26,146.83,146.89,19603.0
188,2021-12-02,148.3,149.51,148.11,148.8,12356.0
189,2021-12-03,148.6,148.6,146.32,147.68,12577.0
190,2021-12-06,147.12,147.53,145.98,147.2,12881.0
191,2021-12-07,153.41,156.29,153.41,156.27,22928.0
192,2021-12-08,156.34,156.34,155.21,155.53,25587.0
193,2021-12-09,156.43,158.07,156.27,157.28,44748.0
194,2021-12-10,158.12,158.46,157.44,158.15,64566.0
195,2021-12-13,158.81,160.16,158.17,159.11,51360.0
196,2021-12-14,158.71,159.19,157.54,157.87,54941.0
197,2021-12-15,159.84,163.0,159.33,163.0,82004.0
198,2021-12-16,163.08,165.07,162.88,164.3,34138.0
199,2021-12-17,162.47,162.99,159.69,159.69,77528.0
200,2021-12-20,161.67,162.39,160.59,161.38,81641.0
201,2021-12-21,163.08,163.4,160.91,162.73,82471.0
202,2021-12-22,166.19,168.37,166.19,168.18,36601.0
203,2021-12-23,168.37,169.66,168.09,169.39,35450.0
204,2021-12-27,170.91,173.28,170.87,172.9,17154.0
205,2021-12-28,173.7,176.22,170.93,174.22,29207.0
206,2021-12-29,172.74,173.49,171.73,172.77,26883.0
207,2021-12-30,173.05,173.38,172.36,173.0,24870.0
208,2021-12-31,171.39,172.98,170.53,172.85,18147.0
209,2022-01-03,173.4,177.13,173.4,174.74,39001.0
210,2022-01-04,175.05,175.5,172.88,173.28,32360.0
211,2022-01-05,174.57,175.18,171.08,171.54,42335.0
212,2022-01-06,168.51,171.18,168.17,170.53,47664.0
213,2022-01-07,168.75,168.84,166.96,167.85,30392.0
214,2022-01-10,162.51,163.41,160.82,163.01,37952.0
215,2022-01-11,162.85,163.85,162.04,163.04,33392.0
216,2022-01-12,166.07,167.61,166.07,167.3,26041.0
217,2022-01-13,168.09,170.32,167.9,168.89,33465.0
218,2022-01-14,166.33,167.12,163.35,165.79,38300.0
219,2022-01-18,157.69,159.1,156.86,158.4,50809.0
220,2022-01-19,156.34,156.84,155.04,155.08,27125.0
221,2022-01-20,156.17,156.68,154.34,154.88,33935.0
222,2022-01-21,151.84,153.6,150.72,151.76,34763.0
223,2022-01-24,147.35,148.38,143.54,148.33,62561.0
224,2022-01-25,145.67,148.72,145.12,147.94,34682.0
225,2022-01-26,150.31,150.8,147.16,148.03,39756.0
226,2022-01-27,147.39,149.14,146.16,147.3,38952.0
227,2022-01-28,147.79,149.17,146.32,149.01,37959.0
228,2022-01-31,149.32,152.37,149.12,152.25,49113.0
229,2022-02-01,152.43,153.12,150.1,152.71,62366.0
230,2022-02-02,153.2,154.21,152.59,154.21,37063.0
231,2022-02-03,150.5,151.93,149.53,151.15,59365.0
232,2022-02-04,146.35,146.9,145.6,145.7,55842.0
233,2022-02-07,145.26,146.0,144.26,144.34,26939.0
234,2022-02-08,144.31,145.75,143.87,145.54,32916.0
235,2022-02-09,146.62,147.01,145.66,146.86,34161.0
236,2022-02-10,144.97,147.19,144.91,145.84,51396.0
237,2022-02-11,144.47,144.62,140.76,141.36,35536.0
238,2022-02-14,140.15,142.56,140.01,141.54,39098.0
239,2022-02-15,143.29,144.49,142.56,144.19,49061.0
240,2022-02-16,144.46,145.54,143.21,145.22,41563.0
241,2022-02-17,144.59,145.45,143.45,144.12,25048.0
242,2022-02-18,145.59,146.37,144.87,145.57,25607.0
243,2022-02-22,145.37,145.88,143.32,144.33,29230.0
244,2022-02-23,147.58,147.94,144.83,145.11,40161.0
245,2022-02-24,141.21,144.74,140.35,143.91,64964.0
246,2022-02-25,145.35,147.61,145.03,147.61,69382.0
247,2022-02-28,144.19,146.65,144.02,145.7,50577.0
248,2022-03-01,146.23,146.27,143.22,144.34,45657.0
249,2022-03-02,144.73,146.5,143.94,146.29,151730.0
250,2022-03-03,144.93,145.74,143.73,144.89,170765.0
251,2022-03-04,140.73,141.08,139.3,139.3,639106.0
252,2022-03-07,138.84,139.23,130.6,130.72,497794.0
253,2022-03-08,135.56,162.36,127.34,142.57,828317.0
254,2022-03-09,138.45,143.47,136.97,142.96,516221.0
255,2022-03-10,134.21,138.48,132.76,137.03,618090.0
256,2022-03-11,139.58,140.4,135.83,138.03,509619.0
257,2022-03-14,140.46,148.5,140.46,148.07,550378.0
258,2022-03-15,148.21,148.21,135.67,139.12,440563.0
259,2022-03-16,139.0,139.0,134.8,137.85,478977.0
260,2022-03-17,135.05,141.29,133.57,139.5,385820.0
261,2022-03-18,136.81,144.26,136.12,141.66,398643.0
262,2022-03-21,140.56,140.61,139.21,140.36,225638.0
263,2022-03-22,140.43,142.83,140.38,142.48,199262.0
264,2022-03-23,140.6,142.21,138.92,140.6,117874.0
265,2022-03-24,138.2,139.84,136.76,138.66,264254.0
266,2022-03-25,135.13,135.13,132.16,134.05,402326.0
267,2022-03-28,130.61,132.51,129.02,130.59,421410.0
268,2022-03-29,130.34,132.85,129.15,131.31,477940.0
269,2022-03-30,131.08,133.99,130.7,131.4,409982.0
270,2022-03-31,131.56,131.78,128.35,128.42,399797.0
271,2022-04-01,128.59,128.97,127.03,128.12,160082.0
272,2022-04-04,127.53,129.08,127.53,128.51,150517.0
273,2022-04-05,126.25,126.84,123.64,124.02,257674.0
274,2022-04-06,120.95,121.7,118.83,119.62,226431.0
275,2022-04-07,121.86,123.4,121.82,122.83,183452.0
276,2022-04-08,123.18,123.94,122.29,123.25,842458.0
277,2022-04-11,121.63,123.4,121.22,122.31,430482.0
278,2022-04-12,120.91,122.55,120.22,120.23,442568.0
279,2022-04-13,120.91,126.11,120.9,125.78,497907.0
280,2022-04-14,125.75,126.33,124.18,126.3,415175.0
281,2022-04-18,126.3,127.7,124.7,126.3,392390.0
282,2022-04-19,126.78,131.63,126.26,130.2,525581.0
283,2022-04-20,131.62,133.14,130.63,132.78,485805.0
284,2022-04-21,135.19,137.07,132.8,133.21,537742.0
285,2022-04-22,133.62,134.54,128.52,129.21,541025.0
286,2022-04-25,126.97,126.97,123.43,126.16,442235.0
287,2022-04-26,124.19,124.19,120.73,120.78,458885.0
288,2022-04-27,118.94,122.18,118.8,120.32,739461.0
289,2022-04-28,120.44,122.99,118.55,121.91,418034.0
290,2022-04-29,121.33,122.18,118.8,119.01,204812.0
291,2022-05-02,118.89,120.41,114.54,118.83,263817.0
292,2022-05-03,118.68,119.68,117.53,118.34,299422.0
293,2022-05-04,117.31,120.89,116.07,120.65,300961.0
294,2022-05-05,118.63,118.63,114.21,114.9,567310.0
295,2022-05-06,111.32,112.75,108.51,110.07,989909.0
296,2022-05-09,107.42,109.23,106.11,107.52,752666.0
297,2022-05-10,109.08,111.42,106.62,110.02,979086.0
298,2022-05-11,109.44,112.18,108.84,109.7,2803086.0
299,2022-05-12,110.5,115.05,110.07,115.05,1452178.0
300,2022-05-13,113.99,116.84,113.17,116.39,1182128.0
301,2022-05-16,114.22,114.83,112.79,114.3,996843.0
302,2022-05-17,118.33,118.49,116.85,117.69,1014490.0
303,2022-05-18,114.46,114.94,110.59,110.94,808955.0
304,2022-05-19,110.44,113.89,110.33,112.44,597270.0
305,2022-05-20,112.14,112.79,110.12,112.4,570785.0
306,2022-05-23,113.04,113.81,112.22,112.63,319510.0
307,2022-05-24,112.04,112.4,109.9,111.23,384137.0
308,2022-05-25,110.65,113.1,110.54,112.67,335094.0
309,2022-05-26,112.26,114.41,112.26,113.59,375586.0
310,2022-05-27,114.02,115.53,113.95,115.3,481452.0
311,2022-05-31,115.11,115.91,113.76,113.86,346601.0
312,2022-06-01,113.84,114.0,110.03,112.56,519493.0
313,2022-06-02,113.0,115.97,113.0,115.9,262313.0
314,2022-06-03,114.68,114.99,113.1,113.68,282782.0
315,2022-06-06,114.67,116.0,113.92,114.51,551475.0
316,2022-06-07,112.56,114.81,112.13,114.66,678309.0
317,2022-06-08,112.08,114.04,111.91,113.88,860360.0
318,2022-06-09,112.49,113.64,110.98,111.06,887646.0
319,2022-06-10,108.86,108.96,106.48,106.85,704761.0
320,2022-06-13,103.8,104.99,101.51,102.52,720353.0
321,2022-06-14,103.1,106.65,102.91,104.74,1798327.0
322,2022-06-15,104.95,105.52,102.91,105.02,1040417.0
323,2022-06-16,101.39,102.27,99.88,100.25,653664.0
324,2022-06-17,100.9,105.94,100.41,103.95,2060498.0
325,2022-06-21,104.59,106.13,103.64,105.19,768037.0
326,2022-06-22,102.1,103.61,101.41,102.41,750447.0
327,2022-06-23,101.92,102.25,100.25,100.86,514892.0
328,2022-06-24,105.59,107.97,104.76,107.88,485318.0
329,2022-06-27,107.75,109.8,107.46,109.05,694877.0
330,2022-06-28,109.07,109.99,106.91,107.12,775861.0
331,2022-06-29,107.56,108.77,106.25,108.25,406397.0
332,2022-06-30,105.93,107.62,104.38,105.01,786320.0
333,2022-07-01,104.03,104.65,102.5,104.16,732866.0
334,2022-07-05,99.88,102.38,99.38,102.3,709826.0
335,2022-07-06,102.77,104.2,101.95,103.77,1159389.0
336,2022-07-07,104.59,106.6,104.59,106.52,453806.0
337,2022-07-08,105.21,106.52,104.72,105.38,296776.0
338,2022-07-11,104.44,105.73,104.27,104.75,203952.0
339,2022-07-12,104.51,105.33,103.61,104.04,475223.0
340,2022-07-13,103.62,104.02,102.0,102.94,348915.0
341,2022-07-14,101.35,104.7,101.12,104.56,595194.0
342,2022-07-15,104.91,108.7,104.49,108.16,674264.0
343,2022-07-18,109.1,109.41,106.67,107.43,474024.0
344,2022-07-19,108.21,110.19,107.83,110.14,300151.0
345,2022-07-20,109.71,111.59,109.46,110.57,295942.0
346,2022-07-21,109.97,112.5,109.63,112.34,435912.0
347,2022-07-22,113.19,114.73,112.8,113.32,387047.0
348,2022-07-25,114.3,114.59,113.47,113.86,426762.0
349,2022-07-26,110.67,111.17,108.38,109.78,782520.0
350,2022-07-27,110.1,112.85,109.71,112.64,365424.0
351,2022-07-28,112.84,115.36,112.58,114.76,290128.0
352,2022-07-29,117.15,121.01,116.88,120.38,512734.0
353,2022-08-01,119.34,119.84,118.89,119.43,383673.0
354,2022-08-02,118.11,119.43,117.84,117.9,160427.0
355,2022-08-03,117.3,118.23,116.69,117.3,365176.0
356,2022-08-04,118.9,120.03,118.77,119.99,190238.0
357,2022-08-05,118.02,120.46,117.64,119.12,143642.0
358,2022-08-08,119.45,120.03,117.72,118.09,346237.0
359,2022-08-09,116.43,116.51,114.44,114.87,1276116.0
360,2022-08-10,119.39,121.34,119.28,121.03,525914.0
361,2022-08-11,120.94,122.02,120.21,120.37,417061.0
362,2022-08-12,119.1,120.35,118.57,120.31,387615.0
363,2022-08-15,119.82,120.82,119.01,120.33,531727.0
364,2022-08-16,119.03,122.37,118.65,122.31,758853.0
365,2022-08-17,120.58,122.8,120.12,121.88,477345.0
366,2022-08-18,121.94,122.9,121.13,121.52,435620.0
367,2022-08-19,119.59,119.59,117.52,118.17,466659.0
368,2022-08-22,116.8,117.86,116.69,117.2,590892.0
369,2022-08-23,115.74,116.85,114.62,114.63,782533.0
370,2022-08-24,114.68,115.88,113.82,114.66,375985.0
371,2022-08-25,115.21,116.05,114.35,115.74,305427.0
372,2022-08-26,115.21,115.77,112.21,112.3,411500.0
373,2022-08-29,111.76,113.85,111.1,112.75,296382.0
374,2022-08-30,113.61,113.81,110.77,111.92,349149.0
375,2022-08-31,111.57,111.57,109.74,109.79,419889.0
376,2022-09-01,108.57,110.39,107.0,109.8,490804.0
377,2022-09-02,111.08,111.08,107.86,108.07,664648.0
378,2022-09-06,108.46,108.89,106.95,108.38,340287.0
379,2022-09-07,107.07,109.76,106.83,109.71,390589.0
380,2022-09-08,108.01,110.18,107.88,110.13,476023.0
381,2022-09-09,111.25,113.0,111.09,112.83,389921.0
382,2022-09-12,114.3,114.86,114.08,114.53,364651.0
383,2022-09-13,113.43,113.43,110.06,110.94,737998.0
384,2022-09-14,109.85,110.24,108.8,110.24,484643.0
385,2022-09-15,107.85,109.25,107.61,107.94,513325.0
386,2022-09-16,107.01,107.27,104.97,106.23,628794.0
387,2022-09-19,105.3,107.53,105.3,107.52,506154.0
388,2022-09-20,105.33,105.62,104.54,105.27,901127.0
389,2022-09-21,105.37,106.48,104.05,104.07,425951.0
390,2022-09-22,103.67,104.21,102.89,103.5,801050.0
391,2022-09-23,100.58,102.84,100.21,102.79,1470478.0
392,2022-09-26,101.34,103.42,101.2,102.68,1220681.0
393,2022-09-27,100.15,101.43,96.72,97.52,1516080.0
394,2022-09-28,98.05,101.94,97.42,101.23,811126.0
395,2022-09-29,99.34,100.45,98.02,98.33,1078761.0
396,2022-09-30,96.38,99.84,96.31,97.23,796808.0
397,2022-10-03,99.36,103.35,99.23,102.45,879660.0
398,2022-10-04,106.31,108.82,105.95,108.8,879096.0
399,2022-10-05,106.22,108.89,105.88,108.13,760377.0
400,2022-10-06,106.87,107.92,106.63,107.14,804381.0
401,2022-10-07,105.02,105.19,103.19,103.56,803672.0
402,2022-10-10,104.95,105.52,104.03,104.8,499986.0
403,2022-10-11,103.83,105.3,102.62,102.87,727731.0
404,2022-10-12,101.99,102.68,100.5,100.55,1164527.0
405,2022-10-13,98.63,103.37,97.73,102.37,1148217.0
406,2022-10-14,102.66,102.82,98.6,98.63,633846.0
407,2022-10-17,98.98,102.3,98.66,101.89,989156.0
408,2022-10-18,102.85,103.19,100.84,102.59,980363.0
409,2022-10-19,100.47,101.03,96.79,97.83,805720.0
410,2022-10-20,97.38,98.86,95.32,96.48,795416.0
411,2022-10-21,94.37,98.49,93.46,97.99,1093651.0
412,2022-10-24,99.49,100.75,98.75,100.34,604568.0
413,2022-10-25,100.65,104.16,100.63,103.65,853860.0
414,2022-10-26,103.88,107.27,103.71,106.86,1401567.0
415,2022-10-27,105.91,106.93,105.16,105.69,990849.0
416,2022-10-28,104.31,107.5,104.22,107.37,566439.0
417,2022-10-31,105.52,106.28,105.17,105.47,1189253.0
418,2022-11-01,106.87,107.03,104.92,106.31,495936.0
419,2022-11-02,106.2,108.21,104.57,104.59,894372.0
420,2022-11-03,101.62,104.25,101.21,103.6,1243299.0
421,2022-11-04,105.62,108.19,104.69,106.18,1255309.0
422,2022-11-07,107.28,107.41,106.3,106.9,1128850.0
423,2022-11-08,107.59,108.82,106.83,108.31,488194.0
424,2022-11-09,106.23,108.36,106.23,107.48,1080093.0
425,2022-11-10,112.73,120.27,112.56,119.61,1684054.0
426,2022-11-11,114.04,118.69,113.27,117.18,2806861.0
427,2022-11-14,117.63,118.34,116.38,117.12,1069708.0
428,2022-11-15,118.82,118.97,116.01,116.65,1081905.0
429,2022-11-16,114.65,115.03,112.3,112.75,829575.0
430,2022-11-17,111.12,112.05,110.15,111.58,839652.0
431,2022-11-18,113.16,114.22,111.83,113.08,845438.0
432,2022-11-21,112.05,114.33,111.51,114.11,1006760.0
433,2022-11-22,114.85,119.52,114.43,116.72,2486218.0
434,2022-11-23,116.57,116.99,115.82,116.46,1572305.0
435,2022-11-25,115.59,116.73,114.92,116.67,868761.0
436,2022-11-28,115.09,115.12,112.2,113.17,1687198.0
437,2022-11-29,110.72,111.55,109.42,110.83,2974968.0
438,2022-11-30,109.57,114.01,108.06,113.44,22950314.0
439,2022-12-01,114.41,116.71,113.73,114.52,3218104.0
440,2022-12-02,111.75,113.24,110.96,112.85,3294926.0
441,2022-12-05,113.81,113.97,110.31,111.86,4825220.0
442,2022-12-06,113.59,118.3,113.33,118.29,9789089.0
443,2022-12-07,116.93,121.02,116.21,119.72,8090637.0
444,2022-12-08,121.2,122.42,120.11,122.29,3982575.0
445,2022-12-09,122.16,124.84,122.16,123.33,3028751.0
446,2022-12-12,123.04,125.51,122.71,124.91,3231607.0
447,2022-12-13,128.32,129.0,125.56,126.96,3781490.0
448,2022-12-14,127.61,128.88,126.38,127.78,6886247.0
449,2022-12-15,126.27,126.46,121.94,123.6,7972185.0
450,2022-12-16,121.26,122.76,119.51,121.29,20326743.0
451,2022-12-19,121.08,123.0,120.59,122.35,6308994.0
452,2022-12-20,121.95,121.95,120.18,121.93,5867154.0
453,2022-12-21,121.44,123.11,120.75,123.05,2119191.0
454,2022-12-22,121.84,121.99,119.09,121.81,1154545.0
455,2022-12-23,121.74,121.98,120.84,121.82,1712527.0
456,2022-12-27,122.39,123.64,121.97,123.47,858671.0
457,2022-12-28,123.96,124.43,121.57,121.67,1199804.0
458,2022-12-29,122.86,124.78,122.54,124.47,879128.0
459,2022-12-30,123.7,124.31,122.88,123.93,1054836.0
460,2023-01-03,124.91,126.01,124.09,125.57,1499487.0
461,2023-01-04,127.82,129.66,127.49,128.96,1843340.0
462,2023-01-05,127.92,131.38,127.25,131.34,2371429.0
463,2023-01-06,133.07,137.3,132.5,137.3,2187884.0
464,2023-01-09,137.53,138.92,135.82,136.06,2611408.0
465,2023-01-10,136.11,137.33,135.82,136.41,1220856.0
466,2023-01-11,132.93,134.11,131.45,133.73,2372734.0
467,2023-01-12,134.85,136.61,133.39,135.48,1073166.0
468,2023-01-13,133.58,136.59,133.46,136.04,1123277.0
469,2023-01-17,135.45,137.28,134.71,135.35,1480459.0
470,2023-01-18,136.98,138.02,134.62,134.92,1303422.0
471,2023-01-19,133.5,133.59,131.14,132.17,1103832.0
472,2023-01-20,131.06,134.96,131.06,134.96,1187280.0
473,2023-01-23,133.96,136.04,133.72,135.6,993737.0
474,2023-01-24,134.9,135.98,133.99,135.49,756176.0
475,2023-01-25,133.64,135.77,133.29,135.03,594253.0
476,2023-01-26,136.37,137.23,135.05,136.6,689571.0
477,2023-01-27,135.38,138.04,134.94,137.28,627849.0
478,2023-01-30,137.71,138.08,136.49,136.51,746033.0
479,2023-01-31,136.19,139.47,135.46,139.3,1201999.0
480,2023-02-01,138.92,142.03,137.29,141.37,1466593.0
481,2023-02-02,143.54,145.84,142.73,145.84,1924436.0
482,2023-02-03,142.82,145.48,142.79,144.71,1309557.0
483,2023-02-06,143.42,143.58,140.57,141.34,954530.0
484,2023-02-07,140.78,143.12,140.23,142.86,1067861.0
485,2023-02-08,142.98,143.35,140.43,141.38,810796.0
486,2023-02-09,142.19,143.86,141.09,141.09,1270483.0
487,2023-02-10,140.21,141.69,139.43,141.32,1061553.0
488,2023-02-13,142.18,144.71,142.02,144.0,933050.0
489,2023-02-14,143.47,144.71,142.31,144.39,1011319.0
490,2023-02-15,142.37,146.77,142.29,146.57,1190082.0
491,2023-02-16,144.87,146.52,143.8,145.33,1272802.0
492,2023-02-17,144.57,145.38,143.56,145.0,921934.0
493,2023-02-21,142.27,142.52,139.9,140.59,1211768.0
494,2023-02-22,140.02,140.43,138.77,139.99,947463.0
495,2023-02-23,140.94,141.65,139.28,141.61,822771.0
496,2023-02-24,138.41,139.94,137.85,139.23,1189486.0
497,2023-02-27,140.09,141.94,140.09,141.23,1307762.0
498,2023-02-28,140.73,142.46,140.6,141.06,2083777.0
499,2023-03-01,141.29,141.8,140.06,141.61,1802059.0
500,2023-03-02,140.64,142.23,139.78,141.55,1328629.0
501,2023-03-03,142.37,142.66,141.09,141.92,1655765.0
502,2023-03-06,140.16,142.15,139.43,140.54,2134744.0
503,2023-03-07,135.92,138.09,134.24,135.29,2642921.0
504,2023-03-08,135.94,137.44,135.86,136.99,1179717.0
505,2023-03-09,136.44,137.11,133.94,134.12,963763.0
506,2023-03-10,134.75,134.9,130.79,131.96,1466989.0
507,2023-03-13,129.71,134.0,129.46,131.23,2648013.0
508,2023-03-14,130.21,133.05,129.39,131.16,1547730.0
509,2023-03-15,128.26,128.81,124.21,125.97,2084039.0
510,2023-03-16,125.14,128.03,124.8,127.04,1418083.0
511,2023-03-17,126.84,127.72,125.35,126.08,1945571.0
512,2023-03-20,127.19,129.86,127.11,128.84,998549.0
513,2023-03-21,131.21,131.83,130.08,131.29,1065179.0
514,2023-03-22,130.08,131.59,127.87,128.0,859755.0
515,2023-03-23,128.28,130.22,127.53,128.69,1485301.0
516,2023-03-24,127.03,127.45,125.2,127.18,979159.0
517,2023-03-27,127.28,128.12,126.74,127.64,1041867.0
518,2023-03-28,128.36,130.34,128.0,128.16,888335.0
519,2023-03-29,129.83,130.05,128.49,129.33,906920.0
520,2023-03-30,130.32,130.59,129.08,129.23,1022064.0
521,2023-03-31,130.14,131.55,129.44,131.46,1507863.0
522,2023-04-03,131.27,132.05,129.96,130.51,1063196.0
523,2023-04-04,130.82,130.97,125.39,125.95,1197502.0
524,2023-04-05,124.03,124.25,121.42,122.23,1762359.0
525,2023-04-06,121.41,122.57,120.88,122.44,1138235.0
526,2023-04-10,121.87,123.23,121.42,122.89,637512.0
527,2023-04-11,123.63,124.5,123.47,123.7,1020534.0
528,2023-04-12,126.28,126.34,124.36,125.19,1026941.0
529,2023-04-13,124.5,126.62,123.89,126.18,1008555.0
530,2023-04-14,126.36,127.99,126.36,127.33,1116190.0
531,2023-04-17,127.8,129.06,127.8,129.06,1178483.0
532,2023-04-18,129.19,130.37,128.77,130.32,1081477.0
533,2023-04-19,128.54,131.84,128.46,131.15,1108493.0
534,2023-04-20,130.83,134.99,130.81,133.88,2057239.0
535,2023-04-21,134.05,134.89,133.4,134.63,1273042.0
536,2023-04-24,135.02,136.76,134.82,135.65,1138760.0
537,2023-04-25,134.08,134.48,132.48,132.91,1310227.0
538,2023-04-26,132.31,133.28,131.5,131.54,1254089.0
539,2023-04-27,132.45,135.99,132.27,135.9,1272333.0
540,2023-04-28,137.59,139.3,137.22,138.53,1278997.0
541,2023-05-01,139.28,140.54,138.66,139.74,1271347.0
542,2023-05-02,137.19,137.53,135.3,136.12,1412329.0
543,2023-05-03,136.84,138.53,136.82,137.21,1086939.0
544,2023-05-04,138.4,138.65,134.83,135.39,844462.0
545,2023-05-05,136.3,137.48,136.25,137.22,803822.0
546,2023-05-08,137.35,139.21,137.03,138.53,804631.0
547,2023-05-09,139.71,142.23,139.18,142.1,1783880.0
548,2023-05-10,143.3,143.52,140.87,142.6,950961.0
549,2023-05-11,141.32,143.3,141.2,142.94,850983.0
550,2023-05-12,142.58,143.25,141.09,142.11,1079955.0
551,2023-05-15,143.97,145.71,143.45,145.15,1365494.0
552,2023-05-16,144.47,145.2,142.93,143.2,1481712.0
553,2023-05-17,142.93,144.73,142.33,144.43,1394921.0
554,2023-05-18,144.88,147.6,144.21,147.56,1135677.0
555,2023-05-19,146.66,147.38,145.51,146.26,1176991.0
556,2023-05-22,146.27,148.71,145.93,148.21,1392171.0
557,2023-05-23,145.37,145.59,142.15,142.38,1767934.0
558,2023-05-24,141.38,142.36,139.98,141.52,1658659.0
559,2023-05-25,142.12,143.07,141.1,141.59,1095500.0
560,2023-05-26,142.89,145.66,142.39,145.37,1271697.0
561,2023-05-30,147.22,147.53,144.19,144.26,1270179.0
562,2023-05-31,145.62,145.76,141.33,142.62,4142877.0
563,2023-06-01,143.79,143.99,141.64,143.3,1104870.0
564,2023-06-02,144.6,145.63,144.0,145.47,1491889.0
565,2023-06-05,144.59,145.53,142.25,144.66,1384186.0
566,2023-06-06,141.65,147.55,141.6,144.85,1606296.0
567,2023-06-07,146.59,147.25,144.05,144.34,1620669.0
568,2023-06-08,144.74,145.05,142.46,142.58,1491169.0
569,2023-06-09,142.7,143.36,141.79,142.28,1242388.0
570,2023-06-12,143.0,144.0,142.3,143.94,1091417.0
571,2023-06-13,145.21,146.44,144.14,146.16,1333295.0
572,2023-06-14,146.65,148.43,146.12,147.74,1337543.0
573,2023-06-15,148.06,150.65,147.44,150.34,1193226.0
574,2023-06-16,148.76,150.56,148.1,149.53,2121886.0
575,2023-06-20,147.02,148.9,146.69,148.66,1544951.0
576,2023-06-21,149.07,151.92,148.62,151.26,1701442.0
577,2023-06-22,150.8,152.19,149.7,151.33,1998738.0
578,2023-06-23,149.99,151.52,146.99,149.08,13312428.0
579,2023-06-26,147.79,150.48,147.77,149.15,1089298.0
580,2023-06-27,150.79,152.9,150.7,152.46,1045560.0
581,2023-06-28,153.21,154.05,151.83,152.51,1339708.0
582,2023-06-29,152.22,154.81,152.03,154.6,1255970.0
583,2023-06-30,156.41,157.0,155.63,155.77,1194387.0
584,2023-07-03,155.06,156.04,153.85,155.7,577860.0
585,2023-07-05,154.7,155.44,154.19,154.74,1112823.0
586,2023-07-06,153.24,153.45,149.1,149.96,1484700.0
587,2023-07-07,149.99,153.66,149.72,153.25,1657356.0
588,2023-07-10,153.17,154.55,152.81,153.67,951290.0
589,2023-07-11,154.54,157.45,154.48,157.0,1317788.0
590,2023-07-12,159.5,160.07,158.32,159.18,1259628.0
591,2023-07-13,160.66,160.9,159.06,160.49,900375.0
592,2023-07-14,161.12,161.25,158.85,159.34,795578.0
593,2023-07-17,158.39,159.3,157.95,158.03,1292964.0
594,2023-07-18,158.02,158.51,156.92,157.34,869316.0
595,2023-07-19,157.0,157.25,155.31,156.38,1075119.0
596,2023-07-20,156.31,156.68,154.99,155.73,1031251.0
597,2023-07-21,156.63,156.7,154.96,156.36,770290.0
598,2023-07-24,156.36,158.46,156.22,158.04,920254.0
599,2023-07-25,157.87,159.54,157.57,159.44,1055516.0
600,2023-07-26,158.46,159.66,157.82,159.15,1136548.0
601,2023-07-27,160.45,162.37,159.48,160.5,1020140.0
602,2023-07-28,160.26,160.65,158.44,159.4,1022975.0
603,2023-07-31,158.59,160.08,158.24,160.08,899103.0
604,2023-08-01,158.11,161.03,158.04,160.67,782275.0
605,2023-08-02,158.57,159.33,157.77,158.21,966974.0
606,2023-08-03,156.6,158.09,155.86,157.16,816259.0
607,2023-08-04,158.05,159.09,156.9,157.21,678431.0
608,2023-08-07,159.01,160.89,158.57,159.95,789875.0
609,2023-08-08,158.94,159.4,157.18,159.18,629371.0
610,2023-08-09,159.28,159.28,157.39,157.47,638044.0
611,2023-08-10,158.23,160.12,156.93,157.19,601213.0
612,2023-08-11,157.29,158.73,156.88,158.42,554591.0
613,2023-08-14,157.35,160.0,157.09,159.84,1127081.0
614,2023-08-15,159.68,160.39,157.71,158.73,815888.0
615,2023-08-16,158.59,160.23,156.92,157.52,610963.0
616,2023-08-17,157.28,158.27,153.63,154.0,565451.0
617,2023-08-18,152.87,153.92,152.08,153.76,1030407.0
618,2023-08-21,153.72,154.46,151.77,153.01,802365.0
619,2023-08-22,154.56,154.93,153.37,153.53,714356.0
620,2023-08-23,153.1,156.09,152.53,156.09,561715.0
621,2023-08-24,155.87,156.72,153.38,153.44,643208.0
622,2023-08-25,153.88,155.27,152.93,154.76,775314.0
623,2023-08-28,155.21,157.21,155.19,156.0,438287.0
624,2023-08-29,155.82,158.11,155.1,158.1,677111.0
625,2023-08-30,159.24,161.44,158.93,161.06,579719.0
626,2023-08-31,161.86,162.46,159.93,160.02,1151529.0
627,2023-09-01,161.88,162.34,159.92,160.69,1025243.0
628,2023-09-05,158.72,159.06,154.96,155.91,834435.0
629,2023-09-06,156.03,156.29,153.37,154.53,911429.0
630,2023-09-07,153.57,153.63,151.59,152.01,1063261.0
631,2023-09-08,153.05,153.51,151.96,152.41,693733.0
632,2023-09-11,152.97,154.68,152.9,154.5,597529.0
633,2023-09-12,153.36,154.76,152.39,152.85,510084.0
634,2023-09-13,152.55,153.93,151.83,152.48,744527.0
635,2023-09-14,152.39,153.79,152.39,153.74,674656.0
636,2023-09-15,152.93,153.46,151.8,151.96,2009810.0
637,2023-09-18,152.1,153.5,151.6,152.2,668152.0
638,2023-09-19,153.51,153.51,151.2,152.41,1007229.0
639,2023-09-20,152.86,153.88,150.8,150.83,1061188.0
640,2023-09-21,149.81,149.98,147.85,148.43,943823.0
641,2023-09-22,148.18,149.6,147.92,149.02,984125.0
642,2023-09-25,148.26,150.44,148.05,149.57,1226508.0
643,2023-09-26,155.19,157.33,153.45,156.71,2689894.0
644,2023-09-27,158.31,162.53,157.88,161.83,1946232.0
645,2023-09-28,162.51,168.73,162.51,166.46,1676620.0
646,2023-09-29,166.36,166.36,162.63,162.93,1601687.0
647,2023-10-02,162.55,163.76,160.77,161.81,1166688.0
648,2023-10-03,161.64,162.2,158.0,158.91,1486136.0
649,2023-10-04,158.12,160.55,157.85,160.33,1336069.0
650,2023-10-05,160.64,162.11,159.88,160.41,1159582.0
651,2023-10-06,160.29,163.37,160.29,162.39,1560091.0
652,2023-10-09,161.87,165.79,161.22,165.68,1459535.0
653,2023-10-10,166.1,168.9,165.62,166.05,1723619.0
654,2023-10-11,165.92,168.94,165.67,168.78,1086023.0
655,2023-10-12,169.62,170.27,166.08,167.54,1495411.0
656,2023-10-13,168.4,170.05,166.54,166.95,2135988.0
657,2023-10-16,165.6,165.76,162.04,163.49,1865354.0
658,2023-10-17,162.29,167.95,162.29,166.79,1237477.0
659,2023-10-18,165.22,165.22,158.9,159.04,1179056.0
660,2023-10-19,157.6,158.41,154.08,154.5,1495392.0
661,2023-10-20,154.54,155.1075,152.39,152.61,894838.0
662,2023-10-23,153.21,153.69,151.36,151.56,831008.0
663,2023-10-24,152.14,152.85,151.45,152.07,853137.0
664,2023-10-25,151.52,152.135,150.52,151.4,975000.0
665,2023-10-26,151.14,152.935,150.84,151.82,1344710.0
666,2023-10-27,152.38,152.99,150.3301,150.93,723052.0
667,2023-10-30,151.51,153.8,151.41,153.0,972276.0
668,2023-10-31,146.89,149.77,146.83,149.41,2321396.0
669,2023-11-01,148.87,152.94,148.29,152.8,1790908.0
670,2023-11-02,155.73,156.74,154.6,155.19,1080019.0
671,2023-11-03,155.98,158.31,155.98,156.49,756946.0
672,2023-11-06,156.29,156.74,155.155,156.07,617664.0
673,2023-11-07,155.62,156.25,155.02,155.79,717240.0
674,2023-11-08,153.91,155.9,153.82,155.68,1427298.0
675,2023-11-09,156.78,157.75,155.435,156.02,1247426.0
676,2023-11-10,156.03,159.24,155.605,159.15,912843.0
677,2023-11-13,158.41,160.08,158.41,159.71,633165.0
678,2023-11-14,161.82,166.45,161.82,164.02,1134693.0
679,2023-11-15,164.13,165.92,162.45,162.97,1100968.0
680,2023-11-16,162.24,164.29,162.24,164.27,1277008.0
681,2023-11-17,164.39,165.93,164.07,165.69,856960.0
682,2023-11-20,164.86,165.27,163.43,165.01,1134587.0
683,2023-11-21,164.72,166.255,164.42,165.89,900895.0
684,2023-11-22,164.6,167.2,164.11,166.42,884430.0
685,2023-11-24,166.52,167.81,166.515,166.95,332892.0
686,2023-11-27,166.98,168.425,166.8024,167.81,860730.0
687,2023-11-28,167.72,167.93,165.42,166.53,972455.0
688,2023-11-29,167.61,168.54,166.905,167.89,1321922.0
689,2023-11-30,166.91,170.74,166.8,170.55,2184487.0
690,2023-12-01,170.51,172.35,169.5,171.62,1419680.0
691,2023-12-04,167.45,169.095,166.3001,167.46,1924855.0
692,2023-12-05,172.0,175.69,171.1142,173.31,1982783.0
693,2023-12-06,173.17,175.22,172.88,173.89,1478744.0
694,2023-12-07,175.0,177.93,174.63,177.87,1147167.0
695,2023-12-08,176.96,180.58,176.96,179.86,1397353.0
696,2023-12-11,180.59,182.15,180.51,181.71,1519373.0
697,2023-12-12,181.49,182.67,181.06,182.16,840420.0
698,2023-12-13,182.2,183.8,180.19,183.23,1004785.0
699,2023-12-14,185.39,190.1575,185.3,189.06,1412482.0
700,2023-12-15,187.38,190.5699,186.915,188.91,1628697.0
701,2023-12-18,189.17,189.5,187.595,188.32,996260.0
702,2023-12-19,189.83,190.69,188.9825,189.13,1587156.0
703,2023-12-20,189.12,190.12,186.91,186.92,624864.0
704,2023-12-21,188.73,190.25,188.12,190.0,602692.0
705,2023-12-22,190.9,192.23,190.34,192.12,612149.0
706,2023-12-26,192.66,194.03,192.48,192.61,417688.0
707,2023-12-27,192.6,193.92,192.44,193.26,466511.0
708,2023-12-28,194.05,194.05,192.52,193.12,439884.0
709,2023-12-29,192.3,194.13,191.94,193.07,468614.0
710,2024-01-02,190.59,190.59,186.93,188.61,1113070.0
711,2024-01-03,185.93,186.5,183.74,184.06,1063185.0
712,2024-01-04,186.19,187.26,184.7,186.47,928557.0
713,2024-01-05,185.53,187.74,184.87,187.15,688593.0
714,2024-01-08,186.28,187.17,185.61,187.09,1019178.0
715,2024-01-09,185.05,187.15,184.37,187.14,635666.0
716,2024-01-10,186.35,187.69,186.17,187.14,608631.0
717,2024-01-11,187.44,187.8,184.6,186.39,822876.0
718,2024-01-12,187.84,188.23,185.98,187.17,467607.0
719,2024-01-16,184.98,187.29,184.53,186.21,815732.0
720,2024-01-17,184.64,185.49,184.15,184.65,687548.0
721,2024-01-18,187.27,189.4,187.1,189.35,990687.0
722,2024-01-19,189.52,189.91,187.85,189.61,682878.0
723,2024-01-22,189.62,191.58,189.37,191.53,1118034.0
724,2024-01-23,189.91,190.37,187.9,189.71,1220630.0
725,2024-01-24,191.01,191.77,186.945,187.05,1107690.0
726,2024-01-25,187.25,188.99,187.25,188.81,737917.0
727,2024-01-26,189.56,190.015,187.32,187.92,920727.0
728,2024-01-29,187.54,189.3,187.54,189.3,1348480.0
729,2024-01-30,189.62,191.53,189.62,190.86,669361.0
730,2024-01-31,189.53,190.41,187.48,187.86,969482.0
731,2024-02-01,189.6,191.7,189.02,191.68,696385.0
732,2024-02-02,189.95,192.67,189.025,191.96,760986.0
733,2024-02-05,189.99,189.995,187.63,189.7,632597.0
734,2024-02-06,190.32,192.91,190.25,192.8,856386.0
735,2024-02-07,194.03,195.0,193.06,193.82,1085261.0
736,2024-02-08,194.32,197.89,193.33,197.64,1012052.0
