,date,open,high,low,close,volume
0,2023-01-04,54.01,60.59,53.38,60.37,33338528.0
1,2023-01-05,60.52,62.86,58.02,58.88,8850591.0
2,2023-01-06,59.56,59.82,57.75,58.83,5902804.0
3,2023-01-09,58.67,59.86,57.61,57.98,5288931.0
4,2023-01-10,59.03,59.94,57.94,59.88,6662990.0
5,2023-01-11,60.32,66.26,59.96,64.87,9219390.0
6,2023-01-12,65.97,66.4,63.54,65.53,5819815.0
7,2023-01-13,64.88,65.38,63.62,65.32,3772080.0
8,2023-01-17,63.82,65.61,63.14,63.21,3774703.0
9,2023-01-18,63.08,63.38,61.87,61.96,2610293.0
10,2023-01-19,61.21,64.38,61.18,63.82,2585604.0
11,2023-01-20,63.84,67.7,63.42,66.65,4001585.0
12,2023-01-23,67.23,69.79,66.66,69.4,3724076.0
13,2023-01-24,68.91,70.51,68.59,69.48,2590993.0
14,2023-01-25,68.34,69.58,66.83,68.59,2802081.0
15,2023-01-26,68.39,69.33,67.68,69.1,2075885.0
16,2023-01-27,68.74,70.39,68.24,69.96,2810636.0
17,2023-01-30,68.29,73.83,67.8,71.38,4259947.0
18,2023-01-31,70.89,71.0,68.38,69.4,3084275.0
19,2023-02-01,68.88,70.62,67.41,69.89,2698934.0
20,2023-02-02,69.47,71.77,68.88,70.53,2775957.0
21,2023-02-03,69.51,70.51,68.98,70.43,3075109.0
22,2023-02-06,69.79,72.23,69.42,71.74,2227368.0
23,2023-02-07,71.46,72.08,70.98,71.51,1932266.0
24,2023-02-08,71.09,71.3,69.9,70.05,1111919.0
25,2023-02-09,70.13,70.86,68.09,68.29,1186247.0
26,2023-02-10,68.08,69.42,68.07,69.12,1968068.0
27,2023-02-13,68.4,69.75,67.79,69.31,2223241.0
28,2023-02-14,68.83,73.05,68.59,72.49,3036143.0
29,2023-02-15,72.58,73.42,71.6,72.2,1773152.0
30,2023-02-16,71.48,71.7,70.22,70.79,1829424.0
31,2023-02-17,70.85,73.36,70.77,73.05,2408606.0
32,2023-02-21,72.5,72.98,72.13,72.35,1835470.0
33,2023-02-22,72.15,72.88,70.72,71.82,2010150.0
34,2023-02-23,72.32,76.09,72.16,75.78,3763223.0
35,2023-02-24,74.72,75.65,74.1,74.89,2102864.0
36,2023-02-27,74.88,76.86,74.45,75.92,2139676.0
37,2023-02-28,75.92,76.22,75.18,75.88,3511846.0
38,2023-03-01,75.25,75.62,74.89,75.18,2534320.0
39,2023-03-02,74.67,75.35,74.38,74.92,1392001.0
40,2023-03-03,75.41,76.78,75.0,76.25,2082709.0
41,2023-03-06,75.79,77.04,75.58,76.56,1874143.0
42,2023-03-07,76.24,76.72,75.81,76.13,1709375.0
43,2023-03-08,76.13,77.28,75.98,76.51,1641260.0
44,2023-03-09,76.88,77.28,75.78,76.26,1684120.0
45,2023-03-10,75.76,76.41,74.38,74.85,3388615.0
46,2023-03-13,74.83,77.36,73.92,76.12,2272243.0
47,2023-03-14,76.57,78.64,76.23,77.02,1992257.0
48,2023-03-15,75.81,76.69,75.47,76.64,2326244.0
49,2023-03-16,75.84,77.33,75.63,76.5,1629815.0
50,2023-03-17,76.74,77.42,75.31,75.72,5803263.0
51,2023-03-20,75.37,75.69,74.39,75.08,1714192.0
52,2023-03-21,75.53,76.56,75.38,76.4,1401647.0
53,2023-03-22,76.74,76.93,74.59,74.65,1549809.0
54,2023-03-23,75.29,76.59,74.75,75.59,1393902.0
55,2023-03-24,75.14,76.37,74.77,76.34,1154874.0
56,2023-03-27,76.7,77.34,76.15,76.26,1196641.0
57,2023-03-28,76.26,76.82,76.03,76.78,760966.0
58,2023-03-29,77.24,79.35,76.94,79.12,1786006.0
59,2023-03-30,79.66,82.17,79.38,82.02,2188987.0
60,2023-03-31,82.13,82.47,81.46,81.91,1916325.0
61,2023-04-03,81.88,82.5,81.35,81.69,1913226.0
62,2023-04-04,81.88,82.04,81.35,81.47,1552706.0
63,2023-04-05,81.38,81.68,80.53,81.0,1410626.0
64,2023-04-06,80.85,80.94,79.97,80.04,1356746.0
65,2023-04-10,79.81,80.51,79.58,80.47,1579274.0
66,2023-04-11,80.47,80.57,79.84,80.47,1167092.0
67,2023-04-12,80.89,81.78,80.49,81.63,1232087.0
68,2023-04-13,81.53,83.05,81.26,82.82,1252758.0
69,2023-04-14,82.33,83.16,81.86,82.25,1163806.0
70,2023-04-17,82.05,83.12,81.88,82.6,861019.0
71,2023-04-18,82.67,84.04,82.67,83.54,1522137.0
72,2023-04-19,83.67,86.76,83.63,85.63,2422919.0
73,2023-04-20,85.25,86.2,84.56,84.88,1634914.0
74,2023-04-21,85.08,86.4,84.97,86.36,1850558.0
75,2023-04-24,86.48,87.71,86.06,87.67,2693549.0
76,2023-04-25,83.38,83.38,78.66,80.27,7291417.0
77,2023-04-26,79.61,80.15,77.44,80.0,3489484.0
78,2023-04-27,80.7,81.42,80.5,81.4,1557122.0
79,2023-04-28,81.08,81.61,80.89,81.22,1617659.0
80,2023-05-01,80.96,81.61,80.61,80.66,1355960.0
81,2023-05-02,80.22,80.53,77.77,78.34,1879081.0
82,2023-05-03,78.35,80.3,77.9,79.59,1748876.0
83,2023-05-04,79.5,80.14,77.57,78.14,1751465.0
84,2023-05-05,78.38,79.41,78.38,78.87,1077640.0
85,2023-05-08,78.76,79.37,78.49,79.3,842342.0
86,2023-05-09,78.43,78.67,76.0,76.25,2499728.0
87,2023-05-10,76.38,76.64,74.85,75.78,1792937.0
88,2023-05-11,75.59,75.59,74.59,74.87,1505003.0
89,2023-05-12,74.77,74.89,74.15,74.8,2577774.0
90,2023-05-15,74.98,75.44,74.58,74.81,1188031.0
91,2023-05-16,75.15,78.15,75.1,77.66,2669114.0
92,2023-05-17,77.81,80.49,76.09,80.18,3716280.0
93,2023-05-18,80.3,81.01,79.1,79.57,1483473.0
94,2023-05-19,79.97,80.97,79.0,79.22,1312933.0
95,2023-05-22,79.26,79.33,78.62,78.99,1357663.0
96,2023-05-23,78.87,79.68,76.97,77.1,1382376.0
97,2023-05-24,76.88,77.05,75.99,76.44,1431903.0
98,2023-05-25,76.44,79.97,75.52,79.77,3127809.0
99,2023-05-26,79.68,80.11,78.28,78.34,2250436.0
100,2023-05-30,78.16,78.96,77.32,77.87,1775758.0
101,2023-05-31,78.45,79.64,77.65,79.42,4501497.0
102,2023-06-01,79.64,80.01,78.8,79.74,2355665.0
103,2023-06-02,80.21,80.78,79.81,79.88,2404589.0
104,2023-06-05,79.82,80.63,78.69,80.4,1416724.0
105,2023-06-06,77.91,83.09,77.71,82.84,23800615.0
106,2023-06-07,81.4,82.17,80.1,80.39,3883928.0
107,2023-06-08,77.26,78.31,76.66,77.66,15053967.0
108,2023-06-09,78.01,78.41,76.97,77.01,4900031.0
109,2023-06-12,77.16,78.22,76.81,78.18,5545427.0
110,2023-06-13,78.21,78.36,76.61,77.7,4122275.0
111,2023-06-14,78.09,78.71,77.39,78.44,3322567.0
112,2023-06-15,78.57,79.08,78.14,79.01,3277856.0
113,2023-06-16,79.41,80.01,78.4,78.56,5390613.0
114,2023-06-20,78.27,79.07,77.66,78.81,3155435.0
115,2023-06-21,78.7,79.91,78.2,79.53,2805685.0
116,2023-06-22,79.85,80.66,79.49,80.12,2229579.0
117,2023-06-23,79.77,80.26,78.92,79.73,7973136.0
118,2023-06-26,79.93,80.21,77.65,77.71,2500854.0
119,2023-06-27,77.86,78.26,76.1,76.98,3250399.0
120,2023-06-28,77.41,77.5,76.25,77.1,2920489.0
121,2023-06-29,77.18,78.61,77.06,78.59,1908393.0
122,2023-06-30,79.33,81.32,79.22,81.15,3429545.0
123,2023-07-03,81.32,81.37,79.81,80.6,1086914.0
124,2023-07-05,80.28,81.2,79.85,80.56,2655893.0
125,2023-07-06,79.91,80.18,78.91,79.03,2596154.0
126,2023-07-07,78.89,80.02,78.21,79.53,2892672.0
127,2023-07-10,80.04,80.69,79.91,80.57,2263244.0
128,2023-07-11,80.41,81.36,80.12,81.17,1793345.0
129,2023-07-12,81.2,82.57,81.2,81.6,2124811.0
130,2023-07-13,81.64,81.91,80.81,81.31,1476326.0
131,2023-07-14,81.41,82.07,81.14,81.73,1791872.0
132,2023-07-17,81.65,82.27,80.99,81.1,2343189.0
133,2023-07-18,81.02,82.81,80.66,82.38,2844487.0
134,2023-07-19,82.69,82.85,81.57,81.66,2781716.0
135,2023-07-20,82.19,83.09,81.74,81.79,3114114.0
136,2023-07-21,82.02,83.08,81.96,82.57,7717732.0
137,2023-07-24,82.42,82.62,80.21,80.57,4338451.0
138,2023-07-25,80.78,82.29,78.52,80.15,4729481.0
139,2023-07-26,80.2,80.25,77.23,77.37,4148620.0
140,2023-07-27,77.94,78.81,76.19,76.8,3224674.0
141,2023-07-28,77.18,78.26,76.83,77.81,2911432.0
142,2023-07-31,77.66,77.97,76.21,77.94,3917525.0
143,2023-08-01,77.78,77.98,77.04,77.63,2127639.0
144,2023-08-02,77.26,77.72,76.09,76.53,3073730.0
145,2023-08-03,76.58,76.63,75.62,75.96,2053710.0
146,2023-08-04,75.92,76.74,75.57,75.84,1449828.0
147,2023-08-07,76.04,76.23,75.11,75.53,1668284.0
148,2023-08-08,75.23,75.41,73.26,73.87,2574865.0
149,2023-08-09,73.74,74.82,73.36,73.86,3028421.0
150,2023-08-10,74.19,74.52,72.06,72.24,3681915.0
151,2023-08-11,72.08,72.08,70.8,71.53,2898291.0
152,2023-08-14,71.44,71.81,70.79,71.74,2601108.0
153,2023-08-15,71.69,71.69,70.13,70.48,2476253.0
154,2023-08-16,71.15,72.22,70.36,70.61,3697384.0
155,2023-08-17,70.64,70.74,68.18,68.33,3791942.0
156,2023-08-18,68.14,68.69,67.84,68.3,2929152.0
157,2023-08-21,69.27,69.44,68.54,68.91,2807833.0
158,2023-08-22,69.09,69.34,68.61,68.87,2170081.0
159,2023-08-23,68.9,69.47,68.75,68.93,2079470.0
160,2023-08-24,69.58,69.73,68.18,68.37,2623190.0
161,2023-08-25,68.35,68.83,67.55,68.53,3096636.0
162,2023-08-28,69.0,69.6,68.7,69.25,2438697.0
163,2023-08-29,69.27,70.44,69.27,70.42,2044326.0
164,2023-08-30,70.44,70.93,70.17,70.33,1889153.0
165,2023-08-31,70.45,71.07,69.8,70.39,3573281.0
166,2023-09-01,70.61,70.96,69.04,69.19,2097289.0
167,2023-09-05,69.07,69.1,67.35,67.6,3773510.0
168,2023-09-06,67.45,68.14,66.0,66.92,3140083.0
169,2023-09-07,68.03,68.11,65.77,65.84,2836852.0
170,2023-09-08,65.86,65.93,64.66,64.84,3103630.0
171,2023-09-11,65.26,67.29,65.14,66.56,3630504.0
172,2023-09-12,66.32,66.56,65.16,65.34,2381778.0
173,2023-09-13,65.06,65.88,64.15,64.47,3612811.0
174,2023-09-14,64.8,66.0,64.51,65.94,3945138.0
175,2023-09-15,65.94,66.44,65.52,66.37,6711139.0
176,2023-09-18,65.81,66.93,65.81,66.22,3205251.0
177,2023-09-19,66.44,66.69,65.29,66.06,3160581.0
178,2023-09-20,66.36,66.74,64.84,64.95,1797947.0
179,2023-09-21,64.56,64.83,63.73,63.83,2174822.0
180,2023-09-22,63.77,64.75,63.68,64.27,2278162.0
181,2023-09-25,63.94,66.98,63.94,66.42,3214472.0
182,2023-09-26,66.13,67.35,66.06,66.15,3620111.0
183,2023-09-27,66.31,68.35,66.09,68.22,5469977.0
184,2023-09-28,68.68,70.52,67.95,69.72,4817665.0
185,2023-09-29,70.02,70.14,67.87,67.98,3146195.0
186,2023-10-02,67.94,68.6,67.51,67.78,1942160.0
187,2023-10-03,67.29,67.47,66.34,66.92,2726095.0
188,2023-10-04,67.08,68.01,66.41,67.82,2084505.0
189,2023-10-05,68.28,68.62,66.57,67.54,1894528.0
190,2023-10-06,66.95,68.93,66.59,68.4,2319780.0
191,2023-10-09,67.76,68.02,67.12,67.74,1600254.0
192,2023-10-10,67.94,68.57,67.55,68.13,2209178.0
193,2023-10-11,68.25,68.25,66.98,67.72,2032922.0
194,2023-10-12,67.66,67.85,66.11,66.45,2252117.0
195,2023-10-13,66.07,67.58,66.0,67.06,1984299.0
196,2023-10-16,67.57,67.63,66.27,66.82,1951512.0
197,2023-10-17,66.31,67.35,66.01,66.74,1596176.0
198,2023-10-18,66.24,66.42,65.03,65.17,1917698.0
199,2023-10-19,65.2,66.64,64.81,65.42,1669056.0
200,2023-10-20,65.5,65.5,63.83,64.02,2574898.0
201,2023-10-23,63.92,64.51,63.33,63.96,2412396.0
202,2023-10-24,63.99,65.03,63.93,64.64,2511177.0
203,2023-10-25,64.17,64.96,63.95,64.48,3179313.0
204,2023-10-26,64.09,64.71,63.55,63.88,3484872.0
205,2023-10-27,64.17,64.29,62.69,63.07,2606280.0
206,2023-10-30,63.51,63.64,62.32,63.14,4484057.0
207,2023-10-31,66.66,67.67,65.74,66.54,7554930.0
208,2023-11-01,66.72,68.42,65.97,68.25,4523264.0
209,2023-11-02,69.57,69.73,68.25,69.22,3115822.0
210,2023-11-03,69.91,71.87,69.6,71.54,4022659.0
211,2023-11-06,71.64,71.93,70.73,71.06,2347639.0
212,2023-11-07,71.22,71.43,70.65,70.67,1912854.0
213,2023-11-08,71.13,71.13,69.495,69.96,2062103.0
214,2023-11-09,70.1,70.11,68.02,68.28,1981435.0
215,2023-11-10,68.52,69.54,68.36,69.49,2774066.0
216,2023-11-13,69.54,70.52,69.32,69.98,1993279.0
217,2023-11-14,70.97,72.34,70.65,72.18,2634408.0
218,2023-11-15,71.97,72.6,71.445,71.49,2779906.0
219,2023-11-16,71.97,72.63,71.47,71.89,2946761.0
220,2023-11-17,72.5,73.349,71.995,72.97,2919973.0
221,2023-11-20,73.06,73.46,72.74,73.3,1788338.0
222,2023-11-21,73.47,73.66,72.56,73.35,1469253.0
223,2023-11-22,73.72,74.15,73.16,73.57,1123323.0
224,2023-11-24,73.79,73.81,73.3612,73.68,544243.0
225,2023-11-27,71.23,71.485,70.52,71.11,4253553.0
226,2023-11-28,70.67,70.7547,68.075,68.1,5167808.0
227,2023-11-29,68.27,68.8125,67.43,67.68,3762860.0
228,2023-11-30,67.68,68.65,66.36,68.43,3324593.0
229,2023-12-01,68.32,69.64,68.1275,69.38,1898347.0
230,2023-12-04,68.86,69.735,68.74,69.34,1478715.0
231,2023-12-05,68.88,69.02,67.69,67.9,1896094.0
232,2023-12-06,68.36,68.65,67.835,68.02,1579512.0
233,2023-12-07,68.07,68.26,66.97,67.36,2089064.0
234,2023-12-08,67.15,68.6,67.02,68.49,1893770.0
235,2023-12-11,69.13,71.28,69.06,71.1,3051314.0
236,2023-12-12,71.27,72.365,71.21,72.02,2407065.0
237,2023-12-13,72.58,74.24,72.49,74.15,2628519.0
238,2023-12-14,74.31,76.27,74.31,75.89,4271259.0
239,2023-12-15,76.35,76.56,74.455,74.98,5699284.0
240,2023-12-18,74.97,75.485,74.52,75.03,1945779.0
241,2023-12-19,75.11,75.81,74.97,75.66,2441748.0
242,2023-12-20,75.33,76.56,74.85,75.41,2162234.0
243,2023-12-21,76.05,77.58,76.05,77.16,2970566.0
244,2023-12-22,77.27,77.68,76.96,77.55,2197791.0
245,2023-12-26,77.67,78.295,77.55,78.11,1394618.0
246,2023-12-27,78.05,78.26,77.35,77.64,1364978.0
247,2023-12-28,77.8,77.935,77.22,77.51,1556159.0
248,2023-12-29,77.13,77.61,76.83,77.29,1786851.0
249,2024-01-02,76.55,77.38,75.675,76.34,2003139.0
250,2024-01-03,76.21,76.65,75.405,76.08,2692237.0
251,2024-01-04,75.97,76.92,75.82,76.54,2395867.0
252,2024-01-05,75.97,77.42,75.56,76.59,2377647.0
253,2024-01-08,76.97,77.42,76.28,77.33,1880581.0
254,2024-01-09,76.98,77.63,74.37,76.63,3507101.0
255,2024-01-10,76.31,76.58,74.85,76.14,3020515.0
256,2024-01-11,76.17,76.295,74.75,76.22,2305326.0
257,2024-01-12,76.28,76.47,75.4,76.17,1888281.0
258,2024-01-16,75.9,75.9,74.54,74.97,2831418.0
259,2024-01-17,74.24,74.24,72.02,72.75,3766945.0
260,2024-01-18,72.75,73.76,72.42,73.52,2421489.0
261,2024-01-19,73.445,74.12,73.2,74.11,3704620.0
262,2024-01-22,74.28,75.45,74.17,74.64,2414925.0
263,2024-01-23,74.63,74.73,72.685,73.67,2850288.0
264,2024-01-24,73.64,73.7,71.31,71.55,3594280.0
265,2024-01-25,72.33,73.1,71.42,72.87,2126444.0
266,2024-01-26,73.0,73.29,72.47,73.15,2334347.0
267,2024-01-29,72.91,74.42,72.5,74.38,2160208.0
268,2024-01-30,73.73,74.52,73.12,74.0,1673900.0
269,2024-01-31,73.93,74.47,72.95,73.36,3128937.0
270,2024-02-01,73.36,75.13,72.99,74.35,2593523.0
271,2024-02-02,74.03,74.36,72.52,73.91,2446571.0
272,2024-02-05,73.22,73.57,72.61,73.41,3365666.0
273,2024-02-06,76.75,83.11,76.56,81.96,12511163.0
274,2024-02-07,82.04,82.5081,80.17,81.83,4277959.0
275,2024-02-08,81.53,82.14,80.4364,82.06,2457551.0
