,date,open,high,low,close,volume
0,2021-02-01,120.46,128.4,119.74,127.69,308340.0
1,2021-02-02,130.0,139.73,130.0,138.0,581748.0
2,2021-02-03,137.36,139.16,135.5,138.22,286140.0
3,2021-02-04,137.0,140.49,136.88,140.02,231056.0
4,2021-02-05,140.68,143.46,137.73,141.52,364723.0
5,2021-02-08,142.92,147.55,142.16,147.1,241795.0
6,2021-02-09,147.0,152.51,144.11,150.33,266529.0
7,2021-02-10,151.85,154.55,147.33,148.24,348748.0
8,2021-02-11,151.42,151.58,145.81,150.29,303656.0
9,2021-02-12,149.29,153.91,149.18,153.59,211711.0
10,2021-02-16,156.33,158.99,154.22,155.17,265544.0
11,2021-02-17,155.19,156.06,149.8,154.79,302285.0
12,2021-02-18,153.02,154.79,138.51,139.45,1089026.0
13,2021-02-19,139.92,148.12,132.97,134.02,659477.0
14,2021-02-22,131.73,145.0,131.0,139.44,461581.0
15,2021-02-23,134.7,140.51,130.34,136.93,587720.0
16,2021-02-24,138.6,144.51,136.57,143.39,278289.0
17,2021-02-25,144.34,146.0,138.79,139.59,327602.0
18,2021-02-26,140.31,144.25,136.25,143.09,366466.0
19,2021-03-01,145.69,151.95,145.15,151.08,334948.0
20,2021-03-02,151.0,153.4,146.56,149.15,445311.0
21,2021-03-03,148.99,153.61,147.86,151.7,354358.0
22,2021-03-04,149.66,152.95,140.49,144.74,404564.0
23,2021-03-05,148.55,150.0,130.8,147.31,486082.0
24,2021-03-08,149.5,153.87,148.2,150.35,369577.0
25,2021-03-09,152.98,157.71,151.07,153.6,223274.0
26,2021-03-10,155.09,156.96,152.56,152.57,258842.0
27,2021-03-11,155.24,160.53,152.38,153.41,336978.0
28,2021-03-12,154.02,158.62,152.2,157.81,299616.0
29,2021-03-15,156.77,166.14,156.56,165.29,308284.0
30,2021-03-16,165.56,165.91,157.34,158.6,353911.0
31,2021-03-17,157.36,158.15,146.39,149.55,353577.0
32,2021-03-18,150.84,150.93,142.68,143.89,232941.0
33,2021-03-19,143.57,151.29,140.93,147.43,518253.0
34,2021-03-22,148.74,149.2,143.11,144.68,207363.0
35,2021-03-23,140.8,142.44,132.77,134.95,325487.0
36,2021-03-24,136.68,138.82,131.38,131.58,324643.0
37,2021-03-25,128.63,133.69,126.16,132.87,283661.0
38,2021-03-26,135.11,140.39,133.1,139.34,332557.0
39,2021-03-29,138.33,140.09,131.25,132.2,300850.0
40,2021-03-30,131.58,139.18,129.22,138.07,351730.0
41,2021-03-31,138.35,144.82,138.13,142.35,307143.0
42,2021-04-01,145.0,147.08,141.15,145.59,301940.0
43,2021-04-05,146.5,148.88,143.35,147.34,319886.0
44,2021-04-06,150.01,151.78,147.24,147.53,232330.0
45,2021-04-07,146.12,148.71,140.62,142.6,309070.0
46,2021-04-08,144.0,147.53,140.14,146.76,300683.0
47,2021-04-09,147.66,147.66,140.87,143.91,312271.0
48,2021-04-12,145.0,145.0,141.24,143.45,277922.0
49,2021-04-13,141.68,144.38,138.78,143.45,319857.0
50,2021-04-14,145.0,148.41,141.99,142.9,217998.0
51,2021-04-15,144.72,145.32,141.0,143.94,225490.0
52,2021-04-16,145.82,146.89,142.6,145.7,204662.0
53,2021-04-19,144.94,146.1,136.74,137.07,336071.0
54,2021-04-20,135.68,136.16,127.43,129.07,523400.0
55,2021-04-21,127.73,136.57,127.0,135.55,323262.0
56,2021-04-22,136.0,150.49,134.18,147.33,722885.0
57,2021-04-23,150.78,154.86,146.05,152.79,347873.0
58,2021-04-26,153.04,156.84,148.55,155.2,248803.0
59,2021-04-27,155.19,159.93,153.87,159.76,293875.0
60,2021-04-28,160.0,163.42,157.48,162.66,252514.0
61,2021-04-29,164.9,164.9,158.35,163.07,267385.0
62,2021-04-30,161.0,167.39,159.19,160.63,273683.0
63,2021-05-03,162.65,162.65,152.53,153.63,336895.0
64,2021-05-04,151.89,154.51,148.02,153.94,415899.0
65,2021-05-05,155.0,157.54,152.49,153.28,168991.0
66,2021-05-06,153.41,156.26,152.01,155.92,205580.0
67,2021-05-07,155.8,162.23,153.8,160.14,204792.0
68,2021-05-10,159.39,159.39,147.23,147.5,288394.0
69,2021-05-11,141.36,150.86,139.74,148.74,303601.0
70,2021-05-12,146.36,150.08,140.11,140.58,277137.0
71,2021-05-13,142.72,147.8,142.31,145.38,241494.0
72,2021-05-14,147.35,151.45,146.19,151.12,196059.0
73,2021-05-17,150.78,154.72,150.03,154.53,202743.0
74,2021-05-18,154.63,155.71,150.3,151.54,373859.0
75,2021-05-19,147.34,149.06,142.05,147.24,308015.0
76,2021-05-20,147.39,148.56,142.16,145.37,240710.0
77,2021-05-21,147.94,150.99,147.29,147.84,193157.0
78,2021-05-24,148.53,151.0,148.0,149.51,132950.0
79,2021-05-25,151.56,154.1,148.61,148.66,144369.0
80,2021-05-26,148.95,152.21,142.87,143.34,520869.0
81,2021-05-27,145.8,147.98,144.54,145.1,257623.0
82,2021-05-28,147.61,148.9,144.32,145.94,260796.0
83,2021-06-01,147.17,150.13,146.03,149.18,283874.0
84,2021-06-02,149.98,150.43,141.51,142.5,550335.0
85,2021-06-03,141.64,143.77,138.62,142.89,256699.0
86,2021-06-04,144.51,149.32,143.65,148.28,145374.0
87,2021-06-07,148.3,149.2,145.33,146.85,145646.0
88,2021-06-08,147.27,153.73,143.91,152.75,299344.0
89,2021-06-09,152.39,153.98,147.88,147.94,193712.0
90,2021-06-10,148.0,148.5,142.91,143.02,217089.0
91,2021-06-11,143.95,149.44,143.91,147.83,266451.0
92,2021-06-14,148.21,149.76,143.37,143.99,391801.0
93,2021-06-15,143.01,145.38,140.64,143.51,607063.0
94,2021-06-16,142.49,143.57,138.76,140.39,368850.0
95,2021-06-17,139.52,140.7,133.11,134.41,496970.0
96,2021-06-18,129.81,134.52,128.69,133.16,484049.0
97,2021-06-21,134.29,136.95,133.3,136.65,226157.0
98,2021-06-22,136.55,142.44,135.32,141.71,308922.0
99,2021-06-23,141.77,147.75,141.53,144.53,437522.0
100,2021-06-24,145.76,145.76,139.65,140.47,278956.0
101,2021-06-25,140.84,142.61,137.37,138.04,1897379.0
102,2021-06-28,144.7,146.23,141.26,145.69,513124.0
103,2021-06-29,146.24,150.0,144.96,146.11,388454.0
104,2021-06-30,145.84,147.99,144.78,146.32,283577.0
105,2021-07-01,151.02,153.25,145.9,147.08,343425.0
106,2021-07-02,148.75,150.31,145.2,149.91,277384.0
107,2021-07-06,150.6,152.39,146.5,149.17,351839.0
108,2021-07-07,150.6,153.81,146.62,148.76,380167.0
109,2021-07-08,145.5,150.16,142.93,148.13,429696.0
110,2021-07-09,150.5,154.38,148.44,153.28,283142.0
111,2021-07-12,151.33,155.23,150.54,153.47,217494.0
112,2021-07-13,152.31,153.82,148.69,151.31,246849.0
113,2021-07-14,152.7,153.08,146.22,147.76,340820.0
114,2021-07-15,145.75,149.42,145.25,147.98,316388.0
115,2021-07-16,150.44,152.03,147.01,148.02,290324.0
116,2021-07-19,143.34,146.63,140.76,143.91,358648.0
117,2021-07-20,144.93,153.0,143.73,151.76,814355.0
118,2021-07-21,153.4,159.81,153.36,157.29,580552.0
119,2021-07-22,167.0,167.19,152.75,154.01,769866.0
120,2021-07-23,153.43,154.18,145.52,146.24,588844.0
121,2021-07-26,145.96,147.0,133.88,140.64,784427.0
122,2021-07-27,138.56,145.16,137.91,143.59,518614.0
123,2021-07-28,143.35,147.54,142.04,145.91,422577.0
124,2021-07-29,146.78,150.54,146.43,150.22,310917.0
125,2021-07-30,149.97,155.76,148.6,155.45,311456.0
126,2021-08-02,155.48,159.24,154.93,158.67,384239.0
127,2021-08-03,158.97,164.53,156.8,164.26,448147.0
128,2021-08-04,161.47,164.95,159.86,162.07,501121.0
129,2021-08-05,163.01,167.06,162.89,165.5,224917.0
130,2021-08-06,167.39,168.22,163.97,168.06,217692.0
131,2021-08-09,167.1,168.74,164.5,167.38,270395.0
132,2021-08-10,169.0,174.06,166.55,173.6,443207.0
133,2021-08-11,174.2,176.7,170.45,176.38,513471.0
134,2021-08-12,175.21,176.66,172.45,175.66,602923.0
135,2021-08-13,175.16,175.8,173.49,174.78,439214.0
136,2021-08-16,173.88,178.86,170.9,176.22,712164.0
137,2021-08-17,176.67,176.67,164.01,167.01,526215.0
138,2021-08-18,166.85,174.49,165.18,170.76,330938.0
139,2021-08-19,167.03,171.26,167.03,171.01,462592.0
140,2021-08-20,171.58,178.8,171.58,178.0,378396.0
141,2021-08-23,179.96,180.75,176.83,178.08,388082.0
142,2021-08-24,180.14,181.26,177.55,178.0,290580.0
143,2021-08-25,178.86,183.36,177.42,182.93,257924.0
144,2021-08-26,182.93,185.81,180.61,182.52,316104.0
145,2021-08-27,182.97,188.97,182.73,186.63,425769.0
146,2021-08-30,190.35,193.7,185.08,187.44,396746.0
147,2021-08-31,188.0,190.33,186.04,188.38,282974.0
148,2021-09-01,190.26,194.26,187.34,193.54,289923.0
149,2021-09-02,194.61,197.4,192.36,195.08,305788.0
150,2021-09-03,194.33,196.25,190.68,192.9,257837.0
151,2021-09-07,191.95,196.67,191.21,192.53,268114.0
152,2021-09-08,192.2,193.08,189.02,191.4,231266.0
153,2021-09-09,191.01,193.7,189.64,191.58,349719.0
154,2021-09-10,193.52,194.01,191.77,192.37,278605.0
155,2021-09-13,194.21,194.6,190.31,193.03,438760.0
156,2021-09-14,193.64,194.63,188.23,189.17,346032.0
157,2021-09-15,189.78,194.06,188.8,192.0,390582.0
158,2021-09-16,192.03,192.03,183.89,190.01,714431.0
159,2021-09-17,190.96,192.19,186.41,191.96,664694.0
160,2021-09-20,185.49,190.5,184.33,188.32,334257.0
161,2021-09-21,191.0,191.0,183.31,187.93,206021.0
162,2021-09-22,189.21,198.09,189.21,194.15,469023.0
163,2021-09-23,197.33,203.57,196.04,202.86,291998.0
164,2021-09-24,203.04,206.29,198.99,199.46,459077.0
165,2021-09-27,199.47,205.67,198.85,199.11,374236.0
166,2021-09-28,196.75,201.61,194.67,195.06,292279.0
167,2021-09-29,197.38,197.89,193.54,194.13,237016.0
168,2021-09-30,195.23,197.14,191.06,191.11,450090.0
169,2021-10-01,191.86,201.35,191.19,199.11,355328.0
170,2021-10-04,199.94,200.55,197.22,200.49,294694.0
171,2021-10-05,195.85,198.86,191.26,192.36,434076.0
172,2021-10-06,188.96,190.63,182.0,189.61,253616.0
173,2021-10-07,193.27,198.0,193.03,194.85,246026.0
174,2021-10-08,194.75,196.8,187.37,189.98,225372.0
175,2021-10-11,188.89,193.9,188.4,188.41,145836.0
176,2021-10-12,189.42,190.0,186.83,187.88,284169.0
177,2021-10-13,188.75,194.58,185.46,193.46,280686.0
178,2021-10-14,193.26,194.57,183.59,184.74,478701.0
179,2021-10-15,186.88,187.48,179.6,181.63,446946.0
180,2021-10-18,177.31,184.04,176.55,181.69,387471.0
181,2021-10-19,182.16,185.37,180.98,182.26,241221.0
182,2021-10-20,182.26,184.85,179.38,181.43,356005.0
183,2021-10-21,168.21,170.48,159.5,170.02,1858648.0
184,2021-10-22,166.32,170.99,164.51,170.15,873817.0
185,2021-10-25,170.88,174.98,170.82,174.18,487904.0
186,2021-10-26,175.26,177.11,169.72,171.0,540800.0
187,2021-10-27,171.0,172.46,168.53,169.53,408005.0
188,2021-10-28,170.51,175.37,168.67,174.14,331344.0
189,2021-10-29,172.78,178.04,172.3,177.52,357970.0
190,2021-11-01,179.59,183.11,179.49,182.0,300459.0
191,2021-11-02,182.52,183.24,179.88,183.14,247691.0
192,2021-11-03,182.95,183.61,179.68,182.67,392025.0
193,2021-11-04,183.86,187.01,179.88,181.44,224570.0
194,2021-11-05,184.36,193.77,183.54,192.42,294735.0
195,2021-11-08,194.92,199.28,193.97,195.9,380374.0
196,2021-11-09,195.7,198.37,193.51,197.11,221678.0
197,2021-11-10,195.09,198.6,188.09,192.21,210572.0
198,2021-11-11,193.52,194.21,190.62,190.62,185657.0
199,2021-11-12,191.08,193.14,190.04,191.78,132483.0
200,2021-11-15,191.7,193.31,189.58,192.98,190519.0
201,2021-11-16,192.48,194.2,190.7,193.64,168776.0
202,2021-11-17,192.64,193.38,184.82,186.52,226785.0
203,2021-11-18,186.35,186.74,181.37,184.86,241931.0
204,2021-11-19,183.93,186.08,181.13,181.22,212956.0
205,2021-11-22,182.15,185.48,178.91,179.07,430044.0
206,2021-11-23,179.84,182.24,176.11,179.34,384330.0
207,2021-11-24,176.99,181.92,176.99,181.41,135884.0
208,2021-11-26,174.63,178.63,173.33,176.54,191892.0
209,2021-11-29,179.5,180.93,175.11,177.67,257604.0
210,2021-11-30,176.13,179.98,173.41,174.55,369582.0
211,2021-12-01,179.31,179.53,168.55,168.81,355515.0
212,2021-12-02,169.32,173.67,166.5,167.08,365604.0
213,2021-12-03,167.42,170.13,159.64,162.94,393470.0
214,2021-12-06,165.36,168.43,160.16,166.42,332059.0
215,2021-12-07,172.33,177.12,171.26,174.53,400506.0
216,2021-12-08,177.25,177.25,172.62,172.68,493577.0
217,2021-12-09,170.76,173.6,169.51,170.52,177484.0
218,2021-12-10,171.69,172.94,163.53,165.19,273441.0
219,2021-12-13,164.4,165.27,160.04,160.63,260831.0
220,2021-12-14,160.49,164.57,156.66,157.32,260320.0
221,2021-12-15,156.33,162.92,154.12,162.46,334487.0
222,2021-12-16,165.63,169.17,159.11,162.24,437471.0
223,2021-12-17,159.65,162.39,155.97,156.87,588374.0
224,2021-12-20,154.33,155.2,149.08,151.6,334567.0
225,2021-12-21,151.14,154.79,150.55,154.34,588791.0
226,2021-12-22,155.94,158.22,155.01,155.92,246860.0
227,2021-12-23,155.84,159.31,154.69,157.24,195501.0
228,2021-12-27,156.75,159.71,154.03,159.49,190526.0
229,2021-12-28,158.8,160.59,156.68,158.17,276014.0
230,2021-12-29,158.99,161.87,154.69,157.98,309000.0
231,2021-12-30,158.74,161.59,156.73,159.22,191777.0
232,2021-12-31,158.58,161.01,157.58,159.49,331025.0
233,2022-01-03,159.71,161.48,152.29,153.81,341698.0
234,2022-01-04,152.47,157.62,152.47,155.35,236190.0
235,2022-01-05,155.31,155.41,142.79,143.31,513717.0
236,2022-01-06,143.03,144.48,135.29,143.0,1207058.0
237,2022-01-07,141.15,143.39,137.23,137.82,497380.0
238,2022-01-10,136.89,137.31,132.79,136.95,962425.0
239,2022-01-11,135.96,137.0,133.79,135.74,862282.0
240,2022-01-12,136.55,138.14,133.42,133.91,460311.0
241,2022-01-13,134.59,138.54,130.26,131.06,2737065.0
242,2022-01-14,128.79,133.65,127.28,133.53,609656.0
243,2022-01-18,131.0,134.58,129.47,129.68,539031.0
244,2022-01-19,130.93,131.14,124.45,127.0,615736.0
245,2022-01-20,127.45,130.76,125.37,125.66,640466.0
246,2022-01-21,123.44,125.91,119.93,120.56,619513.0
247,2022-01-24,116.88,121.99,113.33,121.86,968826.0
248,2022-01-25,120.0,121.5,116.52,117.8,386800.0
249,2022-01-26,119.76,123.03,113.3,114.76,371598.0
250,2022-01-27,117.02,118.26,109.25,110.59,292962.0
251,2022-01-28,110.09,115.8,108.29,115.61,470037.0
252,2022-01-31,114.31,121.96,114.31,121.87,517979.0
253,2022-02-01,121.83,125.41,120.0,125.13,470913.0
254,2022-02-02,126.37,126.76,121.15,121.16,380286.0
255,2022-02-03,120.46,121.27,116.36,117.39,306955.0
256,2022-02-04,115.73,118.49,115.0,117.23,301012.0
257,2022-02-07,117.12,119.27,115.77,116.47,348357.0
258,2022-02-08,115.43,120.78,115.43,120.09,317643.0
259,2022-02-09,121.54,124.13,121.07,122.85,411648.0
260,2022-02-10,121.11,127.01,119.99,121.3,459520.0
261,2022-02-11,120.53,122.41,116.02,117.57,370146.0
262,2022-02-14,117.98,119.27,115.1,117.3,350562.0
263,2022-02-15,117.1,122.09,117.1,121.8,201699.0
264,2022-02-16,121.48,123.91,120.7,122.83,184141.0
265,2022-02-17,120.77,122.54,119.88,120.81,347576.0
266,2022-02-18,120.13,121.58,116.74,117.5,315665.0
267,2022-02-22,116.84,119.29,111.81,112.37,502448.0
268,2022-02-23,113.06,114.31,108.8,109.54,452507.0
269,2022-02-24,111.54,124.32,109.91,122.54,803860.0
270,2022-02-25,123.29,131.02,122.54,129.58,620548.0
271,2022-02-28,127.01,145.31,127.01,144.4,1184082.0
272,2022-03-01,144.4,146.96,139.18,143.04,785527.0
273,2022-03-02,145.41,149.46,144.0,148.95,447326.0
274,2022-03-03,150.42,150.42,142.37,144.45,521238.0
275,2022-03-04,144.2,145.31,140.64,143.78,362055.0
276,2022-03-07,144.73,149.88,144.25,146.53,539858.0
277,2022-03-08,147.46,164.99,147.01,161.33,1078972.0
278,2022-03-09,162.32,171.13,161.6,168.31,834001.0
279,2022-03-10,165.64,171.56,163.98,169.88,624458.0
280,2022-03-11,173.75,177.46,168.28,175.07,628627.0
281,2022-03-14,174.5,175.93,159.48,163.68,617367.0
282,2022-03-15,161.77,163.3,154.39,158.78,572456.0
283,2022-03-16,161.12,167.68,159.78,162.79,651074.0
284,2022-03-17,162.51,169.18,160.6,168.75,424323.0
285,2022-03-18,170.98,171.74,166.89,170.33,526138.0
286,2022-03-21,170.19,173.75,167.1,169.81,230518.0
287,2022-03-22,170.0,173.96,170.0,171.24,256001.0
288,2022-03-23,170.0,173.99,168.22,172.94,301319.0
289,2022-03-24,174.06,186.48,173.88,186.18,729651.0
290,2022-03-25,186.11,186.72,182.06,186.47,476308.0
291,2022-03-28,176.86,177.47,160.01,167.67,3032536.0
292,2022-03-29,168.0,175.7,165.62,174.74,7218388.0
293,2022-03-30,174.2,177.86,170.32,173.4,712098.0
294,2022-03-31,172.76,177.7,170.85,171.77,535972.0
295,2022-04-01,173.45,176.84,171.57,174.56,516676.0
296,2022-04-04,173.85,179.77,171.58,179.73,550140.0
297,2022-04-05,180.04,181.7,174.77,178.82,454773.0
298,2022-04-06,175.67,179.3,173.49,175.73,531592.0
299,2022-04-07,174.52,175.39,167.84,170.8,547395.0
300,2022-04-08,172.0,174.37,169.32,174.14,466936.0
301,2022-04-11,172.91,174.78,171.26,173.15,538100.0
302,2022-04-12,176.29,180.95,174.59,174.85,518563.0
303,2022-04-13,174.88,177.74,173.91,177.38,212040.0
304,2022-04-14,177.82,179.69,175.13,179.02,340182.0
305,2022-04-18,179.87,184.14,179.71,183.25,485782.0
306,2022-04-19,181.84,184.79,176.91,179.03,360265.0
307,2022-04-20,180.65,182.03,171.73,172.11,450533.0
308,2022-04-21,173.91,175.4,158.58,159.19,578681.0
309,2022-04-22,158.62,162.93,155.2,156.67,387800.0
310,2022-04-25,154.18,157.96,152.11,157.71,389324.0
311,2022-04-26,157.0,157.82,151.7,152.48,256011.0
312,2022-04-27,153.08,155.85,150.03,151.96,392839.0
313,2022-04-28,152.23,158.41,150.66,155.33,497188.0
314,2022-04-29,159.92,172.99,157.92,168.82,1158525.0
315,2022-05-02,168.62,169.77,161.43,168.52,702334.0
316,2022-05-03,166.57,175.39,166.43,173.62,559354.0
317,2022-05-04,174.44,186.81,172.68,185.79,649795.0
318,2022-05-05,183.08,190.18,176.26,179.21,654802.0
319,2022-05-06,180.19,180.19,167.51,169.07,644352.0
320,2022-05-09,165.28,167.81,161.31,162.65,561971.0
321,2022-05-10,164.9,167.22,158.66,165.61,425918.0
322,2022-05-11,165.36,170.03,160.21,160.46,352066.0
323,2022-05-12,159.16,163.38,156.74,161.01,409117.0
324,2022-05-13,163.7,169.84,163.7,168.39,389114.0
325,2022-05-16,166.55,169.02,164.46,166.21,211346.0
326,2022-05-17,173.25,178.06,169.49,177.97,365056.0
327,2022-05-18,176.78,178.62,169.42,171.17,320946.0
328,2022-05-19,168.44,176.63,168.44,172.38,353724.0
329,2022-05-20,174.23,174.23,166.52,171.53,312490.0
330,2022-05-23,173.08,179.57,172.0,177.47,312090.0
331,2022-05-24,173.58,175.56,168.83,175.2,394258.0
332,2022-05-25,174.13,175.87,170.71,174.98,342841.0
333,2022-05-26,177.15,181.86,174.54,177.53,320544.0
334,2022-05-27,178.82,184.64,176.67,184.57,512839.0
335,2022-05-31,184.95,184.95,173.82,175.88,495901.0
336,2022-06-01,177.76,179.78,173.94,177.58,303661.0
337,2022-06-02,177.54,184.68,177.54,183.94,290202.0
338,2022-06-03,181.55,187.44,181.55,184.57,258816.0
339,2022-06-06,188.48,191.44,184.61,187.88,296084.0
340,2022-06-07,184.9,192.0,183.73,191.77,241074.0
341,2022-06-08,186.08,192.93,185.81,186.46,259037.0
342,2022-06-09,184.31,186.97,177.43,178.33,360655.0
343,2022-06-10,178.26,181.92,171.02,177.77,483406.0
344,2022-06-13,171.13,171.77,161.91,163.27,303915.0
345,2022-06-14,164.26,167.2,160.44,163.58,360013.0
346,2022-06-15,165.39,166.86,161.15,165.93,310725.0
347,2022-06-16,162.3,165.0,157.43,158.91,334125.0
348,2022-06-17,162.5,165.33,159.62,162.5,734063.0
349,2022-06-21,164.91,167.79,162.04,162.24,310850.0
350,2022-06-22,161.2,162.78,155.0,157.25,410526.0
351,2022-06-23,159.41,161.25,149.58,151.32,878405.0
352,2022-06-24,153.0,164.79,152.26,164.18,944726.0
353,2022-06-27,167.23,167.87,161.04,166.13,344303.0
354,2022-06-28,169.12,171.15,161.63,162.31,253392.0
355,2022-06-29,163.6,163.6,157.23,160.05,205280.0
356,2022-06-30,156.4,168.03,156.4,167.38,523019.0
357,2022-07-01,165.41,166.87,150.57,157.56,574518.0
358,2022-07-05,154.46,157.57,148.53,157.42,454255.0
359,2022-07-06,156.68,159.04,150.51,153.3,296159.0
360,2022-07-07,157.0,163.87,156.54,161.83,411582.0
361,2022-07-08,161.68,169.85,159.67,169.55,344947.0
362,2022-07-11,167.35,167.35,163.9,164.01,268495.0
363,2022-07-12,162.59,163.5,157.92,159.02,314867.0
364,2022-07-13,156.46,163.54,154.9,160.51,252084.0
365,2022-07-14,155.7,157.46,145.7,149.37,400394.0
366,2022-07-15,151.78,151.78,145.0,148.51,467000.0
367,2022-07-18,152.44,156.33,146.54,146.81,610870.0
368,2022-07-19,148.33,156.19,147.78,155.98,334358.0
369,2022-07-20,155.68,164.31,153.7,162.98,565271.0
370,2022-07-21,160.75,168.17,160.75,167.51,658106.0
371,2022-07-22,167.54,167.78,161.18,163.08,251711.0
372,2022-07-25,163.56,166.69,159.01,166.47,255806.0
373,2022-07-26,166.48,167.5,162.4,166.58,234884.0
374,2022-07-27,168.48,170.1,164.33,169.37,319008.0
375,2022-07-28,176.57,182.79,175.21,179.2,396312.0
376,2022-07-29,178.94,199.17,175.62,195.09,879775.0
377,2022-08-01,196.54,196.54,186.15,189.86,632687.0
378,2022-08-02,191.38,198.25,187.01,193.07,475067.0
379,2022-08-03,192.87,192.87,186.46,189.0,354487.0
380,2022-08-04,190.0,199.86,189.72,195.73,411389.0
381,2022-08-05,193.01,204.97,193.01,201.92,446230.0
382,2022-08-08,203.02,206.92,202.2,203.2,362454.0
383,2022-08-09,202.71,204.56,199.21,200.68,313715.0
384,2022-08-10,205.52,211.45,203.05,209.86,421084.0
385,2022-08-11,211.54,214.14,202.9,203.31,434185.0
386,2022-08-12,203.0,204.88,199.42,202.61,620137.0
387,2022-08-15,201.28,206.04,199.52,205.0,271803.0
388,2022-08-16,204.5,208.2,200.58,208.14,366460.0
389,2022-08-17,204.97,205.74,195.81,195.87,434108.0
390,2022-08-18,196.59,200.02,193.48,197.75,361399.0
391,2022-08-19,196.45,196.75,191.1,196.23,295402.0
392,2022-08-22,191.05,193.44,189.75,193.11,254836.0
393,2022-08-23,195.71,202.62,195.71,200.0,315401.0
394,2022-08-24,200.0,204.8,199.31,202.95,191767.0
395,2022-08-25,205.83,207.35,199.96,203.3,337835.0
396,2022-08-26,203.29,205.0,194.52,195.35,239465.0
397,2022-08-29,193.56,197.37,191.0,194.59,237585.0
398,2022-08-30,196.41,197.37,189.7,191.95,248470.0
399,2022-08-31,191.22,195.38,189.19,193.86,216637.0
400,2022-09-01,191.29,191.29,182.96,184.94,346629.0
401,2022-09-02,187.43,190.34,180.52,182.45,260880.0
402,2022-09-06,183.82,186.52,179.92,186.0,238591.0
403,2022-09-07,183.94,196.75,183.94,196.21,504826.0
404,2022-09-08,192.62,200.72,192.08,200.48,325431.0
405,2022-09-09,201.7,203.42,197.35,200.78,252626.0
406,2022-09-12,203.0,203.72,198.41,200.77,316468.0
407,2022-09-13,193.99,200.0,193.27,196.26,198056.0
408,2022-09-14,196.68,207.3,194.62,206.36,360548.0
409,2022-09-15,218.59,218.95,206.91,208.74,680233.0
410,2022-09-16,204.05,208.3,198.7,201.34,617023.0
411,2022-09-19,197.94,205.85,197.77,205.65,248647.0
412,2022-09-20,205.04,205.05,194.55,195.67,266884.0
413,2022-09-21,197.63,204.55,195.92,197.82,250381.0
414,2022-09-22,196.46,197.25,187.35,189.68,380891.0
415,2022-09-23,186.73,186.73,174.38,176.07,574565.0
416,2022-09-26,174.37,180.14,172.52,176.9,341345.0
417,2022-09-27,180.16,184.0,177.21,179.35,324739.0
418,2022-09-28,180.27,189.39,177.43,187.84,378853.0
419,2022-09-29,184.58,185.05,178.35,183.33,426128.0
420,2022-09-30,182.0,192.06,182.0,184.35,380705.0
421,2022-10-03,187.99,194.03,185.63,192.71,266915.0
422,2022-10-04,196.78,201.57,195.75,201.13,264343.0
423,2022-10-05,198.11,202.86,198.01,200.98,291810.0
424,2022-10-06,200.14,204.95,199.74,202.83,192683.0
425,2022-10-07,200.19,201.51,195.33,196.77,224695.0
426,2022-10-10,196.88,198.42,193.95,197.64,154002.0
427,2022-10-11,196.56,204.48,194.13,198.28,358510.0
428,2022-10-12,196.93,197.25,191.84,195.77,278033.0
429,2022-10-13,190.66,199.88,188.3,198.76,300450.0
430,2022-10-14,199.58,200.19,182.81,183.18,292085.0
431,2022-10-17,188.25,196.11,187.95,192.43,271123.0
432,2022-10-18,197.48,202.03,189.19,193.92,427585.0
433,2022-10-19,199.05,199.05,189.5,195.04,386681.0
434,2022-10-20,196.03,203.03,194.0,196.94,314866.0
435,2022-10-21,198.65,204.78,192.97,202.6,265227.0
436,2022-10-24,201.44,204.26,198.82,202.11,331833.0
437,2022-10-25,200.98,209.43,200.98,204.89,320591.0
438,2022-10-26,206.48,207.05,201.52,205.8,338748.0
439,2022-10-27,206.0,209.04,202.56,204.16,707911.0
440,2022-10-28,202.0,213.43,186.52,212.66,833772.0
441,2022-10-31,216.32,226.87,213.41,222.88,1031788.0
442,2022-11-01,228.04,231.08,219.19,229.15,425350.0
443,2022-11-02,229.27,230.84,216.94,218.94,332955.0
444,2022-11-03,218.35,236.74,216.06,232.28,633869.0
445,2022-11-04,237.82,240.97,223.87,230.56,467998.0
446,2022-11-07,232.66,237.49,228.7,235.52,286589.0
447,2022-11-08,236.71,242.59,231.39,239.47,263974.0
448,2022-11-09,203.61,205.14,152.57,154.31,3334794.0
449,2022-11-10,161.33,162.0,124.28,141.99,4375279.0
450,2022-11-11,145.74,150.42,139.43,139.44,1721273.0
451,2022-11-14,136.51,137.46,125.4,131.0,1976216.0
452,2022-11-15,136.31,136.44,125.62,126.49,1498765.0
453,2022-11-16,125.72,128.45,124.21,125.28,1068517.0
454,2022-11-17,123.32,126.91,120.81,122.53,1133571.0
455,2022-11-18,121.68,126.39,118.01,126.32,1244705.0
456,2022-11-21,126.23,130.35,124.58,129.13,900955.0
457,2022-11-22,126.87,132.95,124.49,132.56,1191753.0
458,2022-11-23,133.28,135.57,130.52,131.67,611104.0
459,2022-11-25,131.24,137.14,131.23,135.28,389043.0
460,2022-11-28,133.69,140.0,132.3,133.33,639308.0
461,2022-11-29,134.54,139.41,133.6,136.4,722272.0
462,2022-11-30,138.73,142.99,136.31,142.99,974510.0
463,2022-12-01,143.52,145.11,137.25,137.29,744522.0
464,2022-12-02,136.81,141.54,132.53,140.44,555253.0
465,2022-12-05,139.62,141.62,135.82,136.33,498734.0
466,2022-12-06,135.69,136.96,131.7,134.13,517155.0
467,2022-12-07,133.74,137.15,132.53,134.97,404967.0
468,2022-12-08,125.5,126.72,112.0,118.17,3840145.0
469,2022-12-09,118.5,121.36,115.57,117.2,7532931.0
470,2022-12-12,118.04,120.09,117.32,119.0,1719095.0
471,2022-12-13,121.0,121.5,116.75,120.56,1459321.0
472,2022-12-14,121.85,121.95,118.55,119.3,865956.0
473,2022-12-15,118.36,120.02,113.94,115.46,1094828.0
474,2022-12-16,114.75,117.27,112.61,116.58,2031067.0
475,2022-12-19,118.14,119.26,111.74,112.69,890114.0
476,2022-12-20,112.9,114.91,111.31,112.43,851167.0
477,2022-12-21,113.23,114.78,111.43,114.77,1426735.0
478,2022-12-22,113.95,113.95,107.68,112.08,884967.0
479,2022-12-23,112.77,114.5,111.06,112.71,1679807.0
480,2022-12-27,112.43,113.53,109.83,111.65,609851.0
481,2022-12-28,111.75,113.31,108.86,109.04,598165.0
482,2022-12-29,110.67,113.85,109.01,113.18,422425.0
483,2022-12-30,112.51,116.06,112.51,115.23,673190.0
484,2023-01-03,114.86,117.01,111.78,114.93,585889.0
485,2023-01-04,118.51,119.71,114.36,119.19,1453797.0
486,2023-01-05,118.98,120.0,117.0,117.34,717987.0
487,2023-01-06,118.77,121.98,117.25,121.95,782657.0
488,2023-01-09,123.74,125.0,121.84,123.0,763807.0
489,2023-01-10,122.89,127.79,121.62,127.35,758352.0
490,2023-01-11,129.45,131.24,126.52,127.42,652487.0
491,2023-01-12,128.35,133.91,127.65,133.71,787029.0
492,2023-01-13,133.57,135.27,130.36,132.98,523662.0
493,2023-01-17,133.19,134.74,129.53,130.36,710502.0
494,2023-01-18,131.27,134.95,129.05,129.45,489248.0
495,2023-01-19,130.21,130.21,123.57,125.66,563132.0
496,2023-01-20,127.01,128.74,124.93,127.23,621429.0
497,2023-01-23,127.46,131.51,126.9,131.28,375906.0
498,2023-01-24,131.43,132.26,127.48,128.33,352569.0
499,2023-01-25,126.36,127.15,124.72,125.44,489928.0
500,2023-01-26,127.36,129.03,124.72,128.49,514177.0
501,2023-01-27,127.02,128.82,126.19,127.83,223104.0
502,2023-01-30,126.65,128.63,125.43,125.8,496745.0
503,2023-01-31,125.55,134.4,125.39,133.98,735341.0
504,2023-02-01,132.5,140.0,132.5,137.69,734040.0
505,2023-02-02,139.41,141.57,135.75,138.01,688187.0
506,2023-02-03,137.21,140.88,135.93,138.16,449934.0
507,2023-02-06,137.44,139.48,133.41,136.64,380674.0
508,2023-02-07,136.62,138.5,134.59,138.23,354438.0
509,2023-02-08,138.14,139.96,133.39,134.41,342119.0
510,2023-02-09,136.5,137.2,133.52,134.51,406263.0
511,2023-02-10,134.79,137.61,133.55,136.97,441106.0
512,2023-02-13,136.72,137.34,131.59,131.65,643386.0
513,2023-02-14,130.27,134.97,129.15,134.09,404566.0
514,2023-02-15,133.92,138.21,132.2,137.23,434444.0
515,2023-02-16,135.47,138.54,132.91,133.08,509127.0
516,2023-02-17,133.51,134.75,130.83,132.27,559993.0
517,2023-02-21,130.91,132.32,125.84,125.9,561450.0
518,2023-02-22,125.49,129.63,125.49,128.63,456723.0
519,2023-02-23,131.22,132.56,127.44,130.92,561690.0
520,2023-02-24,134.32,140.12,129.33,138.87,1012984.0
521,2023-02-27,139.63,141.3,134.77,135.14,703773.0
522,2023-02-28,135.53,136.74,132.81,133.5,750535.0
523,2023-03-01,133.17,135.88,132.79,135.32,440500.0
524,2023-03-02,133.23,138.26,133.23,137.04,484315.0
525,2023-03-03,137.85,143.66,136.01,142.93,863295.0
526,2023-03-06,143.84,148.69,143.45,148.28,1007713.0
527,2023-03-07,148.78,152.0,147.7,147.7,1206039.0
528,2023-03-08,147.99,152.5,145.03,150.0,974519.0
529,2023-03-09,149.45,151.95,143.94,143.98,683341.0
530,2023-03-10,143.44,143.44,131.11,132.13,1250724.0
531,2023-03-13,128.41,128.41,115.81,116.5,2341510.0
532,2023-03-14,121.54,131.99,121.5,127.33,1385562.0
533,2023-03-15,122.34,123.27,115.66,118.2,973109.0
534,2023-03-16,115.42,117.94,113.11,117.49,797580.0
535,2023-03-17,117.01,118.61,101.44,102.94,2080904.0
536,2023-03-20,104.29,111.21,102.91,109.3,1229664.0
537,2023-03-21,115.14,120.69,113.9,120.24,1075678.0
538,2023-03-22,121.23,122.2,114.99,115.23,947232.0
539,2023-03-23,115.64,119.97,113.5,115.88,636224.0
540,2023-03-24,112.57,114.36,109.25,111.59,722467.0
541,2023-03-27,114.25,117.59,112.5,115.78,706453.0
542,2023-03-28,115.41,118.14,115.35,116.79,438828.0
543,2023-03-29,118.69,121.19,117.81,119.97,468282.0
544,2023-03-30,122.66,123.89,120.5,121.82,425741.0
545,2023-03-31,123.15,126.43,123.15,125.4,701214.0
546,2023-04-03,125.99,127.78,120.97,122.23,589250.0
547,2023-04-04,123.06,123.06,113.33,114.96,636260.0
548,2023-04-05,113.09,113.76,106.84,111.54,859434.0
549,2023-04-06,111.19,111.19,106.4,106.64,681190.0
550,2023-04-10,106.08,111.86,105.9,111.54,427265.0
551,2023-04-11,111.53,113.65,111.05,112.4,873410.0
552,2023-04-12,117.51,127.54,117.01,126.02,1798074.0
553,2023-04-13,125.88,128.41,125.26,127.66,804936.0
554,2023-04-14,127.35,128.85,126.63,127.8,706879.0
555,2023-04-17,129.82,130.74,126.59,128.11,406383.0
556,2023-04-18,128.13,130.6,127.2,128.93,515357.0
557,2023-04-19,127.17,128.51,123.9,128.36,438240.0
558,2023-04-20,125.9,129.74,125.04,128.83,379281.0
559,2023-04-21,129.12,129.9,126.74,129.5,505016.0
560,2023-04-24,128.83,134.26,128.83,133.25,401540.0
561,2023-04-25,130.86,132.69,128.51,128.97,564270.0
562,2023-04-26,127.14,129.55,125.47,128.19,493935.0
563,2023-04-27,129.42,130.58,127.73,129.91,495148.0
564,2023-04-28,138.16,138.16,129.12,133.1,954588.0
565,2023-05-01,131.48,131.59,125.14,128.22,1064324.0
566,2023-05-02,127.13,127.34,121.93,122.11,813606.0
567,2023-05-03,120.26,122.67,116.48,117.3,806186.0
568,2023-05-04,114.56,118.77,111.76,118.75,1026648.0
569,2023-05-05,122.18,127.28,121.92,126.53,548452.0
570,2023-05-08,129.43,131.65,127.18,127.48,503033.0
571,2023-05-09,126.1,127.81,124.53,124.71,354542.0
572,2023-05-10,126.96,127.38,120.33,120.8,373999.0
573,2023-05-11,118.0,119.48,115.56,117.71,375491.0
574,2023-05-12,117.56,117.73,112.33,114.28,570939.0
575,2023-05-15,115.19,116.78,113.18,115.45,561760.0
576,2023-05-16,114.39,115.21,111.46,112.46,459968.0
577,2023-05-17,113.25,119.11,111.51,118.28,734533.0
578,2023-05-18,117.8,119.12,114.97,119.0,453703.0
579,2023-05-19,120.81,120.9,114.03,115.43,625537.0
580,2023-05-22,116.4,119.82,115.63,119.78,600287.0
581,2023-05-23,118.94,120.75,115.67,116.56,597737.0
582,2023-05-24,114.31,115.57,111.44,112.18,560050.0
583,2023-05-25,111.86,112.64,108.92,111.07,527554.0
584,2023-05-26,111.69,111.85,108.31,111.18,521839.0
585,2023-05-30,112.27,115.81,111.29,113.13,387173.0
586,2023-05-31,112.53,113.17,109.6,109.73,615075.0
587,2023-06-01,108.77,112.44,106.66,111.47,633845.0
588,2023-06-02,114.35,121.28,113.71,121.27,617646.0
589,2023-06-05,121.75,121.75,117.52,119.16,359578.0
590,2023-06-06,117.68,127.33,117.68,124.11,687308.0
591,2023-06-07,125.99,133.54,124.78,132.91,1077716.0
592,2023-06-08,133.25,134.68,128.69,131.99,733181.0
593,2023-06-09,132.7,132.7,129.08,131.49,629806.0
594,2023-06-12,132.24,142.99,131.77,141.53,1205725.0
595,2023-06-13,141.93,147.46,141.04,145.2,1131069.0
596,2023-06-14,145.89,146.14,136.04,138.73,599403.0
597,2023-06-15,138.25,148.71,138.17,147.05,709639.0
598,2023-06-16,148.27,148.27,141.77,143.59,754095.0
599,2023-06-20,142.99,151.1,141.46,150.82,1140675.0
600,2023-06-21,149.06,156.26,146.5,155.23,914999.0
601,2023-06-22,153.54,154.56,148.98,151.8,580483.0
602,2023-06-23,147.28,149.96,147.01,149.34,1259246.0
603,2023-06-26,149.34,155.14,148.76,152.88,575511.0
604,2023-06-27,153.35,154.66,150.65,153.33,480157.0
605,2023-06-28,152.82,155.5,151.51,154.61,436146.0
606,2023-06-29,155.15,159.15,153.74,157.38,416232.0
607,2023-06-30,159.5,162.32,157.18,159.79,462220.0
608,2023-07-03,160.2,161.27,157.1,157.1,145446.0
609,2023-07-05,154.98,157.55,152.49,155.91,419145.0
610,2023-07-06,152.87,153.02,146.74,150.31,472279.0
611,2023-07-07,150.39,158.97,149.34,155.43,495245.0
612,2023-07-10,154.8,162.97,154.8,162.37,501197.0
613,2023-07-11,163.49,164.77,159.76,161.19,397508.0
614,2023-07-12,160.8,164.12,160.65,161.32,425643.0
615,2023-07-13,161.99,165.0,161.5,164.5,434480.0
616,2023-07-14,165.02,165.02,159.56,160.72,945292.0
617,2023-07-17,162.12,167.97,159.08,167.71,513617.0
618,2023-07-18,167.72,171.58,166.4,170.76,402329.0
619,2023-07-19,170.74,173.62,169.3,171.97,455486.0
620,2023-07-20,173.01,173.01,165.39,167.2,445330.0
621,2023-07-21,169.4,169.4,163.95,165.55,356411.0
622,2023-07-24,166.78,169.33,162.9,163.62,289726.0
623,2023-07-25,162.52,165.0,161.0,162.93,430495.0
624,2023-07-26,161.44,163.82,160.38,161.23,411379.0
625,2023-07-27,162.0,162.2,157.2,158.57,615176.0
626,2023-07-28,171.26,176.02,166.53,171.26,1328937.0
627,2023-07-31,172.89,182.74,172.63,182.16,975179.0
628,2023-08-01,179.88,181.15,175.98,178.98,609470.0
629,2023-08-02,173.95,176.1,169.73,171.06,552246.0
630,2023-08-03,170.71,171.58,166.65,170.13,331719.0
631,2023-08-04,171.61,172.53,167.01,167.2,402736.0
632,2023-08-07,168.05,170.17,161.63,163.78,1646549.0
633,2023-08-08,159.38,165.82,159.11,165.76,518977.0
634,2023-08-09,170.66,174.22,167.02,167.24,543742.0
635,2023-08-10,165.69,171.02,164.5,165.62,267954.0
636,2023-08-11,164.91,169.22,163.52,168.42,222003.0
637,2023-08-14,168.03,170.17,166.57,169.53,207063.0
638,2023-08-15,167.78,168.32,162.7,163.4,299931.0
639,2023-08-16,161.08,167.64,160.37,163.81,378487.0
640,2023-08-17,163.9,167.49,161.7,162.0,305553.0
641,2023-08-18,160.06,165.69,160.02,162.19,301152.0
642,2023-08-21,162.37,166.34,161.93,164.97,242600.0
643,2023-08-22,166.86,167.26,161.83,164.76,239702.0
644,2023-08-23,166.22,170.87,163.75,169.26,261654.0
645,2023-08-24,167.4,169.02,164.84,164.92,195928.0
646,2023-08-25,167.29,168.01,162.74,166.01,215534.0
647,2023-08-28,168.2,171.0,167.7,170.48,226515.0
648,2023-08-29,170.22,177.71,169.82,176.89,434549.0
649,2023-08-30,177.0,179.93,175.73,178.43,353335.0
650,2023-08-31,178.13,182.05,177.15,180.58,297990.0
651,2023-09-01,182.23,184.65,180.0,183.06,342601.0
652,2023-09-05,182.06,182.39,178.42,179.88,345861.0
653,2023-09-06,179.63,181.45,177.9,179.34,237360.0
654,2023-09-07,177.4,179.01,173.54,176.97,282056.0
655,2023-09-08,177.11,177.94,174.57,174.61,299547.0
656,2023-09-11,176.58,179.37,174.66,175.19,340898.0
657,2023-09-12,174.27,179.43,173.75,176.05,454855.0
658,2023-09-13,175.17,175.29,169.33,172.33,324869.0
659,2023-09-14,175.21,177.21,172.82,174.51,232362.0
660,2023-09-15,173.43,174.37,169.3,171.49,620736.0
661,2023-09-18,172.02,174.67,170.9,171.26,400736.0
662,2023-09-19,175.1,175.51,170.31,172.77,286721.0
663,2023-09-20,174.52,176.85,168.66,168.77,358225.0
664,2023-09-21,166.99,168.49,164.39,164.96,340584.0
665,2023-09-22,163.78,167.67,163.78,166.74,283547.0
666,2023-09-25,167.25,171.86,167.25,170.66,291162.0
667,2023-09-26,168.66,169.96,162.55,162.94,400267.0
668,2023-09-27,165.07,168.44,164.02,166.25,397461.0
669,2023-09-28,165.78,170.5,165.59,169.36,218290.0
670,2023-09-29,171.52,173.65,169.02,169.12,282126.0
671,2023-10-02,168.32,170.66,166.36,166.67,286206.0
672,2023-10-03,165.08,166.29,159.52,161.46,488846.0
673,2023-10-04,161.14,161.14,149.63,153.97,682329.0
674,2023-10-05,151.16,153.82,146.51,147.61,740729.0
675,2023-10-06,146.31,151.66,144.82,151.16,890581.0
676,2023-10-09,149.25,155.33,149.22,154.12,365670.0
677,2023-10-10,155.61,159.43,155.22,158.01,380328.0
678,2023-10-11,158.82,164.68,156.92,164.62,555181.0
679,2023-10-12,165.09,165.09,156.41,160.33,423508.0
680,2023-10-13,160.95,161.97,155.67,157.39,402440.0
681,2023-10-16,160.21,163.25,158.13,159.32,275025.0
682,2023-10-17,157.73,167.95,155.56,166.17,484804.0
683,2023-10-18,162.46,163.52,159.86,159.87,383279.0
684,2023-10-19,158.54,160.0,154.22,155.04,386033.0
685,2023-10-20,154.3,154.53,150.11,150.31,314493.0
686,2023-10-23,149.05,151.6251,148.05,148.29,314906.0
687,2023-10-24,151.34,153.475,149.23,150.83,279126.0
688,2023-10-25,148.82,150.0,146.65,146.7,338978.0
689,2023-10-26,147.43,149.69,145.82,146.58,531243.0
690,2023-10-27,138.46,142.54,109.48,110.12,4426036.0
691,2023-10-30,114.52,123.38,114.4,121.33,1934415.0
692,2023-10-31,123.83,123.83,115.27,116.23,870009.0
693,2023-11-01,114.84,117.57,111.825,114.84,921798.0
694,2023-11-02,119.99,122.61,117.56,122.33,768649.0
695,2023-11-03,124.99,128.45,121.7764,122.5,705325.0
696,2023-11-06,123.31,123.7,119.23,119.86,410058.0
697,2023-11-07,118.5,119.0,114.88,116.95,582659.0
698,2023-11-08,116.61,119.15,115.7401,118.35,436577.0
699,2023-11-09,120.17,120.17,114.98,116.31,466734.0
700,2023-11-10,117.04,117.52,112.65,115.01,735233.0
701,2023-11-13,114.25,116.81,113.99,114.4,1393738.0
702,2023-11-14,118.71,126.11,118.71,124.55,753735.0
703,2023-11-15,124.89,129.85,124.89,125.93,876084.0
704,2023-11-16,124.61,125.37,119.91,121.49,444041.0
705,2023-11-17,123.58,125.715,122.61,125.69,694842.0
706,2023-11-20,126.12,128.84,124.97,127.28,473807.0
707,2023-11-21,126.26,130.06,124.86,128.65,621408.0
708,2023-11-22,129.76,132.81,127.49,132.75,578888.0
709,2023-11-24,132.42,135.35,131.59,133.74,326940.0
710,2023-11-27,132.62,133.99,130.33,131.64,693661.0
711,2023-11-28,130.0,130.82,125.0,125.4,754264.0
712,2023-11-29,127.15,128.91,125.995,126.57,633697.0
713,2023-11-30,127.69,132.24,125.8901,130.03,720730.0
714,2023-12-01,129.67,135.139,129.3286,134.84,696819.0
715,2023-12-04,133.64,137.02,132.04,132.65,531212.0
716,2023-12-05,131.64,131.64,125.04,125.83,738972.0
717,2023-12-06,127.68,129.31,121.69,121.74,511391.0
718,2023-12-07,122.0,125.8,121.54,124.41,1040518.0
719,2023-12-08,124.26,126.16,121.2896,123.63,404646.0
720,2023-12-11,123.34,127.44,122.6861,126.63,522146.0
721,2023-12-12,125.89,125.925,121.09,121.98,811555.0
722,2023-12-13,121.53,126.47,116.83,126.09,1767142.0
723,2023-12-14,130.2,137.75,129.95,131.29,1353068.0
724,2023-12-15,132.05,133.51,128.38,129.93,1280118.0
725,2023-12-18,131.69,133.96,129.2,130.16,580584.0
726,2023-12-19,131.59,133.21,130.22,132.21,534314.0
727,2023-12-20,130.8,135.4,129.84,129.94,757351.0
728,2023-12-21,131.0,136.66,130.65,135.19,695410.0
729,2023-12-22,135.0,137.28,134.0,134.34,343913.0
730,2023-12-26,134.91,138.95,134.91,137.94,279014.0
731,2023-12-27,138.49,140.55,137.92,139.16,350282.0
732,2023-12-28,138.45,142.2,137.83,139.4,516911.0
733,2023-12-29,138.93,139.4293,136.2,136.33,413673.0
734,2024-01-02,135.65,138.44,134.48,135.22,323153.0
735,2024-01-03,133.09,133.645,129.75,131.62,503371.0
736,2024-01-04,134.0,138.8,132.2988,133.07,501897.0
737,2024-01-05,131.89,134.9764,130.76,133.13,433691.0
738,2024-01-08,132.48,133.99,129.04,133.25,588092.0
739,2024-01-09,130.6,131.59,126.93,129.98,503852.0
740,2024-01-10,129.56,130.155,126.745,129.11,500596.0
741,2024-01-11,128.03,132.87,126.41,132.58,484850.0
742,2024-01-12,136.04,138.65,132.28,132.99,481344.0
743,2024-01-16,131.29,132.3,127.32,127.34,735585.0
744,2024-01-17,125.0,127.0745,124.01,126.91,595569.0
745,2024-01-18,127.63,132.165,127.01,130.0,533319.0
746,2024-01-19,130.68,130.68,123.025,125.86,776136.0
747,2024-01-22,126.87,129.951,126.17,129.69,553417.0
748,2024-01-23,131.83,131.91,125.5,128.82,364930.0
749,2024-01-24,130.46,131.11,118.69,118.73,941497.0
750,2024-01-25,120.5,121.67,114.82,119.55,1143074.0
751,2024-01-26,119.54,120.075,110.18,110.53,1807299.0
752,2024-01-29,113.01,119.62,111.43,119.52,1819413.0
753,2024-01-30,117.72,123.5,117.72,120.84,1790445.0
754,2024-01-31,121.2,122.42,116.5,116.72,635575.0
755,2024-02-01,118.81,121.84,116.3,121.74,709290.0
756,2024-02-02,120.14,122.29,118.33,120.92,358617.0
757,2024-02-05,118.26,118.67,114.27,116.89,479610.0
758,2024-02-06,116.55,118.33,115.0,118.31,426784.0
759,2024-02-07,119.43,119.99,116.65,117.24,484728.0
760,2024-02-08,116.58,118.915,115.45,118.72,733963.0
761,2024-02-09,119.31,122.9,117.4,122.24,460500.0
762,2024-02-12,122.22,129.38,122.22,125.81,635177.0
763,2024-02-13,121.07,123.66,120.19,122.04,531973.0
764,2024-02-14,124.04,127.155,122.035,126.59,476753.0
765,2024-02-15,127.91,132.88,127.91,132.62,790094.0
766,2024-02-16,131.58,133.5,130.8,132.12,634579.0
