,date,open,high,low,close,volume
0,2021-07-29,38.0,40.25,33.35,34.82,102474737.0
1,2021-07-30,34.93,36.98,33.25,35.15,40632228.0
2,2021-08-02,35.97,37.98,35.3,37.68,19948534.0
3,2021-08-03,37.91,48.59,37.16,46.8,93819198.0
4,2021-08-04,54.45,85.0,54.4,70.39,175790537.0
5,2021-08-05,62.9,66.5,50.46,50.97,82470402.0
6,2021-08-06,57.77,60.88,53.1,55.01,70131720.0
7,2021-08-09,59.08,59.96,56.0,56.83,27495240.0
8,2021-08-10,56.49,58.49,53.5,53.94,17066352.0
9,2021-08-11,54.57,54.61,49.0,51.19,15893137.0
10,2021-08-12,50.13,50.39,47.52,48.1,13426242.0
11,2021-08-13,48.45,53.2,48.22,50.63,25659808.0
12,2021-08-16,49.4,49.79,47.0,47.19,12052503.0
13,2021-08-17,47.3,48.85,46.01,46.67,9160299.0
14,2021-08-18,47.97,52.06,47.2,49.8,24407995.0
15,2021-08-19,45.06,46.88,44.14,44.69,18517574.0
16,2021-08-20,45.2,45.56,42.44,42.64,11764299.0
17,2021-08-23,44.16,46.85,43.32,45.29,15664716.0
18,2021-08-24,46.46,50.24,46.0,49.38,17122747.0
19,2021-08-25,48.43,50.99,47.5,48.98,10837516.0
20,2021-08-26,48.0,49.85,46.4,46.86,7187728.0
21,2021-08-27,46.8,48.1,46.14,46.87,6058053.0
22,2021-08-30,46.3,46.6,42.56,43.64,12363840.0
23,2021-08-31,42.03,44.5,41.51,44.32,8847512.0
24,2021-09-01,43.76,47.12,43.7,44.57,11012953.0
25,2021-09-02,45.2,45.8,44.2,44.49,4099172.0
26,2021-09-03,44.69,44.88,43.15,43.35,4676645.0
27,2021-09-07,43.33,43.39,41.75,42.13,6179176.0
28,2021-09-08,42.0,42.21,39.81,40.05,7834862.0
29,2021-09-09,40.5,42.54,40.38,41.28,6981918.0
30,2021-09-10,41.5,42.52,40.72,41.17,5521802.0
31,2021-09-13,41.22,41.39,39.8,40.6,4309173.0
32,2021-09-14,41.0,41.0,39.23,40.02,4298047.0
33,2021-09-15,40.2,41.94,39.83,41.87,5835873.0
34,2021-09-16,41.62,42.43,40.91,41.95,4206706.0
35,2021-09-17,41.92,42.9,41.9,42.38,5000840.0
36,2021-09-20,40.62,41.56,40.03,40.7,4437794.0
37,2021-09-21,41.04,42.69,40.79,42.29,5984827.0
38,2021-09-22,43.0,46.94,42.76,46.88,14619488.0
39,2021-09-23,46.29,47.84,44.71,45.94,12129439.0
40,2021-09-24,44.7,46.55,44.35,44.91,6057991.0
41,2021-09-27,44.93,45.91,43.95,44.76,4041686.0
42,2021-09-28,43.92,45.96,42.51,44.62,5791895.0
43,2021-09-29,44.17,45.46,43.1,43.13,4597599.0
44,2021-09-30,43.13,43.13,41.41,42.08,3535993.0
45,2021-10-01,42.36,42.78,41.12,41.9,2655845.0
46,2021-10-04,41.8,41.81,40.25,40.93,2647750.0
47,2021-10-05,41.07,42.49,41.05,42.01,2813392.0
48,2021-10-06,42.0,42.65,41.7,42.06,2730242.0
49,2021-10-07,42.24,42.84,41.68,41.84,2895418.0
50,2021-10-08,41.8,42.06,41.05,41.78,3688931.0
51,2021-10-11,41.17,42.47,41.01,42.07,3733178.0
52,2021-10-12,42.0,42.05,40.5,40.53,3717965.0
53,2021-10-13,40.62,40.83,39.86,40.52,3914428.0
54,2021-10-14,40.59,41.79,40.55,40.93,3827495.0
55,2021-10-15,41.64,41.7,40.86,41.03,2579553.0
56,2021-10-18,40.95,41.25,40.31,40.65,4019789.0
57,2021-10-19,40.91,41.8,40.54,41.7,4529214.0
58,2021-10-20,41.89,42.44,41.02,41.83,4057555.0
59,2021-10-21,41.93,43.36,41.21,41.28,5377739.0
60,2021-10-22,41.13,41.13,39.59,39.59,5916837.0
61,2021-10-25,39.76,39.87,38.15,39.01,8081732.0
62,2021-10-26,39.61,40.25,39.0,39.57,13250919.0
63,2021-10-27,35.98,36.19,34.44,35.44,29082790.0
64,2021-10-28,35.21,35.52,33.99,35.47,17441533.0
65,2021-10-29,35.65,35.85,34.8,34.97,10687377.0
66,2021-11-01,35.2,35.22,34.42,34.85,7946006.0
67,2021-11-02,34.72,34.99,34.34,34.99,5547732.0
68,2021-11-03,34.94,37.5,34.68,37.04,15342781.0
69,2021-11-04,37.03,37.95,36.5,37.07,6474368.0
70,2021-11-05,37.0,37.41,36.65,37.01,4744776.0
71,2021-11-08,37.06,38.17,36.52,37.98,7149237.0
72,2021-11-09,36.76,37.2,36.45,36.7,7130040.0
73,2021-11-10,35.9,36.11,33.75,34.49,14707521.0
74,2021-11-11,34.82,34.84,34.04,34.17,6037956.0
75,2021-11-12,34.65,35.9,34.59,35.21,8727757.0
76,2021-11-15,35.5,35.61,34.23,34.96,6219582.0
77,2021-11-16,34.37,34.44,32.87,33.87,8929807.0
78,2021-11-17,33.8,33.98,32.81,32.88,6763787.0
79,2021-11-18,32.9,32.93,30.41,30.53,12654119.0
80,2021-11-19,30.3,30.8,28.8,28.99,14289543.0
81,2021-11-22,29.0,29.36,27.44,27.84,12690388.0
82,2021-11-23,27.6,28.3,26.57,27.65,8654347.0
83,2021-11-24,27.54,28.54,27.51,27.98,5980076.0
84,2021-11-26,27.08,29.22,27.05,27.92,5503000.0
85,2021-11-29,28.1,28.29,25.75,27.07,15203897.0
86,2021-11-30,26.69,27.56,25.81,25.94,22291032.0
87,2021-12-01,26.35,26.39,23.89,23.93,37653088.0
88,2021-12-02,23.96,24.29,23.34,24.2,14035688.0
89,2021-12-03,23.92,24.06,21.5,21.55,16825218.0
90,2021-12-06,21.34,22.05,20.58,21.9,12053688.0
91,2021-12-07,22.65,23.33,22.02,22.73,11058383.0
92,2021-12-08,23.0,23.74,21.76,23.72,15159432.0
93,2021-12-09,23.27,23.48,21.7,21.91,14155120.0
94,2021-12-10,21.78,21.81,19.82,20.13,22116637.0
95,2021-12-13,19.7,20.2,18.86,19.7,18086872.0
96,2021-12-14,19.16,19.56,18.42,19.13,21065868.0
97,2021-12-15,19.0,19.8,17.89,19.5,22439347.0
98,2021-12-16,19.24,19.89,17.71,18.14,20919960.0
99,2021-12-17,17.88,19.37,17.07,19.1,20788720.0
100,2021-12-20,18.27,18.93,17.59,18.03,13652145.0
101,2021-12-21,18.1,19.03,17.98,18.93,10885189.0
102,2021-12-22,18.64,18.88,18.04,18.38,16627760.0
103,2021-12-23,18.31,19.25,17.89,18.9,13067516.0
104,2021-12-27,18.83,18.85,18.21,18.44,12360220.0
105,2021-12-28,18.15,18.53,17.4,17.45,15814896.0
106,2021-12-29,17.45,17.67,16.68,17.11,12534757.0
107,2021-12-30,17.18,18.72,17.14,18.2,16128456.0
108,2021-12-31,18.12,18.76,17.72,17.76,10931131.0
109,2022-01-03,18.05,18.94,17.91,18.44,16128983.0
110,2022-01-04,18.39,18.45,16.84,17.4,28170145.0
111,2022-01-05,17.3,17.5,15.77,15.98,30878596.0
112,2022-01-06,15.8,16.05,14.8,15.58,50293158.0
113,2022-01-07,15.62,16.48,15.52,15.89,23053667.0
114,2022-01-10,15.35,16.0,14.75,15.61,22173436.0
115,2022-01-11,15.53,16.82,15.33,16.41,20145318.0
116,2022-01-12,16.63,17.21,16.06,16.25,15831365.0
117,2022-01-13,16.26,16.39,15.26,15.3,16354458.0
118,2022-01-14,15.09,15.73,14.73,15.17,16689711.0
119,2022-01-18,14.9,14.96,14.26,14.4,15746277.0
120,2022-01-19,14.46,14.65,13.84,13.89,15014166.0
121,2022-01-20,14.1,14.84,13.65,13.69,20377477.0
122,2022-01-21,13.47,13.68,12.77,12.98,23868759.0
123,2022-01-24,12.25,13.16,11.15,13.12,36969492.0
124,2022-01-25,12.87,13.47,12.71,13.05,18463047.0
125,2022-01-26,13.35,13.58,12.34,12.41,22797230.0
126,2022-01-27,12.66,12.66,11.4,11.61,39144259.0
127,2022-01-28,9.97,12.86,9.94,12.73,69488935.0
128,2022-01-31,12.64,14.54,11.85,14.15,52585171.0
129,2022-02-01,14.29,14.74,13.41,14.65,29358452.0
130,2022-02-02,14.59,14.85,13.54,14.02,24362532.0
131,2022-02-03,13.41,14.68,13.24,14.15,22621592.0
132,2022-02-04,14.16,15.33,13.77,15.18,23091534.0
133,2022-02-07,15.06,15.24,13.77,13.91,24001215.0
134,2022-02-08,13.82,13.82,12.93,13.38,25121068.0
135,2022-02-09,13.59,14.28,13.22,13.91,23897045.0
136,2022-02-10,13.38,14.7,13.32,13.52,27800941.0
137,2022-02-11,13.61,14.19,13.07,13.32,17639072.0
138,2022-02-14,13.11,13.87,12.97,13.35,21779456.0
139,2022-02-15,13.68,13.77,13.31,13.67,17184968.0
140,2022-02-16,13.52,14.06,13.28,13.51,16271191.0
141,2022-02-17,13.35,13.49,12.15,12.25,23159167.0
142,2022-02-18,12.35,12.44,11.64,11.81,19269403.0
143,2022-02-22,11.47,11.74,10.98,11.31,22042980.0
144,2022-02-23,11.37,11.6,10.83,10.86,16146097.0
145,2022-02-24,10.0,11.65,9.93,11.51,31330210.0
146,2022-02-25,11.54,11.7,10.91,11.61,15928389.0
147,2022-02-28,11.5,12.1,11.31,12.01,17105354.0
148,2022-03-01,12.06,12.26,11.51,11.77,12587284.0
149,2022-03-02,11.77,11.77,11.08,11.49,11838730.0
150,2022-03-03,11.52,11.83,11.11,11.38,14725911.0
151,2022-03-04,11.19,11.67,10.85,10.96,18233579.0
152,2022-03-07,11.04,12.03,11.04,11.42,26532039.0
153,2022-03-08,11.26,12.07,11.01,11.75,16700256.0
154,2022-03-09,11.99,12.47,11.9,12.42,18056459.0
155,2022-03-10,12.03,12.11,11.61,12.05,15593357.0
156,2022-03-11,12.44,12.46,11.01,11.02,21050120.0
157,2022-03-14,10.91,11.14,10.4,10.65,17131252.0
158,2022-03-15,10.53,11.12,10.2,11.04,16286648.0
159,2022-03-16,11.25,12.85,11.19,12.78,35061550.0
160,2022-03-17,12.63,13.71,12.46,13.39,27387013.0
161,2022-03-18,13.33,13.95,13.21,13.44,25838103.0
162,2022-03-21,13.29,13.3,12.51,13.05,23467395.0
163,2022-03-22,13.18,13.86,12.89,13.42,22472718.0
164,2022-03-23,13.26,13.34,12.72,13.08,15530558.0
165,2022-03-24,13.02,13.25,12.61,12.96,10404281.0
166,2022-03-25,12.88,12.98,12.26,12.39,11156887.0
167,2022-03-28,12.46,13.02,12.28,12.81,12380208.0
168,2022-03-29,13.19,16.49,13.15,15.91,101513589.0
169,2022-03-30,15.58,15.66,14.4,14.56,36848463.0
170,2022-03-31,14.62,14.64,13.49,13.51,26911112.0
171,2022-04-01,13.54,13.75,13.23,13.5,19581990.0
172,2022-04-04,13.5,13.93,13.37,13.83,12972273.0
173,2022-04-05,13.8,13.95,12.91,13.03,13238525.0
174,2022-04-06,12.77,12.89,12.04,12.51,15547794.0
175,2022-04-07,12.41,12.66,11.56,12.07,14671662.0
176,2022-04-08,11.46,11.69,11.06,11.24,25046542.0
177,2022-04-11,11.02,11.51,10.84,11.35,14568299.0
178,2022-04-12,11.66,12.08,11.36,11.43,13906405.0
179,2022-04-13,11.32,11.93,11.25,11.89,9031765.0
180,2022-04-14,11.78,11.89,11.31,11.38,12083941.0
181,2022-04-18,11.29,11.39,10.9,10.99,11319980.0
182,2022-04-19,10.98,11.64,10.83,11.56,13253461.0
183,2022-04-20,11.55,11.56,10.68,10.71,15342371.0
184,2022-04-21,10.87,11.11,10.2,10.44,14642011.0
185,2022-04-22,10.4,10.66,10.15,10.26,13172512.0
186,2022-04-25,10.13,10.45,9.98,10.39,13322012.0
187,2022-04-26,10.33,10.51,9.85,10.0,14430940.0
188,2022-04-27,9.6,10.04,9.38,9.51,18996438.0
189,2022-04-28,9.6,10.2,9.26,10.09,26970218.0
190,2022-04-29,9.05,10.79,9.0,9.81,32541441.0
191,2022-05-02,9.76,10.49,9.52,10.48,22709522.0
192,2022-05-03,10.12,10.51,9.64,10.1,27084033.0
193,2022-05-04,10.09,10.92,9.85,10.9,26056568.0
194,2022-05-05,10.85,10.97,10.37,10.61,17641309.0
195,2022-05-06,10.5,10.67,9.91,10.12,15359704.0
196,2022-05-09,9.86,10.24,9.39,9.5,18935672.0
197,2022-05-10,9.64,9.94,8.92,9.27,22732726.0
198,2022-05-11,8.98,9.37,8.01,8.15,31547653.0
199,2022-05-12,7.9,8.83,7.71,8.56,32064204.0
200,2022-05-13,10.54,10.86,9.84,10.69,48560109.0
201,2022-05-16,10.64,10.64,9.95,10.11,20918850.0
202,2022-05-17,10.35,10.55,9.5,10.06,21824173.0
203,2022-05-18,9.9,10.45,9.68,9.73,16585309.0
204,2022-05-19,9.74,10.45,9.63,10.21,15708480.0
205,2022-05-20,10.35,10.55,9.57,10.08,12809194.0
206,2022-05-23,9.99,10.12,9.55,10.06,14168632.0
207,2022-05-24,9.89,9.92,8.97,9.11,12972025.0
208,2022-05-25,9.07,9.37,8.97,9.23,11818549.0
209,2022-05-26,9.12,9.54,9.06,9.28,10712865.0
210,2022-05-27,9.35,10.42,9.28,10.38,17019175.0
211,2022-05-31,10.26,10.55,9.99,10.06,24393248.0
212,2022-06-01,9.96,10.01,9.22,9.37,21328627.0
213,2022-06-02,9.29,9.72,9.15,9.7,13422649.0
214,2022-06-03,9.38,9.45,9.05,9.17,13193820.0
215,2022-06-06,9.26,9.8,9.05,9.11,24087682.0
216,2022-06-07,8.73,8.8,8.25,8.72,31787732.0
217,2022-06-08,8.66,8.93,8.23,8.38,32988704.0
218,2022-06-09,8.29,8.43,8.0,8.03,19896545.0
219,2022-06-10,7.74,8.12,7.61,7.81,21966950.0
220,2022-06-13,7.3,7.48,7.02,7.23,27700924.0
221,2022-06-14,7.24,7.48,7.1,7.23,16209797.0
222,2022-06-15,7.04,7.21,6.87,7.05,32870960.0
223,2022-06-16,6.94,7.14,6.81,6.89,21709324.0
224,2022-06-17,6.84,7.22,6.84,7.19,18196681.0
225,2022-06-21,7.35,8.02,7.35,7.55,19619915.0
226,2022-06-22,7.3,7.73,7.28,7.49,15393814.0
227,2022-06-23,7.75,8.07,7.61,7.98,16915781.0
228,2022-06-24,8.08,8.38,7.84,8.0,60504156.0
229,2022-06-27,8.12,9.72,7.82,9.12,73442383.0
230,2022-06-28,9.06,9.3,8.77,8.87,34601288.0
231,2022-06-29,8.52,8.82,8.44,8.47,12722088.0
232,2022-06-30,8.43,8.51,8.06,8.22,13039411.0
233,2022-07-01,8.22,8.4,8.02,8.18,10408952.0
234,2022-07-05,8.02,8.44,7.78,8.4,12885339.0
235,2022-07-06,8.44,8.8,8.26,8.63,14051328.0
236,2022-07-07,8.62,9.02,8.49,9.02,12394425.0
237,2022-07-08,8.85,9.25,8.76,9.0,9873567.0
238,2022-07-11,8.86,8.94,8.29,8.34,10191393.0
239,2022-07-12,8.36,8.52,8.1,8.4,11153516.0
240,2022-07-13,8.2,8.47,8.08,8.36,8250618.0
241,2022-07-14,8.29,8.35,8.05,8.24,8006959.0
242,2022-07-15,8.3,8.42,8.1,8.41,10206055.0
243,2022-07-18,8.63,8.84,8.56,8.62,9070927.0
244,2022-07-19,8.73,9.07,8.7,9.03,10444009.0
245,2022-07-20,9.03,9.44,8.96,9.41,10889274.0
246,2022-07-21,9.34,9.5,9.2,9.41,7446578.0
247,2022-07-22,9.45,9.5,8.94,9.08,8296321.0
248,2022-07-25,9.03,9.03,8.74,8.89,5470127.0
249,2022-07-26,8.71,8.73,8.37,8.43,7255431.0
250,2022-07-27,8.63,8.93,8.49,8.9,6037011.0
251,2022-07-28,8.89,9.18,8.58,9.11,7384838.0
252,2022-07-29,9.01,9.15,8.91,9.05,7679156.0
253,2022-08-01,8.94,9.04,8.71,9.04,9478573.0
254,2022-08-02,8.81,9.33,8.79,9.23,11339195.0
255,2022-08-03,9.4,10.76,9.4,10.31,37485669.0
256,2022-08-04,10.97,11.35,10.26,10.88,27870330.0
257,2022-08-05,10.42,10.62,9.94,10.4,17288096.0
258,2022-08-08,10.52,10.91,10.28,10.68,13033183.0
259,2022-08-09,10.47,10.51,10.0,10.1,8266029.0
260,2022-08-10,10.51,10.66,10.16,10.58,11168657.0
261,2022-08-11,11.01,11.3,10.51,10.51,14229972.0
262,2022-08-12,10.65,10.93,10.43,10.93,7333567.0
263,2022-08-15,10.79,11.19,10.79,11.01,7086896.0
264,2022-08-16,11.03,11.59,10.62,10.9,20413432.0
265,2022-08-17,10.75,10.82,10.31,10.42,9287033.0
266,2022-08-18,10.33,10.42,9.94,10.17,9525442.0
267,2022-08-19,9.85,9.88,9.19,9.26,13783771.0
268,2022-08-22,8.97,9.27,8.89,9.04,8228130.0
269,2022-08-23,9.04,9.34,8.94,9.18,6071578.0
270,2022-08-24,9.2,9.49,9.16,9.32,5350261.0
271,2022-08-25,9.43,9.83,9.34,9.81,6123473.0
272,2022-08-26,9.87,9.97,9.21,9.38,7071945.0
273,2022-08-29,9.26,9.59,9.22,9.38,5129067.0
274,2022-08-30,9.5,9.64,9.29,9.47,5410746.0
275,2022-08-31,9.51,9.69,9.41,9.55,7247367.0
276,2022-09-01,9.4,9.63,8.99,9.63,8310973.0
277,2022-09-02,9.82,9.85,9.27,9.45,7305020.0
278,2022-09-06,9.53,9.74,9.35,9.57,13242167.0
279,2022-09-07,9.62,9.92,9.45,9.85,9342625.0
280,2022-09-08,9.62,10.11,9.53,10.1,11116372.0
281,2022-09-09,10.41,10.93,10.29,10.6,15669117.0
282,2022-09-12,10.76,11.28,10.56,11.01,14394720.0
283,2022-09-13,10.52,10.92,10.32,10.41,15029375.0
284,2022-09-14,10.41,10.91,10.28,10.78,17007422.0
285,2022-09-15,10.65,11.63,10.65,11.25,18488632.0
286,2022-09-16,10.91,11.03,10.2,10.25,46281791.0
287,2022-09-19,9.98,10.3,9.76,10.26,10074700.0
288,2022-09-20,10.16,10.26,9.9,9.94,5799744.0
289,2022-09-21,10.01,10.52,9.85,9.92,8110947.0
290,2022-09-22,10.62,11.1,9.6,9.65,28957581.0
291,2022-09-23,9.49,9.58,9.17,9.44,10079631.0
292,2022-09-26,9.42,9.74,9.24,9.24,7810508.0
293,2022-09-27,9.46,9.79,9.37,9.61,8530033.0
294,2022-09-28,9.55,10.15,9.54,10.01,9015841.0
295,2022-09-29,9.8,9.9,9.56,9.77,5566412.0
296,2022-09-30,9.74,10.48,9.67,10.1,7938444.0
297,2022-10-03,10.02,10.19,9.71,10.1,8883110.0
298,2022-10-04,10.4,10.96,10.39,10.82,10021897.0
299,2022-10-05,10.65,10.97,10.52,10.76,5980688.0
300,2022-10-06,10.76,11.18,10.7,11.17,7227794.0
301,2022-10-07,10.91,11.17,10.65,10.8,6673666.0
302,2022-10-10,10.82,10.84,10.4,10.52,4699864.0
303,2022-10-11,10.44,10.64,9.85,10.44,6979403.0
304,2022-10-12,10.44,10.68,10.13,10.66,5629992.0
305,2022-10-13,10.18,10.94,9.95,10.63,8549732.0
306,2022-10-14,10.8,11.02,9.89,9.89,5715752.0
307,2022-10-17,10.33,10.58,10.11,10.21,7054061.0
308,2022-10-18,10.63,10.79,10.31,10.44,6890375.0
309,2022-10-19,10.3,10.4,9.91,10.11,5774051.0
310,2022-10-20,10.08,10.48,9.82,9.83,7947942.0
311,2022-10-21,9.77,10.15,9.54,10.14,8035214.0
312,2022-10-24,10.15,10.24,9.7,10.21,5482049.0
313,2022-10-25,10.22,10.91,10.22,10.83,7570118.0
314,2022-10-26,10.8,11.5,10.75,11.08,8246803.0
315,2022-10-27,11.12,11.49,11.02,11.16,6803058.0
316,2022-10-28,11.1,11.57,11.02,11.5,9593253.0
317,2022-10-31,11.45,12.36,11.36,11.68,12545251.0
318,2022-11-01,12.02,12.16,11.63,11.92,8745142.0
319,2022-11-02,11.88,12.02,11.32,11.4,14620355.0
320,2022-11-03,11.85,12.76,11.5,12.33,22831723.0
321,2022-11-04,12.47,12.59,11.82,12.28,10887043.0
322,2022-11-07,12.4,12.54,11.87,12.03,12563825.0
323,2022-11-08,11.72,11.72,9.6,9.74,42934999.0
324,2022-11-09,9.58,9.64,8.29,8.4,37581003.0
325,2022-11-10,9.21,9.41,8.74,9.27,26896914.0
326,2022-11-11,8.85,10.54,8.58,10.47,31084373.0
327,2022-11-14,10.0,10.28,9.54,9.56,17382940.0
328,2022-11-15,9.91,10.4,9.72,10.15,16877166.0
329,2022-11-16,9.84,10.02,9.27,9.32,13759631.0
330,2022-11-17,9.13,9.57,9.03,9.47,10392629.0
331,2022-11-18,9.55,9.6,9.1,9.19,8570737.0
332,2022-11-21,9.03,9.03,8.73,8.85,11079188.0
333,2022-11-22,8.8,9.19,8.65,9.09,7808513.0
334,2022-11-23,9.01,9.5,9.01,9.46,7444660.0
335,2022-11-25,9.33,9.43,9.24,9.39,1823816.0
336,2022-11-28,9.3,9.54,9.07,9.19,5920974.0
337,2022-11-29,9.28,9.43,9.03,9.18,7360015.0
338,2022-11-30,9.29,9.63,9.05,9.59,7533446.0
339,2022-12-01,9.6,10.08,9.55,9.87,8576058.0
340,2022-12-02,9.68,10.05,9.58,9.99,8184424.0
341,2022-12-05,10.0,10.17,9.65,9.67,4483406.0
342,2022-12-06,9.67,9.76,9.21,9.39,7658206.0
343,2022-12-07,9.27,9.42,9.17,9.26,5071047.0
344,2022-12-08,9.43,9.56,9.16,9.52,6337301.0
345,2022-12-09,9.49,9.49,9.27,9.31,5323417.0
346,2022-12-12,9.4,9.64,9.31,9.58,6070387.0
347,2022-12-13,10.1,10.24,9.24,9.35,10907230.0
348,2022-12-14,9.27,9.44,8.94,9.09,11071033.0
349,2022-12-15,8.83,9.0,8.61,8.67,9036284.0
350,2022-12-16,8.57,8.72,8.37,8.61,12381281.0
351,2022-12-19,8.56,8.56,8.03,8.2,8209672.0
352,2022-12-20,8.13,8.43,8.02,8.1,6312410.0
353,2022-12-21,8.17,8.24,7.97,8.17,4776648.0
354,2022-12-22,8.05,8.11,7.69,7.99,7869711.0
355,2022-12-23,7.99,8.0,7.76,7.95,5243930.0
356,2022-12-27,7.85,7.93,7.68,7.7,5352966.0
357,2022-12-28,7.67,7.81,7.57,7.7,6281967.0
358,2022-12-29,7.77,8.15,7.74,8.05,7422597.0
359,2022-12-30,7.85,8.17,7.76,8.14,9435821.0
360,2023-01-03,8.26,8.38,7.92,8.08,5282396.0
361,2023-01-04,8.17,8.37,8.05,8.36,9287906.0
362,2023-01-05,8.16,8.23,7.95,8.11,4469130.0
363,2023-01-06,8.14,8.32,7.93,8.25,5880104.0
364,2023-01-09,8.44,8.69,8.39,8.55,7311232.0
365,2023-01-10,8.49,8.74,8.37,8.72,6335325.0
366,2023-01-11,8.76,8.84,8.63,8.76,4901476.0
367,2023-01-12,8.81,9.05,8.49,9.04,7845606.0
368,2023-01-13,8.93,9.44,8.9,9.32,10717578.0
369,2023-01-17,9.36,9.68,9.29,9.52,7924347.0
370,2023-01-18,9.66,9.7,9.17,9.31,7824450.0
371,2023-01-19,9.18,9.3,9.04,9.05,3549713.0
372,2023-01-20,9.16,9.57,9.06,9.52,6450920.0
373,2023-01-23,9.58,9.78,9.43,9.71,5774715.0
374,2023-01-24,9.6,9.84,9.56,9.71,5210978.0
375,2023-01-25,9.55,9.78,9.33,9.69,5877772.0
376,2023-01-26,9.94,10.0,9.55,9.64,5726950.0
377,2023-01-27,9.61,10.55,9.59,10.39,12460914.0
378,2023-01-30,10.3,10.65,10.01,10.15,6890667.0
379,2023-01-31,10.24,10.42,10.15,10.41,7155356.0
380,2023-02-01,10.26,10.88,10.16,10.78,10457707.0
381,2023-02-02,11.12,11.52,10.97,11.14,15067776.0
382,2023-02-03,10.77,11.24,10.55,10.74,11173857.0
383,2023-02-06,10.63,10.73,10.42,10.6,6529778.0
384,2023-02-07,10.6,10.74,10.22,10.55,7756744.0
385,2023-02-08,10.6,10.8,10.39,10.47,13081260.0
386,2023-02-09,11.07,11.16,9.9,10.08,16889516.0
387,2023-02-10,9.92,10.33,9.84,9.98,8612299.0
388,2023-02-13,9.98,10.08,9.81,9.92,5829663.0
389,2023-02-14,9.89,10.26,9.81,10.06,5431509.0
390,2023-02-15,10.06,10.63,10.02,10.63,7763673.0
391,2023-02-16,10.43,10.92,10.33,10.34,8078142.0
392,2023-02-17,10.2,10.37,9.81,10.35,9328886.0
393,2023-02-21,10.13,10.29,9.83,9.9,5568913.0
394,2023-02-22,9.89,10.1,9.79,9.95,5135780.0
395,2023-02-23,10.07,10.1,9.72,10.09,4670674.0
396,2023-02-24,9.81,9.92,9.47,9.59,6090404.0
397,2023-02-27,9.72,9.88,9.61,9.72,4516777.0
398,2023-02-28,9.73,10.16,9.72,10.07,6183898.0
399,2023-03-01,10.01,10.11,9.7,9.73,4785393.0
400,2023-03-02,9.48,9.74,9.21,9.62,8129153.0
401,2023-03-03,9.61,9.95,9.58,9.9,4934989.0
402,2023-03-06,9.95,10.04,9.68,9.72,4740506.0
403,2023-03-07,9.71,9.78,9.4,9.42,6980367.0
404,2023-03-08,9.42,9.72,9.34,9.65,3962497.0
405,2023-03-09,9.58,9.83,9.35,9.44,7287528.0
406,2023-03-10,9.32,9.37,8.51,9.01,12786967.0
407,2023-03-13,8.85,9.27,8.71,8.99,8538136.0
408,2023-03-14,9.33,9.48,9.0,9.11,7339626.0
409,2023-03-15,8.81,9.22,8.76,9.2,5927906.0
410,2023-03-16,9.1,9.37,8.98,9.31,4246829.0
411,2023-03-17,9.29,9.37,9.04,9.19,6001220.0
412,2023-03-20,9.16,9.19,8.8,8.8,6042040.0
413,2023-03-21,8.93,9.38,8.88,9.34,6674508.0
414,2023-03-22,9.32,9.4,8.92,8.93,4657163.0
415,2023-03-23,8.89,9.06,8.54,8.57,9078133.0
416,2023-03-24,8.5,8.74,8.38,8.68,5012974.0
417,2023-03-27,8.76,8.84,8.52,8.61,4069819.0
418,2023-03-28,8.6,8.71,8.54,8.67,3027492.0
419,2023-03-29,8.83,9.22,8.74,9.1,8636694.0
420,2023-03-30,9.22,9.48,9.2,9.46,11434226.0
421,2023-03-31,9.5,9.73,9.48,9.71,7841557.0
422,2023-04-03,9.65,9.82,9.53,9.76,8771609.0
423,2023-04-04,9.8,9.8,9.61,9.76,6472652.0
424,2023-04-05,9.7,9.78,9.52,9.75,9488757.0
425,2023-04-06,9.72,10.08,9.71,10.01,6895036.0
426,2023-04-10,9.93,10.0,9.65,9.98,5884941.0
427,2023-04-11,10.0,10.02,9.83,9.96,6217222.0
428,2023-04-12,10.12,10.2,9.66,10.01,5637420.0
429,2023-04-13,10.09,10.14,9.9,10.07,5893610.0
430,2023-04-14,10.04,10.11,9.92,10.0,8618503.0
431,2023-04-17,9.85,9.91,9.58,9.88,7762073.0
432,2023-04-18,9.97,10.02,9.75,9.84,3515879.0
433,2023-04-19,9.67,9.86,9.62,9.82,3042264.0
434,2023-04-20,9.7,9.84,9.62,9.73,3626656.0
435,2023-04-21,9.69,9.76,9.55,9.64,4759774.0
436,2023-04-24,9.63,9.69,9.38,9.4,3980023.0
437,2023-04-25,9.3,9.37,9.05,9.09,4345307.0
438,2023-04-26,9.15,9.25,8.8,8.82,7099173.0
439,2023-04-27,8.9,8.94,8.72,8.82,8924682.0
440,2023-04-28,8.77,8.94,8.72,8.85,4550133.0
441,2023-05-01,8.8,8.85,8.65,8.82,6564045.0
442,2023-05-02,8.75,8.79,8.41,8.46,7051046.0
443,2023-05-03,8.41,8.59,8.33,8.38,6099973.0
444,2023-05-04,8.36,8.6,8.21,8.48,6071719.0
445,2023-05-05,8.62,8.86,8.6,8.85,5325243.0
446,2023-05-08,8.82,8.95,8.76,8.91,4851807.0
447,2023-05-09,8.87,9.17,8.84,9.11,7773504.0
448,2023-05-10,9.31,9.38,8.79,9.07,11103994.0
449,2023-05-11,9.55,9.96,9.18,9.65,23998439.0
450,2023-05-12,9.62,9.64,8.71,8.74,15479101.0
451,2023-05-15,8.72,8.75,8.51,8.65,10032870.0
452,2023-05-16,8.53,8.59,8.31,8.35,9509032.0
453,2023-05-17,8.38,8.66,8.34,8.46,9628962.0
454,2023-05-18,8.43,8.67,8.39,8.62,5201886.0
455,2023-05-19,8.58,8.67,8.43,8.47,4813013.0
456,2023-05-22,8.47,8.79,8.45,8.76,6963236.0
457,2023-05-23,8.7,8.87,8.59,8.68,4313195.0
458,2023-05-24,8.55,8.66,8.46,8.6,2911643.0
459,2023-05-25,8.66,8.74,8.58,8.6,5062614.0
460,2023-05-26,8.6,8.88,8.6,8.82,4551730.0
461,2023-05-30,9.0,9.18,8.91,8.92,7134857.0
462,2023-05-31,8.82,9.03,8.74,8.92,5338238.0
463,2023-06-01,8.92,9.12,8.79,9.02,4888049.0
464,2023-06-02,9.12,9.35,8.92,9.34,9531196.0
465,2023-06-05,9.29,9.33,8.98,9.03,6164327.0
466,2023-06-06,8.73,9.12,8.6,9.12,10484393.0
467,2023-06-07,9.2,9.58,9.16,9.4,8088914.0
468,2023-06-08,9.36,9.54,9.17,9.5,5689767.0
469,2023-06-09,9.61,9.8,9.4,9.41,4525763.0
470,2023-06-12,9.36,9.41,9.23,9.36,6533923.0
471,2023-06-13,9.47,9.69,9.36,9.6,10102744.0
472,2023-06-14,9.65,9.98,9.58,9.95,8686713.0
473,2023-06-15,9.82,10.14,9.8,9.98,10373901.0
474,2023-06-16,10.07,10.22,9.95,10.03,14175454.0
475,2023-06-20,9.95,10.05,9.64,10.0,7452896.0
476,2023-06-21,9.96,10.06,9.75,9.76,5614564.0
477,2023-06-22,9.69,9.71,9.1,9.45,14820900.0
478,2023-06-23,9.36,9.58,9.3,9.49,12427229.0
479,2023-06-26,9.47,9.74,9.38,9.63,5827200.0
480,2023-06-27,9.6,10.02,9.56,9.94,11603780.0
481,2023-06-28,10.01,10.52,9.98,10.18,13019543.0
482,2023-06-29,9.99,10.15,9.71,9.97,11985823.0
483,2023-06-30,10.13,10.14,9.86,9.98,8507290.0
484,2023-07-03,10.0,10.8,9.98,10.66,12564477.0
485,2023-07-05,10.72,10.76,10.39,10.72,12285664.0
486,2023-07-06,10.57,10.64,10.2,10.41,10432989.0
487,2023-07-07,10.4,10.91,10.4,10.79,12637723.0
488,2023-07-10,10.88,11.27,10.54,11.21,14643426.0
489,2023-07-11,11.47,12.02,11.33,11.83,23071348.0
490,2023-07-12,12.04,12.12,11.69,11.94,15229592.0
491,2023-07-13,11.98,12.61,11.84,12.45,18580426.0
492,2023-07-14,12.5,12.51,12.06,12.38,14574636.0
493,2023-07-17,12.34,12.85,12.22,12.49,15187670.0
494,2023-07-18,12.51,12.76,12.39,12.59,12920093.0
495,2023-07-19,12.68,13.23,12.67,13.12,16594226.0
496,2023-07-20,12.95,13.08,12.57,12.81,10455905.0
497,2023-07-21,12.91,12.95,12.65,12.76,8728545.0
498,2023-07-24,12.68,12.93,12.64,12.74,7934035.0
499,2023-07-25,12.74,12.89,12.52,12.54,5928576.0
500,2023-07-26,12.46,12.8,12.4,12.74,12181140.0
501,2023-07-27,12.88,12.94,12.09,12.23,10579477.0
502,2023-07-28,12.45,12.74,12.37,12.73,9038996.0
503,2023-07-31,12.8,13.02,12.72,12.86,10249179.0
504,2023-08-01,12.68,12.89,12.53,12.87,9869704.0
505,2023-08-02,12.54,12.56,12.18,12.44,14714856.0
506,2023-08-03,11.38,11.8,10.89,11.54,22053155.0
507,2023-08-04,11.68,11.76,11.22,11.28,11684997.0
508,2023-08-07,11.31,11.5,11.07,11.34,9660159.0
509,2023-08-08,11.09,11.16,10.93,11.1,8251270.0
510,2023-08-09,11.04,11.1,10.75,10.8,10370540.0
511,2023-08-10,10.93,11.1,10.66,10.73,6645948.0
512,2023-08-11,10.61,10.79,10.58,10.72,6713569.0
513,2023-08-14,10.66,10.68,10.51,10.65,5419157.0
514,2023-08-15,10.55,10.61,10.4,10.41,4962335.0
515,2023-08-16,10.33,10.42,10.16,10.19,4759005.0
516,2023-08-17,10.24,10.32,10.05,10.07,7550140.0
517,2023-08-18,9.86,10.3,9.84,10.25,8363501.0
518,2023-08-21,10.29,10.45,10.13,10.39,6461214.0
519,2023-08-22,10.5,10.61,10.32,10.38,6452116.0
520,2023-08-23,10.39,10.6,10.34,10.5,6019393.0
521,2023-08-24,10.52,10.52,10.27,10.37,4885104.0
522,2023-08-25,10.38,10.6,10.33,10.54,4784373.0
523,2023-08-28,10.62,10.72,10.5,10.55,4881541.0
524,2023-08-29,10.48,11.08,10.45,11.02,9553660.0
525,2023-08-30,10.9,11.15,10.9,11.06,7217966.0
526,2023-08-31,11.1,11.17,10.77,10.89,28595702.0
527,2023-09-01,11.18,11.37,11.06,11.11,9246343.0
528,2023-09-05,11.0,11.02,10.66,10.82,9895076.0
529,2023-09-06,10.77,10.94,10.7,10.79,5866782.0
530,2023-09-07,10.61,10.77,10.52,10.74,4420290.0
531,2023-09-08,10.69,10.8,10.52,10.74,4880789.0
532,2023-09-11,10.82,10.9,10.71,10.84,5331806.0
533,2023-09-12,10.81,11.01,10.79,10.8,5042763.0
534,2023-09-13,10.76,10.81,10.59,10.62,4808526.0
535,2023-09-14,10.65,10.66,10.42,10.57,6470819.0
536,2023-09-15,10.47,10.7,10.43,10.67,8992215.0
537,2023-09-18,10.65,10.79,10.58,10.6,5412100.0
538,2023-09-19,10.58,10.6,10.36,10.47,4591808.0
539,2023-09-20,10.45,10.65,10.21,10.22,4892010.0
540,2023-09-21,10.01,10.02,9.82,9.83,7254032.0
541,2023-09-22,9.91,9.97,9.64,9.7,5372136.0
542,2023-09-25,9.57,9.77,9.55,9.68,3894790.0
543,2023-09-26,9.61,9.77,9.49,9.53,5751388.0
544,2023-09-27,9.64,9.77,9.44,9.57,4445714.0
545,2023-09-28,9.6,9.84,9.48,9.68,3848864.0
546,2023-09-29,9.84,10.01,9.69,9.81,4609796.0
547,2023-10-02,9.77,9.9,9.59,9.73,5825411.0
548,2023-10-03,9.62,9.78,9.49,9.53,4405543.0
549,2023-10-04,9.5,9.69,9.43,9.68,4485560.0
550,2023-10-05,9.57,9.82,9.49,9.73,4888517.0
551,2023-10-06,9.62,9.99,9.62,9.93,5126323.0
552,2023-10-09,9.8,9.96,9.72,9.87,3637355.0
553,2023-10-10,9.86,10.19,9.86,10.04,4895841.0
554,2023-10-11,10.05,10.18,9.68,9.72,6391355.0
555,2023-10-12,9.74,9.77,9.28,9.29,7034192.0
556,2023-10-13,9.3,9.37,9.12,9.14,5588925.0
557,2023-10-16,9.16,9.39,9.14,9.32,3913882.0
558,2023-10-17,9.22,9.64,9.22,9.6,6263910.0
559,2023-10-18,9.5,9.56,9.15,9.21,5151217.0
560,2023-10-19,9.24,9.24,8.96,8.97,5382537.0
561,2023-10-20,8.95,9.23,8.89,9.13,5349264.0
562,2023-10-23,9.05,9.39,8.9731,9.17,5031474.0
563,2023-10-24,9.34,9.595,9.2498,9.32,5658231.0
564,2023-10-25,9.21,9.29,9.01,9.03,5804771.0
565,2023-10-26,9.07,9.23,8.94,9.1,4447430.0
566,2023-10-27,9.2,9.2,8.89,8.9,4421145.0
567,2023-10-30,9.0,9.14,8.905,9.08,3913915.0
568,2023-10-31,9.12,9.16,9.045,9.14,3753168.0
569,2023-11-01,9.17,9.23,8.92,9.08,4145948.0
570,2023-11-02,9.19,9.505,9.19,9.48,7793408.0
571,2023-11-03,9.66,9.79,9.56,9.69,8838338.0
572,2023-11-06,9.78,9.82,9.52,9.59,4896542.0
573,2023-11-07,9.61,9.85,9.59,9.76,13420483.0
574,2023-11-08,8.785,8.9,8.28,8.365,27080200.0
575,2023-11-09,8.54,8.62,7.92,7.93,15764148.0
576,2023-11-10,8.0,8.3,7.99,8.23,11019276.0
577,2023-11-13,8.16,8.41,8.1298,8.31,7994844.0
578,2023-11-14,8.55,8.71,8.45,8.5,10708705.0
579,2023-11-15,8.57,8.61,8.31,8.33,11201064.0
580,2023-11-16,8.28,8.29,7.91,7.94,13541293.0
581,2023-11-17,7.98,8.135,7.925,8.1,9163436.0
582,2023-11-20,8.1,8.27,7.985,8.13,13192852.0
583,2023-11-21,8.06,8.13,7.96,7.98,7764057.0
584,2023-11-22,8.03,8.255,7.98,8.22,8533224.0
585,2023-11-24,8.2,8.3,8.13,8.29,3568409.0
586,2023-11-27,8.27,8.46,8.21,8.39,7071215.0
587,2023-11-28,8.38,8.65,8.345,8.64,10075545.0
588,2023-11-29,8.84,9.18,8.77,8.92,13982623.0
589,2023-11-30,9.19,9.2,8.69,8.8,15221585.0
590,2023-12-01,8.82,9.39,8.82,9.32,16328952.0
591,2023-12-04,9.46,9.735,9.33,9.55,18297499.0
592,2023-12-05,9.79,10.6385,9.66,10.53,38892498.0
593,2023-12-06,10.88,11.6499,10.73,11.27,51461663.0
594,2023-12-07,11.07,11.7,10.81,11.48,26167898.0
595,2023-12-08,11.23,11.74,11.02,11.73,23220053.0
596,2023-12-11,11.55,11.79,11.325,11.71,18603203.0
597,2023-12-12,11.77,11.9,11.54,11.63,13394272.0
598,2023-12-13,11.63,12.02,11.12,11.99,24505685.0
599,2023-12-14,12.35,12.39,11.79,12.09,22749746.0
600,2023-12-15,12.01,12.02,11.52,11.69,16810215.0
601,2023-12-18,11.55,11.98,11.44,11.93,14412949.0
602,2023-12-19,12.06,13.19,12.04,13.17,31841832.0
603,2023-12-20,13.32,13.45,12.59,12.62,32610097.0
604,2023-12-21,12.81,13.06,12.51,12.89,14515321.0
605,2023-12-22,13.01,13.15,12.795,12.95,10553656.0
606,2023-12-26,13.0,13.14,12.86,12.94,8151031.0
607,2023-12-27,13.03,13.51,12.91,13.26,16095036.0
608,2023-12-28,13.11,13.28,13.06,13.18,8604214.0
609,2023-12-29,13.16,13.17,12.52,12.74,14596972.0
610,2024-01-02,12.74,12.75,12.28,12.37,11659220.0
611,2024-01-03,11.68,11.97,11.55,11.79,13693971.0
612,2024-01-04,11.65,12.17,11.63,11.98,9611854.0
613,2024-01-05,11.82,12.16,11.77,11.89,8188697.0
614,2024-01-08,11.97,12.58,11.96,12.42,17238691.0
615,2024-01-09,12.25,12.355,12.135,12.2,7344249.0
616,2024-01-10,12.18,12.345,11.78,12.14,8569219.0
617,2024-01-11,12.53,12.58,11.63,11.71,13483005.0
618,2024-01-12,11.5,11.56,10.99,11.02,16539284.0
619,2024-01-16,10.92,11.0256,10.62,10.93,9399000.0
620,2024-01-17,10.71,10.74,10.52,10.65,8611512.0
621,2024-01-18,10.76,10.825,10.53,10.67,8032127.0
622,2024-01-19,10.68,10.75,10.38,10.71,7977171.0
623,2024-01-22,10.81,11.17,10.81,10.99,9453992.0
624,2024-01-23,11.16,11.3,10.8725,10.95,6929522.0
625,2024-01-24,11.1,11.225,10.73,10.81,6848013.0
626,2024-01-25,10.85,10.8984,10.62,10.7,5299862.0
627,2024-01-26,10.76,11.01,10.71,10.79,4742060.0
628,2024-01-29,10.83,11.33,10.76,11.31,10870971.0
629,2024-01-30,11.23,11.285,10.95,11.01,7035436.0
630,2024-01-31,10.94,11.17,10.7,10.74,7341407.0
631,2024-02-01,10.79,10.945,10.61,10.91,5807236.0
632,2024-02-02,10.75,11.0199,10.65,10.92,7401547.0
633,2024-02-05,10.82,10.88,10.51,10.56,7633119.0
634,2024-02-06,10.57,10.8,10.535,10.78,5097683.0
635,2024-02-07,10.84,11.08,10.64,11.0,7559238.0
636,2024-02-08,11.05,11.34,11.0,11.22,7822234.0
