,date,open,high,low,close,volume
0,2020-09-21,25.1425,25.3225,24.8125,25.2425,6586535.0
1,2020-09-22,25.3625,25.6025,25.1525,25.2325,5465808.0
2,2020-09-23,25.3125,25.4425,24.5425,24.5725,2376220.0
3,2020-09-24,24.7525,24.9025,24.3825,24.6425,3197181.0
4,2020-09-25,24.5225,25.3325,24.4825,25.2625,4276586.0
5,2020-09-28,25.4925,25.6425,25.2025,25.2225,2813492.0
6,2020-09-29,25.3625,25.3625,24.4725,24.4925,4577037.0
7,2020-09-30,24.5225,25.0025,24.5225,24.9825,6646088.0
8,2020-10-01,25.1225,25.7325,24.9125,25.5425,4908157.0
9,2020-10-02,25.1525,25.7225,25.1525,25.6225,3902589.0
10,2020-10-05,25.8325,25.9225,25.1425,25.2025,6183116.0
11,2020-10-06,25.1925,25.7525,25.1425,25.5625,5120790.0
12,2020-10-07,25.7525,26.2125,25.6425,26.1325,3493716.0
13,2020-10-08,26.2125,26.4325,26.0925,26.2325,2891805.0
14,2020-10-09,26.3525,26.8325,26.1825,26.7825,5359322.0
15,2020-10-12,27.6325,27.8525,27.2825,27.3325,6856886.0
16,2020-10-13,27.1425,27.5525,27.0725,27.3625,4424218.0
17,2020-10-14,27.4725,27.6425,27.0725,27.2025,5586062.0
18,2020-10-15,26.9425,27.2425,26.8425,26.9725,4350371.0
19,2020-10-16,26.9025,27.5325,26.8025,27.2925,56689946.0
20,2020-10-19,27.2325,27.6725,26.6425,26.7325,6506442.0
21,2020-10-20,27.0025,27.2025,26.7625,26.7625,3726801.0
22,2020-10-21,26.5325,26.8625,26.3325,26.6925,3958546.0
23,2020-10-22,26.7125,27.2325,26.6225,27.0825,3770327.0
24,2020-10-23,27.3325,27.4225,26.6625,26.7425,4425355.0
25,2020-10-26,26.6825,26.7425,25.6525,25.9725,7958024.0
26,2020-10-27,26.0325,26.2925,25.8325,26.1325,6428542.0
27,2020-10-28,25.6625,25.9225,25.0525,25.2625,6262091.0
28,2020-10-29,24.9225,25.4125,24.7125,24.7225,5173104.0
29,2020-10-30,24.5825,24.7025,24.2025,24.4325,5757773.0
30,2020-11-02,24.8325,25.0825,24.2525,24.5725,4333533.0
31,2020-11-03,24.8625,25.5625,24.8625,25.3325,3558634.0
32,2020-11-04,26.3325,26.4125,25.5725,25.7625,5403587.0
33,2020-11-05,26.1025,26.4225,25.8925,26.3325,3796709.0
34,2020-11-06,26.5525,26.5525,26.0625,26.1925,2623039.0
35,2020-11-09,27.0925,27.2625,25.2225,25.2625,6770027.0
36,2020-11-10,24.7825,26.0125,24.6425,25.9125,6918655.0
37,2020-11-11,26.0625,27.2525,26.0025,26.9325,5090001.0
38,2020-11-12,27.0425,27.0725,26.3225,26.5825,3924070.0
39,2020-11-13,26.6325,27.0025,26.6325,26.8325,2348880.0
40,2020-11-16,26.8325,27.2125,26.6225,26.9825,5977514.0
41,2020-11-17,25.8325,26.8425,25.7825,26.7225,29406732.0
42,2020-11-18,26.9825,27.2925,26.8225,27.0425,16248277.0
43,2020-11-19,26.6525,27.5425,26.6525,27.2925,10576254.0
44,2020-11-20,27.0625,27.5425,27.0525,27.3725,3647224.0
45,2020-11-23,27.4925,27.5325,27.1825,27.3625,4282764.0
46,2020-11-24,27.5325,27.6325,27.3925,27.4225,6100929.0
47,2020-11-25,27.6225,27.9825,27.5125,27.8625,3985439.0
48,2020-11-27,28.0125,28.3025,27.8625,28.2925,2812905.0
49,2020-11-30,28.3325,28.3725,27.4925,27.9825,17911655.0
50,2020-12-01,28.1525,28.2025,27.8225,27.9825,4532956.0
51,2020-12-02,28.1425,28.1425,27.4225,27.6125,2982226.0
52,2020-12-03,27.6125,27.9225,27.4725,27.6325,2933052.0
53,2020-12-04,27.8325,28.1325,27.6125,28.0625,2978664.0
54,2020-12-07,28.0525,28.3725,28.0125,28.2425,3369613.0
55,2020-12-08,28.1325,28.3625,27.6225,27.7025,5886459.0
56,2020-12-09,27.8125,27.9225,27.6025,27.7925,5433419.0
57,2020-12-10,28.0125,28.1725,27.5925,27.7125,5836819.0
58,2020-12-11,27.7625,27.9925,27.5425,27.8925,3162782.0
59,2020-12-14,27.9825,28.3725,27.6825,27.8825,7516199.0
60,2020-12-15,27.8825,27.9325,27.5225,27.7225,5444055.0
61,2020-12-16,27.7025,28.2125,27.7025,28.1725,2538473.0
62,2020-12-17,28.1525,28.7125,28.1525,28.6625,4743757.0
63,2020-12-18,28.8725,29.0125,28.0525,28.4625,11345179.0
64,2020-12-21,28.1025,28.4425,27.9125,28.3025,3213220.0
65,2020-12-22,28.2925,28.6725,28.2025,28.6025,2566887.0
66,2020-12-23,28.3025,29.2725,28.2225,29.1425,2889300.0
67,2020-12-24,29.1325,29.4325,29.0925,29.4125,1668763.0
68,2020-12-28,29.5325,29.6725,29.1925,29.5225,2310260.0
69,2020-12-29,29.6325,29.7725,29.3925,29.5325,3084347.0
70,2020-12-30,29.5725,29.7525,29.3225,29.3525,2320161.0
71,2020-12-31,29.4325,29.6325,29.1925,29.5325,2692090.0
72,2021-01-04,29.6025,29.6925,28.5725,29.1225,4293749.0
73,2021-01-05,29.1425,29.2425,28.7825,29.1725,2999919.0
74,2021-01-06,28.3625,29.5925,28.3425,29.2925,4706838.0
75,2021-01-07,29.0125,29.5025,28.9825,29.4825,8330380.0
76,2021-01-08,29.3025,29.7025,29.1925,29.6825,4995127.0
77,2021-01-11,29.7725,29.7825,28.9625,29.0425,4460227.0
78,2021-01-12,29.3725,29.3925,28.8225,29.0425,3363916.0
79,2021-01-13,28.9625,29.3825,28.8825,29.3425,3428978.0
80,2021-01-14,29.2425,29.4225,28.9825,29.2225,4282238.0
81,2021-01-15,29.1625,29.7625,29.0225,29.5425,8525441.0
82,2021-01-19,29.5425,29.7825,29.2925,29.5025,4542795.0
83,2021-01-20,29.5225,29.7225,29.0525,29.6325,3344123.0
84,2021-01-21,29.6525,29.6525,29.1825,29.2225,2972720.0
85,2021-01-22,29.2025,29.3925,28.9625,29.1525,2368472.0
86,2021-01-25,29.1525,29.9025,29.1325,29.7125,4544337.0
87,2021-01-26,29.7125,30.4125,29.6425,30.3125,7078400.0
88,2021-01-27,30.2525,31.1725,30.1325,30.8825,10163667.0
89,2021-01-28,30.8325,31.3725,30.0725,30.1025,5299566.0
90,2021-01-29,29.5325,30.2625,29.4425,29.4825,4472734.0
91,2021-02-01,29.6825,29.8425,29.4325,29.6025,2986590.0
92,2021-02-02,29.6325,30.1025,29.3825,29.6725,4158673.0
93,2021-02-03,29.5425,29.8925,29.0425,29.6025,3796708.0
94,2021-02-04,29.5425,30.0025,29.3025,29.9825,4090857.0
95,2021-02-05,30.1225,30.5125,29.8925,30.2125,3576000.0
96,2021-02-08,30.1825,30.4225,29.5725,29.7925,4521506.0
97,2021-02-09,29.7125,30.1425,29.5125,30.0825,2469540.0
98,2021-02-10,30.2825,30.3125,29.5625,29.7125,2703497.0
99,2021-02-11,29.6625,29.9425,29.4325,29.5925,3421589.0
100,2021-02-12,29.6125,29.6125,29.2325,29.4525,3497819.0
101,2021-02-16,29.4325,29.4825,28.9425,29.1025,3841548.0
102,2021-02-17,29.2025,29.3525,28.9425,29.3425,4298959.0
103,2021-02-18,29.1925,29.4625,28.9425,29.4225,3697254.0
104,2021-02-19,29.2825,29.4925,28.8625,28.9225,3174307.0
105,2021-02-22,28.9425,29.4425,28.7425,29.3625,5655763.0
106,2021-02-23,29.6225,29.9225,29.0425,29.4725,4480419.0
107,2021-02-24,29.2725,29.3625,28.7225,29.1425,4702219.0
108,2021-02-25,28.8825,29.7625,28.1025,28.5425,5883336.0
109,2021-02-26,28.6025,28.8725,27.9625,28.2025,7687078.0
110,2021-03-01,28.4625,28.7825,28.1325,28.5725,5082552.0
111,2021-03-02,28.6325,28.8425,28.4125,28.4525,4153099.0
112,2021-03-03,28.3325,28.8725,28.2525,28.3025,5124679.0
113,2021-03-04,28.4525,29.1325,28.3425,28.5625,4910728.0
114,2021-03-05,28.8025,29.4225,28.6125,29.2125,5867269.0
115,2021-03-08,29.4325,30.3625,29.2425,30.1525,7160665.0
116,2021-03-09,30.3725,31.0025,30.2825,30.7725,8710248.0
117,2021-03-10,31.0225,31.7325,30.9725,31.2425,9881192.0
118,2021-03-11,31.0525,31.3425,30.7725,30.9825,6253909.0
119,2021-03-12,30.9725,31.0725,30.3825,31.0525,5174996.0
120,2021-03-15,31.5125,31.5125,30.8825,31.2625,6424711.0
121,2021-03-16,31.3625,31.9125,31.3325,31.7725,7239467.0
122,2021-03-17,31.2425,31.9125,31.1825,31.7825,7518519.0
123,2021-03-18,31.6125,31.8425,31.3725,31.5725,5920170.0
124,2021-03-19,32.2625,32.3125,31.7625,31.8225,22880639.0
125,2021-03-22,31.6825,32.4125,31.5325,32.2625,7388562.0
126,2021-03-23,32.5425,32.6225,32.1325,32.2925,7575216.0
127,2021-03-24,32.2025,32.2725,31.9925,32.0525,4258320.0
128,2021-03-25,32.3625,32.4725,32.0425,32.2225,5260924.0
129,2021-03-26,31.8625,32.9925,31.8325,32.9225,7303149.0
130,2021-03-29,32.9025,33.2525,32.6725,33.1725,6222908.0
131,2021-03-30,33.1125,33.1925,32.4625,32.5925,5126890.0
132,2021-03-31,32.5625,32.8425,32.1925,32.2025,6273102.0
133,2021-04-01,32.2325,32.5525,32.0625,32.3325,6344529.0
134,2021-04-05,32.3025,32.9425,32.2625,32.8325,6008625.0
135,2021-04-06,32.7225,33.0825,32.5925,32.9025,8746956.0
136,2021-04-07,33.0525,33.1625,32.8825,33.1025,4018900.0
137,2021-04-08,33.1625,33.3225,33.0725,33.1425,7082079.0
138,2021-04-09,33.1425,33.1825,32.7325,33.0025,5654069.0
139,2021-04-12,33.0725,33.4425,32.9425,33.3225,4741542.0
140,2021-04-13,33.2425,33.4425,33.0625,33.2125,3646582.0
141,2021-04-14,33.2725,33.3425,33.0425,33.1925,3739631.0
142,2021-04-15,33.3825,33.8125,33.3825,33.6625,8546283.0
143,2021-04-16,33.6325,33.8825,33.5125,33.8425,4947561.0
144,2021-04-19,33.9325,34.1325,33.6625,33.9625,3660924.0
145,2021-04-20,33.8125,34.2125,33.7825,34.0025,3601222.0
146,2021-04-21,34.0125,34.2825,33.9225,34.1425,3123854.0
147,2021-04-22,33.8225,34.0925,33.6825,33.8625,4139066.0
148,2021-04-23,33.7925,34.1125,33.6925,34.0125,2812501.0
149,2021-04-26,33.8525,33.9825,33.3825,33.4425,3510957.0
150,2021-04-27,33.3625,33.5325,33.1225,33.3425,6681870.0
151,2021-04-28,33.3525,33.6025,33.0225,33.0425,4007613.0
152,2021-04-29,33.0025,33.8725,33.0025,33.7725,5075014.0
153,2021-04-30,33.7525,33.8225,33.0825,33.6825,4092682.0
154,2021-05-03,33.8025,34.2025,33.6625,33.9025,2941648.0
155,2021-05-04,33.9325,34.1425,33.4825,33.5525,4071785.0
156,2021-05-05,33.4325,33.9525,33.3425,33.8325,3231917.0
157,2021-05-06,34.1425,34.2625,33.8725,34.1625,3684832.0
158,2021-05-07,34.1725,34.4825,34.0125,34.4325,3212215.0
159,2021-05-10,34.4225,34.6425,34.1125,34.2125,3440219.0
160,2021-05-11,34.2625,34.2625,33.3425,33.5825,3615025.0
161,2021-05-12,33.3425,33.6225,33.0825,33.2625,5232414.0
162,2021-05-13,33.2425,33.7725,33.2125,33.5525,2797616.0
163,2021-05-14,33.8925,34.0925,33.7025,33.8825,2992877.0
164,2021-05-17,33.8825,34.1125,33.6625,33.8025,2446487.0
165,2021-05-18,33.8825,34.0725,33.7725,33.8325,2785284.0
166,2021-05-19,33.6725,33.8525,33.4025,33.6225,3031253.0
167,2021-05-20,33.4325,34.3125,33.4325,34.2225,3111620.0
168,2021-05-21,34.4925,34.5625,33.9925,34.0725,2753221.0
169,2021-05-24,34.3425,34.8125,34.2625,34.6925,3629726.0
170,2021-05-25,34.6925,34.7725,34.3225,34.3325,3436825.0
171,2021-05-26,34.4125,34.6025,34.2225,34.3725,2956604.0
172,2021-05-27,34.8125,34.9425,34.3825,34.4825,12969702.0
173,2021-05-28,34.5925,34.9225,34.5925,34.7925,3378370.0
174,2021-06-01,34.8325,34.9325,34.6025,34.7225,3655675.0
175,2021-06-02,34.7225,34.9225,34.5125,34.8825,2982914.0
176,2021-06-03,34.6025,34.8125,34.3525,34.7525,3655736.0
177,2021-06-04,34.8625,34.8925,34.6125,34.7425,3476601.0
178,2021-06-07,34.7525,34.7825,34.5125,34.6725,2026194.0
179,2021-06-08,33.2525,33.3925,32.4825,33.0825,18531015.0
180,2021-06-09,33.0625,33.1725,32.7825,32.8125,5185717.0
181,2021-06-10,32.8125,33.1725,32.7325,32.7725,10553865.0
182,2021-06-11,32.8525,33.0625,32.6225,33.0625,10095052.0
183,2021-06-14,32.9825,33.0025,32.3725,32.6825,6412659.0
184,2021-06-15,32.7925,32.8425,32.2525,32.5125,7822882.0
185,2021-06-16,32.5925,32.5925,32.0625,32.0725,6354175.0
186,2021-06-17,31.9925,32.5025,31.7925,32.3225,6435889.0
187,2021-06-18,32.2325,32.5125,31.9625,32.3525,16763753.0
188,2021-06-21,32.3425,32.6525,32.0325,32.1225,5672201.0
189,2021-06-22,32.1925,32.6225,32.1025,32.6025,7131076.0
190,2021-06-23,32.5025,32.6325,32.2725,32.3225,3928966.0
191,2021-06-24,32.3425,32.4825,32.2325,32.4225,4202358.0
192,2021-06-25,32.3725,32.7725,32.2625,32.6925,3851173.0
193,2021-06-28,32.8225,32.8425,32.5525,32.7125,5673835.0
194,2021-06-29,33.1325,33.2025,32.8125,33.0725,5117494.0
195,2021-06-30,33.16,33.35,33.01,33.26,4075737.0
196,2021-07-01,33.2,33.48,33.09,33.24,5060986.0
197,2021-07-02,33.39,33.63,33.11,33.2,4526992.0
198,2021-07-06,33.06,33.16,32.7,32.95,5065204.0
199,2021-07-07,33.0,33.23,32.92,33.02,3867670.0
200,2021-07-08,32.87,33.08,32.65,32.79,5728116.0
201,2021-07-09,32.86,33.03,32.8,33.02,4393726.0
202,2021-07-12,32.95,33.08,32.78,33.0,5983127.0
203,2021-07-13,33.07,33.54,32.98,33.04,5123462.0
204,2021-07-14,33.12,33.62,32.97,33.52,4860040.0
205,2021-07-15,33.6,34.04,33.46,34.03,9211079.0
206,2021-07-16,33.97,34.18,33.72,33.9,6501398.0
207,2021-07-19,33.98,34.14,33.37,33.6,4781484.0
208,2021-07-20,33.7,34.18,33.53,33.91,5332662.0
209,2021-07-21,33.92,34.03,33.5,33.52,2972243.0
210,2021-07-22,33.48,33.78,33.27,33.75,3617939.0
211,2021-07-23,33.82,34.22,33.66,34.09,3005782.0
212,2021-07-26,34.05,34.27,33.96,34.07,3540911.0
213,2021-07-27,34.06,34.24,33.44,33.53,5969503.0
214,2021-07-28,33.35,33.54,33.19,33.35,4113163.0
215,2021-07-29,33.33,33.5,32.87,32.97,4452355.0
216,2021-07-30,33.02,33.42,32.99,33.23,4365397.0
217,2021-08-02,32.32,32.55,31.98,32.41,10144843.0
218,2021-08-03,32.55,32.88,32.34,32.84,5675509.0
219,2021-08-04,32.87,32.92,32.23,32.39,4942657.0
220,2021-08-05,32.5,32.66,32.3,32.48,4421710.0
221,2021-08-06,32.41,32.57,32.22,32.31,5282702.0
222,2021-08-09,32.31,32.46,32.2,32.39,7122244.0
223,2021-08-10,32.35,32.54,32.29,32.39,5296267.0
224,2021-08-11,32.61,32.75,32.44,32.68,3638661.0
225,2021-08-12,32.68,32.74,32.41,32.42,2593568.0
226,2021-08-13,32.42,32.62,32.33,32.47,2930973.0
227,2021-08-16,32.5,33.19,32.44,33.15,4429290.0
228,2021-08-17,33.17,33.17,32.58,32.67,4011873.0
229,2021-08-18,32.59,32.84,32.31,32.4,4163382.0
230,2021-08-19,32.36,32.97,32.34,32.91,3878153.0
231,2021-08-20,32.9,33.09,32.81,32.84,2521725.0
232,2021-08-23,32.82,33.17,32.8,33.05,3193152.0
233,2021-08-24,32.99,33.11,32.78,32.99,2452555.0
234,2021-08-25,32.86,33.05,32.63,32.94,4472191.0
235,2021-08-26,32.92,33.11,32.85,32.99,3185524.0
236,2021-08-27,33.13,33.25,32.91,33.15,3894426.0
237,2021-08-30,33.02,33.32,33.02,33.28,2602859.0
238,2021-08-31,33.21,33.77,33.15,33.69,6717140.0
239,2021-09-01,33.78,33.89,33.62,33.76,3240593.0
240,2021-09-02,33.78,33.99,33.59,33.88,3338054.0
241,2021-09-03,33.62,33.7,33.18,33.26,5148148.0
242,2021-09-07,33.06,33.16,32.64,32.79,5473224.0
243,2021-09-08,32.94,33.34,32.84,33.31,3761866.0
244,2021-09-09,33.31,33.31,32.82,32.85,3967099.0
245,2021-09-10,32.85,33.09,32.7,32.85,5334553.0
246,2021-09-13,32.96,33.32,32.93,33.17,3559562.0
247,2021-09-14,33.28,33.38,32.98,33.04,2376206.0
248,2021-09-15,33.06,33.53,32.94,33.44,3545688.0
249,2021-09-16,33.34,33.6,33.21,33.51,2458981.0
250,2021-09-17,33.46,33.51,32.49,32.93,18132829.0
251,2021-09-20,32.94,32.94,32.14,32.34,6339032.0
252,2021-09-21,32.56,32.72,31.85,32.01,9602598.0
253,2021-09-22,32.02,32.49,31.95,32.35,9742252.0
254,2021-09-23,32.31,32.49,32.23,32.32,5581404.0
255,2021-09-24,32.28,32.37,31.86,31.89,6719403.0
256,2021-09-27,31.8,32.37,31.79,32.03,6453614.0
257,2021-09-28,31.86,32.19,31.77,32.06,10209016.0
258,2021-09-29,32.1,33.03,31.97,32.66,8728317.0
259,2021-09-30,32.7975,32.9175,32.3575,32.3675,6257357.0
260,2021-10-01,33.2875,33.4675,31.2975,31.4075,15124648.0
261,2021-10-04,31.2275,31.4875,30.6475,30.9275,9621969.0
262,2021-10-05,30.9675,32.0075,30.9275,31.6375,7410132.0
263,2021-10-06,31.3975,32.3475,31.2875,32.3175,7420486.0
264,2021-10-07,32.4875,33.2275,32.3275,33.2175,8532491.0
265,2021-10-08,33.1975,33.4475,33.0175,33.2475,6099594.0
266,2021-10-11,33.3075,33.4975,33.0975,33.3375,5606690.0
267,2021-10-12,33.3975,33.5075,33.1575,33.3675,10416559.0
268,2021-10-13,33.5375,34.1375,33.4775,34.1175,8727838.0
269,2021-10-14,34.2075,34.7375,33.7075,33.7975,9785087.0
270,2021-10-15,33.8375,33.8875,33.2475,33.5175,5894617.0
271,2021-10-18,33.4175,33.4575,32.9375,32.9675,4628442.0
272,2021-10-19,32.9575,33.0275,32.6375,32.9575,2993886.0
273,2021-10-20,33.0775,33.3175,32.9475,33.1075,3015725.0
274,2021-10-21,32.9775,33.0775,32.4375,32.5875,4347949.0
275,2021-10-22,32.6575,32.9975,32.6475,32.8675,3067558.0
276,2021-10-25,32.9275,32.9375,32.5975,32.6475,3442766.0
277,2021-10-26,32.6775,32.8775,32.4875,32.7875,3193394.0
278,2021-10-27,32.8775,32.9075,32.3375,32.4075,4506653.0
279,2021-10-28,32.7075,33.7175,32.4875,33.6975,5121125.0
280,2021-10-29,33.7375,34.6275,33.5975,34.2975,7624463.0
281,2021-11-01,34.1475,34.6675,34.0175,34.6075,5263457.0
282,2021-11-02,34.6575,34.7475,34.0075,34.1775,4208817.0
283,2021-11-03,34.0175,34.3875,33.8975,34.2975,6673377.0
284,2021-11-04,34.2875,34.6175,34.1875,34.3575,3088791.0
285,2021-11-05,34.5575,34.7075,34.4075,34.5875,4523177.0
286,2021-11-08,34.6075,34.7875,33.6775,33.9675,5731852.0
287,2021-11-09,34.0275,34.4475,33.9175,33.9875,6364469.0
288,2021-11-10,34.0775,34.4675,33.8975,34.0775,9509960.0
289,2021-11-11,34.1075,34.1075,33.7475,33.8275,2533013.0
290,2021-11-12,33.8575,34.0675,33.6675,33.8775,3839553.0
291,2021-11-15,33.7775,33.9175,33.6075,33.9175,2316706.0
292,2021-11-16,34.1975,34.2775,33.7675,33.7875,3344808.0
293,2021-11-17,33.6975,33.9175,33.5375,33.8875,3429883.0
294,2021-11-18,33.8575,33.9175,33.5675,33.7775,4703774.0
295,2021-11-19,33.7775,33.7775,33.2175,33.3675,4255870.0
296,2021-11-22,33.3575,34.1075,32.9575,34.0675,5887347.0
297,2021-11-23,34.0675,34.4275,33.8275,34.1175,4523251.0
298,2021-11-24,34.1075,34.1275,33.5875,33.8275,3885854.0
299,2021-11-26,33.8275,33.8275,33.1275,33.1875,2846541.0
300,2021-11-29,32.8575,33.4775,32.8575,33.3775,3977529.0
301,2021-11-30,33.3775,33.3775,31.9975,32.1975,5796114.0
302,2021-12-01,32.5875,32.6175,31.7475,31.7675,4991575.0
303,2021-12-02,31.9975,32.5875,31.9975,32.3675,6371257.0
304,2021-12-03,32.4975,32.7175,32.1975,32.6775,7301706.0
305,2021-12-06,33.0075,33.2975,32.8775,33.0075,5610075.0
306,2021-12-07,32.8575,33.2175,32.6375,33.1375,5232826.0
307,2021-12-08,32.9075,33.1375,32.5575,33.0175,5109667.0
308,2021-12-09,32.9075,32.9975,32.4875,32.7975,5401067.0
309,2021-12-10,33.0175,33.7975,32.9375,33.5275,5941475.0
310,2021-12-13,33.5775,33.7575,33.3875,33.5075,5709418.0
311,2021-12-14,33.4875,33.6975,33.2475,33.2675,7993308.0
312,2021-12-15,33.2675,33.9875,33.2575,33.8575,6516924.0
313,2021-12-16,33.7875,34.2375,33.6875,33.9075,7527505.0
314,2021-12-17,33.7775,34.2575,33.6875,33.8875,10641806.0
315,2021-12-20,33.4075,33.7475,33.2675,33.6875,4841178.0
316,2021-12-21,33.7375,33.8175,33.3575,33.5275,4734899.0
317,2021-12-22,33.5075,34.1175,33.3775,34.0775,5576943.0
318,2021-12-23,34.1175,34.2375,33.8475,34.1475,6120290.0
319,2021-12-27,33.8475,34.3475,33.8475,34.3175,2842262.0
320,2021-12-28,34.2875,34.5875,34.2475,34.5775,2509652.0
321,2021-12-29,34.5375,34.8875,34.4875,34.7875,3438606.0
322,2021-12-30,34.8975,35.1875,34.8475,34.8875,4014977.0
323,2021-12-31,34.8475,35.1575,34.6775,35.0675,3726649.0
324,2022-01-03,34.8475,34.9675,34.4575,34.9175,3508959.0
325,2022-01-04,34.9975,35.6075,34.9775,35.4675,5305561.0
326,2022-01-05,35.325,35.935,35.165,35.425,5777470.0
327,2022-01-06,35.375,36.285,35.375,35.825,6505181.0
328,2022-01-07,35.695,35.805,35.385,35.695,4939150.0
329,2022-01-10,35.755,35.945,35.515,35.705,7937491.0
330,2022-01-11,35.615,36.295,35.395,36.225,7580542.0
331,2022-01-12,36.135,36.425,35.945,36.405,7862263.0
332,2022-01-13,36.445,36.905,36.255,36.845,7646134.0
333,2022-01-14,36.815,37.745,36.565,37.675,8022499.0
334,2022-01-18,37.445,37.505,36.405,36.545,9632896.0
335,2022-01-19,36.675,37.005,36.385,36.775,5019335.0
336,2022-01-20,36.775,37.055,36.475,36.505,4903747.0
337,2022-01-21,36.655,37.105,36.195,36.225,6089258.0
338,2022-01-24,36.405,36.675,35.765,36.565,10963961.0
339,2022-01-25,36.335,36.805,35.825,36.475,6712651.0
340,2022-01-26,36.105,36.535,35.565,35.805,10407870.0
341,2022-01-27,35.805,36.915,35.805,35.995,5413852.0
342,2022-01-28,35.705,36.065,35.455,36.035,8513650.0
343,2022-01-31,35.715,36.475,35.705,36.345,8517638.0
344,2022-02-01,36.385,36.585,35.875,36.535,5775181.0
345,2022-02-02,36.695,37.285,36.565,37.165,5636504.0
346,2022-02-03,37.145,37.445,36.825,37.145,7443747.0
347,2022-02-04,36.785,37.045,36.275,36.635,5495916.0
348,2022-02-07,36.725,37.125,36.545,36.965,5469359.0
349,2022-02-08,37.065,37.425,36.875,37.245,6673447.0
350,2022-02-09,37.485,37.525,36.975,37.075,4168827.0
351,2022-02-10,36.425,37.105,36.415,36.675,6926029.0
352,2022-02-11,36.595,36.825,36.335,36.425,7005442.0
353,2022-02-14,36.515,36.625,36.005,36.495,6406360.0
354,2022-02-15,36.815,37.015,36.285,36.325,5583504.0
355,2022-02-16,36.345,36.565,36.045,36.315,7719118.0
356,2022-02-17,36.785,36.785,36.055,36.315,5994203.0
357,2022-02-18,36.175,37.005,36.165,36.875,6686318.0
358,2022-02-22,36.935,37.145,36.545,36.965,6932566.0
359,2022-02-23,36.935,37.135,36.455,36.455,7046546.0
360,2022-02-24,35.625,36.015,34.315,35.045,7374622.0
361,2022-02-25,35.295,36.805,35.245,36.695,8460548.0
362,2022-02-28,35.795,37.105,35.735,37.065,7980568.0
363,2022-03-01,36.775,37.185,36.375,36.555,6055479.0
364,2022-03-02,36.785,37.175,36.445,37.005,3860114.0
365,2022-03-03,37.075,37.275,36.925,37.005,5555929.0
366,2022-03-04,36.615,37.425,36.315,37.275,6418625.0
367,2022-03-07,37.175,37.645,36.455,36.535,6681881.0
368,2022-03-08,36.505,36.755,35.535,35.605,6479580.0
369,2022-03-09,36.105,36.325,35.375,36.025,9897116.0
370,2022-03-10,35.555,36.645,34.905,35.595,8174470.0
371,2022-03-11,35.735,36.145,35.145,35.205,6844868.0
372,2022-03-14,35.245,35.585,35.235,35.435,7036630.0
373,2022-03-15,35.765,35.905,35.495,35.735,6329302.0
374,2022-03-16,35.605,36.045,35.155,35.855,9275450.0
375,2022-03-17,35.825,36.505,35.825,36.195,5814968.0
376,2022-03-18,36.185,36.315,35.835,36.205,8574118.0
377,2022-03-21,36.195,36.535,35.865,36.175,4065698.0
378,2022-03-22,35.725,36.385,35.725,36.225,4241761.0
379,2022-03-23,36.175,36.385,35.215,35.265,5153354.0
380,2022-03-24,35.435,35.675,35.205,35.655,3461604.0
381,2022-03-25,35.585,36.025,35.545,35.975,2957964.0
382,2022-03-28,36.075,36.415,35.755,36.395,3424195.0
383,2022-03-29,36.415,36.855,36.255,36.685,4116296.0
384,2022-03-30,36.465,36.705,36.255,36.545,3625731.0
385,2022-03-31,36.7325,36.9025,36.4725,36.4825,4288461.0
386,2022-04-01,36.5425,36.8225,36.3425,36.8225,2568196.0
387,2022-04-04,36.6225,36.9525,36.1825,36.9425,4516175.0
388,2022-04-05,36.6325,36.8025,35.4725,35.5325,10494985.0
389,2022-04-06,35.5825,36.6225,35.4025,36.4125,7593090.0
390,2022-04-07,36.3925,36.4325,35.8725,36.1925,4763438.0
391,2022-04-08,36.2725,36.4625,35.9925,36.2325,5913558.0
392,2022-04-11,36.3625,36.6225,36.1625,36.1725,4409135.0
393,2022-04-12,36.3025,36.4825,35.9325,36.2125,6237180.0
394,2022-04-13,36.3625,36.4425,36.0425,36.2425,6241753.0
395,2022-04-14,36.3225,36.3825,35.7725,35.8225,5109872.0
396,2022-04-18,35.7825,36.0525,35.1625,35.3625,8055338.0
397,2022-04-19,35.5025,36.2725,35.3325,36.1425,8806512.0
398,2022-04-20,36.2825,36.6325,36.1125,36.5925,6061604.0
399,2022-04-21,36.6625,36.8725,36.0625,36.0925,6735323.0
400,2022-04-22,36.1725,36.2425,35.5625,35.5825,5430454.0
401,2022-04-25,35.9025,36.0225,35.2225,35.8825,6044539.0
402,2022-04-26,35.8725,36.2325,35.6025,35.6325,7729165.0
403,2022-04-27,35.8325,36.7725,35.7625,36.4425,6655315.0
404,2022-04-28,35.9525,36.8625,35.2625,36.5725,7437913.0
405,2022-04-29,36.5825,37.1325,35.9025,35.9825,7760847.0
406,2022-05-02,36.1025,36.4425,34.6225,35.1125,9331778.0
407,2022-05-03,35.4325,36.0825,35.3025,35.7725,8821987.0
408,2022-05-04,35.6725,35.8925,35.1525,35.8025,9463679.0
409,2022-05-05,35.9425,35.9425,35.3025,35.6425,8480861.0
410,2022-05-06,35.5525,35.7725,35.1225,35.5425,7708791.0
411,2022-05-09,35.4825,36.1425,35.2325,35.7225,9552267.0
412,2022-05-10,36.0325,36.2525,35.2025,35.5825,8336079.0
413,2022-05-11,35.2925,36.5925,35.2925,36.0025,9595869.0
414,2022-05-12,35.9925,36.0925,35.0825,35.4425,14181547.0
415,2022-05-13,35.4525,36.0225,35.3625,35.7925,13123711.0
416,2022-05-16,35.7225,35.9925,35.4325,35.5625,11106382.0
417,2022-05-17,35.5125,35.6425,33.9725,34.5525,18922110.0
418,2022-05-18,34.4925,34.5125,33.0725,33.1025,12435488.0
419,2022-05-19,32.9525,33.1625,32.2625,32.9125,13273053.0
420,2022-05-20,33.2025,33.2525,32.1425,33.1625,12284498.0
421,2022-05-23,33.5725,33.7525,33.3025,33.5425,7168422.0
422,2022-05-24,33.5425,33.8925,33.3125,33.8725,10467942.0
423,2022-05-25,33.9425,34.1025,33.5725,33.9225,10498357.0
424,2022-05-26,33.9625,34.3525,33.8525,34.1125,10005741.0
425,2022-05-27,34.1925,34.4525,33.5425,33.7625,11455999.0
426,2022-05-31,33.6625,33.6825,33.1025,33.3225,35586745.0
427,2022-06-01,33.3225,33.4825,32.6325,33.2225,8627185.0
428,2022-06-02,33.3225,33.9125,32.8125,33.9025,10894538.0
429,2022-06-03,33.8325,33.8725,33.4125,33.5125,6982059.0
430,2022-06-06,35.8325,35.9025,34.8225,35.2825,23883025.0
431,2022-06-07,35.0325,35.3425,34.7825,34.9925,10389623.0
432,2022-06-08,34.8025,34.9625,34.4725,34.6125,10141833.0
433,2022-06-09,34.6125,35.1525,34.2725,34.2925,9569869.0
434,2022-06-10,33.9325,34.3825,33.7825,34.0725,9521091.0
435,2022-06-13,33.6725,33.9725,33.1925,33.2825,10588105.0
436,2022-06-14,33.4725,33.5925,32.7425,32.9825,10030352.0
437,2022-06-15,33.1025,33.6825,33.0225,33.4325,11669759.0
438,2022-06-16,33.1025,33.4825,32.9025,33.0225,18528025.0
439,2022-06-17,33.2125,33.4925,31.9325,32.9325,143326650.0
440,2022-06-21,32.7725,33.8525,32.6925,33.5225,15771993.0
441,2022-06-22,33.5425,33.9925,33.3125,33.4625,11468211.0
442,2022-06-23,33.6525,33.9725,33.5125,33.7925,11130895.0
443,2022-06-24,34.1125,34.4925,33.6425,34.3425,15239690.0
444,2022-06-27,34.3425,34.6325,34.2925,34.4725,6617339.0
445,2022-06-28,34.5425,34.9125,34.0725,34.0925,7036634.0
446,2022-06-29,34.2425,34.5425,34.1025,34.2625,7246427.0
447,2022-06-30,33.92,34.39,33.83,34.16,7680498.0
448,2022-07-01,33.99,34.93,33.81,34.84,5867266.0
449,2022-07-05,34.85,35.04,34.21,35.03,7186367.0
450,2022-07-06,35.06,35.23,34.64,34.72,8696338.0
451,2022-07-07,34.77,35.04,34.7,34.92,6471391.0
452,2022-07-08,34.99,35.1,34.58,34.97,7374656.0
453,2022-07-11,35.09,35.15,34.77,34.91,5827153.0
454,2022-07-12,35.02,35.4,34.87,35.07,6360013.0
455,2022-07-13,34.99,35.37,34.71,35.2,5349054.0
456,2022-07-14,34.66,35.2,34.6,35.16,6379660.0
457,2022-07-15,35.59,35.65,35.05,35.4,6345535.0
458,2022-07-18,35.44,35.45,34.81,34.93,6312691.0
459,2022-07-19,35.3,35.39,35.03,35.25,7134550.0
460,2022-07-20,35.25,35.29,34.9,35.08,5573711.0
461,2022-07-21,35.04,35.23,34.72,35.05,7490732.0
462,2022-07-22,35.22,35.37,34.95,35.2,5940475.0
463,2022-07-25,35.27,35.68,35.21,35.53,3873379.0
464,2022-07-26,35.54,35.9,35.3,35.84,6662515.0
465,2022-07-27,35.68,36.17,35.37,35.88,8090902.0
466,2022-07-28,36.21,37.31,35.76,37.27,9055836.0
467,2022-07-29,37.06,37.53,36.9,37.51,7316839.0
468,2022-08-01,37.62,38.19,37.58,37.68,8587398.0
469,2022-08-02,37.72,37.74,37.2,37.33,5577019.0
470,2022-08-03,37.38,37.92,37.02,37.87,5799699.0
471,2022-08-04,37.81,37.84,37.25,37.45,5533605.0
472,2022-08-05,37.36,37.51,36.88,37.49,5975166.0
473,2022-08-08,37.72,37.85,37.4,37.55,4719273.0
474,2022-08-09,37.71,38.05,37.57,37.88,7192587.0
475,2022-08-10,38.06,38.54,38.0,38.47,10802672.0
476,2022-08-11,38.61,38.84,37.75,37.79,7121667.0
477,2022-08-12,37.89,38.1,37.85,38.07,6209709.0
478,2022-08-15,38.02,38.78,38.0,38.72,5394000.0
479,2022-08-16,38.77,39.22,38.69,38.85,6640163.0
480,2022-08-17,38.86,39.13,38.68,38.82,6330794.0
481,2022-08-18,38.89,40.08,38.76,38.8,8202818.0
482,2022-08-19,38.72,39.04,38.55,38.73,11083490.0
483,2022-08-22,38.49,38.76,38.17,38.25,5536352.0
484,2022-08-23,38.11,38.47,38.04,38.26,4820931.0
485,2022-08-24,38.34,38.56,38.1,38.38,4097768.0
486,2022-08-25,38.38,38.59,38.26,38.46,4581461.0
487,2022-08-26,38.5,38.57,37.35,37.39,8000769.0
488,2022-08-29,37.2,37.79,37.12,37.57,5321623.0
489,2022-08-30,37.47,37.51,37.06,37.19,4506307.0
490,2022-08-31,37.37,37.4,36.82,36.89,6967762.0
491,2022-09-01,36.85,37.14,36.57,37.1,4412101.0
492,2022-09-02,37.32,37.58,36.42,36.6,5892482.0
493,2022-09-06,36.64,36.95,36.28,36.34,7344150.0
494,2022-09-07,36.49,37.19,36.46,37.11,5000886.0
495,2022-09-08,37.08,37.28,36.8,37.23,6240377.0
496,2022-09-09,37.31,37.67,37.1,37.46,5260539.0
497,2022-09-12,37.58,37.85,37.48,37.78,5026550.0
498,2022-09-13,37.42,37.68,36.35,36.46,7023524.0
499,2022-09-14,36.61,36.93,36.3,36.51,6900035.0
500,2022-09-15,36.57,36.84,35.93,36.0,8293623.0
501,2022-09-16,35.84,36.25,35.48,35.94,33297798.0
502,2022-09-19,36.01,36.63,35.67,36.54,7525357.0
503,2022-09-20,36.43,36.47,35.93,36.2,4492039.0
504,2022-09-21,36.44,36.72,35.92,35.93,6009882.0
505,2022-09-22,35.98,36.15,35.82,35.88,5758513.0
506,2022-09-23,35.8,35.89,35.39,35.85,5849135.0
507,2022-09-26,35.79,36.3,35.72,36.05,7144538.0
508,2022-09-27,35.54,35.75,34.69,34.74,10634753.0
509,2022-09-28,34.81,35.5,34.48,35.34,5853533.0
510,2022-09-29,35.55,35.55,34.77,35.09,6318634.0
511,2022-09-30,35.29,35.31,34.75,34.79,8143032.0
512,2022-10-03,34.9,35.88,34.78,35.84,11361704.0
513,2022-10-04,36.11,36.54,35.76,36.23,10721453.0
514,2022-10-05,36.2,36.66,35.81,36.41,5555543.0
515,2022-10-06,36.28,36.5,35.98,36.11,5237013.0
516,2022-10-07,36.17,36.17,35.42,35.47,7064776.0
517,2022-10-10,35.4,36.04,35.28,35.94,5683477.0
518,2022-10-11,36.07,36.98,36.03,36.52,10534851.0
519,2022-10-12,36.91,36.97,36.48,36.68,8563438.0
520,2022-10-13,36.18,37.21,35.96,37.11,6389637.0
521,2022-10-14,37.3,37.37,36.08,36.3,9240019.0
522,2022-10-17,36.62,36.98,36.52,36.73,5534078.0
523,2022-10-18,37.27,37.49,37.0,37.34,4471278.0
524,2022-10-19,37.32,37.48,36.47,36.75,5436522.0
525,2022-10-20,36.69,36.77,36.21,36.25,4460950.0
526,2022-10-21,36.25,36.67,35.97,36.59,6020874.0
527,2022-10-24,37.11,37.46,36.61,37.41,6972110.0
528,2022-10-25,37.52,37.6,37.11,37.52,5628663.0
529,2022-10-26,37.8,38.13,37.59,37.73,7667878.0
530,2022-10-27,36.59,37.1,36.22,37.08,7209071.0
531,2022-10-28,37.31,38.7,37.31,38.52,8038256.0
532,2022-10-31,37.93,38.12,37.48,37.81,6865826.0
533,2022-11-01,37.92,37.92,36.76,36.81,9435547.0
534,2022-11-02,36.81,36.94,35.89,35.95,10968083.0
535,2022-11-03,35.63,35.67,35.23,35.26,9893316.0
536,2022-11-04,35.55,36.02,35.32,35.95,7834211.0
537,2022-11-07,36.1,36.6,36.04,36.43,6723932.0
538,2022-11-08,36.43,37.1,36.36,36.91,5692053.0
539,2022-11-09,36.79,37.19,36.51,36.54,5343346.0
540,2022-11-10,37.3,37.48,36.11,36.91,10098955.0
541,2022-11-11,37.01,37.08,35.86,36.31,7058607.0
542,2022-11-14,36.39,36.44,35.46,35.51,11253679.0
543,2022-11-15,35.98,36.08,35.17,35.56,10151085.0
544,2022-11-16,35.86,36.0,35.52,35.66,7325675.0
545,2022-11-17,35.51,35.87,35.41,35.81,6968188.0
546,2022-11-18,36.11,36.42,35.99,36.39,8187068.0
547,2022-11-21,36.58,37.01,36.39,36.97,6913861.0
548,2022-11-22,37.28,37.43,37.16,37.3,5505112.0
549,2022-11-23,37.3,37.38,37.09,37.29,4740164.0
550,2022-11-25,37.22,37.38,37.09,37.22,3574330.0
551,2022-11-28,37.29,37.39,37.05,37.17,6261350.0
552,2022-11-29,37.06,37.33,36.83,37.07,6775153.0
553,2022-11-30,37.01,37.67,36.75,37.64,12768839.0
554,2022-12-01,37.74,37.82,37.53,37.68,6044227.0
555,2022-12-02,37.57,37.91,37.45,37.71,6806343.0
556,2022-12-05,37.3,37.3,36.64,36.93,5331809.0
557,2022-12-06,36.95,37.21,36.57,36.64,6213283.0
558,2022-12-07,36.96,36.98,36.63,36.91,6277534.0
559,2022-12-08,36.91,37.32,36.77,37.28,4679908.0
560,2022-12-09,37.35,37.35,36.87,36.9,7246440.0
561,2022-12-12,37.08,37.1,36.46,37.06,7400949.0
562,2022-12-13,37.6,37.66,36.43,36.61,8782553.0
563,2022-12-14,36.55,36.95,35.94,36.31,9561499.0
564,2022-12-15,36.01,36.2,35.36,35.6,11241879.0
565,2022-12-16,35.12,35.18,34.42,35.04,20447362.0
566,2022-12-19,35.08,35.64,34.99,35.29,9273150.0
567,2022-12-20,35.36,35.69,35.08,35.23,7863572.0
568,2022-12-21,35.48,35.64,35.18,35.5,5664020.0
569,2022-12-22,35.49,35.5,34.91,35.26,6452891.0
570,2022-12-23,35.39,35.46,35.14,35.34,4176653.0
571,2022-12-27,35.47,35.5,34.92,35.07,5069538.0
572,2022-12-28,35.19,35.3,34.7,34.74,3883253.0
573,2022-12-29,34.83,34.95,34.71,34.8,4215714.0
574,2022-12-30,34.8,34.8,34.35,34.63,4779794.0
575,2023-01-03,34.62,34.68,34.12,34.52,6040460.0
576,2023-01-04,34.8,34.84,34.3,34.81,6617447.0
577,2023-01-05,34.52,34.71,34.39,34.46,7552322.0
578,2023-01-06,34.73,35.56,34.65,35.43,8038626.0
579,2023-01-09,35.35,35.73,35.18,35.2,4344136.0
580,2023-01-10,35.17,35.34,34.67,34.86,4133863.0
581,2023-01-11,35.11,35.15,34.7,34.94,7269676.0
582,2023-01-12,34.81,34.92,34.46,34.74,5248640.0
583,2023-01-13,34.69,34.89,34.52,34.86,5821170.0
584,2023-01-17,35.04,35.26,34.82,34.9,7441891.0
585,2023-01-18,34.91,34.95,34.0,34.1,6287013.0
586,2023-01-19,34.02,34.09,33.52,33.53,11358309.0
587,2023-01-20,33.45,33.94,33.37,33.88,7148836.0
588,2023-01-23,33.87,34.12,33.71,33.86,4860779.0
589,2023-01-24,33.86,34.19,33.48,34.15,7954683.0
590,2023-01-25,34.08,34.16,33.77,34.13,4943574.0
591,2023-01-26,34.08,34.21,33.83,34.1,5555010.0
592,2023-01-27,34.02,34.06,33.7,33.87,6367169.0
593,2023-01-30,33.87,34.33,33.73,33.89,4571362.0
594,2023-01-31,34.24,34.47,33.93,34.45,5887739.0
595,2023-02-01,34.37,34.77,34.11,34.51,4645689.0
596,2023-02-02,34.37,34.47,34.01,34.38,6256608.0
597,2023-02-03,34.42,34.49,33.68,34.32,7050795.0
598,2023-02-06,34.31,34.47,34.14,34.39,6003292.0
599,2023-02-07,34.15,34.43,33.89,34.37,5858565.0
600,2023-02-08,34.29,34.38,33.97,34.04,4687383.0
601,2023-02-09,34.36,34.51,34.01,34.04,5883948.0
602,2023-02-10,34.21,34.52,33.87,34.45,9337418.0
603,2023-02-13,34.51,34.83,34.4,34.83,4040177.0
604,2023-02-14,34.77,34.81,34.33,34.56,8663590.0
605,2023-02-15,34.51,34.91,34.41,34.87,6004962.0
606,2023-02-16,34.86,35.18,34.54,35.07,8732963.0
607,2023-02-17,35.07,35.12,34.73,34.84,7953308.0
608,2023-02-21,34.79,34.86,34.3,34.72,7087711.0
609,2023-02-22,34.83,35.22,34.83,34.95,8021285.0
610,2023-02-23,34.95,35.4,34.33,35.28,6437948.0
611,2023-02-24,35.07,35.09,34.62,34.96,5762119.0
612,2023-02-27,35.05,35.09,34.44,34.54,12114864.0
613,2023-02-28,33.59,34.02,33.52,33.72,21571364.0
614,2023-03-01,33.59,33.59,33.18,33.36,8861745.0
615,2023-03-02,33.64,33.82,33.37,33.75,8231275.0
616,2023-03-03,33.73,33.85,33.45,33.72,8223990.0
617,2023-03-06,33.71,34.11,33.61,33.99,6975891.0
618,2023-03-07,34.0,34.19,33.71,34.0,6903581.0
619,2023-03-08,33.98,34.26,33.79,33.95,6891458.0
620,2023-03-09,34.06,34.26,33.68,33.73,6029613.0
621,2023-03-10,33.82,33.9,33.25,33.49,6530141.0
622,2023-03-13,33.56,34.07,33.4,33.42,7907402.0
623,2023-03-14,33.52,33.83,33.41,33.8,6526333.0
624,2023-03-15,33.7,34.16,33.58,34.09,8896762.0
625,2023-03-16,34.04,34.39,33.96,34.27,8904820.0
626,2023-03-17,34.2,34.45,33.97,34.03,15595178.0
627,2023-03-20,34.45,34.45,34.05,34.39,8142224.0
628,2023-03-21,34.44,34.51,34.07,34.32,12071076.0
629,2023-03-22,34.23,34.52,33.8,33.84,9456673.0
630,2023-03-23,33.72,33.85,33.23,33.28,11424342.0
631,2023-03-24,33.44,34.12,33.33,34.04,8625153.0
632,2023-03-27,34.17,34.58,34.16,34.27,9291951.0
633,2023-03-28,34.37,34.47,34.24,34.31,7743453.0
634,2023-03-29,34.45,34.51,34.33,34.46,6616274.0
635,2023-03-30,34.57,34.63,34.42,34.5,8181103.0
636,2023-03-31,34.78,34.79,34.54,34.65,11182884.0
637,2023-04-03,34.7,34.9,34.55,34.76,8911627.0
638,2023-04-04,34.79,34.82,34.61,34.73,6453976.0
639,2023-04-05,34.87,35.26,34.73,34.77,12154079.0
640,2023-04-06,34.8,35.26,34.8,35.01,8511689.0
641,2023-04-10,34.87,34.88,34.47,34.6,6801811.0
642,2023-04-11,34.64,34.78,34.52,34.62,5616937.0
643,2023-04-12,34.54,34.83,34.45,34.58,7503797.0
644,2023-04-13,34.56,34.69,34.21,34.61,6089809.0
645,2023-04-14,34.4,34.74,34.38,34.47,6577054.0
646,2023-04-17,34.63,34.79,34.53,34.76,5871725.0
647,2023-04-18,34.82,34.82,34.37,34.76,5223313.0
648,2023-04-19,34.87,34.98,34.68,34.72,5794602.0
649,2023-04-20,34.74,35.02,34.59,34.9,5106349.0
650,2023-04-21,35.05,35.12,34.62,34.68,7459847.0
651,2023-04-24,34.77,34.98,34.66,34.73,7346013.0
652,2023-04-25,34.66,35.36,34.63,35.26,10945949.0
653,2023-04-26,34.91,35.17,34.86,34.87,8548838.0
654,2023-04-27,34.0,34.02,32.3,32.91,17056869.0
655,2023-04-28,32.82,32.97,31.66,32.07,19267071.0
656,2023-05-01,32.03,32.34,31.9,31.94,9019032.0
657,2023-05-02,31.77,31.91,31.27,31.91,12960354.0
658,2023-05-03,31.78,32.46,31.6,32.16,13047891.0
659,2023-05-04,32.07,32.25,31.7,31.86,9702233.0
660,2023-05-05,32.02,32.68,31.97,32.6,11869791.0
661,2023-05-08,32.55,32.6,32.14,32.22,7797699.0
662,2023-05-09,32.21,32.27,31.99,32.08,6139414.0
663,2023-05-10,32.04,32.25,31.69,31.96,6270725.0
664,2023-05-11,31.85,31.96,31.7,31.8,6421736.0
665,2023-05-12,31.76,32.06,31.76,32.04,9123018.0
666,2023-05-15,32.12,32.18,31.63,31.73,5532697.0
667,2023-05-16,31.71,31.71,31.21,31.23,6447262.0
668,2023-05-17,31.26,31.53,31.1,31.49,7575097.0
669,2023-05-18,31.22,31.33,31.01,31.24,5969532.0
670,2023-05-19,31.37,31.46,31.14,31.2,4508198.0
671,2023-05-22,31.33,31.38,30.99,31.28,7028651.0
672,2023-05-23,31.43,31.44,31.23,31.39,6309651.0
673,2023-05-24,31.42,31.5,31.07,31.29,10550009.0
674,2023-05-25,30.93,31.08,30.64,30.92,9500444.0
675,2023-05-26,30.8,31.04,30.59,30.78,13065324.0
676,2023-05-30,30.65,30.94,30.24,30.37,11161877.0
677,2023-05-31,30.5,30.62,30.07,30.49,21178880.0
678,2023-06-01,30.7,30.7,30.4,30.54,7627044.0
679,2023-06-02,30.65,30.88,30.52,30.82,7180079.0
680,2023-06-05,30.9,31.22,30.66,30.68,5118276.0
681,2023-06-06,30.25,30.54,30.17,30.45,12374861.0
682,2023-06-07,30.38,30.73,30.17,30.68,10559134.0
683,2023-06-08,30.63,30.8,30.53,30.78,9675211.0
684,2023-06-09,30.68,30.72,30.54,30.68,6253848.0
685,2023-06-12,30.67,30.71,30.36,30.6,16031012.0
686,2023-06-13,30.63,30.93,30.52,30.89,10548376.0
687,2023-06-14,31.01,31.22,30.94,31.13,11167703.0
688,2023-06-15,31.36,31.36,31.08,31.13,14698805.0
689,2023-06-16,31.22,31.65,31.03,31.54,15546596.0
690,2023-06-20,31.44,31.57,31.29,31.3,7552411.0
691,2023-06-21,31.31,31.42,30.89,31.11,8777786.0
692,2023-06-22,31.26,31.4,31.1,31.29,10435685.0
693,2023-06-23,31.33,31.36,30.47,30.55,12388542.0
694,2023-06-26,30.52,30.57,30.25,30.49,6105018.0
695,2023-06-27,30.49,30.68,30.43,30.62,6715804.0
696,2023-06-28,30.47,30.47,30.08,30.27,6315363.0
697,2023-06-29,30.14,30.36,30.04,30.33,9003180.0
698,2023-06-30,30.45,30.89,30.39,30.84,7932806.0
699,2023-07-03,30.82,31.05,30.73,31.04,3517233.0
700,2023-07-05,30.99,31.33,30.81,31.32,7314648.0
701,2023-07-06,31.78,32.01,31.59,31.77,16423308.0
702,2023-07-07,31.6,31.66,31.29,31.33,9743598.0
703,2023-07-10,31.03,31.31,31.0,31.03,14525228.0
704,2023-07-11,31.14,31.14,30.86,30.96,8589827.0
705,2023-07-12,31.05,31.21,30.82,30.84,8681590.0
706,2023-07-13,30.87,31.12,30.82,31.08,7415240.0
707,2023-07-14,31.12,31.35,30.82,31.23,7371331.0
708,2023-07-17,31.21,31.47,31.04,31.18,5706796.0
709,2023-07-18,31.16,31.53,30.87,31.13,6802357.0
710,2023-07-19,31.28,31.67,31.26,31.46,5167018.0
711,2023-07-20,31.42,32.11,31.42,32.0,7862787.0
712,2023-07-21,32.19,32.36,32.01,32.15,23786153.0
713,2023-07-24,32.13,32.19,31.89,31.93,6954960.0
714,2023-07-25,31.87,31.94,31.68,31.89,5967126.0
715,2023-07-26,31.8,32.3,31.74,32.11,11678310.0
716,2023-07-27,33.4,33.93,33.26,33.33,21483184.0
717,2023-07-28,33.53,33.67,33.12,33.49,14640477.0
718,2023-07-31,33.23,33.64,32.83,33.58,17658183.0
719,2023-08-01,33.72,33.74,33.3,33.7,15292462.0
720,2023-08-02,33.73,34.23,33.64,34.03,13651220.0
721,2023-08-03,34.09,34.09,33.49,33.5,7096257.0
722,2023-08-04,33.39,33.54,33.14,33.17,6399798.0
723,2023-08-07,33.38,33.54,33.19,33.39,7037951.0
724,2023-08-08,33.27,33.34,32.8,33.0,7337273.0
725,2023-08-09,32.98,33.48,32.87,33.19,7467904.0
726,2023-08-10,33.34,33.49,32.96,32.97,6378124.0
727,2023-08-11,33.03,33.41,33.01,33.37,6299478.0
728,2023-08-14,33.53,33.61,33.21,33.31,5137809.0
729,2023-08-15,33.2,33.21,32.9,33.04,6187035.0
730,2023-08-16,33.65,33.88,33.35,33.42,10147943.0
731,2023-08-17,33.4,33.45,33.16,33.24,8022843.0
732,2023-08-18,33.19,33.41,33.15,33.32,6949231.0
733,2023-08-21,33.33,33.38,33.05,33.2,6137061.0
734,2023-08-22,33.07,33.34,32.95,33.02,8243890.0
735,2023-08-23,33.22,33.24,33.02,33.22,7307910.0
736,2023-08-24,33.19,33.46,32.96,33.0,8284985.0
737,2023-08-25,33.01,33.17,32.76,32.85,8166619.0
738,2023-08-28,33.05,33.3,32.96,33.27,5062291.0
739,2023-08-29,33.35,33.51,33.07,33.47,5021156.0
740,2023-08-30,33.48,33.55,33.27,33.34,4271892.0
741,2023-08-31,33.31,33.46,33.16,33.22,5056274.0
742,2023-09-01,33.33,33.37,33.09,33.12,6084013.0
743,2023-09-05,33.09,33.15,32.38,32.62,7560666.0
744,2023-09-06,32.64,32.83,32.6,32.77,6900638.0
745,2023-09-07,33.01,33.14,32.78,32.88,5628785.0
746,2023-09-08,32.91,33.04,32.77,32.93,5411204.0
747,2023-09-11,33.0,33.29,32.94,33.1,6079058.0
748,2023-09-12,33.07,33.15,32.75,32.83,6124685.0
749,2023-09-13,32.93,33.05,32.44,32.7,8433228.0
750,2023-09-14,32.7,33.33,32.7,33.24,10581005.0
751,2023-09-15,33.16,33.4,32.82,32.87,40430903.0
752,2023-09-18,32.99,33.25,32.71,33.22,8396462.0
753,2023-09-19,33.41,33.41,32.9,32.98,7679373.0
754,2023-09-20,33.03,33.47,33.0,33.34,6724061.0
755,2023-09-21,33.39,33.41,32.87,32.9,11675315.0
756,2023-09-22,32.84,33.06,32.68,32.69,6051029.0
757,2023-09-25,32.52,32.65,31.96,32.05,5659153.0
758,2023-09-26,32.04,32.1,31.72,31.73,6557894.0
759,2023-09-27,31.7,31.77,31.23,31.24,5324668.0
760,2023-09-28,31.345,31.405,31.075,31.245,5889300.0
761,2023-09-29,31.375,31.545,31.185,31.355,5919608.0
762,2023-10-02,31.265,31.315,30.825,30.995,6266580.0
763,2023-10-03,30.855,31.015,30.705,30.875,6459720.0
764,2023-10-04,30.995,31.525,30.925,31.485,9311538.0
765,2023-10-05,31.495,31.505,29.925,29.995,15400046.0
766,2023-10-06,29.865,29.925,28.965,29.855,10862934.0
767,2023-10-09,29.825,29.965,29.325,29.525,7824418.0
768,2023-10-10,29.765,30.155,29.505,30.075,8261982.0
769,2023-10-11,30.155,30.205,28.925,29.075,9754845.0
770,2023-10-12,28.965,29.025,27.445,27.685,16014273.0
771,2023-10-13,27.685,28.185,27.575,27.895,7916863.0
772,2023-10-16,28.035,28.315,27.595,28.295,8159607.0
773,2023-10-17,28.195,28.755,28.175,28.565,7096623.0
774,2023-10-18,28.625,28.895,28.485,28.575,4922217.0
775,2023-10-19,28.575,28.735,28.225,28.235,6685858.0
776,2023-10-20,28.265,28.695,28.185,28.435,9031633.0
777,2023-10-23,28.415,28.525,28.105,28.115,7710076.0
778,2023-10-24,28.205,29.045,28.185,28.895,9904382.0
779,2023-10-25,28.845,29.145,28.695,28.885,10816666.0
780,2023-10-26,30.655,30.855,28.965,29.295,14559214.0
781,2023-10-27,29.155,30.065,29.125,29.655,15490199.0
782,2023-10-30,29.785,30.045,29.595,29.805,13125665.0
783,2023-10-31,29.955,30.315,29.905,30.115,10628080.0
784,2023-11-01,30.205,30.4,29.995,30.245,9440562.0
785,2023-11-02,30.355,30.74,30.235,30.645,9628293.0
786,2023-11-03,30.905,31.345,30.855,30.905,9024752.0
787,2023-11-06,30.855,31.135,30.735,30.755,6118464.0
788,2023-11-07,30.755,30.935,30.615,30.785,8222273.0
789,2023-11-08,30.855,30.97,30.735,30.835,7223301.0
790,2023-11-09,31.045,31.045,30.65,30.685,7518509.0
791,2023-11-10,30.685,30.845,30.6,30.755,7800763.0
792,2023-11-13,30.745,31.155,30.645,31.065,6532511.0
793,2023-11-14,31.355,31.775,31.285,31.665,10032892.0
794,2023-11-15,31.725,31.785,31.56,31.675,7162448.0
795,2023-11-16,31.745,31.995,31.435,31.565,7233591.0
796,2023-11-17,31.735,31.735,31.23,31.515,6947393.0
797,2023-11-20,31.405,31.67,31.185,31.565,5239007.0
798,2023-11-21,31.485,31.805,31.455,31.695,5339506.0
799,2023-11-22,31.845,32.215,31.79,32.195,6123937.0
800,2023-11-24,32.155,32.52,32.155,32.405,3282967.0
801,2023-11-27,32.335,32.505,32.245,32.335,8790292.0
802,2023-11-28,32.335,32.465,31.965,32.025,7062996.0
803,2023-11-29,32.025,32.045,31.445,31.515,7236479.0
804,2023-11-30,31.565,31.64,30.985,31.355,21381554.0
805,2023-12-01,31.445,31.975,31.4157,31.955,8168170.0
806,2023-12-04,31.905,32.214,31.905,32.015,5379152.0
807,2023-12-05,31.905,31.985,31.705,31.815,4544344.0
808,2023-12-06,31.835,32.015,31.6,31.975,5945756.0
809,2023-12-07,32.035,32.24,31.875,32.145,6873735.0
810,2023-12-08,32.115,32.115,31.865,31.895,8254140.0
811,2023-12-11,32.235,32.575,32.235,32.545,7055187.0
812,2023-12-12,32.805,32.805,32.355,32.455,5925613.0
813,2023-12-13,32.495,33.075,32.33,33.025,7104407.0
814,2023-12-14,33.095,33.435,31.955,31.995,13049621.0
815,2023-12-15,31.965,32.285,31.655,31.755,18610836.0
816,2023-12-18,31.905,32.375,31.5949,32.185,6357176.0
817,2023-12-19,32.085,32.4314,32.045,32.325,5632901.0
818,2023-12-20,32.125,32.515,32.045,32.065,7322675.0
819,2023-12-21,32.165,32.335,32.025,32.305,4852551.0
820,2023-12-22,32.25,32.765,32.245,32.615,4467663.0
821,2023-12-26,32.595,32.91,32.4975,32.835,3492489.0
822,2023-12-27,32.845,32.98,32.755,32.895,4895338.0
823,2023-12-28,32.965,33.155,32.9,33.135,3807990.0
824,2023-12-29,33.045,33.155,32.92,33.105,4988375.0
825,2024-01-02,33.165,33.42,33.02,33.155,7860942.0
826,2024-01-03,32.835,32.845,32.185,32.375,9610243.0
827,2024-01-04,32.33,32.605,32.215,32.37,7351072.0
828,2024-01-05,32.24,32.285,31.65,31.97,5261520.0
829,2024-01-08,31.76,32.0001,31.53,31.81,18370602.0
830,2024-01-09,31.64,31.99,31.48,31.98,9427875.0
831,2024-01-10,31.95,32.06,31.64,31.77,7003222.0
832,2024-01-11,31.68,31.98,31.55,31.95,6696296.0
833,2024-01-12,32.09,32.15,31.82,31.91,6273476.0
834,2024-01-16,31.91,31.94,31.62,31.83,8093308.0
835,2024-01-17,31.76,32.015,31.66,31.74,6070558.0
836,2024-01-18,31.54,31.835,31.38,31.8,8788321.0
837,2024-01-19,31.77,31.955,31.41,31.89,7295311.0
838,2024-01-22,31.76,31.91,31.49,31.5,6014272.0
839,2024-01-23,31.51,31.8,31.28,31.74,6970256.0
840,2024-01-24,31.73,31.77,31.07,31.14,6216698.0
841,2024-01-25,31.3,31.6,31.19,31.59,7898820.0
842,2024-01-26,31.73,32.02,31.73,31.98,4879391.0
843,2024-01-29,31.94,32.05,31.9,32.01,10680048.0
844,2024-01-30,32.03,32.09,31.74,31.8,5829751.0
845,2024-01-31,31.88,31.9,31.325,31.44,6335977.0
846,2024-02-01,31.51,32.01,31.215,31.98,8024249.0
847,2024-02-02,31.77,31.9,31.39,31.65,5962849.0
848,2024-02-05,31.47,31.48,31.0,31.04,8392556.0
849,2024-02-06,31.11,31.235,30.92,31.11,12983591.0
