,date,open,high,low,close,volume
0,2018-10-31,139.543,143.403,139.113,143.273,18032219.0
1,2018-11-01,142.463,143.283,139.743,139.803,11423528.0
2,2018-11-02,138.463,139.613,133.243,137.643,6835139.0
3,2018-11-05,135.453,139.993,135.253,139.793,4477443.0
4,2018-11-06,139.633,144.153,139.473,143.333,2510572.0
5,2018-11-07,142.343,144.653,142.033,144.653,7626295.0
6,2018-11-08,142.303,143.953,140.733,143.103,4010008.0
7,2018-11-09,140.793,141.743,138.353,139.323,3249146.0
8,2018-11-12,137.863,140.103,136.713,137.023,1990839.0
9,2018-11-13,138.023,138.133,134.333,134.733,2507084.0
10,2018-11-14,135.993,136.043,130.803,131.163,2338763.0
11,2018-11-15,133.893,134.103,130.363,132.983,2759391.0
12,2018-11-16,131.543,136.263,131.203,135.883,2726823.0
13,2018-11-19,136.413,139.253,136.243,137.303,2464717.0
14,2018-11-20,135.293,137.993,135.043,135.673,2151626.0
15,2018-11-21,137.043,139.043,136.353,136.863,2070941.0
16,2018-11-23,134.663,135.813,133.823,133.993,963558.0
17,2018-11-26,134.843,136.023,134.683,135.123,2678195.0
18,2018-11-27,133.463,134.453,129.323,130.353,2525894.0
19,2018-11-28,131.333,134.283,129.503,134.093,1808830.0
20,2018-11-29,133.313,137.643,133.153,137.113,2901283.0
21,2018-11-30,134.823,138.413,134.743,136.853,3944199.0
22,2018-12-03,140.103,142.223,137.723,142.153,3177158.0
23,2018-12-04,141.753,142.093,138.253,138.633,2746072.0
24,2018-12-06,136.333,136.823,130.803,133.783,4785369.0
25,2018-12-07,134.023,136.323,130.163,130.523,2518766.0
26,2018-12-10,133.833,135.343,131.913,134.713,2540418.0
27,2018-12-11,138.963,140.263,134.453,135.263,2552869.0
28,2018-12-12,139.453,139.943,137.263,138.353,2402588.0
29,2018-12-13,138.203,139.103,135.103,135.893,2456699.0
30,2018-12-14,135.183,136.273,133.853,134.733,2360754.0
31,2018-12-17,135.818,138.068,134.218,135.958,3148643.0
32,2018-12-18,137.048,137.518,135.258,136.238,2147003.0
33,2018-12-19,136.028,137.128,133.838,134.458,2618675.0
34,2018-12-20,133.108,135.028,131.068,132.678,3398929.0
35,2018-12-21,134.638,136.108,131.658,131.738,5452061.0
36,2018-12-24,131.328,132.038,126.758,126.758,2086789.0
37,2018-12-26,127.378,131.398,124.578,131.368,2591492.0
38,2018-12-27,130.678,135.038,129.228,135.038,2866950.0
39,2018-12-28,135.728,137.188,133.668,134.938,1586143.0
40,2018-12-31,134.858,135.628,132.568,134.668,1853930.0
41,2019-01-02,132.158,136.788,132.148,135.828,1716443.0
42,2019-01-03,132.688,132.978,130.558,130.918,1775529.0
43,2019-01-04,132.458,136.248,131.988,135.258,1801275.0
44,2019-01-07,134.408,136.668,133.778,135.118,1830185.0
45,2019-01-08,134.718,137.188,133.828,136.778,2207298.0
46,2019-01-09,135.358,138.158,134.958,137.088,2099888.0
47,2019-01-10,137.328,140.608,136.978,140.478,2093890.0
48,2019-01-11,139.188,139.388,137.998,138.838,1380391.0
49,2019-01-14,136.998,138.128,136.328,136.648,2004827.0
50,2019-01-15,135.468,136.498,135.168,135.858,2110706.0
51,2019-01-16,136.158,137.048,135.708,135.868,1382133.0
52,2019-01-17,135.028,136.278,134.838,135.888,2176501.0
53,2019-01-18,137.388,140.078,136.638,139.418,2494756.0
54,2019-01-22,140.238,140.408,138.318,139.468,1699074.0
55,2019-01-23,139.198,139.718,136.088,137.558,1569547.0
56,2019-01-24,136.238,136.538,135.058,135.998,2528024.0
57,2019-01-25,137.318,138.738,137.268,137.468,1242664.0
58,2019-01-28,136.408,137.018,135.508,136.838,1422480.0
59,2019-01-29,138.198,140.628,137.978,139.848,1558358.0
60,2019-01-30,140.418,142.378,139.788,141.548,1113641.0
61,2019-01-31,139.808,142.048,138.258,141.638,1645906.0
62,2019-02-01,142.538,144.528,142.088,144.388,1324345.0
63,2019-02-04,144.108,144.318,141.848,142.128,2106508.0
64,2019-02-05,143.888,144.618,142.428,143.618,2358571.0
65,2019-02-06,142.578,143.248,141.668,142.048,1124785.0
66,2019-02-07,140.378,140.868,138.058,139.318,1360964.0
67,2019-02-08,138.698,140.238,137.708,139.848,1557942.0
68,2019-02-11,139.688,140.248,139.258,139.978,1128408.0
69,2019-02-12,142.758,146.178,142.518,146.158,1772008.0
70,2019-02-13,145.718,147.118,145.418,146.008,1599349.0
71,2019-02-14,145.278,146.228,144.558,145.128,1104141.0
72,2019-02-15,149.168,149.338,146.398,147.168,2573604.0
73,2019-02-19,146.628,147.408,146.188,146.488,2221223.0
74,2019-02-20,146.218,149.638,146.218,148.928,2574751.0
75,2019-02-21,149.608,150.928,149.168,150.028,1736555.0
76,2019-02-22,150.868,152.368,150.178,152.128,1075724.0
77,2019-02-25,152.518,153.638,152.018,153.248,1526810.0
78,2019-02-26,152.418,153.518,152.078,152.538,1739158.0
79,2019-02-27,152.028,153.748,151.258,153.128,1451801.0
80,2019-02-28,153.438,153.558,151.728,151.868,1698289.0
81,2019-03-01,154.988,155.358,146.488,147.008,3033462.0
82,2019-03-04,146.978,147.538,144.698,147.328,1738053.0
83,2019-03-05,146.978,148.568,146.978,147.068,1205906.0
84,2019-03-06,147.468,148.308,146.838,147.758,986917.0
85,2019-03-07,148.863,148.863,146.323,146.973,1450135.0
86,2019-03-08,148.253,149.023,147.263,148.963,1558439.0
87,2019-03-11,148.983,150.813,148.923,150.783,1188763.0
88,2019-03-12,151.283,152.403,150.893,151.823,1309211.0
89,2019-03-13,153.513,155.013,153.143,153.893,1538460.0
90,2019-03-14,153.753,153.943,152.673,153.713,1033242.0
91,2019-03-15,155.783,156.463,153.933,155.933,3661441.0
92,2019-03-18,154.253,154.453,152.933,154.053,1220440.0
93,2019-03-19,154.853,155.293,152.123,153.083,1251550.0
94,2019-03-20,154.853,156.373,153.863,156.133,1536410.0
95,2019-03-21,153.843,155.333,153.203,154.603,1146267.0
96,2019-03-22,151.603,152.263,148.693,149.363,1383973.0
97,2019-03-25,150.473,151.423,149.063,149.503,1349670.0
98,2019-03-26,150.393,150.803,149.193,150.483,1408088.0
99,2019-03-27,148.963,149.553,148.193,148.983,1821420.0
100,2019-03-28,150.463,153.353,150.233,153.203,1892495.0
101,2019-03-29,154.853,155.603,153.383,155.433,2158060.0
102,2019-04-01,156.343,157.683,155.503,156.083,1791905.0
103,2019-04-02,156.833,157.683,156.193,157.523,1179741.0
104,2019-04-03,160.653,164.033,160.133,162.243,2379572.0
105,2019-04-04,163.073,163.543,161.923,163.403,1471382.0
106,2019-04-05,164.093,164.933,163.483,164.123,1403446.0
107,2019-04-08,165.403,165.423,163.653,164.343,1138462.0
108,2019-04-09,164.553,164.553,162.253,162.403,1388180.0
109,2019-04-10,162.893,163.093,159.323,160.523,2443656.0
110,2019-04-11,161.183,161.313,159.273,159.353,1916444.0
111,2019-04-12,160.303,160.633,159.643,159.853,1914482.0
112,2019-04-15,159.643,159.933,158.643,159.643,1448029.0
113,2019-04-16,159.583,160.183,158.303,160.123,1749653.0
114,2019-04-17,160.143,161.363,158.903,159.413,1663290.0
115,2019-04-18,159.623,160.293,159.173,159.903,1547307.0
116,2019-04-22,159.353,160.303,158.333,158.403,1002056.0
117,2019-04-23,158.153,159.223,158.053,158.833,1796474.0
118,2019-04-24,158.513,159.013,157.013,157.123,1780230.0
119,2019-04-25,155.723,156.253,154.423,155.783,2229909.0
120,2019-04-26,154.943,157.763,154.873,157.763,1483885.0
121,2019-04-29,156.293,157.763,155.993,156.603,1195401.0
122,2019-04-30,157.373,160.063,156.893,159.763,1404200.0
123,2019-05-01,159.393,160.703,157.513,157.793,1018290.0
124,2019-05-02,157.433,159.993,156.773,159.993,1690968.0
125,2019-05-03,159.183,160.973,158.743,160.463,1248855.0
126,2019-05-06,157.333,158.833,157.313,158.133,1406991.0
127,2019-05-07,156.083,156.373,152.413,154.073,2049602.0
128,2019-05-08,153.933,157.033,153.743,156.043,1264624.0
129,2019-05-09,152.703,154.213,151.103,152.853,1999513.0
130,2019-05-10,154.133,161.723,153.773,161.093,2511834.0
131,2019-05-13,159.243,160.513,157.323,160.183,2328483.0
132,2019-05-14,159.813,161.863,159.283,160.423,2029268.0
133,2019-05-15,158.073,161.873,157.823,160.363,1184242.0
134,2019-05-16,164.593,168.473,164.003,167.153,1866604.0
135,2019-05-17,167.693,168.953,166.393,168.503,1737946.0
136,2019-05-20,165.503,166.673,164.153,164.763,1383737.0
137,2019-05-21,166.263,166.943,165.653,166.773,1051501.0
138,2019-05-22,167.373,169.223,166.683,167.743,1334825.0
139,2019-05-23,165.393,166.543,163.973,164.583,1318529.0
140,2019-05-24,166.873,167.653,165.353,167.363,1025332.0
141,2019-05-28,166.443,167.283,163.233,163.813,1483132.0
142,2019-05-29,160.963,162.633,160.713,162.513,1405355.0
143,2019-05-30,162.423,163.713,162.273,162.913,1041985.0
144,2019-05-31,160.678,161.788,160.248,160.928,1757167.0
145,2019-06-03,161.848,167.788,161.578,167.658,2882627.0
146,2019-06-04,168.188,171.728,166.058,171.728,3115226.0
147,2019-06-05,171.728,173.178,170.868,173.128,3708880.0
148,2019-06-06,174.688,178.438,174.068,177.728,3468187.0
149,2019-06-07,180.528,181.488,178.008,180.428,3613301.0
150,2019-06-10,180.498,182.378,178.608,180.798,1197433.0
151,2019-06-11,181.578,182.198,180.098,181.168,1719957.0
152,2019-06-12,181.958,182.658,181.348,182.068,1956258.0
153,2019-06-13,183.858,184.268,182.018,183.118,2855124.0
154,2019-06-14,183.038,183.608,181.808,183.088,1524027.0
155,2019-06-17,183.308,183.988,181.418,181.638,1757215.0
156,2019-06-18,184.558,185.138,183.088,184.398,2006919.0
157,2019-06-19,182.618,182.848,179.518,180.968,1944654.0
158,2019-06-20,184.028,184.088,181.878,182.718,1703288.0
159,2019-06-21,183.018,183.368,182.408,182.508,3770274.0
160,2019-06-24,182.868,184.248,182.408,183.758,1092531.0
161,2019-06-25,184.698,184.698,183.088,183.178,1118787.0
162,2019-06-26,182.428,182.688,180.938,180.978,1369874.0
163,2019-06-27,179.078,180.328,178.838,179.908,1532079.0
164,2019-06-28,179.978,182.098,179.498,181.178,6440582.0
165,2019-07-01,183.398,183.568,181.888,183.378,1114025.0
166,2019-07-02,182.388,184.348,181.908,183.918,1722409.0
167,2019-07-03,182.378,183.988,182.088,183.988,939491.0
168,2019-07-05,181.478,183.548,180.478,182.808,1741333.0
169,2019-07-08,181.428,184.018,181.258,182.048,1277094.0
170,2019-07-09,182.798,182.988,181.088,181.348,1160663.0
171,2019-07-10,182.458,183.028,181.838,182.148,1062039.0
172,2019-07-11,181.818,183.438,181.408,183.188,1225227.0
173,2019-07-12,184.138,185.098,183.358,184.358,1027566.0
174,2019-07-15,184.568,185.478,184.088,184.448,869036.0
175,2019-07-16,184.508,185.928,182.828,182.968,1073702.0
176,2019-07-17,183.918,184.228,182.138,182.198,986683.0
177,2019-07-18,183.178,184.058,182.198,184.018,1067525.0
178,2019-07-19,183.368,184.988,183.008,183.758,1228262.0
179,2019-07-22,184.968,185.368,183.548,183.958,653431.0
180,2019-07-23,185.208,187.198,184.568,187.198,1064783.0
181,2019-07-24,184.438,184.568,182.578,183.128,1102806.0
182,2019-07-25,180.768,181.058,176.908,180.268,2084879.0
183,2019-07-26,179.808,181.528,179.698,181.338,1191197.0
184,2019-07-29,180.148,180.588,179.628,180.148,1468231.0
185,2019-07-30,176.188,178.168,176.128,176.878,2466350.0
186,2019-07-31,176.288,176.568,169.368,171.658,4160865.0
187,2019-08-01,169.988,173.878,169.538,170.798,3762847.0
188,2019-08-02,169.158,169.428,166.208,168.088,2556860.0
189,2019-08-05,170.378,173.468,169.598,171.008,3074765.0
190,2019-08-06,170.678,170.708,166.278,169.138,2351990.0
191,2019-08-07,167.428,171.788,166.998,171.158,2078890.0
192,2019-08-08,170.858,173.808,170.378,172.988,1927090.0
193,2019-08-09,170.308,173.178,170.098,172.348,1600161.0
194,2019-08-12,173.398,175.018,172.388,172.578,1891129.0
195,2019-08-13,172.508,175.988,171.878,173.278,1800922.0
196,2019-08-14,169.178,170.698,165.868,166.018,2441062.0
197,2019-08-15,166.088,167.868,165.448,167.018,1508294.0
198,2019-08-16,167.058,169.508,166.938,169.168,1198890.0
199,2019-08-19,169.618,170.708,168.688,169.488,1232072.0
200,2019-08-20,168.608,169.378,166.678,168.068,1364179.0
201,2019-08-21,169.688,170.328,168.988,169.118,1074679.0
202,2019-08-22,168.928,169.378,166.988,167.508,1446715.0
203,2019-08-23,166.018,167.738,161.978,164.638,2207654.0
204,2019-08-26,165.628,165.818,164.208,165.298,1292966.0
205,2019-08-27,166.478,166.778,164.748,165.118,1477455.0
206,2019-08-28,165.068,166.308,164.238,165.348,1153140.0
207,2019-08-29,168.518,168.818,167.448,168.038,1458894.0
208,2019-08-30,169.753,170.493,168.663,170.163,1696721.0
209,2019-09-03,168.523,169.393,167.453,168.483,1372419.0
210,2019-09-04,169.293,170.153,167.763,168.813,1212594.0
211,2019-09-05,169.953,170.753,168.353,168.353,1911246.0
212,2019-09-06,169.773,171.553,169.223,170.773,1066662.0
213,2019-09-09,169.353,169.693,166.283,166.463,2862297.0
214,2019-09-10,165.363,166.973,164.513,166.973,1788948.0
215,2019-09-11,166.923,168.983,166.363,168.863,1292084.0
216,2019-09-12,171.903,173.873,170.573,172.823,1640155.0
217,2019-09-13,173.743,174.963,173.233,173.413,1717117.0
218,2019-09-16,172.853,173.053,169.003,169.773,1263889.0
219,2019-09-17,171.593,174.453,171.003,173.493,1190187.0
220,2019-09-18,174.703,174.923,172.253,173.913,1694917.0
221,2019-09-19,176.943,177.373,175.173,175.493,1603853.0
222,2019-09-20,176.743,177.503,174.353,175.363,2488382.0
223,2019-09-23,173.903,175.253,173.803,174.773,861299.0
224,2019-09-24,174.423,175.093,172.103,172.773,1541414.0
225,2019-09-25,171.893,174.123,171.583,173.503,852623.0
226,2019-09-26,174.293,174.463,172.733,173.553,1345746.0
227,2019-09-27,173.413,174.003,171.833,172.803,876389.0
228,2019-09-30,173.773,175.493,173.433,174.973,1030923.0
229,2019-10-01,175.183,175.273,169.703,169.803,1128265.0
230,2019-10-02,167.183,167.253,163.313,165.363,1997609.0
231,2019-10-03,165.113,166.233,163.533,165.893,970469.0
232,2019-10-04,166.913,168.633,165.473,167.433,1503017.0
233,2019-10-07,167.253,171.593,167.083,169.833,2744703.0
234,2019-10-08,168.693,168.703,164.953,165.363,1527730.0
235,2019-10-09,167.363,169.293,166.933,168.643,1267960.0
236,2019-10-10,171.483,173.313,169.853,172.483,1505551.0
237,2019-10-11,173.933,177.793,173.603,175.503,1610302.0
238,2019-10-14,175.553,176.563,173.713,173.783,1215606.0
239,2019-10-15,177.043,179.283,176.143,176.433,1520741.0
240,2019-10-16,179.053,179.433,177.393,178.103,1579875.0
241,2019-10-17,179.013,180.233,177.803,177.893,960666.0
242,2019-10-18,178.133,178.493,176.193,177.043,1030107.0
243,2019-10-21,177.193,177.303,175.583,176.223,931156.0
244,2019-10-22,174.333,174.933,172.653,172.723,1434090.0
245,2019-10-23,175.013,176.123,174.423,174.953,1228378.0
246,2019-10-24,175.563,175.893,173.943,174.243,997825.0
247,2019-10-25,175.643,176.703,175.293,176.253,1026369.0
248,2019-10-28,177.563,178.143,176.933,178.023,1217181.0
249,2019-10-29,179.023,182.563,178.363,180.363,1083336.0
250,2019-10-30,179.123,180.813,177.553,180.443,1111100.0
251,2019-10-31,180.433,180.503,178.203,179.603,1306984.0
252,2019-11-01,180.133,181.303,179.633,180.053,816807.0
253,2019-11-04,182.503,182.743,181.373,182.013,1101703.0
254,2019-11-05,182.193,182.733,180.203,181.563,1147409.0
255,2019-11-06,182.363,182.853,181.363,182.373,1084776.0
256,2019-11-07,182.893,183.973,182.293,183.853,1099122.0
257,2019-11-08,184.853,185.703,183.563,184.253,966331.0
258,2019-11-11,184.023,184.573,182.833,183.543,881660.0
259,2019-11-12,186.483,188.963,185.433,187.013,1684219.0
260,2019-11-13,188.453,189.943,188.003,189.073,1389337.0
261,2019-11-14,188.343,190.223,187.993,189.893,1003439.0
262,2019-11-15,191.253,191.583,189.583,190.963,1805063.0
263,2019-11-18,189.643,191.213,188.733,190.363,1116126.0
264,2019-11-19,191.453,191.753,188.683,188.683,1464421.0
265,2019-11-20,188.273,188.953,186.813,187.433,1238023.0
266,2019-11-21,188.483,189.063,187.283,187.513,1378832.0
267,2019-11-22,186.663,187.343,185.913,186.163,941241.0
268,2019-11-25,185.993,187.213,185.493,187.193,1422734.0
269,2019-11-26,186.363,187.233,185.893,186.393,1550817.0
270,2019-11-27,185.213,187.363,185.063,187.253,1074031.0
271,2019-11-29,186.643,188.073,186.413,187.463,847557.0
272,2019-12-02,184.978,185.708,181.958,182.758,1732320.0
273,2019-12-03,182.738,184.688,181.738,184.168,1233000.0
274,2019-12-04,186.428,187.148,184.798,184.878,1384524.0
275,2019-12-05,185.298,186.188,184.378,185.878,868705.0
276,2019-12-06,187.728,188.118,186.728,187.658,921807.0
277,2019-12-09,188.988,189.128,186.908,187.458,1067442.0
278,2019-12-10,186.828,187.868,185.958,186.078,1135921.0
279,2019-12-11,187.578,188.488,187.018,187.768,1159209.0
280,2019-12-12,189.218,192.378,188.998,192.048,1333023.0
281,2019-12-13,193.238,193.768,190.508,191.178,1527875.0
282,2019-12-16,193.228,193.298,191.948,192.148,1797239.0
283,2019-12-17,192.508,192.648,190.838,191.788,1432967.0
284,2019-12-18,191.448,191.458,189.068,190.458,1427284.0
285,2019-12-19,190.068,191.578,189.788,191.528,1205193.0
286,2019-12-20,195.258,196.068,193.148,194.238,3034144.0
287,2019-12-23,194.208,194.438,193.228,193.898,967356.0
288,2019-12-24,193.698,194.538,192.798,193.748,399895.0
289,2019-12-26,193.828,194.878,193.228,194.878,481035.0
290,2019-12-27,196.278,196.388,194.218,194.388,825467.0
291,2019-12-30,194.938,195.028,193.398,193.618,807517.0
292,2019-12-31,193.868,195.048,193.388,195.028,1040102.0
293,2020-01-02,195.708,196.578,192.588,192.868,2316757.0
294,2020-01-03,189.528,191.178,187.298,187.388,2899274.0
295,2020-01-06,186.728,188.478,186.318,186.518,2397233.0
296,2020-01-07,186.938,188.878,186.378,186.958,2591055.0
297,2020-01-08,187.398,190.318,187.228,189.518,1327341.0
298,2020-01-09,190.208,191.868,189.938,190.978,1086061.0
299,2020-01-10,192.868,193.958,191.058,191.208,1217575.0
300,2020-01-13,191.918,194.058,191.458,193.928,1225710.0
301,2020-01-14,193.398,194.248,191.268,192.088,2107343.0
302,2020-01-15,193.118,194.208,192.478,193.568,1078220.0
303,2020-01-16,195.008,195.198,193.908,195.188,1302600.0
304,2020-01-17,195.318,196.548,194.968,196.228,1903666.0
305,2020-01-21,193.828,194.868,193.308,193.858,1384595.0
306,2020-01-22,193.328,194.078,192.578,193.208,966943.0
307,2020-01-23,190.548,191.778,189.648,191.748,1400735.0
308,2020-01-24,192.128,194.428,190.948,192.118,1541574.0
309,2020-01-27,187.348,188.428,186.218,187.008,1947799.0
310,2020-01-28,187.558,191.058,187.308,190.008,1229441.0
311,2020-01-29,190.258,191.568,189.788,190.358,982718.0
312,2020-01-30,188.598,190.698,187.588,190.358,1381321.0
313,2020-01-31,187.758,188.468,185.098,185.258,1909667.0
314,2020-02-03,185.898,192.178,185.708,191.568,2912331.0
315,2020-02-04,192.938,196.978,192.748,195.628,2369442.0
316,2020-02-05,199.248,199.248,195.388,198.868,2970403.0
317,2020-02-06,198.918,199.548,197.198,198.878,2234219.0
318,2020-02-07,196.908,197.818,194.858,196.288,995283.0
319,2020-02-10,197.018,197.858,196.248,197.568,1435573.0
320,2020-02-11,199.708,200.968,198.108,198.348,1385718.0
321,2020-02-12,199.248,199.548,197.638,199.328,1237977.0
322,2020-02-13,204.428,209.978,203.268,203.388,2231949.0
323,2020-02-14,203.768,205.228,203.348,204.768,1280266.0
324,2020-02-18,206.168,206.718,204.998,205.678,1524665.0
325,2020-02-19,205.148,205.678,203.998,204.608,1590105.0
326,2020-02-20,202.578,204.488,200.158,203.328,1534661.0
327,2020-02-21,202.118,202.428,200.368,200.468,1660085.0
328,2020-02-24,193.278,194.448,191.728,192.678,2020406.0
329,2020-02-25,191.308,191.828,182.978,183.778,2743145.0
330,2020-02-26,185.428,189.048,184.708,185.538,2711176.0
331,2020-02-27,181.998,185.498,177.028,177.078,3685484.0
332,2020-02-28,172.938,174.958,168.078,173.138,5555310.0
333,2020-03-02,173.428,180.428,171.538,180.278,3489615.0
334,2020-03-03,180.148,183.968,174.468,177.518,4063276.0
335,2020-03-04,180.528,187.878,179.498,187.658,2755569.0
336,2020-03-05,180.831,182.571,178.161,179.601,3204347.0
337,2020-03-06,175.221,175.751,168.851,172.291,4466755.0
338,2020-03-09,158.151,163.471,155.411,156.221,4822731.0
339,2020-03-10,159.571,160.511,150.611,159.301,5604105.0
340,2020-03-11,156.551,159.751,155.631,157.011,4340380.0
341,2020-03-12,146.491,153.041,140.091,141.111,6340391.0
342,2020-03-13,156.471,160.241,144.441,159.591,6387289.0
343,2020-03-16,131.811,146.731,129.801,141.441,7079297.0
344,2020-03-17,139.851,148.731,138.751,146.971,4956616.0
345,2020-03-18,136.481,143.251,132.731,140.601,4723882.0
346,2020-03-19,134.561,141.901,131.901,137.101,4296144.0
347,2020-03-20,137.191,141.031,131.141,134.391,4699908.0
348,2020-03-23,132.871,138.451,129.891,133.091,4434284.0
349,2020-03-24,142.381,149.931,140.091,147.901,3423122.0
350,2020-03-25,146.161,158.551,144.431,148.391,3258398.0
351,2020-03-26,152.361,158.091,151.781,157.281,2725978.0
352,2020-03-27,150.421,154.151,149.301,150.431,2301593.0
353,2020-03-30,155.351,160.381,153.931,159.891,2480747.0
354,2020-03-31,155.791,160.341,153.701,156.091,3142431.0
355,2020-04-01,148.711,151.601,143.311,143.961,3822274.0
356,2020-04-02,143.241,149.831,142.501,147.181,3370005.0
357,2020-04-03,146.341,148.841,144.351,145.221,2665756.0
358,2020-04-06,152.701,160.141,152.611,159.011,3604081.0
359,2020-04-07,164.631,168.541,161.731,163.031,3097619.0
360,2020-04-08,163.681,170.521,161.841,170.031,2495483.0
361,2020-04-09,166.401,173.141,166.341,172.571,3206958.0
362,2020-04-13,169.541,171.621,166.851,169.201,2087741.0
363,2020-04-14,171.841,174.001,170.821,172.931,2372791.0
364,2020-04-15,165.241,166.541,162.411,164.241,2025477.0
365,2020-04-16,164.881,166.791,161.971,166.221,1806724.0
366,2020-04-17,170.911,171.991,169.061,171.641,2634374.0
367,2020-04-20,167.961,172.691,167.501,168.091,1598120.0
368,2020-04-21,164.761,165.761,159.691,161.971,2010014.0
369,2020-04-22,163.971,165.981,163.111,164.691,1376390.0
370,2020-04-23,163.821,168.311,163.441,164.391,1249879.0
371,2020-04-24,165.131,165.851,161.941,164.561,1187685.0
372,2020-04-27,165.731,168.711,165.031,167.671,1542139.0
373,2020-04-28,171.051,171.201,168.571,169.971,1896699.0
374,2020-04-29,171.101,173.291,170.761,171.781,1282302.0
375,2020-04-30,168.471,169.281,166.231,167.081,2104552.0
376,2020-05-01,167.341,168.191,162.871,163.421,1169238.0
377,2020-05-04,162.571,166.311,161.701,165.751,1827986.0
378,2020-05-05,166.091,168.141,164.951,165.101,1171908.0
379,2020-05-06,165.501,166.071,161.891,162.041,1336057.0
380,2020-05-07,161.121,168.991,160.541,167.881,2295086.0
381,2020-05-08,168.001,171.501,167.841,171.501,1843094.0
382,2020-05-11,167.661,170.471,167.541,169.951,1894777.0
383,2020-05-12,168.131,169.581,166.081,166.181,1741110.0
384,2020-05-13,165.721,165.791,160.801,161.871,1857261.0
385,2020-05-14,156.891,162.451,155.851,162.341,2442366.0
386,2020-05-15,161.101,165.791,161.011,165.681,2829439.0
387,2020-05-18,171.001,176.771,170.771,175.341,2105257.0
388,2020-05-19,174.541,175.341,172.951,173.341,1774436.0
389,2020-05-20,175.891,180.431,175.751,179.081,2300438.0
390,2020-05-21,178.471,178.911,175.601,176.761,1891572.0
391,2020-05-22,175.511,175.801,173.441,173.961,1676080.0
392,2020-05-26,177.091,178.091,175.401,176.091,2214285.0
393,2020-05-27,177.791,177.841,174.601,176.221,1603387.0
394,2020-05-28,180.981,185.021,179.821,183.131,1740236.0
395,2020-05-29,184.631,186.211,182.071,185.431,2354678.0
396,2020-06-01,185.581,189.011,185.341,188.311,1658343.0
397,2020-06-02,189.084,191.114,188.494,190.314,1675139.0
398,2020-06-03,195.054,197.704,192.974,196.944,2155289.0
399,2020-06-04,197.364,198.304,194.714,196.614,1951505.0
400,2020-06-05,204.084,208.374,203.524,205.334,3525600.0
401,2020-06-08,204.594,206.044,198.864,200.484,2970422.0
402,2020-06-09,199.384,201.704,197.764,198.284,2499401.0
403,2020-06-10,200.584,200.634,196.034,197.414,1750163.0
404,2020-06-11,193.424,193.954,182.744,183.164,2924958.0
405,2020-06-12,188.644,188.934,182.364,185.994,1711890.0
406,2020-06-15,182.384,188.564,181.314,187.294,2142055.0
407,2020-06-16,192.174,193.734,188.684,192.334,1878130.0
408,2020-06-17,194.134,194.334,190.894,191.534,1577362.0
409,2020-06-18,193.024,194.254,191.054,192.214,1563768.0
410,2020-06-19,195.774,195.804,189.324,192.104,4633620.0
411,2020-06-22,192.864,194.754,191.784,194.024,1510764.0
412,2020-06-23,198.894,199.254,196.294,196.424,2044290.0
413,2020-06-24,193.044,194.214,188.854,190.124,2068518.0
414,2020-06-25,189.754,193.444,188.074,193.194,1163272.0
415,2020-06-26,192.914,193.164,188.644,190.874,2794645.0
416,2020-06-29,193.974,196.284,192.264,195.334,1406077.0
417,2020-06-30,193.694,197.624,193.504,196.164,1697400.0
418,2020-07-01,195.604,199.704,194.784,198.824,2126145.0
419,2020-07-02,202.574,206.084,202.574,205.314,2837869.0
420,2020-07-06,209.054,209.644,205.674,208.704,2860670.0
421,2020-07-07,206.794,209.934,206.434,208.584,2171644.0
422,2020-07-08,210.364,211.544,202.694,205.574,3063612.0
423,2020-07-09,209.714,210.384,204.324,206.004,2312408.0
424,2020-07-10,208.264,210.644,207.164,210.004,1448283.0
425,2020-07-13,211.974,214.944,209.834,209.874,1498000.0
426,2020-07-14,209.784,217.944,209.544,217.184,2554928.0
427,2020-07-15,224.784,225.234,219.654,221.684,2616114.0
428,2020-07-16,229.224,229.574,221.524,222.944,3216384.0
429,2020-07-17,225.374,227.724,225.034,226.654,1901240.0
430,2020-07-20,226.614,227.934,223.894,224.374,1966455.0
431,2020-07-21,227.754,230.044,227.064,228.054,1686879.0
432,2020-07-22,228.604,230.404,226.414,229.394,1390578.0
433,2020-07-23,229.594,232.304,228.654,230.034,1068908.0
434,2020-07-24,227.044,228.914,226.584,228.124,1304378.0
435,2020-07-27,230.104,232.934,229.304,230.914,1469155.0
436,2020-07-28,231.164,231.644,227.634,227.754,1677387.0
437,2020-07-29,228.764,229.674,227.694,228.764,1968067.0
438,2020-07-30,224.804,227.034,221.104,226.074,1855498.0
439,2020-07-31,230.894,231.154,225.504,229.164,2755384.0
440,2020-08-03,231.654,232.164,228.144,228.364,2577723.0
441,2020-08-04,226.504,229.554,226.084,227.904,2435529.0
442,2020-08-05,231.554,235.414,230.814,232.324,2169198.0
443,2020-08-06,231.524,232.054,228.724,230.714,1938788.0
444,2020-08-07,228.834,229.724,227.744,229.364,1750144.0
445,2020-08-10,226.944,228.044,225.754,227.394,1159053.0
446,2020-08-11,231.634,232.294,228.544,228.904,1506541.0
447,2020-08-12,231.964,235.054,231.414,232.684,1323336.0
448,2020-08-13,231.264,233.974,231.264,233.294,1147657.0
449,2020-08-14,231.944,233.604,231.444,232.554,979275.0
450,2020-08-17,233.694,234.634,231.544,232.484,973520.0
451,2020-08-18,233.794,234.304,230.064,230.934,1013374.0
452,2020-08-19,232.324,233.374,230.654,231.294,1626084.0
453,2020-08-20,228.384,229.754,227.844,229.364,1905404.0
454,2020-08-21,224.494,228.984,224.294,228.354,1781117.0
455,2020-08-24,234.834,234.934,232.684,232.964,1363156.0
456,2020-08-25,234.494,235.434,233.314,234.134,1064450.0
457,2020-08-26,233.764,238.304,233.094,236.934,844963.0
458,2020-08-27,237.814,238.064,234.194,234.984,1084045.0
459,2020-08-28,235.564,238.134,234.804,237.624,959944.0
460,2020-08-31,235.714,237.314,233.224,233.794,2297848.0
461,2020-09-01,234.024,241.104,232.604,240.994,2286051.0
462,2020-09-02,242.457,245.507,240.677,245.247,2913137.0
463,2020-09-03,244.137,244.157,232.377,235.467,3305162.0
464,2020-09-04,236.117,236.977,228.507,232.717,2924711.0
465,2020-09-08,228.657,230.967,226.907,228.067,1849285.0
466,2020-09-09,230.867,238.597,230.867,236.167,1854851.0
467,2020-09-10,238.337,239.627,232.017,232.307,1095447.0
468,2020-09-11,234.917,236.447,233.727,235.187,1382408.0
469,2020-09-14,236.777,238.657,235.597,236.267,1525089.0
470,2020-09-15,237.117,239.287,235.727,235.747,1401163.0
471,2020-09-16,235.317,236.907,233.457,233.857,1635035.0
472,2020-09-17,231.967,235.547,230.917,235.407,1506477.0
473,2020-09-18,234.337,235.627,230.267,231.117,2460215.0
474,2020-09-21,224.307,225.627,219.887,223.457,2180414.0
475,2020-09-22,222.857,223.697,221.187,223.247,2209154.0
476,2020-09-23,223.147,223.387,217.887,218.167,1753517.0
477,2020-09-24,218.427,220.497,216.717,219.517,1391154.0
478,2020-09-25,214.147,218.687,213.487,217.767,2227321.0
479,2020-09-28,222.927,223.917,221.417,222.067,1182349.0
480,2020-09-29,222.777,224.307,221.287,221.447,1178588.0
481,2020-09-30,221.057,225.037,220.937,223.147,2121030.0
482,2020-10-01,221.707,223.387,217.107,217.717,2480134.0
483,2020-10-02,214.287,219.997,214.157,217.167,2458628.0
484,2020-10-05,219.447,221.667,219.257,220.107,2728284.0
485,2020-10-06,221.147,222.827,216.797,217.097,1988417.0
486,2020-10-07,219.657,225.027,219.377,223.967,1791316.0
487,2020-10-08,223.887,225.397,222.107,222.767,1537838.0
488,2020-10-09,224.177,226.347,223.837,224.957,1849793.0
489,2020-10-12,226.757,227.847,224.957,225.277,1453381.0
490,2020-10-13,223.867,224.107,219.887,220.997,1668298.0
491,2020-10-14,221.507,221.627,219.117,219.877,1076960.0
492,2020-10-15,214.097,215.727,213.017,214.617,2389188.0
493,2020-10-16,216.117,219.447,215.577,218.097,1836107.0
494,2020-10-19,218.927,219.437,214.447,214.887,1130005.0
495,2020-10-20,216.517,219.157,215.997,218.257,1415052.0
496,2020-10-21,217.497,220.627,215.737,215.927,1360263.0
497,2020-10-22,214.687,219.097,213.477,218.217,1466680.0
498,2020-10-23,221.417,221.947,218.777,219.287,1323736.0
499,2020-10-26,216.157,216.507,211.297,213.007,1252311.0
500,2020-10-27,211.447,213.567,210.197,210.487,1566736.0
501,2020-10-28,202.877,205.517,201.157,201.927,2297250.0
502,2020-10-29,200.707,206.607,199.157,204.857,2239904.0
503,2020-10-30,204.147,205.917,202.297,205.357,2481336.0
504,2020-11-02,210.137,215.227,209.067,213.597,2182574.0
505,2020-11-03,217.657,220.387,216.867,219.107,1595854.0
506,2020-11-04,218.627,223.517,217.107,220.307,2347185.0
507,2020-11-05,234.817,238.377,233.377,234.777,2918057.0
508,2020-11-06,238.547,238.677,234.547,235.337,1725132.0
509,2020-11-09,253.667,254.797,242.207,242.667,3184286.0
510,2020-11-10,247.527,249.507,244.727,247.057,1935206.0
511,2020-11-11,247.617,247.867,241.907,244.637,1841288.0
512,2020-11-12,242.077,244.747,239.177,240.087,1669732.0
513,2020-11-13,242.607,243.637,240.827,242.077,1196749.0
514,2020-11-16,243.397,244.097,237.827,240.477,1720870.0
515,2020-11-17,238.807,239.697,236.027,237.157,1947522.0
516,2020-11-18,238.107,239.407,235.217,235.317,1180131.0
517,2020-11-19,235.017,238.307,233.827,238.087,1205392.0
518,2020-11-20,238.417,239.547,236.417,237.087,1344544.0
519,2020-11-23,238.967,240.227,236.117,237.157,1231293.0
520,2020-11-24,238.477,242.787,237.697,241.177,1982110.0
521,2020-11-25,240.917,241.037,238.057,238.357,1172039.0
522,2020-11-27,243.247,244.147,242.217,242.447,1081980.0
523,2020-11-30,246.347,246.537,240.317,241.437,3384435.0
524,2020-12-01,245.807,246.267,242.467,243.917,1802937.0
525,2020-12-02,242.51,242.99,236.73,236.98,2060158.0
526,2020-12-03,238.59,238.71,231.74,232.18,2464016.0
527,2020-12-04,230.79,236.6,230.75,236.6,3030913.0
528,2020-12-07,239.41,240.64,235.2,235.76,1771321.0
529,2020-12-08,233.98,236.04,232.56,235.22,1397716.0
530,2020-12-09,236.96,237.81,234.44,237.12,1450359.0
531,2020-12-10,236.84,238.39,235.38,236.93,1245985.0
532,2020-12-11,234.31,235.94,233.41,235.38,1328935.0
533,2020-12-14,236.92,237.49,233.55,233.58,1814296.0
534,2020-12-15,235.54,238.97,235.28,237.64,1424011.0
535,2020-12-16,237.78,238.08,235.47,236.11,1354962.0
536,2020-12-17,241.85,243.19,241.08,242.61,1538687.0
537,2020-12-18,243.11,244.71,239.49,243.65,3525820.0
538,2020-12-21,235.98,241.01,233.48,240.15,1716228.0
539,2020-12-22,238.98,240.67,237.68,239.44,1162386.0
540,2020-12-23,242.16,243.76,240.88,241.08,1036725.0
541,2020-12-24,240.78,242.96,240.75,242.6,276353.0
542,2020-12-28,248.01,249.41,245.66,246.0,1256976.0
543,2020-12-29,249.11,249.26,244.61,245.4,881119.0
544,2020-12-30,246.98,248.41,246.44,247.75,924920.0
545,2020-12-31,248.44,249.81,246.59,249.49,909292.0
546,2021-01-04,252.69,253.27,243.35,244.79,1741264.0
547,2021-01-05,243.54,249.22,243.54,248.85,1620032.0
548,2021-01-06,247.38,260.56,247.37,257.48,2586650.0
549,2021-01-07,255.04,259.74,254.98,256.7,1757991.0
550,2021-01-08,258.01,258.36,253.91,256.38,1879264.0
551,2021-01-11,250.22,255.07,250.17,253.51,1913155.0
552,2021-01-12,250.99,253.57,249.65,252.6,1785234.0
553,2021-01-13,252.63,254.51,252.19,253.71,1518767.0
554,2021-01-14,253.16,253.26,249.52,249.67,1903454.0
555,2021-01-15,247.89,247.89,242.88,244.07,1955553.0
556,2021-01-19,249.05,249.59,244.26,245.02,1643118.0
557,2021-01-20,243.41,246.68,243.27,243.38,1773340.0
558,2021-01-21,243.11,243.72,238.98,239.18,1559828.0
559,2021-01-22,237.17,240.54,237.17,237.46,1581985.0
560,2021-01-25,234.52,239.53,231.98,239.1,1990807.0
561,2021-01-26,240.52,243.64,240.23,241.83,1544606.0
562,2021-01-27,236.54,236.74,226.78,228.89,2681632.0
563,2021-01-28,232.95,237.18,232.05,235.52,2110384.0
564,2021-01-29,233.57,235.3,230.08,231.38,1647317.0
565,2021-02-01,234.23,237.18,231.92,236.41,1629209.0
566,2021-02-02,236.73,239.62,236.23,238.23,1526004.0
567,2021-02-03,238.5,239.47,235.79,236.11,2365670.0
568,2021-02-04,235.92,238.4,233.29,235.16,2712425.0
569,2021-02-05,241.03,245.66,238.19,243.35,2806426.0
570,2021-02-08,245.1,245.96,241.61,243.32,1770384.0
571,2021-02-09,243.87,244.05,240.93,241.6,1389519.0
572,2021-02-10,240.17,241.09,237.34,238.7,1585244.0
573,2021-02-11,240.13,241.2,237.77,239.09,1204050.0
574,2021-02-12,238.01,239.69,236.88,238.66,1478286.0
575,2021-02-16,238.53,240.52,235.83,236.12,2248865.0
576,2021-02-17,234.87,236.27,233.22,235.26,1653167.0
577,2021-02-18,233.82,237.22,232.46,235.91,2169376.0
578,2021-02-19,235.51,237.95,235.13,236.86,1962361.0
579,2021-02-22,236.08,237.98,235.2,237.05,2034998.0
580,2021-02-23,237.48,245.18,236.19,244.62,3013603.0
581,2021-02-24,243.98,245.33,240.47,240.59,2155897.0
582,2021-02-25,238.93,240.02,232.88,232.98,2104674.0
583,2021-02-26,232.76,234.19,230.16,230.25,2599412.0
584,2021-03-01,233.41,238.5,233.24,237.47,1517682.0
585,2021-03-02,239.14,242.97,238.98,239.99,1671402.0
586,2021-03-03,236.54,237.19,233.44,233.53,1782839.0
587,2021-03-04,234.54,236.71,229.51,232.46,2369376.0
588,2021-03-05,233.32,235.33,228.92,234.68,2136274.0
589,2021-03-08,235.53,243.74,234.86,240.72,2450741.0
590,2021-03-09,248.25,251.94,245.06,249.38,2812161.0
591,2021-03-10,251.16,254.05,250.93,252.68,2192826.0
592,2021-03-11,255.88,257.04,254.28,254.41,1567322.0
593,2021-03-12,253.43,255.6,252.45,255.54,1139206.0
594,2021-03-15,252.14,256.05,251.73,256.04,1680452.0
595,2021-03-16,255.14,258.76,255.14,257.83,1599493.0
596,2021-03-17,256.73,258.82,255.45,256.59,1670429.0
597,2021-03-18,254.6,257.53,253.59,254.94,1941881.0
598,2021-03-19,255.04,257.93,251.16,256.16,3845205.0
599,2021-03-22,255.56,258.69,254.67,257.4,1347438.0
600,2021-03-23,257.23,259.51,254.01,254.92,1539918.0
601,2021-03-24,253.84,258.21,253.72,256.81,1482072.0
602,2021-03-25,256.95,261.19,255.75,260.42,1847923.0
603,2021-03-26,262.04,268.92,261.47,268.44,2235558.0
604,2021-03-29,267.17,270.29,264.81,268.04,2449552.0
605,2021-03-30,267.3,267.85,265.74,266.3,1364144.0
606,2021-03-31,265.1,270.29,265.1,267.18,2218403.0
607,2021-04-01,266.17,268.47,264.21,267.88,1594894.0
608,2021-04-05,269.6,274.02,269.6,272.44,1399980.0
609,2021-04-06,271.54,272.26,269.41,271.15,1616039.0
610,2021-04-07,270.53,271.46,267.49,268.39,3016185.0
611,2021-04-08,270.11,271.18,268.96,269.24,2003881.0
612,2021-04-09,270.83,272.27,268.77,271.84,1599146.0
613,2021-04-12,270.06,273.41,270.06,272.47,1479906.0
614,2021-04-13,272.5,274.83,272.21,273.33,1543569.0
615,2021-04-14,271.88,273.56,271.16,272.09,1325367.0
616,2021-04-15,274.04,275.84,273.65,275.01,1449157.0
617,2021-04-16,275.88,277.68,275.56,277.0,1304408.0
618,2021-04-19,277.03,277.17,274.07,275.49,1675584.0
619,2021-04-20,274.19,274.89,272.73,272.88,1603340.0
620,2021-04-21,274.73,279.53,274.53,279.01,1176379.0
621,2021-04-22,277.72,278.85,275.21,275.74,930646.0
622,2021-04-23,275.41,279.46,274.89,278.64,1290727.0
623,2021-04-26,279.07,279.09,275.81,276.56,906285.0
624,2021-04-27,275.6,277.89,274.68,277.25,1199796.0
625,2021-04-28,275.47,277.6,273.99,274.18,1366251.0
626,2021-04-29,275.4,276.38,272.97,276.38,1290407.0
627,2021-04-30,275.37,275.67,272.44,272.88,1932668.0
628,2021-05-03,274.38,276.62,274.15,275.74,974982.0
629,2021-05-04,271.32,272.91,268.99,270.04,2301778.0
630,2021-05-05,274.63,279.81,273.78,278.65,1685974.0
631,2021-05-06,282.02,283.54,278.63,283.44,2532836.0
632,2021-05-07,285.54,287.95,283.97,285.97,1883674.0
633,2021-05-10,289.14,290.91,288.05,288.05,1695726.0
634,2021-05-11,285.02,287.98,283.34,285.65,1634852.0
635,2021-05-12,281.98,284.81,280.33,281.02,1776018.0
636,2021-05-13,281.62,285.83,280.87,284.99,1570638.0
637,2021-05-14,286.61,288.88,286.02,288.21,1210564.0
638,2021-05-17,289.23,290.25,286.04,287.92,1143164.0
639,2021-05-18,288.35,288.85,284.85,285.04,1305899.0
640,2021-05-19,281.72,283.53,278.58,283.11,1882578.0
641,2021-05-20,284.55,287.86,284.55,285.17,1272984.0
642,2021-05-21,286.78,289.07,285.38,285.61,1923511.0
643,2021-05-24,288.19,290.11,287.59,288.31,1058332.0
644,2021-05-25,289.45,289.73,287.26,288.29,1330407.0
645,2021-05-26,288.14,288.63,284.5,286.81,1411614.0
646,2021-05-27,287.78,288.75,286.81,287.82,1710855.0
647,2021-05-28,289.63,290.03,287.04,287.64,1430900.0
648,2021-06-01,292.21,292.75,288.31,289.3,1418209.0
649,2021-06-02,290.41,290.47,287.42,287.98,1562797.0
650,2021-06-03,285.72,286.81,284.15,286.42,1608217.0
651,2021-06-04,288.06,289.84,286.65,287.96,1362256.0
652,2021-06-07,285.52,286.09,279.24,279.68,3591489.0
653,2021-06-08,281.58,282.38,279.46,280.6,1721833.0
654,2021-06-09,280.41,282.59,278.27,278.58,1720880.0
655,2021-06-10,280.25,281.21,278.3,278.43,1311008.0
656,2021-06-11,279.68,280.78,278.05,279.32,1437665.0
657,2021-06-14,279.1,279.65,276.04,279.01,1489425.0
658,2021-06-15,281.8,281.82,277.05,279.01,2011537.0
659,2021-06-16,282.84,283.08,277.44,277.66,2363984.0
660,2021-06-17,276.84,277.56,273.47,275.34,2397810.0
661,2021-06-18,272.22,273.66,270.09,270.12,3882375.0
662,2021-06-21,274.77,276.73,273.48,276.43,2282809.0
663,2021-06-22,278.9,279.59,277.45,278.45,2406862.0
664,2021-06-23,277.83,278.45,272.38,272.86,2685003.0
665,2021-06-24,275.41,275.84,272.92,273.23,3124343.0
666,2021-06-25,273.24,274.98,271.1,273.21,23411975.0
667,2021-06-28,277.07,277.96,275.3,277.79,1969330.0
668,2021-06-29,279.86,281.2,277.81,278.47,1181761.0
669,2021-06-30,276.3,277.98,276.05,277.2,1546798.0
670,2021-07-01,277.79,279.0,277.06,278.94,1434795.0
671,2021-07-02,278.8,280.45,277.64,279.86,1066408.0
672,2021-07-06,279.55,280.01,275.57,276.6,1288058.0
673,2021-07-07,278.38,280.87,277.43,280.63,1228639.0
674,2021-07-08,275.14,276.06,272.81,275.09,1587112.0
675,2021-07-09,279.0,281.92,278.18,280.81,1405813.0
676,2021-07-12,280.45,282.76,279.83,280.62,1382877.0
677,2021-07-13,280.04,280.65,276.93,277.82,1342975.0
678,2021-07-14,278.9,280.22,277.6,279.19,1106256.0
679,2021-07-15,277.32,281.6,277.09,280.15,1220958.0
680,2021-07-16,280.87,281.27,277.25,278.17,1306302.0
681,2021-07-19,273.33,273.53,270.85,272.77,1718120.0
682,2021-07-20,273.36,279.62,272.73,278.47,1973587.0
683,2021-07-21,280.01,282.82,279.63,282.3,1370239.0
684,2021-07-22,284.76,285.15,282.64,283.32,914637.0
685,2021-07-23,285.3,287.12,284.28,286.91,1102817.0
686,2021-07-26,287.63,288.13,284.95,286.57,1398407.0
687,2021-07-27,285.75,288.73,283.68,286.95,1551435.0
688,2021-07-28,286.15,286.81,284.68,284.96,1063510.0
689,2021-07-29,285.82,288.68,285.43,287.55,1295078.0
690,2021-07-30,290.5,296.9,290.1,295.49,2516649.0
691,2021-08-02,296.83,298.29,288.22,288.32,1927668.0
692,2021-08-03,288.79,291.31,288.15,291.02,1133017.0
693,2021-08-04,292.58,295.82,292.58,293.72,1476717.0
694,2021-08-05,295.5,297.09,292.52,292.93,1586469.0
695,2021-08-06,293.07,294.98,292.03,293.97,858928.0
696,2021-08-09,294.21,294.28,289.84,291.36,910300.0
697,2021-08-10,290.06,292.8,289.05,289.88,1448379.0
698,2021-08-11,295.45,296.0,291.77,294.4,1803128.0
699,2021-08-12,296.1,296.78,292.88,294.76,784507.0
700,2021-08-13,296.24,297.52,295.41,297.5,816475.0
701,2021-08-16,297.97,299.81,296.42,299.45,1267575.0
702,2021-08-17,299.68,300.41,295.88,299.62,1408557.0
703,2021-08-18,300.52,302.47,297.8,298.01,1278834.0
704,2021-08-19,296.35,300.04,295.85,299.27,1402537.0
705,2021-08-20,298.97,302.22,298.82,301.95,1165261.0
706,2021-08-23,300.98,302.46,300.92,300.93,988626.0
707,2021-08-24,301.84,302.41,300.0,300.58,689440.0
708,2021-08-25,298.64,301.66,298.08,300.95,801437.0
709,2021-08-26,301.64,302.02,299.32,299.42,880053.0
710,2021-08-27,301.39,303.09,300.44,302.64,1268969.0
711,2021-08-30,303.68,304.39,302.69,303.65,747550.0
712,2021-08-31,303.23,303.57,301.57,302.69,1492948.0
713,2021-09-01,301.59,303.59,300.23,301.98,1050677.0
714,2021-09-02,303.59,304.83,302.96,304.73,893067.0
715,2021-09-03,303.58,305.34,302.5,302.59,1150830.0
716,2021-09-07,305.44,306.19,301.95,304.8,1382707.0
717,2021-09-08,303.21,304.98,299.51,300.75,1521798.0
718,2021-09-09,302.09,304.67,301.34,301.86,1211232.0
719,2021-09-10,302.31,303.35,299.27,299.6,971170.0
720,2021-09-13,303.72,304.73,300.34,302.66,1354045.0
721,2021-09-14,304.78,304.94,300.15,301.1,1128586.0
722,2021-09-15,302.64,304.21,300.72,303.69,1418981.0
723,2021-09-16,303.25,304.04,299.08,302.24,1232348.0
724,2021-09-17,298.51,300.43,295.14,298.48,6512518.0
725,2021-09-20,290.96,293.72,288.73,291.37,1885205.0
726,2021-09-21,294.67,295.26,292.21,294.12,1216239.0
727,2021-09-22,295.23,298.45,294.85,295.22,1333990.0
728,2021-09-23,298.03,301.01,297.71,299.53,1066956.0
729,2021-09-24,297.38,300.28,296.97,299.42,926192.0
730,2021-09-27,299.65,301.45,297.63,298.37,1021570.0
731,2021-09-28,294.7,294.83,287.39,289.09,2278017.0
732,2021-09-29,288.83,289.67,287.48,288.3,1197745.0
733,2021-09-30,288.45,289.62,282.46,282.54,2085666.0
734,2021-10-01,284.7,287.7,281.72,287.01,1597413.0
735,2021-10-04,285.64,287.13,281.16,283.81,1495164.0
736,2021-10-05,283.99,288.82,283.41,286.99,1360033.0
737,2021-10-06,283.0,285.4,279.43,285.21,2050252.0
738,2021-10-07,286.68,291.54,286.61,288.32,1375830.0
739,2021-10-08,288.81,289.47,284.85,285.35,909492.0
740,2021-10-11,284.72,287.34,283.86,284.0,748779.0
741,2021-10-12,284.88,286.25,283.37,284.97,1063874.0
742,2021-10-13,287.93,291.29,287.03,290.15,1429973.0
743,2021-10-14,293.51,298.3,292.8,297.93,1126439.0
744,2021-10-15,297.67,298.7,295.74,297.4,1230456.0
745,2021-10-18,296.44,297.69,294.93,297.13,1010567.0
746,2021-10-19,297.2,300.15,296.13,299.84,984768.0
747,2021-10-20,300.31,301.16,299.37,300.38,745273.0
748,2021-10-21,300.33,300.76,297.57,300.47,857043.0
749,2021-10-22,302.2,304.15,302.01,303.31,1214757.0
750,2021-10-25,304.23,306.94,303.12,305.84,1225360.0
751,2021-10-26,307.0,308.27,305.84,305.93,1069820.0
752,2021-10-27,308.66,310.58,305.92,308.13,1535968.0
753,2021-10-28,305.61,307.61,304.78,307.12,1564973.0
754,2021-10-29,306.8,311.88,306.01,308.36,1890859.0
755,2021-11-01,310.58,313.48,309.64,312.13,1367704.0
756,2021-11-02,316.29,317.9,315.18,316.73,2012334.0
757,2021-11-03,319.05,319.32,314.46,317.57,1856410.0
758,2021-11-04,318.56,320.79,317.5,320.66,1628309.0
759,2021-11-05,320.64,321.77,319.82,321.15,1693199.0
760,2021-11-08,324.49,327.06,324.22,326.69,1448727.0
761,2021-11-09,329.14,329.32,326.69,327.78,1813022.0
762,2021-11-10,326.83,327.8,324.67,325.78,1540074.0
763,2021-11-11,326.74,326.94,324.8,324.82,924857.0
764,2021-11-12,326.94,326.94,324.72,326.18,1044124.0
765,2021-11-15,325.89,325.89,321.92,323.17,1274875.0
766,2021-11-16,323.11,324.48,322.03,322.13,1604336.0
767,2021-11-17,323.5,323.59,320.23,320.64,1304642.0
768,2021-11-18,320.62,320.92,318.33,320.16,1762882.0
769,2021-11-19,320.98,322.4,319.63,321.35,2067016.0
770,2021-11-22,321.93,323.53,318.9,318.9,955475.0
771,2021-11-23,318.14,320.62,317.7,319.41,986831.0
772,2021-11-24,314.48,317.46,314.0,316.41,1327409.0
773,2021-11-26,312.34,313.63,308.3,309.73,1318969.0
774,2021-11-29,310.66,311.81,307.78,309.9,1857236.0
775,2021-11-30,309.52,309.94,304.96,307.3,3243951.0
776,2021-12-01,310.86,314.97,307.4,307.45,2459518.0
777,2021-12-02,310.22,314.91,309.62,314.22,2183884.0
778,2021-12-03,315.4,317.22,308.48,310.92,2566706.0
779,2021-12-06,315.38,316.65,313.68,315.25,1672876.0
780,2021-12-07,320.88,322.74,320.21,320.87,1797521.0
781,2021-12-08,324.12,324.25,321.06,323.41,1370084.0
782,2021-12-09,321.27,324.22,320.72,322.34,1086594.0
783,2021-12-10,323.19,325.06,323.01,324.22,1116567.0
784,2021-12-13,323.9,325.72,321.64,324.41,1016810.0
785,2021-12-14,325.41,326.28,323.24,324.72,1631386.0
786,2021-12-15,326.41,331.63,324.84,331.58,1445151.0
787,2021-12-16,331.12,333.53,328.8,330.23,1449663.0
788,2021-12-17,328.35,329.21,323.34,324.05,2791435.0
789,2021-12-20,320.58,320.89,317.23,320.54,1621822.0
790,2021-12-21,320.62,324.23,319.8,323.11,1051934.0
791,2021-12-22,322.36,325.76,321.66,325.57,923516.0
792,2021-12-23,325.57,330.86,325.44,329.39,1151893.0
793,2021-12-27,332.05,334.09,330.89,333.64,1094377.0
794,2021-12-28,333.6,335.17,333.11,334.01,926530.0
795,2021-12-29,334.39,336.72,334.17,335.62,802118.0
796,2021-12-30,335.48,336.44,333.98,334.55,925304.0
797,2021-12-31,333.94,337.19,333.85,336.65,817804.0
798,2022-01-03,336.64,336.81,328.58,328.86,1514908.0
799,2022-01-04,329.18,335.85,328.49,335.03,1920004.0
800,2022-01-05,337.91,342.4,336.54,336.63,1654894.0
801,2022-01-06,334.9,335.72,327.92,328.23,1649458.0
802,2022-01-07,328.24,328.41,323.52,326.5,1440980.0
803,2022-01-10,323.64,325.77,320.87,325.65,1415632.0
804,2022-01-11,324.41,326.69,321.22,326.65,1571807.0
805,2022-01-12,328.53,332.14,327.4,331.51,1274370.0
806,2022-01-13,328.5,330.16,323.01,323.63,1446219.0
807,2022-01-14,319.37,320.96,315.39,318.85,1850732.0
808,2022-01-18,313.05,314.02,308.68,311.38,2207903.0
809,2022-01-19,315.58,317.04,312.08,312.41,1442433.0
810,2022-01-20,314.04,317.82,311.47,311.9,1611724.0
811,2022-01-21,310.92,312.24,305.72,306.34,1921810.0
812,2022-01-24,304.02,307.0,294.35,306.38,2877752.0
813,2022-01-25,300.59,306.44,296.52,303.81,1941643.0
814,2022-01-26,307.32,307.96,295.98,299.15,2092907.0
815,2022-01-27,300.95,304.28,297.52,301.57,2151559.0
816,2022-01-28,297.58,305.19,295.64,305.16,1898360.0
817,2022-01-31,300.28,309.12,299.77,308.9,2381392.0
818,2022-02-01,310.66,312.3,306.15,311.63,1875767.0
819,2022-02-02,310.55,314.73,310.22,312.51,1730449.0
820,2022-02-03,309.29,309.74,301.2,302.02,1556349.0
821,2022-02-04,291.63,294.63,287.73,288.2,3291672.0
822,2022-02-07,286.93,289.86,285.73,286.69,2533353.0
823,2022-02-08,286.74,289.86,285.14,288.93,1993016.0
824,2022-02-09,292.99,295.19,291.97,294.37,1880891.0
825,2022-02-10,299.91,307.07,297.51,299.07,2497991.0
826,2022-02-11,297.2,299.32,283.73,284.95,2209713.0
827,2022-02-14,284.44,286.07,280.54,283.73,1774426.0
828,2022-02-15,290.79,292.84,289.14,292.12,2772439.0
829,2022-02-16,291.53,295.49,289.33,294.05,1805616.0
830,2022-02-17,292.19,292.87,288.22,289.19,2055900.0
831,2022-02-18,290.03,295.48,288.85,293.08,2871470.0
832,2022-02-22,281.42,285.29,279.96,283.81,3590673.0
833,2022-02-23,286.07,287.34,280.87,281.31,3391770.0
834,2022-02-24,266.97,276.12,266.97,275.47,4444541.0
835,2022-02-25,277.9,287.87,277.82,287.71,2889050.0
836,2022-02-28,278.18,284.94,278.18,283.46,3233299.0
837,2022-03-01,282.22,283.35,270.77,272.78,3439348.0
838,2022-03-02,274.34,282.25,272.66,280.42,2964468.0
839,2022-03-03,280.8,282.07,275.89,277.63,3092186.0
840,2022-03-04,268.58,271.76,266.59,271.65,3853940.0
841,2022-03-07,271.06,271.44,260.09,261.21,3732139.0
842,2022-03-08,263.72,268.8,257.73,261.66,3117495.0
843,2022-03-09,274.54,286.52,272.16,282.99,4117790.0
844,2022-03-10,271.93,279.57,271.55,274.87,2525863.0
845,2022-03-11,279.74,280.89,271.72,272.15,2007435.0
846,2022-03-14,280.05,284.03,275.99,276.75,2541154.0
847,2022-03-15,281.56,285.97,278.73,285.49,3413568.0
848,2022-03-16,294.47,299.7,289.97,295.92,3535899.0
849,2022-03-17,294.28,301.48,293.53,300.76,2265270.0
850,2022-03-18,296.1,303.96,296.1,303.05,3242725.0
851,2022-03-21,302.92,303.85,299.71,302.09,1556265.0
852,2022-03-22,303.29,304.79,301.0,303.52,1721912.0
853,2022-03-23,299.13,302.11,298.34,298.69,1853999.0
854,2022-03-24,301.09,309.52,301.09,309.43,2115897.0
855,2022-03-25,312.03,312.33,307.14,310.13,1813628.0
856,2022-03-28,310.76,314.09,310.43,314.03,1722506.0
857,2022-03-29,319.12,320.39,312.13,317.73,2514240.0
858,2022-03-30,315.99,317.93,313.84,317.01,1526738.0
859,2022-03-31,314.92,316.27,310.61,310.82,2311272.0
860,2022-04-01,312.28,314.29,311.76,314.12,1477765.0
861,2022-04-04,311.76,313.37,310.57,312.83,1301779.0
862,2022-04-05,312.22,316.43,312.06,313.16,1376876.0
863,2022-04-06,307.41,308.31,303.52,306.44,2257621.0
864,2022-04-07,308.17,310.89,305.75,309.44,1471376.0
865,2022-04-08,308.89,312.85,308.52,309.21,1357176.0
866,2022-04-11,309.24,310.81,308.15,308.54,1235758.0
867,2022-04-12,306.3,309.0,304.28,305.39,1827941.0
868,2022-04-13,305.39,310.82,304.92,310.64,1208897.0
869,2022-04-14,310.35,312.09,308.01,309.91,1785315.0
870,2022-04-18,309.88,311.29,307.08,308.93,915826.0
871,2022-04-19,306.48,310.55,305.95,309.54,1944800.0
872,2022-04-20,311.31,319.26,311.31,317.76,1957058.0
873,2022-04-21,322.58,323.7,314.97,315.76,1475038.0
874,2022-04-22,314.05,314.05,300.42,301.11,2339260.0
875,2022-04-25,302.69,305.56,297.91,305.38,2293478.0
876,2022-04-26,303.03,304.94,294.92,294.92,2500313.0
877,2022-04-27,295.76,301.45,294.86,298.43,2610919.0
878,2022-04-28,296.89,307.91,294.41,306.58,3304882.0
879,2022-04-29,304.92,310.29,302.36,303.35,2534861.0
880,2022-05-02,305.95,307.04,298.29,304.68,2195364.0
881,2022-05-03,305.51,308.08,303.31,305.4,1771891.0
882,2022-05-04,306.2,314.29,303.53,313.63,1730115.0
883,2022-05-05,310.27,311.07,300.82,304.0,1769712.0
884,2022-05-06,296.87,301.21,295.18,300.05,2273042.0
885,2022-05-09,295.11,296.99,291.21,291.66,2027027.0
886,2022-05-10,297.59,298.04,289.48,290.77,2525192.0
887,2022-05-11,289.47,298.12,288.79,291.84,1759321.0
888,2022-05-12,287.9,293.72,287.71,292.73,2455226.0
889,2022-05-13,294.68,302.57,293.98,300.16,1845454.0
890,2022-05-16,298.74,303.02,296.32,300.83,1598788.0
891,2022-05-17,308.31,310.29,306.32,310.16,1396688.0
892,2022-05-18,306.01,307.68,300.3,301.46,1737248.0
893,2022-05-19,299.86,305.49,299.34,302.09,1957833.0
894,2022-05-20,306.9,308.14,298.72,306.57,2372010.0
895,2022-05-23,311.31,314.92,310.12,311.81,1981099.0
896,2022-05-24,312.39,313.03,307.08,311.88,1707656.0
897,2022-05-25,310.15,311.43,304.68,307.24,2260079.0
898,2022-05-26,308.94,313.14,308.57,311.72,2651563.0
899,2022-05-27,315.3,321.2,314.75,321.02,1878978.0
900,2022-05-31,315.84,319.24,314.28,316.07,2510401.0
901,2022-06-01,314.92,316.52,309.19,311.0,1853782.0
902,2022-06-02,316.1,325.96,315.49,325.74,2282427.0
903,2022-06-03,322.85,326.12,322.38,324.46,1332834.0
904,2022-06-06,328.94,330.55,325.92,328.07,1728558.0
905,2022-06-07,324.1,328.69,323.76,328.32,1726083.0
906,2022-06-08,323.49,326.31,319.85,321.16,1916979.0
907,2022-06-09,316.81,319.16,311.15,311.25,1666239.0
908,2022-06-10,305.01,305.85,300.42,303.45,2008025.0
909,2022-06-13,295.19,297.06,292.31,293.89,2039566.0
910,2022-06-14,291.82,292.67,285.78,288.18,2420349.0
911,2022-06-15,292.16,295.4,286.62,292.55,1979468.0
912,2022-06-16,282.4,284.17,280.39,282.28,2986892.0
913,2022-06-17,277.6,285.07,276.23,283.24,5565570.0
914,2022-06-21,285.95,293.17,285.4,291.34,3779420.0
915,2022-06-22,286.15,293.46,285.9,290.96,2769206.0
916,2022-06-23,289.52,292.35,285.56,289.39,2812451.0
917,2022-06-24,290.07,297.18,290.02,295.79,23958751.0
918,2022-06-27,292.18,293.36,288.05,288.82,2714304.0
919,2022-06-28,288.81,291.56,284.75,285.96,2535516.0
920,2022-06-29,283.69,284.9,281.2,283.97,1951294.0
921,2022-06-30,276.68,282.15,275.06,280.09,2926961.0
922,2022-07-01,276.08,278.69,273.49,278.0,3307611.0
923,2022-07-05,264.74,266.03,259.39,263.19,4332745.0
924,2022-07-06,262.17,268.04,262.11,266.85,3484076.0
925,2022-07-07,267.38,268.82,266.15,266.44,2338141.0
926,2022-07-08,267.32,268.94,264.53,266.24,1711930.0
927,2022-07-11,263.5,270.73,263.31,269.33,2251747.0
928,2022-07-12,267.52,270.21,265.67,266.1,2146585.0
929,2022-07-13,262.7,268.43,261.86,267.29,2423311.0
930,2022-07-14,260.38,261.68,257.68,261.57,2473787.0
931,2022-07-15,267.82,269.54,265.82,269.54,2370145.0
932,2022-07-18,272.32,273.15,268.83,269.69,2244081.0
933,2022-07-19,273.38,278.98,272.86,278.31,2097586.0
934,2022-07-20,276.96,278.36,274.49,275.7,1996988.0
935,2022-07-21,275.06,279.8,274.65,279.59,1544780.0
936,2022-07-22,279.74,281.26,277.11,278.1,1203662.0
937,2022-07-25,279.48,280.82,277.13,280.65,1460705.0
938,2022-07-26,277.09,280.21,276.91,279.18,1448502.0
939,2022-07-27,278.75,283.29,277.67,283.01,3179249.0
940,2022-07-28,279.0,289.88,279.0,289.49,1941301.0
941,2022-07-29,291.69,295.71,291.31,294.56,1711433.0
942,2022-08-01,292.99,294.85,291.05,292.63,1247978.0
943,2022-08-02,290.99,293.18,288.38,290.2,1428145.0
944,2022-08-03,292.44,293.89,288.35,292.62,1297074.0
945,2022-08-04,293.98,296.68,293.98,294.8,1451091.0
946,2022-08-05,292.67,294.63,291.96,294.53,1113119.0
947,2022-08-08,298.22,298.42,293.25,293.54,1081732.0
948,2022-08-09,293.21,295.3,292.33,293.23,884433.0
949,2022-08-10,300.58,303.84,298.99,301.96,1246861.0
950,2022-08-11,301.8,302.61,298.17,298.43,1165427.0
951,2022-08-12,298.54,304.13,298.13,304.11,1149140.0
952,2022-08-15,302.4,304.99,300.76,304.77,1263546.0
953,2022-08-16,301.85,306.04,301.81,304.85,938417.0
954,2022-08-17,301.02,302.72,299.56,302.02,912268.0
955,2022-08-18,302.09,303.66,300.68,302.73,1113596.0
956,2022-08-19,301.06,301.09,295.79,296.31,1154055.0
957,2022-08-22,288.97,290.09,287.01,288.35,1966459.0
958,2022-08-23,286.01,289.1,284.77,286.74,1461618.0
959,2022-08-24,286.77,287.53,284.56,285.69,1439287.0
960,2022-08-25,286.92,290.1,285.48,289.68,1332394.0
961,2022-08-26,289.53,289.78,278.59,278.81,1782504.0
962,2022-08-29,278.91,281.39,278.27,280.07,1456160.0
963,2022-08-30,282.06,282.59,275.21,277.21,1674423.0
964,2022-08-31,277.49,278.31,274.87,275.42,2947804.0
965,2022-09-01,271.56,273.33,267.03,272.87,3096347.0
966,2022-09-02,276.79,279.54,270.23,271.44,2400649.0
967,2022-09-06,270.09,272.9,267.51,270.67,2738520.0
968,2022-09-07,271.34,279.84,271.08,279.56,1313668.0
969,2022-09-08,273.39,277.84,273.24,277.64,1510287.0
970,2022-09-09,280.09,281.79,278.81,280.76,1679440.0
971,2022-09-12,286.64,288.91,284.48,288.24,1752728.0
972,2022-09-13,282.36,285.31,278.67,279.31,1752480.0
973,2022-09-14,279.34,281.19,276.99,280.3,1325356.0
974,2022-09-15,278.68,281.4,276.38,276.63,1382631.0
975,2022-09-16,274.07,277.64,272.25,277.09,3278296.0
976,2022-09-19,274.25,279.04,273.85,278.87,1144164.0
977,2022-09-20,274.28,276.47,272.77,275.26,1589718.0
978,2022-09-21,275.62,277.43,270.1,270.26,1428743.0
979,2022-09-22,270.33,271.19,267.03,267.8,1537428.0
980,2022-09-23,263.55,264.31,259.6,262.88,1947215.0
981,2022-09-26,259.97,263.3,256.7,257.98,2173985.0
982,2022-09-27,261.76,262.89,256.2,258.93,1947413.0
983,2022-09-28,260.17,266.62,258.68,265.18,1880218.0
984,2022-09-29,262.12,264.22,258.95,263.34,1463961.0
985,2022-09-30,263.86,267.87,263.09,263.32,2625109.0
986,2022-10-03,266.26,271.06,265.01,269.55,3081012.0
987,2022-10-04,277.34,280.9,276.59,280.19,2425138.0
988,2022-10-05,277.15,280.05,275.05,277.52,1861361.0
989,2022-10-06,274.13,275.98,271.06,272.55,2182295.0
990,2022-10-07,270.21,270.73,265.6,266.93,1587905.0
991,2022-10-10,267.63,268.53,263.9,265.56,1207905.0
992,2022-10-11,264.03,268.78,262.67,264.73,1092891.0
993,2022-10-12,264.81,267.55,263.71,265.32,1437342.0
994,2022-10-13,260.71,276.75,259.95,276.19,2124516.0
995,2022-10-14,279.42,281.32,268.7,269.07,1640037.0
996,2022-10-17,274.98,277.43,274.31,274.65,1508177.0
997,2022-10-18,281.9,282.56,276.51,278.39,1692779.0
998,2022-10-19,277.73,279.83,275.55,277.64,1186532.0
999,2022-10-20,278.14,281.95,275.23,275.96,1345062.0
1000,2022-10-21,274.19,282.46,273.27,282.05,1610564.0
1001,2022-10-24,287.06,288.61,270.37,271.85,4454523.0
1002,2022-10-25,272.07,281.97,271.83,281.91,2999567.0
1003,2022-10-26,285.44,290.33,283.96,288.57,2597317.0
1004,2022-10-27,287.73,290.44,285.92,286.99,2338523.0
1005,2022-10-28,289.78,296.73,288.4,295.53,2249359.0
1006,2022-10-31,294.41,296.49,290.85,291.08,2016113.0
1007,2022-11-01,297.75,297.75,290.2,291.9,1891510.0
1008,2022-11-02,296.07,296.07,287.61,288.07,2587924.0
1009,2022-11-03,283.72,291.95,283.67,291.33,2396086.0
1010,2022-11-04,299.87,303.77,296.76,302.66,2948056.0
1011,2022-11-07,304.82,307.68,303.15,307.22,1575869.0
1012,2022-11-08,308.43,312.24,307.42,308.44,1520091.0
1013,2022-11-09,309.43,312.6,307.06,308.17,1165613.0
1014,2022-11-10,323.73,323.86,318.27,322.1,2683377.0
1015,2022-11-11,326.9,327.99,323.22,323.95,2133739.0
1016,2022-11-14,326.73,331.76,325.67,325.81,1908609.0
1017,2022-11-15,332.75,332.98,323.68,326.29,1865524.0
1018,2022-11-16,329.57,329.88,327.04,327.46,1418554.0
1019,2022-11-17,323.44,325.08,321.73,324.07,1520587.0
1020,2022-11-18,327.89,329.43,324.72,328.64,1257438.0
1021,2022-11-21,326.37,329.65,326.37,328.1,1065656.0
1022,2022-11-22,329.88,334.0,327.98,333.49,1010464.0
1023,2022-11-23,334.47,337.23,334.08,336.59,954465.0
1024,2022-11-25,336.99,338.31,336.23,338.15,458541.0
1025,2022-11-28,338.44,338.66,330.53,331.43,2881129.0
1026,2022-11-29,328.49,329.23,324.74,325.7,1888348.0
1027,2022-11-30,325.85,330.81,322.13,330.21,3115178.0
1028,2022-12-01,332.19,333.03,327.81,332.16,1419981.0
1029,2022-12-02,329.24,333.87,328.52,332.25,1200752.0
1030,2022-12-05,330.07,331.2,327.48,329.16,2145039.0
1031,2022-12-06,329.82,330.55,324.39,326.4,1242104.0
1032,2022-12-07,326.97,328.83,324.48,326.3,1849322.0
1033,2022-12-08,326.19,330.09,325.81,329.53,966865.0
1034,2022-12-09,329.62,330.74,327.08,327.11,1262938.0
1035,2022-12-12,330.92,331.71,328.52,330.95,1246867.0
1036,2022-12-13,340.95,342.5,335.36,337.35,1969448.0
1037,2022-12-14,337.95,340.36,334.9,336.91,1824773.0
1038,2022-12-15,331.3,331.7,323.5,325.7,1882896.0
1039,2022-12-16,322.46,324.84,318.92,324.53,3857589.0
1040,2022-12-19,323.9,325.4,321.1,321.95,1254739.0
1041,2022-12-20,322.93,325.82,321.24,323.83,1312878.0
1042,2022-12-21,320.96,325.22,320.96,323.57,1723822.0
1043,2022-12-22,321.23,322.74,317.95,322.56,1202156.0
1044,2022-12-23,321.08,324.51,320.48,324.23,636611.0
1045,2022-12-27,325.56,326.99,323.19,323.85,682772.0
1046,2022-12-28,323.74,325.36,320.48,320.81,908869.0
1047,2022-12-29,324.28,325.8,323.29,324.65,872349.0
1048,2022-12-30,321.06,321.85,318.11,321.08,1238055.0
1049,2023-01-03,312.57,316.9,309.35,313.25,2374240.0
1050,2023-01-04,313.62,315.15,309.97,311.67,2089061.0
1051,2023-01-05,300.17,302.86,297.07,300.39,3133744.0
1052,2023-01-06,302.72,312.04,302.47,311.06,2538893.0
1053,2023-01-09,317.17,319.97,315.02,316.82,2471274.0
1054,2023-01-10,317.29,318.14,314.27,316.93,1613391.0
1055,2023-01-11,320.98,324.61,319.86,324.52,1927992.0
1056,2023-01-12,323.11,324.52,320.74,323.81,1277510.0
1057,2023-01-13,324.9,329.62,324.9,329.01,1882820.0
1058,2023-01-17,330.39,331.21,324.72,324.9,1714680.0
1059,2023-01-18,328.4,328.85,319.08,319.24,2945710.0
1060,2023-01-19,318.9,320.41,316.36,319.44,2703559.0
1061,2023-01-20,319.42,323.73,317.71,323.52,1792713.0
1062,2023-01-23,320.75,323.47,319.17,321.39,1931093.0
1063,2023-01-24,320.46,323.75,318.64,323.53,1625868.0
1064,2023-01-25,319.63,322.16,318.89,321.26,1887234.0
1065,2023-01-26,321.3,324.43,319.62,324.41,1587129.0
1066,2023-01-27,319.16,322.5,318.99,319.6,1819783.0
1067,2023-01-30,319.3,323.44,319.08,319.93,2163761.0
1068,2023-01-31,321.66,326.16,321.35,325.84,2330319.0
1069,2023-02-01,325.63,328.65,320.9,325.98,1879548.0
1070,2023-02-02,326.63,329.41,322.01,326.95,2523970.0
1071,2023-02-03,320.07,323.79,318.34,318.5,2662969.0
1072,2023-02-06,317.28,318.61,314.74,317.76,2322929.0
1073,2023-02-07,313.8,332.32,313.78,332.02,5990071.0
1074,2023-02-08,335.5,341.57,328.35,329.15,3429574.0
1075,2023-02-09,331.12,332.89,326.02,327.47,2655678.0
1076,2023-02-10,326.08,327.53,323.09,326.94,2515955.0
1077,2023-02-13,327.96,330.85,327.03,328.96,1782688.0
1078,2023-02-14,328.29,330.18,325.28,328.9,2175028.0
1079,2023-02-15,326.9,327.61,324.08,327.43,2492991.0
1080,2023-02-16,320.57,322.66,318.27,318.4,3209174.0
1081,2023-02-17,315.78,318.28,314.13,316.42,3231617.0
1082,2023-02-21,317.84,323.27,317.03,319.46,3245701.0
1083,2023-02-22,322.76,326.77,319.95,324.93,3595062.0
1084,2023-02-23,326.63,329.24,321.31,326.79,3836358.0
1085,2023-02-24,317.99,343.11,317.51,342.56,14738005.0
1086,2023-02-27,341.15,343.22,339.1,339.38,3708627.0
1087,2023-02-28,339.37,346.05,339.1,343.27,3274392.0
1088,2023-03-01,345.0,351.08,343.95,344.95,3474086.0
1089,2023-03-02,345.29,349.28,344.45,346.65,2266645.0
1090,2023-03-03,349.92,357.64,348.23,357.28,2929275.0
1091,2023-03-06,354.9,355.58,351.28,352.95,3846387.0
1092,2023-03-07,350.9,352.02,345.36,349.04,2218111.0
1093,2023-03-08,347.9,350.62,345.3,349.8,2222842.0
1094,2023-03-09,346.99,348.2,339.11,340.82,2489124.0
1095,2023-03-10,341.09,342.29,335.01,336.44,1534105.0
1096,2023-03-13,334.915,336.805,330.265,331.005,2228912.0
1097,2023-03-14,337.115,342.565,335.435,338.615,2580095.0
1098,2023-03-15,325.275,328.865,320.285,327.105,3395328.0
1099,2023-03-16,324.745,335.775,324.295,334.465,1750154.0
1100,2023-03-17,331.975,333.085,326.085,326.665,5702339.0
1101,2023-03-20,328.605,335.715,328.125,334.985,2305149.0
1102,2023-03-21,339.455,340.325,335.195,337.475,1792643.0
1103,2023-03-22,337.215,340.795,334.865,335.325,1434214.0
1104,2023-03-23,336.225,342.295,335.725,337.505,2082145.0
1105,2023-03-24,335.685,341.625,334.125,340.925,1793849.0
1106,2023-03-27,344.005,346.165,341.245,343.275,1475948.0
1107,2023-03-28,343.045,344.195,340.735,343.545,1396658.0
1108,2023-03-29,347.785,349.025,344.555,345.905,1132624.0
1109,2023-03-30,346.625,347.875,344.595,347.715,1120710.0
1110,2023-03-31,346.545,351.805,346.225,351.615,1513468.0
1111,2023-04-03,349.625,355.165,349.625,354.275,1878474.0
1112,2023-04-04,353.435,357.605,352.685,353.975,2299186.0
1113,2023-04-05,350.935,352.705,349.465,351.785,2199781.0
1114,2023-04-06,348.425,353.385,348.185,352.755,1627689.0
1115,2023-04-10,351.315,354.915,350.845,354.735,1311530.0
1116,2023-04-11,355.395,357.035,353.215,354.425,975055.0
1117,2023-04-12,356.865,359.025,354.125,355.525,1613716.0
1118,2023-04-13,354.425,360.315,353.395,358.135,1667550.0
1119,2023-04-14,357.145,358.865,353.845,355.845,1078282.0
1120,2023-04-17,355.995,358.575,355.685,358.525,1421563.0
1121,2023-04-18,360.235,362.015,357.955,361.045,1084980.0
1122,2023-04-19,358.695,361.675,357.765,361.485,1163187.0
1123,2023-04-20,359.205,363.685,358.945,363.525,1095481.0
1124,2023-04-21,361.055,363.325,360.545,362.385,1677837.0
1125,2023-04-24,363.545,365.245,362.325,364.185,1237661.0
1126,2023-04-25,362.955,365.825,361.185,363.235,1735860.0
1127,2023-04-26,361.145,362.305,358.455,361.175,2055575.0
1128,2023-04-27,361.765,364.075,356.005,361.815,1898616.0
1129,2023-04-28,361.805,366.715,361.075,365.625,1878866.0
1130,2023-05-01,366.975,369.755,366.245,368.485,1018099.0
1131,2023-05-02,366.615,367.895,363.515,366.215,1124556.0
1132,2023-05-03,365.685,367.435,359.535,359.675,1418886.0
1133,2023-05-04,358.815,361.385,353.635,356.975,1545832.0
1134,2023-05-05,360.395,363.635,359.755,362.545,1113588.0
1135,2023-05-08,364.175,364.845,361.225,361.845,1261695.0
1136,2023-05-09,361.175,363.675,358.905,360.875,1015506.0
1137,2023-05-10,366.015,366.355,360.175,365.075,1304325.0
1138,2023-05-11,364.605,365.835,361.195,363.215,1336724.0
1139,2023-05-12,363.045,366.935,362.625,366.505,1189465.0
1140,2023-05-15,367.265,367.495,361.635,364.975,1378803.0
1141,2023-05-16,363.465,364.225,360.735,362.075,1065285.0
1142,2023-05-17,363.305,363.305,360.185,361.185,1296363.0
1143,2023-05-18,359.945,364.895,358.395,364.365,1116124.0
1144,2023-05-19,365.745,368.575,365.115,367.665,1140930.0
1145,2023-05-22,368.675,369.245,362.495,362.565,1207860.0
1146,2023-05-23,360.175,360.185,349.875,350.115,2156987.0
1147,2023-05-24,347.495,352.705,347.225,351.035,1801252.0
1148,2023-05-25,352.325,355.295,351.115,352.765,1994795.0
1149,2023-05-26,353.295,356.805,350.975,352.385,1805824.0
1150,2023-05-30,352.375,352.935,346.775,351.085,1801854.0
1151,2023-05-31,350.285,353.585,348.615,349.835,2958124.0
1152,2023-06-01,352.73,354.78,350.68,352.94,1239491.0
1153,2023-06-02,355.05,359.09,354.56,357.92,1337751.0
1154,2023-06-05,359.21,364.67,357.68,360.26,1724564.0
1155,2023-06-06,359.76,362.2,355.24,357.19,1638010.0
1156,2023-06-07,356.07,361.05,355.89,359.74,1440967.0
1157,2023-06-08,359.55,360.14,356.81,359.66,1056376.0
1158,2023-06-09,359.94,359.94,356.2,358.21,1121612.0
1159,2023-06-12,359.92,359.92,356.04,359.46,1021434.0
1160,2023-06-13,361.68,370.78,360.68,370.71,2066012.0
1161,2023-06-14,372.69,373.9,369.38,371.76,1553188.0
1162,2023-06-15,372.82,375.95,370.44,373.89,1228551.0
1163,2023-06-16,374.2,374.45,370.76,372.74,4372161.0
1164,2023-06-20,371.85,372.33,365.29,366.13,1721720.0
1165,2023-06-21,364.61,369.51,362.96,368.1,1542693.0
1166,2023-06-22,365.73,370.78,363.04,370.09,1197487.0
1167,2023-06-23,367.07,368.59,364.64,368.04,2070677.0
1168,2023-06-26,367.43,369.45,366.91,368.16,1089723.0
1169,2023-06-27,369.07,373.86,368.91,373.2,1319983.0
1170,2023-06-28,371.66,373.3,369.8,372.42,1094000.0
1171,2023-06-29,370.94,378.07,370.87,376.64,1350567.0
1172,2023-06-30,377.87,381.03,377.47,378.53,1642800.0
1173,2023-07-03,379.46,379.8,375.61,375.61,1118678.0
1174,2023-07-05,368.57,371.49,363.14,364.69,2926719.0
1175,2023-07-06,359.83,362.37,355.82,361.98,2129972.0
1176,2023-07-07,360.48,367.34,359.45,361.96,1336847.0
1177,2023-07-10,361.35,366.19,361.35,365.0,1292130.0
1178,2023-07-11,367.26,369.16,360.72,364.29,1162040.0
1179,2023-07-12,367.82,372.38,363.44,372.05,1557213.0
1180,2023-07-13,373.55,375.55,371.09,374.59,1281086.0
1181,2023-07-14,374.59,376.94,373.95,376.03,886396.0
1182,2023-07-17,375.96,381.01,375.95,379.56,1152062.0
1183,2023-07-18,374.34,382.0,374.34,381.72,1099434.0
1184,2023-07-19,379.84,381.32,371.76,372.16,1607110.0
1185,2023-07-20,373.56,379.16,372.2,379.05,1085126.0
1186,2023-07-21,377.83,382.86,376.27,381.99,1195695.0
1187,2023-07-24,382.45,383.45,379.17,382.14,1467548.0
1188,2023-07-25,383.0,389.06,382.34,388.49,1328442.0
1189,2023-07-26,384.65,385.93,377.04,385.66,1825629.0
1190,2023-07-27,385.66,386.18,380.66,382.08,2336445.0
1191,2023-07-28,384.1,386.6,382.66,386.16,1445378.0
1192,2023-07-31,385.97,388.42,383.4,388.12,1617160.0
1193,2023-08-01,387.29,391.12,385.96,386.09,1468631.0
1194,2023-08-02,383.07,384.58,380.81,381.23,1538913.0
1195,2023-08-03,379.36,381.98,376.56,378.2,1926047.0
1196,2023-08-04,381.77,381.85,374.98,375.27,1648865.0
1197,2023-08-07,378.45,383.42,378.11,382.42,1111977.0
1198,2023-08-08,381.35,381.79,376.38,379.23,946797.0
1199,2023-08-09,380.66,381.32,376.74,377.01,853369.0
1200,2023-08-10,378.75,384.03,378.19,379.77,824995.0
1201,2023-08-11,379.78,380.7,377.99,379.27,692723.0
1202,2023-08-14,378.56,380.79,376.47,379.62,1060687.0
1203,2023-08-15,376.45,378.21,375.19,376.83,709662.0
1204,2023-08-16,376.21,379.04,374.82,375.25,1143793.0
1205,2023-08-17,376.89,378.65,372.84,373.81,1229762.0
1206,2023-08-18,372.01,375.32,371.25,372.55,1254725.0
1207,2023-08-21,373.67,375.97,370.92,374.94,947345.0
1208,2023-08-22,376.05,377.82,374.82,375.04,913303.0
1209,2023-08-23,375.04,377.18,373.18,375.8,929185.0
1210,2023-08-24,374.85,378.2,374.57,375.39,820328.0
1211,2023-08-25,376.87,380.72,375.36,379.04,1022076.0
1212,2023-08-28,379.85,381.41,378.19,379.52,771993.0
1213,2023-08-29,378.52,384.44,376.8,384.3,1060094.0
1214,2023-08-30,384.35,385.65,382.75,384.54,780090.0
1215,2023-08-31,385.11,386.62,383.45,384.49,1193097.0
1216,2023-09-01,387.875,389.735,386.305,387.635,969965.0
1217,2023-09-05,388.695,388.695,380.175,380.325,1092673.0
1218,2023-09-06,379.075,382.555,378.235,382.015,775501.0
1219,2023-09-07,382.795,386.165,380.835,385.345,986394.0
1220,2023-09-08,385.205,388.215,383.835,385.535,1064046.0
1221,2023-09-11,387.325,390.225,386.205,388.075,862209.0
1222,2023-09-12,386.115,388.315,385.715,386.645,1047862.0
1223,2023-09-13,385.685,387.405,383.115,383.875,1207469.0
1224,2023-09-14,386.005,389.655,384.365,388.525,1231480.0
1225,2023-09-15,388.425,392.145,384.735,386.715,2820452.0
1226,2023-09-18,386.395,388.105,383.825,386.255,652059.0
1227,2023-09-19,386.775,389.115,384.275,388.505,1459271.0
1228,2023-09-20,387.375,387.435,377.365,377.545,1747310.0
1229,2023-09-21,375.865,376.215,371.045,371.165,1362216.0
1230,2023-09-22,369.585,374.695,369.395,371.675,1017391.0
1231,2023-09-25,369.905,375.625,367.725,375.295,1558288.0
1232,2023-09-26,372.435,373.995,367.695,369.925,1769515.0
1233,2023-09-27,370.155,372.645,368.735,370.735,1254914.0
1234,2023-09-28,371.415,375.395,370.125,372.215,1065630.0
1235,2023-09-29,374.575,375.595,370.675,371.075,1474300.0
1236,2023-10-02,369.665,370.165,365.225,368.935,1298389.0
1237,2023-10-03,367.325,375.855,366.495,371.555,1747620.0
1238,2023-10-04,372.855,378.605,371.485,377.335,1897908.0
1239,2023-10-05,376.985,379.725,365.835,368.585,1822052.0
1240,2023-10-06,367.965,373.775,365.755,372.265,1571287.0
1241,2023-10-09,369.115,373.195,367.965,372.455,846062.0
1242,2023-10-10,375.085,380.395,373.815,377.685,1335511.0
1243,2023-10-11,379.065,380.315,376.055,377.395,931392.0
1244,2023-10-12,379.435,380.125,374.065,376.435,888419.0
1245,2023-10-13,378.425,381.185,374.865,376.615,1214208.0
1246,2023-10-16,377.205,383.045,376.735,377.965,1182414.0
1247,2023-10-17,376.355,381.059,375.2,379.815,920290.0
1248,2023-10-18,377.855,378.375,369.64,370.125,1486582.0
1249,2023-10-19,369.165,372.315,367.575,368.865,1249122.0
1250,2023-10-20,368.725,370.505,364.665,365.085,1334050.0
1251,2023-10-23,363.725,367.355,359.745,364.155,1648667.0
1252,2023-10-24,365.255,368.145,363.76,365.985,1589990.0
1253,2023-10-25,366.555,368.225,361.055,363.105,1493082.0
1254,2023-10-26,369.615,373.015,364.845,369.045,2168327.0
1255,2023-10-27,366.585,375.285,366.585,369.255,1945307.0
1256,2023-10-30,374.795,378.145,372.415,377.595,1477931.0
1257,2023-10-31,376.935,382.795,375.425,380.885,2020680.0
1258,2023-11-01,380.995,386.255,379.7887,385.825,1564799.0
1259,2023-11-02,386.195,390.435,386.165,388.385,1586613.0
1260,2023-11-03,388.825,393.905,387.355,391.235,1339230.0
1261,2023-11-06,391.275,392.255,388.965,391.725,1463944.0
1262,2023-11-07,388.685,389.68,383.845,388.025,2647371.0
1263,2023-11-08,390.135,392.855,387.865,390.985,1631372.0
1264,2023-11-09,393.055,393.115,389.105,389.705,1305393.0
1265,2023-11-10,390.235,399.095,390.235,398.565,1378058.0
1266,2023-11-13,395.085,400.675,393.725,398.475,1419999.0
1267,2023-11-14,398.295,405.505,398.295,402.485,1350431.0
1268,2023-11-15,402.695,404.855,400.825,401.475,1139799.0
1269,2023-11-16,401.905,407.6872,401.045,407.115,1228107.0
1270,2023-11-17,409.805,409.805,405.225,406.605,1542394.0
1271,2023-11-20,406.275,408.845,404.925,406.995,1678476.0
1272,2023-11-21,409.765,413.695,408.135,410.635,1225131.0
1273,2023-11-22,409.465,411.235,406.835,410.345,1110973.0
1274,2023-11-24,411.395,414.9181,410.595,412.945,684765.0
1275,2023-11-27,412.555,412.725,408.725,411.525,1301142.0
1276,2023-11-28,410.735,412.545,408.745,409.455,1134306.0
1277,2023-11-29,411.295,414.015,409.676,410.115,1405922.0
1278,2023-11-30,409.185,414.725,408.515,412.495,4023727.0
1279,2023-12-01,412.45,415.05,409.97,411.7,2107257.0
1280,2023-12-04,409.0,411.24,406.0213,406.64,2092384.0
1281,2023-12-05,406.0,406.61,402.15,403.97,2207042.0
1282,2023-12-06,403.97,404.17,398.44,400.31,2227534.0
1283,2023-12-07,399.41,401.41,397.38,398.65,1913866.0
1284,2023-12-08,398.0,401.6,397.46,401.27,1483655.0
1285,2023-12-11,400.0,408.29,399.87,408.24,1648216.0
1286,2023-12-12,425.69,434.21,420.3,426.72,6823797.0
1287,2023-12-13,405.94,414.17,404.665,408.74,3359435.0
1288,2023-12-14,406.78,411.12,405.825,409.72,2220434.0
1289,2023-12-15,407.41,410.895,404.9,407.38,4241027.0
1290,2023-12-18,411.9,412.99,407.77,409.1,1697394.0
1291,2023-12-19,412.0,414.25,410.11,412.09,1344610.0
1292,2023-12-20,410.74,411.79,405.94,406.36,1568137.0
1293,2023-12-21,408.02,409.4,406.61,409.13,1442516.0
1294,2023-12-22,410.59,412.28,408.7645,410.74,836024.0
1295,2023-12-26,410.61,411.73,409.63,409.93,619216.0
1296,2023-12-27,408.0,411.35,408.0,411.21,850875.0
1297,2023-12-28,410.53,410.9,409.205,409.77,814349.0
1298,2023-12-29,408.72,412.12,407.96,410.71,975904.0
1299,2024-01-02,409.78,411.73,406.7,409.58,1571857.0
1300,2024-01-03,405.9,409.86,405.29,408.71,1536194.0
1301,2024-01-04,407.64,411.65,407.58,408.59,1517834.0
1302,2024-01-05,409.05,410.49,406.25,409.12,1400065.0
1303,2024-01-08,407.86,409.99,404.36,408.29,1142155.0
1304,2024-01-09,407.48,407.78,404.43,406.69,1256087.0
1305,2024-01-10,404.43,406.085,404.01,405.88,1170616.0
1306,2024-01-11,406.78,407.0,401.64,405.96,1110487.0
1307,2024-01-12,408.74,409.56,405.5,408.92,849147.0
1308,2024-01-16,407.48,410.61,406.0,406.65,1464720.0
1309,2024-01-17,404.47,407.33,403.92,406.75,1369057.0
1310,2024-01-18,407.06,408.38,403.74,407.85,1231718.0
1311,2024-01-19,407.12,408.0,404.26,407.38,2265923.0
1312,2024-01-22,401.88,407.32,401.41,406.47,2105362.0
1313,2024-01-23,405.29,408.18,402.165,407.89,1293854.0
1314,2024-01-24,407.07,408.39,401.0,401.28,1594768.0
1315,2024-01-25,400.72,403.6,400.4,403.47,1550901.0
1316,2024-01-26,404.41,405.32,401.67,404.04,1146592.0
1317,2024-01-29,404.78,405.8738,402.2598,405.61,1400434.0
1318,2024-01-30,406.05,410.54,405.4,407.85,1647644.0
1319,2024-01-31,409.46,410.61,403.3326,404.83,1782032.0
1320,2024-02-01,408.27,410.0,405.31,408.65,1893582.0
1321,2024-02-02,407.02,408.93,404.2373,407.09,2218561.0
1322,2024-02-05,396.84,401.98,396.07,400.63,3487643.0
1323,2024-02-06,414.89,421.0,411.36,415.56,3227039.0
1324,2024-02-07,419.07,423.9719,415.3,416.83,1985592.0
1325,2024-02-08,419.3,419.3,413.36,414.0,1483332.0
1326,2024-02-09,413.81,419.84,412.29,419.42,1348163.0
1327,2024-02-12,420.36,420.985,418.123,419.61,1264863.0
1328,2024-02-13,418.92,419.71,414.222,416.25,1309550.0
1329,2024-02-14,418.87,420.85,416.62,418.4,1343892.0
1330,2024-02-15,420.25,429.24,419.69,428.69,1721747.0
1331,2024-02-16,432.27,434.77,430.65,431.63,1455957.0
