,date,open,high,low,close,volume
0,2020-07-24,2.61,2.68,2.49,2.55,2351132.0
1,2020-07-27,2.62,2.62,2.41,2.56,2636086.0
2,2020-07-28,2.49,2.54,2.45,2.475,1260370.0
3,2020-07-29,2.55,2.55,2.35,2.39,2496394.0
4,2020-07-30,2.34,2.37,2.16,2.24,2501093.0
5,2020-07-31,2.09,2.45,2.02,2.4,4531819.0
6,2020-08-03,2.36,2.55,2.3,2.42,2057691.0
7,2020-08-04,2.47,2.5,2.33,2.36,1375160.0
8,2020-08-05,2.32,2.36,2.26,2.29,1784456.0
9,2020-08-06,2.29,2.32,2.2,2.25,1978302.0
10,2020-08-07,2.24,2.25,2.09,2.12,2764055.0
11,2020-08-10,2.15,2.6,2.14,2.41,4988545.0
12,2020-08-11,2.41,2.47,2.29,2.34,2888279.0
13,2020-08-12,2.28,2.3,2.16,2.27,3895967.0
14,2020-08-13,2.26,2.305,2.18,2.195,1523390.0
15,2020-08-14,2.18,2.24,2.17,2.23,912396.0
16,2020-08-17,2.3,2.31,2.23,2.26,1255874.0
17,2020-08-18,2.26,2.295,2.22,2.245,934917.0
18,2020-08-19,2.3,2.3,2.25,2.28,836022.0
19,2020-08-20,2.25,2.28,2.19,2.2,1906869.0
20,2020-08-21,2.2,2.22,2.15,2.17,1739936.0
21,2020-08-24,2.15,2.17,2.1,2.13,1715346.0
22,2020-08-25,2.12,2.16,2.11,2.125,1378475.0
23,2020-08-26,2.13,2.14,2.1,2.11,1641713.0
24,2020-08-27,2.11,2.14,2.1,2.12,1359083.0
25,2020-08-28,2.12,2.54,2.12,2.5,4075937.0
26,2020-08-31,2.61,3.28,2.61,3.11,7959449.0
27,2020-09-01,3.27,3.29,2.6,2.95,5703416.0
28,2020-09-02,2.95,3.16,2.64,2.74,2930741.0
29,2020-09-03,2.62,2.75,2.45,2.51,2648894.0
30,2020-09-04,2.51,2.51,2.28,2.51,1485358.0
31,2020-09-08,2.51,2.57,2.36,2.53,1467943.0
32,2020-09-09,2.54,2.54,2.34,2.43,987421.0
33,2020-09-10,2.41,2.44,2.27,2.29,1340831.0
34,2020-09-11,2.3,2.37,2.29,2.35,699671.0
35,2020-09-14,2.58,2.59,2.35,2.36,1325568.0
36,2020-09-15,2.37,2.4,2.35,2.36,757628.0
37,2020-09-16,2.36,2.66,2.36,2.535,2091440.0
38,2020-09-17,2.53,2.58,2.46,2.5,798530.0
39,2020-09-18,2.47,2.65,2.47,2.59,1043141.0
40,2020-09-21,2.61,2.69,2.48,2.6,1158480.0
41,2020-09-22,2.55,2.99,2.5,2.94,3981146.0
42,2020-09-23,3.0,3.28,2.68,2.77,7022185.0
43,2020-09-24,2.76,3.0,2.66,2.89,6979713.0
44,2020-09-25,2.93,2.99,2.8,2.875,997992.0
45,2020-09-28,2.9,3.0,2.85,2.905,933547.0
46,2020-09-29,2.9,2.97,2.86,2.94,1069020.0
47,2020-09-30,2.96,3.17,2.91,3.072,2778211.0
48,2020-10-01,3.14,3.34,3.1,3.14,3096423.0
49,2020-10-02,3.13,3.41,3.03,3.39,2624294.0
50,2020-10-05,3.5,4.19,3.49,4.095,10650976.0
51,2020-10-06,4.23,4.74,4.2,4.62,9777295.0
52,2020-10-07,4.82,6.09,4.735,5.66,15067187.0
53,2020-10-08,6.0,6.23,4.54,4.82,20259624.0
54,2020-10-09,4.91,4.99,3.91,4.23,14360752.0
55,2020-10-12,4.29,4.39,3.83,4.125,7125100.0
56,2020-10-13,4.15,4.65,3.95,4.6,6323829.0
57,2020-10-14,4.66,5.1,4.62,5.025,6465101.0
58,2020-10-15,4.89,5.0,4.6,4.83,3789664.0
59,2020-10-16,4.96,5.2,4.91,5.005,3572564.0
60,2020-10-19,5.21,5.3,5.03,5.08,3119792.0
61,2020-10-20,5.11,5.18,4.63,4.94,3191934.0
62,2020-10-21,4.98,4.98,4.66,4.72,2000820.0
63,2020-10-22,4.56,4.65,4.13,4.43,3552708.0
64,2020-10-23,4.25,4.86,4.25,4.78,2431076.0
65,2020-10-26,4.7,4.96,4.51,4.66,2072856.0
66,2020-10-27,4.6,4.81,4.55,4.67,1265715.0
67,2020-10-28,4.6,4.66,4.37,4.5,2298694.0
68,2020-10-29,4.51,4.683,4.4,4.5,1775221.0
69,2020-10-30,4.5,4.55,4.34,4.39,1616439.0
70,2020-11-02,4.53,4.68,4.44,4.58,2017522.0
71,2020-11-03,4.64,4.78,4.44,4.58,2081757.0
72,2020-11-04,4.6,5.0,4.5,4.995,2613491.0
73,2020-11-05,5.02,5.3,5.02,5.13,4074654.0
74,2020-11-06,5.19,5.19,4.92,5.055,2304920.0
75,2020-11-09,5.16,5.39,5.06,5.08,2793790.0
76,2020-11-10,5.11,5.15,4.8,5.03,3098236.0
77,2020-11-11,5.05,5.05,4.8,4.9,1397189.0
78,2020-11-12,4.81,4.94,4.71,4.75,1837696.0
79,2020-11-13,4.75,4.75,4.51,4.6,2625648.0
80,2020-11-16,4.54,4.88,4.54,4.86,2244012.0
81,2020-11-17,4.7,4.95,4.57,4.9,2291106.0
82,2020-11-18,4.93,5.05,4.76,4.78,2117989.0
83,2020-11-19,4.7,4.89,4.65,4.77,1758568.0
84,2020-11-20,4.75,4.78,4.62,4.7,1257503.0
85,2020-11-23,4.6,4.7,4.6,4.62,2627430.0
86,2020-11-24,4.71,4.96,4.67,4.7,2512025.0
87,2020-11-25,4.65,4.75,4.63,4.63,1325526.0
88,2020-11-27,4.65,4.85,4.63,4.68,1853104.0
89,2020-11-30,4.61,4.68,4.4,4.55,2414111.0
90,2020-12-01,4.52,4.55,4.2,4.27,2885267.0
91,2020-12-02,4.22,4.25,3.86,4.12,3809439.0
92,2020-12-03,4.15,4.17,3.95,3.99,3203594.0
93,2020-12-04,3.96,4.1,3.95,3.95,1630294.0
94,2020-12-07,3.92,4.0,3.6,3.755,3964558.0
95,2020-12-08,3.67,4.0,3.61,4.0,2874601.0
96,2020-12-09,4.0,4.29,3.975,4.14,3134557.0
97,2020-12-10,4.14,4.18,3.98,4.097,959114.0
98,2020-12-11,4.14,4.14,3.95,4.04,1122086.0
99,2020-12-14,3.96,4.0,3.75,3.8,1716336.0
100,2020-12-15,3.8,3.8,3.6,3.68,2239939.0
101,2020-12-16,3.65,3.85,3.62,3.74,1087837.0
102,2020-12-17,5.29,7.45,4.95,7.35,29406376.0
103,2020-12-18,8.11,11.11,7.4,9.42,43566808.0
104,2020-12-21,9.77,10.5,8.12,8.2,16532632.0
105,2020-12-22,8.44,9.24,8.34,8.63,6236271.0
106,2020-12-23,8.8,8.89,7.83,7.88,6095198.0
107,2020-12-24,8.12,8.13,6.92,7.59,6001351.0
108,2020-12-28,7.42,7.58,7.12,7.21,3641535.0
109,2020-12-29,7.12,8.5,7.11,8.38,6101777.0
110,2020-12-30,8.87,9.0,8.12,8.25,4253641.0
111,2020-12-31,8.23,8.66,8.0,8.5,2801125.0
112,2021-01-04,8.58,8.96,8.51,8.64,2904000.0
113,2021-01-05,8.63,8.83,8.46,8.72,2300268.0
114,2021-01-06,8.69,8.72,8.45,8.54,3214830.0
115,2021-01-07,8.37,8.49,8.1,8.385,2623501.0
116,2021-01-08,8.39,8.53,8.3,8.33,1720423.0
117,2021-01-11,8.22,8.4,8.15,8.2,1631553.0
118,2021-01-12,8.3,8.97,8.3,8.92,3447502.0
119,2021-01-13,8.97,10.1,8.96,10.02,6800631.0
120,2021-01-14,10.44,10.65,10.1,10.2,4720095.0
121,2021-01-15,10.05,10.1,9.0,9.16,4729671.0
122,2021-01-19,9.35,9.85,9.26,9.3,2625699.0
123,2021-01-20,9.9,9.915,9.3,9.5,1327062.0
124,2021-01-21,9.8,9.89,9.49,9.64,1385446.0
125,2021-01-22,9.75,9.84,9.5,9.76,1441468.0
126,2021-01-25,9.83,10.76,9.83,10.34,5714653.0
127,2021-01-26,10.72,12.98,10.5,12.97,5267164.0
128,2021-01-27,12.43,15.09,11.9,13.32,8687362.0
129,2021-01-28,13.62,14.35,11.75,12.68,5345086.0
130,2021-01-29,12.3,12.5,10.2,10.87,7998867.0
131,2021-02-01,11.27,11.6,10.71,10.95,2758926.0
132,2021-02-02,11.03,11.75,11.015,11.21,2213540.0
133,2021-02-03,11.41,12.8,11.4,12.54,3044401.0
134,2021-02-04,12.62,13.3,12.6,12.82,2025389.0
135,2021-02-05,7.01,8.45,5.25,7.05,62965404.0
136,2021-02-08,7.08,8.7,6.47,7.75,14068777.0
137,2021-02-09,8.04,8.55,7.87,8.0,4076469.0
138,2021-02-10,8.05,8.4,7.5,7.6897,4142098.0
139,2021-02-11,7.7595,7.8,6.45,6.5,7147484.0
140,2021-02-12,6.1,6.15,5.3,5.69,10615036.0
141,2021-02-16,5.76,6.145,5.75,5.94,3205628.0
142,2021-02-17,6.07,7.25,6.0,7.02,4337827.0
143,2021-02-18,7.44,7.72,7.05,7.14,2586405.0
144,2021-02-19,7.4,7.5,6.85,6.98,1588341.0
145,2021-02-22,7.2,7.24,6.85,6.94,1742358.0
146,2021-02-23,7.08,7.08,6.1,6.28,3216482.0
147,2021-02-24,6.31,6.7,6.3,6.57,2167173.0
148,2021-02-25,6.65,6.85,6.16,6.22,1761784.0
149,2021-02-26,6.2,6.53,6.03,6.3,1511986.0
150,2021-03-01,6.5,6.95,6.5,6.69,1170991.0
151,2021-03-02,6.78,6.91,6.59,6.61,684327.0
152,2021-03-03,6.62,6.85,6.38,6.57,1283509.0
153,2021-03-04,6.45,6.55,5.79,6.0,2177430.0
154,2021-03-05,6.2,6.5,5.66,6.13,2210956.0
155,2021-03-08,5.87,6.15,5.86,5.87,1358191.0
156,2021-03-09,5.9,6.2,5.88,6.03,1408675.0
157,2021-03-10,6.1,6.15,5.84,5.96,1444146.0
158,2021-03-11,6.0,6.08,5.86,5.93,1779869.0
159,2021-03-12,5.9,5.98,5.8,5.91,795176.0
160,2021-03-15,5.9,5.91,5.79,5.84,1487341.0
161,2021-03-16,7.72,9.45,7.71,8.72,13388652.0
162,2021-03-17,8.4,8.888,8.06,8.81,4338045.0
163,2021-03-18,8.9,9.3,8.81,9.01,3090736.0
164,2021-03-19,9.37,10.5,9.2,9.99,4973301.0
165,2021-03-22,9.94,11.25,9.9,11.24,4586919.0
166,2021-03-23,11.4,11.62,10.5,11.0,3271787.0
167,2021-03-24,10.9,10.9,9.0,9.21,4873291.0
168,2021-03-25,8.99,9.0,8.11,8.68,3643147.0
169,2021-03-26,8.91,9.25,8.39,8.68,1631329.0
170,2021-03-29,8.5,8.95,8.3,8.75,976917.0
171,2021-03-30,8.75,8.81,8.51,8.79,649248.0
172,2021-03-31,8.81,8.9,8.61,8.7,667527.0
173,2021-04-01,8.86,9.2,8.85,9.08,1016470.0
174,2021-04-05,9.19,9.4,8.83,9.07,677556.0
175,2021-04-06,9.1,9.2,8.61,8.69,1557412.0
176,2021-04-07,8.69,8.7,8.27,8.32,1038659.0
177,2021-04-08,8.35,8.56,8.16,8.28,692493.0
178,2021-04-09,8.25,8.49,8.25,8.32,570770.0
179,2021-04-12,8.41,9.15,8.4,9.04,2191956.0
180,2021-04-13,9.07,10.23,9.07,9.76,3456522.0
181,2021-04-14,9.67,9.76,9.1,9.56,1669403.0
182,2021-04-15,10.6,10.85,8.29,8.81,6027716.0
183,2021-04-16,8.9,9.33,8.8,8.84,1265710.0
184,2021-04-19,8.9,8.9,8.53,8.58,1044356.0
185,2021-04-20,8.59,8.6,8.31,8.37,1399874.0
186,2021-04-21,8.385,8.55,8.3,8.35,1001994.0
187,2021-04-22,8.43,8.5,8.27,8.32,649619.0
188,2021-04-23,8.34,8.35,8.2,8.25,722235.0
189,2021-04-26,8.21,8.24,7.98,8.22,1314427.0
190,2021-04-27,8.16,8.25,8.01,8.19,824993.0
191,2021-04-28,8.08,8.25,8.08,8.18,610474.0
192,2021-04-29,8.175,8.2,7.91,8.0,796819.0
193,2021-04-30,7.95,8.09,7.95,7.975,455256.0
194,2021-05-03,7.96,8.0,7.5,7.56,1241821.0
195,2021-05-04,7.48,7.5,7.01,7.2,1618186.0
196,2021-05-05,7.2,7.67,7.16,7.4,752872.0
197,2021-05-06,7.4,7.4,6.99,7.0,1114879.0
198,2021-05-07,7.0,7.26,7.0,7.14,391495.0
199,2021-05-10,7.16,7.25,6.7,6.89,1392352.0
200,2021-05-11,6.53,6.82,6.51,6.78,1115609.0
201,2021-05-12,6.84,7.0,6.6,6.87,620503.0
202,2021-05-13,6.82,6.93,5.77,6.6,3114484.0
203,2021-05-14,6.65,6.72,6.42,6.7,747256.0
204,2021-05-17,6.75,6.83,6.51,6.7,517343.0
205,2021-05-18,6.67,7.55,6.67,7.4,1296009.0
206,2021-05-19,7.22,7.49,7.02,7.21,576127.0
207,2021-05-20,7.2,7.25,7.01,7.08,490574.0
208,2021-05-21,7.09,7.3799,7.09,7.1585,534486.0
209,2021-05-24,7.17,7.43,7.13,7.28,449052.0
210,2021-05-25,7.4,7.4,7.22,7.32,465555.0
211,2021-05-26,7.28,7.44,7.21,7.3,580211.0
212,2021-05-27,7.4,7.48,7.3,7.31,506195.0
213,2021-05-28,7.3,7.35,7.26,7.35,430702.0
214,2021-06-01,7.42,7.79,7.42,7.71,796514.0
215,2021-06-02,7.76,8.05,7.71,7.71,1058235.0
216,2021-06-03,7.7,7.71,7.51,7.67,726861.0
217,2021-06-04,7.7,7.92,7.61,7.71,595172.0
218,2021-06-07,7.7,8.2,7.7,8.17,1202423.0
219,2021-06-08,8.11,8.8,8.11,8.75,1325780.0
220,2021-06-09,8.69,9.51,8.66,9.36,2271873.0
221,2021-06-10,9.3,9.75,8.81,8.99,1655682.0
222,2021-06-11,9.05,9.4,8.81,9.2,704700.0
223,2021-06-14,9.21,9.4,8.81,9.02,1248539.0
224,2021-06-15,9.34,9.65,9.2,9.35,1236916.0
225,2021-06-16,9.51,9.64,9.12,9.2,828683.0
226,2021-06-17,9.01,9.29,8.9101,9.12,733788.0
227,2021-06-18,9.15,9.29,9.0,9.15,662624.0
228,2021-06-21,9.12,9.13,8.8,8.93,884042.0
229,2021-06-22,8.93,9.0,8.62,8.74,786433.0
230,2021-06-23,8.74,8.88,8.62,8.86,706861.0
231,2021-06-24,8.89,8.89,8.65,8.73,563951.0
232,2021-06-25,8.74,8.88,8.66,8.82,499234.0
233,2021-06-28,9.06,9.22,8.98,9.18,1288235.0
234,2021-06-29,9.17,9.29,9.11,9.24,1250746.0
235,2021-06-30,9.82,12.09,9.82,11.28,9982009.0
236,2021-07-01,11.35,11.62,10.28,11.33,2837678.0
237,2021-07-02,11.41,12.59,11.41,12.48,6375528.0
238,2021-07-06,13.09,14.06,12.92,13.45,9392982.0
239,2021-07-07,14.25,14.3,12.54,12.9,3768006.0
240,2021-07-08,12.09,12.3,11.71,12.08,2485067.0
241,2021-07-09,12.4,13.99,12.33,13.94,3560915.0
242,2021-07-12,14.55,15.43,14.1,15.41,7649004.0
243,2021-07-13,15.41,15.65,14.4,14.911,4326037.0
244,2021-07-14,14.7,14.76,13.77,13.915,3019524.0
245,2021-07-15,13.48,13.85,12.91,13.4,2219343.0
246,2021-07-16,13.35,13.85,12.84,12.88,1302521.0
247,2021-07-19,12.3,13.1,12.03,13.06,2609035.0
248,2021-07-20,13.13,14.77,13.1,14.39,2246037.0
249,2021-07-21,14.5,15.18,14.27,14.84,1955652.0
250,2021-07-22,14.83,15.1,14.2,14.45,2009867.0
251,2021-07-23,13.55,13.7,13.1,13.17,3795859.0
252,2021-07-26,12.22,12.95,11.65,12.38,6893599.0
253,2021-07-27,11.9,12.19,10.381,10.95,7625863.0
254,2021-07-28,11.93,12.5,11.8,11.97,3830225.0
255,2021-07-29,12.55,12.65,12.08,12.65,1337462.0
256,2021-07-30,12.19,12.49,11.9,12.42,1397574.0
257,2021-08-02,12.8,14.39,12.8,14.39,3263801.0
258,2021-08-03,13.75,14.06,13.3,14.01,1273548.0
259,2021-08-04,14.23,14.5,14.0601,14.5,1687063.0
260,2021-08-05,15.11,15.5,13.65,14.74,3215911.0
261,2021-08-06,14.67,15.15,14.49,14.8,1194768.0
262,2021-08-09,14.79,15.15,14.5,14.72,1063167.0
263,2021-08-10,14.69,14.7,14.0,14.53,1409133.0
264,2021-08-11,14.2,14.35,13.76,13.78,795359.0
265,2021-08-12,14.06,15.0,14.0,14.9,2664501.0
266,2021-08-13,14.68,14.91,14.53,14.79,1575669.0
267,2021-08-16,14.67,14.85,14.15,14.5,1434427.0
268,2021-08-17,13.925,14.0,13.3,13.47,2124018.0
269,2021-08-18,13.65,14.07,13.55,14.02,1119213.0
270,2021-08-19,13.85,13.9,13.5,13.6,1670675.0
271,2021-08-20,13.53,13.88,13.52,13.69,937325.0
272,2021-08-23,13.79,13.8,13.3,13.54,994390.0
273,2021-08-24,13.68,14.0,13.64,13.9,1109129.0
274,2021-08-25,13.88,14.08,13.56,13.95,653068.0
275,2021-08-26,13.95,14.09,13.62,13.94,574227.0
276,2021-08-27,13.97,13.99,13.56,13.68,633775.0
277,2021-08-30,13.66,13.69,12.91,13.35,1210749.0
278,2021-08-31,13.2,13.25,12.92,13.15,1353607.0
279,2021-09-01,13.13,13.25,13.02,13.14,871830.0
280,2021-09-02,13.08,14.74,13.01,14.15,3171045.0
281,2021-09-03,14.7,14.86,14.38,14.48,1265491.0
282,2021-09-07,14.91,15.48,14.81,15.44,5144010.0
283,2021-09-08,15.48,16.48,15.45,16.09,4481616.0
284,2021-09-09,16.14,16.2,15.65,16.05,763459.0
285,2021-09-10,16.06,16.67,16.05,16.1,1737094.0
286,2021-09-13,16.15,16.99,16.15,16.83,1964331.0
287,2021-09-14,17.0,17.5,16.91,17.48,2756592.0
288,2021-09-15,17.51,17.79,16.11,16.42,2316547.0
289,2021-09-16,16.415,16.42,15.51,15.6,1526203.0
290,2021-09-17,15.11,16.23,15.1,15.95,906441.0
291,2021-09-20,15.1,15.47,14.11,14.55,2176785.0
292,2021-09-21,16.75,17.35,14.75,15.05,5021697.0
293,2021-09-22,15.4,16.39,15.4,16.15,1724934.0
294,2021-09-23,15.5,16.2,15.45,15.89,1261575.0
295,2021-09-24,16.15,16.15,15.22,15.29,1114364.0
296,2021-09-27,15.79,15.8,14.81,15.16,1471807.0
297,2021-09-28,15.0,15.19,14.35,14.38,2239863.0
298,2021-09-29,14.65,14.92,14.2,14.23,1226873.0
299,2021-09-30,14.48,14.71,13.92,13.99,1467857.0
300,2021-10-01,13.56,14.26,13.5,14.2,816535.0
301,2021-10-04,14.13,14.13,13.02,13.17,1141586.0
302,2021-10-05,13.06,13.45,12.75,12.84,1622529.0
303,2021-10-06,12.8,13.3,12.71,13.02,672685.0
304,2021-10-07,13.597,14.16,13.45,14.09,1104350.0
305,2021-10-08,14.13,14.5,14.0,14.03,424776.0
306,2021-10-11,14.22,14.58,14.03,14.51,796801.0
307,2021-10-12,14.35,14.5,14.06,14.18,1029702.0
308,2021-10-13,14.25,14.46,14.03,14.45,801165.0
309,2021-10-14,14.06,14.68,14.05,14.62,1112905.0
310,2021-10-15,14.6,15.91,14.48,15.32,1917564.0
311,2021-10-18,15.71,16.02,15.71,16.0,951107.0
312,2021-10-19,16.15,16.5,15.6,15.84,941508.0
313,2021-10-20,15.71,16.3,15.6,16.0,560060.0
314,2021-10-21,16.71,16.94,15.6375,15.88,2444353.0
315,2021-10-22,15.74,16.04,15.26,15.41,978181.0
316,2021-10-25,15.37,15.5,14.53,15.0,1260279.0
317,2021-10-26,14.92,15.26,14.76,15.0,847677.0
318,2021-10-27,14.98,15.08,14.81,14.81,603266.0
319,2021-10-28,14.77,14.78,14.26,14.45,878675.0
320,2021-10-29,14.34,14.71,13.96,14.02,889045.0
321,2021-11-01,13.95,14.62,13.6,14.2815,987668.0
322,2021-11-02,14.29,15.23,14.28,15.0,1340834.0
323,2021-11-03,15.05,15.25,14.85,15.12,874697.0
324,2021-11-04,15.06,15.19,14.55,14.75,778073.0
325,2021-11-05,14.74,14.97,14.53,14.89,974682.0
326,2021-11-08,15.0,15.48,14.85,15.2,868647.0
327,2021-11-09,15.22,15.48,14.86,15.038,736267.0
328,2021-11-10,14.99,15.08,14.55,14.65,571261.0
329,2021-11-11,14.6,15.0,14.6,14.86,377635.0
330,2021-11-12,15.0,15.11,14.68,14.95,591877.0
331,2021-11-15,15.01,15.06,14.7,14.73,863719.0
332,2021-11-16,14.8,14.9,14.5,14.682,1710927.0
333,2021-11-17,14.75,14.75,14.13,14.15,540930.0
334,2021-11-18,14.34,14.34,13.73,13.88,1686595.0
335,2021-11-19,13.9,14.12,13.7,14.04,492674.0
336,2021-11-22,14.44,14.45,13.745,14.02,1024884.0
337,2021-11-23,13.57,13.98,13.41,13.585,696146.0
338,2021-11-24,13.5,13.77,13.22,13.445,858483.0
339,2021-11-26,13.02,13.38,12.51,13.1,1228997.0
340,2021-11-29,13.17,14.85,13.17,14.84,2032601.0
341,2021-11-30,14.6,14.7,13.91,13.94,788355.0
342,2021-12-01,14.26,14.63,13.566,13.58,617276.0
343,2021-12-02,13.6,14.08,13.51,13.64,1155672.0
344,2021-12-03,13.48,13.55,10.93,11.42,3176434.0
345,2021-12-06,10.9,10.98,9.11,10.73,7072933.0
346,2021-12-07,11.11,11.95,11.1,11.65,1194191.0
347,2021-12-08,11.72,13.45,11.45,12.7,1287754.0
348,2021-12-09,13.44,13.54,12.61,12.92,2020167.0
349,2021-12-10,13.12,13.13,12.5,12.9,717442.0
350,2021-12-13,13.0,13.0,11.81,11.88,1342944.0
351,2021-12-14,11.8,11.85,11.08,11.28,1292325.0
352,2021-12-15,11.13,11.26,10.1,10.48,2684848.0
353,2021-12-16,10.77,11.09,10.02,10.21,1988688.0
354,2021-12-17,9.82,10.79,9.81,10.48,1078740.0
355,2021-12-20,9.75,10.3899,9.75,10.1,1161749.0
356,2021-12-21,10.31,10.456,10.18,10.26,741773.0
357,2021-12-22,10.31,10.55,10.31,10.36,379037.0
358,2021-12-23,10.34,10.44,10.03,10.31,514460.0
359,2021-12-27,10.19,10.51,10.18,10.27,782828.0
360,2021-12-28,10.2,10.2,9.81,9.85,888954.0
361,2021-12-29,9.8,9.96,9.37,9.4,1948017.0
362,2021-12-30,9.3,10.16,9.13,9.72,2925908.0
363,2021-12-31,9.68,9.71,9.43,9.44,767629.0
364,2022-01-03,9.66,10.39,9.6,9.786,1532306.0
365,2022-01-04,10.02,10.08,9.09,9.21,2875632.0
366,2022-01-05,9.12,9.27,8.8,8.83,2070773.0
367,2022-01-06,8.84,9.48,8.67,9.37,1678986.0
368,2022-01-07,9.39,9.45,8.96,9.09,1040007.0
369,2022-01-10,9.0,9.12,8.4,8.51,1790247.0
370,2022-01-11,8.8,8.88,8.62,8.69,1746041.0
371,2022-01-12,9.0,9.33,8.95,9.14,1873998.0
372,2022-01-13,9.15,9.63,9.15,9.25,1046513.0
373,2022-01-14,9.22,9.55,9.21,9.4,982674.0
374,2022-01-18,9.49,10.54,9.47,9.9,2074753.0
375,2022-01-19,10.25,12.7,9.99,11.5,4446624.0
376,2022-01-20,11.93,11.94,10.55,10.79,4538861.0
377,2022-01-21,10.6,10.69,9.98,10.05,2173568.0
378,2022-01-24,9.97,10.02,8.65,8.87,5138283.0
379,2022-01-25,8.9,9.25,8.64,8.7,2430719.0
380,2022-01-26,9.21,9.6565,8.75,8.88,1849210.0
381,2022-01-27,9.29,10.2,8.625,8.7,4280000.0
382,2022-01-28,9.17,9.68,8.71,9.59,2913455.0
383,2022-01-31,9.92,11.2,9.9,11.2,3000129.0
384,2022-02-01,11.05,12.14,10.56,10.89,2193687.0
385,2022-02-02,10.91,11.29,10.46,11.215,848210.0
386,2022-02-03,10.88,11.47,10.47,11.0,671860.0
387,2022-02-04,11.22,11.57,11.0401,11.55,1282634.0
388,2022-02-07,11.48,12.25,11.45,11.88,1597212.0
389,2022-02-08,12.12,12.49,11.98,12.35,2006171.0
390,2022-02-09,12.58,13.28,12.56,13.0,1967032.0
391,2022-02-10,12.7,12.99,12.56,12.75,1270857.0
392,2022-02-11,12.81,13.24,11.58,11.65,1663589.0
393,2022-02-14,11.57,12.49,10.96,11.52,1346065.0
394,2022-02-15,12.03,12.48,12.03,12.35,990444.0
395,2022-02-16,12.36,12.39,11.96,12.24,939358.0
396,2022-02-17,12.2,12.55,11.9,12.1,583508.0
397,2022-02-18,12.08,12.38,11.88,12.1,757114.0
398,2022-02-22,11.9,12.38,11.86,12.16,1154084.0
399,2022-02-23,12.6,12.89,12.12,12.33,1793362.0
400,2022-02-24,11.75,13.0,11.52,13.0,2507426.0
401,2022-02-25,13.16,13.28,12.55,12.75,1010859.0
402,2022-02-28,12.66,12.9,12.15,12.2,1595171.0
403,2022-03-01,12.49,12.53,12.31,12.53,1230797.0
404,2022-03-02,12.54,12.86,12.28,12.84,1325032.0
405,2022-03-03,12.97,13.09,12.4,12.5,810615.0
406,2022-03-04,12.51,12.53,12.09,12.22,1802005.0
407,2022-03-07,12.04,12.1,10.35,11.1,2201930.0
408,2022-03-08,10.9,11.0,10.14,10.5,2460696.0
409,2022-03-09,10.89,11.1,10.81,10.85,1382965.0
410,2022-03-10,10.45,10.55,9.06,9.28,5233596.0
411,2022-03-11,9.6,9.654,7.57,7.763,7084017.0
412,2022-03-14,6.97,7.93,5.85,6.24,10688955.0
413,2022-03-15,6.02,7.09,5.16,6.45,11084384.0
414,2022-03-16,8.7,9.47,8.52,9.47,9722270.0
415,2022-03-17,8.99,9.88,8.83,9.0,3216681.0
416,2022-03-18,9.23,10.76,9.1,10.36,4424155.0
417,2022-03-21,10.35,10.49,9.7,10.05,1651024.0
418,2022-03-22,10.35,11.04,9.6,11.0,2065668.0
419,2022-03-23,10.69,11.1,10.3,10.9,1819219.0
420,2022-03-24,11.09,11.29,10.45,10.7,1950236.0
421,2022-03-25,10.14,10.23,9.78,9.88,1661661.0
422,2022-03-28,9.75,10.11,9.46,9.5,1851653.0
423,2022-03-29,9.83,10.15,9.82,9.95,1614315.0
424,2022-03-30,10.0,10.32,9.81,9.96,1170075.0
425,2022-03-31,9.8,9.9,9.15,9.16,1012250.0
426,2022-04-01,9.72,10.255,9.0,9.1,2310585.0
427,2022-04-04,9.41,9.91,9.33,9.4,1444452.0
428,2022-04-05,9.51,9.68,9.35,9.6,639112.0
429,2022-04-06,9.35,9.6,9.2,9.2799,478741.0
430,2022-04-07,9.25,9.25,8.86,9.16,1384250.0
431,2022-04-08,9.2,9.4199,8.82,8.86,911828.0
432,2022-04-11,9.11,9.65,8.92,9.19,1079207.0
433,2022-04-12,9.36,9.89,9.33,9.51,1079929.0
434,2022-04-13,9.61,9.84,9.4,9.46,935398.0
435,2022-04-14,9.5,9.85,9.49,9.57,645132.0
436,2022-04-18,9.6,9.605,9.23,9.35,683046.0
437,2022-04-19,9.38,9.58,9.21,9.365,1106861.0
438,2022-04-20,9.42,9.57,9.08,9.18,482394.0
439,2022-04-21,9.17,9.3,8.25,8.655,826419.0
440,2022-04-22,8.74,8.8,7.73,8.2,1325160.0
441,2022-04-25,7.66,8.48,7.57,8.32,2003662.0
442,2022-04-26,8.35,8.4,7.92,8.2,1177684.0
443,2022-04-27,8.23,8.74,8.22,8.325,644975.0
444,2022-04-28,8.19,8.5,7.9,8.12,919843.0
445,2022-04-29,8.81,8.88,8.55,8.63,1600870.0
446,2022-05-02,8.58,8.65,7.96,8.45,398735.0
447,2022-05-03,8.46,8.63,8.23,8.36,247058.0
448,2022-05-04,8.34,8.36,8.01,8.36,781887.0
449,2022-05-05,8.2,8.2,7.9,7.91,661549.0
450,2022-05-06,7.8,7.85,7.11,7.19,1610368.0
451,2022-05-09,7.2,7.38,6.52,6.62,1782098.0
452,2022-05-10,6.9,7.116,6.24,6.36,1773977.0
453,2022-05-11,6.65,7.39,6.41,7.02,2219008.0
454,2022-05-12,6.86,7.75,6.65,7.2,1438912.0
455,2022-05-13,7.3,7.85,7.3,7.84,1064259.0
456,2022-05-16,7.9,8.18,7.51,7.68,978095.0
457,2022-05-17,8.17,8.19,7.92,8.16,1215962.0
458,2022-05-18,8.17,8.17,7.77,7.85,634350.0
459,2022-05-19,7.85,8.2,7.84,8.2,321721.0
460,2022-05-20,8.2,8.59,8.02,8.22,790.0
461,2022-05-23,8.4,8.96,8.26,8.72,4312.0
462,2022-05-24,9.08,9.2,8.51,8.54,2750940.0
463,2022-05-25,8.86,9.47,8.66,9.08,1851152.0
464,2022-05-26,9.3,9.65,9.2,9.25,1237625.0
465,2022-05-27,9.25,9.47,9.1,9.3,1502480.0
466,2022-05-31,9.8,10.1,9.75,9.99,2402762.0
467,2022-06-01,10.1,10.84,10.0,10.84,3318813.0
468,2022-06-02,10.865,11.85,10.85,11.72,2205263.0
469,2022-06-03,11.6,12.37,11.42,12.19,2268021.0
470,2022-06-06,12.71,13.08,11.42,12.0,2340176.0
471,2022-06-07,12.01,12.19,11.57,11.965,808843.0
472,2022-06-08,12.0,12.85,12.0,12.72,9200.0
473,2022-06-09,12.315,12.95,12.01,12.05,2272603.0
474,2022-06-10,12.1,12.28,11.55,11.81,1227959.0
475,2022-06-13,10.27,11.36,9.92,10.96,2662490.0
476,2022-06-14,11.24,11.65,11.05,11.55,1441859.0
477,2022-06-15,11.51,12.06,11.23,12.0,1646505.0
478,2022-06-16,11.36,12.3,10.7,11.84,2374256.0
479,2022-06-17,11.95,12.37,11.84,11.94,886735.0
480,2022-06-21,12.06,12.29,11.96,12.02,1303913.0
481,2022-06-22,11.9,12.04,11.75,12.0,565314.0
482,2022-06-23,11.83,12.0,11.42,11.55,1062190.0
483,2022-06-24,11.55,11.98,11.5,11.89,934978.0
484,2022-06-27,13.11,13.15,12.53,12.73,1706879.0
485,2022-06-28,12.94,13.09,12.8,12.94,954100.0
486,2022-06-29,12.73,12.89,12.38,12.39,571751.0
487,2022-06-30,12.27,12.35,11.88,12.3,754074.0
488,2022-07-01,12.05,12.8,12.0,12.66,881632.0
489,2022-07-05,12.3,13.17,12.25,13.12,2153555.0
490,2022-07-06,13.19,13.77,12.82,13.6,2055089.0
491,2022-07-07,13.7,14.75,13.6,14.5,3834160.0
492,2022-07-08,14.7,15.0,14.385,14.86,4006225.0
493,2022-07-11,14.99,14.99,13.83,13.99,2618210.0
494,2022-07-12,13.93,14.32,13.85,14.02,1449828.0
495,2022-07-13,14.0,14.91,13.92,14.66,1960439.0
496,2022-07-14,14.66,14.9,13.52,14.89,4571802.0
497,2022-07-15,14.59,14.64,13.92,14.35,2178061.0
498,2022-07-18,14.3,14.7,14.11,14.4,1811666.0
499,2022-07-19,14.53,14.99,14.17,14.97,1398081.0
500,2022-07-20,14.86,15.05,14.64,14.9,1069395.0
501,2022-07-21,14.96,15.0,14.8,14.89,694995.0
502,2022-07-22,14.93,14.96,14.72,14.79,552753.0
503,2022-07-25,14.79,14.8,14.5,14.78,557843.0
504,2022-07-26,14.67,14.87,14.23,14.63,1228201.0
505,2022-07-27,14.47,14.68,14.39,14.6,525386.0
506,2022-07-28,14.63,14.7,13.59,13.94,1393398.0
507,2022-07-29,13.8,13.8,12.8,12.99,3645523.0
508,2022-08-01,12.73,12.79,11.11,11.94,3812608.0
509,2022-08-02,11.66,12.89,11.4,12.35,3321106.0
510,2022-08-03,13.25,13.48,12.65,13.37,1402507.0
511,2022-08-04,13.75,14.53,13.56,13.78,2318105.0
512,2022-08-05,13.88,14.09,13.84,13.93,976181.0
513,2022-08-08,15.01,15.97,15.0,15.6,7938836.0
514,2022-08-09,15.26,15.37,14.93,15.1,1714830.0
515,2022-08-10,15.5,15.5,14.9,14.96,909885.0
516,2022-08-11,15.2,15.45,14.96,15.14,1060403.0
517,2022-08-12,14.58,14.89,14.28,14.52,2144457.0
518,2022-08-15,14.16,14.34,14.02,14.25,1450629.0
519,2022-08-16,14.3,14.93,14.3,14.79,1617766.0
520,2022-08-17,14.84,14.89,14.43,14.5,564056.0
521,2022-08-18,14.51,14.52,14.4,14.52,859747.0
522,2022-08-19,14.36,14.48,13.89,14.07,1355320.0
523,2022-08-22,13.81,14.24,13.7,13.98,1258253.0
524,2022-08-23,13.96,14.15,13.8,13.86,712867.0
525,2022-08-24,13.5,14.52,13.36,14.5,4838821.0
526,2022-08-25,14.75,15.5,14.68,15.4,3192850.0
527,2022-08-26,16.15,16.55,15.57,16.28,3272400.0
528,2022-08-29,16.79,17.08,16.11,16.38,2780840.0
529,2022-08-30,16.5,16.75,16.1,16.59,1813488.0
530,2022-08-31,16.88,17.48,16.7,17.4,2683777.0
531,2022-09-01,17.25,17.58,16.89,17.23,3470636.0
532,2022-09-02,17.28,17.56,16.99,17.206,1118724.0
533,2022-09-06,17.15,17.62,16.95,17.45,2292729.0
534,2022-09-07,17.36,17.66,17.21,17.57,1472144.0
535,2022-09-08,17.42,17.5616,17.26,17.49,526461.0
536,2022-09-09,17.45,17.95,17.45,17.88,970587.0
537,2022-09-12,17.85,18.34,17.8,18.0,1329393.0
538,2022-09-13,17.75,18.25,17.74,17.92,1498879.0
539,2022-09-14,17.92,18.2,17.92,18.01,986294.0
540,2022-09-15,18.0,18.09,17.12,17.3,1659280.0
541,2022-09-16,17.21,17.41,16.25,16.52,2485990.0
542,2022-09-19,16.29,17.59,16.13,17.43,1577963.0
543,2022-09-20,17.35,18.0,17.01,17.71,863006.0
544,2022-09-21,17.48,17.9,16.16,16.3,1397836.0
545,2022-09-22,16.4,17.22,16.01,17.0,1366816.0
546,2022-09-23,16.72,16.87,15.94,16.13,1777370.0
547,2022-09-26,16.41,16.9,16.0,16.015,1752098.0
548,2022-09-27,16.53,16.86,16.26,16.53,1495246.0
549,2022-09-28,16.0,16.95,15.87,16.63,1439745.0
550,2022-09-29,16.56,16.85,15.87,16.41,1521095.0
551,2022-09-30,16.2,16.52,16.02,16.5,800960.0
552,2022-10-03,16.36,16.43,15.95,16.24,427253.0
553,2022-10-04,16.42,16.75,16.4,16.67,899209.0
554,2022-10-05,16.65,16.72,16.45,16.45,443702.0
555,2022-10-06,16.45,16.55,16.1,16.2,314829.0
556,2022-10-07,16.12,16.15,15.0,15.03,1359652.0
557,2022-10-10,14.98,15.63,14.17,14.51,1831501.0
558,2022-10-11,14.25,14.99,13.36,14.545,3149195.0
559,2022-10-12,14.49,15.42,14.2,14.61,615266.0
560,2022-10-13,14.21,15.35,13.92,14.97,1045558.0
561,2022-10-14,15.3,15.48,13.93,14.14,669835.0
562,2022-10-17,14.6,15.78,14.52,15.52,1441836.0
563,2022-10-18,15.73,16.26,15.59,15.7,1299015.0
564,2022-10-19,15.6,15.73,14.8,15.05,858445.0
565,2022-10-20,15.03,15.87,15.03,15.45,604259.0
566,2022-10-21,15.34,15.82,15.28,15.37,472706.0
567,2022-10-24,13.57,13.83,11.8,13.29,8699887.0
568,2022-10-25,13.61,14.35,13.41,13.6,2225298.0
569,2022-10-26,13.42,14.39,13.41,14.17,2237324.0
570,2022-10-27,14.1,15.45,13.73,15.29,2923772.0
571,2022-10-28,15.0,15.33,14.89,15.03,2101894.0
572,2022-10-31,14.94,15.28,14.8,15.09,1306851.0
573,2022-11-01,15.78,16.06,15.0,15.0,926886.0
574,2022-11-02,15.12,15.28,14.96,15.24,814515.0
575,2022-11-03,15.02,16.27,15.01,16.0,1137958.0
576,2022-11-04,16.7,17.99,16.38,17.91,3534407.0
577,2022-11-07,18.0,18.5,17.85,18.26,1833962.0
578,2022-11-08,18.54,18.98,18.34,18.98,3743825.0
579,2022-11-09,18.81,19.17,17.7385,17.75,1295626.0
580,2022-11-10,18.76,19.07,18.6,18.91,1333670.0
581,2022-11-11,19.09,19.13,17.21,17.4,2408278.0
582,2022-11-14,17.9,18.48,17.15,17.2,1465072.0
583,2022-11-15,18.23,18.64,17.52,17.78,2944716.0
584,2022-11-16,17.83,17.98,17.26,17.31,1390845.0
585,2022-11-17,17.12,18.68,17.1,18.01,2122220.0
586,2022-11-18,18.52,19.08,18.46,19.08,1902270.0
587,2022-11-21,18.95,19.0,18.48,18.78,2035806.0
588,2022-11-22,18.84,18.85,17.63,17.99,3668817.0
589,2022-11-23,17.94,18.1,17.56,17.95,1049741.0
590,2022-11-25,17.6,17.7,16.15,16.74,1902480.0
591,2022-11-28,17.22,17.8,17.21,17.72,1519047.0
592,2022-11-29,18.3,18.8,18.2,18.77,2029169.0
593,2022-11-30,19.0,19.97,19.0,19.95,3965021.0
594,2022-12-01,19.29,19.99,19.28,19.72,1526159.0
595,2022-12-02,19.72,21.65,19.26,21.5,4619159.0
596,2022-12-05,22.01,22.58,21.12,21.42,5006036.0
597,2022-12-06,21.45,23.1,21.31,22.76,4103996.0
598,2022-12-07,21.93,23.05,21.65,22.975,1443172.0
599,2022-12-08,23.24,24.82,23.21,24.65,2211051.0
600,2022-12-09,24.7,25.05,24.0,24.94,2291780.0
601,2022-12-12,24.77,24.78,21.8,22.23,2437235.0
602,2022-12-13,23.31,23.88,23.25,23.46,1169737.0
603,2022-12-14,23.5,23.89,23.23,23.65,697634.0
604,2022-12-15,23.88,24.46,22.3,22.6,1606751.0
605,2022-12-16,23.05,23.96,22.6,23.44,970306.0
606,2022-12-19,23.45,24.19,22.51,24.19,1413830.0
607,2022-12-20,23.42,24.4,23.4,24.24,1069214.0
608,2022-12-21,24.21,24.37,23.7,23.98,849941.0
609,2022-12-22,23.86,24.4,23.27,23.53,1058834.0
610,2022-12-23,23.55,23.55,22.49,22.49,995566.0
611,2022-12-27,22.55,23.0,22.2,22.33,1940673.0
612,2022-12-28,22.05,22.33,21.2,21.39,1260761.0
613,2022-12-29,21.42,22.52,20.87,21.5,840201.0
614,2022-12-30,20.94,22.5,20.61,22.02,1868623.0
615,2023-01-03,22.24,24.68,22.19,24.66,2038441.0
616,2023-01-04,25.01,25.04,23.14,23.37,1549575.0
617,2023-01-05,22.99,24.68,22.87,23.77,1577301.0
618,2023-01-06,23.58,24.99,23.04,24.82,1185505.0
619,2023-01-09,24.69,25.1,24.2,24.44,1342334.0
620,2023-01-10,24.44,24.64,23.75,23.78,687604.0
621,2023-01-11,23.75,23.83,23.45,23.52,350269.0
622,2023-01-12,23.4,23.69,22.66,23.62,832051.0
623,2023-01-13,23.49,24.44,23.22,24.4,1651971.0
624,2023-01-17,23.8,24.04,23.33,23.69,1280419.0
625,2023-01-18,23.51,24.08,22.81,22.91,1269843.0
626,2023-01-19,23.0,23.69,22.68,23.62,652309.0
627,2023-01-20,23.59,24.5,23.42,23.53,1580518.0
628,2023-01-23,23.7,23.7,22.9,23.05,842104.0
629,2023-01-24,23.0,23.23,22.43,22.96,1016759.0
630,2023-01-25,23.07,23.07,22.1,22.17,858834.0
631,2023-01-26,23.49,23.9,22.9,23.5,2061449.0
632,2023-01-27,23.42,23.6,22.83,23.41,1556783.0
633,2023-01-30,22.71,23.7,22.69,23.59,2171629.0
634,2023-01-31,23.5,24.28,23.23,24.05,1541526.0
635,2023-02-01,24.11,26.99,24.11,26.2,3152545.0
636,2023-02-02,26.1,29.13,26.06,28.84,3633074.0
637,2023-02-03,28.0,29.78,27.8,27.8801,2876566.0
638,2023-02-06,27.79,29.49,26.91,29.41,2221452.0
639,2023-02-07,29.44,29.89,28.03,28.25,3155204.0
640,2023-02-08,28.04,29.12,27.27,28.34,1632895.0
641,2023-02-09,28.75,29.16,28.74,28.99,494965.0
642,2023-02-10,28.01,28.7,27.8,27.95,1087225.0
643,2023-02-13,28.33,28.93,28.33,28.63,614507.0
644,2023-02-14,28.47,29.22,28.0,28.37,646223.0
645,2023-02-15,28.5,28.94,28.25,28.4,723923.0
646,2023-02-16,28.4,30.03,28.26,29.91,2085593.0
647,2023-02-17,29.53,30.02,29.25,30.0,1966307.0
648,2023-02-21,29.83,29.88,28.58,28.6,1937493.0
649,2023-02-22,28.67,29.46,28.32,29.22,1442535.0
650,2023-02-23,29.2,31.25,29.05,30.98,1836859.0
651,2023-02-24,30.25,30.27,29.6,29.97,1178394.0
652,2023-02-27,30.0,30.73,29.9,30.43,684781.0
653,2023-02-28,30.55,30.64,29.65,29.7,1002117.0
654,2023-03-01,30.19,30.71,29.81,30.0,1348570.0
655,2023-03-02,30.21,32.3,27.11,32.13,4026294.0
656,2023-03-03,31.55,32.05,30.5,31.12,2067944.0
657,2023-03-06,31.4,31.42,29.84,30.1006,1611828.0
658,2023-03-07,29.85,29.85,27.6,28.01,2504460.0
659,2023-03-08,28.39,29.27,27.8,27.85,1994689.0
660,2023-03-09,28.0,28.3,25.1,25.24,2016666.0
661,2023-03-10,26.8,28.12,25.86,26.65,1878649.0
662,2023-03-13,26.65,28.33,25.76,28.02,1799373.0
663,2023-03-14,28.09,29.64,27.68,28.01,1966075.0
664,2023-03-15,27.76,31.43,26.78,27.1,1697347.0
665,2023-03-16,27.02,27.7,26.31,26.65,1391256.0
666,2023-03-17,26.85,27.98,26.75,27.68,2035325.0
667,2023-03-20,27.44,27.6,26.26,26.7,1605776.0
668,2023-03-21,26.83,27.22,25.55,26.71,2861353.0
669,2023-03-22,26.62,26.89,25.88,26.11,2105785.0
670,2023-03-23,26.08,26.49,25.2,25.48,2962211.0
671,2023-03-24,25.25,25.46,23.5,23.73,5474576.0
672,2023-03-27,23.82,24.97,23.52,24.55,3010899.0
673,2023-03-28,24.72,25.34,24.36,24.78,1002879.0
674,2023-03-29,24.6,27.5,24.53,27.36,2002151.0
675,2023-03-30,27.11,28.47,26.51,27.7,1705834.0
676,2023-03-31,27.8,28.26,26.84,27.51,1163664.0
677,2023-04-03,27.55,28.69,27.01,27.82,2453476.0
678,2023-04-04,27.79,27.93,25.81,25.85,1378901.0
679,2023-04-05,26.03,26.36,25.01,25.51,859884.0
680,2023-04-06,25.5,26.86,25.4,26.86,1200431.0
681,2023-04-10,26.68,26.8,26.07,26.54,567682.0
682,2023-04-11,26.48,26.86,25.69,26.32,870077.0
683,2023-04-12,26.41,26.59,25.1,25.19,1036047.0
684,2023-04-13,25.3,25.96,25.0,25.0,971911.0
685,2023-04-14,25.42,25.86,24.88,25.58,775469.0
686,2023-04-17,25.98,26.95,25.25,26.8,1226082.0
687,2023-04-18,26.95,27.2,26.74,27.0,634016.0
688,2023-04-19,27.0,27.34,25.66,25.7,1109216.0
689,2023-04-20,26.05,26.05,24.55,24.8,877835.0
690,2023-04-21,24.89,25.65,24.02,24.41,1682539.0
691,2023-04-24,24.45,24.45,21.77,22.6,4031464.0
692,2023-04-25,23.15,24.79,20.1,23.69,4096553.0
693,2023-04-26,24.3,26.14,24.0,25.82,3372510.0
694,2023-04-27,25.93,26.23,24.75,25.75,1162497.0
695,2023-04-28,25.6,26.56,25.6,26.5,1488182.0
696,2023-05-01,27.89,27.9,24.81,25.24,1840861.0
697,2023-05-02,25.4,25.64,23.25,24.22,1397634.0
698,2023-05-03,24.22,24.22,22.65,23.38,1935892.0
699,2023-05-04,23.77,24.34,23.2,23.3,1910429.0
700,2023-05-05,23.5,24.36,23.39,23.66,2438062.0
701,2023-05-08,23.76,24.34,22.32,22.54,1401732.0
702,2023-05-09,22.61,22.67,20.4,20.41,3820161.0
703,2023-05-10,21.03,22.1,20.77,21.2,2182630.0
704,2023-05-11,21.46,21.65,20.11,20.24,2781905.0
705,2023-05-12,20.51,20.77,20.04,20.21,2069783.0
706,2023-05-15,21.24,22.45,20.76,22.11,1951410.0
707,2023-05-16,21.9,22.48,21.32,22.2,682349.0
708,2023-05-17,22.21,22.48,21.53,21.79,546449.0
709,2023-05-18,21.45,21.9,20.37,20.43,1424274.0
710,2023-05-19,20.61,20.75,19.84,20.05,1197741.0
711,2023-05-22,20.3,20.93,20.2,20.87,1067615.0
712,2023-05-23,20.8,21.86,20.21,21.26,1046967.0
713,2023-05-24,20.58,22.19,20.1,21.75,1533793.0
714,2023-05-25,21.25,21.76,20.73,21.0,1061169.0
715,2023-05-26,21.25,22.05,20.92,22.05,695605.0
716,2023-05-30,21.89,22.65,19.23,19.69,3771151.0
717,2023-05-31,19.0,19.68,17.77,18.03,6184138.0
718,2023-06-01,17.88,19.2,17.86,18.45,3138255.0
719,2023-06-02,19.01,19.75,19.01,19.41,1090563.0
720,2023-06-05,19.48,19.76,19.0,19.42,1466158.0
721,2023-06-06,19.42,21.66,19.2,21.55,2205588.0
722,2023-06-07,21.35,22.5,20.58,21.1601,2558633.0
723,2023-06-08,21.24,22.2,20.76,21.74,1565755.0
724,2023-06-09,21.84,22.39,21.25,21.58,969699.0
725,2023-06-12,21.71,22.56,21.1,21.58,1636722.0
726,2023-06-13,21.99,24.3,21.84,23.3,3272294.0
727,2023-06-14,23.22,24.58,22.57,23.99,3292904.0
728,2023-06-15,24.0,24.64,23.08,23.15,2202755.0
729,2023-06-16,23.5,23.8,21.66,22.4,1669055.0
730,2023-06-20,21.88,21.89,20.82,21.43,1693751.0
731,2023-06-21,21.2,22.16,20.79,21.38,1436481.0
732,2023-06-22,21.54,21.54,21.1,21.2,926735.0
733,2023-06-23,21.0,21.65,20.58,21.18,1140981.0
734,2023-06-26,20.89,22.0,20.76,21.03,1068578.0
735,2023-06-27,21.1,21.96,21.01,21.29,1442488.0
736,2023-06-28,21.43,21.53,20.88,21.03,607526.0
737,2023-06-29,21.02,21.86,21.02,21.51,1551060.0
738,2023-06-30,21.77,23.61,21.6,22.49,1799863.0
739,2023-07-03,23.3,24.96,23.27,24.4,2531785.0
740,2023-07-05,24.66,26.9,23.38,25.93,4858913.0
741,2023-07-06,25.75,27.5,25.65,27.11,4192599.0
742,2023-07-07,27.61,28.47,27.2,27.8,3397848.0
743,2023-07-10,27.78,28.7,27.72,28.26,3228399.0
744,2023-07-11,28.16,28.66,26.3,26.84,3716259.0
745,2023-07-12,27.26,28.15,26.75,27.39,2403210.0
746,2023-07-13,27.25,28.07,26.92,27.27,2390807.0
747,2023-07-14,27.57,28.08,26.8,27.45,1345868.0
748,2023-07-17,27.2,27.74,26.83,27.4,922103.0
749,2023-07-18,27.0,27.26,25.4,25.87,1870858.0
750,2023-07-19,26.96,27.0,24.94,25.01,1787515.0
751,2023-07-20,25.1,26.09,25.08,25.35,820476.0
752,2023-07-21,25.59,26.27,25.03,26.15,1088289.0
753,2023-07-24,26.02,27.37,26.01,26.755,1330299.0
754,2023-07-25,27.4,28.18,27.31,28.12,2664887.0
755,2023-07-26,28.17,28.87,26.96,27.08,1501422.0
756,2023-07-27,27.3,28.19,27.21,27.8,1869758.0
757,2023-07-28,27.83,29.05,27.82,29.0,2282994.0
758,2023-07-31,28.81,29.85,28.81,29.3,2730251.0
759,2023-08-01,30.84,33.43,30.4,33.18,11049704.0
760,2023-08-02,32.63,33.16,31.83,32.66,2300984.0
761,2023-08-03,32.88,32.9,31.02,31.75,3038043.0
762,2023-08-04,31.42,31.75,30.62,30.73,1951416.0
763,2023-08-07,30.67,30.68,28.9,29.55,3144960.0
764,2023-08-08,28.99,29.5,28.72,29.0,2576369.0
765,2023-08-09,29.3,29.96,29.0,29.055,1257770.0
766,2023-08-10,29.5,32.45,29.3,31.78,3252791.0
767,2023-08-11,31.19,31.4,29.5,30.65,2025502.0
768,2023-08-14,30.15,30.79,29.71,29.9,1094698.0
769,2023-08-15,29.9,30.25,29.45,29.71,836227.0
770,2023-08-16,29.5,29.69,28.48,29.0,1165720.0
771,2023-08-17,29.05,30.5,29.05,29.6,1028382.0
772,2023-08-18,28.75,28.8,28.09,28.2,1173065.0
773,2023-08-21,28.27,28.8,27.77,28.42,961165.0
774,2023-08-22,28.75,28.92,28.46,28.56,828871.0
775,2023-08-23,28.55,28.7,27.5,27.645,1646367.0
776,2023-08-24,28.08,29.35,27.91,28.8,1090111.0
777,2023-08-25,28.41,28.91,28.04,28.51,476199.0
778,2023-08-28,28.8,29.49,28.66,29.29,696712.0
779,2023-08-29,29.65,30.5,29.45,29.7,1614438.0
780,2023-08-30,29.15,31.99,29.15,31.6,2650485.0
781,2023-08-31,31.15,32.96,31.15,32.65,1919429.0
782,2023-09-01,32.91,33.15,30.83,31.98,1879492.0
783,2023-09-05,34.19,34.28,32.0,33.6,6516930.0
784,2023-09-06,34.5,35.48,34.35,35.13,4709705.0
785,2023-09-07,35.28,36.94,32.6,36.76,4643584.0
786,2023-09-08,36.83,36.83,34.21,34.34,2559254.0
787,2023-09-11,35.07,35.85,34.25,34.63,1342957.0
788,2023-09-12,34.8,34.8,33.1,33.24,1448585.0
789,2023-09-13,33.5,34.66,33.1,33.1,2202601.0
790,2023-09-14,33.98,34.2,33.12,33.28,1690224.0
791,2023-09-15,33.5,33.65,31.91,32.12,1900544.0
792,2023-09-18,32.11,33.48,31.93,33.01,1932357.0
793,2023-09-19,32.9,33.87,32.9,33.0,2002672.0
794,2023-09-20,33.26,33.45,32.25,32.32,986017.0
795,2023-09-21,32.16,33.33,32.15,32.94,847392.0
796,2023-09-22,34.05,35.1,33.5,34.5,1393917.0
797,2023-09-25,34.32,34.5,33.29,33.4845,891471.0
798,2023-09-26,33.46,33.59,32.33,32.55,1217714.0
799,2023-09-27,32.92,33.99,32.76,33.87,1226396.0
800,2023-09-28,33.83,35.79,33.8,35.53,1291448.0
801,2023-09-29,35.78,36.5,34.7,35.0106,1489406.0
802,2023-10-02,35.06,35.94,35.06,35.69,742679.0
803,2023-10-03,35.16,35.34,34.61,34.68,763527.0
804,2023-10-04,34.66,35.14,34.24,34.69,432571.0
805,2023-10-05,34.28,34.74,34.06,34.2,484953.0
806,2023-10-06,34.2,35.77,34.2,35.46,875140.0
807,2023-10-09,35.15,36.85,35.03,36.84,1762346.0
808,2023-10-10,36.87,37.2,36.41,37.0495,1804426.0
809,2023-10-11,37.1,38.88,35.86,37.44,3001470.0
810,2023-10-12,37.58,37.95,35.95,36.36,1400807.0
811,2023-10-13,36.15,36.15,34.75,34.75,1553229.0
812,2023-10-16,34.25,35.35,33.55,35.11,1354082.0
813,2023-10-17,35.09,35.995,34.62,35.902,1579554.0
814,2023-10-18,35.87,36.0,34.5,34.83,1599901.0
815,2023-10-19,34.53,34.95,32.95,33.0,3267809.0
816,2023-10-20,32.91,33.36,32.01,32.01,2637997.0
817,2023-10-23,31.86,33.05,31.12,32.31,1445811.0
818,2023-10-24,33.08,34.78,32.81,34.66,2354418.0
819,2023-10-25,34.42,34.42,33.1,33.34,1298065.0
820,2023-10-26,33.16,34.82,32.88,34.3525,1707329.0
821,2023-10-27,34.43,35.28,33.0,33.0,1955406.0
822,2023-10-30,33.15,33.75,31.15,31.3,4125159.0
823,2023-10-31,31.25,32.74,30.87,32.29,2683648.0
824,2023-11-01,30.5,33.0,29.82,32.83,8740169.0
825,2023-11-02,33.03,33.28,30.35,31.15,4568562.0
826,2023-11-03,31.75,33.9,31.32,33.79,3552742.0
827,2023-11-06,33.28,33.7,32.88,33.0,2249335.0
828,2023-11-07,32.7,32.9,31.7,32.05,1836139.0
829,2023-11-08,32.14,32.75,31.9,32.01,802800.0
830,2023-11-09,31.91,32.43,31.5,32.01,1178070.0
831,2023-11-10,32.1,32.56,32.01,32.22,1164353.0
832,2023-11-13,32.3,32.88,32.11,32.51,890871.0
833,2023-11-14,32.55,32.76,31.62,32.07,949838.0
834,2023-11-15,32.48,32.48,31.65,31.9,1866453.0
835,2023-11-16,31.64,31.73,30.12,30.485,2222611.0
836,2023-11-17,30.65,30.76,30.12,30.63,1515194.0
837,2023-11-20,30.9,32.09,30.89,31.99,1821779.0
838,2023-11-21,32.4,32.41,31.35,31.46,1264116.0
839,2023-11-22,31.74,32.67,31.74,32.44,3260273.0
840,2023-11-24,32.21,33.98,32.11,33.94,2659887.0
841,2023-11-27,33.75,34.82,33.66,34.79,2216404.0
842,2023-11-28,34.99,35.27,33.82,33.95,1629763.0
843,2023-11-29,33.8,34.28,33.52,33.66,2401731.0
844,2023-11-30,33.4,33.98,32.92,33.41,1513339.0
845,2023-12-01,33.02,33.32,31.88,32.23,3138980.0
846,2023-12-04,31.63,31.78,30.82,30.95,1850633.0
847,2023-12-05,30.77,31.6,30.36,31.25,2256688.0
848,2023-12-06,31.51,31.6,30.16,30.25,1743182.0
849,2023-12-07,30.18,30.24,27.95,28.8,6575125.0
850,2023-12-08,28.74,29.5,28.15,29.0,2642061.0
851,2023-12-11,28.6,29.36,28.15,29.1,1864514.0
852,2023-12-12,29.41,29.49,26.63,27.39,3062233.0
853,2023-12-13,27.02,27.3,25.75,26.58,5517377.0
854,2023-12-14,27.49,27.96,26.01,26.515,5370788.0
855,2023-12-15,26.89,28.67,26.3,27.75,3074590.0
856,2023-12-18,27.75,28.8,27.75,28.5,1839637.0
857,2023-12-19,28.5,29.13,28.2,28.22,1538245.0
858,2023-12-20,28.02,28.28,27.0,27.05,1231679.0
859,2023-12-21,27.3,27.6,26.6,27.05,1154738.0
860,2023-12-22,26.75,26.85,26.42,26.75,1100845.0
861,2023-12-26,26.75,27.04,26.28,26.3,1087445.0
862,2023-12-27,26.5,26.69,25.63,25.7,912178.0
863,2023-12-28,26.2,27.45,26.1,27.19,2398569.0
864,2023-12-29,27.2,28.38,27.02,27.28,1665995.0
865,2024-01-02,26.75,26.83,26.02,26.25,2091232.0
866,2024-01-03,26.11,26.25,24.65,25.42,4724978.0
867,2024-01-04,25.43,26.46,24.93,26.15,3175650.0
868,2024-01-05,26.15,26.67,25.0,25.2,2705969.0
869,2024-01-08,25.16,25.31,23.68,24.5,4703952.0
870,2024-01-09,24.33,24.34,22.67,23.17,4995743.0
871,2024-01-10,23.67,25.1,23.02,24.75,3436142.0
872,2024-01-11,24.88,25.42,24.56,25.36,3678573.0
873,2024-01-12,25.2,25.98,25.0,25.6925,1313242.0
874,2024-01-16,25.65,25.73,23.17,23.69,3820909.0
875,2024-01-17,23.04,23.09,22.0,22.05,4664265.0
876,2024-01-18,23.09,24.2,22.71,23.51,2487793.0
877,2024-01-19,24.0,24.33,23.4,23.55,2017210.0
878,2024-01-22,22.62,23.1,21.68,22.86,2153371.0
879,2024-01-23,23.44,24.38,23.35,23.96,1869892.0
880,2024-01-24,24.44,25.12,23.4275,23.51,3620925.0
881,2024-01-25,23.8,24.44,23.21,23.6,1835905.0
