,date,open,high,low,close,volume
0,2022-06-09,193.78,198.95,183.18,183.5,23501579.0
1,2022-06-10,182.54,182.6,174.52,175.07,27478354.0
2,2022-06-13,170.09,172.08,163.53,163.76,31749304.0
3,2022-06-14,165.53,166.25,160.86,163.23,27244274.0
4,2022-06-15,166.7,171.66,163.48,168.85,30008251.0
5,2022-06-16,163.22,164.58,159.11,160.37,26944143.0
6,2022-06-17,161.18,165.4,159.4,163.24,31374215.0
7,2022-06-21,165.43,167.26,155.47,156.55,50724899.0
8,2022-06-22,157.88,160.29,154.94,155.35,47596820.0
9,2022-06-23,155.77,159.25,153.75,158.25,40499198.0
10,2022-06-24,161.22,169.75,160.8,169.66,68736009.0
11,2022-06-27,170.82,171.25,167.51,168.99,29174559.0
12,2022-06-28,169.4,170.8,160.11,160.18,27788725.0
13,2022-06-29,163.07,165.83,159.82,163.44,28595236.0
14,2022-06-30,161.65,164.73,157.99,160.75,35250605.0
15,2022-07-01,159.81,160.12,154.5,159.53,31423933.0
16,2022-07-05,157.64,167.75,156.52,167.69,28664799.0
17,2022-07-06,167.7,171.09,164.96,169.27,23085921.0
18,2022-07-07,168.95,172.22,167.28,171.69,24083368.0
19,2022-07-08,169.48,171.9,167.65,170.38,19249243.0
20,2022-07-11,166.57,166.99,161.41,162.38,21905133.0
21,2022-07-12,164.3,165.41,161.6,162.77,16639659.0
22,2022-07-13,159.66,164.48,159.11,162.99,16555138.0
23,2022-07-14,160.72,162.09,156.78,157.55,23765168.0
24,2022-07-15,160.04,164.48,159.32,164.2,23342807.0
25,2022-07-18,166.25,171.19,165.14,166.73,23574337.0
26,2022-07-19,169.87,175.99,169.01,175.28,25933679.0
27,2022-07-20,176.99,183.1,176.2,182.59,24784274.0
28,2022-07-21,180.13,183.35,178.37,182.67,27195815.0
29,2022-07-22,172.57,175.1,167.91,168.77,42583916.0
30,2022-07-25,168.5,170.07,164.31,166.15,26166326.0
31,2022-07-26,165.44,165.5,157.45,158.65,28468424.0
32,2022-07-27,162.09,170.37,161.52,169.08,43846557.0
33,2022-07-28,160.56,161.01,154.35,160.22,73214326.0
34,2022-07-29,157.19,159.64,154.67,158.6,42065395.0
35,2022-08-01,156.75,164.69,154.73,159.43,40596702.0
36,2022-08-02,157.81,161.74,157.51,159.69,27374516.0
37,2022-08-03,162.19,169.04,161.07,168.3,31717527.0
38,2022-08-04,167.8,171.65,166.3,170.07,23938212.0
39,2022-08-05,166.49,171.11,165.3,166.61,25832701.0
40,2022-08-08,167.5,177.01,166.63,169.75,27299113.0
41,2022-08-09,168.45,169.03,166.1,168.03,18655056.0
42,2022-08-10,175.49,179.98,173.45,177.84,30262132.0
43,2022-08-11,179.21,182.6,175.87,176.99,24079062.0
44,2022-08-12,180.31,180.96,178.41,180.0,21274046.0
45,2022-08-15,178.46,180.94,177.7,180.39,15878671.0
46,2022-08-16,178.94,180.49,176.54,178.97,21156710.0
47,2022-08-17,176.26,177.64,173.67,174.35,20118133.0
48,2022-08-18,173.84,175.26,171.36,174.16,18844451.0
49,2022-08-19,169.7,171.82,166.55,167.46,26240799.0
50,2022-08-22,164.99,164.99,161.76,162.55,19499711.0
51,2022-08-23,161.98,164.55,160.2,160.61,18111777.0
52,2022-08-24,160.1,164.96,159.27,162.76,20891481.0
53,2022-08-25,164.68,168.38,163.52,168.28,15550514.0
54,2022-08-26,167.98,170.42,161.17,161.28,24023633.0
55,2022-08-29,160.16,162.55,158.51,158.67,20052661.0
56,2022-08-30,159.85,161.16,155.41,156.66,19567948.0
57,2022-08-31,166.57,167.34,161.64,162.43,40952975.0
58,2022-09-01,163.08,166.86,159.85,164.86,30145683.0
59,2022-09-02,166.95,167.43,158.72,159.82,22634191.0
60,2022-09-06,159.6,161.19,157.19,158.04,19339781.0
61,2022-09-07,157.26,160.46,156.31,159.89,16831182.0
62,2022-09-08,158.21,161.73,157.24,161.56,22530785.0
63,2022-09-09,162.75,169.04,162.52,168.65,22129802.0
64,2022-09-12,166.89,170.89,166.78,168.46,23220405.0
65,2022-09-13,161.04,161.13,152.17,152.63,44444061.0
66,2022-09-14,152.83,153.04,148.55,150.97,43064195.0
67,2022-09-15,149.3,153.7,148.2,149.05,34606348.0
68,2022-09-16,147.55,148.08,143.79,145.79,40122824.0
69,2022-09-19,144.74,148.08,144.6,147.52,22169477.0
70,2022-09-20,145.28,148.34,144.72,145.59,23217350.0
71,2022-09-21,145.89,149.1,141.5,141.62,38338614.0
72,2022-09-22,141.05,144.08,140.37,142.32,34418521.0
73,2022-09-23,140.92,142.12,138.39,139.91,31710685.0
74,2022-09-26,139.62,141.74,135.69,135.87,30497021.0
75,2022-09-27,137.42,138.92,133.62,133.9,30826471.0
76,2022-09-28,134.12,141.53,133.77,141.11,32658478.0
77,2022-09-29,138.86,139.34,134.7,135.91,38985414.0
78,2022-09-30,135.55,140.49,135.0,135.18,33166393.0
79,2022-10-03,136.64,139.12,135.6,138.11,27723063.0
80,2022-10-04,139.99,141.89,138.84,139.78,34670729.0
81,2022-10-05,137.74,139.71,134.28,138.48,27979348.0
82,2022-10-06,137.22,140.95,136.1,138.57,36231056.0
83,2022-10-07,136.26,137.79,131.94,132.95,33214773.0
84,2022-10-10,133.05,135.61,131.37,133.29,24023982.0
85,2022-10-11,131.12,132.16,126.49,128.04,38481403.0
86,2022-10-12,127.82,129.17,125.75,127.0,34605245.0
87,2022-10-13,123.03,130.64,122.03,129.79,34325715.0
88,2022-10-14,130.5,131.29,126.02,126.26,23559407.0
89,2022-10-17,129.8,134.29,129.68,133.54,29612245.0
90,2022-10-18,136.59,137.34,130.9,132.3,25444979.0
91,2022-10-19,132.39,136.5,131.72,132.73,30691047.0
92,2022-10-20,132.43,136.27,130.81,131.03,26356276.0
93,2022-10-21,125.81,129.62,124.94,129.51,46348647.0
94,2022-10-24,126.75,132.98,124.07,129.22,63563447.0
95,2022-10-25,130.38,137.85,130.09,137.01,38433219.0
96,2022-10-26,131.18,135.05,128.03,129.32,89294679.0
97,2022-10-27,97.48,102.0,95.88,97.44,232316571.0
98,2022-10-28,99.08,100.35,97.01,98.7,95928306.0
99,2022-10-31,97.72,98.82,92.1,92.66,121361444.0
100,2022-11-01,93.83,96.99,93.05,94.7,110189617.0
101,2022-11-02,93.71,94.7,89.98,90.04,71821058.0
102,2022-11-03,89.58,89.96,87.91,88.41,60664012.0
103,2022-11-04,89.85,90.89,87.59,90.29,55638061.0
104,2022-11-07,94.28,96.38,92.6,96.22,81987295.0
105,2022-11-08,95.42,97.3,94.29,95.97,52088320.0
106,2022-11-09,101.22,104.4,100.24,100.97,107677284.0
107,2022-11-10,106.62,112.25,104.11,111.37,80670961.0
108,2022-11-11,108.73,114.4,108.31,112.52,59961742.0
109,2022-11-14,110.49,115.77,110.3,113.72,53394974.0
110,2022-11-15,115.57,118.24,113.91,116.58,50670499.0
111,2022-11-16,114.0,115.58,112.16,112.73,33287773.0
112,2022-11-17,109.91,111.83,109.3,110.95,35093822.0
113,2022-11-18,113.3,113.82,110.12,111.55,33357707.0
114,2022-11-21,111.02,111.87,108.69,109.36,24351074.0
115,2022-11-22,109.36,111.12,107.82,110.94,29028963.0
116,2022-11-23,111.22,112.17,110.23,111.74,21343083.0
117,2022-11-25,110.8,112.23,110.52,110.91,12007566.0
118,2022-11-28,110.28,111.54,107.88,108.28,23332816.0
119,2022-11-29,109.04,110.44,108.04,108.96,23899238.0
120,2022-11-30,109.01,117.66,108.88,117.6,43348557.0
121,2022-12-01,118.7,120.7,117.9,119.94,36551374.0
122,2022-12-02,117.33,123.54,117.11,122.99,39950464.0
123,2022-12-05,121.25,124.17,120.85,121.93,35474884.0
124,2022-12-06,119.41,120.05,113.24,113.62,43689183.0
125,2022-12-07,113.26,115.38,112.38,113.43,29461137.0
126,2022-12-08,115.89,116.84,114.09,114.83,30619418.0
127,2022-12-09,114.8,117.04,113.37,115.4,26033353.0
128,2022-12-12,114.68,115.22,112.64,114.21,24747064.0
129,2022-12-13,121.63,122.8,118.14,119.65,44701054.0
130,2022-12-14,118.89,123.64,118.89,121.09,36922037.0
131,2022-12-15,117.83,118.13,113.51,115.65,34530970.0
132,2022-12-16,119.73,122.81,118.32,118.93,67064001.0
133,2022-12-19,116.33,117.3,113.83,113.98,29769875.0
134,2022-12-20,112.76,116.83,111.96,116.59,28742501.0
135,2022-12-21,116.2,119.84,115.12,119.26,20392799.0
136,2022-12-22,116.7,118.12,113.88,116.62,23618121.0
137,2022-12-23,115.53,117.68,115.04,117.54,17796625.0
138,2022-12-27,117.43,118.1,115.55,116.38,21392311.0
139,2022-12-28,115.75,117.65,115.01,115.12,19612473.0
140,2022-12-29,115.9,120.53,115.27,119.76,22366192.0
141,2022-12-30,117.66,119.92,117.24,119.84,19583825.0
142,2023-01-03,122.32,125.87,121.78,124.24,35528531.0
143,2023-01-04,126.88,128.55,125.35,126.87,32397094.0
144,2023-01-05,125.63,128.02,124.04,126.44,25447099.0
145,2023-01-06,128.47,129.83,125.54,129.52,27584498.0
146,2023-01-09,130.66,132.45,128.78,128.97,26649145.0
147,2023-01-10,126.77,132.94,126.65,132.49,28684431.0
148,2023-01-11,130.46,133.35,129.84,132.39,25423046.0
149,2023-01-12,132.94,137.18,131.26,136.21,30757732.0
150,2023-01-13,134.47,136.89,134.34,136.48,22423839.0
151,2023-01-17,135.68,136.25,133.75,134.86,21147587.0
152,2023-01-18,135.31,136.75,132.3,132.52,20215486.0
153,2023-01-19,131.99,136.95,131.64,135.65,28625232.0
154,2023-01-20,135.39,139.44,134.11,138.87,28688630.0
155,2023-01-23,138.79,143.26,138.16,142.77,27470093.0
156,2023-01-24,141.19,144.5,140.86,142.64,21970190.0
157,2023-01-25,140.72,142.67,139.81,141.0,26622021.0
158,2023-01-26,143.9,147.01,142.8,146.8,25482084.0
159,2023-01-27,147.74,152.69,146.89,151.24,35771865.0
160,2023-01-30,148.91,150.62,146.45,146.56,28040100.0
161,2023-01-31,147.45,149.38,147.02,148.47,29842109.0
162,2023-02-01,147.53,153.08,146.56,152.62,55661017.0
163,2023-02-02,182.88,196.66,179.66,188.27,150475687.0
164,2023-02-03,182.97,196.27,182.39,186.03,76809701.0
165,2023-02-06,186.03,190.2,185.02,185.56,42483811.0
166,2023-02-07,185.08,193.28,183.9,191.12,47080662.0
167,2023-02-08,189.5,190.33,182.42,182.93,36139074.0
168,2023-02-09,185.63,186.15,176.77,177.42,37118811.0
169,2023-02-10,175.85,178.39,172.85,173.65,33433567.0
170,2023-02-13,177.72,180.5,175.32,178.93,31463223.0
171,2023-02-14,176.66,181.01,175.38,178.98,24034631.0
172,2023-02-15,175.92,177.69,174.83,176.66,25337966.0
173,2023-02-16,172.25,175.35,171.29,171.94,25827473.0
174,2023-02-17,169.72,172.68,169.2,172.38,24171260.0
175,2023-02-21,173.81,177.67,171.38,171.58,34592582.0
176,2023-02-22,170.57,172.26,169.19,170.62,22433158.0
177,2023-02-23,171.5,173.19,168.88,171.54,20017779.0
178,2023-02-24,168.14,170.22,167.16,169.89,19791334.0
179,2023-02-27,171.38,172.62,168.56,169.04,19277002.0
180,2023-02-28,171.4,177.05,171.37,174.44,46051117.0
181,2023-03-01,174.09,177.35,172.55,172.92,30998380.0
182,2023-03-02,171.88,174.51,170.93,174.03,17360708.0
183,2023-03-03,178.42,186.12,176.55,184.75,45877692.0
184,2023-03-06,187.5,189.16,184.14,184.4,33209394.0
185,2023-03-07,188.5,189.86,183.51,184.01,36701495.0
186,2023-03-08,182.37,184.76,180.84,184.47,19432405.0
187,2023-03-09,185.85,188.43,179.8,181.19,26582750.0
188,2023-03-10,180.51,184.27,178.3,179.01,25665032.0
189,2023-03-13,177.46,183.28,174.32,180.4,24727969.0
190,2023-03-14,187.08,193.82,186.06,193.52,41642627.0
191,2023-03-15,192.45,197.28,190.34,197.25,42123552.0
192,2023-03-16,197.76,205.26,195.59,204.43,50819659.0
193,2023-03-17,200.06,201.4,194.93,195.11,50141098.0
194,2023-03-20,197.98,198.86,193.14,197.31,25186315.0
195,2023-03-21,202.7,203.05,197.45,201.66,31826952.0
196,2023-03-22,202.0,206.87,199.17,199.31,28477759.0
197,2023-03-23,202.34,207.38,201.65,203.78,27389669.0
198,2023-03-24,204.68,207.08,203.05,205.51,27733042.0
199,2023-03-27,204.31,205.36,200.86,202.34,18527184.0
200,2023-03-28,199.65,200.53,197.4,200.18,19127295.0
201,2023-03-29,203.06,205.22,202.04,204.85,18851137.0
202,2023-03-30,202.88,207.59,202.32,207.34,22608303.0
203,2023-03-31,206.74,211.67,206.27,211.44,25440273.0
204,2023-04-03,208.34,212.99,207.7,212.57,17924613.0
205,2023-04-04,212.89,215.74,212.04,214.22,21026367.0
206,2023-04-05,213.65,214.69,209.44,210.98,19396630.0
207,2023-04-06,208.75,216.44,208.15,215.6,26104411.0
208,2023-04-10,214.21,215.16,210.16,214.25,16106074.0
209,2023-04-11,214.98,215.52,212.91,213.35,16710101.0
210,2023-04-12,214.34,216.34,212.08,213.5,18972172.0
211,2023-04-13,215.23,220.65,215.19,219.85,23310357.0
212,2023-04-14,217.38,221.61,217.05,220.99,21591207.0
213,2023-04-17,219.29,220.48,216.63,218.36,15481874.0
214,2023-04-18,219.41,219.94,215.71,217.39,12280984.0
215,2023-04-19,212.97,216.83,212.43,215.2,15898078.0
216,2023-04-20,212.98,216.25,212.27,212.57,16475443.0
217,2023-04-21,209.71,212.91,209.08,212.39,17717166.0
218,2023-04-24,213.18,213.42,210.21,212.29,15750920.0
219,2023-04-25,210.32,210.76,206.63,207.05,19198175.0
220,2023-04-26,212.0,213.61,208.38,208.9,41992726.0
221,2023-04-27,239.39,241.19,236.27,238.06,71196531.0
222,2023-04-28,238.51,239.93,235.25,239.82,39554036.0
223,2023-05-01,238.12,243.5,235.96,242.68,29143912.0
224,2023-05-02,242.68,244.42,238.49,238.74,24350149.0
225,2023-05-03,238.97,241.25,232.25,236.53,34463859.0
226,2023-05-04,235.56,237.7,232.43,233.02,17889391.0
227,2023-05-05,231.74,234.18,229.35,232.28,27000480.0
228,2023-05-08,230.92,235.12,229.77,232.77,16400526.0
229,2023-05-09,230.96,235.38,230.58,232.87,16865587.0
230,2023-05-10,235.67,236.25,230.22,232.58,19119007.0
231,2023-05-11,232.55,237.71,231.8,235.29,20448991.0
232,2023-05-12,236.24,236.46,230.95,233.31,16161447.0
233,2023-05-15,236.42,239.76,234.83,238.36,20653229.0
234,2023-05-16,235.29,239.14,235.02,238.32,18163772.0
235,2023-05-17,237.95,243.34,237.64,241.99,21193080.0
236,2023-05-18,240.8,246.59,240.69,246.35,22943297.0
237,2023-05-19,246.97,248.19,242.91,245.14,21733581.0
238,2023-05-22,244.91,253.07,244.62,247.82,27738479.0
239,2023-05-23,246.31,251.11,246.15,246.24,17748115.0
240,2023-05-24,244.78,249.09,244.45,248.71,17724338.0
241,2023-05-25,252.9,255.12,248.67,252.19,22371435.0
242,2023-05-26,252.43,261.81,252.21,261.54,25768663.0
243,2023-05-30,264.75,268.15,260.79,262.02,23816483.0
244,2023-05-31,259.5,264.5,257.95,264.22,25473690.0
245,2023-06-01,265.4,273.5,265.39,272.11,25609508.0
246,2023-06-02,272.16,274.85,270.62,272.11,19416930.0
247,2023-06-05,269.8,275.07,269.06,270.89,20742946.0
248,2023-06-06,269.64,276.07,269.19,270.62,19419010.0
249,2023-06-07,271.17,273.75,262.3,263.1,26163627.0
250,2023-06-08,260.12,267.15,258.38,264.08,20899359.0
251,2023-06-09,261.98,267.45,261.2,264.45,16949794.0
252,2023-06-12,266.67,271.25,264.83,270.55,15471702.0
253,2023-06-13,274.38,275.22,268.59,270.82,16164024.0
254,2023-06-14,271.39,274.49,267.82,272.85,19175066.0
255,2023-06-15,271.8,283.49,270.92,281.33,25973455.0
256,2023-06-16,284.25,287.35,279.63,280.5,43127731.0
257,2023-06-20,278.23,284.3,275.72,283.83,20701589.0
258,2023-06-21,283.03,283.5,277.86,281.14,20556170.0
259,2023-06-22,278.58,284.76,277.29,284.38,17563061.0
260,2023-06-23,281.01,289.17,278.45,288.23,51092038.0
261,2023-06-26,288.2,289.29,277.1,277.97,24232651.0
262,2023-06-27,281.51,288.85,280.16,286.55,26108260.0
263,2023-06-28,284.32,289.05,283.56,284.79,16722117.0
264,2023-06-29,284.0,286.07,280.19,281.03,15395690.0
265,2023-06-30,284.26,288.55,283.92,286.48,19694872.0
266,2023-07-03,286.2,288.9,284.35,285.52,8629269.0
267,2023-07-05,287.15,297.62,285.86,293.87,33865457.0
268,2023-07-06,295.39,297.62,290.81,291.49,47733829.0
269,2023-07-07,291.68,295.7,288.16,290.03,25585975.0
270,2023-07-10,295.05,297.63,286.55,293.6,37058306.0
271,2023-07-11,293.4,299.68,291.4,297.79,27585918.0
272,2023-07-12,301.25,308.95,299.6,308.84,36677127.0
273,2023-07-13,313.12,315.74,309.79,312.91,30280972.0
274,2023-07-14,311.29,314.38,306.86,308.37,23054108.0
275,2023-07-17,307.04,311.21,304.21,310.12,25323126.0
276,2023-07-18,310.38,313.7,307.12,311.55,20764580.0
277,2023-07-19,312.53,318.18,310.02,315.51,21763688.0
278,2023-07-20,313.0,315.04,301.72,302.02,23836876.0
279,2023-07-21,304.07,304.96,290.7,293.76,42139259.0
280,2023-07-24,295.28,297.02,287.8,291.11,24949405.0
281,2023-07-25,294.69,297.8,291.36,293.97,19585584.0
282,2023-07-26,300.69,301.27,291.4,298.07,47256930.0
283,2023-07-27,324.62,324.85,309.34,311.21,64229173.0
284,2023-07-28,316.38,325.7,313.75,324.98,39220270.0
285,2023-07-31,323.19,325.16,317.09,318.1,25799603.0
286,2023-08-01,317.04,323.64,314.16,322.21,22889870.0
287,2023-08-02,317.5,317.89,310.15,313.81,20461094.0
288,2023-08-03,309.43,315.45,309.43,312.69,15215422.0
289,2023-08-04,314.46,317.91,309.7,310.23,17612762.0
290,2023-08-07,312.73,316.57,309.96,316.06,16236504.0
291,2023-08-08,313.9,317.39,309.61,312.14,15183532.0
292,2023-08-09,312.38,313.13,302.35,304.71,19955783.0
293,2023-08-10,307.44,311.84,303.37,305.24,14358897.0
294,2023-08-11,302.07,304.22,299.86,301.14,14046250.0
295,2023-08-14,300.48,305.71,297.75,305.69,15641921.0
296,2023-08-15,305.64,306.73,299.53,301.45,11623613.0
297,2023-08-16,299.7,300.58,293.78,293.79,18547741.0
298,2023-08-17,292.55,295.55,284.45,284.59,23950089.0
299,2023-08-18,278.53,285.19,273.88,282.75,35347925.0
300,2023-08-21,282.95,290.0,281.35,289.4,20181475.0
301,2023-08-22,292.05,292.4,286.25,287.1,12999913.0
302,2023-08-23,288.0,296.9,287.17,293.74,18287001.0
303,2023-08-24,298.0,298.96,286.14,286.25,18360882.0
304,2023-08-25,285.63,287.89,275.53,285.0,23701443.0
305,2023-08-28,287.5,290.95,285.3,289.76,14239285.0
306,2023-08-29,288.09,298.65,287.68,297.49,20844522.0
307,2023-08-30,296.67,297.79,292.93,294.6,17717024.0
308,2023-08-31,295.3,300.6,295.16,295.39,17229865.0
309,2023-09-01,298.87,301.24,293.97,295.88,12842257.0
310,2023-09-05,296.52,300.89,295.01,299.65,14955989.0
311,2023-09-06,301.21,302.8,295.16,298.67,15418092.0
312,2023-09-07,297.5,306.55,291.72,298.17,33748737.0
313,2023-09-08,298.72,304.75,296.28,297.39,17572203.0
314,2023-09-11,300.91,308.54,300.78,307.06,19489330.0
315,2023-09-12,305.83,308.16,299.73,301.16,13480400.0
316,2023-09-13,301.86,306.68,300.82,304.56,13210915.0
317,2023-09-14,306.24,312.37,304.53,311.22,19343102.0
318,2023-09-15,311.11,311.5,298.25,299.81,28131140.0
319,2023-09-18,297.69,303.1,297.3,302.05,14234158.0
320,2023-09-19,301.98,305.67,299.31,304.57,15931618.0
321,2023-09-20,304.55,307.56,298.93,299.17,19379515.0
322,2023-09-21,295.2,299.76,292.77,295.23,21319582.0
323,2023-09-22,298.8,304.88,297.77,298.58,25369592.0
324,2023-09-25,295.14,300.45,293.2,300.33,18987014.0
325,2023-09-26,297.16,299.8,295.51,298.46,19417161.0
326,2023-09-27,299.95,300.8,286.29,297.24,36429835.0
327,2023-09-28,298.44,305.83,296.2,303.46,22167075.0
328,2023-09-29,306.88,310.14,298.86,299.71,25373695.0
329,2023-10-02,302.24,306.68,301.13,306.32,16265571.0
330,2023-10-03,303.76,306.27,299.14,300.44,17362250.0
331,2023-10-04,298.23,306.4,298.0,305.08,16880484.0
332,2023-10-05,304.13,305.71,299.0,304.29,19129957.0
333,2023-10-06,300.94,315.81,300.41,314.93,21803856.0
334,2023-10-09,312.0,319.83,311.32,317.86,22503662.0
335,2023-10-10,318.62,324.16,317.66,321.34,19037973.0
336,2023-10-11,322.51,328.34,322.45,327.32,22036297.0
337,2023-10-12,327.5,330.04,322.19,323.66,20530518.0
338,2023-10-13,323.03,324.55,311.87,314.19,21360790.0
339,2023-10-16,318.14,321.32,315.02,320.65,16536114.0
340,2023-10-17,317.68,323.9,316.8,323.5,16387799.0
341,2023-10-18,320.89,325.44,315.06,316.47,16851003.0
342,2023-10-19,319.38,321.39,311.25,312.31,18709160.0
343,2023-10-20,313.64,314.8,305.97,308.15,22312237.0
344,2023-10-23,309.0,316.86,306.76,313.51,17796603.0
345,2023-10-24,316.28,317.85,310.13,312.05,19525483.0
346,2023-10-25,309.5,310.38,298.34,299.03,42192437.0
347,2023-10-26,294.5,294.5,278.903,287.85,66683755.0
348,2023-10-27,293.98,298.81,292.47,296.23,29596226.0
349,2023-10-30,298.59,308.8967,298.55,302.16,28435011.0
350,2023-10-31,302.81,303.18,296.36,300.77,19434168.0
351,2023-11-01,301.35,312.24,301.35,311.35,20434570.0
352,2023-11-02,316.8,318.32,307.83,310.37,21631819.0
353,2023-11-03,312.05,315.05,310.5167,314.1,16764214.0
354,2023-11-06,315.48,317.83,313.95,315.3,12887687.0
355,2023-11-07,316.56,320.5,314.62,318.32,14055522.0
356,2023-11-08,317.64,320.83,314.38,319.28,13609121.0
357,2023-11-09,318.918,323.6799,318.3,320.05,16103070.0
358,2023-11-10,319.44,328.6,318.96,328.27,19116858.0
359,2023-11-13,325.7,331.83,325.2,328.69,16908867.0
360,2023-11-14,334.04,337.6,332.83,335.81,17179241.0
361,2023-11-15,337.43,337.9,329.52,332.21,14531179.0
362,2023-11-16,328.87,334.08,325.88,333.69,18932474.0
363,2023-11-17,329.76,335.0,328.85,334.54,14519181.0
364,2023-11-20,334.39,341.37,333.69,339.47,16976030.0
365,2023-11-21,337.83,339.4015,335.4,336.48,12027796.0
366,2023-11-22,338.71,342.42,338.08,340.99,10715064.0
367,2023-11-24,339.63,341.3556,336.27,337.73,5440275.0
368,2023-11-27,335.68,339.4,333.7,334.2,15684375.0
369,2023-11-28,332.9,338.875,332.9,338.49,12636500.0
370,2023-11-29,339.19,339.4,330.28,331.7,16024477.0
371,2023-11-30,331.39,333.0,321.9037,326.65,23146057.0
372,2023-12-01,324.98,326.36,320.26,324.32,15276268.0
373,2023-12-04,316.79,320.36,313.16,319.52,19036819.0
374,2023-12-05,318.48,321.38,314.89,317.79,16951788.0
375,2023-12-06,321.43,321.75,316.54,316.95,11294320.0
376,2023-12-07,317.27,327.74,317.27,326.09,15905079.0
377,2023-12-08,322.59,332.67,322.5,332.25,14087279.0
378,2023-12-11,328.9,329.39,319.495,324.78,25802462.0
379,2023-12-12,324.1,333.97,324.06,333.72,18485461.0
380,2023-12-13,333.43,337.87,332.14,334.24,16353321.0
381,2023-12-14,333.35,334.2,328.1371,332.67,19607115.0
382,2023-12-15,331.49,338.16,330.72,334.42,31776852.0
383,2023-12-18,336.98,347.06,336.52,344.12,18993730.0
384,2023-12-19,345.08,353.1,344.62,349.86,17729301.0
385,2023-12-20,348.15,354.46,347.29,348.78,16369850.0
386,2023-12-21,352.48,355.905,348.71,353.59,15289556.0
387,2023-12-22,355.08,356.6999,350.72,352.89,11772759.0
388,2023-12-26,354.49,356.48,352.95,354.33,9898607.0
389,2023-12-27,355.57,358.5,354.81,357.33,13207745.0
390,2023-12-28,359.2,361.4,357.31,357.82,11798797.0
391,2023-12-29,358.49,359.5,351.32,353.46,14986689.0
392,2024-01-02,350.82,352.66,339.51,345.79,19042041.0
393,2024-01-03,344.48,347.45,342.675,343.97,15451094.0
394,2024-01-04,344.0,347.6499,342.8987,346.62,12099895.0
395,2024-01-05,346.49,353.0,345.7601,351.45,13750694.0
396,2024-01-08,354.2,358.48,351.55,358.16,13890165.0
397,2024-01-09,355.9,360.14,354.86,356.93,13463852.0
398,2024-01-10,359.67,372.44,358.58,369.97,22116785.0
399,2024-01-11,371.63,372.28,362.43,369.17,17204952.0
400,2024-01-12,369.655,376.56,369.04,373.99,19310046.0
401,2024-01-16,373.15,375.11,366.73,366.96,15306876.0
402,2024-01-17,365.8,368.04,358.11,367.87,12724680.0
403,2024-01-18,370.99,376.35,370.45,375.63,16354332.0
404,2024-01-19,378.5,383.86,377.47,382.95,21670753.0
405,2024-01-22,387.45,389.8525,380.6601,381.28,17680310.0
406,2024-01-23,384.115,387.88,381.575,384.7,15505974.0
407,2024-01-24,389.5,395.65,387.31,390.2,15604138.0
408,2024-01-25,389.67,394.99,385.16,392.68,15090948.0
409,2024-01-26,393.85,396.29,391.0908,393.64,13159280.0
410,2024-01-29,394.485,402.43,392.6,400.52,18742433.0
411,2024-01-30,403.09,405.86,399.07,399.56,18614624.0
412,2024-01-31,388.5,397.5,386.6,389.64,20180430.0
413,2024-02-01,393.44,400.0,392.55,394.28,29726999.0
414,2024-02-02,459.1,485.46,452.51,474.49,84707636.0
415,2024-02-05,469.38,471.4,458.72,458.91,40831850.0
416,2024-02-06,463.5,466.62,452.5,454.22,21655006.0
417,2024-02-07,457.5,471.02,455.6773,469.09,23065751.0
418,2024-02-08,467.82,470.09,464.53,469.5,18814952.0
419,2024-02-09,472.45,473.09,466.965,467.61,18413123.0
420,2024-02-12,467.69,478.645,466.08,468.4,19381460.0
421,2024-02-13,456.37,467.39,454.59,459.62,20916602.0
422,2024-02-14,467.43,473.61,465.5901,472.78,16858312.0
423,2024-02-15,474.78,488.12,471.72,483.53,24212188.0
424,2024-02-16,477.61,478.46,468.71,472.82,23324578.0
425,2024-02-20,469.215,475.68,466.06,471.25,18015520.0
426,2024-02-21,466.5,469.0,461.79,468.03,12976249.0
