,date,open,high,low,close,volume
0,2018-12-06,144.0,170.28,138.96,168.0,3401089.0
1,2018-12-07,166.08,170.52,156.0,161.76,647211.0
2,2018-12-10,160.56,168.0,141.6,150.24,795444.0
3,2018-12-11,151.32,173.64,150.84,168.24,1406769.0
4,2018-12-12,160.32,191.76,158.76,174.0,584933.0
5,2018-12-13,171.36,205.68,169.68,198.0,537744.0
6,2018-12-14,190.56,263.64,190.56,243.96,655920.0
7,2018-12-17,245.16,246.0,193.32,202.44,531644.0
8,2018-12-18,204.0,223.08,197.64,217.08,527514.0
9,2018-12-19,216.12,233.64,212.52,222.72,169036.0
10,2018-12-20,218.52,234.24,210.6,227.76,173975.0
11,2018-12-21,216.12,230.4,203.52,216.48,213309.0
12,2018-12-24,209.28,228.0,205.44,217.2,121855.0
13,2018-12-26,216.36,224.16,212.52,223.08,149774.0
14,2018-12-27,221.16,288.84,221.16,288.84,290779.0
15,2018-12-28,284.76,308.28,255.6,256.68,386417.0
16,2018-12-31,256.8,274.56,241.92,245.88,126265.0
17,2019-01-02,248.88,260.4,240.0,240.0,46456.0
18,2019-01-03,252.0,285.48,234.0,272.4,257839.0
19,2019-01-04,275.88,298.08,249.0,254.16,495900.0
20,2019-01-07,250.68,271.2,211.92,223.92,437655.0
21,2019-01-08,222.72,222.72,204.72,217.2,108387.0
22,2019-01-09,217.8,217.8,194.4,194.4,185243.0
23,2019-01-10,191.88,208.2,191.88,203.4,45440.0
24,2019-01-11,203.4,203.52,190.56,191.4,90421.0
25,2019-01-14,190.56,191.28,172.2,180.0,147842.0
26,2019-01-15,180.6,184.92,174.84,180.84,51899.0
27,2019-01-16,180.84,183.6,174.0,175.56,33357.0
28,2019-01-17,182.4,182.4,167.04,174.12,33413.0
29,2019-01-18,180.48,191.4,168.12,191.4,448024.0
30,2019-01-22,189.36,213.0,179.28,198.0,168428.0
31,2019-01-23,199.2,207.0,193.56,204.0,58383.0
32,2019-01-24,212.16,212.16,195.24,201.72,49579.0
33,2019-01-25,203.04,204.0,192.0,194.28,40865.0
34,2019-01-28,186.72,191.28,181.8,186.6,774845.0
35,2019-01-29,191.4,198.24,176.28,185.16,683746.0
36,2019-01-30,192.48,194.04,185.52,192.6,47282.0
37,2019-01-31,191.28,199.56,191.28,197.76,69616.0
38,2019-02-01,198.0,198.12,193.92,194.4,5266.0
39,2019-02-04,192.12,200.4,192.12,198.0,14741.0
40,2019-02-05,198.12,234.0,195.0,228.0,267948.0
41,2019-02-06,226.08,226.08,207.36,215.28,61817.0
42,2019-02-07,216.0,216.12,207.6,211.92,27597.0
43,2019-02-08,218.4,218.4,207.12,213.6,17053.0
44,2019-02-11,213.12,213.12,200.4,201.72,253440.0
45,2019-02-12,202.56,205.08,192.0,194.76,185207.0
46,2019-02-13,200.76,203.52,194.16,194.4,29172.0
47,2019-02-14,195.6,204.12,195.6,201.6,34932.0
48,2019-02-15,201.84,207.6,195.24,195.24,101396.0
49,2019-02-19,197.52,201.24,194.64,198.12,58561.0
50,2019-02-20,195.12,197.16,193.2,193.44,43723.0
51,2019-02-21,192.36,193.92,184.8,185.04,50969.0
52,2019-02-22,186.24,192.72,183.0,189.6,81651.0
53,2019-02-25,203.28,204.0,183.6,189.96,120913.0
54,2019-02-26,191.88,198.0,183.96,188.28,89692.0
55,2019-02-27,187.68,191.4,182.4,185.4,34213.0
56,2019-02-28,186.0,186.0,182.4,183.6,7831.0
57,2019-03-01,184.92,184.92,180.0,180.48,19135.0
58,2019-03-04,180.12,186.36,180.12,183.6,45041.0
59,2019-03-05,183.0,198.0,180.6,188.16,95101.0
60,2019-03-06,188.16,191.52,183.6,189.96,29394.0
61,2019-03-07,189.72,189.72,182.64,187.08,27921.0
62,2019-03-08,181.68,186.48,180.12,185.64,49789.0
63,2019-03-11,184.92,190.44,184.92,185.52,12299.0
64,2019-03-12,185.52,187.8,180.0,186.48,30683.0
65,2019-03-13,183.96,188.64,183.0,187.68,48940.0
66,2019-03-14,188.4,188.4,183.6,186.24,21620.0
67,2019-03-15,183.72,187.08,183.24,186.72,19847.0
68,2019-03-18,187.32,187.8,181.44,184.2,9649.0
69,2019-03-19,183.36,187.08,182.28,186.0,149960.0
70,2019-03-20,186.0,187.2,182.4,183.12,43045.0
71,2019-03-21,185.88,185.88,180.0,180.0,40663.0
72,2019-03-22,180.0,181.68,178.56,178.68,8338.0
73,2019-03-25,175.8,188.4,174.36,174.36,195745.0
74,2019-03-26,174.48,175.08,172.56,172.56,34817.0
75,2019-03-27,172.56,173.76,162.96,164.4,19162.0
76,2019-03-28,166.2,166.2,154.2,154.2,13277.0
77,2019-03-29,154.2,165.96,148.8,160.92,24420.0
78,2019-04-01,161.52,166.08,160.8,163.92,4924.0
79,2019-04-02,167.52,167.52,163.92,166.68,2327.0
80,2019-04-03,166.68,169.2,166.68,168.96,7361.0
81,2019-04-04,160.92,169.08,160.68,162.72,2670.0
82,2019-04-05,162.48,167.28,160.8,163.2,3011.0
83,2019-04-08,164.76,166.08,154.44,155.88,163727.0
84,2019-04-09,156.48,161.64,145.68,153.24,178694.0
85,2019-04-10,151.44,155.88,146.4,151.2,20892.0
86,2019-04-11,151.2,151.2,138.0,140.76,29849.0
87,2019-04-12,141.72,148.56,120.12,121.68,194763.0
88,2019-04-15,129.24,132.48,114.36,114.6,184512.0
89,2019-04-16,114.36,116.04,104.4,104.4,119803.0
90,2019-04-17,111.12,111.12,100.8,106.68,32820.0
91,2019-04-18,107.4,113.16,101.4,104.16,35597.0
92,2019-04-22,103.56,106.68,99.12,101.16,29168.0
93,2019-04-23,100.08,102.36,97.92,97.92,15700.0
94,2019-04-24,96.0,97.8,93.12,93.96,44294.0
95,2019-04-25,94.2,96.0,92.16,95.4,22303.0
96,2019-04-26,95.4,101.88,93.72,99.72,31906.0
97,2019-04-29,100.68,102.6,98.4,102.0,11525.0
98,2019-04-30,102.24,102.24,97.92,99.6,15500.0
99,2019-05-01,97.92,99.12,96.12,96.48,8551.0
100,2019-05-02,97.2,99.6,95.28,99.12,7153.0
101,2019-05-03,100.32,100.32,96.0,98.16,8060.0
102,2019-05-06,93.36,95.64,87.24,91.8,19583.0
103,2019-05-07,91.32,93.84,91.32,91.8,6076.0
104,2019-05-08,91.92,92.28,84.0,84.72,100961.0
105,2019-05-09,83.64,83.64,73.2,80.76,90548.0
106,2019-05-10,79.56,80.28,73.8,75.36,79957.0
107,2019-05-13,75.48,75.48,65.76,67.2,123377.0
108,2019-05-14,67.08,74.4,63.72,71.76,137034.0
109,2019-05-15,72.0,76.08,69.6,69.6,106392.0
110,2019-05-16,70.68,73.56,64.92,66.24,200299.0
111,2019-05-17,65.4,68.04,64.56,64.8,31515.0
112,2019-05-20,63.24,64.68,61.44,61.44,14753.0
113,2019-05-21,61.32,64.92,61.32,63.48,10205.0
114,2019-05-22,62.52,65.88,62.4,62.4,10134.0
115,2019-05-23,62.4,62.76,59.52,61.08,19837.0
116,2019-05-24,60.48,60.6,57.84,58.8,15356.0
117,2019-05-28,61.56,61.56,58.68,60.72,12837.0
118,2019-05-29,61.44,62.4,55.8,59.52,25589.0
119,2019-05-30,61.8,61.8,54.72,56.4,61943.0
120,2019-05-31,57.0,61.44,56.64,59.4,22822.0
121,2019-06-03,60.48,62.28,55.8,56.64,13348.0
122,2019-06-04,55.2,60.0,55.2,60.0,32571.0
123,2019-06-05,59.16,60.0,56.04,56.16,21600.0
124,2019-06-06,56.4,60.0,46.92,47.04,79608.0
125,2019-06-07,47.88,52.68,47.4,52.2,46162.0
126,2019-06-10,51.12,56.16,51.12,52.8,33615.0
127,2019-06-11,54.0,55.2,51.6,53.16,28526.0
128,2019-06-12,49.2,49.2,45.72,45.72,95683.0
129,2019-06-13,44.52,46.92,44.16,45.6,52861.0
130,2019-06-14,45.24,47.28,42.6,42.6,54186.0
131,2019-06-17,42.0,44.16,41.04,42.12,102611.0
132,2019-06-18,42.0,42.0,37.2,40.08,194194.0
133,2019-06-19,39.96,39.96,36.12,36.36,140366.0
134,2019-06-20,37.68,40.08,33.84,33.84,187406.0
135,2019-06-21,33.48,33.84,30.0,30.12,254686.0
136,2019-06-24,30.96,35.4,30.72,34.8,182377.0
137,2019-06-25,34.68,38.4,34.68,34.8,116092.0
138,2019-06-26,34.8,36.6,34.8,34.8,47030.0
139,2019-06-27,34.8,36.0,33.36,33.96,52720.0
140,2019-06-28,34.2,35.28,33.72,34.2,27492.0
141,2019-07-01,34.8,35.4,34.2,34.68,58229.0
142,2019-07-02,34.8,34.8,33.6,33.96,37242.0
143,2019-07-03,34.08,34.32,33.72,33.72,28752.0
144,2019-07-05,33.72,34.56,33.0,34.2,372240.0
145,2019-07-08,33.72,39.48,33.36,39.48,263038.0
146,2019-07-09,37.68,43.56,36.48,37.08,380042.0
147,2019-07-10,37.2,43.08,37.08,37.44,182616.0
148,2019-07-11,37.44,38.16,34.32,35.04,88419.0
149,2019-07-12,35.76,36.0,31.92,32.76,134627.0
150,2019-07-15,32.88,34.08,32.88,33.36,56687.0
151,2019-07-16,33.6,34.56,33.0,33.84,58748.0
152,2019-07-17,33.6,34.32,33.0,33.36,96630.0
153,2019-07-18,33.12,33.72,30.72,31.2,87751.0
154,2019-07-19,31.08,31.92,30.36,31.08,65017.0
155,2019-07-22,30.36,31.2,30.12,30.6,43252.0
156,2019-07-23,30.0,30.96,30.0,30.36,22364.0
157,2019-07-24,30.12,32.28,30.12,30.84,28296.0
158,2019-07-25,30.6,31.8,30.48,30.6,16505.0
159,2019-07-26,30.96,31.44,30.72,31.44,6133.0
160,2019-07-29,30.84,30.84,30.0,30.0,51447.0
161,2019-07-30,29.64,30.48,29.64,30.12,20136.0
162,2019-07-31,30.12,30.12,28.32,29.28,17000.0
163,2019-08-01,29.88,29.88,26.52,27.24,53174.0
164,2019-08-02,26.76,28.68,24.48,28.68,18214.0
165,2019-08-05,28.44,28.44,26.16,27.36,19475.0
166,2019-08-06,27.24,28.08,25.68,26.16,29553.0
167,2019-08-07,25.8,27.96,25.8,27.6,22282.0
168,2019-08-08,27.6,30.0,26.76,29.28,44571.0
169,2019-08-09,29.88,29.88,28.2,29.4,15414.0
170,2019-08-12,29.88,29.88,27.6,28.8,15332.0
171,2019-08-13,28.92,29.4,27.84,29.04,19967.0
172,2019-08-14,28.44,28.8,26.04,28.56,8628.0
173,2019-08-15,28.68,29.28,28.68,28.8,20338.0
174,2019-08-16,28.68,29.88,28.68,28.8,17091.0
175,2019-08-19,29.04,29.88,28.8,29.28,26610.0
176,2019-08-20,29.88,37.8,29.04,37.68,380675.0
177,2019-08-21,37.44,37.56,34.32,36.72,133283.0
178,2019-08-22,36.24,37.08,33.84,35.52,40650.0
179,2019-08-23,35.76,43.8,34.68,43.68,429292.0
180,2019-08-26,34.92,39.24,31.8,36.12,553385.0
181,2019-08-27,34.68,35.4,30.0,31.44,247821.0
182,2019-08-28,30.24,31.44,27.6,27.84,164406.0
183,2019-08-29,28.2,32.4,28.2,30.6,226832.0
184,2019-08-30,30.36,30.48,28.8,28.8,45883.0
185,2019-09-03,28.56,30.0,27.6,27.96,48648.0
186,2019-09-04,27.96,30.0,27.72,28.08,39199.0
187,2019-09-05,27.6,30.0,27.6,28.92,51507.0
188,2019-09-06,29.16,30.48,28.08,29.28,59403.0
189,2019-09-09,29.04,30.6,29.04,29.64,30689.0
190,2019-09-10,29.64,35.4,29.64,33.96,173319.0
191,2019-09-11,33.96,33.96,31.8,32.04,56243.0
192,2019-09-12,32.4,35.04,32.4,34.68,131878.0
193,2019-09-13,34.2,36.84,32.16,33.12,209329.0
194,2019-09-16,32.76,34.08,31.8,32.4,68127.0
195,2019-09-17,32.52,34.8,31.8,33.6,69538.0
196,2019-09-18,34.2,34.56,32.76,34.56,59710.0
197,2019-09-19,34.2,37.2,34.2,36.36,212819.0
198,2019-09-20,36.12,36.6,34.68,35.4,94484.0
199,2019-09-23,35.52,35.52,32.16,34.32,64251.0
200,2019-09-24,33.96,33.96,32.16,32.16,64439.0
201,2019-09-25,31.92,33.6,31.8,32.28,43356.0
202,2019-09-26,31.92,33.12,31.08,31.68,21343.0
203,2019-09-27,31.44,32.64,31.08,31.32,16618.0
204,2019-09-30,31.68,33.0,29.88,30.12,25854.0
205,2019-10-01,30.0,31.08,29.52,29.64,30719.0
206,2019-10-02,28.8,30.72,28.2,28.56,45622.0
207,2019-10-03,28.92,29.64,27.72,28.2,18686.0
208,2019-10-04,29.28,29.28,27.6,27.96,10578.0
209,2019-10-07,27.72,28.8,26.76,27.6,41694.0
210,2019-10-08,27.36,27.48,25.92,26.04,29738.0
211,2019-10-09,26.76,28.56,25.68,25.92,54394.0
212,2019-10-10,25.68,27.48,24.84,26.4,39451.0
213,2019-10-11,26.64,33.0,26.04,32.04,273203.0
214,2019-10-14,31.8,32.64,30.96,31.8,37094.0
215,2019-10-15,31.56,35.88,31.56,33.6,127625.0
216,2019-10-16,34.56,34.56,31.68,33.24,33251.0
217,2019-10-17,33.0,33.12,31.92,32.28,26772.0
218,2019-10-18,31.68,33.0,31.68,32.4,61043.0
219,2019-10-21,32.28,32.4,31.2,31.8,15442.0
220,2019-10-22,31.44,32.16,29.04,29.04,43116.0
221,2019-10-23,29.16,31.44,29.16,30.12,26416.0
222,2019-10-24,30.0,30.48,29.04,29.52,35080.0
223,2019-10-25,29.28,31.2,29.28,29.88,31543.0
224,2019-10-28,30.24,30.6,28.8,29.16,34828.0
225,2019-10-29,29.16,30.36,28.8,29.04,198717.0
226,2019-10-30,30.0,30.0,27.0,27.72,242010.0
227,2019-10-31,27.84,29.04,26.04,26.04,36451.0
228,2019-11-01,26.4,27.6,25.92,26.16,76004.0
229,2019-11-04,27.12,27.36,26.28,27.36,42611.0
230,2019-11-05,27.36,29.28,27.36,28.2,49508.0
231,2019-11-06,27.6,27.96,26.4,26.4,37953.0
232,2019-11-07,26.64,29.04,26.52,28.2,61712.0
233,2019-11-08,27.48,28.8,27.48,28.44,18151.0
234,2019-11-11,27.6,28.32,26.52,27.12,36979.0
235,2019-11-12,27.36,27.72,26.64,27.6,22874.0
236,2019-11-13,28.08,28.08,26.88,27.0,27496.0
237,2019-11-14,26.28,27.0,25.44,25.56,96679.0
238,2019-11-15,25.32,26.16,25.32,25.44,48356.0
239,2019-11-18,25.32,25.8,24.12,24.24,69105.0
240,2019-11-19,24.36,25.2,24.24,24.96,90326.0
241,2019-11-20,25.68,25.68,24.48,25.2,22644.0
242,2019-11-21,25.2,25.68,24.48,25.68,15164.0
243,2019-11-22,25.2,25.32,24.48,24.48,26841.0
244,2019-11-25,25.32,25.44,24.24,24.36,39630.0
245,2019-11-26,25.32,25.32,24.24,24.36,45168.0
246,2019-11-27,24.96,25.56,24.36,24.36,89983.0
247,2019-11-29,24.12,26.4,24.12,24.48,64312.0
248,2019-12-02,25.32,25.32,24.0,25.08,66565.0
249,2019-12-03,24.12,24.72,23.28,24.48,27642.0
250,2019-12-04,25.2,25.2,24.48,24.96,18684.0
251,2019-12-05,24.36,25.08,22.8,24.0,114035.0
252,2019-12-06,23.76,24.6,23.4,23.52,38875.0
253,2019-12-09,23.04,24.0,22.92,23.64,26786.0
254,2019-12-10,23.64,23.88,22.8,23.04,42492.0
255,2019-12-11,23.52,23.76,22.44,23.16,55280.0
256,2019-12-12,22.8,23.76,22.68,23.28,179783.0
257,2019-12-13,24.12,24.12,23.28,24.0,68532.0
258,2019-12-16,23.52,26.28,23.52,25.32,226747.0
259,2019-12-17,24.6,25.68,24.6,25.2,29184.0
260,2019-12-18,24.84,25.56,24.84,25.44,9930.0
261,2019-12-19,25.32,26.52,25.32,26.16,48074.0
262,2019-12-20,25.8,26.4,25.8,26.28,52624.0
263,2019-12-23,26.28,28.32,24.84,24.84,350850.0
264,2019-12-24,25.8,26.16,25.32,26.16,51941.0
265,2019-12-26,25.68,26.88,25.68,26.04,42936.0
266,2019-12-27,26.64,26.64,25.44,25.92,37565.0
267,2019-12-30,25.56,26.4,24.84,26.16,75841.0
268,2019-12-31,26.28,27.36,26.28,27.36,47860.0
269,2020-01-02,27.48,28.44,26.52,28.2,113286.0
270,2020-01-03,27.6,30.0,26.52,29.64,105644.0
271,2020-01-06,29.64,30.0,28.92,29.88,92443.0
272,2020-01-07,29.76,29.76,28.44,28.56,55884.0
273,2020-01-08,28.68,29.88,28.2,29.52,67277.0
274,2020-01-09,29.64,30.0,28.68,29.88,54086.0
275,2020-01-10,30.36,30.6,29.4,29.88,70459.0
276,2020-01-13,29.52,29.52,28.32,28.92,36489.0
277,2020-01-14,29.76,31.08,29.76,30.24,148869.0
278,2020-01-15,29.76,30.0,29.4,29.64,29911.0
279,2020-01-16,29.4,30.6,29.4,30.0,40614.0
280,2020-01-17,30.96,30.96,28.92,29.64,56515.0
281,2020-01-21,30.12,30.12,27.96,28.8,43454.0
282,2020-01-22,28.56,29.16,28.32,28.68,23662.0
283,2020-01-23,28.2,28.2,26.4,27.0,31433.0
284,2020-01-24,27.36,28.2,25.2,26.52,42154.0
285,2020-01-27,25.56,26.28,25.32,26.04,13900.0
286,2020-01-28,25.92,26.04,25.2,25.56,24729.0
287,2020-01-29,25.08,26.04,24.84,25.2,23332.0
288,2020-01-30,25.44,26.4,24.84,25.44,20683.0
289,2020-01-31,26.16,26.16,24.6,24.6,10650.0
290,2020-02-03,24.6,25.2,23.76,24.0,58210.0
291,2020-02-04,23.76,25.56,23.76,24.96,34378.0
292,2020-02-05,24.96,25.32,24.0,24.0,35837.0
293,2020-02-06,24.72,25.2,23.76,23.76,8990.0
294,2020-02-07,24.6,24.6,23.76,24.0,19935.0
295,2020-02-10,24.72,24.72,23.88,23.88,18877.0
296,2020-02-11,23.88,25.32,23.88,24.6,44097.0
297,2020-02-12,24.36,25.2,24.0,24.36,35798.0
298,2020-02-13,25.08,25.08,23.76,23.76,42475.0
299,2020-02-14,23.64,23.88,22.2,23.04,130128.0
300,2020-02-18,22.68,23.4,21.24,22.2,55239.0
301,2020-02-19,23.04,23.88,22.32,22.44,65728.0
302,2020-02-20,23.28,23.64,22.2,22.2,46785.0
303,2020-02-21,22.44,23.76,22.44,23.16,38335.0
304,2020-02-24,22.08,23.88,22.08,22.56,28500.0
305,2020-02-25,23.04,23.04,21.84,22.2,41999.0
306,2020-02-26,22.2,23.04,22.2,22.92,42749.0
307,2020-02-27,21.96,22.92,21.36,22.92,67152.0
308,2020-02-28,22.2,22.2,21.12,21.84,47615.0
309,2020-03-02,22.08,22.08,21.0,21.24,42753.0
310,2020-03-03,21.24,21.24,20.76,21.12,106552.0
311,2020-03-04,21.12,22.2,21.12,22.08,89310.0
312,2020-03-05,22.2,22.2,21.6,22.08,20195.0
313,2020-03-06,22.2,22.2,21.36,21.36,7113.0
314,2020-03-09,21.12,22.08,20.64,20.64,85555.0
315,2020-03-10,20.4,20.64,18.0,19.68,87699.0
316,2020-03-11,19.2,20.88,19.2,19.8,19142.0
317,2020-03-12,18.48,18.48,12.6,13.92,108636.0
318,2020-03-13,15.0,15.48,13.2,13.2,45364.0
319,2020-03-16,12.24,12.84,10.56,12.0,142348.0
320,2020-03-17,12.0,13.44,12.0,12.48,64311.0
321,2020-03-18,11.64,13.08,11.64,12.36,44379.0
322,2020-03-19,12.0,16.2,12.0,15.84,92589.0
323,2020-03-20,15.24,15.84,13.32,13.32,43071.0
324,2020-03-23,13.32,14.28,13.32,13.56,39703.0
325,2020-03-24,13.68,17.28,13.68,15.24,74657.0
326,2020-03-25,14.64,17.04,13.8,13.8,83956.0
327,2020-03-26,14.76,14.76,13.2,13.2,99111.0
328,2020-03-27,13.8,13.8,12.24,12.24,78446.0
329,2020-03-30,12.24,12.84,12.12,12.72,31202.0
330,2020-03-31,12.36,14.4,12.36,13.68,68633.0
331,2020-04-01,13.8,14.04,12.24,12.48,35241.0
332,2020-04-02,12.36,12.72,11.76,11.76,56840.0
333,2020-04-03,11.76,11.76,11.4,11.52,11968.0
334,2020-04-06,11.64,12.24,11.52,11.64,41120.0
335,2020-04-07,12.24,12.72,11.52,11.52,33600.0
336,2020-04-08,11.52,12.0,11.4,11.64,56446.0
337,2020-04-09,12.0,12.6,10.92,11.28,59207.0
338,2020-04-13,11.88,12.48,11.52,12.24,82045.0
339,2020-04-14,12.96,12.96,11.88,11.88,95721.0
340,2020-04-15,12.36,12.36,11.52,12.12,75720.0
341,2020-04-16,11.88,12.36,11.64,11.88,53260.0
342,2020-04-17,12.36,12.6,12.12,12.48,37193.0
343,2020-04-20,13.08,13.08,12.0,12.24,58096.0
344,2020-04-21,12.24,12.36,11.52,11.52,31421.0
345,2020-04-22,12.0,12.48,11.52,11.88,34094.0
346,2020-04-23,11.88,12.36,11.76,12.12,65553.0
347,2020-04-24,11.88,12.6,11.88,12.48,57986.0
348,2020-04-27,12.6,13.92,12.6,13.56,109266.0
349,2020-04-28,13.08,14.4,13.08,13.8,99603.0
350,2020-04-29,14.16,15.36,14.16,14.64,70588.0
351,2020-04-30,14.52,14.64,13.8,14.28,48037.0
352,2020-05-01,13.56,14.88,12.24,12.6,67456.0
353,2020-05-04,12.96,13.08,12.24,12.24,37854.0
354,2020-05-05,12.48,12.84,12.24,12.24,28025.0
355,2020-05-06,12.24,12.6,12.0,12.0,21048.0
356,2020-05-07,12.0,13.44,12.0,12.96,84312.0
357,2020-05-08,12.72,13.56,12.36,12.96,45919.0
358,2020-05-11,12.6,13.32,12.48,13.2,21932.0
359,2020-05-12,13.44,13.44,12.84,12.96,34744.0
360,2020-05-13,13.56,13.56,12.36,12.36,39088.0
361,2020-05-14,12.36,12.84,12.24,12.6,19132.0
362,2020-05-15,12.6,13.2,12.6,12.6,37843.0
363,2020-05-18,13.8,14.76,13.2,13.68,106786.0
364,2020-05-19,14.04,14.04,13.08,13.68,23220.0
365,2020-05-20,14.28,14.28,13.08,13.08,78998.0
366,2020-05-21,13.68,13.68,12.72,13.2,60522.0
367,2020-05-22,13.56,13.56,12.72,13.2,37220.0
368,2020-05-26,13.68,13.68,13.2,13.2,46103.0
369,2020-05-27,13.8,14.88,13.2,14.88,134738.0
370,2020-05-28,15.24,18.96,14.76,18.0,221514.0
371,2020-05-29,18.6,18.6,14.4,15.72,231959.0
372,2020-06-01,14.76,15.72,14.64,14.76,50207.0
373,2020-06-02,15.84,23.28,15.84,19.44,318103.0
374,2020-06-03,19.56,21.0,18.36,19.08,115516.0
375,2020-06-04,18.48,21.12,18.48,19.56,148980.0
376,2020-06-05,18.96,19.8,18.0,18.12,60502.0
377,2020-06-08,18.84,19.56,18.36,19.44,124601.0
378,2020-06-09,19.44,20.16,17.88,19.44,98109.0
379,2020-06-10,18.96,19.2,17.4,18.72,76503.0
380,2020-06-11,17.76,18.72,16.92,17.16,58126.0
381,2020-06-12,16.92,18.48,16.92,17.88,65191.0
382,2020-06-15,17.64,19.8,17.04,19.56,95087.0
383,2020-06-16,19.2,21.6,18.6,21.12,115931.0
384,2020-06-17,20.28,22.8,20.28,21.24,152004.0
385,2020-06-18,21.36,22.56,20.4,20.64,135624.0
386,2020-06-19,20.4,22.2,19.92,20.04,81069.0
387,2020-06-22,19.68,21.0,19.68,20.4,68201.0
388,2020-06-23,20.16,21.48,19.92,21.0,101387.0
389,2020-06-24,21.0,22.08,20.52,21.36,80958.0
390,2020-06-25,20.88,21.96,20.16,21.48,72878.0
391,2020-06-26,20.76,21.6,19.8,21.0,59690.0
392,2020-06-29,20.52,21.72,20.52,21.36,40420.0
393,2020-06-30,20.88,22.32,20.88,21.6,57520.0
394,2020-07-01,22.2,26.04,22.2,24.0,178529.0
395,2020-07-02,25.92,26.16,24.84,25.32,113330.0
396,2020-07-06,27.24,38.16,26.88,34.68,1597318.0
397,2020-07-07,34.44,82.2,31.32,71.04,23139399.0
398,2020-07-08,61.92,65.76,46.8,59.4,7009942.0
399,2020-07-09,57.0,75.6,52.8,56.4,7526524.0
400,2020-07-10,58.32,60.6,49.56,50.4,1432408.0
401,2020-07-13,56.52,58.2,43.44,44.64,1025311.0
402,2020-07-14,43.32,43.92,37.92,38.52,656860.0
403,2020-07-15,40.56,42.36,38.76,41.04,344024.0
404,2020-07-16,39.12,39.12,36.96,37.32,297996.0
405,2020-07-17,37.2,43.8,35.28,40.56,1041336.0
406,2020-07-20,40.8,42.0,37.32,38.52,555809.0
407,2020-07-21,38.52,40.56,37.56,38.88,302186.0
408,2020-07-22,37.92,39.24,33.6,35.4,327344.0
409,2020-07-23,36.24,36.24,31.44,31.44,254319.0
410,2020-07-24,30.6,31.32,27.0,27.48,343485.0
411,2020-07-27,27.48,29.4,26.64,28.08,414050.0
412,2020-07-28,27.48,28.44,26.04,27.36,170215.0
413,2020-07-29,27.0,27.6,25.92,26.4,228775.0
414,2020-07-30,26.4,45.6,24.36,42.0,5514463.0
415,2020-07-31,51.0,56.64,32.4,36.6,8713027.0
416,2020-08-03,31.68,34.8,30.24,31.08,1210900.0
417,2020-08-04,30.24,34.68,30.12,30.96,771535.0
418,2020-08-05,30.6,31.32,29.04,30.12,519686.0
419,2020-08-06,29.76,30.48,28.44,29.04,496733.0
420,2020-08-07,30.0,30.84,27.6,29.76,587624.0
421,2020-08-10,30.84,30.84,28.2,29.16,378325.0
422,2020-08-11,28.68,29.88,26.76,26.88,505674.0
423,2020-08-12,26.88,27.6,25.56,26.76,328112.0
424,2020-08-13,25.92,27.6,25.2,26.88,357139.0
425,2020-08-14,26.64,26.88,25.44,26.04,343512.0
426,2020-08-17,26.52,27.0,26.4,26.52,256124.0
427,2020-08-18,26.88,44.4,26.52,32.88,13526877.0
428,2020-08-19,34.8,36.72,30.24,33.36,2894602.0
429,2020-08-20,33.84,34.56,32.04,32.76,797081.0
430,2020-08-21,32.4,41.16,31.8,37.68,3973511.0
431,2020-08-24,31.92,33.24,29.16,30.0,1568539.0
432,2020-08-25,29.4,31.44,28.2,29.64,445885.0
433,2020-08-26,31.2,31.2,27.72,28.44,535758.0
434,2020-08-27,27.96,31.8,27.72,30.48,936771.0
435,2020-08-28,29.76,30.48,29.04,29.88,277658.0
436,2020-08-31,29.04,30.0,28.44,29.64,289899.0
437,2020-09-01,30.0,30.12,28.56,29.16,328820.0
438,2020-09-02,28.44,29.76,27.84,29.76,182052.0
439,2020-09-03,28.8,29.4,28.08,28.2,144631.0
440,2020-09-04,28.2,28.92,24.84,27.24,199976.0
441,2020-09-08,25.8,28.68,25.8,27.24,102174.0
442,2020-09-09,27.12,28.2,26.4,26.4,196238.0
443,2020-09-10,27.48,27.6,26.4,26.76,126226.0
444,2020-09-11,27.36,27.36,25.32,25.56,121166.0
445,2020-09-14,27.6,31.2,26.88,28.8,557949.0
446,2020-09-15,28.32,29.16,27.84,27.84,84491.0
447,2020-09-16,28.32,29.88,27.6,27.6,113697.0
448,2020-09-17,27.6,28.08,26.88,27.96,122219.0
449,2020-09-18,27.84,28.2,27.36,28.08,41166.0
450,2020-09-21,27.72,27.96,26.4,27.96,86437.0
451,2020-09-22,27.24,27.96,27.24,27.6,35202.0
452,2020-09-23,26.88,28.68,26.88,27.96,88269.0
453,2020-09-24,26.88,27.84,25.68,27.12,81037.0
454,2020-09-25,26.88,27.96,26.88,27.36,58675.0
455,2020-09-28,27.36,29.28,27.36,28.44,75918.0
456,2020-09-29,28.92,29.28,28.2,28.2,71096.0
457,2020-09-30,28.2,28.92,27.84,28.2,35874.0
458,2020-10-01,28.44,30.96,27.6,29.4,198852.0
459,2020-10-02,28.08,30.24,27.96,28.92,67969.0
460,2020-10-05,28.8,29.4,27.6,27.6,73727.0
461,2020-10-06,27.6,28.68,27.12,27.48,87488.0
462,2020-10-07,27.48,28.32,27.48,28.08,56715.0
463,2020-10-08,27.84,29.4,27.84,29.4,104827.0
464,2020-10-09,29.52,30.72,29.16,30.72,160905.0
465,2020-10-12,31.2,31.2,29.52,30.72,119580.0
466,2020-10-13,30.24,30.36,29.52,29.88,37374.0
467,2020-10-14,30.0,31.08,28.2,29.52,96607.0
468,2020-10-15,29.28,29.28,28.2,29.04,42956.0
469,2020-10-16,29.4,31.08,28.92,29.76,124961.0
470,2020-10-19,29.76,35.88,29.76,33.36,479930.0
471,2020-10-20,33.0,34.56,32.76,33.96,202325.0
472,2020-10-21,34.68,39.36,34.44,38.76,710051.0
473,2020-10-22,39.72,42.6,35.4,38.04,679480.0
474,2020-10-23,37.2,37.2,34.44,35.4,169344.0
475,2020-10-26,34.8,35.52,32.4,32.76,106563.0
476,2020-10-27,32.64,33.48,31.2,31.56,159613.0
477,2020-10-28,31.2,31.56,30.12,30.96,93031.0
478,2020-10-29,30.36,33.24,30.0,32.4,158408.0
479,2020-10-30,32.4,32.4,30.0,30.6,65974.0
480,2020-11-02,31.92,32.52,31.08,32.4,39764.0
481,2020-11-03,32.64,33.6,31.44,32.64,145591.0
482,2020-11-04,32.4,33.6,31.92,32.52,227886.0
483,2020-11-05,32.52,35.4,32.28,32.76,177754.0
484,2020-11-06,33.0,33.24,31.44,32.4,72186.0
485,2020-11-09,32.52,34.08,31.92,32.16,92469.0
486,2020-11-10,32.04,33.0,30.24,32.4,90955.0
487,2020-11-11,32.4,33.48,31.56,32.28,80350.0
488,2020-11-12,32.4,34.44,32.4,33.24,118139.0
489,2020-11-13,34.44,34.68,30.24,32.4,461156.0
490,2020-11-16,32.64,33.12,31.8,32.4,149354.0
491,2020-11-17,31.8,33.48,31.8,32.88,280854.0
492,2020-11-18,33.36,33.72,29.04,29.28,641529.0
493,2020-11-19,29.52,31.92,28.92,31.56,230710.0
494,2020-11-20,30.96,31.92,29.76,30.96,139797.0
495,2020-11-23,30.96,32.4,30.0,30.6,360200.0
496,2020-11-24,30.6,38.4,29.88,33.84,1389577.0
497,2020-11-25,36.24,37.68,33.12,34.2,1155892.0
498,2020-11-27,35.64,36.12,32.04,32.88,687850.0
499,2020-11-30,32.64,32.64,26.16,27.72,1414451.0
500,2020-12-01,28.32,28.8,27.36,27.72,293162.0
501,2020-12-02,27.36,28.08,25.32,27.6,332679.0
502,2020-12-03,27.96,28.56,27.12,27.48,154624.0
503,2020-12-04,27.48,28.08,26.52,27.24,245761.0
504,2020-12-07,27.48,28.8,27.48,27.96,174778.0
505,2020-12-08,28.44,28.44,27.0,27.72,180694.0
506,2020-12-09,28.08,28.32,26.76,26.76,223823.0
507,2020-12-10,27.48,28.8,26.88,27.72,166921.0
508,2020-12-11,27.96,28.8,27.6,27.84,66002.0
509,2020-12-14,29.4,29.4,26.64,27.12,357096.0
510,2020-12-15,27.48,27.96,26.76,26.88,122866.0
511,2020-12-16,27.36,28.08,27.0,27.24,97115.0
512,2020-12-17,27.0,27.96,27.0,27.84,53775.0
513,2020-12-18,27.96,29.28,27.96,28.68,197092.0
514,2020-12-21,28.68,28.68,27.6,28.2,61378.0
515,2020-12-22,27.72,27.96,27.0,27.36,91974.0
516,2020-12-23,31.68,31.68,27.96,28.8,738985.0
517,2020-12-24,28.8,30.0,27.6,29.76,683085.0
518,2020-12-28,29.52,29.64,26.76,27.0,398632.0
519,2020-12-29,27.72,27.72,26.4,27.48,135399.0
520,2020-12-30,27.0,27.72,26.4,27.12,248932.0
521,2020-12-31,27.0,27.24,25.56,26.04,329293.0
522,2021-01-04,25.92,26.4,24.0,24.48,555301.0
523,2021-01-05,25.56,25.56,24.12,24.48,307294.0
524,2021-01-06,24.72,27.24,24.72,26.04,226142.0
525,2021-01-07,26.64,26.88,25.56,26.88,120438.0
526,2021-01-08,26.88,27.12,26.4,26.76,170714.0
527,2021-01-11,26.52,27.36,26.04,26.28,128531.0
528,2021-01-12,26.16,27.0,25.2,26.52,148737.0
529,2021-01-13,26.76,26.88,25.68,26.4,161870.0
530,2021-01-14,26.4,27.84,25.92,27.36,296327.0
531,2021-01-15,26.64,30.48,26.64,27.96,541519.0
532,2021-01-19,28.56,29.76,27.0,29.76,157101.0
533,2021-01-20,30.12,30.12,27.84,28.92,232927.0
534,2021-01-21,29.64,30.0,28.2,29.88,166032.0
535,2021-01-22,29.76,29.88,29.16,29.52,121662.0
536,2021-01-25,31.2,31.68,29.4,30.24,373934.0
537,2021-01-26,30.24,30.96,28.32,29.28,132826.0
538,2021-01-27,29.4,30.96,28.68,30.24,261979.0
539,2021-01-28,29.76,30.6,28.92,29.64,97195.0
540,2021-01-29,29.88,30.0,27.6,27.6,288277.0
541,2021-02-01,27.84,29.16,27.72,28.2,99214.0
542,2021-02-02,28.8,29.04,27.84,28.2,94243.0
543,2021-02-03,29.04,30.48,28.8,29.76,289322.0
544,2021-02-04,31.8,37.68,30.6,34.8,2144688.0
545,2021-02-05,41.64,41.64,33.12,37.08,1938550.0
546,2021-02-08,35.4,35.64,32.16,33.0,1505472.0
547,2021-02-09,33.6,33.6,30.24,30.72,1350701.0
548,2021-02-10,31.8,34.32,29.16,31.68,1809398.0
549,2021-02-11,32.16,34.8,31.68,34.68,1102515.0
550,2021-02-12,34.08,36.0,32.4,34.56,566896.0
551,2021-02-16,35.4,36.0,34.2,35.88,785531.0
552,2021-02-17,36.96,39.96,35.16,39.6,2831784.0
553,2021-02-18,40.8,42.0,36.6,38.16,1593295.0
554,2021-02-19,38.28,38.76,33.6,33.6,1682932.0
555,2021-02-22,32.88,32.88,30.6,30.84,1594418.0
556,2021-02-23,29.4,29.76,25.44,28.8,911353.0
557,2021-02-24,30.12,31.08,29.4,30.0,657235.0
558,2021-02-25,30.48,30.6,26.64,27.6,1183522.0
559,2021-02-26,27.6,27.96,24.84,24.84,785656.0
560,2021-03-01,26.04,26.16,24.36,25.2,790128.0
561,2021-03-02,25.8,26.28,23.52,23.52,1041151.0
562,2021-03-03,23.52,25.56,23.52,24.84,966828.0
563,2021-03-04,24.72,24.72,22.2,22.44,640093.0
564,2021-03-05,22.2,22.56,18.72,22.44,717187.0
565,2021-03-08,21.6,23.28,21.12,22.32,354667.0
566,2021-03-09,22.56,24.6,21.72,24.0,582172.0
567,2021-03-10,24.84,24.84,23.04,23.16,292656.0
568,2021-03-11,23.88,24.72,23.4,24.12,311630.0
569,2021-03-12,23.88,25.08,23.52,25.08,164463.0
570,2021-03-15,25.08,25.92,24.36,24.84,318098.0
571,2021-03-16,25.32,25.32,24.0,24.36,151061.0
572,2021-03-17,24.0,26.16,23.16,25.68,416854.0
573,2021-03-18,24.0,30.96,24.0,25.2,2379891.0
574,2021-03-19,25.68,26.52,24.72,26.52,379360.0
575,2021-03-22,26.76,27.48,25.08,25.68,356869.0
576,2021-03-23,25.68,25.68,22.92,23.04,460329.0
577,2021-03-24,23.88,23.88,21.24,21.48,471028.0
578,2021-03-25,21.0,22.56,20.76,21.6,214621.0
579,2021-03-26,23.04,23.04,21.36,22.32,170711.0
580,2021-03-29,22.32,22.8,21.48,21.96,104118.0
581,2021-03-30,22.32,23.64,21.36,23.64,324197.0
582,2021-03-31,22.8,23.88,22.56,23.28,125097.0
583,2021-04-01,24.0,24.36,23.28,24.0,126358.0
584,2021-04-05,23.88,25.2,23.52,24.0,193330.0
585,2021-04-06,24.48,24.48,23.88,24.0,79189.0
586,2021-04-07,22.92,23.88,21.72,22.32,340737.0
587,2021-04-08,22.32,23.4,22.32,22.8,38722.0
588,2021-04-09,23.16,24.12,22.56,23.64,138117.0
589,2021-04-12,23.76,23.76,22.08,22.56,130272.0
590,2021-04-13,21.72,22.68,21.72,22.08,175814.0
591,2021-04-14,23.04,23.04,20.52,22.32,589676.0
592,2021-04-15,21.6,22.08,19.92,20.4,295748.0
593,2021-04-16,20.16,20.28,19.08,19.32,255249.0
594,2021-04-19,19.44,20.04,18.84,19.44,204800.0
595,2021-04-20,18.48,19.56,18.24,18.36,163102.0
596,2021-04-21,18.96,19.2,18.12,18.96,121937.0
597,2021-04-22,19.2,21.0,19.2,19.8,167158.0
598,2021-04-23,19.8,20.28,19.2,20.04,49880.0
599,2021-04-26,20.28,21.12,19.44,20.76,73761.0
600,2021-04-27,20.4,21.0,20.16,20.4,45697.0
601,2021-04-28,20.76,21.84,19.8,20.76,156304.0
602,2021-04-29,21.6,21.6,19.56,19.92,151155.0
603,2021-04-30,19.68,20.28,18.84,19.08,241431.0
604,2021-05-03,18.6,19.32,18.36,18.84,108845.0
605,2021-05-04,19.08,19.08,18.0,18.6,152111.0
606,2021-05-05,18.36,19.8,18.36,18.72,157096.0
607,2021-05-06,18.72,19.2,17.64,18.0,318488.0
608,2021-05-07,18.0,19.44,18.0,18.84,166731.0
609,2021-05-10,18.72,19.08,17.88,18.84,103882.0
610,2021-05-11,17.76,19.08,17.76,18.6,83372.0
611,2021-05-12,18.6,19.56,18.0,18.0,130047.0
612,2021-05-13,18.0,18.6,16.8,17.04,185501.0
613,2021-05-14,17.04,18.48,17.04,18.12,110779.0
614,2021-05-17,18.24,18.6,18.0,18.48,142307.0
615,2021-05-18,18.36,19.2,18.36,18.96,68394.0
616,2021-05-19,18.24,19.2,18.24,18.72,61892.0
617,2021-05-20,19.08,20.88,18.48,19.8,224270.0
618,2021-05-21,19.8,20.04,18.72,18.72,58517.0
619,2021-05-24,19.2,20.04,18.84,19.68,101392.0
620,2021-05-25,20.16,20.16,18.96,19.2,23047.0
621,2021-05-26,19.68,21.36,19.32,20.76,124883.0
622,2021-05-27,21.12,21.36,18.36,18.36,228807.0
623,2021-05-28,19.68,20.4,18.6,20.04,398540.0
624,2021-06-01,20.4,21.0,19.8,20.64,125256.0
625,2021-06-02,20.88,20.88,19.32,20.04,189347.0
626,2021-06-03,19.8,19.8,18.72,18.84,200168.0
627,2021-06-04,19.2,19.2,18.6,18.84,95707.0
628,2021-06-07,18.72,19.2,18.0,19.2,136857.0
629,2021-06-08,19.32,19.8,18.48,19.8,150851.0
630,2021-06-09,19.56,21.0,19.56,21.0,247010.0
631,2021-06-10,20.76,21.0,20.16,20.76,65171.0
632,2021-06-11,20.88,21.24,19.68,20.28,171115.0
633,2021-06-14,20.04,21.6,19.68,21.24,184475.0
634,2021-06-15,20.88,21.12,19.56,19.8,129427.0
635,2021-06-16,20.28,20.52,19.56,19.92,74163.0
636,2021-06-17,19.56,20.16,19.56,19.92,24064.0
637,2021-06-18,19.68,20.04,19.32,19.8,47349.0
638,2021-06-21,19.68,19.68,18.0,18.84,201013.0
639,2021-06-22,18.84,19.08,18.24,18.96,124589.0
640,2021-06-23,18.72,19.08,18.6,18.84,77803.0
641,2021-06-24,18.96,19.32,18.6,19.08,104139.0
642,2021-06-25,18.96,19.56,18.96,19.44,23324.0
643,2021-06-28,19.68,20.76,19.2,20.76,252383.0
644,2021-06-29,20.76,21.12,19.32,19.68,236257.0
645,2021-06-30,20.28,20.64,18.96,19.92,175147.0
646,2021-07-01,19.8,20.4,19.68,20.16,77855.0
647,2021-07-02,20.52,20.52,19.32,19.68,29075.0
648,2021-07-06,19.92,20.16,18.72,19.68,151594.0
649,2021-07-07,19.92,19.92,18.48,19.2,186574.0
650,2021-07-08,18.36,18.36,17.52,17.88,176049.0
651,2021-07-09,17.76,18.96,17.76,18.0,70837.0
652,2021-07-12,18.24,18.24,17.76,18.24,45171.0
653,2021-07-13,17.88,18.24,17.76,17.88,53130.0
654,2021-07-14,17.64,18.12,16.56,16.56,228457.0
655,2021-07-15,16.56,16.8,15.48,15.84,225695.0
656,2021-07-16,16.2,16.56,15.72,15.84,105264.0
657,2021-07-19,15.0,15.84,14.4,15.84,121359.0
658,2021-07-20,15.24,15.72,14.4,15.48,82228.0
659,2021-07-21,15.72,15.96,14.76,15.6,88250.0
660,2021-07-22,15.6,15.84,15.48,15.6,38097.0
661,2021-07-23,15.48,15.6,13.68,13.8,294838.0
662,2021-07-26,13.44,13.68,12.36,12.36,3404495.0
663,2021-07-27,15.0,20.04,12.72,15.24,17171216.0
664,2021-07-28,13.92,14.52,13.2,14.16,1479335.0
665,2021-07-29,13.56,15.12,13.32,15.0,1147569.0
666,2021-07-30,13.8,14.4,13.56,14.4,425437.0
667,2021-08-02,14.16,14.16,13.56,14.04,232945.0
668,2021-08-03,14.28,14.28,13.44,13.68,170303.0
669,2021-08-04,14.04,14.04,13.32,13.44,158993.0
670,2021-08-05,13.68,13.92,12.84,13.92,286742.0
671,2021-08-06,13.92,14.28,13.56,14.16,139991.0
672,2021-08-09,14.52,15.12,13.8,14.28,408469.0
673,2021-08-10,14.4,14.64,13.92,14.28,75218.0
674,2021-08-11,14.04,14.28,13.8,14.04,166782.0
675,2021-08-12,13.92,14.16,13.68,13.92,215096.0
676,2021-08-13,13.68,13.92,13.2,13.32,149408.0
677,2021-08-16,13.44,13.44,11.76,12.0,464947.0
678,2021-08-17,11.88,12.0,11.16,11.52,127682.0
679,2021-08-18,11.64,12.0,11.16,11.52,131450.0
680,2021-08-19,11.4,11.4,10.92,10.92,212960.0
681,2021-08-20,11.04,11.16,10.56,10.8,121822.0
682,2021-08-23,10.68,12.36,10.68,11.4,508569.0
683,2021-08-24,11.64,12.84,11.52,12.0,163167.0
684,2021-08-25,12.36,12.6,11.76,12.12,64352.0
685,2021-08-26,11.88,12.6,11.76,11.88,103958.0
686,2021-08-27,12.24,13.32,12.24,13.2,3443849.0
687,2021-08-30,12.96,13.2,12.72,13.08,352283.0
688,2021-08-31,13.2,14.16,12.6,14.04,311225.0
689,2021-09-01,14.04,14.28,13.44,13.56,195850.0
690,2021-09-02,13.56,14.28,13.56,13.92,128347.0
691,2021-09-03,14.16,14.52,13.68,14.4,119270.0
692,2021-09-07,14.52,14.52,13.68,13.92,103318.0
693,2021-09-08,13.68,13.92,13.2,13.8,134075.0
694,2021-09-09,13.56,14.16,13.2,13.56,90039.0
695,2021-09-10,13.92,14.04,13.32,13.68,81418.0
696,2021-09-13,13.56,13.56,13.08,13.2,66609.0
697,2021-09-14,13.08,13.44,12.84,12.96,62939.0
698,2021-09-15,12.84,13.08,11.76,12.0,272637.0
699,2021-09-16,12.36,12.48,12.0,12.36,55525.0
700,2021-09-17,12.6,12.6,11.76,12.24,67808.0
701,2021-09-20,11.4,12.24,11.4,12.0,157485.0
702,2021-09-21,12.0,12.24,11.76,12.24,39696.0
703,2021-09-22,12.36,12.48,12.0,12.48,56371.0
704,2021-09-23,12.72,12.72,12.12,12.72,132734.0
705,2021-09-24,12.6,12.72,12.24,12.48,24601.0
706,2021-09-27,12.72,12.72,12.0,12.24,39544.0
707,2021-09-28,12.12,12.36,12.0,12.36,93768.0
708,2021-09-29,12.6,12.6,11.64,12.24,173752.0
709,2021-09-30,12.12,12.24,11.4,11.64,68371.0
710,2021-10-01,12.0,12.0,11.4,11.52,38100.0
711,2021-10-04,11.4,12.0,11.4,11.52,68960.0
712,2021-10-05,11.4,11.64,11.16,11.52,51111.0
713,2021-10-06,11.64,11.76,11.16,11.64,19656.0
714,2021-10-07,11.28,12.0,11.28,11.76,24612.0
715,2021-10-08,11.76,11.88,11.28,11.76,54655.0
716,2021-10-11,12.0,12.0,11.4,11.76,57290.0
717,2021-10-12,11.16,11.76,11.16,11.52,18369.0
718,2021-10-13,11.52,11.76,11.4,11.4,32960.0
719,2021-10-14,11.28,11.76,11.16,11.4,50956.0
720,2021-10-15,11.4,11.64,11.28,11.4,42369.0
721,2021-10-18,11.52,11.52,10.92,11.4,41166.0
722,2021-10-19,11.4,12.24,10.92,11.88,138169.0
723,2021-10-20,12.24,12.6,11.52,12.36,649565.0
724,2021-10-21,12.0,12.6,11.64,12.48,621910.0
725,2021-10-22,12.6,12.72,11.16,11.4,442298.0
726,2021-10-25,11.28,11.88,11.28,11.76,87829.0
727,2021-10-26,12.12,13.92,11.52,12.6,2364217.0
728,2021-10-27,12.36,13.44,12.0,12.0,568497.0
729,2021-10-28,12.24,12.6,11.76,12.6,199065.0
730,2021-10-29,12.6,12.6,11.76,12.36,158067.0
731,2021-11-01,12.0,12.36,11.76,11.88,121082.0
732,2021-11-02,12.12,12.24,11.64,11.88,64531.0
733,2021-11-03,11.76,11.88,11.64,11.88,38960.0
734,2021-11-04,12.36,12.36,11.4,11.52,107841.0
735,2021-11-05,12.12,12.12,11.4,11.64,64763.0
736,2021-11-08,11.88,12.24,11.52,11.88,323217.0
737,2021-11-09,12.0,12.0,11.52,12.0,165694.0
738,2021-11-10,12.0,12.0,10.92,11.04,382118.0
739,2021-11-11,11.04,11.4,11.04,11.4,124816.0
740,2021-11-12,11.04,11.64,11.04,11.4,87766.0
741,2021-11-15,11.16,11.4,10.92,11.04,141324.0
742,2021-11-16,10.92,11.52,10.92,11.04,119894.0
743,2021-11-17,10.92,11.28,10.56,10.68,92809.0
744,2021-11-18,11.16,11.16,10.2,10.44,230857.0
745,2021-11-19,10.08,10.56,9.84,10.32,154745.0
746,2021-11-22,10.32,10.32,9.0,9.36,385541.0
747,2021-11-23,9.0,9.6,8.4,9.24,359355.0
748,2021-11-24,9.36,9.48,9.36,9.36,30832.0
749,2021-11-26,9.24,9.36,8.64,9.0,50556.0
750,2021-11-29,8.52,8.76,8.4,8.76,87274.0
751,2021-11-30,8.64,8.64,8.04,8.16,262912.0
752,2021-12-01,8.28,8.28,7.92,8.04,75464.0
753,2021-12-02,8.04,8.04,7.2,7.44,318662.0
754,2021-12-03,7.44,7.44,6.12,6.48,282233.0
755,2021-12-06,6.6,6.96,6.24,6.72,193701.0
756,2021-12-07,6.6,7.44,6.6,6.96,121923.0
757,2021-12-08,7.32,7.56,7.08,7.08,79609.0
758,2021-12-09,7.08,7.08,6.6,6.6,69660.0
759,2021-12-10,6.72,6.96,6.36,6.36,74845.0
760,2021-12-13,6.24,6.6,5.76,5.88,145889.0
761,2021-12-14,5.76,6.0,5.4,5.52,168631.0
762,2021-12-15,5.88,5.88,5.04,5.4,358584.0
763,2021-12-16,5.64,5.64,5.04,5.04,171834.0
764,2021-12-17,5.4,5.76,4.56,5.16,380120.0
765,2021-12-20,4.44,5.16,4.44,5.04,273252.0
766,2021-12-21,5.04,5.28,4.68,5.16,113615.0
767,2021-12-22,5.28,5.52,4.92,4.92,244587.0
768,2021-12-23,5.04,5.28,4.32,5.28,254918.0
769,2021-12-27,5.4,5.4,4.56,4.8,207536.0
770,2021-12-28,4.8,4.8,4.44,4.44,291901.0
771,2021-12-29,4.44,4.68,4.32,4.44,302608.0
772,2021-12-30,4.32,5.4,4.2,4.8,969473.0
773,2021-12-31,5.04,5.16,4.32,4.56,383555.0
774,2022-01-03,4.8,5.28,4.56,5.04,510792.0
775,2022-01-04,5.28,5.28,4.8,5.04,231130.0
776,2022-01-05,5.16,5.28,4.68,4.92,430780.0
777,2022-01-06,4.68,4.92,4.32,4.56,252140.0
778,2022-01-07,4.44,4.8,4.44,4.44,189941.0
779,2022-01-10,4.56,4.56,3.96,4.08,216080.0
780,2022-01-11,4.32,4.56,4.08,4.32,161034.0
781,2022-01-12,4.56,5.64,4.32,4.8,1302299.0
782,2022-01-13,4.8,4.92,4.44,4.68,335220.0
783,2022-01-14,4.56,4.56,4.32,4.44,123024.0
784,2022-01-18,4.44,5.04,4.08,4.68,451837.0
785,2022-01-19,4.68,4.8,4.2,4.56,188804.0
786,2022-01-20,4.56,4.56,4.32,4.44,97458.0
787,2022-01-21,4.32,4.32,4.08,4.08,241501.0
788,2022-01-24,4.08,4.2,3.6,3.84,434396.0
789,2022-01-25,3.96,4.2,3.72,3.84,108209.0
790,2022-01-26,3.72,4.2,3.72,3.72,161021.0
791,2022-01-27,3.72,4.08,3.36,3.6,180707.0
792,2022-01-28,3.36,3.48,3.36,3.36,113898.0
793,2022-01-31,3.48,4.2,3.36,3.72,185276.0
794,2022-02-01,3.96,4.44,3.6,3.84,209510.0
795,2022-02-02,4.08,4.08,3.48,3.48,122662.0
796,2022-02-03,3.84,3.84,3.48,3.6,132462.0
797,2022-02-04,3.72,3.96,3.36,3.6,59933.0
798,2022-02-07,3.6,3.72,3.36,3.48,94081.0
799,2022-02-08,3.72,3.72,3.36,3.48,86040.0
800,2022-02-09,3.6,3.72,3.48,3.72,121522.0
801,2022-02-10,3.84,3.96,3.6,3.84,150317.0
802,2022-02-11,3.96,5.16,3.84,4.44,1318655.0
803,2022-02-14,4.68,4.68,3.96,4.32,295309.0
804,2022-02-15,4.8,4.8,4.2,4.56,128099.0
805,2022-02-16,4.44,4.56,3.84,4.2,149950.0
806,2022-02-17,4.32,4.32,3.96,4.08,46138.0
807,2022-02-18,3.96,4.08,3.84,3.84,40519.0
808,2022-02-22,3.6,4.08,3.6,3.6,100363.0
809,2022-02-23,3.84,3.96,3.72,3.72,125349.0
810,2022-02-24,3.36,3.72,3.36,3.6,127438.0
811,2022-02-25,3.6,3.96,3.6,3.72,153177.0
812,2022-02-28,3.72,3.72,3.6,3.6,59141.0
813,2022-03-01,3.6,3.84,3.6,3.6,128750.0
814,2022-03-02,3.6,4.2,3.6,3.72,543381.0
815,2022-03-03,3.84,3.84,3.6,3.6,119589.0
816,2022-03-04,3.72,3.72,3.36,3.6,177748.0
817,2022-03-07,3.48,3.48,3.24,3.36,175726.0
818,2022-03-08,3.24,3.48,3.24,3.24,149430.0
819,2022-03-09,3.36,3.72,3.36,3.72,357716.0
820,2022-03-10,3.6,3.6,3.6,3.6,55007.0
821,2022-03-11,3.6,3.6,3.24,3.24,153519.0
822,2022-03-14,3.48,3.48,3.0,3.0,121584.0
823,2022-03-15,3.12,3.12,3.0,3.0,107010.0
824,2022-03-16,3.12,3.72,3.12,3.6,386333.0
825,2022-03-17,3.6,3.72,3.24,3.36,113820.0
826,2022-03-18,3.6,4.32,3.48,4.2,423249.0
827,2022-03-21,3.72,3.72,3.6,3.72,651266.0
828,2022-03-22,3.72,4.08,3.6,3.96,541087.0
829,2022-03-23,4.2,4.44,3.84,4.08,677690.0
830,2022-03-24,4.08,5.04,4.08,4.8,873264.0
831,2022-03-25,4.56,4.68,4.08,4.44,456766.0
832,2022-03-28,3.89,4.22,3.69,4.07,103873.0
833,2022-03-29,3.78,4.08,3.61,3.87,33214.0
834,2022-03-30,3.82,3.87,3.63,3.68,26154.0
835,2022-03-31,3.79,3.79,3.46,3.52,35684.0
836,2022-04-01,3.62,3.67,3.47,3.51,40948.0
837,2022-04-04,3.6,3.64,3.55,3.62,17978.0
838,2022-04-05,3.69,3.69,3.43,3.44,15966.0
839,2022-04-06,3.54,3.56,3.35,3.41,21131.0
840,2022-04-07,3.38,3.41,3.3,3.3,8472.0
841,2022-04-08,3.3,3.33,3.2,3.29,7659.0
842,2022-04-11,3.2,3.28,3.05,3.09,7979.0
843,2022-04-12,3.05,3.14,2.85,2.86,22838.0
844,2022-04-13,2.86,2.93,2.7,2.78,36578.0
845,2022-04-14,2.72,2.87,2.72,2.75,8607.0
846,2022-04-18,2.84,2.97,2.76,2.83,5435.0
847,2022-04-19,3.0,3.09,2.83,3.06,11202.0
848,2022-04-20,3.02,3.02,2.72,2.8,8863.0
849,2022-04-21,2.94,2.94,2.65,2.66,8861.0
850,2022-04-22,2.69,2.86,2.63,2.63,8416.0
851,2022-04-25,2.72,2.72,2.43,2.47,6678.0
852,2022-04-26,2.58,2.58,2.37,2.41,8984.0
853,2022-04-27,2.35,2.45,2.33,2.42,3630.0
854,2022-04-28,2.43,2.53,2.42,2.43,7476.0
855,2022-04-29,2.56,2.65,2.45,2.63,2485.0
856,2022-05-02,2.66,2.68,2.52,2.52,2095.0
857,2022-05-03,2.61,2.62,2.42,2.42,14371.0
858,2022-05-04,2.51,2.51,2.41,2.46,3547.0
859,2022-05-05,2.55,2.55,2.36,2.36,4012.0
860,2022-05-06,2.34,2.43,2.34,2.37,6419.0
861,2022-05-09,2.38,2.38,2.05,2.13,8104.0
862,2022-05-10,2.1,2.27,2.01,2.06,3522.0
863,2022-05-11,2.11,2.16,2.0,2.01,7086.0
864,2022-05-12,1.92,1.93,1.41,1.44,73183.0
865,2022-05-13,1.51,1.66,1.51,1.59,28013.0
866,2022-05-16,1.75,2.0,1.66,1.7,7313.0
867,2022-05-17,1.59,1.8,1.59,1.71,3498.0
868,2022-05-18,1.71,1.85,1.7,1.85,53428.0
869,2022-05-19,1.93,2.45,1.88,2.14,77355.0
870,2022-05-20,2.18,2.2,1.93,2.15,22583.0
871,2022-05-23,2.19,2.29,2.1,2.12,3028.0
872,2022-05-24,2.08,2.18,2.04,2.12,4490.0
873,2022-05-25,1.99,2.0,1.76,1.76,16033.0
874,2022-05-26,1.84,2.29,1.84,2.2,34449.0
875,2022-05-27,2.24,2.25,2.01,2.1,8238.0
876,2022-05-31,2.15,2.27,2.05,2.05,56993.0
877,2022-06-01,2.08,2.4,1.9,2.18,44970.0
878,2022-06-02,2.24,2.27,2.19,2.23,7142.0
879,2022-06-03,2.3,2.41,2.18,2.18,12911.0
880,2022-06-06,2.18,2.48,2.18,2.38,7294.0
881,2022-06-07,2.52,2.54,2.29,2.39,4576.0
882,2022-06-08,2.42,2.47,2.25,2.47,5433.0
883,2022-06-09,2.35,2.35,2.16,2.22,1755.0
884,2022-06-10,2.14,2.14,1.9,2.01,11338.0
885,2022-06-13,2.01,2.06,1.64,1.94,14746.0
886,2022-06-14,1.87,2.1,1.81,1.92,11275.0
887,2022-06-15,1.93,2.08,1.93,2.01,4099.0
888,2022-06-16,2.05,2.05,1.92,1.92,3657.0
889,2022-06-17,1.91,1.94,1.91,1.94,704.0
890,2022-06-21,1.9,2.0,1.9,1.99,3724.0
891,2022-06-22,2.0,2.01,2.0,2.0,2548.0
892,2022-06-23,1.98,2.26,1.95,2.1,28023.0
893,2022-06-24,2.0,2.02,2.0,2.02,885.0
894,2022-06-27,2.1,2.1,1.94,2.01,9920.0
895,2022-06-28,2.11,2.5,2.06,2.15,43144.0
896,2022-06-29,2.14,2.39,2.14,2.34,6359.0
897,2022-06-30,2.21,2.33,2.01,2.25,5768.0
898,2022-07-01,2.14,2.29,2.14,2.23,4351.0
899,2022-07-05,2.28,2.35,2.1,2.19,6235.0
900,2022-07-06,2.17,2.17,1.96,2.08,1904.0
901,2022-07-07,2.03,2.18,2.03,2.11,4508.0
902,2022-07-08,2.09,2.18,2.09,2.18,3249.0
903,2022-07-11,2.2,2.3,1.9,2.3,6982.0
904,2022-07-12,2.17,2.28,2.02,2.2,13114.0
905,2022-07-13,2.17,2.2,2.04,2.2,3678.0
906,2022-07-14,2.14,2.21,2.0,2.05,5332.0
907,2022-07-15,2.03,2.03,1.97,1.97,2572.0
908,2022-07-18,2.11,2.28,2.0,2.06,5331.0
909,2022-07-19,2.04,2.2,2.04,2.2,1621.0
910,2022-07-20,2.07,2.2,2.06,2.17,2403.0
911,2022-07-21,2.07,2.25,2.07,2.2,1994.0
912,2022-07-22,2.04,2.26,2.04,2.26,3652.0
913,2022-07-25,2.18,2.28,2.18,2.23,1033.0
914,2022-07-26,2.21,2.36,2.1,2.21,919.0
915,2022-07-27,2.21,2.21,2.21,2.21,426.0
916,2022-07-28,2.11,2.21,1.96,2.03,14791.0
917,2022-07-29,2.0,2.19,1.92,2.1,4771.0
918,2022-08-01,2.14,2.14,1.91,1.95,3796.0
919,2022-08-02,1.91,1.97,1.9,1.97,3939.0
920,2022-08-03,1.99,2.0,1.92,1.97,3116.0
921,2022-08-04,1.97,2.18,1.97,2.15,5193.0
922,2022-08-05,2.02,2.14,1.92,1.92,14851.0
923,2022-08-08,2.02,2.28,1.95,2.17,27623.0
924,2022-08-09,2.27,2.32,2.15,2.32,17017.0
925,2022-08-10,2.32,2.33,2.15,2.15,8705.0
926,2022-08-11,2.2,2.26,2.01,2.06,4443.0
927,2022-08-12,2.02,2.15,2.01,2.09,3207.0
928,2022-08-15,2.12,2.25,2.0,2.03,7040.0
929,2022-08-16,2.06,2.07,1.95,2.07,5331.0
930,2022-08-17,2.07,2.07,1.96,2.05,1587.0
931,2022-08-18,2.01,2.1,1.96,2.1,4206.0
932,2022-08-19,2.01,2.05,1.96,1.97,1174.0
933,2022-08-22,2.08,2.08,1.96,2.05,4965.0
934,2022-08-23,2.07,2.07,2.01,2.03,2625.0
935,2022-08-24,1.96,2.03,1.96,1.97,2723.0
936,2022-08-25,2.03,2.05,2.03,2.05,1721.0
937,2022-08-26,2.05,2.06,2.05,2.05,1779.0
938,2022-08-29,2.01,2.01,1.9,1.9,6280.0
939,2022-08-30,1.98,2.03,1.98,2.0,2074.0
940,2022-08-31,1.9,1.9,1.81,1.81,19590.0
941,2022-09-01,1.9,1.9,1.8,1.8,5763.0
942,2022-09-02,1.8,1.8,1.76,1.8,3071.0
943,2022-09-06,1.9,1.9,1.75,1.77,17958.0
944,2022-09-07,1.82,1.91,1.8,1.89,60874.0
945,2022-09-08,1.83,2.0,1.77,2.0,68907.0
946,2022-09-09,2.81,2.95,2.38,2.6,22905840.0
947,2022-09-12,2.35,2.5,2.07,2.36,440553.0
948,2022-09-13,2.21,2.68,2.16,2.62,336784.0
949,2022-09-14,2.45,2.45,2.1,2.16,191107.0
950,2022-09-15,2.18,2.21,1.95,2.1,79848.0
951,2022-09-16,2.11,2.17,2.01,2.11,41475.0
952,2022-09-19,2.1,2.24,2.1,2.18,37869.0
953,2022-09-20,2.15,2.2,2.1,2.1,23351.0
954,2022-09-21,2.1,2.14,2.06,2.12,40748.0
955,2022-09-22,2.13,2.13,2.02,2.07,14294.0
956,2022-09-23,2.1,2.42,2.06,2.33,140338.0
957,2022-09-26,2.34,2.38,2.24,2.38,13722.0
958,2022-09-27,2.42,2.71,2.29,2.49,89598.0
959,2022-09-28,2.45,2.56,2.3,2.35,30189.0
960,2022-09-29,2.26,2.48,2.05,2.41,25371.0
961,2022-09-30,2.48,2.54,2.28,2.35,13746.0
962,2022-10-03,2.18,2.28,2.1,2.27,18529.0
963,2022-10-04,2.22,2.32,2.22,2.24,17623.0
964,2022-10-05,2.22,2.24,2.1,2.22,39785.0
965,2022-10-06,2.16,2.33,2.16,2.29,3775.0
966,2022-10-07,2.3,2.3,2.15,2.19,9138.0
967,2022-10-10,2.1,2.15,2.1,2.14,4819.0
968,2022-10-11,2.07,2.22,2.07,2.2,19819.0
969,2022-10-12,2.24,2.24,2.11,2.18,2377.0
970,2022-10-13,2.18,2.21,2.1,2.16,16558.0
971,2022-10-14,2.16,2.19,2.02,2.02,4560.0
972,2022-10-17,2.15,2.15,2.13,2.13,1842.0
973,2022-10-18,2.15,2.16,2.09,2.09,2038.0
974,2022-10-19,2.06,2.34,2.03,2.3,75553.0
975,2022-10-20,2.24,2.39,2.17,2.39,1016.0
976,2022-10-21,2.39,2.43,2.3,2.3,17427.0
977,2022-10-24,2.31,2.32,1.98,2.02,13768.0
978,2022-10-25,2.03,2.19,2.03,2.07,14734.0
979,2022-10-26,2.06,2.39,2.06,2.32,26151.0
980,2022-10-27,2.21,2.23,2.05,2.12,10280.0
981,2022-10-28,2.06,2.47,2.06,2.4,23820.0
982,2022-10-31,2.33,2.5,2.33,2.38,8817.0
983,2022-11-01,2.44,2.5,2.42,2.43,4648.0
984,2022-11-02,2.39,2.41,2.36,2.36,3817.0
985,2022-11-03,2.3,2.42,1.95,2.3,14743.0
986,2022-11-04,2.31,2.39,2.3,2.35,5577.0
987,2022-11-07,2.4,2.46,2.35,2.44,10020.0
988,2022-11-08,2.14,2.35,2.14,2.22,5011.0
989,2022-11-09,2.15,2.25,2.15,2.25,3899.0
990,2022-11-10,2.3,2.41,2.3,2.31,17391.0
991,2022-11-11,2.37,2.58,2.34,2.4,33886.0
992,2022-11-14,2.4,2.48,2.3,2.37,11364.0
993,2022-11-15,2.35,2.5,2.3,2.47,19201.0
994,2022-11-16,2.39,2.55,2.39,2.51,10617.0
995,2022-11-17,2.65,2.65,2.42,2.54,4636.0
996,2022-11-18,2.5,2.54,2.4,2.4,1955.0
997,2022-11-21,2.4,2.45,2.34,2.39,8707.0
998,2022-11-22,2.33,2.59,2.33,2.47,24153.0
999,2022-11-23,2.58,2.58,2.41,2.53,4617.0
1000,2022-11-25,2.57,2.57,2.49,2.53,552.0
1001,2022-11-28,2.49,2.5,2.4,2.4,6550.0
1002,2022-11-29,2.42,2.53,2.42,2.5,8911.0
1003,2022-11-30,2.33,2.5,2.33,2.5,1097.0
1004,2022-12-01,2.41,2.53,2.3,2.36,4784.0
1005,2022-12-02,2.51,2.51,2.39,2.39,861.0
1006,2022-12-05,2.4,2.57,2.4,2.51,15258.0
1007,2022-12-06,2.6,2.62,2.52,2.53,13984.0
1008,2022-12-07,2.53,2.62,2.53,2.56,2086.0
1009,2022-12-08,2.6,2.62,2.45,2.45,31254.0
1010,2022-12-09,2.6,2.63,2.49,2.61,23194.0
1011,2022-12-12,2.44,2.69,2.44,2.65,6901.0
1012,2022-12-13,2.63,2.8,2.63,2.77,30356.0
1013,2022-12-14,2.79,2.83,2.74,2.75,5442.0
1014,2022-12-15,2.69,2.69,2.66,2.69,2562.0
1015,2022-12-16,2.69,2.75,2.66,2.66,4390.0
1016,2022-12-19,2.78,2.78,2.53,2.53,2828.0
1017,2022-12-20,2.62,2.62,2.39,2.57,2186.0
1018,2022-12-21,2.35,2.46,2.24,2.35,11377.0
1019,2022-12-22,2.4,2.4,2.14,2.19,4791.0
1020,2022-12-23,2.28,2.3,2.28,2.3,5474.0
1021,2022-12-27,2.35,2.4,2.35,2.39,7834.0
1022,2022-12-28,2.36,2.37,2.35,2.35,1835.0
1023,2022-12-29,2.45,2.5,2.45,2.45,7136.0
1024,2022-12-30,2.42,2.49,2.42,2.47,1532.0
1025,2023-01-03,2.53,2.6,2.53,2.55,24061.0
1026,2023-01-04,2.6,2.6,2.55,2.55,2815.0
1027,2023-01-05,2.51,2.55,2.36,2.42,3726.0
1028,2023-01-06,2.52,2.64,2.44,2.55,7834.0
1029,2023-01-09,2.61,2.63,2.55,2.55,4967.0
1030,2023-01-10,2.59,2.62,2.56,2.57,2231.0
1031,2023-01-11,2.55,2.72,2.55,2.72,17452.0
1032,2023-01-12,2.73,2.73,2.6,2.68,12462.0
1033,2023-01-13,2.49,2.67,2.49,2.67,723.0
1034,2023-01-17,2.7,2.74,2.7,2.71,21938.0
1035,2023-01-18,2.73,2.73,2.7,2.7,6842.0
1036,2023-01-19,2.69,2.74,2.69,2.7,1068.0
1037,2023-01-20,2.69,2.76,2.69,2.72,9177.0
1038,2023-01-23,2.69,2.7,2.62,2.62,2173.0
1039,2023-01-24,2.77,2.77,2.65,2.69,3585.0
1040,2023-01-25,2.7,2.75,2.7,2.73,683.0
1041,2023-01-26,2.56,2.7,2.54,2.7,2219.0
1042,2023-01-27,2.67,2.73,2.67,2.71,1212.0
1043,2023-01-30,2.7,2.72,2.68,2.68,10327.0
1044,2023-01-31,2.72,2.72,2.72,2.72,752.0
1045,2023-02-01,2.67,2.67,2.66,2.66,751.0
1046,2023-02-02,2.71,2.72,2.69,2.7,10208.0
1047,2023-02-03,2.7,2.72,2.7,2.72,1767.0
1048,2023-02-06,2.6,2.6,2.6,2.6,412.0
1049,2023-02-07,2.8,3.1,2.8,2.81,150650.0
1050,2023-02-08,2.93,2.93,2.58,2.61,10604.0
1051,2023-02-09,2.5,2.55,2.49,2.51,5243.0
1052,2023-02-10,2.49,2.71,2.49,2.56,11060.0
1053,2023-02-13,2.62,2.62,2.55,2.55,7139.0
1054,2023-02-14,2.63,2.63,2.63,2.63,288.0
1055,2023-02-15,2.65,2.67,2.65,2.66,4018.0
1056,2023-02-16,2.67,2.69,2.65,2.65,7611.0
1057,2023-02-17,2.53,2.53,2.53,2.53,447.0
1058,2023-02-21,2.53,2.53,2.5,2.5,1345.0
1059,2023-02-22,2.71,2.71,2.59,2.59,355.0
1060,2023-02-23,2.65,2.67,2.65,2.65,3755.0
1061,2023-02-24,2.65,2.67,2.65,2.65,7637.0
1062,2023-02-27,2.65,2.71,2.65,2.71,319.0
1063,2023-02-28,2.67,2.67,2.53,2.53,1074.0
1064,2023-03-01,2.6,2.6,2.5,2.5,1632.0
1065,2023-03-02,2.5,2.5,2.43,2.49,5687.0
1066,2023-03-03,2.34,2.34,2.3,2.3,1014.0
1067,2023-03-06,2.29,2.3,2.18,2.24,3278.0
1068,2023-03-07,2.15,2.15,2.15,2.15,582.0
1069,2023-03-08,2.0,2.1,2.0,2.07,5115.0
1070,2023-03-09,2.15,2.45,2.14,2.36,33425.0
1071,2023-03-10,2.42,2.6,2.42,2.56,13612.0
1072,2023-03-13,2.61,2.72,2.4,2.4,12558.0
1073,2023-03-14,2.5,2.72,2.5,2.67,10641.0
1074,2023-03-15,2.18,2.86,2.18,2.69,14799.0
1075,2023-03-16,2.46,2.7,2.41,2.62,16308.0
1076,2023-03-17,2.55,2.76,2.55,2.6,13571.0
1077,2023-03-20,2.54,2.71,2.47,2.71,22873.0
1078,2023-03-21,2.68,2.86,2.68,2.86,3965.0
1079,2023-03-22,2.78,2.97,2.78,2.88,11580.0
1080,2023-03-23,2.79,2.87,2.79,2.87,1188.0
1081,2023-03-24,2.88,2.98,2.88,2.98,4386.0
1082,2023-03-27,2.89,3.1,2.69,3.1,7565.0
1083,2023-03-28,3.07,3.32,2.98,3.27,5994.0
1084,2023-03-29,3.28,3.4,3.08,3.21,7454.0
1085,2023-03-30,3.15,3.44,3.1,3.16,23970.0
1086,2023-03-31,3.13,3.35,3.13,3.25,13427.0
1087,2023-04-03,3.16,3.21,3.16,3.21,1177.0
1088,2023-04-04,3.24,3.24,2.89,2.89,5504.0
1089,2023-04-05,2.89,2.89,2.62,2.69,2528.0
1090,2023-04-06,2.63,2.63,2.51,2.54,604.0
1091,2023-04-10,2.48,2.48,2.4,2.43,2045.0
1092,2023-04-11,2.43,2.43,2.43,2.43,39.0
1093,2023-04-12,2.43,2.43,2.43,2.43,449.0
1094,2023-04-13,2.43,2.43,2.43,2.43,540.0
1095,2023-04-14,2.33,2.34,2.25,2.27,4873.0
1096,2023-04-17,2.3,3.03,2.28,2.82,21888.0
1097,2023-04-18,2.96,3.0,2.85,2.97,4707.0
1098,2023-04-19,2.66,2.71,2.66,2.71,1623.0
1099,2023-04-20,2.5,2.5,2.5,2.5,113.0
1100,2023-04-21,2.56,2.62,2.46,2.58,1818.0
1101,2023-04-24,2.53,2.53,2.3,2.39,2210.0
1102,2023-04-25,2.31,2.36,2.3,2.36,1146.0
1103,2023-04-26,2.28,2.3,2.22,2.28,896.0
1104,2023-04-27,2.22,2.22,2.22,2.22,163.0
1105,2023-04-28,2.21,2.35,2.21,2.25,10531.0
1106,2023-05-01,2.2,2.75,2.2,2.47,43031.0
1107,2023-05-02,2.75,2.75,2.5,2.69,66146.0
1108,2023-05-03,3.07,3.17,2.31,2.88,375484.0
1109,2023-05-04,2.65,2.78,2.44,2.73,24374.0
1110,2023-05-05,2.72,2.87,2.12,2.59,131578.0
1111,2023-05-08,2.6,2.6,2.37,2.44,7119.0
1112,2023-05-09,2.36,2.55,2.36,2.47,18328.0
1113,2023-05-10,2.41,2.52,2.38,2.47,8302.0
1114,2023-05-11,2.4,2.49,2.31,2.43,7005.0
1115,2023-05-12,2.42,2.44,2.39,2.39,5220.0
1116,2023-05-15,2.35,2.54,2.35,2.38,9718.0
1117,2023-05-16,2.43,2.44,2.36,2.36,2982.0
1118,2023-05-17,2.36,2.38,2.33,2.34,2886.0
1119,2023-05-18,2.41,2.48,2.38,2.43,5796.0
1120,2023-05-19,2.46,2.46,2.46,2.46,1279.0
1121,2023-05-22,2.46,2.51,2.43,2.43,2975.0
1122,2023-05-23,2.39,2.89,2.39,2.84,33988.0
1123,2023-05-24,2.82,2.82,2.71,2.72,1944.0
1124,2023-05-25,2.67,2.78,2.67,2.68,833.0
1125,2023-05-26,2.63,2.63,2.45,2.48,1244.0
1126,2023-05-30,2.57,2.57,2.49,2.57,2010.0
1127,2023-05-31,2.45,2.68,2.45,2.47,5024.0
1128,2023-06-01,2.43,2.55,2.4,2.55,2849.0
1129,2023-06-02,2.55,2.55,2.55,2.55,442.0
1130,2023-06-05,2.39,2.39,2.28,2.32,3744.0
1131,2023-06-06,2.36,2.48,2.26,2.48,2577.0
1132,2023-06-07,2.5,2.5,2.4,2.5,3589.0
1133,2023-06-08,2.43,2.5,2.33,2.49,5197.0
1134,2023-06-09,2.42,2.6,2.42,2.58,4079.0
1135,2023-06-12,2.42,2.77,2.31,2.77,21656.0
1136,2023-06-13,2.92,2.92,2.5,2.83,20898.0
1137,2023-06-14,2.83,2.9,2.71,2.71,1157.0
1138,2023-06-15,2.81,2.81,2.51,2.51,12452.0
1139,2023-06-16,2.5,2.64,2.5,2.64,8250.0
1140,2023-06-20,2.53,2.64,2.51,2.58,1489.0
1141,2023-06-21,2.53,2.58,2.53,2.58,620.0
1142,2023-06-22,2.52,2.6,2.5,2.53,5910.0
1143,2023-06-23,2.46,2.56,2.3,2.39,7018.0
1144,2023-06-26,2.44,2.55,2.38,2.38,1537.0
1145,2023-06-27,2.38,2.49,2.26,2.28,3800.0
1146,2023-06-28,2.46,2.46,2.16,2.31,9215.0
1147,2023-06-29,2.48,2.49,2.4,2.48,3386.0
1148,2023-06-30,2.27,2.49,2.27,2.4,1723.0
1149,2023-07-03,2.34,2.48,2.3,2.48,5187.0
1150,2023-07-05,2.37,2.5,2.37,2.5,2916.0
1151,2023-07-06,2.51,2.51,2.42,2.42,214.0
1152,2023-07-07,2.48,2.54,2.38,2.51,1762.0
1153,2023-07-10,2.46,2.54,2.37,2.52,3010.0
1154,2023-07-11,2.35,2.54,2.3,2.44,18169.0
1155,2023-07-12,2.45,2.48,2.45,2.48,1909.0
1156,2023-07-13,2.48,2.48,2.48,2.48,225.0
1157,2023-07-14,2.3,2.46,2.3,2.3,1652.0
1158,2023-07-17,2.41,2.41,2.17,2.18,1844.0
1159,2023-07-18,2.28,2.28,2.21,2.27,594.0
1160,2023-07-19,2.21,2.32,2.21,2.32,403.0
1161,2023-07-20,2.38,2.4,2.38,2.4,937.0
1162,2023-07-21,2.34,2.47,2.34,2.4,1945.0
1163,2023-07-24,2.44,2.44,2.26,2.26,292.0
1164,2023-07-25,2.27,2.27,2.27,2.27,147.0
1165,2023-07-26,2.25,2.43,2.25,2.43,1133.0
1166,2023-07-27,2.42,2.46,2.35,2.35,1539.0
1167,2023-07-28,2.3,2.3,2.26,2.29,1023.0
1168,2023-07-31,2.29,2.38,2.29,2.37,2072.0
1169,2023-08-01,2.4,2.4,2.33,2.33,474.0
1170,2023-08-02,2.07,2.1,2.06,2.1,541.0
1171,2023-08-03,2.11,2.13,2.11,2.13,974.0
1172,2023-08-04,2.12,2.3,2.1,2.13,2411.0
1173,2023-08-07,2.13,2.13,1.85,1.86,14767.0
1174,2023-08-08,1.97,2.21,1.71,1.99,30369.0
1175,2023-08-09,1.9,1.9,1.9,1.9,258.0
1176,2023-08-10,2.0,2.02,1.51,1.71,19324.0
1177,2023-08-11,1.77,1.77,1.44,1.45,17733.0
1178,2023-08-14,1.41,2.01,1.41,2.0,45761.0
1179,2023-08-15,2.0,2.17,1.94,2.01,5121.0
1180,2023-08-16,1.93,2.04,1.93,2.0,2290.0
1181,2023-08-17,2.0,2.02,1.9,1.99,6931.0
1182,2023-08-18,1.87,1.98,1.77,1.88,2192.0
1183,2023-08-21,1.79,1.82,1.78,1.78,2590.0
1184,2023-08-22,1.78,1.8,1.78,1.8,1112.0
1185,2023-08-23,1.73,1.76,1.73,1.76,372.0
1186,2023-08-24,1.77,1.77,1.77,1.77,132.0
1187,2023-08-25,1.8,1.99,1.79,1.88,21667.0
1188,2023-08-28,1.88,1.91,1.88,1.88,7763.0
1189,2023-08-29,1.85,1.85,1.75,1.81,1270.0
1190,2023-08-30,1.73,1.95,1.71,1.95,7173.0
1191,2023-08-31,1.93,2.0,1.88,1.99,6374.0
1192,2023-09-01,1.97,2.01,1.97,2.0,2146.0
1193,2023-09-05,1.86,1.99,1.86,1.94,11480.0
1194,2023-09-06,1.88,2.01,1.88,2.01,2076.0
1195,2023-09-07,1.93,2.0,1.92,1.92,2553.0
1196,2023-09-08,1.9,1.9,1.9,1.9,777.0
1197,2023-09-11,2.09,2.1,2.08,2.08,16542.0
1198,2023-09-12,2.06,2.08,2.06,2.08,7524.0
1199,2023-09-13,2.08,2.08,2.07,2.07,753.0
1200,2023-09-14,1.99,2.08,1.99,2.08,732.0
1201,2023-09-15,2.06,2.09,2.06,2.09,1014.0
1202,2023-09-18,2.07,2.09,2.07,2.08,943.0
1203,2023-09-19,2.04,2.1,2.04,2.1,1383.0
1204,2023-09-20,2.09,2.09,2.09,2.09,1058.0
1205,2023-09-21,1.99,2.0,1.91,1.96,1624.0
1206,2023-09-22,1.95,2.01,1.95,2.01,632.0
1207,2023-09-25,1.96,2.06,1.96,2.06,321.0
1208,2023-09-26,2.06,2.06,2.06,2.06,117.0
1209,2023-09-27,2.02,2.02,2.02,2.02,287.0
1210,2023-09-28,2.2,2.2,2.2,2.2,265.0
1211,2023-09-29,2.11,2.11,2.02,2.1,714.0
1212,2023-10-02,2.2,2.28,2.18,2.28,6041.0
1213,2023-10-03,2.33,2.36,2.16,2.23,9362.0
1214,2023-10-04,2.23,2.23,2.23,2.23,98.0
1215,2023-10-05,2.25,2.25,2.06,2.17,3008.0
1216,2023-10-06,2.23,2.23,2.17,2.17,225.0
1217,2023-10-09,2.02,2.02,2.02,2.02,156.0
1218,2023-10-10,2.01,2.02,2.01,2.01,1355.0
1219,2023-10-11,2.01,2.17,2.01,2.01,868.0
1220,2023-10-12,2.01,2.18,2.01,2.11,630.0
1221,2023-10-13,2.39,2.39,2.39,2.39,1177.0
1222,2023-10-16,2.42,2.42,2.07,2.25,2500.0
1223,2023-10-17,2.3,2.4,2.18,2.24,2256.0
1224,2023-10-18,2.18,2.18,2.18,2.18,433.0
1225,2023-10-19,2.13,2.16,2.13,2.13,964.0
1226,2023-10-20,2.23,2.23,2.08,2.08,6330.0
1227,2023-10-23,2.08,2.08,2.01,2.01,274.0
1228,2023-10-24,2.012,2.0876,2.01,2.0876,2845.0
1229,2023-10-27,2.1001,2.1001,2.1001,2.1001,327.0
1230,2023-10-30,2.255,2.255,2.255,2.255,285.0
1231,2023-10-31,2.3,2.3,2.12,2.12,830.0
1232,2023-11-01,2.1,2.1,2.01,2.0101,2775.0
1233,2023-11-02,2.01,2.2,2.01,2.11,3056.0
1234,2023-11-03,2.01,2.01,2.01,2.01,171.0
1235,2023-11-06,2.01,2.09,2.01,2.09,673.0
1236,2023-11-07,2.0101,2.0101,2.01,2.01,295.0
1237,2023-11-09,2.03,0.0,0.0,2.01,416.0
1238,2023-11-10,2.03,0.0,0.0,2.01,112.0
1239,2023-11-13,2.1,2.1,2.1,2.1,1468.0
1240,2023-11-14,2.21,2.21,2.02,2.02,1142.0
1241,2023-11-15,2.13,2.13,2.03,2.03,787.0
1242,2023-11-17,2.02,2.0216,2.02,2.02,790.0
1243,2023-11-20,2.02,2.17,2.02,2.02,2838.0
1244,2023-11-21,2.03,2.03,2.02,2.02,734.0
1245,2023-11-22,2.02,2.02,2.02,2.02,230.0
1246,2023-11-24,2.02,2.04,2.02,2.03,1152.0
1247,2023-11-27,2.03,2.03,2.02,2.02,909.0
1248,2023-11-28,2.0436,2.0436,2.04,2.04,444.0
1249,2023-11-29,2.02,2.05,2.02,2.05,1662.0
1250,2023-11-30,2.02,2.03,2.01,2.01,2846.0
1251,2023-12-01,2.03,2.03,2.02,2.03,6138.0
1252,2023-12-04,2.0564,2.0564,2.01,2.01,410.0
1253,2023-12-05,1.95,2.01,1.95,2.0,1623.0
1254,2023-12-06,1.98,2.03,1.98,1.99,3030.0
1255,2023-12-07,1.98,2.0133,1.96,2.0133,1410.0
1256,2023-12-08,1.93,1.95,1.93,1.95,496.0
1257,2023-12-11,2.0,2.0,2.0,2.0,366.0
1258,2023-12-12,2.08,2.095,2.08,2.0915,1221.0
1259,2023-12-13,1.98,1.98,1.975,1.975,287.0
1260,2023-12-14,1.94,2.08,1.94,2.015,27135.0
1261,2023-12-18,1.9838,1.9838,1.9838,1.9838,1591.0
1262,2023-12-19,1.98,2.1,1.96,1.97,8992.0
1263,2023-12-20,2.25,2.25,2.05,2.09,8809.0
1264,2023-12-21,2.23,2.23,2.0661,2.1499,1592.0
1265,2023-12-22,2.02,2.02,2.02,2.02,397.0
1266,2023-12-26,1.96,2.03,1.96,2.02,2624.0
1267,2023-12-27,2.01,2.055,2.01,2.055,1962.0
1268,2023-12-29,2.0271,2.036,1.91,1.91,3284.0
1269,2024-01-02,1.91,1.9497,1.91,1.94,1327.0
1270,2024-01-04,1.98,2.04,1.98,2.04,3050.0
1271,2024-01-05,2.09,2.09,2.09,2.09,672.0
1272,2024-01-08,2.01,2.065,2.01,2.04,557.0
1273,2024-01-09,2.07,2.07,2.05,2.05,961.0
1274,2024-01-10,1.99,2.05,1.99,2.01,2553.0
1275,2024-01-11,2.099,2.1,2.03,2.1,2323.0
1276,2024-01-12,2.0458,2.105,2.04,2.04,629.0
1277,2024-01-16,2.03,2.1,2.03,2.0603,3399.0
1278,2024-01-17,2.05,2.149,2.05,2.149,2815.0
1279,2024-01-18,2.05,2.14,2.01,2.13,8015.0
1280,2024-01-19,2.15,2.15,2.08,2.13,1606.0
1281,2024-01-22,1.8004,1.9612,1.8004,1.9612,1040.0
1282,2024-01-23,1.92,1.97,1.92,1.97,701.0
1283,2024-01-25,1.83,1.885,1.8,1.8,9846.0
1284,2024-01-26,1.9685,1.9685,1.9685,1.9685,1437.0
