,date,open,high,low,close,volume
0,2020-08-07,56.93,56.93,56.41,56.59,23217.0
1,2020-08-10,57.0,57.9,57.0,57.86,20687.0
2,2020-08-11,56.04,57.93,55.83,56.185,15309.0
3,2020-08-12,55.137,55.84,55.1,55.84,13766.0
4,2020-08-13,55.0,55.65,54.45,54.92,66860.0
5,2020-08-14,56.76,56.76,54.79,55.95,83102.0
6,2020-08-17,56.6,56.7,56.2201,56.65,12521.0
7,2020-08-18,60.13,60.6,59.95,60.1,64265.0
8,2020-08-19,59.05,59.64,59.05,59.41,28632.0
9,2020-08-20,59.75,60.725,59.75,60.71,6705.0
10,2020-08-21,64.295,65.09,64.0125,64.475,15970.0
11,2020-08-24,70.4,70.4,67.37,68.21,13682.0
12,2020-08-25,68.145,68.145,66.25,67.2899,29185.0
13,2020-08-26,66.36,67.66,66.36,67.225,50304.0
14,2020-08-27,70.2,70.2,68.9566,69.08,56099.0
15,2020-08-28,66.32,68.63,66.32,68.55,23742.0
16,2020-08-31,67.4,67.4,65.69,66.18,22424.0
17,2020-09-01,68.075,68.39,67.51,68.21,10168.0
18,2020-09-02,69.81,70.14,69.49,70.14,12527.0
19,2020-09-03,68.54,68.54,65.92,66.25,16064.0
20,2020-09-04,68.24,68.24,66.0,67.25,13693.0
21,2020-09-08,61.255,62.0,60.05,60.75,25054.0
22,2020-09-09,60.266,61.1,60.125,61.1,17669.0
23,2020-09-10,61.42,61.42,59.88,59.88,25227.0
24,2020-09-11,61.92,62.8,61.92,62.29,8505.0
25,2020-09-14,62.62,62.95,62.56,62.61,20559.0
26,2020-09-15,63.0,63.33,62.475,63.08,12139.0
27,2020-09-16,63.88,64.21,63.845,64.08,7026.0
28,2020-09-17,61.94,62.3075,61.94,62.2,10858.0
29,2020-09-18,62.08,63.0,61.6,61.8,7149.0
30,2020-09-21,61.5,62.19,61.5,61.97,10371.0
31,2020-09-22,62.755,62.755,62.01,62.49,6354.0
32,2020-09-23,64.14,64.25,63.63,63.8,18320.0
33,2020-09-24,62.19,62.19,61.46,61.755,18257.0
34,2020-09-25,59.875,60.015,58.9601,60.0072,9183.0
35,2020-09-28,61.29,61.61,61.29,61.61,7781.0
36,2020-09-29,61.245,61.27,60.74,61.054,14483.0
37,2020-09-30,62.45,63.7,62.45,63.55,35169.0
38,2020-10-01,63.7,64.6,63.7,64.5,16466.0
39,2020-10-02,63.26,64.32,62.85,64.19,31273.0
40,2020-10-05,63.95,64.13,63.7325,64.09,11803.0
41,2020-10-06,66.495,67.3,66.495,67.2499,50802.0
42,2020-10-07,68.87,69.61,68.87,69.3,15741.0
43,2020-10-08,69.18,69.61,68.965,69.5505,14491.0
44,2020-10-09,70.2,70.64,70.132,70.5,9443.0
45,2020-10-12,70.94,71.93,70.63,71.5,34565.0
46,2020-10-13,71.37,71.92,70.85,71.81,28712.0
47,2020-10-14,71.12,71.9,70.94,70.94,23578.0
48,2020-10-15,69.3,69.3,67.0,68.715,18044.0
49,2020-10-16,68.9,69.1,68.56,69.07,14565.0
50,2020-10-19,67.4499,67.4499,66.44,66.634,7874.0
51,2020-10-20,67.06,67.6002,67.06,67.585,5140.0
52,2020-10-21,69.57,69.57,69.05,69.22,9651.0
53,2020-10-22,69.5,69.5,68.99,69.11,25051.0
54,2020-10-23,67.0201,67.82,67.0201,67.82,49097.0
55,2020-10-26,67.82,67.82,66.89,67.17,5632.0
56,2020-10-27,66.51,69.61,66.51,69.31,48082.0
57,2020-10-28,70.7301,71.02,70.52,70.73,16253.0
58,2020-10-29,73.75,76.86,73.75,76.7,34327.0
59,2020-10-30,74.83,74.95,74.38,74.95,9089.0
60,2020-11-02,77.11,77.11,75.8,76.33,6899.0
61,2020-11-03,76.33,76.38,75.3375,75.62,21787.0
62,2020-11-04,82.0,84.83,82.0,84.55,45191.0
63,2020-11-05,88.53,88.53,84.65,84.65,137177.0
64,2020-11-06,84.6,85.18,84.11,85.09,15812.0
65,2020-11-09,90.91,90.91,83.65,83.87,26692.0
66,2020-11-10,76.15,76.62,74.08,74.42,65987.0
67,2020-11-11,72.22,74.93,70.08,74.55,76031.0
68,2020-11-12,75.5,76.54,74.21,74.22,60292.0
69,2020-11-13,81.93,81.93,79.32,80.01,50298.0
70,2020-11-16,81.7,81.97,80.618,80.97,30166.0
71,2020-11-17,80.44,80.44,77.33,78.57,23389.0
72,2020-11-18,77.64,77.64,76.4,76.6,55465.0
73,2020-11-19,76.22,77.2,76.22,76.97,27618.0
74,2020-11-20,78.86,79.61,78.86,79.45,32209.0
75,2020-11-23,79.99,79.99,77.82,77.83,20993.0
76,2020-11-24,78.005,78.55,77.54,77.83,44686.0
77,2020-11-25,77.0,77.05,75.28,77.05,143507.0
78,2020-11-27,79.99,81.63,79.99,81.224,8626.0
79,2020-11-30,80.62,80.62,77.0,77.59,77478.0
80,2020-12-01,75.88,75.89,74.05,74.15,129857.0
81,2020-12-02,72.0,72.45,71.12,71.55,203542.0
82,2020-12-03,71.86,71.86,70.98,71.0,60023.0
83,2020-12-04,73.725,74.43,73.45,73.85,116273.0
84,2020-12-07,73.85,73.85,73.0,73.11,18641.0
85,2020-12-08,74.0,74.84,74.0,74.48,12188.0
86,2020-12-09,74.31,74.31,72.05,72.26,47484.0
87,2020-12-10,74.06,75.46,74.06,75.31,51472.0
88,2020-12-11,75.32,75.64,74.88,75.0,39719.0
89,2020-12-14,74.37,74.37,72.57,72.97,16346.0
90,2020-12-15,71.5,72.16,70.51,71.15,33589.0
91,2020-12-16,73.0,73.0,71.71,72.11,30633.0
92,2020-12-17,73.335,73.97,72.76,73.0675,20028.0
93,2020-12-18,72.65,72.65,71.3,72.25,100548.0
94,2020-12-21,71.57,72.25,71.31,72.16,20479.0
95,2020-12-22,72.07,72.07,70.795,70.795,53672.0
96,2020-12-23,74.25,74.38,73.64,74.19,90117.0
97,2020-12-24,72.57,72.57,70.34,70.34,31037.0
98,2020-12-28,68.568,68.568,67.48,67.915,81404.0
99,2020-12-29,70.56,71.75,70.56,71.6,52270.0
100,2020-12-30,74.97,74.97,73.3,73.5,19697.0
101,2020-12-31,75.3,75.8,74.5,74.87,15719.0
102,2021-01-04,75.55,75.55,74.485,74.83,60140.0
103,2021-01-05,76.87,77.66,75.51,77.6,68051.0
104,2021-01-06,80.37,80.37,78.14,78.14,39737.0
105,2021-01-07,79.71,80.01,78.65,79.77,14878.0
106,2021-01-08,80.73,84.48,80.73,84.26,47385.0
107,2021-01-11,81.36,81.36,78.76,79.0,19897.0
108,2021-01-12,77.84,77.84,77.11,77.38,29581.0
109,2021-01-13,76.12,77.14,76.0,76.88,38010.0
110,2021-01-14,80.61,81.04,79.69,80.23,62505.0
111,2021-01-15,79.5,79.5,78.349,78.8,14310.0
112,2021-01-19,87.25,88.35,86.15,88.27,59467.0
113,2021-01-20,95.77,95.775,94.7,95.666,48932.0
114,2021-01-21,97.56,97.56,95.71,96.44,16589.0
115,2021-01-22,97.812,99.12,97.812,98.4,66608.0
116,2021-01-25,103.0,105.65,100.94,101.765,98223.0
117,2021-01-26,99.15,99.15,97.71,98.74,65862.0
118,2021-01-27,94.79,94.79,91.75,91.85,91184.0
119,2021-01-28,92.43,94.76,91.8,94.63,78146.0
120,2021-01-29,92.47,93.32,91.91,92.67,52440.0
121,2021-02-01,99.5,101.21,99.5,101.075,83393.0
122,2021-02-02,101.61,102.31,101.39,102.22,127795.0
123,2021-02-03,107.36,107.38,105.71,105.79,37177.0
124,2021-02-04,105.08,105.08,102.3,102.74,45523.0
125,2021-02-05,103.921,104.47,103.02,104.401,20464.0
126,2021-02-08,104.02,105.89,104.02,105.08,19247.0
127,2021-02-09,106.93,106.93,105.85,106.81,25599.0
128,2021-02-10,112.15,112.15,109.472,110.5,37235.0
129,2021-02-11,115.64,117.25,114.2,116.41,15575.0
130,2021-02-12,116.5,118.0,115.01,116.3,14613.0
131,2021-02-16,116.38,116.38,113.215,113.5,76467.0
132,2021-02-17,116.39,116.42,114.79,116.42,218878.0
133,2021-02-18,110.82,110.82,108.39,110.18,64158.0
134,2021-02-19,110.444,110.57,109.165,109.96,20030.0
135,2021-02-22,105.722,105.722,101.36,101.58,62194.0
136,2021-02-23,100.498,101.98,96.17,101.98,42456.0
137,2021-02-24,94.99,95.52,94.0,95.51,33030.0
138,2021-02-25,95.51,95.51,92.6,92.6,27928.0
139,2021-02-26,89.7045,90.78,88.47,90.39,57135.0
140,2021-03-01,94.53,97.32,94.31,97.015,42775.0
141,2021-03-02,94.6,94.6,92.78,93.073,84486.0
142,2021-03-03,95.38,96.04,92.26,93.0,253877.0
143,2021-03-04,88.5,88.5,84.66,86.0,63372.0
144,2021-03-05,86.42,87.58,83.72,86.08,57477.0
145,2021-03-08,81.76,81.76,78.6,78.63,50223.0
146,2021-03-09,78.765,83.8,78.13,83.75,84097.0
147,2021-03-10,83.48,83.74,80.87,80.93,48119.0
148,2021-03-11,88.2,90.63,87.93,90.63,41456.0
149,2021-03-12,85.22,86.13,84.98,85.61,81284.0
150,2021-03-15,81.25,83.25,81.25,83.065,96653.0
151,2021-03-16,84.13,86.01,84.13,86.0,46591.0
152,2021-03-17,83.238,85.35,82.75,85.06,26753.0
153,2021-03-18,85.68,85.87,84.5,84.62,29908.0
154,2021-03-19,85.05,86.55,84.8,86.55,16374.0
155,2021-03-22,83.27,83.52,82.81,83.4,38708.0
156,2021-03-23,79.35,79.35,78.01,78.16,33569.0
157,2021-03-24,76.1,76.1,73.52,73.52,34570.0
158,2021-03-25,73.382,74.43,73.382,74.18,32482.0
159,2021-03-26,74.5,80.46,74.5,76.01,31729.0
160,2021-03-29,73.89,73.89,72.22,72.92,71418.0
161,2021-03-30,75.22,76.45,74.4635,76.25,41061.0
162,2021-03-31,77.9,78.3,76.92,78.12,33767.0
163,2021-04-01,84.46,84.656,82.895,82.95,46061.0
164,2021-04-05,84.78,84.78,83.2,83.64,49262.0
165,2021-04-06,84.0,85.18,82.62,84.79,69757.0
166,2021-04-07,81.0,82.8,80.07,80.81,53071.0
167,2021-04-08,81.4,83.25,81.4,82.72,38939.0
168,2021-04-09,81.82,81.82,80.28,80.63,17353.0
169,2021-04-12,78.012,78.9,76.39,76.99,42722.0
170,2021-04-13,71.395,74.1,71.29,73.44,197151.0
171,2021-04-14,73.51,74.36,72.48,72.67,150357.0
172,2021-04-15,73.32,74.45,73.32,73.63,60130.0
173,2021-04-16,74.06,75.05,74.06,74.735,30093.0
174,2021-04-19,72.3,72.5,71.5,72.3,260199.0
175,2021-04-20,75.97,75.97,74.04,74.5,231361.0
176,2021-04-21,73.54,73.94,72.29,73.86,53129.0
177,2021-04-22,74.65,76.38,74.65,76.01,72445.0
178,2021-04-23,79.23,80.26,79.08,80.02,20968.0
179,2021-04-26,75.36,75.4,74.425,75.36,110595.0
180,2021-04-27,80.0,80.92,80.0,80.6,50204.0
181,2021-04-28,79.585,80.63,79.35,80.29,36845.0
182,2021-04-29,79.47,79.47,77.76,78.59,38643.0
183,2021-04-30,77.54,77.54,76.31,76.64,44398.0
184,2021-05-03,75.792,76.375,74.61,75.26,52784.0
185,2021-05-04,75.21,75.21,72.85,73.66,35463.0
186,2021-05-05,74.27,74.59,73.875,73.875,27360.0
187,2021-05-06,73.85,73.85,72.88,73.04,42987.0
188,2021-05-07,73.6,74.85,73.6,73.8,47529.0
189,2021-05-10,67.655,68.5,65.45,65.55,140202.0
190,2021-05-11,61.94,65.55,61.94,65.04,151059.0
191,2021-05-12,64.13,65.94,63.82,63.86,75046.0
192,2021-05-13,64.11,65.92,63.72,64.22,134593.0
193,2021-05-14,63.4,64.47,62.36,63.82,109442.0
194,2021-05-17,65.95,65.95,64.8,65.65,153065.0
195,2021-05-18,67.16,67.87,66.2,67.55,126811.0
196,2021-05-19,66.79,67.95,66.28,67.63,69038.0
197,2021-05-20,70.0,71.67,70.0,71.67,57800.0
198,2021-05-21,70.95,71.78,69.85,70.05,71219.0
199,2021-05-24,69.95,70.42,69.84,70.42,26500.0
200,2021-05-25,72.18,72.18,71.035,71.48,45629.0
201,2021-05-26,72.8,72.8,71.56,71.94,36773.0
202,2021-05-27,71.15,71.15,69.96,70.17,24162.0
203,2021-05-28,70.25,70.58,68.5,70.5,38948.0
204,2021-06-01,79.76,81.14,79.76,80.4,38026.0
205,2021-06-02,80.202,80.39,80.0,80.11,32844.0
206,2021-06-03,79.268,79.6,77.93,77.96,47908.0
207,2021-06-04,77.03,78.9,77.03,78.76,40267.0
208,2021-06-07,77.1345,77.81,77.01,77.81,37090.0
209,2021-06-08,75.62,77.0,75.62,76.57,43925.0
210,2021-06-09,76.0,76.31,75.68,75.98,20455.0
211,2021-06-10,76.74,77.89,76.74,77.61,83706.0
212,2021-06-11,78.91,79.03,78.27,79.02,30446.0
213,2021-06-14,79.79,79.81,79.07,79.55,19774.0
214,2021-06-15,77.25,77.8,77.25,77.35,60018.0
215,2021-06-16,74.355,75.29,73.68,73.84,56653.0
216,2021-06-17,73.72,76.21,73.72,75.92,61698.0
217,2021-06-18,76.89,77.41,76.89,77.01,17308.0
218,2021-06-21,77.735,77.7465,76.88,77.61,29397.0
219,2021-06-22,76.455,76.455,75.46,75.7725,27723.0
220,2021-06-23,80.17,80.17,78.51,79.29,41698.0
221,2021-06-24,81.0,82.04,81.0,81.87,31936.0
222,2021-06-25,84.12,85.31,84.12,85.24,40713.0
223,2021-06-28,83.66,85.62,83.54,85.17,34170.0
224,2021-06-29,84.37,84.55,83.32,84.53,28889.0
225,2021-06-30,82.61,82.8,82.18,82.39,23136.0
226,2021-07-01,82.39,82.74,80.79,81.85,31991.0
227,2021-07-02,79.19,79.19,77.7,78.7,29503.0
228,2021-07-06,73.97,75.19,73.46,74.08,48383.0
229,2021-07-07,73.73,73.73,72.5,73.0,90882.0
230,2021-07-08,69.75,69.75,68.35,68.8,84659.0
231,2021-07-09,71.9999,74.69,71.9999,74.21,90736.0
232,2021-07-12,74.47,74.47,73.3901,73.67,55625.0
233,2021-07-13,75.79,76.86,75.52,75.92,109866.0
234,2021-07-14,75.65,75.65,74.35,74.63,61799.0
235,2021-07-15,74.68,75.23,73.84,74.45,84662.0
236,2021-07-16,74.45,75.0,73.565,73.67,52591.0
237,2021-07-19,71.73,71.73,69.87,70.47,40585.0
238,2021-07-20,69.85,71.57,69.85,71.37,101202.0
239,2021-07-21,70.32,70.38,69.37,70.35,62854.0
240,2021-07-22,71.5,72.76,70.91,71.64,37641.0
241,2021-07-23,70.0,70.0,67.93,68.37,73728.0
242,2021-07-26,61.16,61.25,58.55,58.92,217727.0
243,2021-07-27,50.0,52.59,49.91,52.34,510534.0
244,2021-07-28,56.07,60.45,55.71,59.6,729079.0
245,2021-07-29,60.0,60.0,56.76,57.69,183341.0
246,2021-07-30,54.55,55.74,54.3,55.265,175825.0
247,2021-08-02,55.515,56.39,55.18,56.1,41634.0
248,2021-08-03,55.13,55.13,53.73,53.84,67798.0
249,2021-08-04,55.34,55.81,54.64,55.32,86667.0
250,2021-08-05,55.04,55.31,54.57,54.97,48891.0
251,2021-08-06,55.15,55.55,54.71,55.14,140640.0
252,2021-08-09,56.06,58.05,56.06,57.56,111978.0
253,2021-08-10,61.45,61.55,60.31,60.7,112430.0
254,2021-08-11,60.68,61.56,60.18,60.86,52156.0
255,2021-08-12,60.48,60.48,59.75,60.1,69858.0
256,2021-08-13,59.99,60.2,59.73,60.1,51119.0
257,2021-08-16,56.83,56.86,55.95,56.2,43894.0
258,2021-08-17,55.0,55.58,54.36,54.63,64106.0
259,2021-08-18,56.21,56.52,55.6,55.9,75301.0
260,2021-08-19,52.15,52.49,51.6335,51.99,218406.0
261,2021-08-20,50.86,51.79,50.0,50.68,176227.0
262,2021-08-23,50.89,51.63,50.58,51.63,86630.0
263,2021-08-24,57.1,58.94,55.99,58.93,238419.0
264,2021-08-25,58.83,58.8499,57.81,58.47,274547.0
265,2021-08-26,58.73,58.73,58.09,58.26,92711.0
266,2021-08-27,57.9,58.02,57.49,57.77,28076.0
267,2021-08-30,60.5,62.85,58.85,62.14,57649.0
268,2021-08-31,63.66,63.95,63.0,63.94,145675.0
269,2021-09-01,65.39,67.45,65.39,67.17,123047.0
270,2021-09-02,66.45,66.45,64.04,64.5075,197299.0
271,2021-09-03,63.51,63.51,62.83,62.87,43354.0
272,2021-09-07,66.74,67.4,66.0,66.6,107554.0
273,2021-09-08,67.085,67.085,65.45,65.5,59322.0
274,2021-09-09,64.19,65.84,64.18,65.39,70511.0
275,2021-09-10,65.87,66.2,64.53,64.73,80320.0
276,2021-09-13,63.265,64.2,62.94,63.75,79977.0
277,2021-09-14,61.86,62.73,61.86,61.99,54724.0
278,2021-09-15,60.8316,60.84,59.08,60.38,111297.0
279,2021-09-16,59.3325,60.57,59.26,60.445,51394.0
280,2021-09-17,61.76,62.05,60.71,61.4,92782.0
281,2021-09-20,59.51,59.98,57.9,58.44,80399.0
282,2021-09-21,59.08,59.97,58.7,59.74,337349.0
283,2021-09-22,60.65,61.87,60.45,61.05,84490.0
284,2021-09-23,62.98,62.98,61.56,62.5,72695.0
285,2021-09-24,61.645,62.51,61.645,61.9,56406.0
286,2021-09-27,63.1125,65.0,63.1125,64.81,54975.0
287,2021-09-28,64.81,64.82,61.78,63.0,82474.0
288,2021-09-29,64.5,64.5,62.18,62.18,151542.0
289,2021-09-30,63.88,64.5,63.48,64.27,44927.0
290,2021-10-01,64.6,64.6,61.94,63.28,44990.0
291,2021-10-04,60.31,60.41,59.14,59.9,47018.0
292,2021-10-05,59.42,61.69,59.42,61.5,40145.0
293,2021-10-06,58.025,60.32,58.025,60.1,49932.0
294,2021-10-07,64.0,67.23,64.0,66.78,135504.0
295,2021-10-08,67.59,68.29,67.22,67.82,138374.0
296,2021-10-11,71.0,71.25,69.64,69.64,99284.0
297,2021-10-12,69.652,69.714,68.62,68.7,42912.0
298,2021-10-13,69.29,71.415,69.29,70.89,47525.0
299,2021-10-14,70.329,71.21,69.58,70.98,63512.0
300,2021-10-15,74.1,74.1,71.5,72.2,52467.0
301,2021-10-18,71.1,73.41,71.0,72.862,66254.0
302,2021-10-19,72.5,75.8,72.5,75.51,87700.0
303,2021-10-20,74.98,76.1,74.92,75.09,73608.0
304,2021-10-21,73.844,75.03,73.844,74.92,41051.0
305,2021-10-22,75.87,75.87,72.85,73.34,44304.0
306,2021-10-25,73.313,73.75,72.76,73.3,56304.0
307,2021-10-26,73.58,73.58,70.45,70.75,120755.0
308,2021-10-27,68.5,70.17,68.5,69.39,54093.0
309,2021-10-28,69.02,70.2,68.92,70.2,47492.0
310,2021-10-29,67.0,68.65,67.0,67.86,50832.0
311,2021-11-01,68.935,71.99,68.935,71.9,62709.0
312,2021-11-02,69.2005,69.495,68.35,68.94,76146.0
313,2021-11-03,70.72,71.7,70.65,71.7,83537.0
314,2021-11-04,73.35,73.5,71.09,71.45,155459.0
315,2021-11-05,70.54,70.69,69.16,69.73,64022.0
316,2021-11-08,70.36,70.8835,70.0,70.8835,40854.0
317,2021-11-09,69.9,69.9,68.62,69.5,23733.0
318,2021-11-10,69.78,72.08,69.78,70.93,36497.0
319,2021-11-11,73.13,74.32,72.5,74.19,156093.0
320,2021-11-12,73.962,75.26,73.66,75.0305,48193.0
321,2021-11-15,74.5115,74.62,73.41,73.67,53843.0
322,2021-11-16,75.55,76.02,74.7,75.64,63618.0
323,2021-11-17,74.45,74.45,72.688,73.29,64953.0
324,2021-11-18,73.2899,73.2899,71.28,71.32,60191.0
325,2021-11-19,71.5,72.69,71.5,71.599,200750.0
326,2021-11-22,69.93,69.93,67.63,68.45,52811.0
327,2021-11-23,68.0315,68.21,66.55,66.845,36912.0
328,2021-11-24,69.23,70.535,68.86,70.16,28803.0
329,2021-11-26,66.02,66.04,62.5,64.15,341446.0
330,2021-11-29,62.27,62.4,61.635,61.83,99745.0
331,2021-11-30,60.0101,61.72,60.0101,60.75,74117.0
332,2021-12-01,62.51,63.43,61.3801,61.7,97127.0
333,2021-12-02,63.27,63.5,61.1101,62.32,104218.0
334,2021-12-03,60.92,60.92,57.54,58.5,339045.0
335,2021-12-06,58.72,61.55,57.6,61.55,108280.0
336,2021-12-07,64.7799,64.7799,62.81,63.7,64896.0
337,2021-12-08,62.05,63.99,62.05,63.4,107946.0
338,2021-12-09,63.67,63.67,60.77,62.4,235655.0
339,2021-12-10,62.4999,63.17,62.06,62.66,59978.0
340,2021-12-13,63.08,63.644,61.94,62.85,257940.0
341,2021-12-14,62.25,63.29,62.25,63.28,74485.0
342,2021-12-15,60.03,61.47,59.97,61.05,92479.0
343,2021-12-16,61.735,62.01,59.585,60.2,145218.0
344,2021-12-17,56.6601,58.6175,56.6601,58.2805,69043.0
345,2021-12-20,55.86,56.6354,54.6,55.65,364172.0
346,2021-12-21,59.0,60.54,58.71,60.45,97397.0
347,2021-12-22,57.2,59.52,57.2,59.5,83780.0
348,2021-12-23,58.7,58.84,57.4715,58.51,49152.0
349,2021-12-27,57.7,59.4,57.7,58.35,37618.0
350,2021-12-28,57.4135,57.49,56.29,56.54,87108.0
351,2021-12-29,55.35,55.47,54.15,54.9835,439338.0
352,2021-12-30,56.71,59.24,56.68,58.79,97627.0
353,2021-12-31,58.25,58.71,57.81,57.81,41184.0
354,2022-01-03,57.3,57.77,56.16,57.54,46559.0
355,2022-01-04,54.66,56.51,53.6,53.99,127183.0
356,2022-01-05,50.5,51.82,49.63,49.97,153609.0
357,2022-01-06,51.4,53.39,51.05,52.52,150366.0
358,2022-01-07,52.474,53.31,52.474,53.17,65475.0
359,2022-01-10,52.36,52.82,51.59,52.23,114263.0
360,2022-01-11,53.95,55.62,53.95,55.59,121415.0
361,2022-01-12,58.7,59.184,57.7,59.07,87696.0
362,2022-01-13,58.16,58.37,56.05,56.05,55400.0
363,2022-01-14,57.0,57.0,55.67,56.45,387438.0
364,2022-01-18,55.45,56.19,54.2101,56.05,117093.0
365,2022-01-19,55.27,56.6,55.27,55.64,50271.0
366,2022-01-20,60.8,62.55,60.6,60.99,88500.0
367,2022-01-21,60.3,60.97,58.755,58.87,160120.0
368,2022-01-24,56.9401,59.4,56.47,58.46,79291.0
369,2022-01-25,58.4599,58.78,57.321,58.155,69186.0
370,2022-01-26,58.02,58.41,56.27,56.27,61824.0
371,2022-01-27,55.7299,55.7299,53.19,53.24,126089.0
372,2022-01-28,55.0599,55.0599,52.37,54.21,72925.0
373,2022-01-31,56.29,59.91,56.29,59.73,187845.0
374,2022-02-01,59.369,60.32,59.23,59.96,60927.0
375,2022-02-02,56.97,59.16,56.97,58.55,58540.0
376,2022-02-03,59.26,59.26,58.0,58.12,29196.0
377,2022-02-04,57.31,59.07,57.31,58.79,71238.0
378,2022-02-07,57.9405,58.61,57.7,57.95,44821.0
379,2022-02-08,57.79,59.14,57.79,58.65,45713.0
380,2022-02-09,59.47,60.3,59.47,60.3,100348.0
381,2022-02-10,58.54,60.93,58.54,59.1,93548.0
382,2022-02-11,58.622,58.78,56.65,56.927,45717.0
383,2022-02-14,57.13,57.13,55.455,56.205,52117.0
384,2022-02-15,55.3201,56.93,55.3201,56.3,57290.0
385,2022-02-16,56.325,57.29,55.9515,56.92,33903.0
386,2022-02-17,56.765,56.9,55.36,56.05,35117.0
387,2022-02-18,48.635,49.0,47.2,47.4,251379.0
388,2022-02-22,44.005,44.6,43.41,43.87,146521.0
389,2022-02-23,45.575,45.575,43.86,44.1,138130.0
390,2022-02-24,42.89,45.13,42.06,44.78,462208.0
391,2022-02-25,43.65,45.11,43.6,45.11,57955.0
392,2022-02-28,44.319,44.66,43.6801,44.42,220975.0
393,2022-03-01,44.44,44.48,43.13,43.53,233419.0
394,2022-03-02,44.7001,45.31,44.1,44.95,178490.0
395,2022-03-03,43.91,44.29,42.465,42.75,125460.0
396,2022-03-04,42.0,42.0,40.57,40.97,63878.0
397,2022-03-07,37.3,38.37,36.64,36.684,132317.0
398,2022-03-08,37.75,38.34,36.715,37.46,200171.0
399,2022-03-09,37.8,39.84,37.8,39.39,121469.0
400,2022-03-10,36.8499,36.8499,34.33,34.8,235283.0
401,2022-03-11,33.9001,34.44,31.43,31.47,195001.0
402,2022-03-14,29.0,29.0,26.75,26.86,142900.0
403,2022-03-15,27.3999,30.1,27.3,29.76,324280.0
404,2022-03-16,35.7001,42.39,35.7001,42.34,417079.0
405,2022-03-17,40.75,40.75,37.25,38.515,169183.0
406,2022-03-18,39.0,43.01,38.33,42.3,424447.0
407,2022-03-21,37.39,38.0,36.5,37.37,111220.0
408,2022-03-22,38.9499,40.49,38.9499,40.03,147650.0
409,2022-03-23,39.25,40.93,38.5,39.56,102301.0
410,2022-03-24,37.6,37.7,36.41,36.95,198904.0
411,2022-03-25,34.35,37.0,34.35,36.82,135899.0
412,2022-03-28,39.5,39.5,38.4,39.03,118729.0
413,2022-03-29,41.0,42.31,41.0,41.97,169853.0
414,2022-03-30,40.22,41.48,40.22,40.62,171118.0
415,2022-03-31,39.3,39.3,37.96,37.96,110371.0
416,2022-04-01,40.0,41.35,40.0,40.43,142739.0
417,2022-04-04,42.3001,43.22,42.3001,43.13,164043.0
418,2022-04-05,43.22,43.22,41.16,41.18,385123.0
419,2022-04-06,40.23,40.44,39.5,39.99,279444.0
420,2022-04-07,40.28,40.69,39.51,40.25,143961.0
421,2022-04-08,39.65,40.08,39.36,39.42,161041.0
422,2022-04-11,38.11,38.58,37.55,38.05,208244.0
423,2022-04-12,40.0,40.0,38.6,38.72,190784.0
424,2022-04-13,38.51,40.11,38.51,39.95,130296.0
425,2022-04-14,39.15,39.99,38.48,38.61,204907.0
426,2022-04-18,38.09,38.22,37.25,37.85,247910.0
427,2022-04-19,37.2801,37.37,36.22,37.31,125620.0
428,2022-04-20,37.6,37.6,35.63,35.89,291027.0
429,2022-04-21,35.45,35.51,33.62,33.62,130607.0
430,2022-04-22,35.66,36.93,35.31,35.55,155448.0
431,2022-04-25,35.195,36.38,35.195,36.33,131464.0
432,2022-04-26,36.5,36.84,35.99,36.1,174327.0
433,2022-04-27,37.65,38.7,37.61,38.56,183677.0
434,2022-04-28,38.1,38.1,36.75,37.58,173656.0
435,2022-04-29,43.4,43.76,42.35,42.71,460333.0
436,2022-05-02,42.5,43.14,41.56,43.14,268806.0
437,2022-05-03,43.4,44.09,43.14,43.7,385096.0
438,2022-05-04,41.751,43.51,41.12,43.51,200889.0
439,2022-05-05,41.29,41.99,39.36,40.12,125133.0
440,2022-05-06,40.12,40.55,38.97,39.41,464647.0
441,2022-05-09,38.5,38.635,36.39,36.41,317201.0
442,2022-05-10,38.7,38.7,36.92,37.84,226468.0
443,2022-05-11,39.5801,41.03,39.01,39.25,340415.0
444,2022-05-12,38.53,41.16,38.53,40.3,160686.0
445,2022-05-13,42.45,43.83,42.386,43.83,337482.0
446,2022-05-16,42.06,42.88,41.87,42.45,321397.0
447,2022-05-17,44.26,45.1,43.2,44.01,333854.0
448,2022-05-18,43.0,43.6,42.15,42.15,102351.0
449,2022-05-19,42.779,44.29,42.779,44.08,225481.0
450,2022-05-20,44.4899,44.4899,42.2,43.0,10061.0
451,2022-05-23,42.6,43.0,42.224,42.41,129.0
452,2022-05-24,40.51,41.75,39.16,39.442,191517.0
453,2022-05-25,40.3,40.69,40.035,40.59,119424.0
454,2022-05-26,40.61,43.05,40.555,42.81,161979.0
455,2022-05-27,41.89,42.31,40.93,42.07,97220.0
456,2022-05-31,47.14,47.76,46.575,46.89,266396.0
457,2022-06-01,46.5,46.84,45.0,45.58,181272.0
458,2022-06-02,47.65,49.92,47.6,49.45,202535.0
459,2022-06-03,49.18,49.32,48.02,48.41,101718.0
460,2022-06-06,51.25,51.8,50.19,50.41,101693.0
461,2022-06-07,50.83,52.59,50.5,52.51,92571.0
462,2022-06-08,53.11,54.15,52.46,54.14,502577.0
463,2022-06-09,50.8,51.8,49.4,49.48,150009.0
464,2022-06-10,50.95,51.5291,49.43,49.9,250429.0
465,2022-06-13,49.0,49.0,45.5,46.0,64861.0
466,2022-06-14,49.3,50.14,48.84,49.73,412272.0
467,2022-06-15,49.53,50.68,49.28,50.48,106924.0
468,2022-06-16,47.62,48.115,47.074,47.68,91061.0
469,2022-06-17,52.19,52.86,49.84,50.77,279950.0
470,2022-06-21,51.01,51.26,50.12,51.08,98564.0
471,2022-06-22,49.15,49.606,48.62,48.73,197723.0
472,2022-06-23,48.85,49.865,48.5,49.11,50055.0
473,2022-06-24,51.7999,51.7999,50.01,50.43,52489.0
474,2022-06-27,52.0,53.36,51.21,51.56,256138.0
475,2022-06-28,52.68,53.18,51.7,52.05,230888.0
476,2022-06-29,51.25,51.98,51.155,51.482,103464.0
477,2022-06-30,48.7501,49.94,48.51,49.94,76494.0
478,2022-07-01,48.8,51.0,48.8,50.02,71192.0
479,2022-07-05,50.4,50.4,48.6,50.29,101482.0
480,2022-07-06,50.25,50.25,48.63,49.57,121786.0
481,2022-07-07,50.0,50.76,49.826,50.2999,68156.0
482,2022-07-08,48.0,49.25,48.0,48.77,109725.0
483,2022-07-11,46.5,46.5,45.1,45.215,63965.0
484,2022-07-12,45.4,45.81,44.51,45.47,404355.0
485,2022-07-13,45.53,46.42,45.27,46.13,127629.0
486,2022-07-14,45.6,45.79,44.99,45.44,68206.0
487,2022-07-15,44.6,46.22,44.6,45.85,92635.0
488,2022-07-18,48.25,48.95,47.87,48.18,171929.0
489,2022-07-19,48.55,49.26,48.25,48.965,122612.0
490,2022-07-20,49.37,49.37,48.56,49.27,39838.0
491,2022-07-21,48.7,49.19,48.63,48.99,164994.0
492,2022-07-22,48.85,49.27,47.83,48.05,39133.0
493,2022-07-25,48.03,48.2,47.48,48.04,39197.0
494,2022-07-26,48.6,48.6,47.25,47.4,37647.0
495,2022-07-27,48.4,49.07,47.9,48.935,40528.0
496,2022-07-28,47.0,48.25,46.5,47.4,65474.0
497,2022-07-29,44.47,44.87,44.0,44.76,112138.0
498,2022-08-01,45.0,45.12,44.16,44.58,79709.0
499,2022-08-02,43.25,46.32,43.25,45.44,242920.0
500,2022-08-03,45.0,45.835,44.7,45.74,68358.0
501,2022-08-04,47.51,47.79,46.92,47.13,70141.0
502,2022-08-05,45.75,46.12,45.68,45.92,70489.0
503,2022-08-08,45.77,46.37,45.49,45.61,75086.0
504,2022-08-09,44.53,44.97,44.28,44.28,45620.0
505,2022-08-10,44.0,44.29,43.375,44.07,34191.0
506,2022-08-11,45.09,46.48,44.845,45.035,36800.0
507,2022-08-12,44.86,45.76,44.12,45.75,31685.0
508,2022-08-15,45.95,46.67,45.91,46.41,60854.0
509,2022-08-16,43.2,43.56,42.31,42.65,141860.0
510,2022-08-17,43.98,44.45,43.7,43.94,95518.0
511,2022-08-18,43.61,43.61,42.92,43.11,62463.0
512,2022-08-19,43.01,43.155,42.45,42.57,24499.0
513,2022-08-22,44.3,44.3,42.94,42.94,57470.0
514,2022-08-23,42.3,43.39,42.3,43.18,67890.0
515,2022-08-24,42.1,43.65,41.46,42.975,55394.0
516,2022-08-25,44.95,47.0,44.9,47.0,383244.0
517,2022-08-26,49.5,51.9,47.67,48.74,571631.0
518,2022-08-29,47.0,48.44,47.0,47.14,409921.0
519,2022-08-30,46.2,47.01,45.05,45.58,378201.0
520,2022-08-31,47.88,48.64,47.55,47.9,462571.0
521,2022-09-01,45.11,45.71,44.81,45.24,102735.0
522,2022-09-02,44.62,44.93,44.19,44.32,62088.0
523,2022-09-06,44.3,44.3,43.13,43.25,46652.0
524,2022-09-07,43.82,44.34,43.22,44.11,68050.0
525,2022-09-08,43.63,44.1,43.43,43.98,48410.0
526,2022-09-09,45.15,45.58,44.94,45.15,110098.0
527,2022-09-12,45.41,46.08,45.32,46.08,94567.0
528,2022-09-13,44.68,44.94,43.56,43.93,107035.0
529,2022-09-14,44.24,44.44,44.08,44.25,21516.0
530,2022-09-15,43.61,44.74,43.6,43.85,68327.0
531,2022-09-16,43.55,43.75,43.34,43.34,61423.0
532,2022-09-19,43.26,44.03,43.22,44.01,40713.0
533,2022-09-20,43.9,43.9,43.07,43.28,85874.0
534,2022-09-21,42.66,42.66,41.52,41.68,83864.0
535,2022-09-22,42.28,42.35,41.41,41.785,97314.0
536,2022-09-23,41.0,41.0,40.26,40.492,59046.0
537,2022-09-26,42.66,43.19,42.37,42.515,170242.0
538,2022-09-27,44.49,44.72,43.04,43.39,126339.0
539,2022-09-28,43.41,44.75,43.15,44.61,95079.0
540,2022-09-29,43.53,43.8,42.74,43.48,74536.0
541,2022-09-30,41.51,42.73,41.51,42.15,82131.0
542,2022-10-03,41.27,41.85,40.89,41.74,162826.0
543,2022-10-04,42.76,44.77,42.7,44.68,98644.0
544,2022-10-05,44.56,44.56,43.61,44.07,106928.0
545,2022-10-06,45.09,45.36,44.49,44.88,110735.0
546,2022-10-07,43.9,43.9,42.87,42.89,261226.0
547,2022-10-10,41.16,41.16,40.27,40.54,73626.0
548,2022-10-11,38.94,38.94,37.52,38.11,164880.0
549,2022-10-12,38.11,38.32,37.63,37.74,335008.0
550,2022-10-13,36.13,37.72,35.96,37.51,323843.0
551,2022-10-14,38.1,38.274,36.94,36.96,81820.0
552,2022-10-17,38.46,39.21,38.42,38.83,79600.0
553,2022-10-18,39.43,39.56,37.96,38.6,87283.0
554,2022-10-19,36.1,36.45,35.13,35.27,121480.0
555,2022-10-20,36.32,37.39,36.0,36.3,114806.0
556,2022-10-21,35.59,37.0,35.55,37.0,218349.0
557,2022-10-24,31.88,33.16,28.7,30.82,381253.0
558,2022-10-25,31.15,32.02,30.79,31.17,412807.0
559,2022-10-26,32.7,35.34,32.7,34.59,328967.0
560,2022-10-27,33.62,34.29,33.26,33.32,114126.0
561,2022-10-28,31.24,31.35,30.4,31.32,291510.0
562,2022-10-31,31.8,32.55,31.6,32.09,196628.0
563,2022-11-01,35.38,35.79,34.71,34.78,193356.0
564,2022-11-02,37.2,37.2,35.22,35.3,218461.0
565,2022-11-03,35.67,37.43,35.51,37.25,95586.0
566,2022-11-04,38.63,39.38,37.72,39.08,277319.0
567,2022-11-07,39.9,40.0,38.37,38.39,130517.0
568,2022-11-08,37.52,38.18,36.73,37.91,103712.0
569,2022-11-09,36.16,36.41,35.37,35.37,82622.0
570,2022-11-10,38.18,39.2,38.07,39.05,152101.0
571,2022-11-11,41.2,41.76,40.72,41.46,65988.0
572,2022-11-14,40.42,40.51,39.65,40.01,175607.0
573,2022-11-15,42.4,43.49,42.04,42.8,106870.0
574,2022-11-16,38.93,39.25,38.52,38.705,343857.0
575,2022-11-17,38.2,40.76,37.92,40.57,437513.0
576,2022-11-18,41.02,41.02,40.04,40.3,85206.0
577,2022-11-21,39.21,39.25,38.39,38.72,229839.0
578,2022-11-22,35.74,36.27,35.51,36.21,211132.0
579,2022-11-23,35.74,35.98,35.37,35.88,117437.0
580,2022-11-25,36.0,36.2,34.73,34.82,155595.0
581,2022-11-28,35.75,37.36,35.75,36.66,483562.0
582,2022-11-29,38.8,40.35,38.8,39.48,527662.0
583,2022-11-30,42.0,43.67,42.0,43.09,380984.0
584,2022-12-01,42.1,42.46,41.28,42.0,107753.0
585,2022-12-02,43.0,45.65,43.0,45.24,224579.0
586,2022-12-05,44.47,44.9,42.4,42.86,269810.0
587,2022-12-06,44.5,45.07,43.98,44.69,127365.0
588,2022-12-07,42.03,44.08,42.03,43.98,97342.0
589,2022-12-08,45.9,46.04,45.2,45.68,114264.0
590,2022-12-09,47.87,47.87,46.48,46.55,178932.0
591,2022-12-12,45.35,45.35,43.49,44.22,105064.0
592,2022-12-13,46.9,47.73,45.86,45.92,166363.0
593,2022-12-14,46.71,47.3,46.25,47.28,130322.0
594,2022-12-15,46.49,47.45,44.68,44.87,131778.0
595,2022-12-16,45.73,45.73,44.63,44.65,80545.0
596,2022-12-19,45.86,45.86,45.08,45.34,110373.0
597,2022-12-20,44.72,45.43,44.54,44.74,105329.0
598,2022-12-21,44.39,46.32,44.38,46.05,106812.0
599,2022-12-22,46.5,47.52,45.67,46.15,106040.0
600,2022-12-23,46.58,46.664,45.1,45.2,156351.0
601,2022-12-27,46.99,48.82,46.52,48.74,170724.0
602,2022-12-28,47.37,47.65,45.62,45.93,122745.0
603,2022-12-29,46.3,48.34,46.3,48.26,64753.0
604,2022-12-30,44.8,44.97,44.0,44.24,114663.0
605,2023-01-03,45.0,46.24,45.0,45.87,295076.0
606,2023-01-04,47.64,48.37,46.29,48.06,250026.0
607,2023-01-05,48.06,49.84,48.06,49.84,177141.0
608,2023-01-06,48.0,48.0,46.63,47.8,167225.0
609,2023-01-09,46.6,46.74,45.78,46.17,159676.0
610,2023-01-10,45.92,46.4,45.5466,46.39,209502.0
611,2023-01-11,44.8,45.46,44.6,45.12,92600.0
612,2023-01-12,43.93,44.74,43.93,44.6,316724.0
613,2023-01-13,43.69,44.28,43.68,44.17,204326.0
614,2023-01-17,42.4,42.4,41.8,42.15,366358.0
615,2023-01-18,42.0,42.245,41.23,41.54,104558.0
616,2023-01-19,41.19,42.0,41.19,41.89,157045.0
617,2023-01-20,43.35,44.28,43.2,44.21,209857.0
618,2023-01-23,44.57,45.69,44.45,44.9,85110.0
619,2023-01-24,44.44,44.44,43.8,44.42,53472.0
620,2023-01-25,43.8,44.63,43.32,44.08,135198.0
621,2023-01-26,44.12,44.55,44.0,44.52,242604.0
622,2023-01-27,44.48,44.75,44.13,44.36,55476.0
623,2023-01-30,44.36,44.72,43.92,44.345,77103.0
624,2023-01-31,44.63,44.95,44.36,44.71,98178.0
625,2023-02-01,45.92,46.5,45.4,46.33,183478.0
626,2023-02-02,45.35,45.35,44.3,44.52,241685.0
627,2023-02-03,44.2,44.29,43.2,43.34,148851.0
628,2023-02-06,41.85,42.0,41.01,41.96,172413.0
629,2023-02-07,41.23,41.89,40.78,41.59,232811.0
630,2023-02-08,39.4,39.4,38.22,38.66,242756.0
631,2023-02-09,38.9,39.2,38.61,38.85,79995.0
632,2023-02-10,37.75,38.0,37.03,37.41,103373.0
633,2023-02-13,37.93,38.195,37.7,38.02,59689.0
634,2023-02-14,37.65,38.06,37.5,37.93,76528.0
635,2023-02-15,37.1,37.36,37.0,37.3,71394.0
636,2023-02-16,37.25,38.03,37.24,37.94,56888.0
637,2023-02-17,36.6,36.9,36.36,36.47,49104.0
638,2023-02-21,35.85,35.85,35.37,35.47,128284.0
639,2023-02-22,36.0,36.0,35.31,35.51,159065.0
640,2023-02-23,35.63,35.635,34.74,34.95,127284.0
641,2023-02-24,33.44,34.07,33.44,33.49,83851.0
642,2023-02-27,34.65,34.795,34.6,34.64,773378.0
643,2023-02-28,34.8,35.08,34.55,34.65,274501.0
644,2023-03-01,35.92,36.15,35.68,35.815,56737.0
645,2023-03-02,35.74,36.93,35.74,36.84,286325.0
646,2023-03-03,36.66,36.8414,36.16,36.25,58250.0
647,2023-03-06,36.5,36.5,36.12,36.21,138201.0
648,2023-03-07,34.85,35.06,34.3,34.32,145397.0
649,2023-03-08,33.43,33.64,33.34,33.46,124747.0
650,2023-03-09,33.15,33.15,31.85,31.92,277516.0
651,2023-03-10,32.33,32.96,32.32,32.72,114340.0
652,2023-03-13,32.26,32.8,32.18,32.61,71105.0
653,2023-03-14,32.49,32.68,32.2,32.66,242489.0
654,2023-03-15,31.76,31.85,31.25,31.68,117045.0
655,2023-03-16,32.4,32.71,31.99,32.63,164337.0
656,2023-03-17,33.27,33.27,32.47,32.89,81693.0
657,2023-03-20,32.9,33.49,32.82,33.2,55789.0
658,2023-03-21,33.0,33.64,33.0,33.54,209020.0
659,2023-03-22,33.3,33.57,33.04,33.11,113135.0
660,2023-03-23,35.71,36.43,35.54,35.81,348101.0
661,2023-03-24,35.5,37.89,35.5,37.15,948071.0
662,2023-03-27,33.7,33.75,33.37,33.48,746580.0
663,2023-03-28,34.87,35.46,34.72,35.34,435355.0
664,2023-03-29,35.58,36.0,35.38,35.86,333976.0
665,2023-03-30,36.09,37.24,36.09,37.24,461815.0
666,2023-03-31,35.79,36.8,35.79,36.23,153825.0
667,2023-04-03,35.0,35.86,35.0,35.65,137286.0
668,2023-04-04,34.19,34.58,34.03,34.45,96171.0
669,2023-04-05,34.14,34.34,33.5,33.8,86346.0
670,2023-04-06,33.81,34.84,33.805,34.84,206551.0
671,2023-04-10,34.44,34.51,33.88,34.27,46174.0
672,2023-04-11,34.76,34.87,34.32,34.43,220088.0
673,2023-04-12,33.4,33.47,32.43,32.5,105478.0
674,2023-04-13,33.95,33.95,33.29,33.5,44045.0
675,2023-04-14,32.79,32.79,32.275,32.43,46878.0
676,2023-04-17,33.99,34.3,33.76,34.07,262777.0
677,2023-04-18,34.43,34.71,34.15,34.38,68509.0
678,2023-04-19,34.41,34.74,34.34,34.7,74263.0
679,2023-04-20,35.65,35.93,35.21,35.53,120426.0
680,2023-04-21,35.04,35.39,34.67,34.99,95265.0
681,2023-04-24,34.92,34.92,34.43,34.65,71905.0
682,2023-04-25,33.52,33.52,32.94,33.14,97581.0
683,2023-04-26,34.26,34.5,33.66,33.76,90787.0
684,2023-04-27,34.1,34.58,33.96,34.41,93854.0
685,2023-04-28,33.03,34.37,33.03,34.26,173254.0
686,2023-05-01,34.26,34.5644,34.05,34.13,104430.0
687,2023-05-02,33.48,33.48,32.8,33.1,83873.0
688,2023-05-03,33.92,33.92,33.19,33.26,115488.0
689,2023-05-04,33.46,33.98,33.26,33.83,184975.0
690,2023-05-05,34.33,34.675,34.01,34.49,121262.0
691,2023-05-08,33.97,34.27,33.93,34.27,261690.0
692,2023-05-09,33.0,33.45,33.0,33.32,120014.0
693,2023-05-10,32.97,33.25,32.69,33.09,154766.0
694,2023-05-11,32.78,33.56,32.76,33.5,363635.0
695,2023-05-12,33.49,33.59,33.03,33.12,62157.0
696,2023-05-15,34.34,35.6,34.34,35.54,190668.0
697,2023-05-16,34.7,35.21,34.7,35.21,51863.0
698,2023-05-17,34.1,34.54,34.07,34.5,49329.0
699,2023-05-18,34.0,34.0,33.16,33.34,77753.0
700,2023-05-19,32.8,32.99,32.72,32.92,176738.0
701,2023-05-22,33.83,34.29,33.79,33.79,124593.0
702,2023-05-23,33.76,33.92,33.33,33.44,109906.0
703,2023-05-24,33.21,33.3,32.6,32.74,112759.0
704,2023-05-25,33.35,33.79,31.81,31.81,283899.0
705,2023-05-26,32.74,32.74,31.38,32.2,570483.0
706,2023-05-30,29.79,29.79,28.81,29.03,298451.0
707,2023-05-31,28.3,28.3,27.48,27.97,922299.0
708,2023-06-01,28.8,29.83,28.8,29.705,330266.0
709,2023-06-02,30.88,31.58,30.88,31.18,130179.0
710,2023-06-05,31.0,31.17,30.7,31.17,82500.0
711,2023-06-06,31.0,32.12,31.0,32.09,134603.0
712,2023-06-07,31.65,31.98,31.22,31.32,252631.0
713,2023-06-08,31.4,32.07,31.4,32.0,121843.0
714,2023-06-09,32.4,32.63,32.22,32.22,76212.0
715,2023-06-12,32.5,32.6,32.32,32.32,121479.0
716,2023-06-13,32.7,33.06,32.65,32.72,121880.0
717,2023-06-14,32.67,33.47,32.67,33.24,142528.0
718,2023-06-15,34.7,35.26,34.51,35.26,251728.0
719,2023-06-16,35.96,35.96,34.54,34.74,216135.0
720,2023-06-20,33.8,33.8,32.69,32.81,72736.0
721,2023-06-21,32.5,32.8,32.25,32.37,72777.0
722,2023-06-22,32.18,32.355,32.0,32.25,37297.0
723,2023-06-23,31.97,31.97,31.09,31.37,83983.0
724,2023-06-26,31.6,32.03,31.6,31.67,120669.0
725,2023-06-27,31.7,32.36,31.7,32.29,83817.0
726,2023-06-28,32.08,32.33,31.89,32.33,351639.0
727,2023-06-29,31.54,31.71,31.38,31.52,69259.0
728,2023-06-30,31.35,31.51,31.25,31.42,88454.0
729,2023-07-03,32.2,32.47,32.08,32.31,112324.0
730,2023-07-05,31.2,31.84,31.2,31.49,510458.0
731,2023-07-06,30.5,30.73,30.23,30.42,116230.0
732,2023-07-07,30.71,31.58,30.71,31.56,357438.0
733,2023-07-10,31.18,31.5,31.1666,31.39,40479.0
734,2023-07-11,31.23,31.48,30.93,31.48,101051.0
735,2023-07-12,33.05,34.0,32.95,33.9,353585.0
736,2023-07-13,34.44,35.1,34.44,35.1,251896.0
737,2023-07-14,33.8,33.8,33.35,33.4,126358.0
738,2023-07-17,33.2,33.41,32.6,33.13,58269.0
739,2023-07-18,32.81,32.91,32.08,32.39,118689.0
740,2023-07-19,32.85,33.24,32.74,32.88,74662.0
741,2023-07-20,32.34,32.57,32.18,32.32,64095.0
742,2023-07-21,33.4,33.4,32.33,32.37,22326.0
743,2023-07-24,32.2,34.03,32.15,33.655,99887.0
744,2023-07-25,34.8,34.99,34.02,34.12,107668.0
745,2023-07-26,34.36,35.24,34.26,34.92,249715.0
746,2023-07-27,34.91,34.91,34.16,34.25,150053.0
747,2023-07-28,36.3,37.44,36.3,37.395,106444.0
748,2023-07-31,37.94,38.19,37.49,38.19,64467.0
749,2023-08-01,37.5,37.5,36.74,36.89,46397.0
750,2023-08-02,35.35,35.9,35.31,35.4,74812.0
751,2023-08-03,36.5,37.0,36.37,36.82,82305.0
752,2023-08-04,36.82,37.07,36.33,36.69,95707.0
753,2023-08-07,36.85,36.85,36.08,36.4,57566.0
754,2023-08-08,35.69,35.69,34.93,35.54,52782.0
755,2023-08-09,35.8,35.92,35.26,35.79,42351.0
756,2023-08-10,36.18,36.82,35.89,35.998,92593.0
757,2023-08-11,34.6,34.6,34.0,34.11,262983.0
758,2023-08-14,34.24,34.41,33.66,34.18,123751.0
759,2023-08-15,34.0,34.0,33.43,33.5,81134.0
760,2023-08-16,33.21,33.57,32.62,32.95,84528.0
761,2023-08-17,33.99,34.13,33.66,33.84,280855.0
762,2023-08-18,32.65,32.84,32.48,32.68,481380.0
763,2023-08-21,32.35,32.67,32.2,32.65,95719.0
764,2023-08-22,33.01,33.03,32.45,32.64,134630.0
765,2023-08-23,33.33,33.95,33.33,33.74,89845.0
766,2023-08-24,35.95,35.95,35.1,35.39,262185.0
767,2023-08-25,33.63,34.08,33.44,33.79,139584.0
768,2023-08-28,34.44,34.95,34.44,34.85,59487.0
769,2023-08-29,35.09,35.56,35.04,35.49,92497.0
770,2023-08-30,34.37,34.66,34.3552,34.52,59306.0
771,2023-08-31,32.75,33.27,32.75,33.14,166644.0
772,2023-09-01,33.97,34.67,33.75,34.15,108008.0
773,2023-09-05,33.2,33.2,32.64,32.8,75569.0
774,2023-09-06,32.8,33.24,32.63,32.85,71706.0
775,2023-09-07,32.1,32.1,31.1,31.32,124499.0
776,2023-09-08,31.14,31.35,30.9886,31.15,52250.0
777,2023-09-11,32.06,32.13,31.78,31.98,74081.0
778,2023-09-12,31.78,32.12,31.77,32.0,231382.0
779,2023-09-13,31.6,31.6,31.0,31.45,51476.0
780,2023-09-14,31.99,31.99,31.28,31.52,50341.0
781,2023-09-15,31.62,31.64,31.35,31.39,173525.0
782,2023-09-18,31.07,31.31,30.98,31.23,367006.0
783,2023-09-19,31.04,31.15,30.87,30.9,111906.0
784,2023-09-20,30.6,30.78,30.36,30.45,417098.0
785,2023-09-21,29.4,29.9,29.38,29.53,208764.0
786,2023-09-22,31.0,31.0,30.6,30.71,94433.0
787,2023-09-25,29.85,30.11,29.85,30.02,66758.0
788,2023-09-26,29.84,30.01,29.1,29.8,95216.0
789,2023-09-27,29.13,29.36,29.08,29.27,178300.0
790,2023-09-28,28.33,28.65,28.31,28.58,998321.0
791,2023-09-29,29.1,29.32,28.81,28.9,102660.0
792,2023-10-02,29.77,29.77,28.61,28.73,43735.0
793,2023-10-03,28.0,28.15,27.91,28.14,220334.0
794,2023-10-04,27.35,27.57,27.27,27.3988,137029.0
795,2023-10-05,27.2,27.28,26.99,27.27,86521.0
796,2023-10-06,27.5,28.24,27.4,28.14,341682.0
797,2023-10-09,28.0,28.0,27.59,27.97,236610.0
798,2023-10-10,28.7,29.44,28.7,29.4,126119.0
799,2023-10-11,30.02,30.57,30.02,30.26,228711.0
800,2023-10-12,30.1,30.22,29.1,29.14,188175.0
801,2023-10-13,29.0,29.34,28.87,29.08,286997.0
802,2023-10-16,29.08,29.86,28.95,29.75,353900.0
803,2023-10-17,29.0,29.34,28.98,29.29,131683.0
804,2023-10-18,28.88,28.91,28.37,28.59,103503.0
805,2023-10-19,27.94,28.5225,27.94,28.3,197421.0
806,2023-10-20,27.4,27.53,27.09,27.23,139094.0
807,2023-10-23,27.1,27.5,26.82,27.33,125351.0
808,2023-10-24,27.01,29.08,27.01,28.94,377443.0
809,2023-10-25,28.16,28.31,27.88,28.13,193694.0
810,2023-10-26,27.94,28.35,27.94,28.22,252486.0
811,2023-10-27,29.31,29.31,28.33,28.39,157882.0
812,2023-10-30,29.44,29.53,29.04,29.15,208337.0
813,2023-10-31,27.6,28.44,27.6,28.37,281536.0
814,2023-11-01,27.65,28.19,27.65,28.1,298507.0
815,2023-11-02,27.75,28.17,27.75,28.02,195567.0
816,2023-11-03,28.53,28.87,28.53,28.77,905253.0
817,2023-11-06,29.8,29.95,29.34,29.49,634212.0
818,2023-11-07,29.01,29.67,29.01,29.66,162007.0
819,2023-11-08,29.0,29.75,29.0,29.57,153487.0
820,2023-11-09,29.38,29.58,28.94,29.02,105128.0
821,2023-11-10,28.41,28.65,28.32,28.65,144427.0
822,2023-11-13,28.65,29.01,28.495,28.79,379518.0
823,2023-11-14,28.53,29.14,28.4,28.98,241192.0
824,2023-11-15,29.22,29.9,29.22,29.63,301286.0
825,2023-11-16,28.05,28.65,27.89,28.1,294864.0
826,2023-11-17,28.0,28.09,27.72,27.83,214800.0
827,2023-11-20,27.8,28.56,27.8,28.465,610476.0
828,2023-11-21,28.36,28.54,28.02,28.21,250756.0
829,2023-11-22,28.59,28.69,28.28,28.47,147705.0
830,2023-11-24,27.55,28.27,27.55,28.25,196701.0
831,2023-11-27,28.24,28.24,27.7,27.79,233894.0
832,2023-11-28,26.6,26.62,24.51,24.8,2486141.0
833,2023-11-29,23.48,23.53,23.11,23.15,959685.0
834,2023-11-30,23.65,23.65,22.8,23.16,343070.0
835,2023-12-01,22.18,22.66,22.15,22.66,297762.0
836,2023-12-04,22.2,22.3,22.05,22.0898,212902.0
837,2023-12-05,21.51,21.77,21.51,21.66,252629.0
838,2023-12-06,22.08,22.22,21.96,21.9928,141914.0
839,2023-12-07,21.92,22.24,21.92,22.18,156248.0
840,2023-12-08,21.8,22.175,21.8,22.0,144342.0
841,2023-12-11,21.53,21.68,21.29,21.62,313919.0
842,2023-12-12,21.3,21.63,21.3,21.63,111322.0
843,2023-12-13,21.35,21.35,20.67,21.2,282258.0
844,2023-12-14,20.94,21.5,20.94,21.48,136555.0
845,2023-12-15,21.55,21.86,21.46,21.5,232998.0
846,2023-12-18,21.17,21.17,20.95,21.05,287655.0
847,2023-12-19,20.46,20.81,20.2,20.6,724813.0
848,2023-12-20,20.0,20.2,19.6,19.6,604604.0
849,2023-12-21,20.4,20.72,20.1,20.72,618111.0
850,2023-12-22,19.99,20.0325,19.7,19.86,151547.0
851,2023-12-26,20.05,20.12,19.83,19.91,238543.0
852,2023-12-27,20.16,20.2,19.92,20.1,134289.0
853,2023-12-28,20.62,21.15,20.62,21.01,308899.0
854,2023-12-29,20.8,21.1,20.8,21.01,122665.0
855,2024-01-02,20.15,20.23,19.888,19.93,206164.0
856,2024-01-03,19.99,20.16,19.71,20.15,134846.0
857,2024-01-04,20.15,20.15,19.57,19.57,188853.0
858,2024-01-05,19.96,20.01,19.76,19.76,102601.0
859,2024-01-08,19.0,19.3,18.79,19.21,258838.0
860,2024-01-09,18.12,18.12,17.837,17.9,549913.0
861,2024-01-10,18.44,18.49,18.33,18.36,504401.0
862,2024-01-11,19.19,19.37,19.0,19.36,482978.0
863,2024-01-12,19.38,19.55,19.17,19.3,214388.0
864,2024-01-16,18.93,19.08,18.51,18.58,362239.0
865,2024-01-17,17.55,17.7,17.28,17.68,378959.0
866,2024-01-18,17.82,17.98,17.71,17.87,466004.0
867,2024-01-19,17.59,18.11,17.34,18.05,329585.0
868,2024-01-22,16.96,17.13,16.72,17.06,1280281.0
869,2024-01-23,17.31,17.83,17.31,17.71,1041968.0
870,2024-01-24,18.53,18.63,18.18,18.3,436686.0
871,2024-01-25,17.8,17.85,17.39,17.49,353462.0
872,2024-01-26,17.25,17.33,16.98,17.26,400300.0
873,2024-01-29,17.47,17.47,16.65,16.88,405457.0
