,date,open,high,low,close,volume
0,2018-10-19,8.5,10.2,7.51,8.65,3414060.0
1,2018-10-22,8.7,8.94,7.9,8.3,697525.0
2,2018-10-23,7.9,7.98,7.6,7.7,349151.0
3,2018-10-24,7.87,7.87,7.14,7.2,469672.0
4,2018-10-25,7.16,7.4,6.32,6.56,512462.0
5,2018-10-26,6.51,7.75,6.32,7.48,670935.0
6,2018-10-29,7.43,7.43,7.05,7.23,135400.0
7,2018-10-30,7.21,7.21,6.8,6.99,96956.0
8,2018-10-31,7.2,7.78,7.02,7.73,100974.0
9,2018-11-01,7.7,8.2,7.43,8.2,207614.0
10,2018-11-02,8.31,9.36,7.8,9.2,411157.0
11,2018-11-05,8.8,9.35,8.56,8.64,225943.0
12,2018-11-06,8.61,9.09,7.84,9.09,646791.0
13,2018-11-07,9.18,9.18,8.65,8.91,410404.0
14,2018-11-08,8.88,9.15,8.57,9.12,248550.0
15,2018-11-09,9.1,9.1,8.65,8.71,218202.0
16,2018-11-12,8.55,8.55,8.03,8.2,312008.0
17,2018-11-13,8.4,8.44,8.3,8.31,218778.0
18,2018-11-14,8.16,8.42,8.05,8.33,157595.0
19,2018-11-15,8.3,8.37,7.7,8.13,320736.0
20,2018-11-16,7.88,8.02,7.7,7.75,164509.0
21,2018-11-19,7.77,8.0,7.66,7.68,205619.0
22,2018-11-20,7.95,8.0,7.7,7.81,300285.0
23,2018-11-21,7.81,8.38,7.81,8.13,205285.0
24,2018-11-23,8.22,8.29,8.02,8.15,74145.0
25,2018-11-26,8.2,8.3,8.05,8.12,80845.0
26,2018-11-27,8.05,8.25,7.54,7.8,140747.0
27,2018-11-28,7.88,8.02,7.88,8.0,286758.0
28,2018-11-29,8.49,8.5,7.76,8.15,228086.0
29,2018-11-30,7.98,8.2,7.91,8.01,192507.0
30,2018-12-03,8.16,8.46,8.04,8.2,153352.0
31,2018-12-04,8.2,8.22,7.85,8.0,105568.0
32,2018-12-06,7.78,7.95,7.71,7.85,117835.0
33,2018-12-07,7.68,7.98,7.5,7.67,150094.0
34,2018-12-10,7.56,7.68,7.1,7.13,452082.0
35,2018-12-11,7.14,7.51,7.1,7.15,378876.0
36,2018-12-12,7.23,7.32,7.0,7.0,163266.0
37,2018-12-13,7.01,7.19,7.0,7.01,105207.0
38,2018-12-14,7.14,7.27,6.86,7.13,125937.0
39,2018-12-17,7.14,7.14,6.8,7.02,128584.0
40,2018-12-18,7.0,7.01,6.62,6.91,165969.0
41,2018-12-19,6.9,6.9,6.5,6.51,105108.0
42,2018-12-20,6.6,6.75,6.27,6.49,148647.0
43,2018-12-21,6.21,6.75,6.21,6.68,170412.0
44,2018-12-24,6.68,6.68,6.17,6.43,127145.0
45,2018-12-26,6.46,6.67,6.21,6.39,130404.0
46,2018-12-27,6.45,6.56,6.04,6.12,191415.0
47,2018-12-28,6.29,7.09,6.25,6.81,458665.0
48,2018-12-31,6.95,7.24,6.95,7.0,69735.0
49,2019-01-02,6.95,7.07,6.72,7.01,104194.0
50,2019-01-03,6.99,7.06,6.76,6.81,126075.0
51,2019-01-04,6.86,7.04,6.83,6.91,81587.0
52,2019-01-07,6.96,7.02,6.9,6.97,62927.0
53,2019-01-08,6.98,7.11,6.98,7.02,96497.0
54,2019-01-09,7.0,7.15,6.92,7.1,42273.0
55,2019-01-10,7.1,7.84,7.06,7.33,75194.0
56,2019-01-11,7.69,7.78,7.49,7.74,86204.0
57,2019-01-14,7.85,8.1,7.74,7.91,105963.0
58,2019-01-15,7.88,8.18,7.61,7.85,223383.0
59,2019-01-16,7.85,8.2,7.81,7.85,80421.0
60,2019-01-17,7.8,7.95,7.8,7.86,41047.0
61,2019-01-18,7.8,8.07,7.52,7.77,144459.0
62,2019-01-22,7.83,7.86,7.73,7.73,51171.0
63,2019-01-23,7.73,8.0,7.57,7.64,42928.0
64,2019-01-24,7.6,7.86,7.51,7.51,37502.0
65,2019-01-25,7.56,7.85,7.56,7.61,39090.0
66,2019-01-28,7.51,7.69,7.49,7.54,76394.0
67,2019-01-29,7.62,7.73,7.55,7.57,23819.0
68,2019-01-30,7.66,7.66,7.53,7.56,48025.0
69,2019-01-31,7.49,7.68,7.45,7.53,62556.0
70,2019-02-01,7.55,8.09,7.55,7.77,92377.0
71,2019-02-04,7.8,8.08,7.7,8.0,44182.0
72,2019-02-05,7.99,8.36,7.99,8.14,111161.0
73,2019-02-06,8.05,8.05,7.77,7.8,94701.0
74,2019-02-07,7.8,7.96,7.55,7.65,59227.0
75,2019-02-08,7.65,7.97,7.6,7.65,36328.0
76,2019-02-11,7.77,7.77,7.35,7.56,78520.0
77,2019-02-12,7.52,7.75,7.5,7.62,39733.0
78,2019-02-13,7.58,7.7,7.41,7.67,38175.0
79,2019-02-14,7.53,7.54,7.35,7.43,43013.0
80,2019-02-15,7.5,7.59,7.42,7.55,50452.0
81,2019-02-19,7.65,8.18,7.48,7.52,88107.0
82,2019-02-20,7.54,7.7,7.52,7.65,83423.0
83,2019-02-21,7.64,7.64,7.5,7.57,27591.0
84,2019-02-22,7.54,7.65,7.44,7.59,29015.0
85,2019-02-25,7.68,8.44,7.68,8.36,206855.0
86,2019-02-26,8.6,8.9,8.18,8.18,157569.0
87,2019-02-27,8.18,8.45,8.18,8.41,42362.0
88,2019-02-28,8.45,8.49,8.15,8.28,26605.0
89,2019-03-01,8.35,8.49,8.15,8.18,35120.0
90,2019-03-04,8.33,8.49,8.0,8.06,43234.0
91,2019-03-05,8.17,8.39,8.0,8.33,33308.0
92,2019-03-06,8.23,8.23,8.02,8.17,40411.0
93,2019-03-07,8.07,8.21,7.46,7.58,86149.0
94,2019-03-08,7.42,7.42,7.16,7.24,89037.0
95,2019-03-11,7.22,7.3,7.04,7.2,41115.0
96,2019-03-12,7.2,7.3,7.15,7.3,28973.0
97,2019-03-13,7.25,8.22,7.25,7.8,128588.0
98,2019-03-14,7.9,8.85,7.9,8.25,270569.0
99,2019-03-15,8.41,8.62,8.15,8.15,55065.0
100,2019-03-18,8.0,8.45,7.3,8.18,128611.0
101,2019-03-19,8.34,8.43,7.9,7.9,46750.0
102,2019-03-20,7.99,8.21,7.8,8.18,42104.0
103,2019-03-21,8.19,8.19,7.85,7.97,64354.0
104,2019-03-22,8.0,8.05,7.83,7.89,38430.0
105,2019-03-25,7.79,8.09,7.77,7.93,39253.0
106,2019-03-26,7.96,8.02,7.9,7.99,20112.0
107,2019-03-27,8.05,8.13,7.96,8.1,14829.0
108,2019-03-28,7.95,8.19,7.95,8.18,21110.0
109,2019-03-29,8.31,8.31,8.0,8.11,25650.0
110,2019-04-01,8.25,8.4,8.2,8.34,27802.0
111,2019-04-02,8.26,9.18,8.26,9.06,221088.0
112,2019-04-03,9.2,10.2,9.08,9.5,467875.0
113,2019-04-04,9.52,9.8,9.34,9.7,56719.0
114,2019-04-05,9.86,10.87,9.75,10.55,292594.0
115,2019-04-08,10.9,13.6,10.55,13.44,870636.0
116,2019-04-09,13.15,13.17,11.5,12.47,347032.0
117,2019-04-10,11.26,12.14,11.1,11.99,304705.0
118,2019-04-11,12.11,12.12,11.52,11.85,174415.0
119,2019-04-12,11.97,12.24,11.76,11.76,116495.0
120,2019-04-15,12.0,12.0,10.61,10.85,176946.0
121,2019-04-16,10.9,11.34,10.5,10.5,218293.0
122,2019-04-17,10.82,11.61,10.82,11.49,306104.0
123,2019-04-18,11.61,11.87,9.22,9.3,605708.0
124,2019-04-22,9.55,10.39,8.91,9.2,549911.0
125,2019-04-23,9.32,10.06,9.32,9.88,378970.0
126,2019-04-24,9.88,10.57,9.66,10.51,146014.0
127,2019-04-25,10.64,10.71,9.84,9.98,211644.0
128,2019-04-26,10.15,10.15,9.52,9.67,112671.0
129,2019-04-29,9.41,9.81,9.28,9.3,434870.0
130,2019-04-30,9.31,9.36,8.51,8.61,353355.0
131,2019-05-01,8.75,9.0,8.51,8.6,152549.0
132,2019-05-02,8.66,8.97,8.51,8.79,140276.0
133,2019-05-03,8.87,8.88,8.64,8.79,105258.0
134,2019-05-06,8.72,9.13,8.51,8.93,199353.0
135,2019-05-07,9.43,9.43,8.71,8.93,169527.0
136,2019-05-08,9.0,9.06,8.27,8.31,256658.0
137,2019-05-09,8.3,8.54,8.0,8.44,134122.0
138,2019-05-10,8.45,8.88,8.45,8.56,79919.0
139,2019-05-13,8.66,9.51,8.65,8.86,390686.0
140,2019-05-14,9.03,9.03,8.3,8.56,182564.0
141,2019-05-15,8.51,9.08,8.51,9.0,194070.0
142,2019-05-16,8.91,9.22,8.62,8.76,183609.0
143,2019-05-17,8.56,8.79,8.2,8.38,160277.0
144,2019-05-20,8.2,8.6,8.2,8.54,61079.0
145,2019-05-21,8.5,8.69,8.28,8.56,60888.0
146,2019-05-22,8.52,8.52,8.21,8.28,82177.0
147,2019-05-23,8.29,8.29,7.8,7.84,142168.0
148,2019-05-24,7.92,8.03,7.6,7.8,65111.0
149,2019-05-28,7.89,7.89,7.3,7.64,178991.0
150,2019-05-29,7.63,7.8,7.5,7.66,102824.0
151,2019-05-30,7.57,7.69,7.32,7.63,52574.0
152,2019-05-31,7.6,7.7,7.44,7.58,97620.0
153,2019-06-03,7.38,7.61,7.08,7.2,121797.0
154,2019-06-04,7.2,7.32,6.89,7.12,105750.0
155,2019-06-05,7.21,7.21,7.03,7.13,126333.0
156,2019-06-06,7.05,7.11,6.34,6.76,289735.0
157,2019-06-07,6.78,6.85,6.58,6.76,121212.0
158,2019-06-10,7.05,7.17,6.36,6.63,242807.0
159,2019-06-11,6.46,6.61,6.18,6.44,168004.0
160,2019-06-12,6.44,6.55,6.12,6.18,496731.0
161,2019-06-13,6.15,6.31,6.06,6.06,139499.0
162,2019-06-14,6.16,6.24,5.78,5.86,214291.0
163,2019-06-17,5.9,6.28,5.66,6.28,230489.0
164,2019-06-18,6.45,6.68,6.08,6.2,386322.0
165,2019-06-19,6.28,6.6,6.17,6.52,273938.0
166,2019-06-20,6.6,6.66,6.15,6.2,137759.0
167,2019-06-21,6.05,6.25,6.05,6.16,119545.0
168,2019-06-24,6.16,6.26,5.95,6.13,221362.0
169,2019-06-25,6.09,6.17,6.03,6.12,218055.0
170,2019-06-26,6.15,6.35,6.14,6.33,131540.0
171,2019-06-27,6.43,6.45,6.0,6.14,231951.0
172,2019-06-28,6.14,6.14,5.91,5.91,218883.0
173,2019-07-01,6.17,6.98,6.11,6.95,400762.0
174,2019-07-02,7.13,7.13,6.52,6.53,192623.0
175,2019-07-03,6.53,6.57,6.3,6.57,282583.0
176,2019-07-05,6.57,6.58,5.91,6.04,675021.0
177,2019-07-08,6.1,6.1,5.9,6.03,251500.0
178,2019-07-09,5.96,6.07,5.95,5.99,111633.0
179,2019-07-10,6.1,6.17,5.9,5.9,159136.0
180,2019-07-11,5.97,6.0,5.9,5.96,153740.0
181,2019-07-12,5.92,6.23,5.92,5.95,122848.0
182,2019-07-15,5.9,6.06,5.8,5.8,426191.0
183,2019-07-16,5.8,5.95,5.7,5.79,228779.0
184,2019-07-17,5.86,5.86,5.66,5.7,154251.0
185,2019-07-18,5.68,5.72,5.5,5.58,269825.0
186,2019-07-19,5.58,6.18,5.58,6.0,197318.0
187,2019-07-22,6.0,6.0,5.5,5.5,371744.0
188,2019-07-23,5.52,5.8,5.34,5.69,552253.0
189,2019-07-24,5.6,5.69,5.33,5.64,678989.0
190,2019-07-25,5.94,6.0,5.81,5.93,243984.0
191,2019-07-26,6.16,6.49,6.06,6.38,356272.0
192,2019-07-29,6.94,6.94,6.52,6.59,518399.0
193,2019-07-30,6.66,6.7,6.6,6.65,81662.0
194,2019-07-31,6.65,6.69,6.42,6.58,175686.0
195,2019-08-01,6.95,7.58,6.75,6.85,682787.0
196,2019-08-02,7.1,7.43,6.92,7.14,317343.0
197,2019-08-05,7.2,7.3,7.1,7.26,364544.0
198,2019-08-06,7.36,7.95,7.36,7.75,510718.0
199,2019-08-07,7.89,8.19,7.52,8.17,500586.0
200,2019-08-08,8.17,8.44,7.58,8.33,443392.0
201,2019-08-09,8.3,8.3,7.84,8.13,230366.0
202,2019-08-12,8.08,8.16,7.64,7.99,156048.0
203,2019-08-13,7.8,7.88,7.39,7.55,318675.0
204,2019-08-14,7.4,7.49,7.1,7.16,179647.0
205,2019-08-15,7.07,7.45,7.07,7.18,168780.0
206,2019-08-16,7.26,7.42,7.25,7.38,124592.0
207,2019-08-19,7.47,7.73,7.39,7.7,207724.0
208,2019-08-20,7.75,8.4,7.75,8.23,267755.0
209,2019-08-21,8.4,8.8,8.11,8.72,359440.0
210,2019-08-22,8.95,9.1,8.75,8.94,405974.0
211,2019-08-23,9.2,9.3,8.0,8.61,599205.0
212,2019-08-26,8.52,8.6,8.14,8.33,222932.0
213,2019-08-27,8.16,8.16,7.4,7.81,329035.0
214,2019-08-28,7.62,7.69,7.5,7.67,112604.0
215,2019-08-29,7.63,8.03,7.63,7.98,106770.0
216,2019-08-30,8.28,8.28,7.85,7.89,118681.0
217,2019-09-03,7.67,7.84,7.55,7.6,106915.0
218,2019-09-04,7.6,8.05,7.55,7.86,127367.0
219,2019-09-05,7.85,8.28,7.85,8.22,208149.0
220,2019-09-06,8.16,8.22,7.95,8.05,130027.0
221,2019-09-09,8.19,8.19,7.99,8.19,171546.0
222,2019-09-10,8.09,8.47,8.06,8.45,225994.0
223,2019-09-11,8.4,8.55,8.22,8.4,140883.0
224,2019-09-12,8.29,8.6,8.05,8.43,403191.0
225,2019-09-13,8.49,8.64,8.25,8.58,227874.0
226,2019-09-16,8.58,8.63,8.4,8.55,134987.0
227,2019-09-17,8.48,8.66,8.33,8.52,129363.0
228,2019-09-18,8.44,8.69,8.31,8.41,227432.0
229,2019-09-19,8.3,8.45,8.06,8.29,121065.0
230,2019-09-20,8.2,8.4,8.2,8.4,132229.0
231,2019-09-23,8.27,8.35,8.02,8.08,166896.0
232,2019-09-24,8.07,8.16,8.06,8.07,127252.0
233,2019-09-25,8.05,8.3,7.89,8.18,125625.0
234,2019-09-26,8.23,8.25,8.05,8.16,35983.0
235,2019-09-27,8.08,8.49,8.0,8.23,134399.0
236,2019-09-30,8.18,8.5,8.18,8.44,63229.0
237,2019-10-01,8.47,8.94,8.4,8.4,132722.0
238,2019-10-02,8.4,8.81,8.4,8.5,111331.0
239,2019-10-03,8.43,8.59,8.37,8.53,29710.0
240,2019-10-04,8.58,8.7,8.53,8.56,41416.0
241,2019-10-07,8.47,9.0,8.47,9.0,167856.0
242,2019-10-08,8.9,9.0,8.7,8.97,89539.0
243,2019-10-09,9.0,9.0,8.8,8.94,62140.0
244,2019-10-10,8.99,9.0,8.87,8.97,57498.0
245,2019-10-11,9.01,9.33,8.94,9.18,242298.0
246,2019-10-14,9.18,9.39,8.9,8.95,138732.0
247,2019-10-15,8.95,9.1,8.92,9.1,82252.0
248,2019-10-16,8.99,9.12,8.99,9.11,100930.0
249,2019-10-17,9.21,9.63,9.14,9.55,104697.0
250,2019-10-18,9.4,9.54,9.01,9.13,87162.0
251,2019-10-21,9.23,9.26,9.05,9.13,59698.0
252,2019-10-22,9.2,9.45,9.05,9.41,46453.0
253,2019-10-23,9.26,9.48,9.15,9.4,48836.0
254,2019-10-24,9.55,9.62,9.29,9.5,93835.0
255,2019-10-25,9.5,9.52,9.14,9.37,68517.0
256,2019-10-28,9.44,9.52,9.4,9.48,42389.0
257,2019-10-29,9.47,9.48,9.2,9.4,107946.0
258,2019-10-30,9.4,9.63,9.25,9.5,141100.0
259,2019-10-31,9.42,9.47,9.22,9.39,165919.0
260,2019-11-01,9.41,9.41,9.15,9.21,74525.0
261,2019-11-04,9.2,9.29,9.11,9.22,56049.0
262,2019-11-05,9.15,9.29,9.15,9.23,60442.0
263,2019-11-06,9.27,9.5,9.23,9.47,92509.0
264,2019-11-07,9.45,10.08,9.38,9.97,286106.0
265,2019-11-08,9.94,9.96,9.51,9.72,101544.0
266,2019-11-11,9.56,9.62,9.36,9.58,173891.0
267,2019-11-12,9.64,9.69,9.5,9.66,214706.0
268,2019-11-13,9.65,9.81,9.54,9.66,192572.0
269,2019-11-14,9.67,9.77,9.61,9.67,146839.0
270,2019-11-15,9.65,9.85,8.3,8.97,514391.0
271,2019-11-18,9.2,9.21,8.85,8.98,136667.0
272,2019-11-19,9.09,9.09,8.9,8.97,76464.0
273,2019-11-20,8.95,8.95,8.62,8.77,116801.0
274,2019-11-21,8.95,8.95,8.76,8.88,58638.0
275,2019-11-22,8.88,9.19,8.84,8.93,148408.0
276,2019-11-25,9.93,10.0,8.77,9.0,1163932.0
277,2019-11-26,9.0,9.08,8.55,8.9,437839.0
278,2019-11-27,8.65,8.85,8.6,8.72,227185.0
279,2019-11-29,8.72,9.02,8.65,8.98,203756.0
280,2019-12-02,9.0,9.03,8.6,8.66,155808.0
281,2019-12-03,8.5,8.53,8.22,8.41,159985.0
282,2019-12-04,8.41,8.55,8.37,8.43,241243.0
283,2019-12-05,8.61,8.8,8.45,8.49,228551.0
284,2019-12-06,8.5,8.6,8.45,8.5,154612.0
285,2019-12-09,8.65,8.65,8.4,8.5,174356.0
286,2019-12-10,8.5,8.53,8.37,8.5,141138.0
287,2019-12-11,8.5,8.57,8.43,8.49,107285.0
288,2019-12-12,8.49,8.55,8.42,8.48,161446.0
289,2019-12-13,8.45,8.55,8.33,8.39,113593.0
290,2019-12-16,8.42,8.42,8.32,8.36,110452.0
291,2019-12-17,8.42,8.43,8.33,8.41,116366.0
292,2019-12-18,8.38,8.5,8.3,8.5,112235.0
293,2019-12-19,8.5,8.6,8.3,8.45,191629.0
294,2019-12-20,8.41,8.54,8.41,8.5,88739.0
295,2019-12-23,8.51,8.55,8.43,8.5,54399.0
296,2019-12-24,8.44,8.6,8.44,8.57,58137.0
297,2019-12-26,8.45,8.57,8.4,8.55,78359.0
298,2019-12-27,8.5,8.6,8.46,8.46,65433.0
299,2019-12-30,8.45,8.59,8.4,8.49,100201.0
300,2019-12-31,8.5,8.55,8.48,8.53,39067.0
301,2020-01-02,8.66,8.91,8.5,8.73,175973.0
302,2020-01-03,8.58,8.7,8.45,8.58,161908.0
303,2020-01-06,8.5,8.67,8.4,8.5,103284.0
304,2020-01-07,8.55,8.66,8.4,8.48,112926.0
305,2020-01-08,8.26,8.3,7.54,8.27,299200.0
306,2020-01-09,8.28,8.49,8.06,8.1,117921.0
307,2020-01-10,8.07,8.26,7.94,8.09,206700.0
308,2020-01-13,8.06,8.48,8.06,8.39,117944.0
309,2020-01-14,8.5,8.59,8.48,8.5,99167.0
310,2020-01-15,8.46,8.58,8.46,8.52,67447.0
311,2020-01-16,8.52,8.72,8.5,8.64,121583.0
312,2020-01-17,8.64,9.16,8.55,9.1,210824.0
313,2020-01-21,9.1,9.22,8.71,9.17,338474.0
314,2020-01-22,9.22,9.37,9.06,9.34,152753.0
315,2020-01-23,9.2,9.36,9.0,9.33,96172.0
316,2020-01-24,9.29,9.39,9.11,9.32,114894.0
317,2020-01-27,8.31,9.04,8.1,8.98,437661.0
318,2020-01-28,8.95,9.13,8.9,9.03,473694.0
319,2020-01-29,9.08,9.1,8.8,8.89,405063.0
320,2020-01-30,8.78,8.78,8.6,8.63,228174.0
321,2020-01-31,8.6,8.82,8.6,8.76,153203.0
322,2020-02-03,8.7,8.98,8.6,8.81,87912.0
323,2020-02-04,8.9,9.13,8.56,8.92,334508.0
324,2020-02-05,8.96,9.08,8.84,8.96,108303.0
325,2020-02-06,9.09,10.03,9.07,9.98,528366.0
326,2020-02-07,9.7,10.1,9.6,9.79,268974.0
327,2020-02-10,9.75,9.9,9.25,9.29,198565.0
328,2020-02-11,9.3,9.67,9.26,9.48,348854.0
329,2020-02-12,9.5,9.85,9.5,9.69,130180.0
330,2020-02-13,9.59,9.86,9.52,9.69,129552.0
331,2020-02-14,9.56,9.7,9.2,9.36,168880.0
332,2020-02-18,9.36,9.64,9.35,9.44,124722.0
333,2020-02-19,9.5,9.77,9.35,9.6,78404.0
334,2020-02-20,9.6,10.0,9.51,9.97,209077.0
335,2020-02-21,9.88,9.88,9.22,9.38,220527.0
336,2020-02-24,9.0,9.1,8.77,8.88,175727.0
337,2020-02-25,8.97,9.11,8.62,8.63,128765.0
338,2020-02-26,8.59,9.0,8.59,8.65,460394.0
339,2020-02-27,8.6,8.86,8.3,8.6,222781.0
340,2020-02-28,8.39,8.66,8.36,8.52,218214.0
341,2020-03-02,8.6,8.8,8.35,8.8,169809.0
342,2020-03-03,8.98,8.98,8.53,8.79,144533.0
343,2020-03-04,8.82,8.88,8.63,8.76,82950.0
344,2020-03-05,8.65,8.77,8.43,8.63,155489.0
345,2020-03-06,8.43,8.68,8.34,8.62,194995.0
346,2020-03-09,8.29,8.49,7.9,8.13,317821.0
347,2020-03-10,8.4,8.5,8.22,8.36,163653.0
348,2020-03-11,8.17,8.25,7.74,7.93,461168.0
349,2020-03-12,7.43,7.44,6.9,7.13,324962.0
350,2020-03-13,7.59,7.7,7.13,7.37,131580.0
351,2020-03-16,6.8,7.0,6.4,6.55,238768.0
352,2020-03-17,6.8,7.7,6.5,7.55,209609.0
353,2020-03-18,6.91,7.3,6.56,6.87,149060.0
354,2020-03-19,6.81,7.14,6.52,6.73,186697.0
355,2020-03-20,6.81,6.98,6.5,6.57,235946.0
356,2020-03-23,6.58,6.58,6.16,6.17,175544.0
357,2020-03-24,6.41,6.69,6.08,6.3,529686.0
358,2020-03-25,6.4,6.9,6.25,6.77,193062.0
359,2020-03-26,6.89,7.37,6.76,7.24,142128.0
360,2020-03-27,6.96,7.13,6.84,6.89,69256.0
361,2020-03-30,6.84,7.18,6.6,6.91,88507.0
362,2020-03-31,7.1,7.24,6.88,6.97,95232.0
363,2020-04-01,6.96,7.17,6.78,6.91,95765.0
364,2020-04-02,6.83,6.99,6.5,6.61,381752.0
365,2020-04-03,6.64,6.64,6.32,6.47,149153.0
366,2020-04-06,6.63,7.15,6.51,6.91,93438.0
367,2020-04-07,7.23,7.48,6.9,6.99,98324.0
368,2020-04-08,6.92,6.99,6.79,6.96,53362.0
369,2020-04-09,6.94,7.22,6.86,6.99,123819.0
370,2020-04-13,6.92,7.2,6.25,6.36,251093.0
371,2020-04-14,6.7,6.88,6.52,6.62,124702.0
372,2020-04-15,6.51,6.82,6.26,6.69,139695.0
373,2020-04-16,6.86,7.0,6.62,7.0,99351.0
374,2020-04-17,7.3,7.32,6.91,7.08,171938.0
375,2020-04-20,7.01,7.66,7.01,7.46,113641.0
376,2020-04-21,7.2,7.4,7.05,7.13,77329.0
377,2020-04-22,7.42,7.62,7.21,7.6,101871.0
378,2020-04-23,7.8,8.2,7.75,8.0,165473.0
379,2020-04-24,8.09,8.23,7.85,8.04,83792.0
380,2020-04-27,8.23,8.8,8.21,8.48,129161.0
381,2020-04-28,8.69,8.98,8.55,8.84,207015.0
382,2020-04-29,8.84,9.05,8.63,8.81,227394.0
383,2020-04-30,8.52,8.81,8.22,8.46,180636.0
384,2020-05-01,8.5,8.6,8.31,8.51,131885.0
385,2020-05-04,8.5,8.5,8.24,8.35,62780.0
386,2020-05-05,8.5,8.67,8.44,8.53,139328.0
387,2020-05-06,8.54,8.78,8.37,8.56,102743.0
388,2020-05-07,8.74,8.98,8.68,8.9,88458.0
389,2020-05-08,9.0,9.06,8.86,8.94,81535.0
390,2020-05-11,8.89,9.0,8.69,8.93,151642.0
391,2020-05-12,8.99,9.4,8.76,9.27,144881.0
392,2020-05-13,9.27,9.28,8.87,9.0,185174.0
393,2020-05-14,8.8,8.93,8.58,8.86,167182.0
394,2020-05-15,8.77,9.17,8.75,9.06,147200.0
395,2020-05-18,9.06,9.5,8.42,9.32,338192.0
396,2020-05-19,9.42,10.66,9.33,10.6,550758.0
397,2020-05-20,10.32,10.75,9.0,9.94,867357.0
398,2020-05-21,9.69,10.15,9.68,10.05,264051.0
399,2020-05-22,10.0,10.29,9.76,10.09,173385.0
400,2020-05-26,10.07,10.84,9.82,10.49,393152.0
401,2020-05-27,10.5,10.59,10.19,10.48,152369.0
402,2020-05-28,10.48,10.88,10.41,10.73,263413.0
403,2020-05-29,10.53,10.8,10.27,10.65,1089813.0
404,2020-06-01,10.6,10.92,10.25,10.57,260934.0
405,2020-06-02,10.7,10.95,10.58,10.68,234070.0
406,2020-06-03,10.63,11.0,10.63,11.0,199671.0
407,2020-06-04,11.1,11.88,10.89,11.75,584484.0
408,2020-06-05,11.8,12.38,11.68,11.77,295221.0
409,2020-06-08,11.54,12.08,11.36,11.55,372082.0
410,2020-06-09,11.37,11.88,11.14,11.79,200238.0
411,2020-06-10,11.85,11.89,11.4,11.62,150291.0
412,2020-06-11,11.38,11.93,11.21,11.7,254432.0
413,2020-06-12,11.95,11.95,11.43,11.63,129221.0
414,2020-06-15,11.49,12.0,11.25,11.9,169354.0
415,2020-06-16,12.05,12.77,11.95,12.65,360870.0
416,2020-06-17,13.0,13.27,12.54,13.0,345897.0
417,2020-06-18,12.97,14.47,12.9,14.35,649835.0
418,2020-06-19,17.0,19.99,15.67,16.0,4725759.0
419,2020-06-22,17.04,17.5,15.0,15.42,2013027.0
420,2020-06-23,15.85,16.0,14.86,16.0,1112749.0
421,2020-06-24,15.7,15.72,14.0,14.8,1536143.0
422,2020-06-25,14.65,16.07,14.5,15.89,947657.0
423,2020-06-26,16.0,16.09,15.04,15.09,754339.0
424,2020-06-29,15.56,15.56,14.62,15.53,555159.0
425,2020-06-30,15.54,16.19,15.35,16.0,784344.0
426,2020-07-01,16.1,16.75,15.76,16.33,723134.0
427,2020-07-02,17.47,18.63,16.57,18.25,1385556.0
428,2020-07-06,20.88,22.59,20.61,22.11,2880043.0
429,2020-07-07,21.27,23.8,21.23,22.5,2478327.0
430,2020-07-08,24.45,25.88,21.88,22.93,3040340.0
431,2020-07-09,24.59,24.7,22.09,22.54,1666229.0
432,2020-07-10,22.79,22.96,21.52,22.5,1411780.0
433,2020-07-13,22.68,23.8,21.07,21.19,1668585.0
434,2020-07-14,21.0,22.21,20.56,21.39,2017277.0
435,2020-07-15,20.98,21.0,18.29,19.11,2190737.0
436,2020-07-16,18.21,18.9,17.61,18.31,1355865.0
437,2020-07-17,18.65,20.3,18.42,20.01,1309237.0
438,2020-07-20,20.45,20.78,18.91,19.54,1258220.0
439,2020-07-21,20.21,20.52,19.82,20.38,867400.0
440,2020-07-22,20.0,20.49,19.63,20.43,832448.0
441,2020-07-23,20.2,20.8,19.45,19.66,828791.0
442,2020-07-24,18.37,19.57,18.25,18.94,681023.0
443,2020-07-27,19.08,19.38,18.12,18.22,788954.0
444,2020-07-28,18.59,18.93,18.06,18.43,706709.0
445,2020-07-29,18.9,20.55,18.67,20.47,1113704.0
446,2020-07-30,20.45,20.78,19.51,19.9,724825.0
447,2020-07-31,20.14,22.05,20.12,21.02,1117439.0
448,2020-08-03,21.1,22.19,21.1,22.1,792325.0
449,2020-08-04,22.5,22.74,21.35,22.37,522679.0
450,2020-08-05,22.62,22.63,21.26,21.76,504248.0
451,2020-08-06,21.98,22.38,21.81,22.2,388128.0
452,2020-08-07,21.25,22.17,21.25,21.82,415927.0
453,2020-08-10,21.95,22.7,21.36,21.56,655107.0
454,2020-08-11,21.41,21.61,20.34,20.42,646024.0
455,2020-08-12,20.56,21.4,20.42,21.17,436466.0
456,2020-08-13,21.01,21.88,20.54,20.92,671053.0
457,2020-08-14,21.01,21.31,19.81,20.82,780084.0
458,2020-08-17,20.0,20.68,19.0,20.43,1121972.0
459,2020-08-18,19.93,20.66,19.38,20.14,853564.0
460,2020-08-19,20.24,20.32,19.0,19.44,701856.0
461,2020-08-20,19.22,20.0,19.06,19.75,444507.0
462,2020-08-21,19.78,20.26,19.22,20.18,815871.0
463,2020-08-24,20.67,21.01,20.36,20.68,784018.0
464,2020-08-25,20.97,21.89,20.77,21.87,1031768.0
465,2020-08-26,22.25,22.42,20.68,21.92,1128792.0
466,2020-08-27,21.99,22.0,20.4,20.75,800575.0
467,2020-08-28,20.66,20.97,20.21,20.41,438425.0
468,2020-08-31,20.08,20.82,19.61,20.67,792166.0
469,2020-09-01,20.47,21.54,20.14,21.36,904814.0
470,2020-09-02,21.61,21.63,19.82,20.87,958464.0
471,2020-09-03,20.39,20.39,18.8,19.73,756636.0
472,2020-09-04,19.44,20.01,18.0,19.31,691015.0
473,2020-09-08,18.88,19.07,18.0,18.18,670264.0
474,2020-09-09,18.4,18.94,18.21,18.28,424420.0
475,2020-09-10,18.23,18.76,17.89,18.01,684695.0
476,2020-09-11,18.55,18.69,17.99,18.42,301617.0
477,2020-09-14,18.54,19.19,18.31,19.02,519019.0
478,2020-09-15,19.45,20.59,19.26,20.28,704633.0
479,2020-09-16,20.5,20.64,19.95,20.09,460331.0
480,2020-09-17,19.33,19.62,18.81,19.44,1312484.0
481,2020-09-18,19.64,19.75,19.1,19.53,410742.0
482,2020-09-21,18.71,19.85,18.69,19.85,465992.0
483,2020-09-22,19.9,19.9,19.35,19.5,327293.0
484,2020-09-23,19.66,19.66,18.82,19.07,835029.0
485,2020-09-24,18.63,18.94,17.91,18.51,727100.0
486,2020-09-25,18.38,18.88,18.22,18.64,818393.0
487,2020-09-28,18.98,19.03,17.7,18.01,763464.0
488,2020-09-29,18.3,19.28,18.21,18.82,460619.0
489,2020-09-30,19.0,19.24,18.66,19.2,358615.0
490,2020-10-01,19.44,21.49,19.34,21.44,786612.0
491,2020-10-02,20.72,21.74,20.54,21.5,785179.0
492,2020-10-05,21.73,23.34,21.64,23.02,1083452.0
493,2020-10-06,23.13,23.84,22.51,23.63,1559574.0
494,2020-10-07,23.57,23.6,22.56,22.63,864149.0
495,2020-10-08,23.24,23.31,22.8,23.05,869401.0
496,2020-10-09,23.73,27.1,23.5,27.05,3735542.0
497,2020-10-12,28.14,28.48,26.52,27.49,1907127.0
498,2020-10-13,27.26,28.49,26.05,27.37,1301618.0
499,2020-10-14,28.85,29.64,28.02,29.18,2306777.0
500,2020-10-15,28.65,29.78,28.42,29.49,1336907.0
501,2020-10-16,30.66,33.44,30.5,31.9,3203603.0
502,2020-10-19,33.35,33.51,29.87,30.53,2462386.0
503,2020-10-20,30.8,32.42,30.69,32.02,1407949.0
504,2020-10-21,32.23,32.55,30.35,30.72,1298373.0
505,2020-10-22,30.25,30.34,27.52,27.65,2028636.0
506,2020-10-23,28.3,28.5,27.01,27.35,1278835.0
507,2020-10-26,26.77,27.55,26.01,26.49,918041.0
508,2020-10-27,27.66,28.64,27.02,27.78,920017.0
509,2020-10-28,26.74,27.8,26.31,27.34,569199.0
510,2020-10-29,28.41,28.5,27.61,27.95,989508.0
511,2020-10-30,27.92,27.95,25.7,26.27,795530.0
512,2020-11-02,27.5,29.8,27.15,28.69,1738082.0
513,2020-11-03,29.25,29.36,27.12,29.03,1595864.0
514,2020-11-04,30.3,32.41,30.1,31.96,2304892.0
515,2020-11-05,33.68,34.02,30.8,31.74,2052614.0
516,2020-11-06,32.95,33.9,30.31,31.24,1786481.0
517,2020-11-09,31.49,31.49,27.75,27.89,2554756.0
518,2020-11-10,28.99,29.8,27.42,29.17,1539660.0
519,2020-11-11,28.34,29.6,27.92,29.2,701733.0
520,2020-11-12,29.68,32.86,29.52,31.86,2776232.0
521,2020-11-13,34.94,37.44,31.97,32.71,4613842.0
522,2020-11-16,33.18,34.94,32.45,32.98,1901912.0
523,2020-11-17,34.35,34.9,32.82,34.0,2211963.0
524,2020-11-18,34.54,34.7,31.61,31.89,2346117.0
525,2020-11-19,32.0,35.89,31.9,35.89,2875758.0
526,2020-11-20,36.4,37.28,34.66,35.73,3259143.0
527,2020-11-23,32.85,33.0,30.5,32.48,12592087.0
528,2020-11-24,34.87,36.72,32.5,33.1,6678533.0
529,2020-11-25,31.95,32.0,30.01,31.0,4854062.0
530,2020-11-27,31.7,32.71,30.77,31.58,1753174.0
531,2020-11-30,31.12,31.8,28.5,29.82,3802398.0
532,2020-12-01,30.06,30.3,27.8,28.24,2497690.0
533,2020-12-02,26.69,29.77,26.31,29.59,2289506.0
534,2020-12-03,29.69,30.18,28.67,29.16,1501282.0
535,2020-12-04,28.73,28.98,27.45,28.1,1584931.0
536,2020-12-07,27.73,29.75,27.58,29.45,1459683.0
537,2020-12-08,29.6,29.75,27.98,28.74,1809898.0
538,2020-12-09,28.74,29.23,27.2,27.56,1573247.0
539,2020-12-10,27.93,28.37,27.14,28.32,1084629.0
540,2020-12-11,28.73,30.25,28.58,29.16,2327011.0
541,2020-12-14,29.22,29.39,27.8,28.43,1468437.0
542,2020-12-15,28.83,29.18,27.81,29.18,1187808.0
543,2020-12-16,29.24,29.78,28.15,28.81,1076339.0
544,2020-12-17,28.93,29.24,28.2,28.75,1227312.0
545,2020-12-18,28.72,30.09,28.6,29.81,1772241.0
546,2020-12-21,29.0,30.18,28.81,29.78,1574259.0
547,2020-12-22,30.04,31.82,28.9,30.07,2601206.0
548,2020-12-23,30.58,30.72,29.08,29.46,1058179.0
549,2020-12-24,29.28,29.28,27.12,28.31,1623267.0
550,2020-12-28,28.0,28.2,26.91,27.04,1477628.0
551,2020-12-29,27.32,27.65,26.45,27.24,1299291.0
552,2020-12-30,27.84,28.85,27.84,28.68,1052023.0
553,2020-12-31,29.12,29.29,27.81,28.05,972391.0
554,2021-01-04,29.1,30.59,28.51,28.77,1479136.0
555,2021-01-05,28.8,29.28,28.05,28.9,858001.0
556,2021-01-06,29.13,29.98,28.57,28.93,1062513.0
557,2021-01-07,30.88,33.65,30.71,33.55,3195513.0
558,2021-01-08,33.62,36.14,33.5,35.43,2837919.0
559,2021-01-11,34.4,36.93,34.4,36.54,1855621.0
560,2021-01-12,38.59,41.51,36.62,41.43,3867616.0
561,2021-01-13,40.4,41.26,38.06,39.27,2741820.0
562,2021-01-14,40.45,41.5,38.96,39.22,1722659.0
563,2021-01-15,39.1,40.39,36.88,37.99,1820423.0
564,2021-01-19,39.5,44.93,39.45,44.41,3250422.0
565,2021-01-20,46.17,48.16,42.15,43.63,2433851.0
566,2021-01-21,44.61,47.36,43.3,46.93,1657027.0
567,2021-01-22,45.5,47.63,45.41,46.05,1484747.0
568,2021-01-25,48.68,53.0,47.0,49.17,3467689.0
569,2021-01-26,49.13,49.84,46.29,47.84,1995085.0
570,2021-01-27,45.78,47.39,43.0,45.16,1651839.0
571,2021-01-28,45.82,46.5,44.0,44.5,1179824.0
572,2021-01-29,44.01,46.41,43.15,43.73,1096157.0
573,2021-02-01,44.71,47.0,43.4,46.96,1089392.0
574,2021-02-02,47.22,49.59,46.43,48.64,1576858.0
575,2021-02-03,49.69,49.98,47.91,48.9,1102044.0
576,2021-02-04,48.65,49.7,46.39,46.99,1055294.0
577,2021-02-05,47.13,47.23,43.87,45.84,1481603.0
578,2021-02-08,45.8,46.79,44.12,45.48,1149340.0
579,2021-02-09,46.36,47.57,43.24,43.9,2111724.0
580,2021-02-10,44.79,46.97,43.28,45.15,1460056.0
581,2021-02-11,45.76,49.17,44.76,47.62,1819441.0
582,2021-02-12,46.9,49.44,46.32,49.01,901304.0
583,2021-02-16,50.88,53.38,48.6,49.43,1784365.0
584,2021-02-17,47.53,47.53,44.0,45.67,2287308.0
585,2021-02-18,43.11,44.35,41.11,43.68,1440598.0
586,2021-02-19,44.95,45.79,42.95,44.19,854668.0
587,2021-02-22,42.67,43.54,39.5,40.18,1691955.0
588,2021-02-23,36.5,39.28,34.0,38.76,2500204.0
589,2021-02-24,39.52,40.14,37.35,39.16,936144.0
590,2021-02-25,39.61,39.92,36.66,37.28,1308103.0
591,2021-02-26,36.01,37.81,35.4,37.38,1545114.0
592,2021-03-01,38.98,41.07,38.02,40.31,1134802.0
593,2021-03-02,39.25,41.19,38.1,38.29,1059986.0
594,2021-03-03,38.7,39.31,35.86,36.31,1213300.0
595,2021-03-04,34.56,36.6,32.16,33.54,1964482.0
596,2021-03-05,34.66,35.0,30.03,33.55,2701537.0
597,2021-03-08,32.01,33.25,30.52,30.76,2828896.0
598,2021-03-09,32.76,38.98,32.76,38.5,2945708.0
599,2021-03-10,39.54,40.3,35.46,35.64,1933471.0
600,2021-03-11,37.73,40.09,37.01,40.02,1570539.0
601,2021-03-12,37.76,42.0,37.01,41.64,1493421.0
602,2021-03-15,41.61,43.58,41.61,42.47,1229880.0
603,2021-03-16,42.32,43.92,40.6,41.04,982384.0
604,2021-03-17,39.15,42.53,38.52,42.44,672056.0
605,2021-03-18,41.38,41.73,38.57,39.02,1480472.0
606,2021-03-19,38.6,40.34,37.75,40.07,2677367.0
607,2021-03-22,40.3,42.0,39.79,40.04,1124129.0
608,2021-03-23,39.25,40.29,38.35,38.74,721766.0
609,2021-03-24,38.25,38.98,32.56,33.31,1604156.0
610,2021-03-25,31.73,34.69,31.55,34.64,1848594.0
611,2021-03-26,34.72,35.18,32.5,34.03,925916.0
612,2021-03-29,33.73,34.13,32.22,33.27,961708.0
613,2021-03-30,32.99,35.55,32.38,35.22,782557.0
614,2021-03-31,35.61,37.01,35.61,36.65,998984.0
615,2021-04-01,38.37,39.39,37.16,37.3,452934.0
616,2021-04-05,38.15,38.36,36.1,36.66,614303.0
617,2021-04-06,36.01,38.69,35.9,38.19,626134.0
618,2021-04-07,38.38,38.38,35.92,36.53,593960.0
619,2021-04-08,37.07,37.47,36.27,36.81,361626.0
620,2021-04-09,36.45,37.47,35.13,36.4,809687.0
621,2021-04-12,36.4,36.4,33.61,34.03,681180.0
622,2021-04-13,34.47,34.55,33.18,33.65,670686.0
623,2021-04-14,34.2,35.41,33.98,34.73,785127.0
624,2021-04-15,35.23,35.23,33.14,34.38,780753.0
625,2021-04-16,33.77,35.43,33.2,34.06,467486.0
626,2021-04-19,33.56,33.78,32.14,33.51,568478.0
627,2021-04-20,33.88,34.9,33.5,33.93,656574.0
628,2021-04-21,33.44,35.7,33.15,35.56,443615.0
629,2021-04-22,36.25,37.73,35.45,36.88,824626.0
630,2021-04-23,36.65,38.03,36.5,37.71,458672.0
631,2021-04-26,38.21,38.54,36.91,38.23,749341.0
632,2021-04-27,38.01,38.27,37.04,37.93,605146.0
633,2021-04-28,37.73,38.1,37.09,37.63,348455.0
634,2021-04-29,37.92,37.97,36.5,37.24,345312.0
635,2021-04-30,35.73,37.53,35.7,37.36,466547.0
636,2021-05-03,36.93,37.36,35.18,35.57,505959.0
637,2021-05-04,35.0,35.31,33.61,33.74,782227.0
638,2021-05-05,33.82,34.48,33.18,33.62,385190.0
639,2021-05-06,33.06,33.32,31.61,31.97,591709.0
640,2021-05-07,32.1,32.74,30.85,31.42,1019053.0
641,2021-05-10,31.02,31.02,28.94,29.35,1033975.0
642,2021-05-11,27.2,29.61,27.1,29.46,773920.0
643,2021-05-12,28.4,29.48,27.8,27.8,638519.0
644,2021-05-13,28.26,28.87,26.0,26.71,720234.0
645,2021-05-14,27.67,29.43,27.35,29.21,958667.0
646,2021-05-17,30.0,30.0,27.63,28.85,750752.0
647,2021-05-18,28.85,31.13,28.85,30.2,614148.0
648,2021-05-19,29.46,30.8,29.4,30.28,554210.0
649,2021-05-20,30.73,31.15,30.0,30.99,653205.0
650,2021-05-21,31.14,31.2,30.18,30.45,559198.0
651,2021-05-24,30.8,31.25,30.3,31.02,580220.0
652,2021-05-25,31.38,31.77,30.9,31.44,519572.0
653,2021-05-26,31.48,34.1,31.48,33.84,760624.0
654,2021-05-27,33.48,33.89,32.02,33.13,873296.0
655,2021-05-28,33.3,34.22,32.99,33.32,422264.0
656,2021-06-01,34.0,34.96,33.48,34.0,801243.0
657,2021-06-02,34.35,34.55,33.41,34.36,480745.0
658,2021-06-03,33.99,34.15,33.06,33.44,654699.0
659,2021-06-04,33.98,34.49,33.58,33.74,398238.0
660,2021-06-07,33.55,33.74,33.0,33.44,443674.0
661,2021-06-08,33.75,34.19,33.08,33.98,599690.0
662,2021-06-09,34.2,35.49,33.67,33.97,726498.0
663,2021-06-10,34.17,34.48,33.01,33.14,432613.0
664,2021-06-11,33.52,34.62,33.11,34.18,433077.0
665,2021-06-14,34.87,35.35,34.17,34.44,518107.0
666,2021-06-15,34.62,34.64,33.38,33.8,445816.0
667,2021-06-16,33.4,33.76,31.36,31.99,799601.0
668,2021-06-17,31.99,32.35,31.23,32.2,638249.0
669,2021-06-18,32.32,32.85,31.67,31.95,1151589.0
670,2021-06-21,32.0,32.43,30.25,30.54,613692.0
671,2021-06-22,30.0,30.0,28.65,28.87,1233159.0
672,2021-06-23,29.54,31.0,29.54,30.94,806370.0
673,2021-06-24,31.6,31.69,30.51,30.83,799844.0
674,2021-06-25,31.0,31.54,30.61,31.19,348521.0
675,2021-06-28,31.35,32.71,31.35,32.23,832025.0
676,2021-06-29,31.65,33.08,31.4,32.98,526977.0
677,2021-06-30,32.65,33.0,32.15,32.65,617945.0
678,2021-07-01,32.75,33.17,31.56,32.17,470047.0
679,2021-07-02,31.81,32.1,30.3,31.21,509755.0
680,2021-07-06,30.66,31.25,29.9,30.92,615082.0
681,2021-07-07,31.77,31.88,30.26,30.48,558632.0
682,2021-07-08,29.59,30.55,28.8,30.29,605208.0
683,2021-07-09,31.41,33.95,30.97,33.86,1225729.0
684,2021-07-12,34.0,34.44,32.31,32.44,600812.0
685,2021-07-13,32.58,33.08,31.81,32.15,287503.0
686,2021-07-14,31.96,32.15,30.2,30.34,461539.0
687,2021-07-15,30.18,30.42,28.57,28.8,885084.0
688,2021-07-16,29.0,29.4,28.0,28.0,558630.0
689,2021-07-19,27.35,27.72,26.6,27.53,752356.0
690,2021-07-20,28.1,28.62,27.41,28.35,554222.0
691,2021-07-21,28.55,30.31,28.55,30.17,696090.0
692,2021-07-22,30.0,30.14,28.41,28.6,524207.0
693,2021-07-23,28.1,28.36,26.69,27.9,535807.0
694,2021-07-26,26.74,27.86,26.07,26.65,794327.0
695,2021-07-27,25.16,25.23,22.38,23.12,2955958.0
696,2021-07-28,24.77,25.65,24.2,25.0,1187915.0
697,2021-07-29,25.8,25.91,24.4,24.86,843721.0
698,2021-07-30,24.39,25.75,24.0,25.6,654281.0
699,2021-08-02,25.62,26.16,24.88,26.04,599357.0
700,2021-08-03,26.0,26.32,25.16,25.51,403571.0
701,2021-08-04,25.88,26.82,25.27,25.35,429417.0
702,2021-08-05,25.55,25.55,24.52,24.73,538242.0
703,2021-08-06,24.92,24.92,23.27,23.55,824206.0
704,2021-08-09,23.62,24.29,23.02,23.96,752449.0
705,2021-08-10,24.38,24.62,23.32,23.9,479360.0
706,2021-08-11,24.2,24.38,22.87,23.25,584408.0
707,2021-08-12,23.32,23.49,22.11,22.49,719035.0
708,2021-08-13,22.49,22.49,21.08,21.27,1084148.0
709,2021-08-16,21.79,24.0,21.51,22.25,2075788.0
710,2021-08-17,22.24,24.96,22.11,24.33,2068068.0
711,2021-08-18,24.37,26.48,23.77,26.13,1520217.0
712,2021-08-19,25.46,26.12,24.8,25.07,1070203.0
713,2021-08-20,24.95,26.27,24.67,24.93,808217.0
714,2021-08-23,25.12,26.02,24.59,25.07,691523.0
715,2021-08-24,25.69,27.58,25.35,27.07,1451288.0
716,2021-08-25,27.06,27.54,25.78,26.26,615346.0
717,2021-08-26,26.2,26.89,25.74,26.02,507015.0
718,2021-08-27,26.2,26.51,25.16,25.52,468330.0
719,2021-08-30,25.45,25.89,24.51,25.88,526267.0
720,2021-08-31,26.11,26.9,25.32,26.89,659249.0
721,2021-09-01,27.06,29.38,26.89,28.54,1132177.0
722,2021-09-02,28.59,29.23,28.11,28.4,487455.0
723,2021-09-03,28.5,29.32,28.32,29.15,569423.0
724,2021-09-07,29.5,30.1,28.86,29.21,1031602.0
725,2021-09-08,29.06,29.11,27.71,28.07,496547.0
726,2021-09-09,27.37,29.18,27.31,28.72,380796.0
727,2021-09-10,29.02,29.56,27.94,27.98,242422.0
728,2021-09-13,28.14,28.33,27.07,27.75,243621.0
729,2021-09-14,27.76,27.76,26.33,26.5,387583.0
730,2021-09-15,26.6,26.99,25.94,26.86,396280.0
731,2021-09-16,26.49,26.98,26.0,26.23,511463.0
732,2021-09-17,26.26,26.55,26.01,26.42,563265.0
733,2021-09-20,25.47,25.47,23.76,23.99,568035.0
734,2021-09-21,24.66,25.6,24.64,25.33,431182.0
735,2021-09-22,25.02,25.81,24.95,25.31,465471.0
736,2021-09-23,25.6,25.6,24.49,24.98,291609.0
737,2021-09-24,24.6,24.71,24.01,24.19,304225.0
738,2021-09-27,24.32,24.39,23.5,24.19,323340.0
739,2021-09-28,23.97,24.06,22.82,23.35,460269.0
740,2021-09-29,23.52,23.72,23.03,23.14,293931.0
741,2021-09-30,23.45,23.67,23.1,23.17,651529.0
742,2021-10-01,23.43,23.43,22.26,22.9,394760.0
743,2021-10-04,22.52,22.85,21.76,22.64,484230.0
744,2021-10-05,22.81,24.1,22.71,23.98,750473.0
745,2021-10-06,23.67,25.16,23.49,24.37,703002.0
746,2021-10-07,25.3,25.66,25.0,25.21,376170.0
747,2021-10-08,25.27,25.27,24.74,25.13,257249.0
748,2021-10-11,24.91,25.29,24.65,24.72,522088.0
749,2021-10-12,24.87,25.29,24.66,24.9,252604.0
750,2021-10-13,25.29,25.53,25.02,25.13,270192.0
751,2021-10-14,25.19,25.24,24.48,25.0,347668.0
752,2021-10-15,24.79,25.13,24.18,24.27,422456.0
753,2021-10-18,24.45,25.01,23.7,24.78,380497.0
754,2021-10-19,25.15,25.68,24.36,25.28,387986.0
755,2021-10-20,25.79,26.76,25.39,25.75,687499.0
756,2021-10-21,25.39,25.86,24.95,25.19,466105.0
757,2021-10-22,25.29,25.79,24.15,24.23,374704.0
758,2021-10-25,24.36,25.35,24.2,25.08,415008.0
759,2021-10-26,25.26,25.84,24.9,25.53,786002.0
760,2021-10-27,25.3,26.1,24.74,24.79,429333.0
761,2021-10-28,25.0,25.76,25.0,25.71,548699.0
762,2021-10-29,25.29,26.4,25.29,26.18,493168.0
763,2021-11-01,26.42,27.3,26.42,26.97,469225.0
764,2021-11-02,26.68,27.04,25.91,26.3,457528.0
765,2021-11-03,26.5,27.17,26.35,26.84,395196.0
766,2021-11-04,27.26,27.81,26.66,26.94,638555.0
767,2021-11-05,26.78,26.85,25.7,26.15,395549.0
768,2021-11-08,26.27,26.97,25.81,26.61,487512.0
769,2021-11-09,26.5,27.4,25.77,25.98,421865.0
770,2021-11-10,25.78,26.5,25.02,25.2,402179.0
771,2021-11-11,25.53,26.5,25.45,26.0,313474.0
772,2021-11-12,26.11,26.48,26.1,26.3,315494.0
773,2021-11-15,26.48,26.57,25.28,25.55,535315.0
774,2021-11-16,25.55,26.36,25.18,26.17,479368.0
775,2021-11-17,26.18,26.59,24.4,25.13,713292.0
776,2021-11-18,25.22,25.88,23.59,23.84,478170.0
777,2021-11-19,23.76,24.51,23.76,24.06,353092.0
778,2021-11-22,21.81,21.9,19.65,20.01,3270329.0
779,2021-11-23,20.18,20.64,19.16,20.35,1424713.0
780,2021-11-24,20.27,21.25,20.07,21.0,565223.0
781,2021-11-26,20.0,20.5,19.58,19.77,630728.0
782,2021-11-29,20.61,21.09,19.88,20.87,653965.0
783,2021-11-30,20.72,20.97,20.0,20.34,593536.0
784,2021-12-01,20.8,21.22,20.34,20.42,1074324.0
785,2021-12-02,20.39,20.61,19.31,20.19,615406.0
786,2021-12-03,20.0,20.0,18.54,18.85,1251892.0
787,2021-12-06,18.51,19.24,17.64,19.07,564730.0
788,2021-12-07,19.46,20.17,19.21,19.4,410441.0
789,2021-12-08,19.61,20.38,19.25,20.26,386759.0
790,2021-12-09,19.75,20.07,19.02,19.08,436573.0
791,2021-12-10,19.15,19.51,18.52,18.58,372819.0
792,2021-12-13,18.5,18.9,17.68,17.82,611681.0
793,2021-12-14,17.38,17.56,16.9,17.07,1077221.0
794,2021-12-15,16.9,17.17,16.03,16.58,1231341.0
795,2021-12-16,16.95,16.97,15.93,15.95,714892.0
796,2021-12-17,15.61,15.7,14.93,15.34,2639528.0
797,2021-12-20,14.67,15.12,14.47,14.84,887274.0
798,2021-12-21,15.1,15.95,14.99,15.89,2259015.0
799,2021-12-22,15.83,16.18,15.46,15.9,767920.0
800,2021-12-23,15.83,16.16,15.3,15.98,786369.0
801,2021-12-27,15.81,16.29,15.7,15.86,594930.0
802,2021-12-28,15.89,16.27,15.56,15.57,720034.0
803,2021-12-29,15.5,15.8,15.17,15.41,395399.0
804,2021-12-30,15.21,16.48,15.15,16.07,691074.0
805,2021-12-31,16.1,16.21,15.84,16.11,726013.0
806,2022-01-03,16.43,16.75,16.07,16.65,413258.0
807,2022-01-04,16.7,16.82,15.41,15.8,830889.0
808,2022-01-05,15.67,16.59,15.67,16.18,833436.0
809,2022-01-06,16.16,16.5,15.81,16.34,547513.0
810,2022-01-07,16.25,16.81,16.05,16.46,650490.0
811,2022-01-10,16.43,16.55,15.6,15.95,506181.0
812,2022-01-11,15.97,16.46,15.7,16.01,496300.0
813,2022-01-12,16.42,16.84,15.98,16.28,683436.0
814,2022-01-13,15.98,16.21,14.69,14.71,691729.0
815,2022-01-14,14.74,15.05,14.42,14.8,662284.0
816,2022-01-18,14.55,15.15,14.55,14.91,528111.0
817,2022-01-19,15.08,15.31,14.73,15.1,481020.0
818,2022-01-20,15.66,16.15,15.27,15.29,595140.0
819,2022-01-21,15.11,15.19,14.2,14.29,532094.0
820,2022-01-24,13.77,13.82,12.86,13.66,1574868.0
821,2022-01-25,13.46,13.72,13.21,13.39,348686.0
822,2022-01-26,13.71,14.23,13.51,13.54,529237.0
823,2022-01-27,13.64,13.67,12.23,12.35,527604.0
824,2022-01-28,12.13,12.88,11.9,12.73,521125.0
825,2022-01-31,12.97,14.1,12.82,14.05,371909.0
826,2022-02-01,14.29,14.31,13.67,14.18,274034.0
827,2022-02-02,14.24,15.0,13.45,13.72,386145.0
828,2022-02-03,13.32,13.62,12.99,13.23,172888.0
829,2022-02-04,13.3,13.77,13.1,13.56,206279.0
830,2022-02-07,13.59,14.17,13.26,13.31,287875.0
831,2022-02-08,13.23,13.86,13.19,13.58,273077.0
832,2022-02-09,13.95,14.2,13.81,14.17,184247.0
833,2022-02-10,13.86,14.34,13.57,13.81,228465.0
834,2022-02-11,13.71,14.0,13.35,13.5,296858.0
835,2022-02-14,13.5,13.77,13.21,13.34,178629.0
836,2022-02-15,13.7,14.13,13.62,14.03,214810.0
837,2022-02-16,13.92,13.99,13.55,13.72,305990.0
838,2022-02-17,13.44,13.88,13.07,13.14,342756.0
839,2022-02-18,13.09,13.25,12.76,13.07,313800.0
840,2022-02-22,13.01,13.15,12.67,12.8,342189.0
841,2022-02-23,12.95,13.26,12.24,12.24,291943.0
842,2022-02-24,11.48,12.25,11.42,12.24,781317.0
843,2022-02-25,12.33,12.38,11.71,12.12,356915.0
844,2022-02-28,11.8,12.51,11.78,12.44,480742.0
845,2022-03-01,12.42,12.45,11.85,11.95,402059.0
846,2022-03-02,12.08,12.2,11.61,12.02,378952.0
847,2022-03-03,11.96,12.05,10.91,10.96,519271.0
848,2022-03-04,10.94,11.16,10.32,10.44,622517.0
849,2022-03-07,9.4,9.73,8.51,8.68,1916405.0
850,2022-03-08,8.82,9.57,8.66,9.33,1224723.0
851,2022-03-09,9.52,10.36,9.46,10.25,1004389.0
852,2022-03-10,9.91,9.91,9.38,9.44,594205.0
853,2022-03-11,9.5,9.61,8.35,8.35,751774.0
854,2022-03-14,8.0,8.46,7.69,7.7,910631.0
855,2022-03-15,7.58,8.37,7.49,8.33,1079977.0
856,2022-03-16,9.67,9.85,8.96,9.67,1324132.0
857,2022-03-17,9.4,9.61,9.02,9.04,1212779.0
858,2022-03-18,9.19,10.71,9.01,10.38,1444770.0
859,2022-03-21,10.19,10.29,9.77,9.94,513269.0
860,2022-03-22,10.43,10.85,10.21,10.59,681368.0
861,2022-03-23,10.44,10.9,10.27,10.46,609339.0
862,2022-03-24,10.51,10.6,9.87,10.13,688326.0
863,2022-03-25,9.95,10.03,9.71,9.83,285592.0
864,2022-03-28,10.06,10.19,9.73,9.94,341504.0
865,2022-03-29,10.41,10.65,10.24,10.45,729817.0
866,2022-03-30,10.42,10.96,10.21,10.25,502043.0
867,2022-03-31,10.25,10.28,9.63,9.66,445556.0
868,2022-04-01,10.2,10.42,9.61,9.84,549528.0
869,2022-04-04,10.31,11.08,10.17,10.93,722311.0
870,2022-04-05,10.85,10.98,10.4,10.44,408973.0
871,2022-04-06,10.24,10.42,10.02,10.35,485961.0
872,2022-04-07,10.33,10.39,9.52,9.93,428183.0
873,2022-04-08,9.93,9.93,9.52,9.54,190437.0
874,2022-04-11,9.31,9.49,9.05,9.34,286002.0
875,2022-04-12,9.47,9.58,8.92,9.0,154471.0
876,2022-04-13,9.1,9.47,8.86,9.36,231236.0
877,2022-04-14,9.24,9.27,8.9,8.93,166825.0
878,2022-04-18,8.86,8.86,8.26,8.33,312860.0
879,2022-04-19,8.3,8.83,8.19,8.74,266496.0
880,2022-04-20,8.69,8.73,8.46,8.53,259927.0
881,2022-04-21,8.62,8.74,8.3,8.45,492461.0
882,2022-04-22,8.55,8.86,8.48,8.54,269137.0
883,2022-04-25,8.38,8.69,8.32,8.65,355404.0
884,2022-04-26,8.74,9.02,8.54,8.95,551439.0
885,2022-04-27,8.99,9.02,8.62,8.77,462855.0
886,2022-04-28,8.97,9.11,8.68,9.05,303695.0
887,2022-04-29,9.55,9.85,9.45,9.55,504541.0
888,2022-05-02,9.5,9.56,9.18,9.45,251422.0
889,2022-05-03,9.49,9.74,9.4,9.66,299610.0
890,2022-05-04,9.62,9.99,9.46,9.97,296258.0
891,2022-05-05,9.6,9.61,8.88,9.01,346443.0
892,2022-05-06,8.84,8.84,8.18,8.28,433456.0
893,2022-05-09,8.03,8.1,7.51,7.55,412029.0
894,2022-05-10,7.76,7.99,7.48,7.92,320209.0
895,2022-05-11,8.0,8.02,7.13,7.18,307533.0
896,2022-05-12,7.07,7.5,6.7,7.25,378915.0
897,2022-05-13,7.52,7.83,7.36,7.67,193278.0
898,2022-05-16,7.65,7.71,7.27,7.32,470128.0
899,2022-05-17,7.66,8.35,7.66,8.33,618353.0
900,2022-05-18,8.2,8.58,7.89,7.96,405952.0
901,2022-05-19,7.87,8.35,7.79,8.14,242150.0
902,2022-05-20,8.37,8.64,7.64,7.81,533995.0
903,2022-05-23,7.7,7.79,7.27,7.44,432133.0
904,2022-05-24,7.28,7.35,6.84,6.93,424715.0
905,2022-05-25,6.8,7.28,6.67,7.16,296947.0
906,2022-05-26,7.15,7.48,7.07,7.39,284072.0
907,2022-05-27,7.5,7.8,7.43,7.73,369879.0
908,2022-05-31,8.0,8.12,7.63,7.83,361923.0
909,2022-06-01,7.87,7.95,7.35,7.37,365039.0
910,2022-06-02,7.37,7.82,7.16,7.81,335423.0
911,2022-06-03,7.66,7.67,7.43,7.51,154540.0
912,2022-06-06,7.86,8.15,7.65,7.94,426679.0
913,2022-06-07,7.72,8.2,7.58,8.15,356842.0
914,2022-06-08,8.44,9.25,8.4,9.02,734987.0
915,2022-06-09,8.64,8.79,8.36,8.37,410879.0
916,2022-06-10,8.4,8.55,7.95,8.05,478302.0
917,2022-06-13,7.47,7.7,7.21,7.32,438653.0
918,2022-06-14,7.45,7.8,7.35,7.63,265956.0
919,2022-06-15,7.7,8.03,7.57,7.77,468530.0
920,2022-06-16,7.42,7.43,6.98,7.33,392357.0
921,2022-06-17,7.65,8.08,7.51,7.75,984620.0
922,2022-06-21,8.06,8.66,7.97,8.11,570378.0
923,2022-06-22,7.82,8.06,7.66,7.69,464286.0
924,2022-06-23,7.85,8.84,7.8,8.78,702903.0
925,2022-06-24,9.6,9.6,8.7,9.27,962109.0
926,2022-06-27,9.39,9.5,8.78,8.93,416392.0
927,2022-06-28,9.02,9.37,8.58,8.63,903016.0
928,2022-06-29,8.3,8.72,8.3,8.61,257399.0
929,2022-06-30,8.44,8.64,8.23,8.6,360992.0
930,2022-07-01,8.47,9.05,8.38,8.53,284564.0
931,2022-07-05,7.9,8.25,7.74,8.11,632175.0
932,2022-07-06,8.1,8.1,7.23,7.4,1202089.0
933,2022-07-07,7.51,7.89,7.4,7.58,884219.0
934,2022-07-08,7.41,7.5,6.88,7.28,2641971.0
935,2022-07-11,7.0,7.1,6.79,6.85,891350.0
936,2022-07-12,6.91,6.98,6.61,6.73,710928.0
937,2022-07-13,6.62,6.62,6.15,6.36,710842.0
938,2022-07-14,6.4,6.95,6.07,6.94,1156790.0
939,2022-07-15,7.0,7.25,6.78,7.18,1213418.0
940,2022-07-18,7.25,7.94,7.19,7.59,938000.0
941,2022-07-19,7.66,7.7,7.02,7.08,823915.0
942,2022-07-20,7.03,7.31,6.94,7.02,494475.0
943,2022-07-21,7.03,7.3,6.95,7.28,442988.0
944,2022-07-22,7.15,7.21,6.59,6.64,805370.0
945,2022-07-25,6.75,6.78,6.41,6.48,368437.0
946,2022-07-26,6.58,6.58,6.28,6.39,276527.0
947,2022-07-27,6.5,6.59,6.27,6.56,401620.0
948,2022-07-28,6.57,6.64,6.34,6.59,291935.0
949,2022-07-29,6.42,6.56,6.31,6.48,348101.0
950,2022-08-01,6.46,6.46,6.08,6.19,673958.0
951,2022-08-02,6.11,6.36,6.08,6.21,376435.0
952,2022-08-03,6.33,6.6,6.23,6.57,542644.0
953,2022-08-04,6.74,6.94,6.54,6.61,508211.0
954,2022-08-05,6.59,6.59,6.14,6.27,804925.0
955,2022-08-08,6.29,6.44,6.22,6.38,367441.0
956,2022-08-09,6.35,6.38,6.18,6.26,326407.0
957,2022-08-10,6.31,6.6,6.24,6.58,406401.0
958,2022-08-11,6.79,7.14,6.6,7.06,869039.0
959,2022-08-12,6.99,7.32,6.94,7.3,780944.0
960,2022-08-15,6.99,7.5,6.75,6.81,1446064.0
961,2022-08-16,6.79,6.81,6.4,6.76,810040.0
962,2022-08-17,6.56,6.73,6.25,6.28,635541.0
963,2022-08-18,6.34,6.39,6.04,6.23,589839.0
964,2022-08-19,6.15,6.19,6.07,6.14,246774.0
965,2022-08-22,6.06,6.08,5.91,6.0,490279.0
966,2022-08-23,6.05,6.2,5.93,6.11,389234.0
967,2022-08-24,6.02,6.24,5.98,6.09,335051.0
968,2022-08-25,6.28,6.47,6.2,6.38,943474.0
969,2022-08-26,6.66,6.67,6.12,6.14,674361.0
970,2022-08-29,6.04,6.25,5.95,5.96,664400.0
971,2022-08-30,6.04,6.07,5.78,5.8,738859.0
972,2022-08-31,5.94,6.07,5.73,6.01,611425.0
973,2022-09-01,5.94,5.96,5.72,5.95,541051.0
974,2022-09-02,5.92,5.92,5.37,5.4,849548.0
975,2022-09-06,5.4,5.44,5.06,5.11,681058.0
976,2022-09-07,5.1,5.35,5.04,5.17,551375.0
977,2022-09-08,5.12,5.21,4.88,5.15,802929.0
978,2022-09-09,5.29,5.54,5.27,5.39,568580.0
979,2022-09-12,5.48,5.59,5.31,5.44,593435.0
980,2022-09-13,5.22,5.4,5.19,5.26,442596.0
981,2022-09-14,5.26,5.33,5.02,5.17,385579.0
982,2022-09-15,5.09,5.31,5.05,5.1,311455.0
983,2022-09-16,5.05,5.13,4.88,4.98,1006802.0
984,2022-09-19,4.85,5.03,4.85,5.0,350934.0
985,2022-09-20,4.96,5.09,4.92,5.02,172599.0
986,2022-09-21,4.98,4.98,4.75,4.75,391533.0
987,2022-09-22,4.78,4.8,4.65,4.72,356212.0
988,2022-09-23,4.6,4.63,4.5,4.55,274605.0
989,2022-09-26,4.5,4.73,4.5,4.58,214726.0
990,2022-09-27,4.6,4.73,4.47,4.54,202409.0
991,2022-09-28,4.5,4.54,4.37,4.43,270266.0
992,2022-09-29,4.33,4.35,4.07,4.13,312451.0
993,2022-09-30,4.1,4.24,4.05,4.1,329316.0
994,2022-10-03,4.13,4.13,3.95,3.99,211180.0
995,2022-10-04,4.1,4.24,4.08,4.12,353782.0
996,2022-10-05,4.17,4.23,3.97,4.08,223923.0
997,2022-10-06,4.03,4.2,3.92,3.92,204190.0
998,2022-10-07,3.88,3.88,3.5,3.52,705971.0
999,2022-10-10,3.53,3.6,3.35,3.58,551310.0
1000,2022-10-11,3.46,3.55,3.33,3.41,760955.0
1001,2022-10-12,3.46,3.5,3.35,3.45,334636.0
1002,2022-10-13,3.25,3.41,3.16,3.34,744996.0
1003,2022-10-14,3.39,3.44,3.15,3.22,552829.0
1004,2022-10-17,3.23,3.47,3.23,3.35,349115.0
1005,2022-10-18,3.41,3.5,3.34,3.39,294784.0
1006,2022-10-19,3.34,3.34,3.04,3.05,505655.0
1007,2022-10-20,3.07,3.25,3.0,3.09,307632.0
1008,2022-10-21,3.06,3.17,3.01,3.15,238290.0
1009,2022-10-24,2.97,2.97,2.66,2.68,1541475.0
1010,2022-10-25,2.73,2.89,2.71,2.81,615095.0
1011,2022-10-26,2.86,2.91,2.81,2.85,803975.0
1012,2022-10-27,2.76,2.88,2.72,2.72,402720.0
1013,2022-10-28,2.72,2.81,2.65,2.7,549039.0
1014,2022-10-31,2.68,2.68,2.57,2.62,548692.0
1015,2022-11-01,2.74,2.78,2.68,2.68,586928.0
1016,2022-11-02,2.7,2.89,2.65,2.78,825564.0
1017,2022-11-03,2.69,2.85,2.65,2.78,754960.0
1018,2022-11-04,2.99,3.18,2.96,3.13,1381499.0
1019,2022-11-07,3.33,3.42,3.0,3.02,1156780.0
1020,2022-11-08,3.02,3.04,2.96,2.99,645025.0
1021,2022-11-09,2.95,3.05,2.82,2.84,621494.0
1022,2022-11-10,3.06,3.07,2.95,3.0,827300.0
1023,2022-11-11,3.16,3.28,3.09,3.22,1433829.0
1024,2022-11-14,3.36,3.5,3.23,3.35,1328044.0
1025,2022-11-15,3.64,3.75,3.53,3.68,1429335.0
1026,2022-11-16,3.9,4.03,3.63,3.65,1937851.0
1027,2022-11-17,3.56,3.87,3.44,3.72,1301356.0
1028,2022-11-18,3.68,3.79,3.45,3.53,1056019.0
1029,2022-11-21,3.33,3.34,2.9,3.04,1789675.0
1030,2022-11-22,3.01,3.06,2.88,3.04,915134.0
1031,2022-11-23,3.02,3.21,2.9,3.17,945373.0
1032,2022-11-25,3.07,3.28,3.06,3.27,341111.0
1033,2022-11-28,3.23,3.3,3.16,3.26,866784.0
1034,2022-11-29,3.38,3.51,3.28,3.46,724151.0
1035,2022-11-30,3.6,4.06,3.59,3.83,2643777.0
1036,2022-12-01,3.82,3.93,3.7,3.86,636166.0
1037,2022-12-02,3.83,4.28,3.78,4.26,1138432.0
1038,2022-12-05,4.58,4.8,4.28,4.4,2630437.0
1039,2022-12-06,4.47,5.25,4.35,5.05,3146480.0
1040,2022-12-07,4.68,4.73,4.3,4.61,1653203.0
1041,2022-12-08,4.94,5.52,4.88,5.52,2457626.0
1042,2022-12-09,5.6,5.99,5.27,5.81,2575048.0
1043,2022-12-12,5.73,5.73,5.11,5.41,1782224.0
1044,2022-12-13,5.69,5.97,5.45,5.64,1077837.0
1045,2022-12-14,5.52,5.73,5.36,5.44,1155641.0
1046,2022-12-15,5.4,5.71,5.22,5.26,733565.0
1047,2022-12-16,5.33,5.53,4.93,4.93,1658217.0
1048,2022-12-19,4.95,5.08,4.76,4.94,929751.0
1049,2022-12-20,4.86,5.0,4.69,4.78,663161.0
1050,2022-12-21,4.88,5.55,4.79,5.52,1075237.0
1051,2022-12-22,5.55,5.59,5.1,5.28,861995.0
1052,2022-12-23,5.36,5.37,4.97,5.0,502222.0
1053,2022-12-27,5.13,5.13,4.8,4.91,498836.0
1054,2022-12-28,4.89,4.93,4.62,4.67,495668.0
1055,2022-12-29,4.78,5.45,4.75,5.21,1106190.0
1056,2022-12-30,4.9,5.29,4.9,5.23,525288.0
1057,2023-01-03,5.45,5.79,5.33,5.53,989653.0
1058,2023-01-04,5.74,6.06,5.58,5.92,1310653.0
1059,2023-01-05,5.77,6.19,5.63,6.07,1240224.0
1060,2023-01-06,5.7,5.82,5.01,5.25,2825671.0
1061,2023-01-09,5.3,5.36,4.93,5.04,1197154.0
1062,2023-01-10,5.18,5.23,5.03,5.14,1318816.0
1063,2023-01-11,5.15,5.34,5.05,5.23,685040.0
1064,2023-01-12,5.17,5.33,5.06,5.13,1185153.0
1065,2023-01-13,5.15,5.53,5.14,5.43,1162439.0
1066,2023-01-17,5.3,5.43,4.96,5.01,990732.0
1067,2023-01-18,5.05,5.08,4.55,4.61,1616775.0
1068,2023-01-19,4.64,4.81,4.54,4.69,774192.0
1069,2023-01-20,4.84,5.26,4.7,5.13,2014861.0
1070,2023-01-23,5.2,5.73,5.11,5.67,1272715.0
1071,2023-01-24,5.45,5.67,5.42,5.48,438803.0
1072,2023-01-25,5.43,5.58,5.27,5.56,409832.0
1073,2023-01-26,5.8,5.94,5.53,5.77,879676.0
1074,2023-01-27,5.75,5.99,5.71,5.75,798991.0
1075,2023-01-30,5.56,5.67,5.38,5.5,421868.0
1076,2023-01-31,5.54,5.61,5.36,5.39,491725.0
1077,2023-02-01,5.49,5.68,5.31,5.59,580851.0
1078,2023-02-02,5.38,5.75,5.34,5.39,901224.0
1079,2023-02-03,5.23,5.4,5.09,5.21,622885.0
1080,2023-02-06,5.09,5.14,4.98,5.08,428726.0
1081,2023-02-07,4.9,4.97,4.57,4.68,1971141.0
1082,2023-02-08,4.75,4.98,4.68,4.69,698489.0
1083,2023-02-09,4.82,4.88,4.57,4.57,512992.0
1084,2023-02-10,4.55,4.7,4.36,4.66,685955.0
1085,2023-02-13,4.7,4.72,4.5,4.67,336560.0
1086,2023-02-14,4.5,4.71,4.46,4.7,496225.0
1087,2023-02-15,4.77,4.97,4.71,4.95,353524.0
1088,2023-02-16,4.88,4.99,4.76,4.76,256761.0
1089,2023-02-17,4.69,4.72,4.55,4.68,263613.0
1090,2023-02-21,4.64,4.64,4.45,4.48,279841.0
1091,2023-02-22,4.54,4.77,4.54,4.77,287041.0
1092,2023-02-23,4.83,4.88,4.59,4.62,202021.0
1093,2023-02-24,4.55,4.57,4.2,4.36,720535.0
1094,2023-02-27,4.43,4.48,4.19,4.23,501184.0
1095,2023-02-28,4.15,4.32,4.15,4.2,349061.0
1096,2023-03-01,4.39,4.39,3.85,4.2,1140613.0
1097,2023-03-02,4.12,4.46,4.08,4.39,511894.0
1098,2023-03-03,4.4,4.48,4.33,4.4,392891.0
1099,2023-03-06,4.38,4.42,4.04,4.14,571787.0
1100,2023-03-07,4.06,4.13,3.95,4.0,343337.0
1101,2023-03-08,3.93,3.94,3.79,3.94,456362.0
1102,2023-03-09,3.86,3.95,3.77,3.79,307268.0
1103,2023-03-10,3.77,3.82,3.57,3.6,403156.0
1104,2023-03-13,3.56,3.57,3.46,3.52,386528.0
1105,2023-03-14,3.6,3.8,3.54,3.69,870524.0
1106,2023-03-15,3.59,3.85,3.54,3.79,463617.0
1107,2023-03-16,3.79,3.89,3.6,3.84,400864.0
1108,2023-03-17,3.82,3.99,3.8,3.98,585499.0
1109,2023-03-20,3.51,3.79,3.23,3.62,1130874.0
1110,2023-03-21,3.65,3.79,3.6,3.73,410379.0
1111,2023-03-22,3.73,4.09,3.7,3.93,688048.0
1112,2023-03-23,4.05,4.14,3.71,3.81,937695.0
1113,2023-03-24,3.78,3.96,3.78,3.84,841715.0
1114,2023-03-27,3.78,3.88,3.72,3.8,517798.0
1115,2023-03-28,3.88,3.9,3.81,3.88,511247.0
1116,2023-03-29,3.88,4.01,3.87,3.96,1010298.0
1117,2023-03-30,4.0,4.18,3.94,4.01,1299939.0
1118,2023-03-31,4.05,4.17,3.9,4.14,808047.0
1119,2023-04-03,4.09,4.1,3.84,3.9,384999.0
1120,2023-04-04,3.87,3.9,3.69,3.73,286481.0
1121,2023-04-05,3.7,3.7,3.54,3.62,397958.0
1122,2023-04-06,3.6,3.7,3.55,3.67,205657.0
1123,2023-04-10,3.61,3.73,3.6,3.71,442798.0
1124,2023-04-11,3.72,3.83,3.69,3.74,403554.0
1125,2023-04-12,3.72,3.79,3.66,3.7,519251.0
1126,2023-04-13,3.79,3.83,3.7,3.76,373695.0
1127,2023-04-14,3.8,3.82,3.65,3.73,646847.0
1128,2023-04-17,3.79,3.84,3.7,3.78,387008.0
1129,2023-04-18,3.79,3.83,3.72,3.77,299381.0
1130,2023-04-19,3.67,3.75,3.61,3.69,652897.0
1131,2023-04-20,3.65,3.72,3.65,3.7,400400.0
1132,2023-04-21,3.65,3.71,3.62,3.71,378347.0
1133,2023-04-24,3.67,3.72,3.64,3.68,397937.0
1134,2023-04-25,3.63,3.7,3.62,3.67,275674.0
1135,2023-04-26,3.69,3.74,3.64,3.69,309549.0
1136,2023-04-27,3.7,3.71,3.6,3.66,293941.0
1137,2023-04-28,3.66,3.74,3.6,3.72,210446.0
1138,2023-05-01,3.68,3.73,3.63,3.64,112662.0
1139,2023-05-02,3.61,3.61,3.32,3.36,496099.0
1140,2023-05-03,3.33,3.49,3.28,3.42,270425.0
1141,2023-05-04,3.41,3.62,3.37,3.58,210325.0
1142,2023-05-05,3.55,3.66,3.55,3.59,225380.0
1143,2023-05-08,3.58,3.72,3.58,3.7,163147.0
1144,2023-05-09,3.6,3.69,3.59,3.6,172346.0
1145,2023-05-10,3.62,3.75,3.62,3.66,277247.0
1146,2023-05-11,3.63,3.69,3.56,3.61,269993.0
1147,2023-05-12,3.56,3.58,3.33,3.35,354288.0
1148,2023-05-15,3.42,3.49,3.35,3.43,299221.0
1149,2023-05-16,3.36,3.55,3.36,3.51,365960.0
1150,2023-05-17,3.48,3.75,3.48,3.74,607458.0
1151,2023-05-18,3.69,3.98,3.69,3.92,675950.0
1152,2023-05-19,3.91,4.08,3.87,4.07,947627.0
1153,2023-05-22,4.08,4.61,3.92,4.45,1691470.0
1154,2023-05-23,4.25,4.45,4.11,4.4,720439.0
1155,2023-05-24,4.34,4.46,4.04,4.12,804750.0
1156,2023-05-25,4.2,4.2,3.79,4.01,738271.0
1157,2023-05-26,4.01,4.07,3.96,3.97,521668.0
1158,2023-05-30,3.95,4.01,3.52,3.66,870743.0
1159,2023-05-31,3.65,3.65,3.42,3.51,710409.0
1160,2023-06-01,3.48,3.56,3.4,3.48,688974.0
1161,2023-06-02,3.57,3.77,3.57,3.74,269527.0
1162,2023-06-05,3.79,3.79,3.68,3.77,276389.0
1163,2023-06-06,3.74,4.08,3.74,4.06,394357.0
1164,2023-06-07,4.06,4.13,4.04,4.11,204266.0
1165,2023-06-08,4.1,4.4,4.1,4.35,516515.0
1166,2023-06-09,4.35,4.49,4.3,4.33,305168.0
1167,2023-06-12,4.32,4.56,4.32,4.42,428841.0
1168,2023-06-13,4.41,4.55,4.41,4.5,299272.0
1169,2023-06-14,4.5,4.73,4.42,4.58,425637.0
1170,2023-06-15,4.61,4.82,4.58,4.62,586245.0
1171,2023-06-16,4.63,4.63,4.29,4.29,1524441.0
1172,2023-06-20,4.2,4.25,4.04,4.15,355147.0
1173,2023-06-21,4.15,4.31,4.04,4.08,366810.0
1174,2023-06-22,4.03,4.08,3.97,4.04,399220.0
1175,2023-06-23,3.98,4.0,3.87,3.89,188294.0
1176,2023-06-26,3.9,4.2,3.88,4.12,331413.0
1177,2023-06-27,4.13,4.26,4.07,4.11,212713.0
1178,2023-06-28,4.08,4.27,4.04,4.21,154567.0
1179,2023-06-29,4.19,4.2,4.0,4.06,169645.0
1180,2023-06-30,4.2,4.2,3.97,3.98,181537.0
1181,2023-07-03,4.07,4.28,4.07,4.17,210279.0
1182,2023-07-05,4.17,4.55,4.13,4.43,424441.0
1183,2023-07-06,4.28,4.35,4.07,4.16,439612.0
1184,2023-07-07,4.2,4.32,4.17,4.21,235641.0
1185,2023-07-10,4.24,4.3,4.16,4.25,178781.0
1186,2023-07-11,4.26,4.45,4.26,4.29,272849.0
1187,2023-07-12,4.43,4.43,4.31,4.4,278855.0
1188,2023-07-13,4.4,4.4,4.11,4.14,762104.0
1189,2023-07-14,4.1,4.17,3.99,4.01,441601.0
1190,2023-07-17,3.93,4.02,3.78,3.97,780078.0
1191,2023-07-18,4.0,4.1,3.75,3.84,879108.0
1192,2023-07-19,3.92,4.02,3.85,3.86,417558.0
1193,2023-07-20,3.87,3.87,3.71,3.77,335893.0
1194,2023-07-21,3.75,3.78,3.64,3.73,193342.0
1195,2023-07-24,3.7,3.92,3.7,3.85,289845.0
1196,2023-07-25,3.97,4.02,3.86,3.87,209044.0
1197,2023-07-26,3.8,4.07,3.8,4.04,552886.0
1198,2023-07-27,3.99,4.05,3.86,3.88,254098.0
1199,2023-07-28,3.94,4.33,3.94,4.29,684407.0
1200,2023-07-31,4.23,4.5,4.21,4.39,457613.0
1201,2023-08-01,4.3,4.3,4.12,4.15,392119.0
1202,2023-08-02,4.05,4.05,3.89,4.0,491233.0
1203,2023-08-03,4.03,4.23,4.03,4.14,254922.0
1204,2023-08-04,4.1,4.29,4.1,4.14,264203.0
1205,2023-08-07,4.16,4.16,3.85,3.94,282030.0
1206,2023-08-08,3.83,3.88,3.72,3.84,286754.0
1207,2023-08-09,3.93,3.93,3.76,3.78,387319.0
1208,2023-08-10,3.84,3.92,3.75,3.77,208638.0
1209,2023-08-11,3.77,3.78,3.55,3.67,504423.0
1210,2023-08-14,3.51,3.55,3.3,3.46,652917.0
1211,2023-08-15,3.43,3.43,3.14,3.28,608456.0
1212,2023-08-16,3.25,3.29,3.1,3.16,820558.0
1213,2023-08-17,3.28,3.28,3.17,3.19,213323.0
1214,2023-08-18,3.11,3.2,3.01,3.01,515275.0
1215,2023-08-21,3.01,3.18,2.85,3.07,561284.0
1216,2023-08-22,3.08,3.16,3.05,3.16,293711.0
1217,2023-08-23,3.16,3.19,3.01,3.01,274172.0
1218,2023-08-24,3.06,3.06,2.94,2.98,255826.0
1219,2023-08-25,3.01,3.04,2.94,3.0,236117.0
1220,2023-08-28,3.07,3.09,3.0,3.07,232548.0
1221,2023-08-29,3.09,3.28,3.06,3.27,359823.0
1222,2023-08-30,3.19,3.28,3.12,3.14,323834.0
1223,2023-08-31,3.11,3.14,3.07,3.1,135329.0
1224,2023-09-01,3.11,3.29,3.11,3.27,282165.0
1225,2023-09-05,3.16,3.32,3.12,3.22,226531.0
1226,2023-09-06,3.22,3.24,3.14,3.14,153099.0
1227,2023-09-07,3.14,3.16,2.86,2.95,585365.0
1228,2023-09-08,2.92,3.0,2.9,2.97,275818.0
1229,2023-09-11,3.0,3.16,3.0,3.12,248173.0
1230,2023-09-12,3.11,3.17,2.97,3.01,280984.0
1231,2023-09-13,2.97,3.01,2.94,2.94,187266.0
1232,2023-09-14,2.95,3.01,2.93,2.98,143888.0
1233,2023-09-15,2.98,3.03,2.92,2.92,162893.0
1234,2023-09-18,2.88,2.89,2.84,2.87,194795.0
1235,2023-09-19,2.85,2.96,2.82,2.88,182885.0
1236,2023-09-20,2.88,2.89,2.78,2.78,206343.0
1237,2023-09-21,2.73,2.76,2.7,2.71,163815.0
1238,2023-09-22,2.78,2.91,2.76,2.84,238853.0
1239,2023-09-25,2.73,2.83,2.71,2.79,99603.0
1240,2023-09-26,2.73,2.87,2.73,2.82,158070.0
1241,2023-09-27,2.85,2.85,2.74,2.78,98190.0
1242,2023-09-28,2.8,2.89,2.8,2.86,149324.0
1243,2023-09-29,2.9,2.99,2.83,2.83,184588.0
1244,2023-10-02,2.79,2.85,2.73,2.77,107190.0
1245,2023-10-03,2.74,2.76,2.5,2.57,484617.0
1246,2023-10-04,2.61,2.64,2.45,2.63,408734.0
1247,2023-10-05,2.61,2.64,2.55,2.58,103098.0
1248,2023-10-06,2.6,2.63,2.57,2.58,141235.0
1249,2023-10-09,2.55,2.57,2.4,2.43,217516.0
1250,2023-10-10,2.46,2.64,2.46,2.58,203706.0
1251,2023-10-11,2.63,2.72,2.55,2.56,116292.0
1252,2023-10-12,2.56,2.56,2.42,2.44,217953.0
1253,2023-10-13,2.42,2.42,2.27,2.31,366814.0
1254,2023-10-16,2.33,2.37,2.28,2.35,183175.0
1255,2023-10-17,2.31,2.42,2.31,2.38,91347.0
1256,2023-10-18,2.35,2.37,2.15,2.19,381436.0
1257,2023-10-19,2.17,2.1702,2.01,2.07,388431.0
1258,2023-10-20,2.07,2.11,2.01,2.02,183266.0
1259,2023-10-23,2.01,2.04,1.94,1.99,302477.0
1260,2023-10-24,2.03,2.2699,2.0258,2.145,276451.0
1261,2023-10-25,2.14,2.17,2.03,2.07,152529.0
1262,2023-10-26,2.04,2.08,1.97,1.97,317199.0
1263,2023-10-27,2.05,2.075,1.96,1.97,263875.0
1264,2023-10-30,2.0,2.04,1.96,2.03,121251.0
1265,2023-10-31,1.98,2.19,1.98,2.16,320705.0
1266,2023-11-01,2.16,2.195,2.09,2.16,185913.0
1267,2023-11-02,2.17,2.45,2.17,2.38,347759.0
1268,2023-11-03,2.4,2.555,2.33,2.41,422211.0
1269,2023-11-06,2.44,2.4496,2.22,2.25,253740.0
1270,2023-11-07,2.29,2.48,2.27,2.44,810211.0
1271,2023-11-08,2.44,2.45,2.21,2.21,1064991.0
1272,2023-11-09,2.29,2.475,2.195,2.21,675323.0
1273,2023-11-10,2.2,2.21,2.105,2.18,314803.0
1274,2023-11-13,2.21,2.35,2.2,2.3,154399.0
1275,2023-11-14,2.38,2.418,2.31,2.355,212560.0
1276,2023-11-15,2.42,2.49,2.395,2.44,338279.0
1277,2023-11-16,2.35,2.365,2.24,2.31,307237.0
1278,2023-11-17,2.28,2.41,2.28,2.36,286726.0
1279,2023-11-20,2.2,2.47,2.11,2.41,574282.0
1280,2023-11-21,2.3,2.65,2.3,2.57,662009.0
1281,2023-11-22,2.56,2.59,2.38,2.39,243415.0
1282,2023-11-24,2.39,2.489,2.35,2.36,151184.0
1283,2023-11-27,2.46,2.71,2.45,2.49,579947.0
1284,2023-11-28,2.47,2.505,2.4,2.5,316027.0
1285,2023-11-29,2.5,2.5,2.4082,2.45,172328.0
1286,2023-11-30,2.45,2.48,2.31,2.34,272876.0
1287,2023-12-01,2.31,2.36,2.235,2.34,290106.0
1288,2023-12-04,2.34,2.34,2.2,2.31,420578.0
1289,2023-12-05,2.24,2.34,2.24,2.29,159897.0
1290,2023-12-06,2.28,2.475,2.27,2.33,278441.0
1291,2023-12-07,2.33,2.38,2.1706,2.2,282806.0
1292,2023-12-08,2.18,2.24,2.14,2.16,330697.0
1293,2023-12-11,2.13,2.1612,2.01,2.03,1033429.0
1294,2023-12-12,2.0,2.02,1.94,1.96,697384.0
1295,2023-12-13,1.97,2.1,1.96,2.08,692980.0
1296,2023-12-14,2.11,2.21,2.03,2.18,633017.0
1297,2023-12-15,2.2,2.22,2.08,2.16,1848248.0
1298,2023-12-18,2.15,2.245,2.14,2.18,400883.0
1299,2023-12-19,2.18,2.285,2.175,2.24,358462.0
1300,2023-12-20,2.23,2.25,2.13,2.14,326023.0
1301,2023-12-21,2.15,2.19,2.06,2.19,479439.0
1302,2023-12-22,2.07,2.2,2.07,2.13,284523.0
1303,2023-12-26,2.17,2.29,2.11,2.23,401598.0
1304,2023-12-27,2.22,2.29,2.195,2.21,294553.0
1305,2023-12-28,2.27,2.42,2.27,2.3,511946.0
1306,2023-12-29,2.25,2.3,2.17,2.19,432332.0
1307,2024-01-02,2.12,2.225,2.11,2.14,227244.0
1308,2024-01-03,2.12,2.13,2.07,2.1,193682.0
1309,2024-01-04,2.1,2.12,2.075,2.12,153451.0
1310,2024-01-05,2.1,2.13,2.05,2.08,255909.0
1311,2024-01-08,2.09,2.15,2.0,2.13,410555.0
1312,2024-01-09,2.1,2.11,2.04,2.06,270260.0
1313,2024-01-10,2.06,2.08,2.01,2.04,190621.0
1314,2024-01-11,2.05,2.0543,1.98,2.01,335921.0
1315,2024-01-12,2.01,2.08,1.97,1.98,462342.0
1316,2024-01-16,1.97,1.98,1.82,1.89,1019770.0
1317,2024-01-17,1.85,1.85,1.76,1.79,403829.0
1318,2024-01-18,1.85,1.93,1.805,1.825,498336.0
1319,2024-01-19,1.82,1.82,1.75,1.77,271475.0
1320,2024-01-22,1.76,1.825,1.71,1.735,245094.0
