,date,open,high,low,close,volume
0,2021-12-09,11.25,12.24,10.01,10.33,90160804.0
1,2021-12-10,11.45,11.85,9.8,11.85,50077329.0
2,2021-12-13,11.1,11.29,10.31,10.81,19658350.0
3,2021-12-14,10.55,10.58,9.27,9.92,22728085.0
4,2021-12-15,9.63,10.29,9.42,10.01,12663878.0
5,2021-12-16,10.45,10.49,9.56,10.0,13981345.0
6,2021-12-17,9.93,10.17,9.14,9.8,21560828.0
7,2021-12-20,9.2,9.35,8.75,8.94,15772460.0
8,2021-12-21,9.02,9.24,8.84,9.23,8402568.0
9,2021-12-22,9.12,9.18,8.99,9.12,7094954.0
10,2021-12-23,9.13,10.0,9.11,9.83,5794458.0
11,2021-12-27,9.79,9.89,9.46,9.74,2501410.0
12,2021-12-28,9.68,9.7,9.36,9.4,2217737.0
13,2021-12-29,9.37,9.46,9.25,9.32,2965757.0
14,2021-12-30,9.37,9.63,9.37,9.4,2375196.0
15,2021-12-31,9.37,9.47,9.28,9.38,1619840.0
16,2022-01-03,9.6,10.0,9.55,9.98,6901698.0
17,2022-01-04,10.15,10.22,9.48,9.74,8551827.0
18,2022-01-05,9.68,9.71,8.92,9.04,13773449.0
19,2022-01-06,9.01,9.53,8.46,9.52,11014161.0
20,2022-01-07,9.5,9.68,9.14,9.36,4784699.0
21,2022-01-10,9.02,9.1,8.67,9.0,7856859.0
22,2022-01-11,8.97,9.45,8.8,9.34,7733439.0
23,2022-01-12,9.33,9.38,8.73,9.0,13579880.0
24,2022-01-13,9.0,9.04,8.67,8.67,7173746.0
25,2022-01-14,8.66,8.7,8.11,8.12,7739356.0
26,2022-01-18,8.0,8.0,7.42,7.69,9855698.0
27,2022-01-19,7.69,7.92,7.54,7.83,10589420.0
28,2022-01-20,7.81,8.55,7.81,7.95,12447622.0
29,2022-01-21,7.83,7.92,7.32,7.54,7828850.0
30,2022-01-24,7.14,7.37,6.75,7.26,11497553.0
31,2022-01-25,7.12,7.42,6.96,7.42,8139549.0
32,2022-01-26,7.52,7.96,6.95,7.07,9131853.0
33,2022-01-27,7.19,7.29,6.89,6.89,10494897.0
34,2022-01-28,6.78,6.88,6.4,6.75,5673633.0
35,2022-01-31,6.75,7.43,6.7,7.42,7854116.0
36,2022-02-01,7.49,7.63,7.29,7.56,4995630.0
37,2022-02-02,7.55,7.6,6.96,6.99,6674296.0
38,2022-02-03,6.84,6.94,6.68,6.79,4783061.0
39,2022-02-04,6.67,7.42,6.65,7.36,6178084.0
40,2022-02-07,7.22,7.9,7.16,7.77,9050120.0
41,2022-02-08,7.56,8.92,7.55,8.9,17254266.0
42,2022-02-09,9.07,10.28,8.84,10.2,34903535.0
43,2022-02-10,9.33,9.94,9.26,9.28,19203864.0
44,2022-02-11,9.43,9.49,8.46,8.54,13349954.0
45,2022-02-14,8.57,9.07,8.45,8.68,6393397.0
46,2022-02-15,9.26,9.29,8.86,9.15,7194546.0
47,2022-02-16,9.27,9.31,8.72,9.05,9465786.0
48,2022-02-17,9.31,10.27,9.16,10.09,23494455.0
49,2022-02-18,10.28,11.83,9.74,9.85,39674869.0
50,2022-02-22,10.0,10.02,8.68,8.8,26025015.0
51,2022-02-23,9.65,9.67,7.5,7.52,38506871.0
52,2022-02-24,7.2,8.22,7.16,7.94,24248741.0
53,2022-02-25,8.17,8.17,7.51,7.78,15139225.0
54,2022-02-28,7.64,7.86,7.3,7.65,8593194.0
55,2022-03-01,7.69,8.18,7.59,7.92,9969552.0
56,2022-03-02,7.93,8.0,7.49,7.77,7628289.0
57,2022-03-03,7.9,7.9,7.28,7.37,7701255.0
58,2022-03-04,7.3,7.55,7.05,7.16,7445454.0
59,2022-03-07,7.1,7.26,6.8,6.83,11360815.0
60,2022-03-08,6.87,8.33,6.74,7.58,16964729.0
61,2022-03-09,7.83,8.23,7.71,7.96,8603956.0
62,2022-03-10,7.66,7.7,6.97,7.05,17134729.0
63,2022-03-11,7.2,7.21,6.51,6.54,14452453.0
64,2022-03-14,6.5,6.56,5.82,5.93,20763315.0
65,2022-03-15,6.02,6.07,5.55,5.98,17674533.0
66,2022-03-16,6.38,6.93,6.2,6.88,26501813.0
67,2022-03-17,6.87,7.47,6.62,7.44,18330492.0
68,2022-03-18,7.27,8.13,7.23,7.86,15668610.0
69,2022-03-21,7.96,8.08,7.31,7.56,11214394.0
70,2022-03-22,7.64,8.25,7.64,8.02,13245478.0
71,2022-03-23,7.97,8.19,7.69,7.91,8046449.0
72,2022-03-24,7.94,8.19,7.66,8.15,7835715.0
73,2022-03-25,8.16,8.48,7.83,7.95,7349508.0
74,2022-03-28,7.92,8.21,7.82,8.06,5816294.0
75,2022-03-29,8.17,8.46,8.05,8.36,7154960.0
76,2022-03-30,8.22,8.41,8.0,8.06,4861057.0
77,2022-03-31,8.17,8.17,7.72,7.72,4983165.0
78,2022-04-01,7.84,8.18,7.82,8.06,6677026.0
79,2022-04-04,8.12,8.34,7.95,8.07,5143356.0
80,2022-04-05,8.11,8.11,7.67,7.85,5081966.0
81,2022-04-06,7.6,7.63,7.25,7.51,5874968.0
82,2022-04-07,7.49,7.69,7.28,7.31,6153109.0
83,2022-04-08,7.27,7.48,6.98,7.28,7766666.0
84,2022-04-11,7.2,7.55,7.15,7.4,7476209.0
85,2022-04-12,7.53,7.69,6.94,7.05,6764390.0
86,2022-04-13,7.09,7.23,6.96,7.16,4700861.0
87,2022-04-14,7.19,7.23,6.87,7.03,5704578.0
88,2022-04-18,6.99,7.05,6.77,6.89,6867211.0
89,2022-04-19,6.9,7.25,6.79,7.19,6622122.0
90,2022-04-20,7.15,7.48,7.14,7.16,8933895.0
91,2022-04-21,7.2,7.38,6.63,6.89,10553711.0
92,2022-04-22,6.85,7.04,6.68,6.68,12123109.0
93,2022-04-25,6.65,6.95,6.47,6.92,6812292.0
94,2022-04-26,6.81,6.81,6.22,6.31,8152266.0
95,2022-04-27,6.36,6.53,6.28,6.33,6803241.0
96,2022-04-28,6.33,6.4,5.9,6.16,14422320.0
97,2022-04-29,6.19,6.34,5.91,6.01,7716585.0
98,2022-05-02,6.02,6.28,5.9,5.96,15326093.0
99,2022-05-03,5.96,5.97,5.32,5.47,23116917.0
100,2022-05-04,5.42,5.78,5.25,5.77,16402651.0
101,2022-05-05,5.58,5.6,5.25,5.42,15033286.0
102,2022-05-06,5.37,5.39,5.02,5.23,17488213.0
103,2022-05-09,5.0,5.05,4.35,4.38,20429575.0
104,2022-05-10,4.62,4.63,4.26,4.37,14221979.0
105,2022-05-11,4.25,4.28,3.69,3.69,27928579.0
106,2022-05-12,3.64,4.29,3.32,4.0,47518517.0
107,2022-05-13,4.11,4.98,4.1,4.82,25636442.0
108,2022-05-16,4.8,4.83,4.04,4.35,29930545.0
109,2022-05-17,4.81,5.01,3.96,4.08,100275206.0
110,2022-05-18,3.85,4.01,3.67,3.82,120935343.0
111,2022-05-19,3.64,4.34,3.64,4.33,106065268.0
112,2022-05-20,4.44,4.47,3.55,3.81,73251567.0
113,2022-05-23,3.83,3.84,3.44,3.74,44915348.0
114,2022-05-24,3.58,3.62,3.31,3.33,52033936.0
115,2022-05-25,3.4,3.59,3.26,3.59,51611356.0
116,2022-05-26,3.5,3.8,3.36,3.53,61052072.0
117,2022-05-27,3.61,4.05,3.59,4.03,63291243.0
118,2022-05-31,4.07,4.17,3.78,3.81,28849387.0
119,2022-06-01,3.84,3.95,3.66,3.82,31535627.0
120,2022-06-02,3.82,4.5,3.8,4.44,79526231.0
121,2022-06-03,4.31,4.54,4.22,4.5,54708603.0
122,2022-06-06,4.6,4.75,4.26,4.29,24604388.0
123,2022-06-07,4.07,4.32,4.0,4.32,31965889.0
124,2022-06-08,4.23,4.52,4.23,4.33,17304386.0
125,2022-06-09,4.33,4.33,3.85,3.86,24072898.0
126,2022-06-10,3.67,3.85,3.62,3.64,31451314.0
127,2022-06-13,3.48,3.59,3.4,3.51,28705950.0
128,2022-06-14,3.56,3.61,3.36,3.43,19273633.0
129,2022-06-15,3.44,3.65,3.37,3.52,25904411.0
130,2022-06-16,3.37,3.48,3.26,3.31,15488234.0
131,2022-06-17,3.37,3.5,3.29,3.47,19219073.0
132,2022-06-21,3.59,3.99,3.58,3.86,34715184.0
133,2022-06-22,3.77,3.98,3.71,3.94,30671270.0
134,2022-06-23,4.0,4.21,3.92,4.0,36842219.0
135,2022-06-24,4.05,4.24,4.01,4.06,19813186.0
136,2022-06-27,4.09,4.15,3.89,3.98,10757103.0
137,2022-06-28,3.99,4.1,3.77,3.84,13000777.0
138,2022-06-29,3.87,3.99,3.8,3.87,17786252.0
139,2022-06-30,3.83,3.9,3.6,3.74,19317187.0
140,2022-07-01,3.71,3.98,3.7,3.91,14709014.0
141,2022-07-05,3.84,4.16,3.71,4.16,24797946.0
142,2022-07-06,4.17,4.26,3.94,4.06,18629826.0
143,2022-07-07,4.06,4.22,4.06,4.17,11482827.0
144,2022-07-08,4.13,4.13,3.96,3.98,16027344.0
145,2022-07-11,3.9,3.9,3.61,3.77,31731629.0
146,2022-07-12,3.77,4.08,3.72,3.95,20355769.0
147,2022-07-13,3.83,4.1,3.8,3.98,11399693.0
148,2022-07-14,3.93,3.97,3.8,3.82,11684267.0
149,2022-07-15,3.89,3.98,3.77,3.85,16354557.0
150,2022-07-18,3.96,4.09,3.87,3.89,18022594.0
151,2022-07-19,3.97,4.11,3.93,4.07,15320222.0
152,2022-07-20,4.09,4.65,4.07,4.62,35949699.0
153,2022-07-21,4.58,4.69,4.34,4.53,16147841.0
154,2022-07-22,4.54,4.57,4.19,4.22,15308048.0
155,2022-07-25,4.23,4.25,4.07,4.16,7354384.0
156,2022-07-26,3.98,4.01,3.79,3.79,22128102.0
157,2022-07-27,3.91,4.05,3.77,4.04,19602371.0
158,2022-07-28,4.07,4.29,3.99,4.21,26905090.0
159,2022-07-29,4.21,4.25,4.07,4.21,19768571.0
160,2022-08-01,4.13,4.33,4.01,4.05,15569965.0
161,2022-08-02,4.01,4.25,3.93,4.09,18598754.0
162,2022-08-03,4.14,4.46,4.07,4.45,19715927.0
163,2022-08-04,4.42,4.71,4.33,4.67,20781137.0
164,2022-08-05,4.49,4.65,4.32,4.49,16554501.0
165,2022-08-08,4.62,4.96,4.53,4.75,21243406.0
166,2022-08-09,4.55,4.55,4.15,4.25,35438259.0
167,2022-08-10,4.51,4.54,4.36,4.42,23649168.0
168,2022-08-11,4.5,4.58,4.08,4.08,28825906.0
169,2022-08-12,4.15,4.27,4.03,4.25,28782983.0
170,2022-08-15,4.24,4.82,4.14,4.68,60698187.0
171,2022-08-16,5.18,5.88,5.01,5.52,113890953.0
172,2022-08-17,5.35,5.44,5.0,5.08,60247124.0
173,2022-08-18,4.88,5.09,4.67,5.04,61682639.0
174,2022-08-19,4.9,5.04,4.59,4.65,29308336.0
175,2022-08-22,4.54,4.63,4.43,4.53,21745242.0
176,2022-08-23,4.5,4.75,4.4,4.56,35232396.0
177,2022-08-24,4.54,5.18,4.5,4.95,52965202.0
178,2022-08-25,4.9,5.06,4.84,4.99,39194062.0
179,2022-08-26,5.04,5.08,4.84,4.94,29103490.0
180,2022-08-29,4.84,5.09,4.81,4.92,24504250.0
181,2022-08-30,4.97,5.04,4.81,4.89,23266318.0
182,2022-08-31,4.86,4.97,4.81,4.9,16511724.0
183,2022-09-01,4.88,4.96,4.62,4.9,22356697.0
184,2022-09-02,4.84,5.08,4.83,4.94,27505632.0
185,2022-09-06,5.0,5.01,4.71,4.72,21858059.0
186,2022-09-07,4.73,5.01,4.68,4.98,14102208.0
187,2022-09-08,4.94,5.12,4.86,5.06,18881783.0
188,2022-09-09,5.15,5.4,5.08,5.39,27940997.0
189,2022-09-12,5.49,5.59,5.32,5.51,24600162.0
190,2022-09-13,5.16,5.45,5.06,5.31,22059001.0
191,2022-09-14,5.25,5.44,5.19,5.42,18597891.0
192,2022-09-15,5.38,5.81,5.34,5.51,31673766.0
193,2022-09-16,5.31,5.33,5.0,5.28,41237403.0
194,2022-09-19,5.1,5.38,4.97,5.33,26914445.0
195,2022-09-20,5.24,5.32,5.14,5.22,17222659.0
196,2022-09-21,5.24,5.42,5.08,5.24,18935818.0
197,2022-09-22,5.22,5.33,4.86,4.98,27060570.0
198,2022-09-23,4.84,4.89,4.6,4.72,31548556.0
199,2022-09-26,4.57,4.82,4.5,4.51,26628407.0
200,2022-09-27,4.62,4.87,4.44,4.56,25833312.0
201,2022-09-28,4.5,4.86,4.49,4.81,28529025.0
202,2022-09-29,4.68,4.68,4.39,4.44,24214382.0
203,2022-09-30,4.42,4.63,4.32,4.4,29916471.0
204,2022-10-03,4.58,4.81,4.52,4.73,25010577.0
205,2022-10-04,4.88,4.98,4.61,4.92,60999172.0
206,2022-10-05,4.8,5.11,4.79,5.01,30924738.0
207,2022-10-06,4.99,5.1,4.69,4.69,24763567.0
208,2022-10-07,4.67,4.68,4.34,4.39,31445055.0
209,2022-10-10,4.39,4.39,4.16,4.29,20906579.0
210,2022-10-11,4.21,4.22,4.03,4.1,37428605.0
211,2022-10-12,4.09,4.22,3.95,4.11,21452354.0
212,2022-10-13,3.89,4.24,3.79,4.17,44842759.0
213,2022-10-14,4.2,4.38,4.03,4.12,33547380.0
214,2022-10-17,4.24,4.45,4.15,4.39,16911799.0
215,2022-10-18,4.55,4.6,4.3,4.4,27803330.0
216,2022-10-19,4.23,4.45,4.19,4.36,28161595.0
217,2022-10-20,4.33,4.49,4.29,4.38,19256793.0
218,2022-10-21,4.34,4.55,4.15,4.53,25031192.0
219,2022-10-24,4.46,4.47,4.15,4.3,24895942.0
220,2022-10-25,4.3,4.68,4.3,4.59,27127979.0
221,2022-10-26,4.43,4.7,4.34,4.39,27333559.0
222,2022-10-27,4.45,4.5,4.33,4.44,20389031.0
223,2022-10-28,4.42,4.62,4.41,4.59,23049417.0
224,2022-10-31,4.53,5.1,4.51,5.0,62441979.0
225,2022-11-01,5.09,5.24,4.99,5.09,35945340.0
226,2022-11-02,5.08,5.13,4.76,4.79,22463837.0
227,2022-11-03,4.78,5.08,4.71,4.93,30913470.0
228,2022-11-04,5.09,5.1,4.78,4.87,25595274.0
229,2022-11-07,4.9,4.94,4.75,4.81,25132561.0
230,2022-11-08,4.83,5.28,4.83,5.11,31589134.0
231,2022-11-09,5.01,5.03,4.66,4.69,44424006.0
232,2022-11-10,4.91,4.97,4.51,4.55,59396577.0
233,2022-11-11,4.56,4.72,4.31,4.44,41331033.0
234,2022-11-14,4.55,4.57,4.28,4.35,53556808.0
235,2022-11-15,4.88,5.25,4.84,4.91,70236617.0
236,2022-11-16,4.86,4.95,4.67,4.78,32060503.0
237,2022-11-17,4.56,4.57,4.3,4.38,54379774.0
238,2022-11-18,4.49,4.5,4.25,4.32,29307729.0
239,2022-11-21,4.35,4.37,4.21,4.31,31508010.0
240,2022-11-22,4.29,4.31,4.16,4.2,22074079.0
241,2022-11-23,4.19,4.46,4.13,4.44,24136073.0
242,2022-11-25,4.49,4.51,4.38,4.45,13350277.0
243,2022-11-28,4.4,4.5,4.2,4.22,21549364.0
244,2022-11-29,4.26,4.3,4.21,4.26,16112220.0
245,2022-11-30,4.18,4.49,4.08,4.45,39136765.0
246,2022-12-01,4.42,4.44,4.22,4.36,23172732.0
247,2022-12-02,4.28,4.49,4.19,4.46,35512150.0
248,2022-12-05,4.24,4.31,4.06,4.06,48867472.0
249,2022-12-06,4.13,4.14,4.0,4.06,18694383.0
250,2022-12-07,4.06,4.07,3.9,3.97,14257141.0
251,2022-12-08,4.05,4.18,4.04,4.07,23856158.0
252,2022-12-09,4.03,4.05,3.91,3.93,18387567.0
253,2022-12-12,3.91,4.05,3.83,4.02,25345817.0
254,2022-12-13,4.2,4.21,3.87,3.88,22265814.0
255,2022-12-14,3.9,3.91,3.76,3.82,21050592.0
256,2022-12-15,3.8,3.88,3.72,3.74,20598157.0
257,2022-12-16,3.76,3.93,3.76,3.9,25477100.0
258,2022-12-19,3.88,3.94,3.81,3.91,20723076.0
259,2022-12-20,3.88,3.95,3.83,3.83,17902972.0
260,2022-12-21,3.88,3.92,3.76,3.91,15850481.0
261,2022-12-22,3.87,3.9,3.73,3.86,16324940.0
262,2022-12-23,3.86,3.91,3.78,3.89,10567936.0
263,2022-12-27,3.84,3.86,3.76,3.82,13584448.0
264,2022-12-28,3.84,3.93,3.81,3.91,14837747.0
265,2022-12-29,3.95,4.06,3.87,4.06,11114903.0
266,2022-12-30,4.0,4.17,4.0,4.07,12286586.0
267,2023-01-03,3.92,4.03,3.55,3.56,40845717.0
268,2023-01-04,3.61,3.66,3.5,3.52,20048138.0
269,2023-01-05,3.52,3.53,3.43,3.48,22673864.0
270,2023-01-06,3.54,3.61,3.39,3.56,19557499.0
271,2023-01-09,3.57,3.81,3.54,3.66,20586885.0
272,2023-01-10,3.68,3.73,3.54,3.66,34832163.0
273,2023-01-11,3.67,3.75,3.56,3.72,28448813.0
274,2023-01-12,3.73,3.73,3.58,3.66,26422789.0
275,2023-01-13,3.65,3.71,3.56,3.68,15069792.0
276,2023-01-17,3.65,3.75,3.62,3.67,29421351.0
277,2023-01-18,3.71,3.77,3.56,3.64,44084371.0
278,2023-01-19,3.61,3.67,3.57,3.62,21297231.0
279,2023-01-20,3.67,3.86,3.62,3.81,48985520.0
280,2023-01-23,3.81,3.99,3.8,3.92,26886801.0
281,2023-01-24,3.92,4.04,3.87,4.03,21593945.0
282,2023-01-25,3.99,4.15,3.89,4.12,20224234.0
283,2023-01-26,4.26,4.37,4.2,4.23,22825294.0
284,2023-01-27,4.2,4.42,4.18,4.37,26086756.0
285,2023-01-30,4.33,4.43,4.26,4.4,18106564.0
286,2023-01-31,4.44,4.72,4.41,4.65,33246718.0
287,2023-02-01,4.65,4.82,4.53,4.77,34936840.0
288,2023-02-02,4.84,5.01,4.83,4.92,37026716.0
289,2023-02-03,4.8,5.01,4.72,4.9,35737900.0
290,2023-02-06,4.83,4.95,4.78,4.9,23140389.0
291,2023-02-07,4.91,4.94,4.78,4.91,25485652.0
292,2023-02-08,4.91,5.08,4.84,5.01,28124377.0
293,2023-02-09,5.07,5.11,4.8,4.83,27908812.0
294,2023-02-10,4.75,4.85,4.66,4.74,21210067.0
295,2023-02-13,4.77,5.0,4.73,4.87,20221798.0
296,2023-02-14,4.86,5.09,4.84,5.0,53484518.0
297,2023-02-15,5.05,5.44,5.0,5.24,91328996.0
298,2023-02-16,5.04,5.53,4.88,5.34,54488724.0
299,2023-02-17,5.08,5.21,4.91,4.99,40615193.0
300,2023-02-21,4.96,5.02,4.73,4.76,20886171.0
301,2023-02-22,4.82,4.89,4.75,4.83,26304626.0
302,2023-02-23,4.87,4.93,4.8,4.89,18698702.0
303,2023-02-24,4.82,4.96,4.78,4.94,25022382.0
304,2023-02-27,4.98,5.1,4.93,4.97,25262924.0
305,2023-02-28,4.97,5.11,4.95,5.04,20869966.0
306,2023-03-01,4.99,4.99,4.61,4.86,35312358.0
307,2023-03-02,4.78,4.88,4.65,4.67,37192585.0
308,2023-03-03,4.67,4.75,4.56,4.68,34504549.0
309,2023-03-06,4.69,5.0,4.68,4.95,22119752.0
310,2023-03-07,4.89,4.92,4.69,4.83,23826734.0
311,2023-03-08,4.85,5.1,4.85,4.99,26653105.0
312,2023-03-09,4.93,4.97,4.69,4.74,23917847.0
313,2023-03-10,4.72,4.74,4.45,4.49,32191036.0
314,2023-03-13,4.24,4.7,4.14,4.52,27930043.0
315,2023-03-14,4.69,4.73,4.37,4.48,27009625.0
316,2023-03-15,4.3,4.5,4.29,4.44,20627043.0
317,2023-03-16,4.42,4.63,4.39,4.61,17533892.0
318,2023-03-17,4.59,4.71,4.54,4.69,32831683.0
319,2023-03-20,4.67,4.68,4.41,4.43,22687951.0
320,2023-03-21,4.47,4.52,4.42,4.43,13572221.0
321,2023-03-22,4.48,4.55,4.32,4.32,16519516.0
322,2023-03-23,4.4,4.5,4.24,4.26,16745170.0
323,2023-03-24,4.2,4.26,4.13,4.17,21418480.0
324,2023-03-27,4.24,4.46,4.21,4.4,14899949.0
325,2023-03-28,4.37,4.45,4.29,4.36,11159000.0
326,2023-03-29,4.42,4.59,4.37,4.58,17736550.0
327,2023-03-30,4.69,4.83,4.67,4.81,19305762.0
328,2023-03-31,4.84,4.93,4.73,4.76,17266150.0
329,2023-04-03,4.64,4.7,4.34,4.52,24109115.0
330,2023-04-04,4.54,4.6,4.5,4.55,12768189.0
331,2023-04-05,4.52,4.59,4.4,4.48,13569035.0
332,2023-04-06,4.43,4.51,4.38,4.48,8139340.0
333,2023-04-10,4.45,4.54,4.4,4.52,10005479.0
334,2023-04-11,4.54,4.65,4.52,4.57,14009839.0
335,2023-04-12,4.6,4.63,4.39,4.42,20583806.0
336,2023-04-13,4.42,4.78,4.42,4.67,23693186.0
337,2023-04-14,4.72,4.77,4.59,4.66,14660736.0
338,2023-04-17,4.63,4.71,4.51,4.55,14001121.0
339,2023-04-18,4.61,4.9,4.6,4.86,28916151.0
340,2023-04-19,4.8,4.88,4.77,4.86,15154947.0
341,2023-04-20,4.79,4.89,4.69,4.89,14581411.0
342,2023-04-21,4.85,5.02,4.85,4.99,18448569.0
343,2023-04-24,4.94,5.01,4.85,4.92,14008908.0
344,2023-04-25,4.88,4.99,4.85,4.92,14642889.0
345,2023-04-26,4.95,5.03,4.91,4.94,10409468.0
346,2023-04-27,4.98,5.14,4.94,5.05,20525132.0
347,2023-04-28,5.0,5.2,4.96,5.16,21554450.0
348,2023-05-01,5.19,5.39,5.15,5.36,30117981.0
349,2023-05-02,5.35,5.38,5.16,5.19,22030227.0
350,2023-05-03,5.18,5.29,5.14,5.18,16844978.0
351,2023-05-04,5.19,5.31,5.18,5.24,14701875.0
352,2023-05-05,5.33,5.59,5.3,5.46,31156825.0
353,2023-05-08,5.49,5.98,5.48,5.92,46879031.0
354,2023-05-09,5.85,5.88,5.73,5.82,22077464.0
355,2023-05-10,5.86,5.94,5.8,5.91,22155517.0
356,2023-05-11,5.94,5.95,5.84,5.91,14822137.0
357,2023-05-12,5.91,5.99,5.79,5.81,18766881.0
358,2023-05-15,5.85,6.15,5.79,6.09,41210681.0
359,2023-05-16,6.51,6.92,6.06,6.1,103267977.0
360,2023-05-17,6.18,6.22,5.8,6.18,45323129.0
361,2023-05-18,6.03,6.47,6.02,6.39,57025942.0
362,2023-05-19,6.44,6.59,6.37,6.52,41923206.0
363,2023-05-22,6.46,6.74,6.45,6.64,35871736.0
364,2023-05-23,6.64,7.09,6.62,6.84,57400639.0
365,2023-05-24,6.76,6.88,6.65,6.81,40397959.0
366,2023-05-25,6.81,7.07,6.78,6.91,28642350.0
367,2023-05-26,6.92,6.99,6.72,6.79,23244537.0
368,2023-05-30,6.83,6.94,6.72,6.75,17458848.0
369,2023-05-31,6.65,6.8,6.6,6.74,20538037.0
370,2023-06-01,6.65,6.87,6.61,6.83,28766168.0
371,2023-06-02,6.85,7.03,6.85,6.97,25544402.0
372,2023-06-05,6.95,6.95,6.77,6.92,17559959.0
373,2023-06-06,6.94,7.15,6.91,7.13,20442383.0
374,2023-06-07,7.14,7.55,7.1,7.39,36498487.0
375,2023-06-08,7.35,7.45,7.26,7.27,21285679.0
376,2023-06-09,7.3,7.56,7.23,7.49,35304754.0
377,2023-06-12,7.52,7.68,7.5,7.62,16699999.0
378,2023-06-13,7.66,7.67,7.36,7.54,21665923.0
379,2023-06-14,7.53,7.54,7.2,7.35,26072186.0
380,2023-06-15,7.27,7.49,7.24,7.41,22543552.0
381,2023-06-16,7.44,7.58,7.37,7.54,22103238.0
382,2023-06-20,7.55,7.74,7.54,7.68,31736203.0
383,2023-06-21,7.71,7.76,7.5,7.71,27025473.0
384,2023-06-22,7.64,7.72,7.45,7.49,27959156.0
385,2023-06-23,7.4,7.7,7.36,7.56,166408373.0
386,2023-06-26,7.52,7.58,7.22,7.31,21200605.0
387,2023-06-27,7.39,7.7,7.33,7.65,21089450.0
388,2023-06-28,7.63,7.99,7.58,7.8,23838383.0
389,2023-06-29,7.88,7.9,7.68,7.79,13953466.0
390,2023-06-30,7.85,8.06,7.8,7.89,19395628.0
391,2023-07-03,7.93,8.01,7.82,7.96,11954247.0
392,2023-07-05,7.92,7.97,7.76,7.88,18233724.0
393,2023-07-06,7.79,7.86,7.61,7.67,18089255.0
394,2023-07-07,7.71,7.87,7.65,7.78,17008325.0
395,2023-07-10,7.75,7.87,7.71,7.82,8913476.0
396,2023-07-11,7.82,7.84,7.67,7.81,11762494.0
397,2023-07-12,7.88,7.97,7.83,7.9,15591681.0
398,2023-07-13,7.97,8.29,7.93,8.18,34499734.0
399,2023-07-14,8.15,8.15,7.68,7.72,34311170.0
400,2023-07-17,7.75,7.92,7.64,7.87,26927447.0
401,2023-07-18,7.79,7.8,7.54,7.64,20335851.0
402,2023-07-19,7.63,7.71,7.61,7.62,19830284.0
403,2023-07-20,7.57,7.78,7.54,7.7,15315755.0
404,2023-07-21,7.72,7.97,7.69,7.92,20053329.0
405,2023-07-24,7.95,7.97,7.72,7.86,19623265.0
406,2023-07-25,7.93,8.01,7.8,7.84,19900378.0
407,2023-07-26,7.75,7.94,7.71,7.85,22178555.0
408,2023-07-27,7.94,7.94,7.77,7.78,26929570.0
409,2023-07-28,7.89,8.01,7.86,7.9,20603489.0
410,2023-07-31,7.93,8.11,7.89,7.96,20932530.0
411,2023-08-01,7.83,7.99,7.81,7.91,10988579.0
412,2023-08-02,7.87,7.93,7.65,7.81,15948430.0
413,2023-08-03,7.75,7.95,7.75,7.77,12750479.0
414,2023-08-04,7.81,7.99,7.78,7.85,18958196.0
415,2023-08-07,7.8,7.88,7.65,7.84,14242897.0
416,2023-08-08,7.74,8.0,7.71,7.99,12527325.0
417,2023-08-09,7.87,7.91,7.7,7.83,17044121.0
418,2023-08-10,7.87,8.0,7.73,7.74,14591980.0
419,2023-08-11,7.72,7.81,7.69,7.76,12662410.0
420,2023-08-14,7.7,7.97,7.69,7.94,20758606.0
421,2023-08-15,7.9,8.01,7.71,7.91,24575390.0
422,2023-08-16,8.17,8.21,7.46,7.64,55583054.0
423,2023-08-17,7.57,7.57,6.98,7.14,44141918.0
424,2023-08-18,6.97,7.28,6.61,7.21,31540672.0
425,2023-08-21,7.27,7.42,7.23,7.35,16294234.0
426,2023-08-22,7.32,7.39,7.21,7.35,18471994.0
427,2023-08-23,7.25,7.32,7.14,7.25,30005142.0
428,2023-08-24,7.29,7.3,7.05,7.07,15823200.0
429,2023-08-25,7.02,7.14,6.94,7.11,19440526.0
430,2023-08-28,6.94,7.0,6.73,6.96,46834056.0
431,2023-08-29,6.85,7.04,6.66,6.94,47188256.0
432,2023-08-30,6.92,7.11,6.86,7.04,31756496.0
433,2023-08-31,6.8,7.01,6.63,6.85,55081488.0
434,2023-09-01,7.0,7.21,6.94,7.11,53232665.0
435,2023-09-05,7.06,7.1,6.8,6.81,27831660.0
436,2023-09-06,6.85,6.98,6.82,6.9,26876873.0
437,2023-09-07,6.84,6.9,6.72,6.83,25129232.0
438,2023-09-08,6.82,6.84,6.67,6.81,17049046.0
439,2023-09-11,7.05,7.45,6.92,7.38,62588937.0
440,2023-09-12,7.33,7.51,7.31,7.46,26831712.0
441,2023-09-13,7.46,7.65,7.4,7.55,24526862.0
442,2023-09-14,7.6,7.66,7.49,7.53,17097786.0
443,2023-09-15,7.46,7.54,7.31,7.36,36558927.0
444,2023-09-18,7.36,7.43,7.29,7.29,11048390.0
445,2023-09-19,7.3,7.37,7.18,7.21,12302189.0
446,2023-09-20,7.24,7.33,7.01,7.01,19092833.0
447,2023-09-21,6.9,6.99,6.79,6.88,16245747.0
448,2023-09-22,6.92,7.03,6.83,6.85,15599866.0
449,2023-09-25,6.84,7.0,6.77,6.94,14163012.0
450,2023-09-26,6.91,6.97,6.77,6.81,13744571.0
451,2023-09-27,6.89,7.22,6.89,7.1,39762564.0
452,2023-09-28,7.05,7.42,7.01,7.29,33983145.0
453,2023-09-29,7.33,7.39,7.17,7.25,15543270.0
454,2023-10-02,7.24,7.35,7.02,7.05,17136881.0
455,2023-10-03,6.99,7.05,6.8,6.84,14883197.0
456,2023-10-04,6.92,7.04,6.84,7.03,18085689.0
457,2023-10-05,6.97,7.18,6.97,7.14,25433356.0
458,2023-10-06,7.05,7.46,6.96,7.38,21427124.0
459,2023-10-09,7.27,7.34,7.2,7.31,11355345.0
460,2023-10-10,7.35,7.61,7.34,7.6,23378919.0
461,2023-10-11,7.72,7.86,7.68,7.84,29833625.0
462,2023-10-12,7.9,8.0,7.71,7.79,32164165.0
463,2023-10-13,7.84,7.89,7.73,7.76,15999666.0
464,2023-10-16,7.77,8.02,7.69,7.9,30466166.0
465,2023-10-17,7.9,7.99,7.78,7.88,20239987.0
466,2023-10-18,7.88,7.95,7.69,7.71,17186514.0
467,2023-10-19,8.04,8.29,7.84,8.23,60174006.0
468,2023-10-20,8.2,8.24,7.98,8.17,25114448.0
469,2023-10-23,8.12,8.275,7.97,8.16,27005083.0
470,2023-10-24,8.23,8.42,8.02,8.08,16691676.0
471,2023-10-25,8.09,8.105,7.9,7.98,17626368.0
472,2023-10-26,7.89,8.01,7.74,7.99,30096865.0
473,2023-10-27,8.03,8.12,7.945,8.01,24541049.0
474,2023-10-30,8.1,8.22,8.05,8.08,17203695.0
475,2023-10-31,8.04,8.2,7.93,8.2,16430484.0
476,2023-11-01,8.22,8.38,8.195,8.3,32494129.0
477,2023-11-02,8.1,8.26,7.99,8.23,40114720.0
478,2023-11-03,8.4,8.619,8.35,8.48,32046834.0
479,2023-11-06,8.57,8.58,8.28,8.31,18883804.0
480,2023-11-07,8.43,8.52,8.31,8.45,17042669.0
481,2023-11-08,8.43,8.45,8.22,8.33,26904529.0
482,2023-11-09,8.34,8.45,8.25,8.26,27372772.0
483,2023-11-10,8.33,8.58,8.315,8.52,33889161.0
484,2023-11-13,8.55,8.55,8.3557,8.45,21782668.0
485,2023-11-14,8.61,8.87,8.59,8.83,41100577.0
486,2023-11-15,8.16,8.3,7.9,8.17,74292847.0
487,2023-11-16,8.29,8.305,7.745,7.85,60539309.0
488,2023-11-17,7.92,8.165,7.84,8.07,68529236.0
489,2023-11-20,8.12,8.26,8.06,8.15,27449047.0
490,2023-11-21,8.14,8.3,8.1,8.16,31564952.0
491,2023-11-22,8.18,8.19,8.06,8.1,22291119.0
492,2023-11-24,8.08,8.25,8.07,8.21,12866496.0
493,2023-11-27,8.2,8.28,8.16,8.16,18916910.0
494,2023-11-28,8.15,8.18,8.08,8.1,24102332.0
495,2023-11-29,8.18,8.36,8.16,8.22,36194506.0
496,2023-11-30,8.22,8.23,8.04,8.14,30218316.0
497,2023-12-01,8.14,8.34,8.135,8.3,22274723.0
498,2023-12-04,8.2,8.26,8.14,8.18,23181174.0
499,2023-12-05,8.18,8.2595,8.16,8.21,18072192.0
500,2023-12-06,8.23,8.31,8.15,8.15,15283632.0
501,2023-12-07,8.15,8.22,8.08,8.14,14198909.0
502,2023-12-08,8.11,8.27,8.11,8.22,16025444.0
503,2023-12-11,8.21,8.28,8.16,8.18,12709631.0
504,2023-12-12,8.18,8.22,8.12,8.2,26851417.0
505,2023-12-13,8.21,8.55,8.18,8.55,27183407.0
506,2023-12-14,8.57,8.68,8.41,8.44,25699607.0
507,2023-12-15,8.46,8.48,8.25,8.3,27735180.0
508,2023-12-18,8.31,8.36,8.21,8.33,16685640.0
509,2023-12-19,8.38,8.5,8.38,8.44,17443120.0
510,2023-12-20,8.38,8.41,8.09,8.1,29169566.0
511,2023-12-21,8.21,8.29,8.1,8.23,16833506.0
512,2023-12-22,8.25,8.28,8.15,8.22,12696456.0
513,2023-12-26,8.24,8.32,8.2203,8.3,9553773.0
514,2023-12-27,8.32,8.4,8.29,8.33,9292810.0
515,2023-12-28,8.33,8.46,8.31,8.37,12253112.0
516,2023-12-29,8.38,8.42,8.3,8.33,7310650.0
517,2024-01-02,8.27,8.295,8.08,8.13,22009097.0
518,2024-01-03,8.08,8.2,8.06,8.09,18161157.0
519,2024-01-04,8.1,8.28,8.09,8.24,16669587.0
520,2024-01-05,8.28,8.62,8.26,8.57,36599745.0
521,2024-01-08,8.66,8.9,8.585,8.89,44489468.0
522,2024-01-09,8.8,8.95,8.71,8.93,22461315.0
523,2024-01-10,8.98,9.16,8.93,9.08,43517194.0
524,2024-01-11,9.12,9.15,8.86,9.07,36237822.0
525,2024-01-12,9.11,9.27,9.02,9.26,32163758.0
526,2024-01-16,9.31,9.495,9.02,9.17,45000742.0
527,2024-01-17,9.1,9.105,8.94,9.09,23413152.0
528,2024-01-18,9.15,9.17,8.92,9.05,29272331.0
529,2024-01-19,9.11,9.17,8.9,9.17,38676827.0
530,2024-01-22,9.17,9.27,8.84,8.92,36535210.0
531,2024-01-23,8.95,9.01,8.9,8.95,29940700.0
532,2024-01-24,9.06,9.15,8.98,9.0,42567352.0
533,2024-01-25,9.04,9.33,9.0,9.33,36349919.0
534,2024-01-26,9.33,9.5,9.265,9.5,29915001.0
535,2024-01-29,9.43,9.51,9.335,9.37,38417189.0
536,2024-01-30,8.92,9.01,8.51,8.78,72837813.0
537,2024-01-31,8.75,8.86,8.58,8.61,37947490.0
538,2024-02-01,8.83,9.04,8.72,9.01,35290709.0
539,2024-02-02,8.94,9.415,8.86,9.37,37371693.0
540,2024-02-05,9.35,9.41,9.09,9.27,17649240.0
541,2024-02-06,9.37,9.45,9.24,9.38,24966678.0
