,date,open,high,low,close,volume
0,2023-02-09,30.31,30.84,28.51,30.46,16331526.0
1,2023-02-10,29.43,31.2,29.22,31.01,3154966.0
2,2023-02-13,30.66,32.03,30.65,31.42,1842537.0
3,2023-02-14,31.65,31.83,30.21,30.8,1557763.0
4,2023-02-15,30.4,32.69,30.33,32.68,5502357.0
5,2023-02-16,31.73,32.95,30.75,31.51,618875.0
6,2023-02-17,30.75,32.39,30.75,31.64,811441.0
7,2023-02-21,31.12,31.59,29.19,30.95,1074852.0
8,2023-02-22,30.95,31.88,29.88,31.26,750728.0
9,2023-02-23,31.27,32.12,31.27,31.99,723639.0
10,2023-02-24,31.5,31.5,30.1,30.21,509533.0
11,2023-02-27,30.48,30.63,29.76,29.91,857852.0
12,2023-02-28,29.97,31.18,29.66,30.44,728832.0
13,2023-03-01,30.57,32.13,30.44,31.08,917731.0
14,2023-03-02,30.65,32.22,30.65,31.89,934069.0
15,2023-03-03,32.45,34.84,31.4,33.35,2191101.0
16,2023-03-06,34.56,34.75,31.8,32.45,2252661.0
17,2023-03-07,32.41,34.85,31.9,33.95,1435780.0
18,2023-03-08,33.95,34.78,32.33,32.72,1225345.0
19,2023-03-09,32.5,34.85,32.09,32.66,956083.0
20,2023-03-10,32.66,32.88,29.46,31.19,1863446.0
21,2023-03-13,30.63,32.18,29.76,31.5,908725.0
22,2023-03-14,32.0,33.48,30.58,31.85,1522563.0
23,2023-03-15,31.07,32.5,30.06,30.75,1558553.0
24,2023-03-16,30.25,31.18,29.2,29.61,1418187.0
25,2023-03-17,29.74,29.93,28.24,29.07,6580171.0
26,2023-03-20,29.12,29.52,28.49,28.55,1332502.0
27,2023-03-21,29.03,31.5,29.03,31.18,1690551.0
28,2023-03-22,31.14,33.41,30.97,31.84,2031152.0
29,2023-03-23,32.14,35.1,31.5,32.21,1789623.0
30,2023-03-24,32.21,32.43,30.66,31.2,898221.0
31,2023-03-27,31.39,31.97,30.31,31.24,920294.0
32,2023-03-28,31.26,32.9,31.18,32.52,941728.0
33,2023-03-29,33.85,34.48,32.73,33.54,1356956.0
34,2023-03-30,33.86,36.48,33.85,34.75,2442583.0
35,2023-03-31,34.83,37.83,34.83,36.26,1739836.0
36,2023-04-03,36.15,36.36,33.23,33.55,1692075.0
37,2023-04-04,33.48,34.23,32.35,33.23,2288910.0
38,2023-04-05,32.84,33.46,31.26,32.25,1269573.0
39,2023-04-06,32.12,32.87,31.6,32.72,423869.0
40,2023-04-10,32.66,34.03,32.19,34.0,709901.0
41,2023-04-11,34.25,35.03,33.93,34.86,831565.0
42,2023-04-12,35.0,35.2,33.33,34.69,956485.0
43,2023-04-13,34.85,36.04,34.0,35.31,666577.0
44,2023-04-14,35.08,35.34,33.78,34.84,714492.0
45,2023-04-17,34.69,35.96,34.02,34.18,747128.0
46,2023-04-18,34.18,34.73,32.73,33.69,893112.0
47,2023-04-19,33.36,35.02,32.77,34.18,444130.0
48,2023-04-20,33.89,34.47,33.42,34.28,502980.0
49,2023-04-21,33.89,34.78,33.15,34.59,667735.0
50,2023-04-24,34.45,34.59,33.55,34.49,660523.0
51,2023-04-25,34.18,34.36,32.47,32.69,507762.0
52,2023-04-26,32.42,32.7,30.56,31.87,907756.0
53,2023-04-27,31.87,32.93,31.62,32.15,497368.0
54,2023-04-28,31.92,32.37,30.41,31.49,1124859.0
55,2023-05-01,31.17,31.91,30.63,30.87,544756.0
56,2023-05-02,30.86,31.2,29.28,29.68,1233944.0
57,2023-05-03,29.79,31.3,29.44,30.11,930653.0
58,2023-05-04,29.9,30.18,29.56,30.05,916095.0
59,2023-05-05,30.37,31.19,29.92,30.9,743738.0
60,2023-05-08,30.95,32.49,30.69,32.23,1358473.0
61,2023-05-09,32.45,34.05,32.45,33.66,1249014.0
62,2023-05-10,33.66,34.5,32.8,33.23,1687963.0
63,2023-05-11,35.5,37.22,34.91,35.43,3407607.0
64,2023-05-12,35.9,40.38,35.8,39.39,3330064.0
65,2023-05-15,39.25,40.5,38.41,40.32,1519627.0
66,2023-05-16,40.75,40.8,37.18,37.51,1042461.0
67,2023-05-17,37.79,40.18,37.68,38.93,1045927.0
68,2023-05-18,38.7,39.52,38.2,39.33,825359.0
69,2023-05-19,39.9,40.15,37.97,39.16,789579.0
70,2023-05-22,39.41,40.33,38.75,39.98,532598.0
71,2023-05-23,39.79,40.44,38.36,39.18,905714.0
72,2023-05-24,39.12,39.6,38.11,38.46,688732.0
73,2023-05-25,38.69,39.14,37.51,38.83,444318.0
74,2023-05-26,39.72,39.8,38.51,39.14,517977.0
75,2023-05-30,39.01,41.51,38.34,38.9,788829.0
76,2023-05-31,38.33,39.06,37.62,38.25,1052850.0
77,2023-06-01,38.32,40.2,37.66,40.07,503653.0
78,2023-06-02,40.44,41.19,39.67,40.77,756385.0
79,2023-06-05,40.75,41.73,39.07,39.6,1502007.0
80,2023-06-06,39.54,40.48,39.01,40.08,954354.0
81,2023-06-07,39.98,41.69,39.96,40.55,877163.0
82,2023-06-08,40.66,41.67,40.06,41.04,850334.0
83,2023-06-09,41.14,41.76,40.04,40.29,762665.0
84,2023-06-12,40.69,42.6,40.6,41.31,1289217.0
85,2023-06-13,41.6,42.61,41.4,42.16,752991.0
86,2023-06-14,43.18,43.97,40.3,41.15,1342615.0
87,2023-06-15,41.04,42.87,40.62,42.58,811104.0
88,2023-06-16,43.08,43.33,41.08,41.43,1525494.0
89,2023-06-20,41.07,41.38,39.18,39.63,1131447.0
90,2023-06-21,39.28,40.93,38.53,40.47,1110751.0
91,2023-06-22,40.31,40.81,39.13,39.66,1466916.0
92,2023-06-23,39.32,39.34,37.22,38.63,1858179.0
93,2023-06-26,38.71,40.02,37.41,38.05,1313554.0
94,2023-06-27,35.88,37.72,34.3,37.6,2785873.0
95,2023-06-28,37.17,39.09,36.18,37.13,2463863.0
96,2023-06-29,37.5,39.5,37.25,38.1,10942717.0
97,2023-06-30,38.46,40.18,38.46,39.81,4022198.0
98,2023-07-03,39.63,40.09,38.61,39.43,1353762.0
99,2023-07-05,39.23,40.07,37.97,38.09,3541673.0
100,2023-07-06,37.6,38.27,36.19,37.12,2102013.0
101,2023-07-07,37.05,38.66,37.04,38.07,1745014.0
102,2023-07-10,37.74,39.22,37.38,38.54,1028405.0
103,2023-07-11,38.66,38.66,37.8,37.82,749440.0
104,2023-07-12,38.74,39.44,37.97,38.14,1789430.0
105,2023-07-13,38.25,39.22,38.25,39.02,1095746.0
106,2023-07-14,39.47,40.08,37.55,37.79,1251487.0
107,2023-07-17,37.82,39.88,37.8,39.08,1714522.0
108,2023-07-18,39.03,39.87,39.03,39.44,706158.0
109,2023-07-19,39.75,41.2,39.33,39.57,1361790.0
110,2023-07-20,39.21,40.32,38.38,39.58,706650.0
111,2023-07-21,39.77,40.71,39.03,39.12,1159207.0
112,2023-07-24,39.25,39.59,38.73,39.41,1397338.0
113,2023-07-25,39.84,39.98,38.4,38.55,1657349.0
114,2023-07-26,37.99,39.4,37.61,39.31,1983959.0
115,2023-07-27,44.61,46.42,42.15,44.19,5346637.0
116,2023-07-28,44.93,46.55,42.21,42.73,2255435.0
117,2023-07-31,42.99,43.86,41.85,42.35,1337675.0
118,2023-08-01,42.42,43.78,42.02,43.34,1568934.0
119,2023-08-02,42.18,42.8,40.12,41.73,1755966.0
120,2023-08-03,41.62,42.91,40.53,41.14,736825.0
121,2023-08-04,41.66,42.41,40.58,40.88,1142660.0
122,2023-08-07,41.31,41.58,39.9,40.74,1087603.0
123,2023-08-08,40.62,41.57,39.26,41.23,1464643.0
124,2023-08-09,41.77,43.04,40.69,40.92,1860725.0
125,2023-08-10,40.84,41.81,40.33,40.73,1429331.0
126,2023-08-11,40.98,41.74,39.8,41.44,1668516.0
127,2023-08-14,41.07,42.34,40.43,42.15,1274291.0
128,2023-08-15,42.19,42.3,40.7,40.9,1526152.0
129,2023-08-16,40.83,41.1,38.8,38.84,1145604.0
130,2023-08-17,38.73,38.98,36.55,36.6,1048601.0
131,2023-08-18,36.04,37.97,35.7,37.4,1195357.0
132,2023-08-21,37.34,37.95,36.53,36.63,972418.0
133,2023-08-22,37.18,37.65,35.97,36.48,1260128.0
134,2023-08-23,37.02,39.14,36.88,38.36,971851.0
135,2023-08-24,38.35,39.08,38.06,38.34,1108923.0
136,2023-08-25,38.34,40.03,38.02,39.62,972720.0
137,2023-08-28,39.67,41.04,39.67,40.81,865692.0
138,2023-08-29,40.85,42.18,40.24,41.95,682163.0
139,2023-08-30,42.02,42.78,41.65,41.82,1951113.0
140,2023-08-31,41.77,42.52,41.55,42.12,980345.0
141,2023-09-01,42.55,44.0,42.53,43.13,924832.0
142,2023-09-05,42.62,44.75,42.62,44.11,823441.0
143,2023-09-06,43.9,44.6,43.22,43.7,877471.0
144,2023-09-07,43.21,43.21,41.66,42.31,1052143.0
145,2023-09-08,42.69,42.88,41.44,42.61,762476.0
146,2023-09-11,43.46,43.46,42.25,42.74,955574.0
147,2023-09-12,42.41,43.94,42.05,43.67,1240375.0
148,2023-09-13,43.67,44.66,40.4,41.24,1272967.0
149,2023-09-14,41.77,43.21,41.77,43.15,1109053.0
150,2023-09-15,43.09,43.59,42.12,42.88,2470356.0
151,2023-09-18,42.19,42.46,40.8,41.52,1311075.0
152,2023-09-19,41.57,42.74,41.4,41.6,885323.0
153,2023-09-20,42.0,43.3,41.87,42.23,648802.0
154,2023-09-21,41.31,41.59,40.49,41.1,619785.0
155,2023-09-22,42.8,42.8,40.73,40.81,511241.0
156,2023-09-25,40.56,41.51,40.3,41.07,668611.0
157,2023-09-26,40.87,41.55,40.46,40.72,1040453.0
158,2023-09-27,40.95,41.55,40.26,40.3,859709.0
159,2023-09-28,40.61,40.76,38.9,39.5,1891449.0
160,2023-09-29,40.16,41.63,39.44,40.16,1581231.0
161,2023-10-02,41.42,41.74,38.66,39.03,1287058.0
162,2023-10-03,37.74,38.62,35.5,36.17,2370925.0
163,2023-10-04,36.19,37.27,34.77,35.67,2589309.0
164,2023-10-05,35.19,35.22,32.14,33.05,2884570.0
165,2023-10-06,32.51,35.02,32.18,33.98,2429462.0
166,2023-10-09,33.76,34.61,33.37,34.12,1371213.0
167,2023-10-10,34.2,38.28,33.8,37.11,2419888.0
168,2023-10-11,37.56,37.99,36.92,37.05,1790002.0
169,2023-10-12,37.1,38.0,35.3,36.01,2063643.0
170,2023-10-13,36.16,36.74,34.7,35.11,1516166.0
171,2023-10-16,35.82,35.92,32.93,33.99,2667960.0
172,2023-10-17,33.64,35.26,33.55,35.05,1598694.0
173,2023-10-18,34.45,34.89,33.81,34.42,1081219.0
174,2023-10-19,34.61,35.505,34.18,34.48,1714855.0
175,2023-10-20,33.61,34.72,32.19,34.08,5741500.0
176,2023-10-23,33.73,36.49,33.65,36.11,2012641.0
177,2023-10-24,36.86,38.03,36.32,37.42,2017661.0
178,2023-10-25,36.75,37.55,36.0,37.06,3692108.0
179,2023-10-26,40.54,40.815,36.02,36.4,5407490.0
180,2023-10-27,36.6,36.985,33.88,34.63,3712398.0
181,2023-10-30,34.82,35.37,32.61,33.96,2619689.0
182,2023-10-31,34.07,34.8,33.455,34.76,1961247.0
183,2023-11-01,34.43,34.775,33.03,33.7,2631842.0
184,2023-11-02,34.48,36.57,33.76,36.49,2279365.0
185,2023-11-03,37.16,38.54,36.7137,37.19,1845418.0
186,2023-11-06,37.25,37.89,36.4,37.15,1370748.0
187,2023-11-07,37.27,38.61,36.6859,37.96,2183851.0
188,2023-11-08,37.3,37.31,34.03,35.48,2578340.0
189,2023-11-09,35.68,35.9,33.64,33.98,1574055.0
190,2023-11-10,33.77,35.32,33.171,34.49,1466549.0
191,2023-11-13,34.49,35.46,33.855,34.37,1365032.0
192,2023-11-14,35.89,38.55,35.43,38.47,1552411.0
193,2023-11-15,38.4,40.66,38.31,38.49,1642031.0
194,2023-11-16,38.22,39.07,37.84,38.21,1521850.0
195,2023-11-17,38.44,38.82,37.22,38.71,865944.0
196,2023-11-20,39.27,40.25,38.84,39.69,976483.0
197,2023-11-21,39.7,40.33,38.96,39.23,1198122.0
198,2023-11-22,39.17,39.97,38.94,39.55,593106.0
199,2023-11-24,39.02,39.56,38.64,38.7,301480.0
200,2023-11-27,38.27,38.93,37.89,38.53,688943.0
201,2023-11-28,38.37,39.84,37.735,39.8,1126348.0
202,2023-11-29,40.93,41.3,39.6,39.74,1450119.0
203,2023-11-30,39.58,40.8,39.27,40.64,1853811.0
204,2023-12-01,40.64,42.79,40.075,42.61,1476169.0
205,2023-12-04,42.11,43.16,42.09,42.8,1601755.0
206,2023-12-05,42.64,42.96,41.94,42.03,1345901.0
207,2023-12-06,42.35,42.695,39.54,39.57,1363674.0
208,2023-12-07,39.58,40.415,38.92,39.38,1049781.0
209,2023-12-08,39.35,39.93,38.25,39.92,1609944.0
210,2023-12-11,41.83,41.83,40.22,40.98,1961194.0
211,2023-12-12,41.04,41.96,39.72,41.88,1563471.0
212,2023-12-13,41.46,43.36,40.85,43.18,3046555.0
213,2023-12-14,44.45,47.59,43.69,46.7,4233993.0
214,2023-12-15,47.22,48.27,46.36,47.87,2344123.0
215,2023-12-18,47.81,48.75,47.1,47.46,1334020.0
216,2023-12-19,47.5,47.63,44.334,45.31,4614922.0
217,2023-12-20,45.16,46.28,44.25,45.17,2991562.0
218,2023-12-21,46.13,49.51,45.53,49.38,4195027.0
219,2023-12-22,49.82,49.82,48.5287,49.25,1424390.0
220,2023-12-26,49.15,49.68,48.287,48.78,1223579.0
221,2023-12-27,49.21,49.36,48.2,48.7,1019084.0
222,2023-12-28,48.62,49.2,47.19,47.45,1640741.0
223,2023-12-29,47.45,47.51,46.2,46.85,2225703.0
224,2024-01-02,46.43,49.7294,45.79,47.42,4274470.0
225,2024-01-03,46.21,48.01,45.38,46.41,11285107.0
226,2024-01-04,46.39,46.39,41.93,42.12,9286879.0
227,2024-01-05,41.85,43.4,40.9,41.99,23135143.0
228,2024-01-08,42.1,43.27,41.0,41.38,9547520.0
229,2024-01-09,40.99,43.73,40.11,42.04,7504190.0
230,2024-01-10,41.72,42.43,41.12,42.12,4806134.0
231,2024-01-11,41.51,42.315,40.57,41.22,4567786.0
232,2024-01-12,41.59,42.53,41.465,42.12,2920945.0
233,2024-01-16,42.94,43.68,40.87,41.19,4143517.0
234,2024-01-17,40.05,42.26,39.75,41.89,4040791.0
235,2024-01-18,42.01,43.78,41.605,42.93,3592021.0
236,2024-01-19,43.19,44.37,42.68,43.53,6422182.0
237,2024-01-22,43.53,46.05,43.53,45.41,4047863.0
238,2024-01-23,46.6,47.625,45.732,45.84,4219884.0
239,2024-01-24,47.16,47.32,44.035,44.27,3225362.0
240,2024-01-25,44.35,44.53,43.15,43.69,2507572.0
241,2024-01-26,44.01,44.66,43.37,43.54,1691119.0
242,2024-01-29,43.31,45.06,43.08,45.03,2597485.0
243,2024-01-30,44.25,45.46,43.8,45.26,2753151.0
244,2024-01-31,45.8,46.47,44.62,45.27,5258733.0
245,2024-02-01,51.93,56.66,51.64,56.5,20649594.0
246,2024-02-02,55.82,58.29,54.17,57.99,6072586.0
247,2024-02-05,56.6,57.16,55.25,56.16,7463032.0
248,2024-02-06,55.95,56.2515,53.85,55.76,3884967.0
249,2024-02-07,57.0,57.18,54.71,55.42,3630168.0
250,2024-02-08,56.14,57.84,55.4566,57.12,4434271.0
251,2024-02-09,57.51,59.07,57.22,58.07,2021427.0
252,2024-02-12,58.25,58.98,57.53,58.6,2825530.0
253,2024-02-13,57.59,58.72,56.23,57.64,3745812.0
254,2024-02-14,59.1,61.4146,58.644,60.89,3451403.0
255,2024-02-15,61.28,61.45,59.28,60.55,3480203.0
256,2024-02-16,59.8,61.105,59.57,60.31,2080528.0
