,date,open,high,low,close,volume
0,2023-11-08,5.25,5.3963,3.95,5.29,106012.0
1,2023-11-09,4.43,5.09,4.11,4.49,45138.0
2,2023-11-10,4.3,6.47,4.25,4.57,107541.0
3,2023-11-13,4.4,4.6,4.1,4.21,38623.0
4,2023-11-14,4.21,4.66,3.8,4.2,23022.0
5,2023-11-15,4.5,4.5211,3.76,4.16,28297.0
6,2023-11-16,3.75,4.45,3.71,4.45,10539.0
7,2023-11-17,4.12,4.9999,4.12,4.88,39030.0
8,2023-11-20,4.49,4.9999,4.448,4.74,22639.0
9,2023-11-21,4.25,4.7,3.629,4.25,25985.0
10,2023-11-22,3.91,4.46,3.81,4.1,6266.0
11,2023-11-24,3.81,4.39,3.81,4.06,6727.0
12,2023-11-27,3.71,4.05,3.6,3.79,10852.0
13,2023-11-28,3.49,3.74,3.4,3.65,10499.0
14,2023-11-29,3.65,3.73,3.54,3.54,3865.0
15,2023-11-30,3.5,4.27,3.5,4.26,10287.0
16,2023-12-01,4.39,4.43,3.31,4.14,48291.0
17,2023-12-04,4.0,4.0,3.0193,3.27,18374.0
18,2023-12-05,3.17,3.17,1.67,1.865,143677.0
19,2023-12-06,1.86,1.955,1.68,1.68,40674.0
20,2023-12-07,1.67,1.82,1.34,1.36,77772.0
21,2023-12-08,1.38,1.44,1.19,1.19,30878.0
22,2023-12-11,1.18,1.2559,1.0,1.1,79502.0
23,2023-12-12,1.19,1.2599,0.9,1.0213,73969.0
24,2023-12-13,1.0,1.0399,0.7863,0.8501,77713.0
25,2023-12-14,0.96,0.97,0.85,0.9251,97200.0
26,2023-12-15,0.9475,0.97,0.8501,0.92,46886.0
27,2023-12-18,0.8417,0.962,0.8051,0.8249,80409.0
28,2023-12-19,0.75,0.91,0.75,0.8697,84662.0
29,2023-12-20,0.862,0.862,0.761,0.8,46898.0
30,2023-12-21,0.771,1.52,0.76,1.15,2195819.0
31,2023-12-22,1.16,1.44,0.9351,1.02,849659.0
32,2023-12-26,1.01,1.0201,0.9,0.91,104695.0
33,2023-12-27,0.93,0.93,0.68,0.86,178052.0
34,2023-12-28,0.85,0.85,0.7102,0.78,121150.0
35,2023-12-29,0.7451,0.9,0.7451,0.81,70109.0
36,2024-01-02,0.7853,0.7853,0.7291,0.741,30493.0
37,2024-01-03,0.777,1.04,0.777,0.7946,546354.0
38,2024-01-04,0.7708,0.8371,0.75,0.7543,93315.0
39,2024-01-05,0.779,0.7924,0.7511,0.7536,49061.0
40,2024-01-08,0.7755,0.78,0.7603,0.7631,19498.0
41,2024-01-09,0.751,0.7824,0.7501,0.7522,17320.0
42,2024-01-10,0.7648,0.8496,0.7505,0.7811,106371.0
43,2024-01-11,0.8099,0.8099,0.716,0.73,90157.0
44,2024-01-12,0.85,0.85,0.73,0.76,104697.0
45,2024-01-16,0.77,0.79,0.651,0.6744,76079.0
46,2024-01-17,0.6505,0.6505,0.555,0.589,43873.0
47,2024-01-18,0.58,0.58,0.5116,0.5301,44659.0
48,2024-01-19,0.48,0.5113,0.42,0.43,120316.0
49,2024-01-22,0.45,0.5,0.4302,0.441,51762.0
50,2024-01-23,0.49,0.53,0.4655,0.53,79336.0
51,2024-01-24,0.5373,0.598,0.5,0.598,83448.0
52,2024-01-25,0.5543,0.599,0.5,0.5689,537447.0
53,2024-01-26,0.5518,0.599,0.5011,0.5108,96171.0
54,2024-01-29,1.23,1.65,0.9822,1.37,77679753.0
55,2024-01-30,1.07,2.1,0.98,1.5,15210777.0
56,2024-01-31,1.62,2.13,1.46,1.89,14093913.0
57,2024-02-01,1.64,1.95,1.5,1.67,4500538.0
58,2024-02-02,1.7,1.7267,1.14,1.2,1165151.0
59,2024-02-05,1.23,1.47,1.12,1.21,709129.0
60,2024-02-06,1.18,1.289,1.14,1.26,324421.0
61,2024-02-07,1.19,1.2484,1.1,1.17,332758.0
62,2024-02-08,1.14,1.16,1.02,1.09,175846.0
