,date,open,high,low,close,volume
0,2019-11-05,29.37,29.44,28.47,29.03,8054269.0
1,2019-11-06,29.02,29.43,28.84,29.15,6111290.0
2,2019-11-07,28.8,28.86,28.0,28.26,4003528.0
3,2019-11-08,28.21,28.45,28.0,28.31,4242895.0
4,2019-11-11,28.21,28.49,28.03,28.03,2811787.0
5,2019-11-12,28.02,28.57,27.85,27.87,4136480.0
6,2019-11-13,28.1,28.73,28.01,28.53,3456729.0
7,2019-11-14,28.77,28.77,28.38,28.61,2730574.0
8,2019-11-15,28.58,29.17,28.44,29.07,9046516.0
9,2019-11-18,29.03,29.66,29.02,29.37,3729014.0
10,2019-11-19,29.43,29.78,29.21,29.62,3362416.0
11,2019-11-20,29.57,29.98,29.29,29.71,3701761.0
12,2019-11-21,29.56,29.61,28.96,28.96,3303128.0
13,2019-11-22,29.09,29.28,28.75,29.02,3242586.0
14,2019-11-25,28.92,29.41,28.89,29.03,3931533.0
15,2019-11-26,29.02,29.53,29.0,29.48,16068068.0
16,2019-11-27,29.48,29.75,29.32,29.72,2539791.0
17,2019-11-29,29.72,29.99,29.5,29.5,1965468.0
18,2019-12-02,29.41,29.5,28.38,28.45,4307410.0
19,2019-12-03,28.51,29.21,28.51,29.0,3158321.0
20,2019-12-04,28.79,29.14,28.73,29.01,3668208.0
21,2019-12-05,28.87,29.16,28.74,29.15,2757062.0
22,2019-12-06,29.1,29.29,28.9,28.96,2544500.0
23,2019-12-09,28.98,29.06,28.77,28.81,2396811.0
24,2019-12-10,28.85,28.85,28.24,28.27,2981197.0
25,2019-12-11,28.26,28.39,27.4,27.81,3491974.0
26,2019-12-12,27.74,27.91,26.85,26.93,3528324.0
27,2019-12-13,26.84,27.14,26.52,26.87,6464248.0
28,2019-12-16,26.9,27.12,26.48,27.05,3635761.0
29,2019-12-17,27.12,27.16,26.55,26.65,5567427.0
30,2019-12-18,26.6,27.14,26.6,27.05,3055703.0
31,2019-12-19,26.99,27.54,26.94,27.51,3288193.0
32,2019-12-20,27.89,28.44,27.74,28.28,8146780.0
33,2019-12-23,28.33,28.49,27.96,28.04,2104888.0
34,2019-12-24,27.96,28.27,27.93,28.12,431349.0
35,2019-12-26,28.12,28.35,28.06,28.32,3316026.0
36,2019-12-27,28.58,28.63,28.36,28.61,1274179.0
37,2019-12-30,28.46,28.73,28.44,28.68,1733826.0
38,2019-12-31,28.78,29.1,28.71,29.09,2155104.0
39,2020-01-02,29.22,29.26,28.08,28.3,5490160.0
40,2020-01-03,28.32,28.99,28.29,28.95,2996225.0
41,2020-01-06,28.98,29.39,28.79,29.27,2688373.0
42,2020-01-07,29.17,29.23,28.65,29.05,1808201.0
43,2020-01-08,29.08,29.29,28.9,29.11,2651196.0
44,2020-01-09,29.08,29.4,28.83,29.3,2591252.0
45,2020-01-10,29.41,29.58,29.22,29.55,2644016.0
46,2020-01-13,29.49,29.99,29.38,29.95,2524863.0
47,2020-01-14,29.9,29.96,29.54,29.82,1755052.0
48,2020-01-15,29.96,30.46,29.93,30.21,4647748.0
49,2020-01-16,30.28,31.06,30.28,31.05,2520197.0
50,2020-01-17,30.98,31.12,30.71,30.87,4382656.0
51,2020-01-21,31.0,31.41,30.83,31.39,3294435.0
52,2020-01-22,31.42,31.5,30.87,31.13,4302790.0
53,2020-01-23,31.17,31.68,30.95,31.65,2437194.0
54,2020-01-24,31.7,31.79,31.44,31.62,2814874.0
55,2020-01-27,31.6,31.96,31.36,31.42,3724618.0
56,2020-01-28,31.42,31.68,31.33,31.33,3085207.0
57,2020-01-29,31.48,31.56,31.18,31.28,3894237.0
58,2020-01-30,31.24,31.37,30.91,31.13,2773798.0
59,2020-01-31,31.1,31.28,30.56,30.61,4319629.0
60,2020-02-03,30.73,31.06,30.55,30.73,3687944.0
61,2020-02-04,30.87,31.44,30.73,31.07,2351991.0
62,2020-02-05,30.96,31.12,30.61,30.91,2175668.0
63,2020-02-06,31.01,31.3,30.94,30.94,1910439.0
64,2020-02-07,31.11,31.14,30.89,30.93,1889320.0
65,2020-02-10,31.23,31.54,31.04,31.52,2507372.0
66,2020-02-11,31.5,31.72,31.18,31.21,2307674.0
67,2020-02-12,31.3,31.82,30.84,31.37,3241958.0
68,2020-02-13,31.29,32.11,31.29,31.9,3103173.0
69,2020-02-14,31.92,32.36,31.79,32.3,2414989.0
70,2020-02-18,32.32,32.33,32.03,32.32,2430475.0
71,2020-02-19,32.15,32.27,31.54,31.81,1892465.0
72,2020-02-20,31.91,32.33,31.71,32.28,2687313.0
73,2020-02-21,32.34,32.63,32.05,32.14,8038120.0
74,2020-02-24,32.01,32.57,31.93,32.09,4212769.0
75,2020-02-25,32.16,32.26,30.58,30.65,4328578.0
76,2020-02-26,30.56,31.11,29.94,29.94,4923869.0
77,2020-02-27,29.51,29.96,27.76,27.76,4829626.0
78,2020-02-28,27.19,27.25,25.5,26.63,7435343.0
79,2020-03-02,26.86,27.84,26.32,27.82,5655349.0
80,2020-03-03,27.86,29.29,27.58,28.22,5994606.0
81,2020-03-04,28.92,29.74,28.75,29.56,3942611.0
82,2020-03-05,28.9,29.74,28.76,29.61,4531561.0
83,2020-03-06,28.82,28.99,27.39,28.71,4678254.0
84,2020-03-09,27.07,27.16,25.89,26.23,6026050.0
85,2020-03-10,26.93,27.11,24.91,27.09,7945531.0
86,2020-03-11,26.34,26.38,23.96,24.03,8169137.0
87,2020-03-12,22.05,22.05,18.22,20.11,9149823.0
88,2020-03-13,21.83,23.92,19.21,23.85,9763609.0
89,2020-03-16,21.26,21.26,17.26,17.26,5973290.0
90,2020-03-17,17.64,19.21,15.03,18.31,7446183.0
91,2020-03-18,16.45,17.65,13.62,15.84,4720156.0
92,2020-03-19,15.64,17.8,14.7,15.07,6864604.0
93,2020-03-20,15.54,18.21,15.13,15.95,9258964.0
94,2020-03-23,15.57,16.65,14.45,14.94,5503052.0
95,2020-03-24,15.53,17.33,14.82,16.15,7531707.0
96,2020-03-25,16.02,18.05,15.4,16.89,8591061.0
97,2020-03-26,17.25,19.37,16.47,19.31,5489035.0
98,2020-03-27,18.49,20.98,17.71,20.02,6464811.0
99,2020-03-30,20.29,20.29,18.01,19.34,4645314.0
100,2020-03-31,19.0,19.49,17.87,18.84,6739469.0
101,2020-04-01,17.12,17.43,15.5,16.28,4385444.0
102,2020-04-02,16.01,16.64,14.89,15.4,4217632.0
103,2020-04-03,14.73,15.75,14.66,15.28,3686490.0
104,2020-04-06,16.57,18.31,16.17,18.11,4509799.0
105,2020-04-07,19.29,20.28,18.71,18.89,3924596.0
106,2020-04-08,19.36,22.01,18.65,21.67,4831684.0
107,2020-04-09,22.54,23.61,22.32,23.34,6512224.0
108,2020-04-13,22.85,23.29,21.72,21.84,4569809.0
109,2020-04-14,22.54,22.93,22.07,22.33,4657006.0
110,2020-04-15,20.58,21.28,19.86,20.49,4587397.0
111,2020-04-16,20.7,20.94,19.59,19.73,3950064.0
112,2020-04-17,20.47,21.34,20.19,21.25,3721688.0
113,2020-04-20,20.84,21.02,20.23,20.38,3040199.0
114,2020-04-21,19.24,20.08,19.04,19.48,5603850.0
115,2020-04-22,19.63,20.14,19.49,19.87,3012039.0
116,2020-04-23,19.6,20.21,19.26,19.31,4084800.0
117,2020-04-24,19.31,19.73,19.08,19.22,3914438.0
118,2020-04-27,19.45,20.45,19.34,20.31,2214576.0
119,2020-04-28,21.24,21.81,20.95,21.5,3965765.0
120,2020-04-29,21.8,22.75,21.59,22.3,6025704.0
121,2020-04-30,21.79,21.79,20.74,21.13,5136921.0
122,2020-05-01,20.56,20.69,19.83,20.14,3793362.0
123,2020-05-04,19.4,20.16,19.24,20.12,2918110.0
124,2020-05-05,20.1,20.62,20.07,20.19,4555587.0
125,2020-05-06,20.11,20.25,18.87,19.02,4678516.0
126,2020-05-07,19.4,20.29,18.62,18.81,5660800.0
127,2020-05-08,19.05,19.79,18.74,19.61,2662935.0
128,2020-05-11,19.27,19.76,18.76,19.1,2471425.0
129,2020-05-12,19.07,19.34,17.28,17.3,3841569.0
130,2020-05-13,17.21,17.44,16.75,16.91,3934227.0
131,2020-05-14,16.55,17.66,15.92,17.59,4916370.0
132,2020-05-15,17.46,17.81,16.88,17.3,4913993.0
133,2020-05-18,18.32,19.74,17.88,19.42,5206092.0
134,2020-05-19,19.21,19.76,18.97,19.43,5176726.0
135,2020-05-20,19.27,19.5,18.93,19.3,4874615.0
136,2020-05-21,19.23,19.76,19.04,19.58,4238715.0
137,2020-05-22,19.63,20.0,19.48,19.91,4307803.0
138,2020-05-26,21.36,21.36,20.42,20.9,3518650.0
139,2020-05-27,21.61,21.79,20.52,21.09,5209214.0
140,2020-05-28,21.36,21.36,20.58,20.95,4143375.0
141,2020-05-29,20.55,20.56,19.71,20.0,21765927.0
142,2020-06-01,20.03,21.03,19.89,20.88,7466229.0
143,2020-06-02,21.42,21.78,20.94,21.44,4471296.0
144,2020-06-03,21.86,23.11,21.45,22.96,4577556.0
145,2020-06-04,22.75,23.41,22.33,23.14,4782467.0
146,2020-06-05,24.49,24.97,23.76,24.71,8262016.0
147,2020-06-08,25.2,25.87,24.8,25.18,4089238.0
148,2020-06-09,24.34,24.9,23.96,24.62,2914428.0
149,2020-06-10,24.36,24.41,23.27,23.52,5108827.0
150,2020-06-11,21.9,22.63,21.47,21.6,5280375.0
151,2020-06-12,22.86,22.98,21.78,22.84,4620643.0
152,2020-06-15,21.83,23.62,21.74,23.52,4838622.0
153,2020-06-16,24.86,25.07,23.7,23.91,4669739.0
154,2020-06-17,24.16,24.3,23.27,23.33,3337701.0
155,2020-06-18,22.88,23.66,22.79,23.36,2969035.0
156,2020-06-19,23.88,23.88,21.68,21.68,18288740.0
157,2020-06-22,21.61,22.26,21.23,22.23,5048909.0
158,2020-06-23,22.5,22.5,22.12,22.33,5037652.0
159,2020-06-24,21.83,21.85,20.49,21.35,3754548.0
160,2020-06-25,21.1,21.98,20.9,21.95,3637519.0
161,2020-06-26,21.91,22.1,21.3,21.85,4784317.0
162,2020-06-29,22.14,22.57,21.7,22.54,4466166.0
163,2020-06-30,22.57,23.13,22.3,22.92,4826609.0
164,2020-07-01,22.86,24.25,22.64,24.18,5044048.0
165,2020-07-02,24.47,24.82,23.72,23.83,3439022.0
166,2020-07-06,24.53,24.58,23.03,23.05,3250887.0
167,2020-07-07,22.63,22.86,22.36,22.41,3290305.0
168,2020-07-08,22.36,22.44,21.84,22.21,4643953.0
169,2020-07-09,22.01,22.32,21.51,22.22,4368709.0
170,2020-07-10,22.18,22.5,21.64,22.02,4376167.0
171,2020-07-13,22.02,22.25,21.54,21.69,3235678.0
172,2020-07-14,21.77,21.98,21.36,21.54,3347298.0
173,2020-07-15,22.06,22.22,21.58,22.21,3894697.0
174,2020-07-16,22.07,22.25,21.59,21.6,2242300.0
175,2020-07-17,21.93,22.6,21.63,22.47,4183918.0
176,2020-07-20,22.46,22.46,20.98,21.05,3873870.0
177,2020-07-21,21.25,21.49,21.15,21.23,3067052.0
178,2020-07-22,21.09,22.28,20.92,22.17,3038653.0
179,2020-07-23,22.01,22.27,21.59,21.94,2664167.0
180,2020-07-24,21.96,22.14,21.54,21.6,2203206.0
181,2020-07-27,21.56,21.84,21.0,21.82,4333461.0
182,2020-07-28,21.85,22.85,21.76,22.69,2672878.0
183,2020-07-29,22.91,23.27,22.79,23.26,2498950.0
184,2020-07-30,22.79,23.41,22.6,23.14,2957549.0
185,2020-07-31,23.03,23.03,22.03,22.65,5234199.0
186,2020-08-03,22.37,22.43,21.75,22.25,3465341.0
187,2020-08-04,22.15,22.82,21.91,22.67,4860518.0
188,2020-08-05,22.67,23.15,22.18,22.54,4399503.0
189,2020-08-06,22.44,23.56,22.36,23.41,3727742.0
190,2020-08-07,23.25,24.06,23.25,23.97,2984111.0
191,2020-08-10,24.11,24.68,23.8,24.39,2336245.0
192,2020-08-11,24.68,24.84,23.5,23.58,2578905.0
193,2020-08-12,23.67,24.04,23.46,24.0,1919114.0
194,2020-08-13,23.95,24.21,23.11,23.16,2976361.0
195,2020-08-14,23.11,23.34,22.69,22.74,4753254.0
196,2020-08-17,22.89,23.31,22.59,23.23,2752323.0
197,2020-08-18,23.12,23.57,22.92,23.41,3885067.0
198,2020-08-19,23.43,23.47,22.61,22.72,5924108.0
199,2020-08-20,22.63,23.36,22.42,23.14,2929899.0
200,2020-08-21,23.33,23.45,22.7,23.18,2610959.0
201,2020-08-24,22.9,23.72,22.73,23.67,2831985.0
202,2020-08-25,23.51,23.71,22.99,23.45,2697807.0
203,2020-08-26,23.33,23.59,22.89,23.03,2406847.0
204,2020-08-27,23.28,23.81,23.23,23.78,2081299.0
205,2020-08-28,23.74,24.22,23.25,24.19,2429480.0
206,2020-08-31,24.18,24.18,23.31,23.37,5507044.0
207,2020-09-01,23.09,23.39,22.83,23.19,2660490.0
208,2020-09-02,23.61,24.3,23.21,24.29,3846531.0
209,2020-09-03,24.37,25.15,23.95,24.14,4530690.0
210,2020-09-04,24.21,24.48,23.58,24.08,3619622.0
211,2020-09-08,23.86,23.9,23.32,23.48,5278474.0
212,2020-09-09,23.72,24.11,23.33,23.83,2757601.0
213,2020-09-10,23.68,24.05,23.55,23.66,2717602.0
214,2020-09-11,23.85,23.85,23.12,23.62,2029414.0
215,2020-09-14,23.95,24.69,23.77,24.49,2168740.0
216,2020-09-15,24.44,25.03,24.3,24.52,2286459.0
217,2020-09-16,24.77,24.82,24.37,24.41,4169772.0
218,2020-09-17,24.1,24.53,23.63,23.83,3256195.0
219,2020-09-18,23.4,23.61,22.29,22.33,6861134.0
220,2020-09-21,22.1,22.65,21.78,22.02,6233886.0
221,2020-09-22,22.06,22.63,21.95,22.33,5138261.0
222,2020-09-23,22.15,22.44,21.27,21.31,3053490.0
223,2020-09-24,21.36,22.0,21.25,21.71,3593114.0
224,2020-09-25,21.64,22.49,21.48,22.46,2185353.0
225,2020-09-28,23.23,23.33,22.75,23.06,2306048.0
226,2020-09-29,22.88,23.0,22.44,22.78,2415355.0
227,2020-09-30,23.01,23.33,22.49,22.88,4717544.0
228,2020-10-01,22.93,23.8,22.85,23.77,2717063.0
229,2020-10-02,23.24,24.41,23.02,24.23,4076786.0
230,2020-10-05,24.32,24.5,23.51,24.01,3901442.0
231,2020-10-06,24.16,24.55,23.81,23.98,4040854.0
232,2020-10-07,24.05,24.27,23.69,24.07,3269188.0
233,2020-10-08,24.09,24.78,24.01,24.77,3764505.0
234,2020-10-09,25.03,25.03,24.3,24.36,2258732.0
235,2020-10-12,24.31,24.45,23.93,24.24,2309836.0
236,2020-10-13,24.04,24.12,23.18,23.6,1962467.0
237,2020-10-14,23.42,23.63,23.17,23.24,1742175.0
238,2020-10-15,23.09,23.87,23.04,23.35,2362826.0
239,2020-10-16,22.87,23.22,22.55,22.76,3464665.0
240,2020-10-19,22.99,23.08,22.05,22.27,4397227.0
241,2020-10-20,22.56,22.95,22.38,22.82,3025767.0
242,2020-10-21,22.77,23.27,22.51,23.14,3579319.0
243,2020-10-22,23.12,24.3,23.07,24.2,3721117.0
244,2020-10-23,24.34,24.72,24.34,24.5,3579287.0
245,2020-10-26,24.33,24.47,23.45,23.67,3762163.0
246,2020-10-27,23.71,23.97,23.08,23.08,3740270.0
247,2020-10-28,22.55,22.96,22.2,22.31,6216743.0
248,2020-10-29,22.23,23.4,22.14,23.25,4195874.0
249,2020-10-30,23.12,23.31,22.24,22.7,4627202.0
250,2020-11-02,23.05,23.98,22.91,23.98,5672229.0
251,2020-11-03,23.98,24.44,23.18,24.26,7188435.0
252,2020-11-04,24.28,24.65,23.88,24.25,5318619.0
253,2020-11-05,24.52,24.55,23.93,24.39,4298003.0
254,2020-11-06,24.46,24.62,23.66,23.81,4018094.0
255,2020-11-09,26.18,28.85,24.77,24.84,8114035.0
256,2020-11-10,25.1,25.84,24.82,25.46,5791212.0
257,2020-11-11,25.58,25.58,24.69,25.18,3549349.0
258,2020-11-12,25.09,25.09,24.19,24.68,2936796.0
259,2020-11-13,24.89,25.85,24.84,25.81,4638537.0
260,2020-11-16,26.7,27.06,26.15,26.83,4666284.0
261,2020-11-17,26.53,27.12,26.15,26.91,5165019.0
262,2020-11-18,26.92,27.42,26.44,26.45,3959675.0
263,2020-11-19,26.26,26.73,26.0,26.7,3510927.0
264,2020-11-20,26.78,26.78,26.09,26.67,5723101.0
265,2020-11-23,26.7,27.05,26.49,26.61,2682000.0
266,2020-11-24,27.1,27.61,26.83,26.87,3293447.0
267,2020-11-25,26.74,26.91,26.24,26.61,3905459.0
268,2020-11-27,26.67,26.77,25.92,25.98,2089249.0
269,2020-11-30,25.88,26.03,24.89,24.96,7254563.0
270,2020-12-01,25.35,25.84,25.34,25.76,4040129.0
271,2020-12-02,25.58,25.77,25.26,25.6,3195188.0
272,2020-12-03,25.6,26.4,25.52,26.17,3445920.0
273,2020-12-04,26.36,26.79,26.06,26.69,3376090.0
274,2020-12-07,26.64,27.23,26.53,26.84,2883388.0
275,2020-12-08,26.79,27.24,26.79,26.98,3302774.0
276,2020-12-09,27.01,27.01,26.25,26.59,4813211.0
277,2020-12-10,26.22,26.56,25.55,25.64,5650891.0
278,2020-12-11,25.37,25.85,25.22,25.43,4408401.0
279,2020-12-14,25.32,25.64,24.95,24.98,3270627.0
280,2020-12-15,25.3,26.05,25.06,26.05,2893363.0
281,2020-12-16,26.1,26.54,25.92,26.48,4308806.0
282,2020-12-17,26.73,26.73,26.02,26.59,3611266.0
283,2020-12-18,26.65,26.7,25.62,25.93,6631930.0
284,2020-12-21,25.4,25.73,25.1,25.48,3172046.0
285,2020-12-22,25.56,25.84,25.37,25.77,2492812.0
286,2020-12-23,25.9,26.09,25.59,25.62,2798226.0
287,2020-12-24,25.67,25.93,25.45,25.86,497979.0
288,2020-12-28,25.92,26.03,25.65,26.02,1458030.0
289,2020-12-29,26.14,26.24,25.67,25.86,1643251.0
290,2020-12-30,25.95,26.37,25.8,25.96,1639640.0
291,2020-12-31,25.96,26.37,25.59,26.33,1754066.0
292,2021-01-04,26.27,26.42,24.98,24.99,3498390.0
293,2021-01-05,25.11,25.44,25.03,25.19,2522116.0
294,2021-01-06,25.3,25.51,24.95,25.3,4370529.0
295,2021-01-07,25.09,25.16,24.26,24.52,4670184.0
296,2021-01-08,24.61,24.71,24.28,24.69,2600509.0
297,2021-01-11,24.69,24.87,24.41,24.57,3582432.0
298,2021-01-12,24.46,24.79,24.25,24.71,3116949.0
299,2021-01-13,24.75,25.55,24.74,25.54,2144537.0
300,2021-01-14,25.61,26.21,25.44,25.95,3700613.0
301,2021-01-15,25.86,26.1,25.58,26.06,2729062.0
302,2021-01-19,26.05,26.09,25.06,25.25,3919352.0
303,2021-01-20,25.3,26.41,25.16,26.26,3568021.0
304,2021-01-21,26.0,26.08,25.66,26.03,2933006.0
305,2021-01-22,25.9,26.36,25.81,26.28,2603016.0
306,2021-01-25,26.24,26.96,26.05,26.49,3401997.0
307,2021-01-26,26.52,26.8,26.0,26.23,2240262.0
308,2021-01-27,25.99,26.3,25.15,25.27,3108069.0
309,2021-01-28,25.28,26.51,25.23,26.11,3633322.0
310,2021-01-29,25.96,26.35,25.25,25.75,3618203.0
311,2021-02-01,25.92,26.49,25.52,26.48,2470723.0
312,2021-02-02,26.66,27.05,26.38,26.44,2353886.0
313,2021-02-03,26.18,26.75,25.84,26.65,2649222.0
314,2021-02-04,26.75,27.28,26.53,26.79,4153838.0
315,2021-02-05,26.75,27.0,26.49,26.6,2739967.0
316,2021-02-08,26.65,26.72,26.26,26.36,2897724.0
317,2021-02-09,26.49,26.58,25.79,26.02,3743177.0
318,2021-02-10,26.22,27.17,26.1,26.74,5794183.0
319,2021-02-11,26.93,27.35,26.39,27.3,3555304.0
320,2021-02-12,27.16,27.34,26.83,27.04,2556001.0
321,2021-02-16,27.06,27.1,26.15,26.25,4469991.0
322,2021-02-17,26.25,26.6,25.93,26.4,2630205.0
323,2021-02-18,26.21,26.47,26.0,26.33,2970275.0
324,2021-02-19,26.45,26.57,26.15,26.18,4436956.0
325,2021-02-22,26.1,26.75,26.0,26.58,5387478.0
326,2021-02-23,26.87,27.17,26.53,27.12,3501586.0
327,2021-02-24,27.04,27.78,26.99,27.7,3676894.0
328,2021-02-25,27.62,27.77,26.01,26.18,3615155.0
329,2021-02-26,26.36,26.56,25.44,25.49,5326771.0
330,2021-03-01,25.87,26.39,25.66,25.98,5272906.0
331,2021-03-02,25.93,26.4,25.49,26.17,5302189.0
332,2021-03-03,26.17,26.23,25.54,25.66,3472969.0
333,2021-03-04,25.68,26.19,25.44,25.89,5499797.0
334,2021-03-05,25.99,26.32,25.26,26.21,3377660.0
335,2021-03-08,26.39,27.09,26.01,26.64,3288481.0
336,2021-03-09,26.74,27.27,26.61,26.63,2957290.0
337,2021-03-10,26.81,27.37,26.58,27.17,3165465.0
338,2021-03-11,27.19,27.91,27.1,27.53,4650486.0
339,2021-03-12,27.53,28.22,27.44,28.16,4961218.0
340,2021-03-15,28.27,28.75,27.96,28.47,5069294.0
341,2021-03-16,28.55,28.7,28.17,28.53,3157568.0
342,2021-03-17,28.27,29.06,28.1,28.89,4673021.0
343,2021-03-18,28.7,28.74,28.3,28.48,2807663.0
344,2021-03-19,28.5,28.84,28.22,28.33,5583383.0
345,2021-03-22,28.33,28.33,27.94,28.04,2647248.0
346,2021-03-23,28.05,28.26,27.82,28.14,4780482.0
347,2021-03-24,28.09,28.51,27.74,27.74,3162232.0
348,2021-03-25,27.71,28.04,27.01,27.87,3385264.0
349,2021-03-26,28.1,28.49,27.85,28.46,2718296.0
350,2021-03-29,28.4,28.44,27.67,28.12,2440458.0
351,2021-03-30,28.16,28.71,28.13,28.38,3174869.0
352,2021-03-31,28.28,28.63,28.0,28.14,4009750.0
353,2021-04-01,28.44,29.18,28.06,29.11,3129620.0
354,2021-04-05,29.14,29.15,28.4,28.68,3518822.0
355,2021-04-06,28.59,28.99,28.54,28.97,3683320.0
356,2021-04-07,29.05,29.22,28.85,29.03,4155175.0
357,2021-04-08,29.0,29.3,28.89,29.03,4138859.0
358,2021-04-09,29.12,29.15,28.72,28.79,3035953.0
359,2021-04-12,28.94,29.26,28.61,29.24,3034659.0
360,2021-04-13,29.22,29.47,29.03,29.44,2458890.0
361,2021-04-14,29.4,29.47,28.89,28.91,2091109.0
362,2021-04-15,29.04,29.57,28.92,29.55,1954311.0
363,2021-04-16,29.7,29.72,29.42,29.65,3653761.0
364,2021-04-19,29.74,29.79,29.4,29.75,2388746.0
365,2021-04-20,29.67,30.56,29.67,30.45,3483457.0
366,2021-04-21,30.51,30.84,30.25,30.72,2745280.0
367,2021-04-22,30.69,30.89,30.41,30.44,2097039.0
368,2021-04-23,30.55,30.59,30.25,30.39,1573903.0
369,2021-04-26,30.56,30.81,30.38,30.57,1790580.0
370,2021-04-27,30.59,30.6,30.29,30.32,1688442.0
371,2021-04-28,30.32,30.43,29.96,29.98,2680370.0
372,2021-04-29,30.22,30.66,30.1,30.27,2208974.0
373,2021-04-30,30.2,30.8,30.15,30.74,2900156.0
374,2021-05-03,30.88,30.98,30.43,30.55,3724685.0
375,2021-05-04,30.64,30.91,30.28,30.43,2677598.0
376,2021-05-05,30.29,30.29,29.29,29.49,2061409.0
377,2021-05-06,29.52,30.0,29.36,29.95,2863555.0
378,2021-05-07,29.93,30.25,29.83,30.22,2204626.0
379,2021-05-10,30.44,30.9,30.2,30.21,2769443.0
380,2021-05-11,29.94,30.07,29.23,29.53,2388036.0
381,2021-05-12,29.6,29.77,28.73,28.81,4211941.0
382,2021-05-13,28.84,29.6,28.74,29.27,4177943.0
383,2021-05-14,29.38,29.93,29.35,29.78,3427047.0
384,2021-05-17,30.14,30.22,29.75,30.02,2527389.0
385,2021-05-18,29.92,30.33,29.65,30.1,1810198.0
386,2021-05-19,29.8,29.96,29.32,29.95,1907131.0
387,2021-05-20,29.68,30.01,29.64,29.88,3484400.0
388,2021-05-21,29.87,30.1,29.44,29.64,2341236.0
389,2021-05-24,29.91,30.24,29.79,30.15,2751272.0
390,2021-05-25,30.09,30.39,29.88,30.25,2384519.0
391,2021-05-26,30.24,30.28,29.95,29.97,1967960.0
392,2021-05-27,30.1,30.1,29.6,29.64,6055842.0
393,2021-05-28,29.85,30.24,29.56,30.08,2217715.0
394,2021-06-01,30.21,30.8,30.04,30.77,2489130.0
395,2021-06-02,30.96,31.31,30.64,30.88,8707589.0
396,2021-06-03,30.89,30.91,30.47,30.56,5770635.0
397,2021-06-04,30.59,30.59,30.14,30.39,5742842.0
398,2021-06-07,30.59,31.01,30.47,30.79,6474889.0
399,2021-06-08,30.72,31.24,30.68,30.97,4006805.0
400,2021-06-09,31.19,31.52,31.06,31.31,2395287.0
401,2021-06-10,31.33,31.68,31.16,31.64,2078585.0
402,2021-06-11,31.65,31.74,31.31,31.48,3115695.0
403,2021-06-14,31.52,32.01,31.39,32.0,2200618.0
404,2021-06-15,31.98,31.98,31.44,31.47,2088020.0
405,2021-06-16,31.52,31.65,30.91,30.93,3791307.0
406,2021-06-17,30.88,31.06,30.62,30.85,2804971.0
407,2021-06-18,30.68,30.86,29.76,29.79,8374711.0
408,2021-06-21,29.98,30.7,29.81,30.54,2653171.0
409,2021-06-22,30.54,30.68,30.35,30.38,2845103.0
410,2021-06-23,30.27,30.68,30.15,30.54,3166706.0
411,2021-06-24,30.63,30.63,30.27,30.56,1819362.0
412,2021-06-25,30.5,30.7,30.42,30.69,2351700.0
413,2021-06-28,30.7,30.7,30.02,30.25,2055276.0
414,2021-06-29,30.23,30.47,30.16,30.38,2837433.0
415,2021-06-30,30.39,30.61,29.93,29.99,2480704.0
416,2021-07-01,30.03,30.41,29.76,30.01,2781924.0
417,2021-07-02,30.16,30.43,29.88,30.11,2755542.0
418,2021-07-06,30.03,30.81,29.75,30.67,4574278.0
419,2021-07-07,30.59,31.2,30.37,31.04,4532070.0
420,2021-07-08,30.86,31.11,30.63,30.88,3521486.0
421,2021-07-09,31.1,31.47,30.84,31.46,1930070.0
422,2021-07-12,31.36,31.79,31.12,31.69,2133053.0
423,2021-07-13,31.55,31.6,30.97,31.18,2288085.0
424,2021-07-14,31.18,31.87,31.09,31.67,2834882.0
425,2021-07-15,31.62,32.0,31.49,31.98,2252005.0
426,2021-07-16,32.2,32.49,32.11,32.26,3150475.0
427,2021-07-19,31.91,32.01,31.24,31.64,3956142.0
428,2021-07-20,31.92,32.86,31.68,32.7,3295810.0
429,2021-07-21,32.71,33.07,32.5,32.83,2733472.0
430,2021-07-22,32.71,32.82,32.41,32.76,2978471.0
431,2021-07-23,33.1,33.17,32.73,32.97,2743663.0
432,2021-07-26,32.87,33.16,32.64,33.09,3731342.0
433,2021-07-27,33.09,33.82,32.81,33.67,3141965.0
434,2021-07-28,33.66,33.77,33.37,33.54,2993060.0
435,2021-07-29,33.62,33.91,33.56,33.84,3489910.0
436,2021-07-30,33.96,34.39,33.56,33.67,4661191.0
437,2021-08-02,33.82,34.02,33.32,33.36,2794073.0
438,2021-08-03,33.48,33.51,33.06,33.44,2718928.0
439,2021-08-04,33.16,34.14,33.15,33.65,3129196.0
440,2021-08-05,33.81,34.07,33.56,34.06,4247662.0
441,2021-08-06,34.16,34.27,33.26,33.35,2748449.0
442,2021-08-09,33.22,33.41,33.02,33.14,3240758.0
443,2021-08-10,33.21,33.21,32.34,32.37,5098842.0
444,2021-08-11,32.53,32.67,32.17,32.23,3864320.0
445,2021-08-12,32.36,32.46,31.99,32.2,2082264.0
446,2021-08-13,32.39,32.89,32.27,32.83,2381172.0
447,2021-08-16,32.76,33.07,32.57,32.63,1880028.0
448,2021-08-17,32.42,32.68,32.15,32.68,1803931.0
449,2021-08-18,32.51,32.65,32.2,32.31,2152051.0
450,2021-08-19,32.1,32.6,31.81,32.15,3475298.0
451,2021-08-20,32.02,32.36,31.51,32.16,1986906.0
452,2021-08-23,32.24,32.36,31.76,31.94,1777440.0
453,2021-08-24,32.0,32.29,31.68,32.15,3823623.0
454,2021-08-25,32.05,32.61,31.9,32.23,2941939.0
455,2021-08-26,32.34,32.41,32.09,32.16,2545724.0
456,2021-08-27,32.31,32.8,32.21,32.5,2412438.0
457,2021-08-30,32.48,32.89,32.3,32.8,3071059.0
458,2021-08-31,32.75,33.08,32.56,33.0,4393695.0
459,2021-09-01,33.17,33.69,33.12,33.53,3360361.0
460,2021-09-02,33.66,33.69,33.3,33.62,2469244.0
461,2021-09-03,33.52,33.52,32.99,33.35,2768174.0
462,2021-09-07,33.19,33.19,32.44,32.77,4995736.0
463,2021-09-08,32.7,33.47,32.53,33.35,5172881.0
464,2021-09-09,33.17,33.33,32.59,32.61,2905935.0
465,2021-09-10,32.67,32.73,32.18,32.35,3368044.0
466,2021-09-13,32.67,32.88,32.45,32.48,2606088.0
467,2021-09-14,32.53,32.57,32.09,32.37,1743192.0
468,2021-09-15,32.29,32.52,32.11,32.27,2266101.0
469,2021-09-16,32.3,32.6,32.01,32.3,2331077.0
470,2021-09-17,31.97,32.19,31.73,31.84,5526529.0
471,2021-09-20,31.6,31.96,31.23,31.73,3086597.0
472,2021-09-21,31.98,32.09,31.43,31.45,2557498.0
473,2021-09-22,31.8,31.9,31.44,31.62,2311151.0
474,2021-09-23,31.65,31.8,31.47,31.5,2587906.0
475,2021-09-24,31.33,31.55,30.84,31.04,3075950.0
476,2021-09-27,31.08,31.51,30.6,30.62,2866423.0
477,2021-09-28,30.36,30.75,30.17,30.62,3011038.0
478,2021-09-29,30.71,31.2,30.69,31.01,2311445.0
479,2021-09-30,31.11,31.18,30.41,30.48,3065312.0
480,2021-10-01,30.73,31.13,30.51,30.89,2446804.0
481,2021-10-04,30.87,31.17,30.8,31.12,4448444.0
482,2021-10-05,31.07,31.07,30.29,30.55,3244148.0
483,2021-10-06,30.45,30.9,29.99,30.86,2583795.0
484,2021-10-07,31.05,31.3,30.75,30.78,1811084.0
485,2021-10-08,30.74,30.84,30.55,30.62,1716413.0
486,2021-10-11,30.58,30.92,30.34,30.77,1658813.0
487,2021-10-12,30.8,30.95,30.54,30.74,1953968.0
488,2021-10-13,30.71,31.05,30.51,30.99,3154638.0
489,2021-10-14,31.15,31.5,31.09,31.43,4544376.0
490,2021-10-15,31.66,31.89,31.52,31.64,5275732.0
491,2021-10-18,31.49,31.73,31.38,31.61,2709501.0
492,2021-10-19,31.82,31.85,31.36,31.44,2085299.0
493,2021-10-20,31.43,31.97,31.43,31.88,1621627.0
494,2021-10-21,31.97,31.97,31.63,31.78,1750341.0
495,2021-10-22,31.78,32.01,31.67,31.72,2453517.0
496,2021-10-25,31.74,31.78,31.22,31.44,2499756.0
497,2021-10-26,31.45,32.17,31.36,32.07,3371534.0
498,2021-10-27,32.25,33.05,32.12,32.66,3389520.0
499,2021-10-28,32.67,33.19,32.65,33.14,3311553.0
500,2021-10-29,33.02,33.06,32.32,32.51,3298249.0
501,2021-11-01,32.52,32.72,32.08,32.58,2597560.0
502,2021-11-02,32.82,32.93,31.74,32.38,3838441.0
503,2021-11-03,32.63,32.84,31.83,31.95,3998335.0
504,2021-11-04,31.92,32.16,31.19,31.29,2339981.0
505,2021-11-05,31.5,32.2,31.45,31.54,2913558.0
506,2021-11-08,31.47,31.63,30.97,31.3,2956160.0
507,2021-11-09,31.3,31.47,31.04,31.28,2178190.0
508,2021-11-10,31.09,31.53,31.09,31.29,3436126.0
509,2021-11-11,31.2,31.49,30.78,31.48,2665210.0
510,2021-11-12,31.62,31.66,30.99,31.11,1669711.0
511,2021-11-15,31.14,31.48,30.87,31.46,2040806.0
512,2021-11-16,31.52,31.65,31.15,31.48,3958692.0
513,2021-11-17,31.29,32.35,30.82,32.29,3214663.0
514,2021-11-18,32.38,32.46,31.97,32.13,2903758.0
515,2021-11-19,32.18,32.21,31.44,31.51,2552975.0
516,2021-11-22,31.43,31.58,31.11,31.18,2106447.0
517,2021-11-23,31.19,31.69,31.05,31.52,2054941.0
518,2021-11-24,31.58,32.08,31.52,31.99,1550560.0
519,2021-11-26,31.43,31.53,31.03,31.2,1446140.0
520,2021-11-29,31.5,31.71,31.15,31.36,1951301.0
521,2021-11-30,31.11,31.27,30.13,30.16,6009497.0
522,2021-12-01,30.59,31.19,29.8,29.81,2954024.0
523,2021-12-02,30.09,31.0,29.99,30.82,2996944.0
524,2021-12-03,30.84,31.06,30.48,30.79,2503549.0
525,2021-12-06,31.12,31.79,30.94,31.38,2267681.0
526,2021-12-07,31.41,31.7,31.29,31.48,2639400.0
527,2021-12-08,31.42,31.94,31.23,31.83,3090570.0
528,2021-12-09,31.65,31.79,31.4,31.44,2299465.0
529,2021-12-10,31.67,31.71,30.97,31.09,2095228.0
530,2021-12-13,30.91,31.9,30.84,31.72,2788295.0
531,2021-12-14,31.81,31.85,30.91,31.31,2996317.0
532,2021-12-15,31.36,32.1,31.36,31.74,4479397.0
533,2021-12-16,31.85,32.14,31.62,32.05,3586990.0
534,2021-12-17,32.25,32.59,31.75,32.22,5295968.0
535,2021-12-20,31.98,32.3,31.58,32.19,3064346.0
536,2021-12-21,32.33,32.71,32.2,32.48,1826504.0
537,2021-12-22,32.54,32.85,32.29,32.72,1467074.0
538,2021-12-23,32.81,32.81,32.39,32.49,1648001.0
539,2021-12-27,32.5,33.01,32.25,33.0,1378219.0
540,2021-12-28,33.01,33.18,32.86,33.18,1568417.0
541,2021-12-29,33.23,33.52,32.84,33.4,1805225.0
542,2021-12-30,33.34,33.58,33.22,33.3,3072865.0
543,2021-12-31,33.38,33.58,33.18,33.39,2395451.0
544,2022-01-03,33.43,33.56,32.69,33.43,2353751.0
545,2022-01-04,33.54,34.14,33.5,33.96,2723904.0
546,2022-01-05,33.88,34.15,33.3,33.3,4353757.0
547,2022-01-06,33.46,33.54,33.0,33.26,4259799.0
548,2022-01-07,33.1,33.43,32.91,33.27,2720597.0
549,2022-01-10,33.18,33.22,32.85,33.13,3725783.0
550,2022-01-11,33.12,33.38,32.69,33.22,3259650.0
551,2022-01-12,33.14,33.51,33.1,33.3,2406446.0
552,2022-01-13,33.35,33.75,33.14,33.59,3202377.0
553,2022-01-14,33.47,33.53,33.05,33.38,3122190.0
554,2022-01-18,33.26,33.47,32.79,33.38,3632761.0
555,2022-01-19,33.57,33.62,32.98,33.0,4392023.0
556,2022-01-20,32.95,33.22,32.18,32.25,5234366.0
557,2022-01-21,32.42,32.59,32.16,32.34,4933598.0
558,2022-01-24,32.1,32.28,31.14,32.16,5802293.0
559,2022-01-25,31.79,32.67,31.44,32.46,4827152.0
560,2022-01-26,32.53,33.02,31.71,31.99,4754204.0
561,2022-01-27,32.2,32.5,31.53,31.64,4517373.0
562,2022-01-28,31.65,32.26,30.6,32.24,5274266.0
563,2022-01-31,32.0,32.68,31.89,32.67,4847650.0
564,2022-02-01,32.48,32.9,31.9,32.18,3506069.0
565,2022-02-02,32.25,32.53,31.94,32.0,7665002.0
566,2022-02-03,31.84,32.01,31.25,31.3,5142489.0
567,2022-02-04,30.95,31.07,29.96,30.32,5627551.0
568,2022-02-07,30.35,30.6,29.8,29.85,4745954.0
569,2022-02-08,29.93,30.26,29.72,29.92,5718148.0
570,2022-02-09,30.18,30.88,30.17,30.7,6709680.0
571,2022-02-10,30.21,30.71,29.64,29.77,4640408.0
572,2022-02-11,29.79,30.26,29.42,30.05,5626677.0
573,2022-02-14,30.08,30.42,29.64,29.7,5629742.0
574,2022-02-15,30.04,30.09,29.43,29.55,3230320.0
575,2022-02-16,29.74,29.88,29.31,29.62,4567346.0
576,2022-02-17,29.61,29.69,29.3,29.46,3001707.0
577,2022-02-18,29.34,29.81,29.25,29.33,8355642.0
578,2022-02-22,29.26,29.5,29.04,29.38,4307802.0
579,2022-02-23,29.47,29.75,28.41,28.48,3790498.0
580,2022-02-24,27.78,28.58,27.76,28.49,5559985.0
581,2022-02-25,28.72,29.26,28.45,29.24,3805519.0
582,2022-02-28,28.75,28.91,28.33,28.66,6022557.0
583,2022-03-01,28.7,28.91,28.1,28.35,4726568.0
584,2022-03-02,28.52,29.29,28.37,29.1,4516707.0
585,2022-03-03,29.32,29.85,29.14,29.81,4824926.0
586,2022-03-04,29.54,30.58,29.48,30.56,5482271.0
587,2022-03-07,30.47,30.62,29.76,29.76,3399214.0
588,2022-03-08,29.62,30.14,29.2,29.73,4074586.0
589,2022-03-09,30.16,30.26,29.81,29.83,2599832.0
590,2022-03-10,29.62,30.28,29.45,30.25,2026758.0
591,2022-03-11,30.47,30.68,29.99,30.01,3347557.0
592,2022-03-14,30.24,30.39,29.81,29.9,3998546.0
593,2022-03-15,30.27,30.53,29.94,30.25,4592001.0
594,2022-03-16,30.45,30.86,30.06,30.74,4789657.0
595,2022-03-17,30.61,31.17,30.46,30.86,4370116.0
596,2022-03-18,30.61,31.06,30.5,30.76,5568034.0
597,2022-03-21,30.83,31.04,30.53,30.78,2338865.0
598,2022-03-22,30.96,31.31,30.89,31.07,3235311.0
599,2022-03-23,30.99,31.21,30.68,30.93,2949666.0
600,2022-03-24,30.9,31.4,30.89,31.36,1925042.0
601,2022-03-25,31.54,31.9,31.45,31.87,2983035.0
602,2022-03-28,31.94,32.19,31.71,32.15,2260110.0
603,2022-03-29,32.41,32.94,32.22,32.89,4366240.0
604,2022-03-30,32.75,32.75,32.26,32.43,2637073.0
605,2022-03-31,32.58,32.71,31.91,31.93,4221275.0
606,2022-04-01,32.12,32.63,31.97,32.61,2648131.0
607,2022-04-04,32.71,32.96,32.55,32.85,3967492.0
608,2022-04-05,32.78,32.94,31.81,31.95,2841795.0
609,2022-04-06,31.95,32.98,31.61,32.96,2990353.0
610,2022-04-07,32.71,32.79,32.25,32.62,2212299.0
611,2022-04-08,32.78,32.98,32.52,32.82,2049006.0
612,2022-04-11,32.96,33.07,32.37,32.44,2031311.0
613,2022-04-12,32.31,32.92,32.14,32.68,3011619.0
614,2022-04-13,32.76,32.9,32.49,32.71,1758916.0
615,2022-04-14,32.81,33.04,32.54,32.63,2045868.0
616,2022-04-18,32.55,32.63,32.08,32.29,1873129.0
617,2022-04-19,32.47,32.66,32.22,32.47,1737515.0
618,2022-04-20,32.46,32.94,32.27,32.9,2673332.0
619,2022-04-21,33.11,33.32,32.84,33.0,2040141.0
620,2022-04-22,32.78,32.79,32.05,32.06,3752151.0
621,2022-04-25,32.13,32.28,31.33,31.88,2578199.0
622,2022-04-26,31.87,32.2,31.74,31.75,2923217.0
623,2022-04-27,31.86,32.04,31.37,31.37,2502431.0
624,2022-04-28,31.37,31.95,31.07,31.84,3038951.0
625,2022-04-29,31.71,31.79,30.31,30.41,4950332.0
626,2022-05-02,30.6,30.7,29.18,29.82,3538573.0
627,2022-05-03,29.99,30.8,29.91,30.64,4006927.0
628,2022-05-04,30.56,31.02,29.06,29.88,3444908.0
629,2022-05-05,29.64,29.81,28.84,29.08,4109841.0
630,2022-05-06,28.89,28.98,28.17,28.55,4980879.0
631,2022-05-09,28.27,28.67,27.85,27.92,5488638.0
632,2022-05-10,28.17,28.29,27.12,27.23,4664748.0
633,2022-05-11,27.22,27.88,27.21,27.48,4706329.0
634,2022-05-12,27.51,27.81,27.37,27.71,5489569.0
635,2022-05-13,27.88,28.03,27.56,27.98,3576684.0
636,2022-05-16,28.01,28.33,27.91,28.09,2839927.0
637,2022-05-17,28.29,28.82,27.92,28.79,3814530.0
638,2022-05-18,28.76,28.85,27.91,27.97,2865526.0
639,2022-05-19,27.39,27.85,26.9,27.18,5271982.0
640,2022-05-20,27.48,27.54,26.65,27.32,8411861.0
641,2022-05-23,27.5,27.62,27.1,27.33,4681018.0
642,2022-05-24,27.32,27.44,26.55,27.36,5483888.0
643,2022-05-25,27.27,27.51,27.01,27.4,8194053.0
644,2022-05-26,27.54,27.7,27.21,27.23,4249895.0
645,2022-05-27,27.28,28.0,27.23,27.98,3677530.0
646,2022-05-31,27.76,27.85,27.4,27.59,10753644.0
647,2022-06-01,27.54,27.57,26.76,27.23,2997640.0
648,2022-06-02,27.14,27.25,26.45,27.18,3149645.0
649,2022-06-03,26.97,27.12,26.51,26.59,2575242.0
650,2022-06-06,26.68,26.76,26.2,26.39,3031718.0
651,2022-06-07,26.32,26.68,26.04,26.65,2612051.0
652,2022-06-08,26.48,26.48,25.29,25.36,4352575.0
653,2022-06-09,25.11,25.31,23.86,23.86,6603847.0
654,2022-06-10,23.6,23.85,23.25,23.53,4164698.0
655,2022-06-13,23.02,23.05,21.83,21.94,5221936.0
656,2022-06-14,22.02,22.02,21.13,21.34,5780195.0
657,2022-06-15,21.61,22.54,21.41,22.27,7895331.0
658,2022-06-16,21.7,22.31,21.64,22.01,5888261.0
659,2022-06-17,22.12,22.59,21.89,22.12,9578659.0
660,2022-06-21,22.34,23.15,22.28,22.78,5644276.0
661,2022-06-22,22.59,23.42,22.57,23.08,5663106.0
662,2022-06-23,23.16,23.4,22.96,23.21,3492386.0
663,2022-06-24,23.33,24.03,23.21,24.0,5432462.0
664,2022-06-27,23.9,24.48,23.78,23.92,3563895.0
665,2022-06-28,24.09,24.34,23.35,23.37,3877970.0
666,2022-06-29,23.26,23.76,23.23,23.74,3282474.0
667,2022-06-30,23.61,24.01,23.31,23.81,6832335.0
668,2022-07-01,23.73,24.54,23.73,24.48,4137721.0
669,2022-07-05,24.24,24.36,23.48,24.25,4760012.0
670,2022-07-06,24.41,24.78,24.21,24.42,4235859.0
671,2022-07-07,24.49,24.72,24.22,24.3,2903652.0
672,2022-07-08,24.38,24.59,24.06,24.12,2909170.0
673,2022-07-11,24.1,24.31,24.01,24.19,2254040.0
674,2022-07-12,24.07,24.63,24.06,24.28,2496831.0
675,2022-07-13,23.98,24.15,23.58,23.86,2687085.0
676,2022-07-14,23.32,23.96,22.97,23.73,2916488.0
677,2022-07-15,24.17,24.31,23.73,24.12,3004940.0
678,2022-07-18,24.22,24.4,23.82,23.9,2246430.0
679,2022-07-19,24.17,24.41,23.98,24.35,2064557.0
680,2022-07-20,24.3,24.68,24.15,24.22,2152109.0
681,2022-07-21,23.95,24.58,23.85,24.56,2914380.0
682,2022-07-22,24.81,25.03,24.53,24.7,3526871.0
683,2022-07-25,24.75,24.85,24.56,24.64,3591428.0
684,2022-07-26,24.65,24.8,24.39,24.65,3844511.0
685,2022-07-27,24.69,24.97,24.54,24.8,3940579.0
686,2022-07-28,24.9,25.52,24.84,25.39,6848722.0
687,2022-07-29,25.36,25.69,25.23,25.53,6938554.0
688,2022-08-01,25.39,25.64,25.23,25.45,4070318.0
689,2022-08-02,25.36,25.84,25.12,25.2,5307581.0
690,2022-08-03,25.34,25.63,24.79,24.84,6392552.0
691,2022-08-04,24.84,25.23,24.7,24.78,4989343.0
692,2022-08-05,24.73,24.85,24.29,24.71,3541964.0
693,2022-08-08,25.04,25.56,24.93,25.42,5517727.0
694,2022-08-09,25.44,25.88,25.21,25.78,6469280.0
695,2022-08-10,26.18,26.44,25.9,26.38,5288400.0
696,2022-08-11,26.5,26.61,25.85,25.99,3278521.0
697,2022-08-12,26.27,26.58,26.13,26.57,2996052.0
698,2022-08-15,26.62,26.63,26.33,26.42,2507141.0
699,2022-08-16,26.3,26.63,26.24,26.45,3290913.0
700,2022-08-17,26.2,26.53,26.09,26.33,3747522.0
701,2022-08-18,26.32,26.57,26.03,26.31,3010051.0
702,2022-08-19,26.24,26.33,25.9,26.02,3250944.0
703,2022-08-22,25.82,26.07,25.7,26.01,3742673.0
704,2022-08-23,26.0,26.16,24.96,25.13,3881712.0
705,2022-08-24,25.03,25.55,25.03,25.29,2329051.0
706,2022-08-25,25.47,25.63,25.3,25.61,1838583.0
707,2022-08-26,25.71,25.72,25.0,25.03,2253707.0
708,2022-08-29,24.92,25.15,24.71,24.92,1995436.0
709,2022-08-30,25.04,25.13,24.44,24.49,1819205.0
710,2022-08-31,24.78,24.92,24.31,24.45,5798582.0
711,2022-09-01,24.38,24.5,24.02,24.49,4437764.0
712,2022-09-02,24.76,24.82,24.0,24.06,3611779.0
713,2022-09-06,24.23,24.41,24.07,24.37,2437278.0
714,2022-09-07,24.44,25.01,24.37,24.99,1793674.0
715,2022-09-08,24.76,25.17,24.65,24.86,2286468.0
716,2022-09-09,24.96,25.59,24.68,25.56,3289938.0
717,2022-09-12,25.71,25.84,25.56,25.74,1971731.0
718,2022-09-13,25.27,25.46,24.88,24.99,3411445.0
719,2022-09-14,24.84,24.92,24.35,24.62,3462309.0
720,2022-09-15,24.67,24.7,23.88,23.9,2891734.0
721,2022-09-16,23.83,23.99,23.54,23.92,9023751.0
722,2022-09-19,23.69,23.77,23.17,23.61,2929098.0
723,2022-09-20,23.28,23.37,22.69,22.86,4759473.0
724,2022-09-21,23.06,23.37,22.63,22.64,2770963.0
725,2022-09-22,22.57,22.91,22.24,22.75,3662334.0
726,2022-09-23,22.49,22.81,22.13,22.48,3633013.0
727,2022-09-26,22.34,22.34,21.31,21.64,4165240.0
728,2022-09-27,21.81,21.9,20.86,21.0,3923122.0
729,2022-09-28,21.36,21.97,21.13,21.54,8008538.0
730,2022-09-29,21.3,21.34,20.65,20.78,6830867.0
731,2022-09-30,21.12,21.3,20.78,21.12,8191613.0
732,2022-10-03,21.38,22.07,21.05,21.96,6962783.0
733,2022-10-04,22.09,22.7,21.88,22.08,6705465.0
734,2022-10-05,21.67,21.73,21.09,21.49,4092441.0
735,2022-10-06,21.41,21.54,20.76,20.79,3995446.0
736,2022-10-07,20.4,20.63,19.99,20.1,4978359.0
737,2022-10-10,20.19,20.35,19.81,19.81,4067267.0
738,2022-10-11,19.87,20.5,19.61,20.4,6226922.0
739,2022-10-12,20.41,20.48,20.03,20.36,3077048.0
740,2022-10-13,19.86,21.06,19.7,20.93,4741439.0
741,2022-10-14,21.32,21.46,20.42,20.47,4480830.0
742,2022-10-17,20.9,21.24,20.81,21.05,3401235.0
743,2022-10-18,21.38,21.64,21.21,21.36,4344259.0
744,2022-10-19,21.06,21.34,20.73,20.76,3680707.0
745,2022-10-20,20.82,21.06,20.52,20.65,3920279.0
746,2022-10-21,20.7,20.76,20.25,20.64,5016331.0
747,2022-10-24,20.93,21.04,20.23,20.43,4874792.0
748,2022-10-25,20.58,21.3,20.5,21.24,7387002.0
749,2022-10-26,21.29,21.56,20.98,21.2,6027732.0
750,2022-10-27,21.45,21.71,21.13,21.27,3734539.0
751,2022-10-28,21.19,22.01,21.09,21.97,3244173.0
752,2022-10-31,21.87,22.12,21.77,21.93,4811988.0
753,2022-11-01,22.03,22.04,21.71,22.0,4459270.0
754,2022-11-02,22.96,23.2,21.78,21.85,6143105.0
755,2022-11-03,21.62,22.38,21.32,22.19,5780901.0
756,2022-11-04,22.45,22.98,22.11,22.51,5464079.0
757,2022-11-07,22.62,22.85,22.44,22.7,4649008.0
758,2022-11-08,22.82,23.13,22.51,22.67,3261378.0
759,2022-11-09,22.52,22.89,22.35,22.4,2270260.0
760,2022-11-10,23.17,23.88,22.99,23.85,5445045.0
761,2022-11-11,24.0,24.14,23.66,23.92,4526196.0
762,2022-11-14,23.8,23.92,23.25,23.26,4410822.0
763,2022-11-15,23.72,23.85,23.43,23.7,3845392.0
764,2022-11-16,23.56,23.68,22.99,23.07,3599490.0
765,2022-11-17,22.73,22.93,22.47,22.9,2935428.0
766,2022-11-18,23.28,23.35,22.68,23.15,8614513.0
767,2022-11-21,23.33,23.72,23.2,23.69,3405375.0
768,2022-11-22,23.74,23.94,23.63,23.9,2850151.0
769,2022-11-23,23.84,24.03,23.59,23.76,2124368.0
770,2022-11-25,23.79,24.0,23.76,23.96,1308942.0
771,2022-11-28,23.84,24.09,23.28,23.32,2848541.0
772,2022-11-29,23.33,24.21,23.24,24.14,2855054.0
773,2022-11-30,24.04,24.76,23.89,24.76,8213138.0
774,2022-12-01,25.01,25.2,24.51,24.65,3152405.0
775,2022-12-02,24.48,24.8,24.32,24.68,3059381.0
776,2022-12-05,24.51,24.76,24.31,24.53,4339856.0
777,2022-12-06,24.62,24.75,24.18,24.31,5250330.0
778,2022-12-07,24.11,24.27,23.81,23.85,3664741.0
779,2022-12-08,23.9,24.29,23.85,24.02,3652743.0
780,2022-12-09,23.99,24.17,23.82,23.85,2787038.0
781,2022-12-12,23.91,24.02,23.58,23.8,4518661.0
782,2022-12-13,24.6,24.65,23.59,24.13,5264217.0
783,2022-12-14,23.87,24.35,23.72,23.99,3419904.0
784,2022-12-15,23.78,24.15,23.69,24.0,3932571.0
785,2022-12-16,23.6,23.85,23.24,23.65,8589904.0
786,2022-12-19,23.67,23.79,23.22,23.4,3937756.0
787,2022-12-20,23.29,23.45,23.09,23.24,2369353.0
788,2022-12-21,23.41,23.88,23.41,23.53,3774588.0
789,2022-12-22,23.39,23.58,22.9,23.43,2663115.0
790,2022-12-23,23.35,23.71,23.23,23.67,2015745.0
791,2022-12-27,23.66,23.89,23.49,23.81,2541286.0
792,2022-12-28,23.91,23.99,23.16,23.21,3923004.0
793,2022-12-29,23.37,23.74,23.28,23.7,2822527.0
794,2022-12-30,23.58,23.69,23.28,23.57,2657252.0
795,2023-01-03,24.3,24.37,23.68,23.94,4516436.0
796,2023-01-04,24.13,24.98,24.09,24.89,4677811.0
797,2023-01-05,24.54,24.69,24.12,24.46,2825322.0
798,2023-01-06,24.65,25.4,24.64,25.24,3654259.0
799,2023-01-09,25.14,25.24,24.77,24.77,3552727.0
800,2023-01-10,24.62,24.74,24.41,24.65,2429548.0
801,2023-01-11,24.83,25.62,24.83,25.58,3386697.0
802,2023-01-12,25.69,25.88,25.37,25.82,2408843.0
803,2023-01-13,25.54,25.83,25.49,25.55,2387665.0
804,2023-01-17,25.67,25.73,25.44,25.52,3375528.0
805,2023-01-18,25.62,25.78,25.21,25.24,3433990.0
806,2023-01-19,25.12,25.36,25.03,25.11,2421856.0
807,2023-01-20,25.1,25.36,24.94,25.35,3583601.0
808,2023-01-23,25.35,25.92,25.23,25.81,1925151.0
809,2023-01-24,25.91,25.94,25.54,25.7,2107693.0
810,2023-01-25,25.63,25.67,25.3,25.58,2015544.0
811,2023-01-26,25.71,25.81,25.21,25.79,3157799.0
812,2023-01-27,25.76,26.16,25.75,26.03,3452305.0
813,2023-01-30,25.83,26.08,25.63,25.64,2351513.0
814,2023-01-31,25.59,25.98,25.55,25.98,5344427.0
815,2023-02-01,25.92,26.05,25.47,25.92,4025061.0
816,2023-02-02,26.1,26.93,26.1,26.74,4111775.0
817,2023-02-03,26.29,26.49,25.74,26.13,3648780.0
818,2023-02-06,25.77,25.97,25.56,25.92,3908350.0
819,2023-02-07,25.71,25.96,25.38,25.73,5291873.0
820,2023-02-08,25.55,25.84,25.14,25.52,6739485.0
821,2023-02-09,25.7,25.8,25.02,25.11,3456691.0
822,2023-02-10,25.0,25.5,24.94,25.46,3216102.0
823,2023-02-13,25.52,25.6,25.26,25.29,4258825.0
824,2023-02-14,25.22,25.32,24.72,24.74,5032803.0
825,2023-02-15,24.58,24.93,24.55,24.85,4924040.0
826,2023-02-16,24.49,25.04,23.99,24.76,5302940.0
827,2023-02-17,24.78,25.03,24.42,24.93,3253562.0
828,2023-02-21,24.76,24.78,24.31,24.4,3447954.0
829,2023-02-22,24.53,24.58,23.78,23.89,3655584.0
830,2023-02-23,24.0,24.13,23.58,23.85,3342253.0
831,2023-02-24,23.43,23.61,23.25,23.35,2932702.0
832,2023-02-27,23.72,23.77,22.94,23.13,5522688.0
833,2023-02-28,23.15,23.31,22.83,22.86,8376038.0
834,2023-03-01,22.85,22.85,22.18,22.44,5966573.0
835,2023-03-02,22.24,22.71,22.24,22.6,4575324.0
836,2023-03-03,23.0,23.2,22.87,23.08,4375556.0
837,2023-03-06,23.15,23.26,22.94,22.99,2166707.0
838,2023-03-07,22.98,23.04,21.99,22.13,4459361.0
839,2023-03-08,22.16,22.56,22.11,22.31,4368844.0
840,2023-03-09,22.32,22.36,21.69,21.75,3793613.0
841,2023-03-10,22.25,22.25,20.18,20.22,6702780.0
842,2023-03-13,20.03,20.5,19.89,20.27,10597704.0
843,2023-03-14,20.66,20.77,20.14,20.36,8667791.0
844,2023-03-15,20.01,20.41,19.88,20.33,6340720.0
845,2023-03-16,20.21,20.36,19.81,20.19,6432951.0
846,2023-03-17,20.27,20.3,19.41,19.54,12679321.0
847,2023-03-20,19.68,19.88,19.51,19.8,7391454.0
848,2023-03-21,20.0,20.0,19.55,19.7,4847279.0
849,2023-03-22,19.55,19.66,19.01,19.03,5927032.0
850,2023-03-23,19.09,19.44,19.01,19.1,5702131.0
851,2023-03-24,19.07,19.72,19.07,19.71,5073246.0
852,2023-03-27,19.8,19.89,19.47,19.61,4683629.0
853,2023-03-28,19.41,19.72,19.39,19.68,3080385.0
854,2023-03-29,19.89,20.23,19.89,20.16,3599825.0
855,2023-03-30,20.38,20.66,20.36,20.49,4560575.0
856,2023-03-31,20.41,20.78,20.22,20.77,7373042.0
857,2023-04-03,20.78,21.0,20.39,20.52,6696578.0
858,2023-04-04,20.6,20.65,20.22,20.48,4439022.0
859,2023-04-05,20.36,20.66,20.16,20.28,3977386.0
860,2023-04-06,20.03,20.35,19.92,20.24,5381346.0
861,2023-04-10,20.13,20.48,20.04,20.48,4354749.0
862,2023-04-11,20.58,20.92,20.44,20.79,3657610.0
863,2023-04-12,20.98,20.99,20.29,20.33,3923644.0
864,2023-04-13,20.28,20.34,19.94,20.26,3717095.0
865,2023-04-14,20.35,20.39,19.7,19.81,3248275.0
866,2023-04-17,19.87,20.31,19.83,20.3,4283717.0
867,2023-04-18,20.2,20.22,19.9,20.01,2879075.0
868,2023-04-19,19.85,20.2,19.76,20.17,3298879.0
869,2023-04-20,20.11,20.13,19.77,19.86,3885535.0
870,2023-04-21,19.95,20.04,19.64,19.93,2679595.0
871,2023-04-24,20.05,20.08,19.86,20.0,3082822.0
872,2023-04-25,19.9,20.03,19.82,19.91,3385529.0
873,2023-04-26,19.82,20.01,19.55,19.57,3198136.0
874,2023-04-27,19.58,20.04,19.54,20.01,5964930.0
875,2023-04-28,20.43,20.81,20.1,20.77,3384637.0
876,2023-05-01,20.74,20.88,20.41,20.44,4970991.0
877,2023-05-02,20.4,20.44,19.83,19.98,5265736.0
878,2023-05-03,20.25,20.45,19.87,20.08,6226299.0
879,2023-05-04,20.0,20.3,19.74,20.18,4204177.0
880,2023-05-05,20.34,20.63,20.29,20.58,4279256.0
881,2023-05-08,20.32,20.5,20.22,20.32,2418791.0
882,2023-05-09,20.13,20.3,19.84,20.16,2997943.0
883,2023-05-10,20.36,20.41,20.0,20.18,3870978.0
884,2023-05-11,19.97,20.2,19.87,20.18,3144027.0
885,2023-05-12,20.29,20.34,19.92,20.07,2465871.0
886,2023-05-15,20.17,20.36,20.01,20.04,3750828.0
887,2023-05-16,20.03,20.08,19.38,19.38,4507233.0
888,2023-05-17,19.42,19.55,19.27,19.51,3418474.0
889,2023-05-18,19.36,19.53,19.18,19.3,3396954.0
890,2023-05-19,19.47,19.52,18.86,19.0,3742306.0
891,2023-05-22,19.04,19.28,18.78,19.2,4294702.0
892,2023-05-23,19.16,19.7,19.14,19.25,4554292.0
893,2023-05-24,19.21,19.31,18.71,18.74,4145889.0
894,2023-05-25,18.68,18.73,18.28,18.38,5696953.0
895,2023-05-26,18.46,18.67,18.19,18.57,3991365.0
896,2023-05-30,18.67,19.09,18.65,19.02,6295524.0
897,2023-05-31,19.06,19.2,18.97,19.06,15149714.0
898,2023-06-01,19.03,19.31,18.72,19.24,3862062.0
899,2023-06-02,19.51,19.94,19.4,19.82,4273017.0
900,2023-06-05,19.82,20.0,19.61,19.67,3447775.0
901,2023-06-06,19.76,20.35,19.66,20.28,3476618.0
902,2023-06-07,20.43,20.59,20.19,20.44,3988280.0
903,2023-06-08,20.26,20.28,19.81,20.03,3918273.0
904,2023-06-09,19.99,20.03,19.7,19.79,5535058.0
905,2023-06-12,19.82,19.95,19.59,19.85,5623727.0
906,2023-06-13,19.85,20.08,19.76,19.9,5410500.0
907,2023-06-14,20.08,20.16,19.65,19.8,5280424.0
908,2023-06-15,19.8,19.87,19.57,19.86,5339825.0
909,2023-06-16,19.95,20.08,19.61,19.77,7156195.0
910,2023-06-20,19.58,19.64,19.19,19.28,4276379.0
911,2023-06-21,19.11,19.28,18.85,18.97,4974849.0
912,2023-06-22,18.99,19.05,18.32,18.64,6058225.0
913,2023-06-23,18.52,18.67,18.32,18.37,8421140.0
914,2023-06-26,18.32,19.0,18.32,18.97,5970650.0
915,2023-06-27,19.06,19.29,18.76,19.25,5801585.0
916,2023-06-28,19.19,19.19,18.8,18.92,5795679.0
917,2023-06-29,18.83,19.19,18.73,19.08,5346872.0
918,2023-06-30,19.26,19.32,18.92,19.2,6152157.0
919,2023-07-03,19.27,19.69,19.22,19.68,2830621.0
920,2023-07-05,19.64,20.01,19.44,19.87,4713471.0
921,2023-07-06,19.61,19.94,19.19,19.82,4686336.0
922,2023-07-07,19.69,19.93,19.63,19.65,3158079.0
923,2023-07-10,19.52,19.77,19.38,19.69,3134780.0
924,2023-07-11,19.76,20.21,19.74,20.2,3690129.0
925,2023-07-12,20.41,20.68,20.06,20.07,5325479.0
926,2023-07-13,20.06,20.49,19.97,20.48,3914608.0
927,2023-07-14,20.38,20.6,20.24,20.5,5228064.0
928,2023-07-17,20.38,20.49,20.11,20.27,4771977.0
929,2023-07-18,20.36,20.38,19.78,20.0,3277902.0
930,2023-07-19,20.22,20.57,20.13,20.52,3283855.0
931,2023-07-20,20.57,20.78,20.16,20.75,3327523.0
932,2023-07-21,20.77,20.98,20.63,20.85,3120731.0
933,2023-07-24,20.87,21.29,20.81,21.22,4165474.0
934,2023-07-25,21.21,21.31,21.1,21.11,4018115.0
935,2023-07-26,21.06,21.41,21.04,21.31,3326764.0
936,2023-07-27,21.35,21.47,20.92,20.92,5730816.0
937,2023-07-28,21.4,21.48,20.75,20.83,5508838.0
938,2023-07-31,20.83,21.23,20.83,20.93,7388192.0
939,2023-08-01,20.87,21.09,20.68,20.79,4635114.0
940,2023-08-02,20.73,20.86,20.44,20.71,3220569.0
941,2023-08-03,20.6,20.63,20.11,20.62,3549304.0
942,2023-08-04,20.58,20.89,20.49,20.63,2528973.0
943,2023-08-07,20.62,20.93,20.62,20.89,3083318.0
944,2023-08-08,20.69,20.72,20.23,20.46,3533389.0
945,2023-08-09,20.46,20.73,20.3,20.56,2714905.0
946,2023-08-10,20.65,20.76,20.28,20.34,2682629.0
947,2023-08-11,20.22,20.46,20.2,20.3,2608673.0
948,2023-08-14,20.17,20.26,19.97,20.05,2679148.0
949,2023-08-15,19.84,19.93,19.63,19.73,2676921.0
950,2023-08-16,19.77,19.83,19.57,19.64,2904828.0
951,2023-08-17,19.69,19.91,19.58,19.68,2855033.0
952,2023-08-18,19.49,19.67,19.41,19.49,2863126.0
953,2023-08-21,19.4,19.41,19.16,19.27,3130648.0
954,2023-08-22,19.35,19.37,19.17,19.23,2464286.0
955,2023-08-23,19.34,19.67,19.22,19.65,2640390.0
956,2023-08-24,19.68,19.96,19.55,19.62,2696987.0
957,2023-08-25,19.64,19.83,19.57,19.63,1935947.0
958,2023-08-28,19.68,20.0,19.68,19.78,1951125.0
959,2023-08-29,19.84,19.94,19.7,19.87,2296315.0
960,2023-08-30,19.91,20.11,19.77,20.09,3394286.0
961,2023-08-31,20.09,20.14,19.95,19.98,5118651.0
962,2023-09-01,20.09,20.23,19.92,20.05,2393104.0
963,2023-09-05,20.06,20.25,19.79,19.8,4226847.0
964,2023-09-06,19.75,19.86,19.62,19.81,2420118.0
965,2023-09-07,19.73,19.8,19.49,19.53,2985660.0
966,2023-09-08,19.56,19.64,19.39,19.42,2472461.0
967,2023-09-11,19.46,19.53,19.15,19.16,3273983.0
968,2023-09-12,19.13,19.39,18.98,19.33,3656319.0
969,2023-09-13,19.45,19.47,19.25,19.26,3324578.0
970,2023-09-14,19.45,19.81,19.4,19.77,3183280.0
971,2023-09-15,19.69,19.86,19.59,19.79,8881916.0
972,2023-09-18,19.72,19.78,19.26,19.28,3161542.0
973,2023-09-19,19.26,19.46,19.22,19.34,2833582.0
974,2023-09-20,19.53,19.61,19.27,19.3,3146786.0
975,2023-09-21,19.16,19.18,18.45,18.46,5395934.0
976,2023-09-22,18.44,18.62,18.22,18.23,4676744.0
977,2023-09-25,18.14,18.22,18.01,18.12,4931332.0
978,2023-09-26,17.91,18.08,17.7,17.81,4901636.0
979,2023-09-27,17.84,17.97,17.44,17.45,5964638.0
980,2023-09-28,17.56,17.65,17.41,17.46,5228778.0
981,2023-09-29,17.74,18.06,17.64,17.76,4980807.0
982,2023-10-02,17.66,17.8,17.12,17.21,4123329.0
983,2023-10-03,17.08,17.16,16.63,16.72,5546641.0
984,2023-10-04,16.8,16.89,16.53,16.89,3971589.0
985,2023-10-05,16.83,16.88,16.6,16.79,3184172.0
986,2023-10-06,16.56,16.79,16.29,16.67,4497654.0
987,2023-10-09,16.55,17.0,16.55,16.94,4071916.0
988,2023-10-10,17.04,17.43,16.89,17.32,5727610.0
989,2023-10-11,17.37,17.56,17.27,17.54,3471488.0
990,2023-10-12,17.37,17.37,16.86,16.94,4692945.0
991,2023-10-13,17.02,17.07,16.69,16.79,3875220.0
992,2023-10-16,16.9,16.99,16.61,16.92,5006759.0
993,2023-10-17,16.77,17.18,16.7,16.81,4776239.0
994,2023-10-18,16.67,16.71,16.38,16.41,3956803.0
995,2023-10-19,16.34,16.54,16.02,16.08,5628807.0
996,2023-10-20,16.22,16.315,16.02,16.02,4059807.0
997,2023-10-23,15.85,16.08,15.745,15.9,5897689.0
998,2023-10-24,15.94,16.39,15.85,16.36,6422717.0
999,2023-10-25,16.2,16.25,15.78,15.8,4844525.0
1000,2023-10-26,15.93,16.315,15.92,16.14,4677811.0
1001,2023-10-27,16.25,16.25,15.74,15.82,3631911.0
1002,2023-10-30,16.01,16.14,14.91,15.38,15403252.0
1003,2023-10-31,15.56,15.6,14.64,14.95,12191707.0
1004,2023-11-01,15.07,15.07,14.695,14.98,9204976.0
1005,2023-11-02,15.33,16.28,15.325,16.23,9267027.0
1006,2023-11-03,16.62,16.795,16.4,16.61,6228093.0
1007,2023-11-06,16.56,16.76,16.375,16.47,6372256.0
1008,2023-11-07,16.35,16.3725,15.985,16.07,5122072.0
1009,2023-11-08,16.11,16.235,16.04,16.19,3126601.0
1010,2023-11-09,16.26,16.26,15.37,15.43,6424277.0
1011,2023-11-10,15.6,15.71,15.29,15.64,5939899.0
1012,2023-11-13,15.43,15.51,15.135,15.27,6576676.0
1013,2023-11-14,15.93,16.88,15.79,16.64,6762690.0
1014,2023-11-15,16.55,17.015,16.55,16.65,6750069.0
1015,2023-11-16,16.7,16.79,16.25,16.25,5266382.0
1016,2023-11-17,16.47,16.5,16.07,16.17,7548761.0
1017,2023-11-20,16.2,16.34,15.94,16.34,5582677.0
1018,2023-11-21,16.1,16.23,15.9,16.07,4508609.0
1019,2023-11-22,16.3,16.37,16.13,16.33,5072546.0
1020,2023-11-24,16.23,16.43,16.125,16.35,1893554.0
1021,2023-11-27,16.28,16.4681,16.145,16.46,4044034.0
1022,2023-11-28,16.35,16.76,16.18,16.72,3704766.0
1023,2023-11-29,16.93,17.31,16.7901,16.84,5388452.0
1024,2023-11-30,16.96,17.145,16.73,17.02,9912994.0
1025,2023-12-01,16.98,17.92,16.92,17.9,6042941.0
1026,2023-12-04,17.81,18.2,17.79,18.17,6098327.0
1027,2023-12-05,18.06,18.17,17.92,18.06,6885342.0
1028,2023-12-06,18.17,18.46,18.0325,18.1,4313671.0
1029,2023-12-07,18.06,18.5,17.93,18.47,6348999.0
1030,2023-12-08,18.35,18.53,18.25,18.45,6309995.0
1031,2023-12-11,18.35,18.585,18.27,18.47,6272474.0
1032,2023-12-12,18.57,18.57,17.98,18.04,4603608.0
1033,2023-12-13,17.96,18.99,17.81,18.89,6712254.0
1034,2023-12-14,19.45,20.075,19.21,19.82,6923900.0
1035,2023-12-15,19.71,19.84,19.025,19.25,10704456.0
1036,2023-12-18,19.36,19.385,19.06,19.19,5961115.0
1037,2023-12-19,19.31,19.57,19.15,19.52,4551327.0
1038,2023-12-20,19.41,19.75,19.15,19.16,4356087.0
1039,2023-12-21,19.35,19.35,18.79,19.1,5467975.0
1040,2023-12-22,19.13,19.48,19.02,19.4,5747872.0
1041,2023-12-26,19.44,19.77,19.3675,19.66,3155324.0
1042,2023-12-27,19.75,19.83,19.555,19.72,3327328.0
1043,2023-12-28,19.6,19.88,19.6,19.88,2581968.0
1044,2023-12-29,19.71,19.88,19.49,19.5,3244191.0
1045,2024-01-02,19.49,19.915,19.25,19.73,3662643.0
1046,2024-01-03,19.44,19.545,19.07,19.28,3070094.0
1047,2024-01-04,19.28,19.52,19.15,19.36,3727918.0
1048,2024-01-05,19.16,19.65,18.99,19.33,5470263.0
1049,2024-01-08,19.23,19.815,19.15,19.68,4316685.0
1050,2024-01-09,19.45,19.6,19.255,19.6,4192793.0
1051,2024-01-10,19.65,19.84,19.475,19.67,5151155.0
1052,2024-01-11,19.66,20.0,19.51,19.99,8259564.0
1053,2024-01-12,20.31,20.57,20.22,20.54,6812910.0
1054,2024-01-16,20.43,20.54,20.11,20.43,7463652.0
1055,2024-01-17,19.98,20.345,19.43,19.74,4727599.0
1056,2024-01-18,19.82,19.83,19.12,19.3,5195824.0
1057,2024-01-19,19.41,19.59,19.03,19.45,4598160.0
1058,2024-01-22,19.52,19.725,19.285,19.41,4952980.0
1059,2024-01-23,19.54,19.61,18.955,19.07,4420754.0
1060,2024-01-24,19.46,19.46,18.795,18.83,4534634.0
1061,2024-01-25,19.17,19.24,18.835,19.06,5071549.0
1062,2024-01-26,19.16,19.285,18.96,19.12,3230762.0
1063,2024-01-29,19.07,19.09,18.67,18.92,5757410.0
1064,2024-01-30,18.71,18.79,18.31,18.32,7506908.0
1065,2024-01-31,18.45,18.585,17.995,18.2,12125641.0
1066,2024-02-01,18.13,18.53,17.89,18.52,5702637.0
1067,2024-02-02,18.15,18.19,17.74,18.01,6221479.0
1068,2024-02-05,17.69,17.71,17.45,17.51,5515228.0
1069,2024-02-06,17.52,17.875,17.39,17.78,5345077.0
1070,2024-02-07,17.75,17.8625,17.53,17.57,4954730.0
1071,2024-02-08,17.53,17.82,17.48,17.69,6994004.0
1072,2024-02-09,17.34,17.52,16.76,17.04,13320435.0
1073,2024-02-12,17.15,17.435,17.07,17.24,6338896.0
1074,2024-02-13,16.73,16.84,16.38,16.78,8617172.0
1075,2024-02-14,16.91,17.04,16.6,16.86,8953035.0
1076,2024-02-15,17.05,17.46,16.97,17.46,4813308.0
1077,2024-02-16,17.12,17.24,16.97,17.16,5215154.0
1078,2024-02-20,17.0,17.19,16.78,16.92,7113139.0
1079,2024-02-21,16.95,17.11,16.78,16.82,10124564.0
1080,2024-02-22,16.76,16.915,16.62,16.79,7721763.0
1081,2024-02-23,16.81,16.83,16.585,16.63,5331792.0
1082,2024-02-26,16.58,16.69,16.105,16.18,6725577.0
1083,2024-02-27,16.34,16.43,16.1,16.24,8348133.0
1084,2024-02-28,16.09,16.805,16.015,16.55,10612373.0
1085,2024-02-29,16.7,16.98,16.54,16.75,66006388.0
1086,2024-03-01,16.74,17.14,16.49,17.1,9975519.0
