,date,open,high,low,close,volume
0,2017-08-07,26.3239,26.3239,26.2439,26.3039,1357399.0
1,2017-08-08,26.3039,26.3039,26.1739,26.1839,1460375.0
2,2017-08-09,26.1739,26.1939,26.1139,26.1239,2093330.0
3,2017-08-10,26.1139,26.1139,25.7639,25.7739,4438274.0
4,2017-08-11,25.8739,25.8739,25.6939,25.7839,4638145.0
5,2017-08-14,25.8939,26.0339,25.8939,25.9839,1882242.0
6,2017-08-15,25.9939,26.0639,25.9739,26.0439,1804448.0
7,2017-08-16,26.0039,26.0939,26.0039,26.0739,1824257.0
8,2017-08-17,26.0539,26.0739,25.9039,25.9039,2013825.0
9,2017-08-18,25.9139,26.0039,25.8639,25.9239,1780870.0
10,2017-08-21,25.9639,25.9839,25.8939,25.8939,1842405.0
11,2017-08-22,25.9439,25.9939,25.9139,25.9339,6747089.0
12,2017-08-23,25.9239,25.9939,25.9139,25.9439,1271917.0
13,2017-08-24,25.9739,25.9939,25.9439,25.9939,1107223.0
14,2017-08-25,26.0039,26.0139,25.9539,26.0039,1522458.0
15,2017-08-28,26.0339,26.0539,25.9939,26.0439,1558310.0
16,2017-08-29,25.9239,26.0639,25.9239,26.0139,2072141.0
17,2017-08-30,26.0339,26.0739,26.0139,26.0539,1349668.0
18,2017-08-31,26.1039,26.2039,26.0639,26.2039,2142734.0
19,2017-09-01,26.2613,26.3013,26.1613,26.1613,2399625.0
20,2017-09-05,26.1513,26.2213,26.1313,26.1513,1945588.0
21,2017-09-06,26.1513,26.2313,26.1513,26.2313,2328676.0
22,2017-09-07,26.2413,26.2613,26.1313,26.1713,2002864.0
23,2017-09-08,26.1913,26.2013,26.0913,26.0913,1488003.0
24,2017-09-11,26.2013,26.2313,26.1313,26.2113,1524181.0
25,2017-09-12,26.2413,26.2913,26.2313,26.2613,1202413.0
26,2017-09-13,26.2713,26.2713,26.1813,26.1813,1564635.0
27,2017-09-14,26.1913,26.2313,26.1813,26.2013,1306658.0
28,2017-09-15,26.2213,26.2513,26.1813,26.2413,1573073.0
29,2017-09-18,26.2513,26.2713,26.2113,26.2213,1276714.0
30,2017-09-19,26.2613,26.2613,26.1613,26.1913,1530257.0
31,2017-09-20,26.2213,26.2213,26.1413,26.1713,1510947.0
32,2017-09-21,26.2113,26.2113,26.1413,26.1613,1873831.0
33,2017-09-22,26.1713,26.1913,26.1213,26.1213,1875126.0
34,2017-09-25,26.1413,26.2213,26.1313,26.2013,1511983.0
35,2017-09-26,26.1913,26.2213,26.1813,26.1913,1837018.0
36,2017-09-27,26.1613,26.1913,26.1013,26.1313,2098828.0
37,2017-09-28,26.0913,26.1313,26.0813,26.1313,1630748.0
38,2017-09-29,26.1613,26.1713,26.1013,26.1413,3573748.0
39,2017-10-02,26.2064,26.2064,26.0364,26.0364,4443162.0
40,2017-10-03,26.0464,26.1164,26.0264,26.0264,3843845.0
41,2017-10-04,26.0664,26.0964,26.0064,26.0164,3753214.0
42,2017-10-05,26.0264,26.0864,25.9864,25.9864,3718063.0
43,2017-10-06,25.9864,25.9964,25.8164,25.8164,5703039.0
44,2017-10-09,25.8364,25.8764,25.7364,25.8264,3416546.0
45,2017-10-10,25.8364,25.9264,25.8364,25.9064,2166077.0
46,2017-10-11,25.9464,25.9664,25.9064,25.9164,2872733.0
47,2017-10-12,25.9264,26.0564,25.9164,26.0164,2238754.0
48,2017-10-13,26.0564,26.0964,26.0264,26.0564,1633921.0
49,2017-10-16,26.0564,26.0964,25.9864,25.9964,1875321.0
50,2017-10-17,25.9964,26.0264,25.9664,25.9864,2017029.0
51,2017-10-18,26.0364,26.0364,25.9464,25.9564,1753126.0
52,2017-10-19,25.9064,26.0364,25.8764,26.0064,1431092.0
53,2017-10-20,26.0064,26.1064,25.9664,26.0964,2642907.0
54,2017-10-23,26.0964,26.1764,26.0664,26.1164,1992611.0
55,2017-10-24,26.0764,26.1264,26.0664,26.0964,1657001.0
56,2017-10-25,26.0264,26.0264,25.8664,25.9264,2436857.0
57,2017-10-26,25.9964,25.9964,25.8864,25.9164,1782505.0
58,2017-10-27,25.9564,26.0364,25.9364,26.0164,1227255.0
59,2017-10-30,26.0264,26.0464,25.8764,25.9164,2345711.0
60,2017-10-31,25.9564,26.0064,25.9164,25.9964,2066470.0
61,2017-11-01,26.0272,26.0772,25.9472,25.9772,2713836.0
62,2017-11-02,25.9572,26.0072,25.9172,25.9872,2078963.0
63,2017-11-03,26.0172,26.0272,25.9172,25.9972,2498851.0
64,2017-11-06,25.9572,25.9972,25.9172,25.9272,4385238.0
65,2017-11-07,25.9472,25.9772,25.8972,25.9572,1730383.0
66,2017-11-08,25.9772,26.0472,25.9472,26.0272,1616430.0
67,2017-11-09,25.9772,26.0172,25.8972,25.9672,2377173.0
68,2017-11-10,25.9272,25.9472,25.8272,25.8872,2343147.0
69,2017-11-13,25.8872,25.9472,25.8472,25.9072,1695680.0
70,2017-11-14,25.8972,25.9372,25.8372,25.8572,2598008.0
71,2017-11-15,25.8172,25.8872,25.7172,25.8672,1777725.0
72,2017-11-16,25.9472,25.9772,25.8772,25.9572,1313213.0
73,2017-11-17,25.9572,26.1272,25.9472,26.0772,1605308.0
74,2017-11-20,26.1172,26.2572,26.1072,26.2172,2369989.0
75,2017-11-21,26.2472,26.2572,26.2072,26.2372,1168937.0
76,2017-11-22,26.2372,26.3372,26.2272,26.3072,1351497.0
77,2017-11-24,26.3472,26.3972,26.2972,26.3372,465818.0
78,2017-11-27,26.3172,26.4072,26.3172,26.3472,3154888.0
79,2017-11-28,26.3072,26.4172,26.2572,26.3072,1530005.0
80,2017-11-29,26.2972,26.2972,26.1372,26.2472,2750439.0
81,2017-11-30,26.2472,26.3272,26.2172,26.2572,2682144.0
82,2017-12-01,26.2597,26.3497,26.1097,26.3497,3042098.0
83,2017-12-04,26.3597,26.4197,26.2897,26.3197,3133892.0
84,2017-12-05,26.3097,26.3197,26.2397,26.3197,2979505.0
85,2017-12-06,26.2697,26.3497,26.2697,26.3497,1804482.0
86,2017-12-07,26.3197,26.4297,26.2897,26.4297,3677096.0
87,2017-12-08,26.4097,26.4497,26.3897,26.4297,1589367.0
88,2017-12-11,26.4297,26.4397,26.3497,26.3997,1608519.0
89,2017-12-12,26.3697,26.3997,26.2597,26.2597,2758632.0
90,2017-12-13,26.2397,26.3297,26.0497,26.1497,4548196.0
91,2017-12-14,26.1797,26.2497,26.1197,26.1297,2391443.0
92,2017-12-15,26.1497,26.3197,26.1397,26.2697,1882998.0
93,2017-12-18,26.3197,26.3197,26.1997,26.2197,2884495.0
94,2017-12-19,26.2297,26.2397,26.1297,26.1897,2791728.0
95,2017-12-20,26.1597,26.2597,26.1297,26.1597,2440579.0
96,2017-12-21,26.1989,26.2389,26.1389,26.1789,2258311.0
97,2017-12-22,26.1989,26.2089,26.0589,26.0989,3168443.0
98,2017-12-26,26.1089,26.1689,26.0589,26.0589,1801718.0
99,2017-12-27,26.1389,26.1389,26.0489,26.1189,2462270.0
100,2017-12-28,26.1289,26.1389,26.0689,26.0689,2222826.0
101,2017-12-29,26.0689,26.0989,26.0089,26.0589,2637251.0
102,2018-01-02,26.1289,26.1789,25.8189,25.8489,5148325.0
103,2018-01-03,25.8689,26.0589,25.8089,25.9189,4774573.0
104,2018-01-04,25.9689,26.0689,25.8989,25.9489,3919586.0
105,2018-01-05,25.9889,26.0689,25.9589,25.9589,3318321.0
106,2018-01-08,25.9989,26.0889,25.9489,26.0289,4622809.0
107,2018-01-09,26.0589,26.1389,26.0289,26.1289,3522623.0
108,2018-01-10,26.0589,26.0789,25.9489,26.0589,3479715.0
109,2018-01-11,26.0589,26.1789,26.0389,26.1789,2676648.0
110,2018-01-12,26.1689,26.2089,26.1089,26.1089,2639859.0
111,2018-01-16,26.1889,26.1989,25.9789,26.0089,4044840.0
112,2018-01-17,26.0689,26.0689,25.9189,25.9289,3297639.0
113,2018-01-18,25.8889,25.8989,25.7889,25.7889,3673852.0
114,2018-01-19,25.8289,25.9689,25.7789,25.9389,4024335.0
115,2018-01-22,25.8889,26.0189,25.8789,25.9289,2626880.0
116,2018-01-23,25.9389,26.0289,25.9289,26.0289,2465714.0
117,2018-01-24,25.9989,26.0189,25.9289,25.9789,2573574.0
118,2018-01-25,25.9889,26.0289,25.9089,25.9589,1815621.0
119,2018-01-26,25.9389,25.9989,25.8189,25.8889,3403256.0
120,2018-01-29,25.8289,25.8289,25.5489,25.5689,4730419.0
121,2018-01-30,25.4989,25.5089,25.3189,25.4089,4596574.0
122,2018-01-31,25.4689,25.6089,25.4689,25.6089,3187634.0
123,2018-02-01,25.5582,25.5782,25.3682,25.4082,3920410.0
124,2018-02-02,25.2682,25.2982,25.0882,25.1482,5881866.0
125,2018-02-05,25.1082,25.2182,24.9382,25.0782,6066364.0
126,2018-02-06,24.8282,25.1582,24.7982,25.1482,7287505.0
127,2018-02-07,25.1782,25.3482,25.1582,25.2282,3613554.0
128,2018-02-08,25.2282,25.2482,24.9382,24.9682,5050311.0
129,2018-02-09,25.0382,25.0882,24.6982,25.0182,5471883.0
130,2018-02-12,25.0582,25.2182,25.0382,25.1182,2448037.0
131,2018-02-13,25.1082,25.1482,25.0582,25.1082,2395917.0
132,2018-02-14,25.0182,25.1082,25.0082,25.0382,2904631.0
133,2018-02-15,25.0582,25.1482,25.0582,25.1182,2299490.0
134,2018-02-16,25.1582,25.3182,25.1282,25.2582,2483278.0
135,2018-02-20,25.2182,25.2982,25.2182,25.2782,2200027.0
136,2018-02-21,25.2882,25.4382,25.2782,25.2882,2542446.0
137,2018-02-22,25.3282,25.4382,25.3282,25.3582,2352875.0
138,2018-02-23,25.3882,25.5182,25.3882,25.4782,1670863.0
139,2018-02-26,25.4982,25.6282,25.4982,25.6182,1874955.0
140,2018-02-27,25.6282,25.7182,25.5982,25.6582,3041697.0
141,2018-02-28,25.6782,25.7782,25.6482,25.7082,2926066.0
142,2018-03-01,25.7405,25.7605,25.6505,25.6705,1699421.0
143,2018-03-02,25.6105,25.6305,25.5305,25.6205,1857749.0
144,2018-03-05,25.6005,25.8205,25.5705,25.7705,4293066.0
145,2018-03-06,25.8105,25.9005,25.7505,25.8605,2461241.0
146,2018-03-07,25.8205,25.9405,25.8005,25.9205,1612119.0
147,2018-03-08,25.9005,25.9605,25.8905,25.9405,1284005.0
148,2018-03-09,25.9705,25.9905,25.9005,25.9105,1278079.0
149,2018-03-12,25.9005,25.9405,25.8605,25.8905,1253872.0
150,2018-03-13,25.8605,25.9905,25.8605,25.9505,2126702.0
151,2018-03-14,25.9405,25.9805,25.8805,25.9705,2289064.0
152,2018-03-15,25.9905,26.0805,25.9605,26.0105,1589967.0
153,2018-03-16,25.9805,26.0405,25.9605,26.0205,1641640.0
154,2018-03-19,26.0105,26.0105,25.9105,25.9805,1866554.0
155,2018-03-20,25.9505,25.9505,25.8705,25.8705,1315196.0
156,2018-03-21,25.8605,25.9505,25.8605,25.9405,2012813.0
157,2018-03-22,25.8805,25.9405,25.8205,25.8205,1664470.0
158,2018-03-23,25.8205,25.8805,25.7705,25.7805,2158036.0
159,2018-03-26,25.8405,25.8805,25.7305,25.7805,1952114.0
160,2018-03-27,25.8005,25.8905,25.7405,25.7505,2825519.0
161,2018-03-28,25.7505,25.8605,25.7405,25.8405,2006730.0
162,2018-03-29,25.8505,25.9605,25.8405,25.9105,2068433.0
163,2018-04-02,25.9164,25.9764,25.7564,25.7964,2868594.0
164,2018-04-03,25.8464,25.8564,25.5864,25.6564,4655013.0
165,2018-04-04,25.6364,25.7664,25.5764,25.6664,3135501.0
166,2018-04-05,25.7364,25.7964,25.7064,25.7564,1781245.0
167,2018-04-06,25.7764,25.7764,25.6664,25.7164,2097824.0
168,2018-04-09,25.7264,25.7964,25.7264,25.7564,1654964.0
169,2018-04-10,25.8064,25.8564,25.7864,25.8164,1714113.0
170,2018-04-11,25.7764,25.8564,25.7764,25.8164,1315821.0
171,2018-04-12,25.7764,25.8464,25.7464,25.7664,1529906.0
172,2018-04-13,25.7664,25.7864,25.6764,25.6864,1692034.0
173,2018-04-16,25.7164,25.7864,25.6864,25.7564,1732350.0
174,2018-04-17,25.7764,25.8164,25.7364,25.8164,2846812.0
175,2018-04-18,25.8064,25.8664,25.7864,25.8564,2416706.0
176,2018-04-19,25.8264,25.8364,25.7264,25.8264,2212753.0
177,2018-04-20,25.7964,25.8264,25.7164,25.8064,2512490.0
178,2018-04-23,25.7864,25.8064,25.7264,25.7664,2053896.0
179,2018-04-24,25.7564,25.7964,25.6364,25.6864,2194350.0
180,2018-04-25,25.6464,25.6564,25.4564,25.5364,2995427.0
181,2018-04-26,25.5764,25.6364,25.5564,25.5664,1300337.0
182,2018-04-27,25.6064,25.6464,25.5864,25.6164,1013718.0
183,2018-04-30,25.6264,25.6764,25.6164,25.6464,1535712.0
184,2018-05-01,25.6468,25.6768,25.5568,25.6668,1601564.0
185,2018-05-02,25.6168,25.6768,25.5968,25.6268,1620600.0
186,2018-05-03,25.6468,25.6868,25.5868,25.6668,1731569.0
187,2018-05-04,25.5868,25.7968,25.5868,25.6868,2591014.0
188,2018-05-07,25.7068,25.8068,25.7068,25.7468,2101980.0
189,2018-05-08,25.7268,25.7368,25.6568,25.6668,1986781.0
190,2018-05-09,25.6368,25.7068,25.6068,25.6668,1704372.0
191,2018-05-10,25.6668,25.7468,25.6668,25.7268,1834087.0
192,2018-05-11,25.7468,25.7768,25.6968,25.7568,1889682.0
193,2018-05-14,25.7368,25.8868,25.7368,25.7868,1668679.0
194,2018-05-15,25.7168,25.7368,25.6068,25.6068,2368048.0
195,2018-05-16,25.6268,25.6568,25.5768,25.6368,2050747.0
196,2018-05-17,25.5968,25.6768,25.5868,25.6268,2103095.0
197,2018-05-18,25.6568,25.6868,25.6268,25.6568,1339399.0
198,2018-05-21,25.6868,25.6968,25.6368,25.6368,1983767.0
199,2018-05-22,25.6468,25.6768,25.6168,25.6468,2377318.0
200,2018-05-23,25.6768,25.7368,25.6468,25.7268,2394377.0
201,2018-05-24,25.7368,25.8468,25.7268,25.8468,3357987.0
202,2018-05-25,25.8768,25.9768,25.7968,25.8568,2428899.0
203,2018-05-29,25.8268,25.9668,25.8168,25.9168,3208646.0
204,2018-05-30,25.8768,25.9968,25.8568,25.9468,2492213.0
205,2018-05-31,25.9468,25.9868,25.9168,25.9468,3906673.0
206,2018-06-01,25.9807,26.1107,25.9707,26.0807,3258537.0
207,2018-06-04,26.1307,26.2207,26.1007,26.2107,2203949.0
208,2018-06-05,26.2107,26.2907,26.1807,26.2907,2708054.0
209,2018-06-06,26.2207,26.3707,26.2207,26.3307,2129313.0
210,2018-06-07,26.3507,26.3907,26.3107,26.3807,2308497.0
211,2018-06-08,26.3807,26.4207,26.3507,26.4007,1286050.0
212,2018-06-11,26.3907,26.4507,26.3907,26.4107,2093287.0
213,2018-06-12,26.4107,26.4407,26.3407,26.3807,2097161.0
214,2018-06-13,26.3607,26.3807,26.2807,26.3307,1930146.0
215,2018-06-14,26.3507,26.4207,26.3507,26.4207,1283160.0
216,2018-06-15,26.4107,26.4707,26.3907,26.4707,1204354.0
217,2018-06-18,26.4507,26.4907,26.4107,26.4307,1474240.0
218,2018-06-19,26.4307,26.4907,26.3907,26.4707,1863403.0
219,2018-06-20,26.4407,26.5007,26.4207,26.4207,1699063.0
220,2018-06-21,26.4107,26.4307,26.3907,26.4007,1113726.0
221,2018-06-22,26.4007,26.4707,26.4007,26.4607,1138851.0
222,2018-06-25,26.4507,26.4607,26.4007,26.4207,1234828.0
223,2018-06-26,26.3907,26.4807,26.3907,26.4707,1488892.0
224,2018-06-27,26.4507,26.4907,26.4207,26.4407,1397074.0
225,2018-06-28,26.4307,26.5207,26.4207,26.5107,1356027.0
226,2018-06-29,26.5207,26.6607,26.5107,26.6007,2702648.0
227,2018-07-02,26.5107,26.8207,26.5107,26.8007,5236794.0
228,2018-07-03,26.8048,26.9348,26.7548,26.9148,4685807.0
229,2018-07-05,26.8648,27.0048,26.8448,27.0048,4663203.0
230,2018-07-06,27.0248,27.1648,26.9948,27.0848,4772192.0
231,2018-07-09,27.0448,27.1348,27.0048,27.0548,5899883.0
232,2018-07-10,27.0948,27.1048,27.0448,27.0748,4088407.0
233,2018-07-11,27.0548,27.0848,26.9448,26.9648,3514965.0
234,2018-07-12,27.0048,27.0248,26.8948,26.9648,2959210.0
235,2018-07-13,26.9748,26.9748,26.7048,26.7548,5475591.0
236,2018-07-16,26.7548,26.8148,26.6748,26.6848,2898579.0
237,2018-07-17,26.6848,26.7048,26.6248,26.6248,2167167.0
238,2018-07-18,26.6548,26.6948,26.5948,26.5948,2050520.0
239,2018-07-19,26.6048,26.7248,26.5848,26.7248,2162598.0
240,2018-07-20,26.7048,26.8348,26.7048,26.8248,2969016.0
241,2018-07-23,26.8248,26.8248,26.7548,26.7748,2024608.0
242,2018-07-24,26.7748,26.8048,26.7248,26.7848,1811774.0
243,2018-07-25,26.7648,26.8448,26.7348,26.8448,3091068.0
244,2018-07-26,26.8048,26.8448,26.7848,26.8348,3450722.0
245,2018-07-27,26.7948,26.8448,26.6548,26.6848,3192079.0
246,2018-07-30,26.7148,26.7648,26.6348,26.6548,1660674.0
247,2018-07-31,26.6848,26.7348,26.6648,26.6748,1985490.0
248,2018-08-01,26.701,26.701,26.531,26.611,2840488.0
249,2018-08-02,26.631,26.641,26.541,26.631,1917416.0
250,2018-08-03,26.601,26.771,26.601,26.731,2378549.0
251,2018-08-06,26.761,26.761,26.661,26.751,3103357.0
252,2018-08-07,26.761,26.761,26.681,26.741,2229755.0
253,2018-08-08,26.691,26.751,26.671,26.711,1571401.0
254,2018-08-09,26.691,26.711,26.631,26.631,1899485.0
255,2018-08-10,26.631,26.651,26.571,26.601,1599036.0
256,2018-08-13,26.591,26.611,26.551,26.581,1587517.0
257,2018-08-14,26.601,26.691,26.601,26.661,1496994.0
258,2018-08-15,26.621,26.721,26.581,26.641,3191933.0
259,2018-08-16,26.671,26.761,26.661,26.731,1266186.0
260,2018-08-17,26.711,26.831,26.701,26.821,2111643.0
261,2018-08-20,26.891,27.011,26.831,26.901,3504512.0
262,2018-08-21,26.901,26.961,26.901,26.941,1376120.0
263,2018-08-22,26.941,26.971,26.891,26.901,1838977.0
264,2018-08-23,26.891,26.951,26.871,26.871,1546045.0
265,2018-08-24,26.881,27.031,26.881,27.021,2952574.0
266,2018-08-27,27.041,27.041,26.971,27.021,1642961.0
267,2018-08-28,27.011,27.121,26.971,27.101,4761939.0
268,2018-08-29,27.081,27.201,27.081,27.171,2975168.0
269,2018-08-30,27.141,27.201,27.091,27.091,2096845.0
270,2018-08-31,27.131,27.201,27.091,27.201,2001275.0
271,2018-09-04,27.1917,27.1917,26.9217,26.9217,5114726.0
272,2018-09-05,26.9217,26.9817,26.7517,26.7517,4621601.0
273,2018-09-06,26.7817,26.8517,26.7017,26.7117,3962825.0
274,2018-09-07,26.6817,26.7017,26.4717,26.5217,5627142.0
275,2018-09-10,26.5717,26.7017,26.5217,26.6417,3011339.0
276,2018-09-11,26.6217,26.7417,26.6117,26.6817,2186148.0
277,2018-09-12,26.7017,26.7417,26.6717,26.7217,2663706.0
278,2018-09-13,26.7517,26.7917,26.6817,26.6917,1856675.0
279,2018-09-14,26.6817,26.7717,26.5817,26.7617,1861397.0
280,2018-09-17,26.7217,26.7817,26.6617,26.6717,2496421.0
281,2018-09-18,26.6617,26.7417,26.6317,26.6317,2619682.0
282,2018-09-19,26.6517,26.6817,26.5017,26.5017,3854961.0
283,2018-09-20,26.5017,26.5517,26.4517,26.5217,2635286.0
284,2018-09-21,26.5017,26.5817,26.4817,26.5717,1428736.0
285,2018-09-24,26.5317,26.5817,26.5117,26.5317,1655689.0
286,2018-09-25,26.5117,26.5317,26.3917,26.4717,3088496.0
287,2018-09-26,26.4417,26.5217,26.4317,26.4417,3271598.0
288,2018-09-27,26.4717,26.5317,26.4117,26.4817,3035160.0
289,2018-09-28,26.5117,26.5717,26.4417,26.5517,2797328.0
290,2018-10-01,26.6009,26.6009,26.2609,26.2609,6480405.0
291,2018-10-02,26.3009,26.3709,26.1509,26.1609,7623960.0
292,2018-10-03,26.1909,26.2809,25.8709,25.9209,9015910.0
293,2018-10-04,25.8609,25.9009,25.6109,25.6309,8824197.0
294,2018-10-05,25.5409,25.7109,25.5409,25.6309,7938752.0
295,2018-10-08,25.6309,25.7609,25.5609,25.6909,2891396.0
296,2018-10-09,25.6909,25.8209,25.6609,25.8009,3126379.0
297,2018-10-10,25.7209,25.7509,25.4609,25.5209,4540070.0
298,2018-10-11,25.5209,25.6109,25.4409,25.4909,3547350.0
299,2018-10-12,25.6309,25.6609,25.4109,25.4309,7247529.0
300,2018-10-15,25.4509,25.5309,25.3909,25.4909,4207039.0
301,2018-10-16,25.5309,25.6209,25.4809,25.5609,3839269.0
302,2018-10-17,25.5909,25.6209,25.5209,25.5809,2523997.0
303,2018-10-18,25.5209,25.6709,25.5209,25.6609,2624413.0
304,2018-10-19,25.6509,25.8209,25.6409,25.7909,3160850.0
305,2018-10-22,25.7309,25.8709,25.6909,25.8209,2756250.0
306,2018-10-23,25.7409,25.8509,25.6409,25.7109,3072839.0
307,2018-10-24,25.7309,25.7809,25.5809,25.5809,2175217.0
308,2018-10-25,25.5809,25.8109,25.5809,25.8009,3493854.0
309,2018-10-26,25.7509,25.7909,25.6109,25.6809,2807240.0
310,2018-10-29,25.7109,25.8509,25.6409,25.7109,2492351.0
311,2018-10-30,25.6409,25.7909,25.6109,25.6909,2115555.0
312,2018-10-31,25.7009,25.7609,25.6309,25.7209,2483954.0
313,2018-11-01,25.7174,25.8474,25.6874,25.7574,2134186.0
314,2018-11-02,25.7974,25.8174,25.5974,25.6274,2432234.0
315,2018-11-05,25.6374,25.7174,25.5974,25.6274,2086839.0
316,2018-11-06,25.6474,25.7374,25.6474,25.7274,1718023.0
317,2018-11-07,25.7974,25.8774,25.7774,25.8074,2062749.0
318,2018-11-08,25.7774,25.8774,25.7774,25.8374,2139948.0
319,2018-11-09,25.8174,25.8574,25.7474,25.8474,1634253.0
320,2018-11-12,25.8374,25.8374,25.6674,25.6774,1355166.0
321,2018-11-13,25.6674,25.7874,25.6474,25.6474,1806006.0
322,2018-11-14,25.6874,25.7674,25.5474,25.5574,2063657.0
323,2018-11-15,25.5174,25.5374,25.3374,25.4174,3412982.0
324,2018-11-16,25.3274,25.4974,25.2674,25.4974,2300106.0
325,2018-11-19,25.4474,25.4874,25.2574,25.2874,2206367.0
326,2018-11-20,25.1174,25.1574,25.0074,25.0074,4662854.0
327,2018-11-21,25.0474,25.2274,25.0474,25.1974,2614535.0
328,2018-11-23,25.0774,25.1574,25.0774,25.1074,1551790.0
329,2018-11-26,25.2074,25.2374,25.0474,25.0974,2659602.0
330,2018-11-27,25.0474,25.0774,25.0074,25.0374,1960832.0
331,2018-11-28,25.0574,25.2074,24.9974,25.0774,3379224.0
332,2018-11-29,25.0974,25.1574,24.9874,24.9874,2503375.0
333,2018-11-30,24.9974,25.0174,24.8574,24.9174,2603596.0
334,2018-12-03,25.0235,25.0635,24.8835,24.9135,2839372.0
335,2018-12-04,24.9335,24.9435,24.5835,24.7635,5530970.0
336,2018-12-06,24.4235,24.6235,24.3635,24.6035,6189317.0
337,2018-12-07,24.6335,24.7835,24.5935,24.6435,4363221.0
338,2018-12-10,24.6435,24.6935,24.4335,24.6435,5980692.0
339,2018-12-11,24.7135,24.8635,24.6535,24.7035,6017247.0
340,2018-12-12,24.7935,24.8535,24.6435,24.6435,5672007.0
341,2018-12-13,24.6635,24.6835,24.4935,24.5435,3437822.0
342,2018-12-14,24.4035,24.5635,24.4035,24.4535,4242476.0
343,2018-12-17,24.4035,24.4435,24.1635,24.2535,5131517.0
344,2018-12-18,24.3011,24.3611,24.0511,24.1611,6449505.0
345,2018-12-19,24.1111,24.2511,24.0911,24.1111,5491957.0
346,2018-12-20,24.0611,24.0911,23.6911,23.9111,9297811.0
347,2018-12-21,23.7711,23.9011,23.7111,23.7711,8101857.0
348,2018-12-24,23.6811,23.7111,23.4111,23.5611,5583582.0
349,2018-12-26,23.6311,23.8111,23.6111,23.7711,6120460.0
350,2018-12-27,23.7011,23.7211,23.5011,23.7211,7397006.0
351,2018-12-28,23.7311,24.1411,23.7211,24.0511,7708862.0
352,2018-12-31,24.1511,24.3811,24.1211,24.3811,6438359.0
353,2019-01-02,24.3111,24.7111,24.2311,24.7011,5103744.0
354,2019-01-03,24.6311,24.8511,24.5111,24.7611,4713542.0
355,2019-01-04,24.8311,25.1611,24.8311,25.1311,6269970.0
356,2019-01-07,25.1811,25.4911,25.1711,25.2411,6222193.0
357,2019-01-08,25.4311,25.4411,25.1411,25.3311,5430840.0
358,2019-01-09,25.3811,25.4111,25.2311,25.2611,5745014.0
359,2019-01-10,25.2011,25.3711,25.1211,25.3711,3026856.0
360,2019-01-11,25.3511,25.5111,25.3211,25.5111,5439834.0
361,2019-01-14,25.4411,25.5711,25.3811,25.4911,2668611.0
362,2019-01-15,25.5311,25.5911,25.4311,25.5111,3562975.0
363,2019-01-16,25.5411,25.6011,25.4311,25.4811,3847240.0
364,2019-01-17,25.4911,25.6311,25.3711,25.5811,3457836.0
365,2019-01-18,25.6511,25.7411,25.6011,25.6511,4171632.0
366,2019-01-22,25.6211,25.7211,25.5511,25.5811,3592208.0
367,2019-01-23,25.6411,25.6711,25.5111,25.6311,2204361.0
368,2019-01-24,25.6011,25.8611,25.6011,25.8211,3377873.0
369,2019-01-25,25.8611,26.0411,25.8611,25.9411,2529061.0
370,2019-01-28,25.9211,25.9811,25.8211,25.9211,3164753.0
371,2019-01-29,25.8911,26.0411,25.8911,25.9811,2712455.0
372,2019-01-30,26.0211,26.2711,25.9811,26.2511,5613476.0
373,2019-01-31,26.2511,26.3911,26.2311,26.3111,10271461.0
374,2019-02-01,26.2604,26.3204,26.0204,26.1704,5489355.0
375,2019-02-04,26.1804,26.2204,26.0604,26.1804,2735487.0
376,2019-02-05,26.1704,26.2904,26.1704,26.1804,3016858.0
377,2019-02-06,26.1804,26.2004,25.9304,26.1004,5733150.0
378,2019-02-07,26.0604,26.0604,25.8704,25.9004,4666244.0
379,2019-02-08,25.8204,25.9904,25.8204,25.9704,2223586.0
380,2019-02-11,25.9504,26.0204,25.9504,25.9804,2556442.0
381,2019-02-12,26.0304,26.2404,26.0204,26.2404,2705569.0
382,2019-02-13,26.2604,26.3604,26.2104,26.3104,2232768.0
383,2019-02-14,26.2904,26.3204,26.2204,26.2804,2801614.0
384,2019-02-15,26.3304,26.4704,26.3104,26.4704,2390415.0
385,2019-02-19,26.4504,26.5604,26.4304,26.5004,1760764.0
386,2019-02-20,26.5204,26.6104,26.4904,26.5104,2415909.0
387,2019-02-21,26.4704,26.5104,26.4104,26.4604,2334050.0
388,2019-02-22,26.5004,26.5504,26.4804,26.5404,2406304.0
389,2019-02-25,26.5204,26.6204,26.5204,26.5604,2077168.0
390,2019-02-26,26.5604,26.6004,26.4504,26.4704,4492225.0
391,2019-02-27,26.4404,26.5204,26.4404,26.5204,2294887.0
392,2019-02-28,26.5104,26.5504,26.4804,26.5204,1704922.0
393,2019-03-01,26.5787,26.8287,26.5487,26.7887,2723662.0
394,2019-03-04,26.8187,26.8687,26.6287,26.7887,2482395.0
395,2019-03-05,26.7687,26.8287,26.6787,26.7987,2697209.0
396,2019-03-06,26.8287,26.9187,26.7987,26.8987,3953420.0
397,2019-03-07,26.8987,26.9187,26.7187,26.7487,4201649.0
398,2019-03-08,26.6987,26.8487,26.6087,26.8387,3919523.0
399,2019-03-11,26.8087,26.8987,26.8087,26.8687,1491480.0
400,2019-03-12,26.8487,26.9687,26.8487,26.9487,1691477.0
401,2019-03-13,26.9587,27.0487,26.9587,27.0487,2822232.0
402,2019-03-14,27.0487,27.0887,26.9987,27.0687,2496100.0
403,2019-03-15,27.0787,27.1687,27.0387,27.1287,2433882.0
404,2019-03-18,27.1087,27.1687,27.0787,27.0987,2759320.0
405,2019-03-19,27.0787,27.1187,26.9387,26.9487,2198955.0
406,2019-03-20,26.9387,27.0387,26.7587,26.9187,4702843.0
407,2019-03-21,26.9087,27.0687,26.9087,27.0087,2612235.0
408,2019-03-22,26.9987,27.0187,26.8787,26.8887,3464359.0
409,2019-03-25,26.8787,26.9587,26.8287,26.8287,3045658.0
410,2019-03-26,26.8887,26.9487,26.8787,26.9287,2572444.0
411,2019-03-27,26.9287,26.9587,26.8287,26.8387,3004402.0
412,2019-03-28,26.8587,26.9687,26.8587,26.8987,2642432.0
413,2019-03-29,26.9387,27.0687,26.8987,27.0487,3956672.0
414,2019-04-01,27.0891,27.3091,27.0391,27.2691,6010986.0
415,2019-04-02,27.2891,27.3191,27.2191,27.3191,4596076.0
416,2019-04-03,27.3191,27.3791,27.2991,27.3691,4233827.0
417,2019-04-04,27.3491,27.4291,27.3291,27.4291,3878648.0
418,2019-04-05,27.4591,27.4991,27.4391,27.4891,4242953.0
419,2019-04-08,27.4791,27.4791,27.3691,27.3791,2542868.0
420,2019-04-09,27.3491,27.3591,27.1991,27.2791,5050194.0
421,2019-04-10,27.2591,27.3791,27.2391,27.3291,2809723.0
422,2019-04-11,27.3491,27.3591,27.2991,27.3591,1480756.0
423,2019-04-12,27.3791,27.4291,27.3291,27.3591,1946233.0
424,2019-04-15,27.3691,27.3791,27.3391,27.3791,1363254.0
425,2019-04-16,27.3791,27.4591,27.3691,27.3791,3576783.0
426,2019-04-17,27.4091,27.4191,27.2891,27.2991,2207272.0
427,2019-04-18,27.3191,27.3191,27.2291,27.2291,3454006.0
428,2019-04-22,27.2091,27.2391,27.1591,27.2391,3371784.0
429,2019-04-23,27.2291,27.3591,27.2091,27.3191,3337380.0
430,2019-04-24,27.3091,27.3691,27.3091,27.3491,2946348.0
431,2019-04-25,27.3491,27.3591,27.2391,27.2391,2729340.0
432,2019-04-26,27.2791,27.2791,27.1891,27.2591,2596972.0
433,2019-04-29,27.2591,27.3691,27.2491,27.2891,4237355.0
434,2019-04-30,27.3291,27.3391,27.2291,27.2991,2651185.0
435,2019-05-01,27.2891,27.4191,27.2591,27.3791,4077861.0
436,2019-05-02,27.3711,27.3911,27.2811,27.2911,4143936.0
437,2019-05-03,27.3311,27.3611,27.2511,27.3411,3360244.0
438,2019-05-06,27.2511,27.3811,27.2211,27.3511,2333248.0
439,2019-05-07,27.3011,27.3511,27.1911,27.2011,2695371.0
440,2019-05-08,27.2011,27.3011,27.1811,27.2211,2780725.0
441,2019-05-09,27.1811,27.2411,27.0911,27.2111,2561152.0
442,2019-05-10,27.2111,27.3011,27.1511,27.2911,2552870.0
443,2019-05-13,27.1711,27.2111,27.1111,27.1211,3364952.0
444,2019-05-14,27.1711,27.3311,27.1611,27.3311,3124374.0
445,2019-05-15,27.2511,27.4611,27.2511,27.4411,3598359.0
446,2019-05-16,27.4411,27.5611,27.4411,27.4711,2585958.0
447,2019-05-17,27.4411,27.4911,27.3611,27.3711,3745380.0
448,2019-05-20,27.3111,27.3811,27.2211,27.2411,4021503.0
449,2019-05-21,27.2911,27.3911,27.2811,27.3811,1906807.0
450,2019-05-22,27.3811,27.4711,27.3511,27.4311,2295719.0
451,2019-05-23,27.3811,27.4011,27.3011,27.3711,3422333.0
452,2019-05-24,27.4011,27.4711,27.3711,27.4611,2103873.0
453,2019-05-28,27.4611,27.5011,27.4011,27.4211,3194122.0
454,2019-05-29,27.4011,27.4611,27.3511,27.4511,5538483.0
455,2019-05-30,27.4511,27.5111,27.4111,27.5011,3272821.0
456,2019-05-31,27.4511,27.4711,27.3511,27.3911,3753286.0
457,2019-06-03,27.3778,27.4278,27.3378,27.3878,5350137.0
458,2019-06-04,27.4378,27.5678,27.4178,27.5578,4191987.0
459,2019-06-05,27.5778,27.6178,27.5378,27.6078,2624414.0
460,2019-06-06,27.5878,27.6478,27.5778,27.6078,2448884.0
461,2019-06-07,27.6278,27.7578,27.6178,27.7378,4419662.0
462,2019-06-10,27.7578,27.8178,27.7378,27.7478,3711500.0
463,2019-06-11,27.7478,27.8078,27.6378,27.6778,3173772.0
464,2019-06-12,27.6778,27.7078,27.6678,27.6978,1642803.0
465,2019-06-13,27.7278,27.7978,27.6978,27.7878,2631094.0
466,2019-06-14,27.7878,27.8478,27.7478,27.8378,2649083.0
467,2019-06-17,27.8378,27.9178,27.8278,27.9078,3857577.0
468,2019-06-18,27.9578,28.0178,27.9378,27.9778,3604348.0
469,2019-06-19,27.9578,28.0478,27.9378,28.0478,3477716.0
470,2019-06-20,28.1278,28.1478,28.0478,28.1078,3640780.0
471,2019-06-21,28.0878,28.0978,27.9778,27.9778,3753803.0
472,2019-06-24,27.9978,28.0278,27.9078,27.9478,3470326.0
473,2019-06-25,27.9578,27.9978,27.8778,27.8778,4311361.0
474,2019-06-26,27.9178,27.9478,27.8178,27.8278,3214275.0
475,2019-06-27,27.8578,27.9678,27.8378,27.8478,2743565.0
476,2019-06-28,27.8378,27.9278,27.8378,27.8678,3275632.0
477,2019-07-01,27.9578,27.9578,27.8478,27.8878,3830313.0
478,2019-07-02,27.919,28.089,27.879,28.069,6254022.0
479,2019-07-03,28.069,28.179,28.039,28.139,3425213.0
480,2019-07-05,28.119,28.119,27.889,28.029,4085379.0
481,2019-07-08,28.029,28.029,27.939,27.949,3024034.0
482,2019-07-09,27.959,27.989,27.929,27.949,2745775.0
483,2019-07-10,28.019,28.089,27.989,28.079,2664765.0
484,2019-07-11,28.089,28.109,28.039,28.089,2452822.0
485,2019-07-12,28.129,28.179,28.089,28.179,1984113.0
486,2019-07-15,28.189,28.229,28.159,28.209,1695195.0
487,2019-07-16,28.199,28.229,28.179,28.199,2418908.0
488,2019-07-17,28.219,28.339,28.199,28.329,4057585.0
489,2019-07-18,28.309,28.379,28.279,28.379,3478647.0
490,2019-07-19,28.389,28.419,28.339,28.369,3243497.0
491,2019-07-22,28.409,28.419,28.369,28.379,1778882.0
492,2019-07-23,28.409,28.429,28.379,28.429,1989226.0
493,2019-07-24,28.419,28.559,28.409,28.559,4517179.0
494,2019-07-25,28.559,28.569,28.439,28.439,4108004.0
495,2019-07-26,28.459,28.509,28.459,28.499,2150450.0
496,2019-07-29,28.499,28.609,28.489,28.589,3187967.0
497,2019-07-30,28.549,28.609,28.499,28.529,4096814.0
498,2019-07-31,28.519,28.579,28.459,28.529,5423298.0
499,2019-08-01,28.5543,28.6743,28.5143,28.5543,5159488.0
500,2019-08-02,28.5643,28.5943,28.4343,28.5943,3876191.0
501,2019-08-05,28.4643,28.4843,28.1243,28.2243,6204254.0
502,2019-08-06,28.3243,28.3643,28.2043,28.3643,4441702.0
503,2019-08-07,28.2743,28.3043,28.1443,28.2443,5766204.0
504,2019-08-08,28.2843,28.3843,28.2543,28.3743,3494998.0
505,2019-08-09,28.3443,28.4343,28.3343,28.4043,1963655.0
506,2019-08-12,28.3743,28.4243,28.3343,28.3743,1845994.0
507,2019-08-13,28.3743,28.5843,28.3643,28.5543,4050251.0
508,2019-08-14,28.4443,28.5743,28.4143,28.5043,3903196.0
509,2019-08-15,28.5243,28.7143,28.5143,28.6543,3894923.0
510,2019-08-16,28.6743,28.7443,28.5443,28.5943,8235708.0
511,2019-08-19,28.6543,28.6943,28.5843,28.6443,2921411.0
512,2019-08-20,28.6643,28.7343,28.6443,28.6843,2737870.0
513,2019-08-21,28.7243,28.8043,28.7043,28.7943,2943821.0
514,2019-08-22,28.8143,28.8443,28.7643,28.8243,2528840.0
515,2019-08-23,28.8243,28.8643,28.6443,28.6643,2636749.0
516,2019-08-26,28.7543,28.7543,28.5843,28.6843,3236750.0
517,2019-08-27,28.6943,28.7443,28.6243,28.7143,2905432.0
518,2019-08-28,28.7143,28.8043,28.6843,28.7543,3334281.0
519,2019-08-29,28.7943,28.8343,28.7243,28.7343,2823230.0
520,2019-08-30,28.7643,28.7743,28.6643,28.7543,3400532.0
521,2019-09-03,28.7546,28.7746,28.6746,28.7646,4336754.0
522,2019-09-04,28.8146,28.8746,28.7946,28.8646,5026373.0
523,2019-09-05,28.9146,28.9646,28.8446,28.8846,3509370.0
524,2019-09-06,28.9246,28.9646,28.8846,28.9546,2770762.0
525,2019-09-09,28.9546,28.9746,28.8446,28.8546,3294892.0
526,2019-09-10,28.8346,28.8546,28.6746,28.6746,3083694.0
527,2019-09-11,28.6846,28.7246,28.6046,28.6546,5213833.0
528,2019-09-12,28.7346,28.8046,28.7146,28.7146,3275420.0
529,2019-09-13,28.6946,28.7046,28.3046,28.4146,10444901.0
530,2019-09-16,28.4346,28.6046,28.4046,28.5546,3548088.0
531,2019-09-17,28.5746,28.6946,28.5546,28.6746,2216484.0
532,2019-09-18,28.7046,28.7846,28.6246,28.7746,3139917.0
533,2019-09-19,28.8146,28.8846,28.8046,28.8246,2508829.0
534,2019-09-20,28.8346,28.9146,28.8346,28.9146,2130465.0
535,2019-09-23,28.9246,29.0246,28.9146,28.9946,3048933.0
536,2019-09-24,29.0246,29.0446,28.9446,28.9446,3458387.0
537,2019-09-25,28.9446,28.9946,28.9046,28.9246,2097594.0
538,2019-09-26,28.9546,28.9846,28.9146,28.9646,2816981.0
539,2019-09-27,28.9746,29.0046,28.8746,28.9146,2542464.0
540,2019-09-30,28.9446,29.0346,28.9246,29.0346,2491542.0
541,2019-10-01,29.0137,29.0637,28.9637,28.9837,3863373.0
542,2019-10-02,28.9437,28.9437,28.7537,28.8337,4014664.0
543,2019-10-03,28.8337,28.9137,28.7237,28.8937,4289904.0
544,2019-10-04,28.9037,29.0137,28.8537,28.9537,5208767.0
545,2019-10-07,28.9137,28.9737,28.8337,28.9237,2954383.0
546,2019-10-08,28.8637,28.9337,28.8237,28.8237,3659757.0
547,2019-10-09,28.9037,28.9437,28.8737,28.9037,2000269.0
548,2019-10-10,28.8737,28.9537,28.8737,28.9537,2831558.0
549,2019-10-11,28.9437,29.0737,28.9437,29.0237,3051137.0
550,2019-10-14,29.0237,29.1837,29.0037,29.1537,3810182.0
551,2019-10-15,29.1737,29.2437,29.1137,29.1537,5338006.0
552,2019-10-16,29.1337,29.2437,29.1137,29.2237,3819093.0
553,2019-10-17,29.2237,29.2637,29.1837,29.2537,3304012.0
554,2019-10-18,29.2337,29.2737,29.2137,29.2137,2509039.0
555,2019-10-21,29.2337,29.2537,29.1837,29.1937,2475341.0
556,2019-10-22,29.2137,29.2637,29.2037,29.2637,3196938.0
557,2019-10-23,29.2637,29.3437,29.2637,29.3437,3155360.0
558,2019-10-24,29.3637,29.3737,29.3137,29.3337,2324024.0
559,2019-10-25,29.3337,29.3437,29.2737,29.3137,2741141.0
560,2019-10-28,29.3037,29.3037,29.1937,29.2037,2690965.0
561,2019-10-29,29.2037,29.2637,29.1637,29.1637,3126992.0
562,2019-10-30,29.2037,29.2437,29.1737,29.2237,3235419.0
563,2019-10-31,29.2237,29.2737,29.1937,29.1937,4373197.0
564,2019-11-01,29.1996,29.2396,29.1396,29.1796,4658725.0
565,2019-11-04,29.1796,29.2496,29.1696,29.2196,4321944.0
566,2019-11-05,29.1896,29.1896,29.0396,29.0796,4822563.0
567,2019-11-06,29.1096,29.1596,29.0796,29.1396,3913809.0
568,2019-11-07,29.0796,29.0996,28.8496,28.8596,6164317.0
569,2019-11-08,28.8496,28.9896,28.8396,28.8696,4857219.0
570,2019-11-11,28.9196,28.9396,28.7896,28.7896,3572291.0
571,2019-11-12,28.8196,28.9296,28.7996,28.8996,3006971.0
572,2019-11-13,28.9296,29.0896,28.9096,29.0896,3447435.0
573,2019-11-14,29.1196,29.1496,29.0796,29.1096,2638680.0
574,2019-11-15,29.1196,29.1596,29.0896,29.1496,2672852.0
575,2019-11-18,29.1396,29.1496,29.0896,29.0896,2615855.0
576,2019-11-19,29.0896,29.1196,29.0496,29.0596,2686892.0
577,2019-11-20,29.0496,29.0896,29.0396,29.0796,1680293.0
578,2019-11-21,29.0796,29.0796,29.0396,29.0596,1953819.0
579,2019-11-22,29.0796,29.1496,29.0196,29.0196,4042261.0
580,2019-11-25,29.0596,29.1296,29.0496,29.0896,2823071.0
581,2019-11-26,29.1196,29.1696,29.0896,29.1596,3268782.0
582,2019-11-27,29.1696,29.1996,29.1096,29.1396,3558290.0
583,2019-11-29,29.1296,29.1796,29.0096,29.0296,2898772.0
584,2019-12-02,29.0138,29.0138,28.7938,28.7938,9062673.0
585,2019-12-03,28.7538,28.8138,28.6738,28.7638,5627383.0
586,2019-12-04,28.8138,28.8738,28.7938,28.8138,10154088.0
587,2019-12-05,28.8238,28.8738,28.7938,28.8138,6587327.0
588,2019-12-06,28.7938,28.8938,28.7538,28.8538,5958311.0
589,2019-12-09,28.8738,28.9238,28.8538,28.8738,4161804.0
590,2019-12-10,28.8938,28.9438,28.8738,28.9438,2651611.0
591,2019-12-11,28.9438,29.0938,28.9438,29.0738,3431046.0
592,2019-12-12,29.0738,29.1138,29.0238,29.0938,4476825.0
593,2019-12-13,29.0838,29.2438,29.0738,29.2338,2261006.0
594,2019-12-16,29.2438,29.3838,29.2138,29.3638,3309138.0
595,2019-12-17,29.3738,29.4738,29.3438,29.4738,4301084.0
596,2019-12-18,29.4638,29.5238,29.4038,29.5138,4134428.0
597,2019-12-19,29.4888,29.5588,29.4788,29.5488,3409193.0
598,2019-12-20,29.5688,29.5988,29.5188,29.5888,2032473.0
599,2019-12-23,29.6188,29.6488,29.5988,29.6488,2569804.0
600,2019-12-24,29.6288,29.6888,29.6188,29.6688,1180722.0
601,2019-12-26,29.6988,29.7388,29.6588,29.7188,1709338.0
602,2019-12-27,29.7188,29.7288,29.6588,29.6588,2601451.0
603,2019-12-30,29.6488,29.6788,29.5888,29.5888,3487169.0
604,2019-12-31,29.5888,29.7388,29.5788,29.7388,3845489.0
605,2020-01-02,29.7588,29.9788,29.7488,29.9588,8140956.0
606,2020-01-03,29.8888,30.0488,29.8688,30.0388,7713420.0
607,2020-01-06,29.9788,30.0488,29.9488,30.0088,7330166.0
608,2020-01-07,29.9988,29.9988,29.9288,29.9588,7141404.0
609,2020-01-08,29.9588,30.0488,29.9488,29.9988,7098261.0
610,2020-01-09,30.0088,30.0488,29.9188,30.0188,4572054.0
611,2020-01-10,30.0188,30.0888,29.9988,30.0688,3318298.0
612,2020-01-13,30.0888,30.1188,30.0588,30.1188,3874519.0
613,2020-01-14,30.1188,30.1388,30.0888,30.1288,2794140.0
614,2020-01-15,30.0988,30.2088,30.0788,30.1288,5077374.0
615,2020-01-16,30.1288,30.1588,30.0988,30.1588,4576034.0
616,2020-01-17,30.1288,30.2188,30.0988,30.2188,3897617.0
617,2020-01-21,30.2088,30.2488,30.1488,30.2188,3335981.0
618,2020-01-22,30.2088,30.2488,30.1888,30.1988,1968909.0
619,2020-01-23,30.1888,30.2288,30.0888,30.1988,4088169.0
620,2020-01-24,30.2188,30.2488,30.1588,30.1988,3259888.0
621,2020-01-27,30.0088,30.1588,30.0088,30.0988,4302063.0
622,2020-01-28,30.1388,30.2088,30.1388,30.2088,2437020.0
623,2020-01-29,30.2288,30.2988,30.2088,30.2888,3396976.0
624,2020-01-30,30.2488,30.3788,30.2188,30.3788,4727002.0
625,2020-01-31,30.3588,30.4088,30.2188,30.3088,5390538.0
626,2020-02-03,30.3425,30.3825,30.2825,30.3125,4009887.0
627,2020-02-04,30.4025,30.4525,30.3625,30.3725,4992408.0
628,2020-02-05,30.4625,30.5025,30.4225,30.4725,3178215.0
629,2020-02-06,30.4725,30.4925,30.3925,30.4625,4409662.0
630,2020-02-07,30.4525,30.5025,30.4125,30.4225,5397053.0
631,2020-02-10,30.4325,30.5125,30.4225,30.5125,2361986.0
632,2020-02-11,30.5125,30.6225,30.5025,30.6025,3576133.0
633,2020-02-12,30.6225,30.6425,30.5325,30.5425,2986075.0
634,2020-02-13,30.5425,30.5725,30.4925,30.5125,2646546.0
635,2020-02-14,30.5425,30.5925,30.5225,30.5725,2545887.0
636,2020-02-18,30.6025,30.6025,30.5225,30.5525,2730236.0
637,2020-02-19,30.5825,30.5925,30.3725,30.3825,4368401.0
638,2020-02-20,30.4125,30.4925,30.3325,30.4725,4507336.0
639,2020-02-21,30.4825,30.5125,30.3625,30.3625,3168006.0
640,2020-02-24,30.0625,30.2425,29.8725,29.8725,9369651.0
641,2020-02-25,30.0125,30.1125,29.4225,29.4225,15389627.0
642,2020-02-26,29.4725,29.6925,29.3125,29.4525,15037158.0
643,2020-02-27,29.2225,29.3825,28.9425,28.9725,17533200.0
644,2020-02-28,28.4325,28.7625,28.3425,28.6125,18624779.0
645,2020-03-02,28.6929,29.2029,28.6329,29.1629,18615464.0
646,2020-03-03,29.2929,29.8029,29.0329,29.1329,15631775.0
647,2020-03-04,29.4029,29.7729,29.3329,29.7129,8691809.0
648,2020-03-05,29.5329,29.6729,29.3029,29.3229,8669779.0
649,2020-03-06,28.7529,29.1229,28.6529,28.8329,14560848.0
650,2020-03-09,26.9929,27.9329,26.7229,27.4729,14266732.0
651,2020-03-10,28.2329,28.2329,27.4029,27.8529,9953248.0
652,2020-03-11,27.5329,27.6129,26.9729,27.2629,9713469.0
653,2020-03-12,25.4729,25.7129,23.7229,23.8129,21992721.0
654,2020-03-13,25.0829,25.9529,23.6029,25.9529,10915508.0
655,2020-03-16,20.4629,23.9629,20.4629,22.6129,11762331.0
656,2020-03-17,22.6429,23.1729,22.2829,22.7229,10469839.0
657,2020-03-18,20.9929,21.6629,16.3229,17.5929,20690566.0
658,2020-03-19,17.0829,20.3429,16.3229,19.6829,17346383.0
659,2020-03-20,20.5129,21.9229,19.9729,20.2229,10979222.0
660,2020-03-23,19.9729,20.3329,17.2829,18.6829,16728979.0
661,2020-03-24,20.4729,21.2829,20.2229,20.7629,10036845.0
662,2020-03-25,21.3929,24.0629,21.1129,22.8429,12405561.0
663,2020-03-26,22.9729,24.8629,22.9729,24.8529,9968685.0
664,2020-03-27,23.8529,24.3529,23.2929,23.9429,6938067.0
665,2020-03-30,23.9729,24.3629,23.5029,24.2729,4981912.0
666,2020-03-31,24.1729,24.5029,24.0229,24.3129,5988105.0
667,2020-04-01,23.3461,23.4461,22.3261,22.7461,11540668.0
668,2020-04-02,23.0561,23.3261,22.2461,22.9361,10906450.0
669,2020-04-03,22.9561,23.0861,22.3061,22.6561,5652341.0
670,2020-04-06,23.2461,23.8761,23.1461,23.5761,6334792.0
671,2020-04-07,24.4861,24.6061,23.9961,24.4461,7237279.0
672,2020-04-08,24.6461,25.7161,24.5061,25.3661,8539659.0
673,2020-04-09,25.8961,26.9261,25.8561,26.6161,16355254.0
674,2020-04-13,26.4261,26.4561,25.5461,26.2561,6957411.0
675,2020-04-14,26.7161,26.7361,26.2761,26.4761,4896810.0
676,2020-04-15,25.9461,26.2161,25.7761,26.1461,5637915.0
677,2020-04-16,26.0961,26.3061,25.8661,26.0961,4215108.0
678,2020-04-17,26.4661,26.5761,26.3561,26.5061,5064828.0
679,2020-04-20,26.1461,26.4161,26.1161,26.3461,3257358.0
680,2020-04-21,25.8661,26.0861,25.6761,25.8261,5206887.0
681,2020-04-22,26.2661,26.2761,25.9961,26.1161,4369811.0
682,2020-04-23,26.2561,26.4161,26.1161,26.3461,3254198.0
683,2020-04-24,26.4361,26.6561,26.2561,26.6561,4668230.0
684,2020-04-27,26.7861,26.7861,26.6161,26.7461,3724884.0
685,2020-04-28,26.9461,26.9561,26.7461,26.7561,4427524.0
686,2020-04-29,26.9361,27.3161,26.9261,27.2961,4668171.0
687,2020-04-30,27.2961,27.3761,27.1161,27.2961,3941804.0
688,2020-05-01,27.0258,27.1158,26.6358,26.7758,5847976.0
689,2020-05-04,26.5658,26.8758,26.4858,26.8058,3391685.0
690,2020-05-05,26.9258,27.0758,26.7958,26.8058,3920344.0
691,2020-05-06,26.8858,26.9958,26.6758,26.6758,3285533.0
692,2020-05-07,26.8158,26.9558,26.7858,26.8658,2720440.0
693,2020-05-08,27.0158,27.0858,26.9158,27.0758,2567220.0
694,2020-05-11,27.0358,27.1158,26.8458,27.0658,7592703.0
695,2020-05-12,27.1158,27.1158,26.9158,26.9158,2726671.0
696,2020-05-13,26.8358,26.8958,26.3558,26.4658,5776870.0
697,2020-05-14,26.2958,26.4158,25.6858,26.3658,6042086.0
698,2020-05-15,26.2058,26.4258,26.1258,26.2558,3459086.0
699,2020-05-18,26.7458,26.8058,26.6458,26.7358,2752757.0
700,2020-05-19,26.7158,26.8858,26.5758,26.7558,2857151.0
701,2020-05-20,26.9058,26.9658,26.8258,26.9258,2239119.0
702,2020-05-21,26.9158,27.0058,26.8658,26.9758,3094759.0
703,2020-05-22,26.8958,27.1558,26.8958,27.1458,1883839.0
704,2020-05-26,27.6158,27.6658,27.3358,27.4458,2405003.0
705,2020-05-27,27.6258,27.6758,27.2958,27.6558,3089423.0
706,2020-05-28,27.7258,27.9058,27.5958,27.7558,2381785.0
707,2020-05-29,27.7858,27.9658,27.6358,27.9558,3833328.0
708,2020-06-01,27.8749,28.0549,27.8349,27.9849,2295171.0
709,2020-06-02,28.0249,28.1549,28.0149,28.1249,2802433.0
710,2020-06-03,28.2649,28.3749,28.2149,28.2649,3128007.0
711,2020-06-04,28.2849,28.3849,28.2549,28.2849,2279474.0
712,2020-06-05,28.8049,28.8049,28.5649,28.5949,4698798.0
713,2020-06-08,28.6749,28.8549,28.6349,28.8449,4394833.0
714,2020-06-09,28.7349,28.7449,28.5749,28.6749,3116614.0
715,2020-06-10,28.7149,28.7149,28.4549,28.5749,3591418.0
716,2020-06-11,27.9849,28.2149,27.4349,27.4549,7097852.0
717,2020-06-12,27.8749,28.0149,27.3749,27.3849,10572141.0
718,2020-06-15,27.0849,27.6549,27.0149,27.6149,5942566.0
719,2020-06-16,28.0849,28.1149,27.8149,27.9849,2988763.0
720,2020-06-17,28.0449,28.1149,27.9949,28.0249,2943851.0
721,2020-06-18,27.8749,28.0549,27.8749,27.9449,2364289.0
722,2020-06-19,28.1249,28.1449,27.9049,28.0149,2860619.0
723,2020-06-22,28.0249,28.0249,27.7449,27.8549,3585275.0
724,2020-06-23,27.9749,27.9849,27.7849,27.8849,3965832.0
725,2020-06-24,27.8449,27.8549,27.4449,27.6849,5232303.0
726,2020-06-25,27.6149,27.7249,27.4849,27.6349,4290755.0
727,2020-06-26,27.5649,27.6349,27.4049,27.4549,2730498.0
728,2020-06-29,27.5249,27.5649,27.3449,27.4949,2956331.0
729,2020-06-30,27.5749,27.6349,27.4349,27.6249,4667978.0
730,2020-07-01,27.6124,27.7424,27.5724,27.6924,3143714.0
731,2020-07-02,27.8124,27.9324,27.7824,27.8624,2461251.0
732,2020-07-06,27.9424,27.9924,27.8624,27.8724,2309781.0
733,2020-07-07,27.9024,27.9024,27.8024,27.8324,1880053.0
734,2020-07-08,27.9524,27.9524,27.8324,27.9524,1941410.0
735,2020-07-09,28.0124,28.0224,27.7524,27.9424,2603235.0
736,2020-07-10,27.9124,28.1024,27.8824,28.0424,2000144.0
737,2020-07-13,28.1124,28.1524,27.7824,27.8324,6907774.0
738,2020-07-14,27.7524,27.8724,27.7124,27.8524,2955080.0
739,2020-07-15,27.9724,28.1424,27.9524,28.1224,2926894.0
740,2020-07-16,28.1024,28.3524,28.0524,28.3224,3028191.0
741,2020-07-17,28.4224,28.4924,28.3324,28.4724,2634063.0
742,2020-07-20,28.4724,28.5324,28.4124,28.5224,2406055.0
743,2020-07-21,28.5424,28.7124,28.5424,28.6824,2791852.0
744,2020-07-22,28.6824,28.7824,28.6624,28.7824,2144795.0
745,2020-07-23,28.7824,28.8824,28.7124,28.8424,3393592.0
746,2020-07-24,28.8324,28.8824,28.7724,28.8624,2251585.0
747,2020-07-27,28.8824,28.9524,28.8424,28.9524,2241195.0
748,2020-07-28,28.9524,29.0124,28.9024,28.9724,2269559.0
749,2020-07-29,29.0324,29.2624,29.0024,29.2624,3370652.0
750,2020-07-30,29.2124,29.2924,29.1224,29.2124,3183260.0
751,2020-07-31,29.3024,29.3324,29.2424,29.3324,2479043.0
752,2020-08-03,29.4258,29.4258,29.2858,29.3158,4240854.0
753,2020-08-04,29.3158,29.3358,29.2158,29.2558,3114141.0
754,2020-08-05,29.3258,29.4558,29.3158,29.4058,2547729.0
755,2020-08-06,29.3558,29.4158,29.2658,29.2858,2715115.0
756,2020-08-07,29.3058,29.3858,29.2458,29.3558,2419722.0
757,2020-08-10,29.4158,29.5758,29.3958,29.4858,2605088.0
758,2020-08-11,29.5658,29.6158,29.4458,29.4458,3341833.0
759,2020-08-12,29.5458,29.7158,29.5058,29.7158,3688532.0
760,2020-08-13,29.7258,29.7558,29.6658,29.7058,3398861.0
761,2020-08-14,29.7158,29.7358,29.6658,29.6858,2726525.0
762,2020-08-17,29.6858,29.8058,29.6858,29.8058,2583616.0
763,2020-08-18,29.8158,29.8958,29.7958,29.8758,4787483.0
764,2020-08-19,29.8658,29.9558,29.8558,29.9158,2986627.0
765,2020-08-20,29.7958,29.9158,29.7958,29.8858,2521287.0
766,2020-08-21,29.8758,29.9158,29.8258,29.8458,2752549.0
767,2020-08-24,29.9558,30.0058,29.9158,30.0058,4096045.0
768,2020-08-25,30.0258,30.0258,29.9258,30.0058,4872050.0
769,2020-08-26,30.0258,30.0558,29.9858,30.0158,6536949.0
770,2020-08-27,30.0558,30.0658,29.9958,30.0058,4791535.0
771,2020-08-28,30.0358,30.0658,29.9858,30.0058,3025098.0
772,2020-08-31,30.0158,30.0658,29.9658,30.0158,4070298.0
773,2020-09-01,30.056,30.076,29.976,29.996,3120973.0
774,2020-09-02,29.996,30.126,29.956,30.116,3111938.0
775,2020-09-03,30.066,30.096,29.736,29.736,5159486.0
776,2020-09-04,29.776,29.886,29.446,29.716,4727111.0
777,2020-09-08,29.606,29.606,29.396,29.436,4827076.0
778,2020-09-09,29.606,29.806,29.556,29.746,3108631.0
779,2020-09-10,29.796,29.916,29.736,29.746,3927376.0
780,2020-09-11,29.786,29.826,29.646,29.706,3037704.0
781,2020-09-14,29.836,30.016,29.786,29.946,2941833.0
782,2020-09-15,30.056,30.156,30.036,30.096,3850342.0
783,2020-09-16,30.106,30.226,30.076,30.156,4070039.0
784,2020-09-17,29.986,30.116,29.926,29.946,3904817.0
785,2020-09-18,30.026,30.056,29.816,29.916,2670024.0
786,2020-09-21,29.736,29.796,29.456,29.656,4277451.0
787,2020-09-22,29.686,29.856,29.676,29.706,4762623.0
788,2020-09-23,29.786,29.816,29.226,29.256,9572969.0
789,2020-09-24,29.166,29.346,29.006,29.236,10755250.0
790,2020-09-25,29.216,29.756,29.196,29.696,6646928.0
791,2020-09-28,29.856,30.026,29.856,30.026,6541709.0
792,2020-09-29,29.996,30.026,29.876,29.986,4330162.0
793,2020-09-30,30.026,30.046,29.826,29.926,6880311.0
794,2020-10-01,29.8634,30.1534,29.8634,30.1534,10291641.0
795,2020-10-02,29.8834,30.2134,29.8834,30.1634,8745916.0
796,2020-10-05,30.2734,30.3934,30.2334,30.3834,6208138.0
797,2020-10-06,30.3934,30.5434,30.2934,30.4134,13570616.0
798,2020-10-07,30.4834,30.5734,30.4534,30.5734,5614139.0
799,2020-10-08,30.6334,30.6834,30.5834,30.6434,6917047.0
800,2020-10-09,30.6634,30.7134,30.5334,30.6734,4745368.0
801,2020-10-12,30.7334,30.7434,30.5834,30.7234,5972318.0
802,2020-10-13,30.7134,30.7234,30.5634,30.6234,5381279.0
803,2020-10-14,30.6834,30.7034,30.4534,30.5334,3569430.0
804,2020-10-15,30.4134,30.5834,30.3534,30.5434,4905668.0
805,2020-10-16,30.5834,30.6034,30.4134,30.4134,4429886.0
806,2020-10-19,30.5234,30.5434,30.2334,30.2434,5411374.0
807,2020-10-20,30.3734,30.5334,30.3234,30.4734,4355486.0
808,2020-10-21,30.4734,30.5034,30.1634,30.1834,6619909.0
809,2020-10-22,30.2634,30.4834,30.1634,30.4734,4010961.0
810,2020-10-23,30.5034,30.7034,30.4834,30.7034,5068477.0
811,2020-10-26,30.6234,30.6234,30.3734,30.3834,4355234.0
812,2020-10-27,30.4334,30.5434,30.3534,30.4034,3479147.0
813,2020-10-28,30.2634,30.3134,29.7634,29.7634,9082793.0
814,2020-10-29,29.8034,30.0934,29.7434,29.8634,6701605.0
815,2020-10-30,29.7834,29.9834,29.7434,29.8534,8977038.0
816,2020-11-02,30.085,30.175,29.995,30.075,5271495.0
817,2020-11-03,30.175,30.355,30.105,30.265,4575815.0
818,2020-11-04,30.465,30.605,30.355,30.515,7126421.0
819,2020-11-05,30.705,30.815,30.575,30.625,4213394.0
820,2020-11-06,30.665,30.685,30.465,30.475,6237845.0
821,2020-11-09,30.875,31.165,30.795,31.055,13857242.0
822,2020-11-10,31.055,31.085,30.895,30.965,5016778.0
823,2020-11-11,31.105,31.145,30.985,31.065,3240174.0
824,2020-11-12,31.035,31.105,30.895,30.945,3304233.0
825,2020-11-13,31.015,31.175,30.995,31.075,3457233.0
826,2020-11-16,31.245,31.525,31.155,31.505,8858268.0
827,2020-11-17,31.445,31.565,31.345,31.465,4546822.0
828,2020-11-18,31.425,31.585,31.305,31.325,3819271.0
829,2020-11-19,31.325,31.415,31.255,31.385,3790136.0
830,2020-11-20,31.395,31.445,31.295,31.345,3228232.0
831,2020-11-23,31.435,31.535,31.405,31.465,3207065.0
832,2020-11-24,31.565,31.695,31.535,31.555,4916035.0
833,2020-11-25,31.585,31.605,31.505,31.535,3100468.0
834,2020-11-27,31.595,31.625,31.525,31.605,1963783.0
835,2020-11-30,31.585,31.605,31.385,31.515,7693730.0
836,2020-12-01,31.6531,31.6531,31.5431,31.5931,4550781.0
837,2020-12-02,31.4331,31.6731,31.4331,31.6331,4830774.0
838,2020-12-03,31.6731,31.7731,31.6431,31.7331,3617624.0
839,2020-12-04,31.7331,31.8131,31.7331,31.7731,2693380.0
840,2020-12-07,31.7531,31.8631,31.7131,31.8631,4541504.0
841,2020-12-08,31.8131,31.9331,31.7931,31.9231,3043460.0
842,2020-12-09,31.9331,31.9331,31.8231,31.8831,3740567.0
843,2020-12-10,31.8531,31.9231,31.7131,31.8031,4507234.0
844,2020-12-11,31.7731,31.8531,31.6831,31.8231,3051365.0
845,2020-12-14,31.8831,31.9631,31.8431,31.8731,2935773.0
846,2020-12-15,31.9331,32.0631,31.8831,32.0631,3628865.0
847,2020-12-16,32.0631,32.1331,32.0231,32.1131,4011905.0
848,2020-12-17,32.1445,32.2545,32.1245,32.2345,4222238.0
849,2020-12-18,32.2445,32.2645,32.1545,32.1845,3228504.0
850,2020-12-21,32.0345,32.2245,31.9845,32.1745,5098249.0
851,2020-12-22,32.1945,32.2745,31.9445,32.0545,10825131.0
852,2020-12-23,32.1345,32.1745,31.9945,32.0745,3504176.0
853,2020-12-24,32.0945,32.2345,32.0945,32.2045,2740320.0
854,2020-12-28,32.2345,32.2945,32.1745,32.1845,3881047.0
855,2020-12-29,32.2345,32.2645,32.1245,32.1645,3385615.0
856,2020-12-30,32.2345,32.3345,32.1745,32.3345,3546877.0
857,2020-12-31,32.3345,32.5245,32.2945,32.5045,4115526.0
858,2021-01-04,32.5545,32.5545,32.0345,32.1345,7073543.0
859,2021-01-05,32.0445,32.3145,32.0345,32.3145,5890518.0
860,2021-01-06,32.1745,32.2345,31.7545,32.0645,9988834.0
861,2021-01-07,32.0345,32.0945,31.7645,31.9645,8691634.0
862,2021-01-08,31.9545,32.0845,31.9145,31.9645,7343835.0
863,2021-01-11,31.8245,31.9245,31.6945,31.6945,6655955.0
864,2021-01-12,31.7045,31.7445,31.4745,31.6045,8360760.0
865,2021-01-13,31.6445,32.1545,31.6445,32.1545,7473749.0
866,2021-01-14,32.1945,32.2645,32.0745,32.1645,6776365.0
867,2021-01-15,32.1445,32.2745,32.0645,32.0645,5791471.0
868,2021-01-19,32.0845,32.3045,32.0845,32.2945,4275987.0
869,2021-01-20,32.3845,32.4845,32.3045,32.4545,4974400.0
870,2021-01-21,32.4345,32.4845,32.2745,32.3045,4864281.0
871,2021-01-22,32.2345,32.4245,32.2245,32.3745,4079605.0
872,2021-01-25,32.4345,32.4445,32.2445,32.2745,3499307.0
873,2021-01-26,32.3445,32.3645,32.1645,32.1745,3507714.0
874,2021-01-27,32.0945,32.1345,31.6145,31.6445,9369569.0
875,2021-01-28,31.7145,32.0245,31.6845,31.9945,5353187.0
876,2021-01-29,31.9645,32.0345,31.7545,31.8445,7702864.0
877,2021-02-01,31.9242,32.1842,31.8742,32.0542,5145496.0
878,2021-02-02,32.0642,32.4242,32.0542,32.1942,6740120.0
879,2021-02-03,32.2342,32.3342,32.0242,32.0542,7105851.0
880,2021-02-04,32.0842,32.2642,31.9842,32.1542,7097542.0
881,2021-02-05,32.2242,32.3942,32.1842,32.2442,6666712.0
882,2021-02-08,32.2642,32.3742,32.2042,32.2842,6769786.0
883,2021-02-09,32.2642,32.4742,32.2442,32.3142,4414937.0
884,2021-02-10,32.3642,32.8542,32.2242,32.2942,6556827.0
885,2021-02-11,32.3442,32.3842,32.1842,32.2042,10096091.0
886,2021-02-12,32.1442,32.1642,32.0342,32.0942,11199063.0
887,2021-02-16,32.0442,32.0942,31.9042,31.9042,12296028.0
888,2021-02-17,31.9442,31.9742,31.8342,31.8842,8325271.0
889,2021-02-18,31.8542,31.8942,31.7142,31.8842,5663879.0
890,2021-02-19,31.9142,32.0342,31.8342,31.8342,5944980.0
891,2021-02-22,31.7642,31.7942,31.6742,31.6742,6156080.0
892,2021-02-23,31.6442,31.6942,31.5242,31.6442,7211303.0
893,2021-02-24,31.5942,31.6242,31.4742,31.5942,6427339.0
894,2021-02-25,31.5042,31.5842,31.1842,31.2942,9210604.0
895,2021-02-26,31.3842,31.5342,31.2242,31.5142,10873655.0
896,2021-03-01,31.7845,31.7945,31.5845,31.6745,4511368.0
897,2021-03-02,31.6745,31.9045,31.6645,31.8345,2619121.0
898,2021-03-03,31.7945,31.9445,31.6445,31.8545,6411678.0
899,2021-03-04,31.8745,31.9845,31.5445,31.5545,6425633.0
900,2021-03-05,31.6545,31.9345,31.4445,31.9245,7106810.0
901,2021-03-08,31.9345,31.9445,31.8045,31.8145,2899920.0
902,2021-03-09,31.8545,32.0945,31.8545,32.0645,3234880.0
903,2021-03-10,32.1445,32.1445,32.0245,32.1345,4330599.0
904,2021-03-11,32.1645,32.3845,32.1445,32.3745,4884481.0
905,2021-03-12,32.2245,32.2945,32.0845,32.2545,2737008.0
906,2021-03-15,32.2845,32.4745,32.2645,32.4445,4079539.0
907,2021-03-16,32.4845,32.5945,32.4445,32.5045,5319249.0
908,2021-03-17,32.4345,32.5445,32.3645,32.4345,5663665.0
909,2021-03-18,32.3445,32.3445,31.9545,31.9745,6972544.0
910,2021-03-19,31.9845,32.2345,31.8945,32.2045,4580970.0
911,2021-03-22,32.2945,32.3645,32.2645,32.2945,2601058.0
912,2021-03-23,32.2845,32.3745,32.2645,32.2745,2774098.0
913,2021-03-24,32.3545,32.5045,32.3145,32.3945,4532613.0
914,2021-03-25,32.4045,32.4345,32.2645,32.3845,2736660.0
915,2021-03-26,32.4145,32.5445,32.3745,32.5445,2755623.0
916,2021-03-29,32.5445,32.5745,32.3445,32.4345,4212972.0
917,2021-03-30,32.4145,32.5545,32.3645,32.5145,5452791.0
918,2021-03-31,32.5445,32.6945,32.5445,32.6945,4637806.0
919,2021-04-01,32.716,32.846,32.706,32.846,4447952.0
920,2021-04-05,32.856,33.026,32.846,33.026,5468990.0
921,2021-04-06,33.016,33.136,32.996,33.056,6983188.0
922,2021-04-07,33.056,33.126,33.036,33.066,3622079.0
923,2021-04-08,33.106,33.126,33.076,33.106,2539562.0
924,2021-04-09,33.076,33.136,33.066,33.116,2568240.0
925,2021-04-12,33.086,33.136,33.076,33.076,2057686.0
926,2021-04-13,33.096,33.226,33.056,33.196,4831890.0
927,2021-04-14,33.196,33.236,33.106,33.126,2834420.0
928,2021-04-15,33.216,33.326,33.196,33.306,2428525.0
929,2021-04-16,33.286,33.346,33.286,33.316,3199760.0
930,2021-04-19,33.306,33.306,33.156,33.166,5078141.0
931,2021-04-20,33.166,33.186,33.036,33.056,4097272.0
932,2021-04-21,33.056,33.226,33.056,33.226,2330485.0
933,2021-04-22,33.256,33.286,33.166,33.206,2834588.0
934,2021-04-23,33.216,33.396,33.216,33.356,3158687.0
935,2021-04-26,33.396,33.476,33.366,33.446,2586723.0
936,2021-04-27,33.426,33.466,33.286,33.336,2473466.0
937,2021-04-28,33.386,33.406,33.266,33.326,2313898.0
938,2021-04-29,33.376,33.416,33.176,33.206,4300103.0
939,2021-04-30,33.206,33.226,33.146,33.146,4251708.0
940,2021-05-03,33.2823,33.2823,33.1123,33.2423,3621043.0
941,2021-05-04,33.2823,33.2823,33.1223,33.1723,5064259.0
942,2021-05-05,33.2523,33.2923,33.0523,33.1123,4612205.0
943,2021-05-06,33.1323,33.1523,32.9223,33.1023,4991795.0
944,2021-05-07,33.1823,33.3723,33.1423,33.3623,4238452.0
945,2021-05-10,33.3523,33.3923,33.1523,33.1823,3081235.0
946,2021-05-11,33.0823,33.0823,32.8123,32.9323,7278294.0
947,2021-05-12,32.8223,32.8523,32.4823,32.5623,9445057.0
948,2021-05-13,32.6223,32.8323,32.6223,32.6723,3744142.0
949,2021-05-14,32.8323,32.9923,32.8123,32.9123,2349494.0
950,2021-05-17,32.9323,32.9423,32.8323,32.8823,2266590.0
951,2021-05-18,32.9323,32.9823,32.8723,32.9223,1807078.0
952,2021-05-19,32.8023,32.9123,32.6823,32.8423,3108477.0
953,2021-05-20,32.9323,33.1223,32.8823,33.1123,2609892.0
954,2021-05-21,33.1623,33.2423,33.0823,33.1123,3750517.0
955,2021-05-24,33.2023,33.2923,33.1923,33.2523,2987412.0
956,2021-05-25,33.3123,33.3123,33.1323,33.1323,2631240.0
957,2021-05-26,33.1823,33.1923,33.0823,33.1323,5034557.0
958,2021-05-27,33.1723,33.2823,33.1423,33.2323,2280409.0
959,2021-05-28,33.3023,33.4523,33.2723,33.4523,5342852.0
960,2021-06-01,33.5487,33.5487,33.4287,33.5187,6774774.0
961,2021-06-02,33.5287,33.5987,33.4687,33.5687,4650286.0
962,2021-06-03,33.5287,33.5787,33.4587,33.5487,2567863.0
963,2021-06-04,33.6087,33.6387,33.5387,33.5987,2703225.0
964,2021-06-07,33.6387,33.6387,33.5287,33.5387,2171047.0
965,2021-06-08,33.6187,33.6187,33.5087,33.5187,2858679.0
966,2021-06-09,33.5587,33.6687,33.5187,33.5887,2740567.0
967,2021-06-10,33.6287,33.7087,33.6087,33.6787,2368401.0
968,2021-06-11,33.6887,33.7587,33.6687,33.7387,1947967.0
969,2021-06-14,33.7287,33.8087,33.7187,33.7787,4099361.0
970,2021-06-15,33.7987,33.8087,33.7087,33.7487,1779629.0
971,2021-06-16,33.7587,33.8087,33.6087,33.6587,2599338.0
972,2021-06-17,33.6587,33.8287,33.6287,33.7687,4142126.0
973,2021-06-18,33.7387,33.7587,33.6387,33.6787,2955659.0
974,2021-06-21,33.6987,33.7987,33.6887,33.7987,1665954.0
975,2021-06-22,33.7687,33.9087,33.7487,33.9087,2795990.0
976,2021-06-23,33.9287,33.9687,33.8887,33.9087,1778087.0
977,2021-06-24,33.9487,33.9887,33.8787,33.9387,2110523.0
978,2021-06-25,33.9487,33.9587,33.8687,33.9087,3113432.0
979,2021-06-28,33.9787,33.9887,33.8187,33.9487,3675113.0
980,2021-06-29,33.9487,34.0287,33.9087,33.9487,2563463.0
981,2021-06-30,33.9487,34.1187,33.9187,34.0987,3890170.0
982,2021-07-01,34.1628,34.1828,34.0728,34.1328,2722742.0
983,2021-07-02,34.1528,34.2128,34.1428,34.2128,2996717.0
984,2021-07-06,34.2428,34.2528,34.1328,34.2428,3319068.0
985,2021-07-07,34.2728,34.2928,34.1728,34.2828,3093363.0
986,2021-07-08,34.1928,34.2228,34.1228,34.1328,2655109.0
987,2021-07-09,34.1828,34.2828,34.1428,34.2328,1505122.0
988,2021-07-12,34.2528,34.2828,34.2328,34.2728,1645529.0
989,2021-07-13,34.2628,34.2728,33.9928,34.0628,10589934.0
990,2021-07-14,34.0728,34.1228,34.0328,34.0828,3405693.0
991,2021-07-15,34.0828,34.1028,34.0228,34.0528,2213701.0
992,2021-07-16,34.0928,34.1028,33.9728,33.9728,3088580.0
993,2021-07-19,33.8428,33.8928,33.7128,33.7428,5881432.0
994,2021-07-20,33.8128,34.0228,33.7628,33.9628,3098187.0
995,2021-07-21,34.0028,34.0328,33.9328,34.0028,3600956.0
996,2021-07-22,34.0028,34.0228,33.9228,33.9328,2599285.0
997,2021-07-23,34.0028,34.1128,33.9628,34.0928,3296518.0
998,2021-07-26,34.0928,34.0928,34.0428,34.0528,1945347.0
999,2021-07-27,34.0628,34.0828,33.8628,33.9928,3537234.0
1000,2021-07-28,34.0428,34.0728,33.9328,34.0628,3323729.0
1001,2021-07-29,34.0728,34.2128,34.0628,34.2128,3540455.0
1002,2021-07-30,34.1728,34.3328,34.1628,34.3328,4162919.0
1003,2021-08-02,34.3934,34.4434,34.3634,34.3734,4585435.0
1004,2021-08-03,34.3834,34.4334,34.3134,34.4334,4558821.0
1005,2021-08-04,34.4034,34.4334,34.3634,34.4334,3447295.0
1006,2021-08-05,34.4634,34.5234,34.4034,34.5234,4941666.0
1007,2021-08-06,34.4934,34.5534,34.4834,34.5034,6155485.0
1008,2021-08-09,34.5134,34.5334,34.2934,34.2934,5040010.0
1009,2021-08-10,34.3434,34.3434,33.9834,34.1234,7459011.0
1010,2021-08-11,34.1934,34.3134,34.1734,34.2334,4616927.0
1011,2021-08-12,34.2234,34.3834,34.2034,34.3734,4985697.0
1012,2021-08-13,34.4234,34.4934,34.4034,34.4534,4107620.0
1013,2021-08-16,34.4234,34.4534,34.3834,34.4334,2694059.0
1014,2021-08-17,34.3934,34.3934,34.2434,34.2634,3271452.0
1015,2021-08-18,34.2834,34.2834,34.1634,34.2234,5347152.0
1016,2021-08-19,34.1534,34.1834,34.0234,34.1534,3979436.0
1017,2021-08-20,34.1634,34.3034,34.1434,34.2434,3059370.0
1018,2021-08-23,34.2934,34.3334,34.2634,34.3134,2717356.0
1019,2021-08-24,34.3134,34.3834,34.2834,34.3734,2127394.0
1020,2021-08-25,34.4134,34.4234,34.3534,34.3634,3627625.0
1021,2021-08-26,34.3734,34.3734,34.1834,34.1834,3622304.0
1022,2021-08-27,34.2334,34.4834,34.2034,34.4634,4026854.0
1023,2021-08-30,34.4534,34.5634,34.4434,34.4934,3750802.0
1024,2021-08-31,34.4534,34.7034,34.3634,34.4634,5767256.0
1025,2021-09-01,34.5551,34.6051,34.5051,34.5851,3893829.0
1026,2021-09-02,34.6151,34.7351,34.6151,34.6951,4045351.0
1027,2021-09-03,34.6451,34.7051,34.6151,34.6351,2789100.0
1028,2021-09-07,34.6151,34.6551,34.4651,34.4651,5188482.0
1029,2021-09-08,34.4351,34.5751,34.4351,34.5251,3659207.0
1030,2021-09-09,34.4851,34.6251,34.4851,34.6151,3815531.0
1031,2021-09-10,34.6551,34.6651,34.5151,34.5351,3467323.0
1032,2021-09-13,34.6251,34.6351,34.4651,34.4751,2937404.0
1033,2021-09-14,34.5151,34.5851,34.3851,34.3951,2848962.0
1034,2021-09-15,34.4451,34.6151,34.3651,34.5951,2810392.0
1035,2021-09-16,34.5751,34.6951,34.4851,34.6751,5021516.0
1036,2021-09-17,34.6551,34.6851,34.5251,34.5251,3623681.0
1037,2021-09-20,34.3651,34.4351,34.2051,34.2051,6484361.0
1038,2021-09-21,34.2551,34.3751,34.2351,34.3351,7077612.0
1039,2021-09-22,34.3951,34.6051,34.3851,34.6051,8508303.0
1040,2021-09-23,34.6151,34.6951,34.4051,34.4551,6503636.0
1041,2021-09-24,34.4251,34.4651,34.2851,34.2951,6306215.0
1042,2021-09-27,34.2751,34.2951,34.1351,34.1651,5828820.0
1043,2021-09-28,34.0451,34.0951,33.7351,33.7651,10084086.0
1044,2021-09-29,33.8951,34.1651,33.8751,34.1651,8726724.0
1045,2021-09-30,34.2151,34.2451,33.9251,34.0251,9368705.0
1046,2021-10-01,34.1238,34.1538,34.0038,34.0038,3660867.0
1047,2021-10-04,34.0138,34.0438,33.7338,33.7338,7136554.0
1048,2021-10-05,33.7938,33.8338,33.6838,33.7238,5497220.0
1049,2021-10-06,33.6238,33.8938,33.5638,33.8438,6589844.0
1050,2021-10-07,33.8138,33.9638,33.8038,33.8538,5115904.0
1051,2021-10-08,33.9138,33.9438,33.7538,33.8538,3969565.0
1052,2021-10-11,33.8138,33.9038,33.8038,33.8138,2353573.0
1053,2021-10-12,33.8538,34.0238,33.8238,33.9538,3391979.0
1054,2021-10-13,33.9138,34.2038,33.9138,34.1738,4909522.0
1055,2021-10-14,34.2938,34.5238,34.2738,34.4538,6369779.0
1056,2021-10-15,34.4238,34.4938,34.3038,34.3238,5768379.0
1057,2021-10-18,34.2638,34.3738,34.2038,34.3638,4035795.0
1058,2021-10-19,34.3438,34.4738,34.3038,34.3338,3939270.0
1059,2021-10-20,34.3438,34.5538,34.3438,34.5338,5214642.0
1060,2021-10-21,34.5738,34.5738,34.4438,34.5038,2686456.0
1061,2021-10-22,34.5538,34.5738,34.4038,34.4238,6082862.0
1062,2021-10-25,34.4538,34.5838,34.4338,34.5638,2281525.0
1063,2021-10-26,34.6038,34.6538,34.5438,34.5938,2617497.0
1064,2021-10-27,34.6538,34.6738,34.4938,34.5838,5871063.0
1065,2021-10-28,34.5738,34.6538,34.5538,34.5938,2338298.0
1066,2021-10-29,34.5438,34.7838,34.5338,34.7338,3088789.0
1067,2021-11-01,34.7005,34.8305,34.6805,34.8005,4843529.0
1068,2021-11-02,34.8205,34.8405,34.7405,34.8405,6274952.0
1069,2021-11-03,34.8505,34.8705,34.7705,34.7705,5924340.0
1070,2021-11-04,34.8205,34.9505,34.8005,34.9005,7206866.0
1071,2021-11-05,34.9005,34.9205,34.8205,34.9105,5593771.0
1072,2021-11-08,34.9005,34.9305,34.8205,34.8205,3057535.0
1073,2021-11-09,34.8505,34.8605,34.7505,34.7605,2375720.0
1074,2021-11-10,34.7305,34.7305,34.3905,34.3905,7890073.0
1075,2021-11-11,34.4505,34.5005,34.3605,34.3905,3676940.0
1076,2021-11-12,34.4605,34.4705,34.3505,34.3705,4447585.0
1077,2021-11-15,34.4505,34.4505,34.2505,34.3505,4361900.0
1078,2021-11-16,34.3305,34.4305,34.2705,34.3005,5261339.0
1079,2021-11-17,34.3205,34.3205,34.2105,34.2905,3940670.0
1080,2021-11-18,34.3505,34.3905,34.2405,34.3205,4100228.0
1081,2021-11-19,34.3605,34.3705,34.2605,34.3605,2875751.0
1082,2021-11-22,34.3605,34.4005,34.0905,34.0905,5108726.0
1083,2021-11-23,34.0905,34.1005,33.9705,34.0405,4208755.0
1084,2021-11-24,33.9705,34.1905,33.9505,34.1605,4655515.0
1085,2021-11-26,33.9205,34.0105,33.7705,33.8705,4765677.0
1086,2021-11-29,34.0205,34.1405,34.0105,34.0805,3217681.0
1087,2021-11-30,34.0505,34.1005,33.8005,33.9105,6508470.0
1088,2021-12-01,34.074,34.244,33.894,33.944,5443122.0
1089,2021-12-02,33.984,34.174,33.904,34.134,3032749.0
1090,2021-12-03,34.134,34.204,33.864,33.914,4538315.0
1091,2021-12-06,33.934,34.214,33.924,34.144,3281755.0
1092,2021-12-07,34.214,34.534,34.214,34.434,5253282.0
1093,2021-12-08,34.424,34.474,34.284,34.474,5708827.0
1094,2021-12-09,34.394,34.444,34.244,34.274,4968489.0
1095,2021-12-10,34.394,34.444,34.264,34.314,4065119.0
1096,2021-12-13,34.314,34.364,34.264,34.344,3989541.0
1097,2021-12-14,34.204,34.304,34.104,34.134,5593080.0
1098,2021-12-15,34.094,34.384,34.074,34.344,7015245.0
1099,2021-12-16,34.4901,34.6001,34.3901,34.5901,7703630.0
1100,2021-12-17,34.5401,34.6301,34.4501,34.5001,4434607.0
1101,2021-12-20,34.3601,34.4501,34.2801,34.2801,4854976.0
1102,2021-12-21,34.3501,34.6001,34.3501,34.5801,4607616.0
1103,2021-12-22,34.5801,34.8101,34.5401,34.7801,3176334.0
1104,2021-12-23,34.8101,34.8501,34.7301,34.7501,3702686.0
1105,2021-12-27,34.7701,34.8501,34.7601,34.7801,4320458.0
1106,2021-12-28,34.7601,34.8501,34.7601,34.8401,3253744.0
1107,2021-12-29,34.7701,34.9301,34.7701,34.9201,3610139.0
1108,2021-12-30,34.9401,35.1101,34.9101,35.0801,3288346.0
1109,2021-12-31,35.0701,35.1801,35.0501,35.1801,3817733.0
1110,2022-01-03,35.1501,35.1501,34.8901,34.8901,5834654.0
1111,2022-01-04,34.8901,34.9201,34.6601,34.6901,7190977.0
1112,2022-01-05,34.7101,34.8401,34.3001,34.3301,9316508.0
1113,2022-01-06,34.3301,34.5901,34.1501,34.5401,10089067.0
1114,2022-01-07,34.5001,34.5401,34.2701,34.3801,9274441.0
1115,2022-01-10,34.2901,34.3701,34.1701,34.3601,6978934.0
1116,2022-01-11,34.3501,34.5801,34.2801,34.5601,4826653.0
1117,2022-01-12,34.6401,34.6501,34.5201,34.6301,3092685.0
1118,2022-01-13,34.6501,34.7201,34.5801,34.6001,4605050.0
1119,2022-01-14,34.5301,34.5301,34.3101,34.3701,4712359.0
1120,2022-01-18,34.2201,34.2401,34.0201,34.0701,6190811.0
1121,2022-01-19,34.1401,34.2201,34.0301,34.0501,4948037.0
1122,2022-01-20,34.1501,34.2901,33.9001,33.9101,5040981.0
1123,2022-01-21,33.8801,33.9601,33.7501,33.8101,4573002.0
1124,2022-01-24,33.5801,33.7801,33.2701,33.7701,9482049.0
1125,2022-01-25,33.5801,33.6201,33.3701,33.4601,7286125.0
1126,2022-01-26,33.6101,33.6801,33.1201,33.1401,10386198.0
1127,2022-01-27,33.2201,33.4501,32.6701,32.6801,12094447.0
1128,2022-01-28,32.6101,32.8701,32.3901,32.8001,11730904.0
1129,2022-01-31,32.7901,33.4101,32.7301,33.4001,5636223.0
1130,2022-02-01,33.4923,33.5623,33.2523,33.4223,5253425.0
1131,2022-02-02,33.4923,33.5423,33.1823,33.1923,8698797.0
1132,2022-02-03,33.0323,33.0823,32.8423,32.9223,8358656.0
1133,2022-02-04,32.8123,32.8223,32.5923,32.6223,8769474.0
1134,2022-02-07,32.6323,32.8123,32.5723,32.5723,5533538.0
1135,2022-02-08,32.4523,32.6323,32.4023,32.4523,9159471.0
1136,2022-02-09,32.6423,32.7223,32.5723,32.6423,7357146.0
1137,2022-02-10,32.3323,32.5123,32.1023,32.1423,10285116.0
1138,2022-02-11,32.2023,32.2923,31.7123,31.7723,7858943.0
1139,2022-02-14,31.7423,31.7923,31.4023,31.5223,6553356.0
1140,2022-02-15,31.5923,31.8323,31.5523,31.7723,5737647.0
1141,2022-02-16,31.8123,32.1023,31.6623,32.0323,6870916.0
1142,2022-02-17,31.9523,32.1523,31.7823,31.8123,5938532.0
1143,2022-02-18,32.0023,32.0723,31.8323,31.8923,4171386.0
1144,2022-02-22,31.8323,31.8823,31.5623,31.7023,5792846.0
1145,2022-02-23,31.7423,31.8023,31.4923,31.5123,4283707.0
1146,2022-02-24,31.1023,31.7523,30.9823,31.7123,8360311.0
1147,2022-02-25,31.7823,32.2123,31.7823,32.1323,5079103.0
1148,2022-02-28,31.9323,32.3123,31.9323,32.2623,4785373.0
1149,2022-03-01,32.3341,32.4441,31.9841,32.0241,4905005.0
1150,2022-03-02,32.0041,32.2241,32.0041,32.1741,3199121.0
1151,2022-03-03,32.2841,32.3441,32.0841,32.1341,3251690.0
1152,2022-03-04,32.0641,32.0841,31.8241,31.8241,4051160.0
1153,2022-03-07,31.7341,31.8241,31.4541,31.4741,4523511.0
1154,2022-03-08,31.3841,31.6441,31.2841,31.3441,5506503.0
1155,2022-03-09,31.5541,31.7541,31.4341,31.7341,4485152.0
1156,2022-03-10,31.5241,31.5841,31.4241,31.5641,3686427.0
1157,2022-03-11,31.6341,31.6941,31.3541,31.3541,4240712.0
1158,2022-03-14,31.2341,31.2841,30.7941,30.8441,7193127.0
1159,2022-03-15,30.9341,31.2341,30.9141,31.1941,4268198.0
1160,2022-03-16,31.3541,31.6841,31.1941,31.6841,6670270.0
1161,2022-03-17,31.6441,31.9641,31.6441,31.9341,4259026.0
1162,2022-03-18,31.8741,32.1641,31.8741,32.1541,5228918.0
1163,2022-03-21,32.0741,32.1441,31.7841,31.8741,4455684.0
1164,2022-03-22,31.7441,31.9241,31.6441,31.7941,4041199.0
1165,2022-03-23,31.7641,31.8441,31.6741,31.7341,2690696.0
1166,2022-03-24,31.7341,31.8941,31.6541,31.8441,2879959.0
1167,2022-03-25,31.7941,31.8241,31.5841,31.6041,4156928.0
1168,2022-03-28,31.6041,31.9041,31.5641,31.8941,4539709.0
1169,2022-03-29,32.0141,32.2741,31.9941,32.2741,3878477.0
1170,2022-03-30,32.2041,32.3841,32.1441,32.3241,2641729.0
1171,2022-03-31,32.4141,32.4941,32.3541,32.4041,4120174.0
1172,2022-04-01,32.3304,32.3904,32.1704,32.3204,4057037.0
1173,2022-04-04,32.3004,32.3804,32.2104,32.3804,3164125.0
1174,2022-04-05,32.2404,32.3404,31.7904,31.8004,4093350.0
1175,2022-04-06,31.5904,31.7404,31.4504,31.6104,4991507.0
1176,2022-04-07,31.5804,31.8804,31.5004,31.7604,6484171.0
1177,2022-04-08,31.6604,31.9004,31.5204,31.5204,3422747.0
1178,2022-04-11,31.3604,31.4204,31.1504,31.1604,3389637.0
1179,2022-04-12,31.3204,31.4304,31.0504,31.1104,3919572.0
1180,2022-04-13,31.0904,31.2804,31.0904,31.2104,3038947.0
1181,2022-04-14,31.1504,31.2204,31.0004,31.0504,3551223.0
1182,2022-04-18,31.1104,31.1204,30.8904,30.8904,3298536.0
1183,2022-04-19,30.8204,30.9704,30.7504,30.8904,4397186.0
1184,2022-04-20,30.9504,31.1404,30.9504,31.1204,3637727.0
1185,2022-04-21,31.1504,31.2304,30.6704,30.6804,5269868.0
1186,2022-04-22,30.5704,30.6804,30.3704,30.4504,4090746.0
1187,2022-04-25,30.4604,30.6104,30.3204,30.5304,4335087.0
1188,2022-04-26,30.5004,30.5604,30.2204,30.2204,3575423.0
1189,2022-04-27,30.2604,30.3904,29.9104,29.9904,4575423.0
1190,2022-04-28,30.0504,30.4804,29.8004,30.3504,5404505.0
1191,2022-04-29,30.2204,30.2704,29.9904,30.0704,5103404.0
1192,2022-05-02,30.0629,30.0629,29.4129,29.5529,6429419.0
1193,2022-05-03,29.5729,29.8429,29.5529,29.6629,5065686.0
1194,2022-05-04,29.6429,30.4029,29.5729,30.4029,5493349.0
1195,2022-05-05,30.1529,30.1829,29.6429,29.7429,4876408.0
1196,2022-05-06,29.6529,29.6529,29.3429,29.3829,3920237.0
1197,2022-05-09,29.1429,29.3029,28.8629,28.9229,4750346.0
1198,2022-05-10,29.2029,29.3229,28.9429,29.1329,6501437.0
1199,2022-05-11,28.9829,29.3729,28.9429,29.0329,4078614.0
1200,2022-05-12,28.9529,29.1929,28.8729,29.0629,4874764.0
1201,2022-05-13,29.1329,29.4229,29.1329,29.3729,4501256.0
1202,2022-05-16,29.3329,29.6229,29.2429,29.5529,3367181.0
1203,2022-05-17,29.6429,29.7329,29.5129,29.6129,5703435.0
1204,2022-05-18,29.4129,29.4829,29.1929,29.2129,3623299.0
1205,2022-05-19,29.0829,29.4329,29.0829,29.3429,3731690.0
1206,2022-05-20,29.5829,29.5829,29.0629,29.2029,3432907.0
1207,2022-05-23,29.2529,29.4129,29.1929,29.3629,2774126.0
1208,2022-05-24,29.2229,29.5429,29.1429,29.5429,2820363.0
1209,2022-05-25,29.5329,30.1029,29.4829,30.0929,4035384.0
1210,2022-05-26,30.1229,30.5629,30.0929,30.4929,5115929.0
1211,2022-05-27,30.6329,31.2529,30.6229,31.2129,5800054.0
1212,2022-05-31,31.1229,31.1229,30.6229,30.9929,4311677.0
1213,2022-06-01,31.129,31.179,30.759,30.859,3680149.0
1214,2022-06-02,30.819,31.029,30.719,31.029,3224536.0
1215,2022-06-03,30.779,30.909,30.689,30.909,2895740.0
1216,2022-06-06,31.089,31.089,30.749,30.829,2932028.0
1217,2022-06-07,30.769,31.059,30.719,31.029,3620300.0
1218,2022-06-08,30.909,31.019,30.779,30.779,3127393.0
1219,2022-06-09,30.679,30.799,30.299,30.299,4308503.0
1220,2022-06-10,30.119,30.119,29.609,29.689,6230703.0
1221,2022-06-13,29.239,29.239,28.559,28.599,6451998.0
1222,2022-06-14,28.709,28.869,28.309,28.499,5852589.0
1223,2022-06-15,28.629,29.299,28.609,29.209,6930197.0
1224,2022-06-16,28.579,28.789,28.349,28.409,6870572.0
1225,2022-06-17,28.489,28.659,28.389,28.439,3241214.0
1226,2022-06-21,28.609,28.889,28.579,28.809,3711270.0
1227,2022-06-22,28.699,28.949,28.699,28.879,2632976.0
1228,2022-06-23,28.889,29.129,28.869,29.029,2849919.0
1229,2022-06-24,29.089,29.379,29.089,29.379,2285694.0
1230,2022-06-27,29.449,29.499,29.279,29.379,3112538.0
1231,2022-06-28,29.409,29.519,29.219,29.219,2706287.0
1232,2022-06-29,29.279,29.319,29.149,29.299,2199176.0
1233,2022-06-30,29.189,29.369,29.099,29.269,2920248.0
1234,2022-07-01,29.2016,29.5716,29.2016,29.5416,2724207.0
1235,2022-07-05,29.5016,29.5316,29.2516,29.4516,2752593.0
1236,2022-07-06,29.5716,29.6216,29.2516,29.2516,3694134.0
1237,2022-07-07,29.3316,29.7316,29.3316,29.7016,2663484.0
1238,2022-07-08,29.6816,29.8216,29.5816,29.8216,3280275.0
1239,2022-07-11,29.7316,29.8016,29.6616,29.7116,1832802.0
1240,2022-07-12,29.7416,29.9216,29.6616,29.6716,2680080.0
1241,2022-07-13,29.3416,29.7116,29.3416,29.7016,2322067.0
1242,2022-07-14,29.4616,29.5916,29.3416,29.5416,2837055.0
1243,2022-07-15,29.6316,29.8716,29.6316,29.8216,3382823.0
1244,2022-07-18,29.9316,29.9716,29.7316,29.7616,2048129.0
1245,2022-07-19,29.8216,30.0416,29.8216,29.9816,2154848.0
1246,2022-07-20,30.0416,30.2116,29.9916,30.1616,3648874.0
1247,2022-07-21,30.0816,30.3116,30.0816,30.2816,2013478.0
1248,2022-07-22,30.3616,30.5516,30.3416,30.4716,2594701.0
1249,2022-07-25,30.4116,30.4816,30.3516,30.4716,2035906.0
1250,2022-07-26,30.3916,30.4916,30.3616,30.4116,2290366.0
1251,2022-07-27,30.4716,30.6816,30.3716,30.6816,2915157.0
1252,2022-07-28,30.6916,30.8716,30.5616,30.8716,2739922.0
1253,2022-07-29,30.9116,31.3016,30.8816,31.2916,4341002.0
1254,2022-08-01,31.3057,31.4457,31.1857,31.4257,3393883.0
1255,2022-08-02,31.2957,31.8157,31.2057,31.7057,5454996.0
1256,2022-08-03,31.7457,32.0357,31.7257,32.0357,4012866.0
1257,2022-08-04,32.0257,32.0857,31.8457,32.0357,3596122.0
1258,2022-08-05,31.8557,31.8757,31.5857,31.6657,3184622.0
1259,2022-08-08,31.7757,31.8657,31.6357,31.7557,3167738.0
1260,2022-08-09,31.6957,31.7357,31.2557,31.3857,4014163.0
1261,2022-08-10,31.6457,31.7957,31.6157,31.7257,3553313.0
1262,2022-08-11,31.8457,31.8657,31.5857,31.6557,5436328.0
1263,2022-08-12,31.7057,31.8457,31.5757,31.8157,3470507.0
1264,2022-08-15,31.7257,31.9457,31.7257,31.9157,2661483.0
1265,2022-08-16,31.8657,31.8857,31.7057,31.8557,4186387.0
1266,2022-08-17,31.6757,31.6957,31.2657,31.3157,5736114.0
1267,2022-08-18,31.2957,31.4457,31.2357,31.4257,3644680.0
1268,2022-08-19,31.2257,31.2257,31.0157,31.0857,2878373.0
1269,2022-08-22,30.8957,30.9157,30.5957,30.6957,5577484.0
1270,2022-08-23,30.6557,30.8257,29.8057,30.1857,8135870.0
1271,2022-08-24,30.1757,30.5757,30.0757,30.2957,4884110.0
1272,2022-08-25,30.4657,30.8157,30.3557,30.7157,3802818.0
1273,2022-08-26,30.7157,30.8457,30.3557,30.3557,3190635.0
1274,2022-08-29,30.1757,30.4057,30.1257,30.2557,3146941.0
1275,2022-08-30,30.3157,30.3957,30.0457,30.0957,3987262.0
1276,2022-08-31,30.1857,30.2757,29.8257,29.9757,3588697.0
1277,2022-09-01,29.7765,29.8165,29.4565,29.6765,5064960.0
1278,2022-09-02,29.8165,29.9665,29.6565,29.8165,2823652.0
1279,2022-09-06,29.7865,29.8065,29.4465,29.4865,3281041.0
1280,2022-09-07,29.4665,29.8265,29.4665,29.8165,3846258.0
1281,2022-09-08,29.6565,29.9265,29.6165,29.6665,3237317.0
1282,2022-09-09,29.7865,30.0965,29.7065,29.9765,3554413.0
1283,2022-09-12,30.0765,30.3165,30.0765,30.2265,2552662.0
1284,2022-09-13,29.8165,29.9465,29.7465,29.7465,3297961.0
1285,2022-09-14,29.7465,29.9865,29.6965,29.8465,3050139.0
1286,2022-09-15,29.7765,29.9365,29.6165,29.6165,5164896.0
1287,2022-09-16,29.4065,29.6165,29.3065,29.4965,3702808.0
1288,2022-09-19,29.2965,29.6265,29.2865,29.5265,3238563.0
1289,2022-09-20,29.3865,29.4065,29.1865,29.1965,3282933.0
1290,2022-09-21,29.3565,29.5165,29.2465,29.2665,3770371.0
1291,2022-09-22,29.0965,29.1865,28.8565,28.8765,4150949.0
1292,2022-09-23,28.6965,28.7565,28.3465,28.4665,5067801.0
1293,2022-09-26,28.3365,28.5465,28.1665,28.2365,3570081.0
1294,2022-09-27,28.3265,28.4365,28.1965,28.3465,5975333.0
1295,2022-09-28,28.4165,28.8065,28.3765,28.7765,5126186.0
1296,2022-09-29,28.5965,28.6465,28.1965,28.5365,4893274.0
1297,2022-09-30,28.4865,28.6465,28.3265,28.5065,5655628.0
1298,2022-10-03,28.7759,29.0059,28.6759,28.8959,3567109.0
1299,2022-10-04,29.0359,29.2859,29.0159,29.1859,3801646.0
1300,2022-10-05,29.0459,29.0559,28.8159,28.8159,2977790.0
1301,2022-10-06,28.8459,28.9359,28.5959,28.6059,2833730.0
1302,2022-10-07,28.4959,28.5159,28.2959,28.3159,3062846.0
1303,2022-10-10,28.4559,28.4559,27.9859,28.0959,3260434.0
1304,2022-10-11,28.0059,28.1059,27.8559,27.9859,3276820.0
1305,2022-10-12,27.7759,27.8959,27.6659,27.7459,3766346.0
1306,2022-10-13,27.2259,27.7859,27.1759,27.7059,5556476.0
1307,2022-10-14,27.9159,27.9359,27.5359,27.6059,4971011.0
1308,2022-10-17,27.7959,27.9659,27.6559,27.6959,2907566.0
1309,2022-10-18,27.8259,27.9459,27.6859,27.7559,3673205.0
1310,2022-10-19,27.6259,27.6859,27.3659,27.5559,4132777.0
1311,2022-10-20,27.4859,27.5259,27.0259,27.1359,3598699.0
1312,2022-10-21,26.8959,27.0959,26.7959,27.0159,4490615.0
1313,2022-10-24,27.0159,27.2259,27.0059,27.1059,3147023.0
1314,2022-10-25,27.2459,27.5059,27.1859,27.5059,3379728.0
1315,2022-10-26,27.4659,27.8159,27.4359,27.6159,4725222.0
1316,2022-10-27,27.6659,27.7959,27.4959,27.6159,4022102.0
1317,2022-10-28,27.5159,27.8059,27.5159,27.8059,3009349.0
1318,2022-10-31,27.7859,27.7859,27.5159,27.5159,3081453.0
1319,2022-11-01,27.7759,27.8759,27.4159,27.4259,6189689.0
1320,2022-11-02,27.4759,27.7759,27.2259,27.3459,6985998.0
1321,2022-11-03,27.1459,27.2859,27.0859,27.1959,5855833.0
1322,2022-11-04,27.2859,27.4259,27.0859,27.1259,5254843.0
1323,2022-11-07,27.2359,27.3659,27.1159,27.2859,4164162.0
1324,2022-11-08,27.3159,27.7659,27.2859,27.7459,4167341.0
1325,2022-11-09,27.6759,27.7559,27.3459,27.4859,5266772.0
1326,2022-11-10,27.9859,28.9259,27.9859,28.8459,9095022.0
1327,2022-11-11,28.8759,29.2059,28.7759,29.0259,4195609.0
1328,2022-11-14,28.9359,29.0959,28.5759,28.6059,4435882.0
1329,2022-11-15,28.9259,29.2059,28.8759,29.0359,5598490.0
1330,2022-11-16,28.9559,29.1159,28.9559,28.9759,4127979.0
1331,2022-11-17,28.6959,28.8259,28.6259,28.7559,3896199.0
1332,2022-11-18,28.9159,28.9159,28.7259,28.7559,2462733.0
1333,2022-11-21,28.8159,28.8959,28.7159,28.7159,3375070.0
1334,2022-11-22,28.8559,28.8959,28.7659,28.8759,2939769.0
1335,2022-11-23,28.8859,29.0659,28.8859,29.0259,2522721.0
1336,2022-11-25,28.9459,29.1259,28.9459,29.1059,1106866.0
1337,2022-11-28,28.9959,29.1359,28.9259,28.9459,5001498.0
1338,2022-11-29,28.8359,28.9659,28.5359,28.5759,6674728.0
1339,2022-11-30,28.5559,29.1259,28.5059,29.0259,5427933.0
1340,2022-12-01,29.2181,29.5381,29.1981,29.4981,5162373.0
1341,2022-12-02,29.2781,29.6481,29.2481,29.6281,3357549.0
1342,2022-12-05,29.5781,29.5781,29.0981,29.0981,6594994.0
1343,2022-12-06,29.1481,29.2681,28.8481,29.0081,5161763.0
1344,2022-12-07,29.0381,29.1681,28.9881,29.0681,4684896.0
1345,2022-12-08,29.1781,29.2281,28.8981,28.9281,5159132.0
1346,2022-12-09,28.7781,28.9681,28.6281,28.6281,4691664.0
1347,2022-12-12,28.6781,28.7781,28.5581,28.7481,4900176.0
1348,2022-12-13,29.2581,29.2681,28.9581,29.0681,5452162.0
1349,2022-12-14,29.0481,29.1981,28.8981,29.0581,5264509.0
1350,2022-12-15,28.9851,29.0451,28.7951,28.8251,5277745.0
1351,2022-12-16,28.6151,28.8351,28.5951,28.8151,4059263.0
1352,2022-12-19,28.7351,28.8051,28.6751,28.7151,3677843.0
1353,2022-12-20,28.6151,28.7651,28.5551,28.5951,5118679.0
1354,2022-12-21,28.7151,28.8251,28.6651,28.6651,4328086.0
1355,2022-12-22,28.6151,28.6451,28.2051,28.3351,5587026.0
1356,2022-12-23,28.3051,28.4751,28.2351,28.3251,3699543.0
1357,2022-12-27,28.2351,28.3351,28.0151,28.1451,5195097.0
1358,2022-12-28,28.1351,28.2251,27.8651,27.9351,5293529.0
1359,2022-12-29,28.0051,28.1551,27.9351,28.0351,4800472.0
1360,2022-12-30,27.8451,28.1351,27.8351,28.1151,5881533.0
1361,2023-01-03,28.3151,28.3951,28.1251,28.2651,3965437.0
1362,2023-01-04,28.3651,28.9351,28.3651,28.9151,4581686.0
1363,2023-01-05,28.7651,29.1251,28.6751,29.0451,3975464.0
1364,2023-01-06,29.2251,29.5551,29.1651,29.5051,4540999.0
1365,2023-01-09,29.6351,29.7351,29.4551,29.5351,4048046.0
1366,2023-01-10,29.5651,29.7051,29.4651,29.6151,2410218.0
1367,2023-01-11,29.7051,29.8851,29.7051,29.8851,3283873.0
1368,2023-01-12,29.9751,30.0851,29.8051,30.0251,9174114.0
1369,2023-01-13,29.9251,30.1651,29.8851,30.1151,2930653.0
1370,2023-01-17,30.1551,30.4751,30.1551,30.4451,4860880.0
1371,2023-01-18,30.6651,30.8151,30.3251,30.4551,4573855.0
1372,2023-01-19,30.4151,30.5251,30.2851,30.4551,2545694.0
1373,2023-01-20,30.4651,30.5351,30.3451,30.5351,4594761.0
1374,2023-01-23,30.5351,30.7951,30.5051,30.7951,3266459.0
1375,2023-01-24,30.7851,30.8351,30.7151,30.7251,2306475.0
1376,2023-01-25,30.5551,30.7851,30.5451,30.7551,2298296.0
1377,2023-01-26,30.8951,30.9451,30.5851,30.9351,3127707.0
1378,2023-01-27,30.9251,30.9951,30.8651,30.9751,3247265.0
1379,2023-01-30,30.8651,31.0751,30.8051,30.9851,4123430.0
1380,2023-01-31,31.0151,31.1951,31.0051,31.1851,3679235.0
1381,2023-02-01,31.2212,31.4312,31.0912,31.3712,4726357.0
1382,2023-02-02,31.5012,31.6712,31.4612,31.5812,4670251.0
1383,2023-02-03,31.4612,31.4712,31.1112,31.2312,3169707.0
1384,2023-02-06,31.0712,31.0912,30.8212,30.9412,4752616.0
1385,2023-02-07,30.9112,30.9712,30.6212,30.8812,7925999.0
1386,2023-02-08,30.8012,30.9412,30.6712,30.9012,6943454.0
1387,2023-02-09,31.0512,31.0812,30.6512,30.6612,3849126.0
1388,2023-02-10,30.6012,30.7112,30.5112,30.6612,3760269.0
1389,2023-02-13,30.6912,30.9112,30.6512,30.9012,2338091.0
1390,2023-02-14,30.8412,31.0112,30.7512,30.9412,4683570.0
1391,2023-02-15,30.9212,31.0012,30.8412,31.0012,2530055.0
1392,2023-02-16,30.8112,30.8712,30.6512,30.7312,4216216.0
1393,2023-02-17,30.6612,30.6912,30.4912,30.6712,3886418.0
1394,2023-02-21,30.4312,30.5112,29.8612,29.8712,11420315.0
1395,2023-02-22,29.8812,30.3312,29.8812,30.2512,4323525.0
1396,2023-02-23,30.3412,30.5612,30.2512,30.5112,4503166.0
1397,2023-02-24,30.2312,30.3712,30.1712,30.3312,3441057.0
1398,2023-02-27,30.4512,30.5912,30.3312,30.3912,4413543.0
1399,2023-02-28,30.3612,30.4712,30.1912,30.4712,3954369.0
1400,2023-03-01,30.5012,30.5012,30.1612,30.3212,3713184.0
1401,2023-03-02,30.1512,30.2412,30.0112,30.1912,3529195.0
1402,2023-03-03,30.3612,30.5112,30.2912,30.4612,2826848.0
1403,2023-03-06,30.5512,30.6312,30.4312,30.5012,4179413.0
1404,2023-03-07,30.5412,30.5512,30.2212,30.2412,4414473.0
1405,2023-03-08,30.3312,30.4112,30.2412,30.2412,3408667.0
1406,2023-03-09,30.2812,30.3112,29.5912,29.6712,4618441.0
1407,2023-03-10,29.6112,29.6812,28.8412,29.1412,10328600.0
1408,2023-03-13,28.3812,28.5612,27.5912,27.9612,10993368.0
1409,2023-03-14,28.8312,29.1612,28.5112,28.6912,7903402.0
1410,2023-03-15,28.0012,28.4012,27.8812,28.0812,8057068.0
1411,2023-03-16,27.9712,29.1112,27.9212,28.8712,8106656.0
1412,2023-03-17,28.5712,28.7812,28.0412,28.1412,4430413.0
1413,2023-03-20,28.2112,28.3612,27.7612,27.8212,4090172.0
1414,2023-03-21,28.2212,28.4012,28.1212,28.3312,3116563.0
1415,2023-03-22,28.3512,28.5712,28.2212,28.2212,3130639.0
1416,2023-03-23,28.4612,28.5512,27.8412,27.8812,3603628.0
1417,2023-03-24,27.8312,28.0412,27.6712,28.0112,3830679.0
1418,2023-03-27,28.3812,28.6012,28.1712,28.2512,3860189.0
1419,2023-03-28,28.3012,28.5112,28.2012,28.4112,2839961.0
1420,2023-03-29,28.6012,28.8012,28.5212,28.6612,3406340.0
1421,2023-03-30,28.8012,28.9512,28.7212,28.9012,3609540.0
1422,2023-03-31,28.9512,29.2112,28.9512,29.1812,3617206.0
1423,2023-04-03,29.2464,29.3364,29.0164,29.3064,6055174.0
1424,2023-04-04,29.2564,29.2964,29.0564,29.1164,3207032.0
1425,2023-04-05,29.1164,29.1364,29.0364,29.0564,3201204.0
1426,2023-04-06,29.0664,29.2664,28.9864,29.2264,2838341.0
1427,2023-04-10,29.1764,29.2464,29.0964,29.1964,2574105.0
1428,2023-04-11,29.1964,29.4864,29.1964,29.4064,3915990.0
1429,2023-04-12,29.6664,29.6664,29.2864,29.3864,3073786.0
1430,2023-04-13,29.5564,29.5764,29.4164,29.5264,2469003.0
1431,2023-04-14,29.5264,29.5964,29.3764,29.5064,4079584.0
1432,2023-04-17,29.5064,29.5864,29.3964,29.4164,4256112.0
1433,2023-04-18,29.4664,29.5364,29.4464,29.4664,3614167.0
1434,2023-04-19,29.4064,29.5864,29.3964,29.5564,2713840.0
1435,2023-04-20,29.5064,29.5664,29.4764,29.5164,1484008.0
1436,2023-04-21,29.5764,29.6464,29.5064,29.6064,1795901.0
1437,2023-04-24,29.6164,29.6464,29.5564,29.5964,2208749.0
1438,2023-04-25,29.5364,29.5364,29.1964,29.2264,4660570.0
1439,2023-04-26,29.2064,29.3564,29.0264,29.0764,3319526.0
1440,2023-04-27,29.1364,29.3864,29.1264,29.3264,2331955.0
1441,2023-04-28,29.3564,29.5264,29.2964,29.5164,4502501.0
1442,2023-05-01,29.5269,29.5769,29.2069,29.2769,3539959.0
1443,2023-05-02,29.1669,29.2569,28.6769,28.7969,5853997.0
1444,2023-05-03,28.8469,28.9269,28.2869,28.3169,9169174.0
1445,2023-05-04,28.1069,28.1469,27.4969,27.6469,9556862.0
1446,2023-05-05,28.0969,28.2769,28.0169,28.0769,5906700.0
1447,2023-05-08,28.2169,28.2169,28.0369,28.1069,2953985.0
1448,2023-05-09,28.0669,28.0769,27.7269,28.0269,4288582.0
1449,2023-05-10,28.2669,28.3469,28.0969,28.2069,4453350.0
1450,2023-05-11,28.1269,28.1269,27.9369,28.0369,4384928.0
1451,2023-05-12,28.1169,28.1469,27.9469,28.0869,1850336.0
1452,2023-05-15,27.9169,28.1569,27.8669,28.0269,3481348.0
1453,2023-05-16,27.9869,28.0969,27.7269,27.7469,2579507.0
1454,2023-05-17,27.8569,28.3769,27.8369,28.3369,5360063.0
1455,2023-05-18,28.3169,28.5069,28.2469,28.3369,3575126.0
1456,2023-05-19,28.4469,28.4569,28.1569,28.3169,2796548.0
1457,2023-05-22,28.4569,28.5269,28.3269,28.5069,3625525.0
1458,2023-05-23,28.4569,28.5869,28.4069,28.4269,2879718.0
1459,2023-05-24,28.3369,28.4769,28.2969,28.4469,2858683.0
1460,2023-05-25,28.4869,28.5169,28.1869,28.2769,2385807.0
1461,2023-05-26,28.3369,28.4969,28.2569,28.4569,2505951.0
1462,2023-05-30,28.5969,28.6769,28.4969,28.6469,2691579.0
1463,2023-05-31,28.5869,28.7969,28.5669,28.7769,2571062.0
1464,2023-06-01,28.852,29.042,28.712,28.942,3137234.0
1465,2023-06-02,28.982,29.412,28.982,29.372,5569586.0
1466,2023-06-05,29.392,29.392,29.172,29.252,2718487.0
1467,2023-06-06,29.282,29.462,29.202,29.412,3533337.0
1468,2023-06-07,29.472,29.542,29.322,29.322,3171748.0
1469,2023-06-08,29.402,29.412,29.242,29.282,3034988.0
1470,2023-06-09,29.352,29.352,29.182,29.192,3362878.0
1471,2023-06-12,29.262,29.312,29.002,29.172,3285574.0
1472,2023-06-13,29.222,29.322,29.112,29.152,3076850.0
1473,2023-06-14,29.202,29.222,28.862,28.992,4025143.0
1474,2023-06-15,29.022,29.142,28.992,29.122,2512803.0
1475,2023-06-16,29.172,29.202,29.052,29.072,2173791.0
1476,2023-06-20,29.072,29.142,28.892,28.952,2906312.0
1477,2023-06-21,28.982,29.102,28.822,29.012,2846475.0
1478,2023-06-22,29.042,29.042,28.902,28.942,2693411.0
1479,2023-06-23,28.862,29.032,28.822,28.932,1745329.0
1480,2023-06-26,29.032,29.172,28.962,29.072,2486956.0
1481,2023-06-27,29.122,29.222,29.042,29.122,4762623.0
1482,2023-06-28,29.142,29.212,29.112,29.172,2833425.0
1483,2023-06-29,29.132,29.142,28.982,29.132,3168421.0
1484,2023-06-30,29.182,29.422,29.162,29.412,3047458.0
1485,2023-07-03,29.4803,29.7103,29.4103,29.7003,1782844.0
1486,2023-07-05,29.5903,29.7503,29.5403,29.5403,2958701.0
1487,2023-07-06,29.3603,29.3803,28.8703,29.0703,5731371.0
1488,2023-07-07,28.9703,29.3003,28.9603,29.2203,3675154.0
1489,2023-07-10,29.1803,29.3703,29.1803,29.2903,5107206.0
1490,2023-07-11,29.3803,29.5003,29.3103,29.4703,2784061.0
1491,2023-07-12,29.6503,29.6603,29.5403,29.5703,3069525.0
1492,2023-07-13,29.7003,29.7203,29.6303,29.6703,3064606.0
1493,2023-07-14,29.7203,29.7303,29.3903,29.4803,3425947.0
1494,2023-07-17,29.5103,29.5203,29.1903,29.2603,2810521.0
1495,2023-07-18,29.2803,29.4603,29.2703,29.4303,2514761.0
1496,2023-07-19,29.5303,29.5903,29.4903,29.5803,2249549.0
1497,2023-07-20,29.5203,29.5203,29.4003,29.4603,2302743.0
1498,2023-07-21,29.5503,29.6203,29.5003,29.5203,1954167.0
1499,2023-07-24,29.5703,29.6203,29.5403,29.5803,1675855.0
1500,2023-07-25,29.5603,29.6103,29.5003,29.6003,2612176.0
1501,2023-07-26,29.6803,29.8503,29.6403,29.8003,3735150.0
1502,2023-07-27,29.8903,29.9403,29.5303,29.5603,3724363.0
1503,2023-07-28,29.6803,29.7603,29.5303,29.6603,2502568.0
1504,2023-07-31,29.7403,29.9303,29.7203,29.8603,3239572.0
1505,2023-08-01,29.7875,29.8975,29.5975,29.6775,3435585.0
1506,2023-08-02,29.4975,29.5475,29.3275,29.5375,3374829.0
1507,2023-08-03,29.3075,29.4275,29.2275,29.2775,3370157.0
1508,2023-08-04,29.3475,29.6375,29.3375,29.4875,3003654.0
1509,2023-08-07,29.6075,29.6375,29.4975,29.5475,2678202.0
1510,2023-08-08,29.4675,29.5575,29.4375,29.5075,2273247.0
1511,2023-08-09,29.5675,29.6075,29.4575,29.5075,2160110.0
1512,2023-08-10,29.6175,29.6275,29.3975,29.4375,2187430.0
1513,2023-08-11,29.3975,29.4975,29.3375,29.4975,1937687.0
1514,2023-08-14,29.4275,29.4875,29.3775,29.4775,1877137.0
1515,2023-08-15,29.4275,29.4275,29.2275,29.2675,2083336.0
1516,2023-08-16,29.1475,29.2275,29.0275,29.0975,4558761.0
1517,2023-08-17,29.0675,29.1375,28.8875,28.9875,3346430.0
1518,2023-08-18,28.9475,29.0275,28.8975,28.9375,2951037.0
1519,2023-08-21,28.8675,28.8975,28.7175,28.7875,4770321.0
1520,2023-08-22,28.8175,28.8675,28.7675,28.7975,2617723.0
1521,2023-08-23,28.8975,29.0875,28.8775,29.0775,2565810.0
1522,2023-08-24,29.0875,29.1475,28.9075,28.9375,2724948.0
1523,2023-08-25,28.9575,29.0875,28.8475,29.0175,3109757.0
1524,2023-08-28,29.1475,29.1875,29.0675,29.1075,1651404.0
1525,2023-08-29,29.1375,29.3175,29.1075,29.2975,2747561.0
1526,2023-08-30,29.2675,29.3675,29.2675,29.3275,2834341.0
1527,2023-08-31,29.3475,29.6075,29.3475,29.5475,4526839.0
1528,2023-09-01,29.5915,29.6215,29.4515,29.6115,3019380.0
1529,2023-09-05,29.5215,29.5515,29.3515,29.3815,2277118.0
1530,2023-09-06,29.4215,29.4415,29.2515,29.3015,2169495.0
1531,2023-09-07,29.2015,29.3815,29.1915,29.2715,1800826.0
1532,2023-09-08,29.3415,29.4415,29.3215,29.4015,1775893.0
1533,2023-09-11,29.4315,29.4415,29.3015,29.3215,2062839.0
1534,2023-09-12,29.2815,29.3615,29.2515,29.2915,1561295.0
1535,2023-09-13,29.3115,29.3915,29.2615,29.3715,1811132.0
1536,2023-09-14,29.4515,29.5215,29.4015,29.4815,2214901.0
1537,2023-09-15,29.4615,29.5115,29.4015,29.4615,2882130.0
1538,2023-09-18,29.4615,29.5815,29.4115,29.5715,2805376.0
1539,2023-09-19,29.5315,29.6215,29.5015,29.5815,2809753.0
1540,2023-09-20,29.6415,29.7315,29.5615,29.5715,2623132.0
1541,2023-09-21,29.3715,29.3715,29.1015,29.1615,6007387.0
1542,2023-09-22,29.2715,29.3315,29.1715,29.2715,2708360.0
1543,2023-09-25,29.1315,29.2215,29.0515,29.1915,3245513.0
1544,2023-09-26,29.1715,29.2115,28.9315,28.9915,3683465.0
1545,2023-09-27,29.0615,29.1015,28.8015,29.0115,5197650.0
1546,2023-09-28,28.8715,29.1215,28.8215,29.1015,5854248.0
1547,2023-09-29,29.2015,29.3115,29.0915,29.1015,5206399.0
1548,2023-10-02,29.0123,29.0723,28.7023,28.7323,4568744.0
1549,2023-10-03,28.6023,28.6223,28.0323,28.1623,8065448.0
1550,2023-10-04,28.3423,28.3823,28.0623,28.1123,6089199.0
1551,2023-10-05,28.1523,28.1923,28.0323,28.0923,3714489.0
1552,2023-10-06,27.8923,28.1023,27.7423,27.9923,3844500.0
1553,2023-10-09,28.0723,28.2323,27.9223,28.1623,2742706.0
1554,2023-10-10,28.1123,28.3923,28.0723,28.2823,3943664.0
1555,2023-10-11,28.4723,28.5123,28.2923,28.4223,4456343.0
1556,2023-10-12,28.3723,28.4123,28.1023,28.1323,4167725.0
1557,2023-10-13,28.2623,28.3623,27.9623,28.0323,4081090.0
1558,2023-10-16,28.0723,28.1123,27.8523,28.0523,5314920.0
1559,2023-10-17,27.8723,28.0023,27.7723,27.8623,5297009.0
1560,2023-10-18,27.7723,27.8323,27.6123,27.7523,6438250.0
1561,2023-10-19,27.7123,27.8423,27.4023,27.4523,7897151.0
1562,2023-10-20,27.5023,27.6623,27.2623,27.6223,5798077.0
1563,2023-10-23,27.5223,27.6823,27.4323,27.6723,7471115.0
1564,2023-10-24,27.7123,27.9923,27.6723,27.9323,6154271.0
1565,2023-10-25,27.8223,27.8523,27.6323,27.6723,4681707.0
1566,2023-10-26,27.6923,27.8423,27.6723,27.6923,3579538.0
1567,2023-10-27,27.6823,27.7673,27.4923,27.5423,3014164.0
1568,2023-10-30,27.6223,27.6623,27.4923,27.5723,2953844.0
1569,2023-10-31,27.6623,27.7573,27.6123,27.6923,4016571.0
1570,2023-11-01,27.8453,28.2253,27.7853,28.2103,5922825.0
1571,2023-11-02,28.4953,28.8753,28.4353,28.8053,8673081.0
1572,2023-11-03,29.0453,29.3153,29.0383,29.2753,7896044.0
1573,2023-11-06,29.2553,29.2553,29.0653,29.1053,6939251.0
1574,2023-11-07,29.2053,29.2053,28.9853,29.0253,3761728.0
1575,2023-11-08,29.0853,29.1653,28.9853,29.0453,4327720.0
1576,2023-11-09,29.0253,29.0553,28.6953,28.7353,5506031.0
1577,2023-11-10,28.8253,28.8953,28.7453,28.8153,3752508.0
1578,2023-11-13,28.7653,29.0028,28.6853,28.9703,3778213.0
1579,2023-11-14,29.3653,29.5853,29.2853,29.3603,5661836.0
1580,2023-11-15,29.3353,29.4353,29.2603,29.3553,4955849.0
1581,2023-11-16,29.3953,29.4753,29.3303,29.4103,3399703.0
1582,2023-11-17,29.5253,29.5703,29.4253,29.4353,3530668.0
1583,2023-11-20,29.4353,29.5143,29.4353,29.4803,3413555.0
1584,2023-11-21,29.4353,29.4853,29.3153,29.3803,3000483.0
1585,2023-11-22,29.4453,29.4553,29.1103,29.2253,5981589.0
1586,2023-11-24,29.1953,29.3253,29.1653,29.2653,1481360.0
1587,2023-11-27,29.2953,29.4953,29.2953,29.4703,3591555.0
1588,2023-11-28,29.4653,29.6353,29.4203,29.5703,4390031.0
1589,2023-11-29,29.6653,29.8353,29.6553,29.8053,4192146.0
1590,2023-11-30,29.8453,29.9953,29.7453,29.9453,5550410.0
1591,2023-12-01,30.0106,30.2906,29.9306,30.2806,5662694.0
1592,2023-12-04,30.1906,30.2906,30.0306,30.0806,3707295.0
1593,2023-12-05,30.1906,30.2306,30.1005,30.1106,3793941.0
1594,2023-12-06,30.1806,30.2506,30.0806,30.1606,3625694.0
1595,2023-12-07,30.1906,30.3306,30.1556,30.1806,5442677.0
1596,2023-12-08,30.0306,30.1706,29.9906,30.1206,4632725.0
1597,2023-12-11,30.0806,30.0806,29.8006,29.9906,5717830.0
1598,2023-12-12,29.9906,30.0606,29.8806,30.0006,4362345.0
1599,2023-12-13,30.0606,30.4706,29.9706,30.4306,6145163.0
1600,2023-12-14,30.6932,30.9032,30.6432,30.8282,11062550.0
1601,2023-12-15,30.8032,30.8932,30.6532,30.7032,7332368.0
1602,2023-12-18,30.6332,30.7132,30.5332,30.6032,4890064.0
1603,2023-12-19,30.6532,30.7906,30.6132,30.7732,4710062.0
1604,2023-12-20,30.8232,30.9232,30.7432,30.7632,6222044.0
1605,2023-12-21,30.8532,30.9332,30.7732,30.8432,5486687.0
1606,2023-12-22,30.9232,30.9682,30.8182,30.8832,3057007.0
1607,2023-12-26,30.9132,31.0232,30.8632,30.8982,4891102.0
1608,2023-12-27,30.9632,31.0732,30.9032,31.0532,6579676.0
1609,2023-12-28,31.0332,31.1432,30.9512,30.9632,4403626.0
1610,2023-12-29,30.9832,30.9832,30.8082,30.8432,4893177.0
1611,2024-01-02,30.7432,30.8632,30.6732,30.8032,4400577.0
1612,2024-01-03,30.7232,30.8932,30.523,30.8132,7285163.0
1613,2024-01-04,30.7332,30.8732,30.7132,30.7732,3877173.0
1614,2024-01-05,30.7132,30.9632,30.7082,30.7732,4555961.0
1615,2024-01-08,30.8932,31.0732,30.8132,31.0632,4379443.0
1616,2024-01-09,30.9932,31.1432,30.9732,31.0732,3509807.0
1617,2024-01-10,31.1332,31.2332,31.0782,31.0932,3038778.0
1618,2024-01-11,31.0532,31.2032,31.0532,31.1632,5363179.0
1619,2024-01-12,31.2232,31.2732,31.1332,31.2332,2756919.0
1620,2024-01-16,31.1532,31.2232,31.0432,31.1032,4982990.0
1621,2024-01-17,31.0432,31.1032,30.9553,30.9832,5957599.0
1622,2024-01-18,31.0532,31.0656,30.8232,30.9032,6160299.0
1623,2024-01-19,30.9232,31.1532,30.7832,31.1432,5690641.0
1624,2024-01-22,31.2132,31.2832,31.1432,31.2632,4434492.0
1625,2024-01-23,31.2332,31.2932,31.1732,31.2232,3806412.0
1626,2024-01-24,31.3132,31.3432,31.2132,31.3332,3979560.0
1627,2024-01-25,31.4332,31.6332,31.3632,31.6132,5195010.0
1628,2024-01-26,31.6032,31.7032,31.5266,31.6432,5272213.0
1629,2024-01-29,31.7332,31.7732,31.6232,31.7532,4038716.0
1630,2024-01-30,31.7732,31.8732,31.6932,31.8332,3685153.0
1631,2024-01-31,31.7132,31.8432,31.7132,31.7132,5322449.0
1632,2024-02-01,31.8097,31.9397,31.5597,31.9397,7123354.0
1633,2024-02-02,31.7597,31.8347,31.7098,31.8047,4780795.0
1634,2024-02-05,31.7097,31.7097,31.4297,31.4597,4871031.0
1635,2024-02-06,31.4797,31.5697,31.4397,31.5097,4722418.0
1636,2024-02-07,31.6297,31.6297,31.4297,31.5297,3923749.0
1637,2024-02-08,31.5197,31.6397,31.4297,31.6397,4640556.0
1638,2024-02-09,31.6197,31.8197,31.5497,31.7897,3536641.0
1639,2024-02-12,31.8297,31.9297,31.7897,31.9197,5302874.0
1640,2024-02-13,31.6597,31.6697,31.3897,31.4597,5432383.0
1641,2024-02-14,31.5097,31.6697,31.5097,31.6097,3895105.0
1642,2024-02-15,31.6997,31.7997,31.5797,31.7197,4289771.0
1643,2024-02-16,31.5997,31.6797,31.5597,31.5997,3147820.0
1644,2024-02-20,31.5797,31.7297,31.5297,31.6597,3534869.0
1645,2024-02-21,31.7097,31.7647,31.5297,31.5797,3782893.0
1646,2024-02-22,31.6797,31.7697,31.6497,31.7497,3368407.0
1647,2024-02-23,31.8197,32.0097,31.7597,31.9997,4624583.0
1648,2024-02-26,32.0597,32.0597,31.8497,31.8897,4126706.0
1649,2024-02-27,31.8997,31.9197,31.7697,31.8097,2864870.0
1650,2024-02-28,31.8197,31.9396,31.7897,31.8497,3328147.0
1651,2024-02-29,31.9797,32.0547,31.8497,32.0097,4197774.0
1652,2024-03-01,32.07,32.07,31.8201,31.935,5458866.0
