,date,open,high,low,close,volume
0,2019-04-18,23.75,25.18,23.05,24.4,87109516.0
1,2019-04-22,24.62,25.68,23.57,24.99,19746770.0
2,2019-04-23,25.38,27.75,25.23,25.85,19245362.0
3,2019-04-24,26.5,27.03,25.93,26.8,9477250.0
4,2019-04-25,27.45,29.4,26.67,28.8,16648330.0
5,2019-04-26,29.84,30.68,28.37,29.85,16825583.0
6,2019-04-29,30.77,34.41,29.86,34.26,25616724.0
7,2019-04-30,35.2,35.29,30.53,30.98,35885689.0
8,2019-05-01,31.5,32.89,30.5,31.23,13981316.0
9,2019-05-02,31.62,31.68,28.86,29.74,14052372.0
10,2019-05-03,29.55,30.55,28.12,28.36,10610958.0
11,2019-05-06,27.67,30.0,26.9,29.5,9930570.0
12,2019-05-07,29.67,29.75,28.16,28.69,6310894.0
13,2019-05-08,28.46,30.2,28.37,29.51,7115865.0
14,2019-05-09,29.09,29.26,28.42,28.75,4507184.0
15,2019-05-10,29.08,29.45,27.66,29.05,5708972.0
16,2019-05-13,27.8,28.0,26.39,26.63,9111335.0
17,2019-05-14,27.41,29.02,27.02,28.99,7075119.0
18,2019-05-15,28.95,29.1,28.13,28.63,4492807.0
19,2019-05-16,28.85,31.15,28.45,30.86,17612026.0
20,2019-05-17,25.87,28.12,25.7,26.7,26271832.0
21,2019-05-20,27.24,27.24,25.71,25.85,7269165.0
22,2019-05-21,26.3,26.55,25.3,25.41,6481745.0
23,2019-05-22,25.3,25.34,24.1,24.6,7955700.0
24,2019-05-23,24.15,24.33,23.6,23.8,4718209.0
25,2019-05-24,24.0,25.99,23.89,25.5,7738310.0
26,2019-05-28,25.65,26.38,25.41,25.8,4550898.0
27,2019-05-29,25.42,25.78,24.95,25.58,2537695.0
28,2019-05-30,25.54,25.89,25.13,25.51,1982248.0
29,2019-05-31,24.99,25.63,24.75,24.92,2618033.0
30,2019-06-03,24.98,25.14,24.23,24.4,3691346.0
31,2019-06-04,24.86,24.95,24.07,24.2,3687129.0
32,2019-06-05,24.52,25.07,23.91,24.94,2703200.0
33,2019-06-06,24.94,25.97,24.91,25.81,3573674.0
34,2019-06-07,26.0,27.74,25.97,27.61,6580200.0
35,2019-06-10,27.84,28.95,27.07,27.94,5750928.0
36,2019-06-11,28.18,28.19,26.17,26.48,4268960.0
37,2019-06-12,26.23,27.5,26.21,27.05,3160458.0
38,2019-06-13,27.29,27.36,26.67,26.95,1629478.0
39,2019-06-14,26.9,27.96,26.5,27.41,2630341.0
40,2019-06-17,27.66,28.73,27.33,27.85,4439515.0
41,2019-06-18,29.46,29.81,28.22,28.8,8769861.0
42,2019-06-19,29.0,29.1,27.56,28.09,3978779.0
43,2019-06-20,28.84,29.08,27.44,27.54,3975897.0
44,2019-06-21,27.32,27.98,27.22,27.98,5794571.0
45,2019-06-24,27.98,28.11,26.57,26.69,3242884.0
46,2019-06-25,26.55,27.09,25.82,26.14,2661477.0
47,2019-06-26,26.37,26.69,25.86,26.23,1959980.0
48,2019-06-27,26.33,27.37,26.3,27.23,2281793.0
49,2019-06-28,27.37,27.65,26.6,27.22,2714483.0
50,2019-07-01,27.6,28.05,26.44,26.68,3755550.0
51,2019-07-02,26.8,27.16,26.41,26.91,2753225.0
52,2019-07-03,26.94,27.69,26.94,27.47,2329595.0
53,2019-07-05,27.47,27.5,26.82,27.25,1870466.0
54,2019-07-08,27.2,27.85,26.66,26.77,2410712.0
55,2019-07-09,26.77,27.07,26.51,26.72,1792985.0
56,2019-07-10,26.96,27.37,26.3,26.58,2727438.0
57,2019-07-11,26.71,26.72,25.87,26.1,2843918.0
58,2019-07-12,26.23,26.75,26.13,26.41,1576431.0
59,2019-07-15,26.58,26.89,26.39,26.67,1633315.0
60,2019-07-16,26.66,26.99,26.3,26.51,1370592.0
61,2019-07-17,26.6,26.71,25.87,25.91,1815133.0
62,2019-07-18,25.72,25.85,25.32,25.78,1292824.0
63,2019-07-19,25.85,26.18,25.51,25.56,1563655.0
64,2019-07-22,25.63,26.47,25.45,26.22,2757707.0
65,2019-07-23,26.52,26.85,26.11,26.78,2391702.0
66,2019-07-24,26.93,28.0,26.85,27.82,4305269.0
67,2019-07-25,27.92,27.97,27.23,27.59,2253093.0
68,2019-07-26,27.98,28.4,27.3,27.64,2727918.0
69,2019-07-29,27.8,28.32,27.18,27.86,3178813.0
70,2019-07-30,27.61,29.0,27.32,28.62,3728855.0
71,2019-07-31,28.59,29.59,28.43,28.99,4222146.0
72,2019-08-01,28.99,29.14,27.91,28.3,8030328.0
73,2019-08-02,32.53,35.21,32.28,33.57,39770784.0
74,2019-08-05,32.9,33.75,32.15,33.72,9992246.0
75,2019-08-06,34.12,34.43,32.01,32.68,6060589.0
76,2019-08-07,32.25,32.68,31.52,32.1,3776415.0
77,2019-08-08,32.1,33.62,31.67,33.39,3784663.0
78,2019-08-09,33.3,34.1,32.81,33.43,2641658.0
79,2019-08-12,33.47,36.1,32.93,33.62,8783229.0
80,2019-08-13,33.46,34.84,33.4,34.42,3782823.0
81,2019-08-14,33.39,33.88,32.14,32.23,3896854.0
82,2019-08-15,33.07,33.2,31.53,32.01,4178874.0
83,2019-08-16,32.63,32.77,32.0,32.22,2534009.0
84,2019-08-19,32.88,34.18,32.58,33.33,3403858.0
85,2019-08-20,33.26,35.05,32.85,34.36,4898851.0
86,2019-08-21,35.13,36.75,35.13,36.56,8904772.0
87,2019-08-22,36.68,36.83,35.02,35.43,6018480.0
88,2019-08-23,34.93,36.25,34.0,34.5,5008418.0
89,2019-08-26,34.88,35.38,34.46,35.38,2533991.0
90,2019-08-27,35.54,36.14,33.28,33.86,4534942.0
91,2019-08-28,33.3,34.18,33.01,33.92,2232743.0
92,2019-08-29,34.36,35.15,34.15,34.76,2352840.0
93,2019-08-30,34.76,35.0,33.64,34.42,1534229.0
94,2019-09-03,33.93,34.67,33.23,33.81,2284736.0
95,2019-09-04,34.27,34.4,32.33,32.62,3553935.0
96,2019-09-05,32.95,33.18,30.8,31.26,6065444.0
97,2019-09-06,31.34,31.48,30.0,30.36,4555796.0
98,2019-09-09,30.46,30.5,27.59,28.2,10037924.0
99,2019-09-10,27.58,29.13,27.35,28.8,6358225.0
100,2019-09-11,29.0,29.76,28.53,29.6,4371789.0
101,2019-09-12,30.2,30.37,29.12,29.77,4322425.0
102,2019-09-13,29.66,30.05,28.8,29.04,2943065.0
103,2019-09-16,28.65,29.83,28.62,29.26,2042666.0
104,2019-09-17,29.0,30.27,28.68,30.11,6237014.0
105,2019-09-18,30.0,30.0,28.71,29.5,4868740.0
106,2019-09-19,29.5,30.55,29.02,30.14,5242728.0
107,2019-09-20,30.23,30.73,29.6,30.22,6900507.0
108,2019-09-23,29.97,30.09,28.34,28.55,5447600.0
109,2019-09-24,28.76,28.79,26.74,27.11,6694072.0
110,2019-09-25,27.07,27.55,26.75,27.11,3037907.0
111,2019-09-26,27.19,27.73,27.15,27.38,2685092.0
112,2019-09-27,27.35,27.45,25.87,26.5,4574372.0
113,2019-09-30,26.37,26.66,25.14,26.45,8069293.0
114,2019-10-01,26.56,26.99,26.25,26.43,3221883.0
115,2019-10-02,25.95,26.88,25.53,26.51,3825742.0
116,2019-10-03,26.43,27.69,25.77,27.37,4343914.0
117,2019-10-04,27.68,28.04,26.88,27.31,4246445.0
118,2019-10-07,27.29,27.46,26.33,26.51,3526212.0
119,2019-10-08,26.04,26.04,25.3,25.63,3282308.0
120,2019-10-09,25.98,25.98,25.48,25.65,2444316.0
121,2019-10-10,25.59,26.3,25.36,25.79,3098980.0
122,2019-10-11,26.0,27.51,25.98,26.89,6925436.0
123,2019-10-14,26.32,26.85,25.83,25.92,6305906.0
124,2019-10-15,25.41,25.6,24.27,25.57,43326441.0
125,2019-10-16,25.0,25.95,24.81,25.74,15225998.0
126,2019-10-17,25.55,26.52,25.48,25.99,12207225.0
127,2019-10-18,26.04,26.2,24.89,25.31,9740623.0
128,2019-10-21,25.83,26.95,25.61,26.76,15286673.0
129,2019-10-22,26.4,27.0,25.78,25.88,8637455.0
130,2019-10-23,25.76,26.3,25.44,25.7,7110226.0
131,2019-10-24,25.82,26.03,25.24,25.77,5167176.0
132,2019-10-25,25.75,26.48,25.65,25.86,6505140.0
133,2019-10-28,26.14,26.3,25.73,26.25,7059095.0
134,2019-10-29,26.1,26.69,25.06,25.57,10707971.0
135,2019-10-30,25.73,25.99,25.03,25.92,7018298.0
136,2019-10-31,26.17,26.38,24.76,25.14,23965798.0
137,2019-11-01,19.63,21.28,18.71,20.86,77234653.0
138,2019-11-04,20.66,21.1,20.23,20.58,21915364.0
139,2019-11-05,20.5,20.78,20.3,20.47,13286751.0
140,2019-11-06,20.35,20.65,19.98,20.04,11778305.0
141,2019-11-07,20.1,20.2,19.6,19.99,11212898.0
142,2019-11-08,19.95,20.2,19.86,20.06,8681906.0
143,2019-11-11,20.09,20.52,19.9,20.4,9982792.0
144,2019-11-12,20.41,20.9,20.16,20.52,7508475.0
145,2019-11-13,20.38,20.4,20.04,20.2,7087022.0
146,2019-11-14,20.16,20.16,19.58,19.6,6308081.0
147,2019-11-15,19.72,20.06,19.53,19.54,8484652.0
148,2019-11-18,19.5,19.66,19.32,19.5,7986767.0
149,2019-11-19,19.5,20.05,19.36,19.68,6877728.0
150,2019-11-20,19.68,19.83,19.32,19.4,6090331.0
151,2019-11-21,19.3,19.51,19.07,19.07,5879920.0
152,2019-11-22,19.09,19.16,18.38,18.65,14809561.0
153,2019-11-25,18.65,19.29,18.64,18.95,8879461.0
154,2019-11-26,19.0,19.75,18.87,19.52,18187002.0
155,2019-11-27,19.66,19.91,19.4,19.81,5693561.0
156,2019-11-29,19.66,19.73,19.38,19.48,2966194.0
157,2019-12-02,19.5,19.51,18.62,18.8,6785446.0
158,2019-12-03,18.47,18.79,18.41,18.43,8121847.0
159,2019-12-04,18.57,18.65,18.24,18.37,8861247.0
160,2019-12-05,18.37,18.6,18.15,18.44,5905384.0
161,2019-12-06,18.48,18.8,18.29,18.76,4907211.0
162,2019-12-09,18.76,19.04,18.21,18.21,8068081.0
163,2019-12-10,18.21,18.25,17.65,17.99,8829345.0
164,2019-12-11,17.89,18.26,17.88,18.2,5820408.0
165,2019-12-12,18.12,18.18,17.64,17.76,8857107.0
166,2019-12-13,17.75,17.98,17.39,17.45,7978568.0
167,2019-12-16,17.5,18.41,17.42,18.21,12519223.0
168,2019-12-17,18.35,18.72,17.97,18.21,10984417.0
169,2019-12-18,18.31,18.79,18.22,18.53,9487285.0
170,2019-12-19,18.53,19.4,18.42,19.09,11655920.0
171,2019-12-20,19.3,19.48,18.9,18.98,17460046.0
172,2019-12-23,19.05,19.13,18.32,18.39,9233174.0
173,2019-12-24,18.35,18.58,18.21,18.48,2014324.0
174,2019-12-26,18.5,18.66,18.23,18.3,3850317.0
175,2019-12-27,18.37,18.78,18.19,18.49,5026162.0
176,2019-12-30,18.5,18.68,18.04,18.11,5480745.0
177,2019-12-31,18.03,18.77,18.03,18.64,5920219.0
178,2020-01-02,18.8,19.1,18.57,18.8,6335199.0
179,2020-01-03,18.6,18.71,18.25,18.36,5205968.0
180,2020-01-06,18.27,19.35,18.22,18.91,7984063.0
181,2020-01-07,18.88,19.42,18.76,19.26,7581945.0
182,2020-01-08,19.25,19.98,19.11,19.72,7387484.0
183,2020-01-09,20.1,20.3,19.51,19.63,12934882.0
184,2020-01-10,19.65,20.15,19.52,19.78,7784050.0
185,2020-01-13,19.95,20.0,19.41,19.62,8120304.0
186,2020-01-14,20.13,22.17,20.05,21.51,35360500.0
187,2020-01-15,22.27,22.95,21.62,21.76,31932000.0
188,2020-01-16,22.24,23.0,22.06,22.95,19063845.0
189,2020-01-17,24.02,24.05,22.82,23.0,28318752.0
190,2020-01-21,23.02,23.06,21.93,22.3,16684468.0
191,2020-01-22,22.52,22.93,22.28,22.42,11119848.0
192,2020-01-23,22.57,23.05,22.12,22.61,12887604.0
193,2020-01-24,22.83,23.18,22.18,22.44,11306513.0
194,2020-01-27,21.26,21.86,20.77,21.83,14582803.0
195,2020-01-28,21.91,22.29,21.87,22.18,6826848.0
196,2020-01-29,22.37,22.87,22.27,22.62,7433320.0
197,2020-01-30,22.14,22.43,21.56,22.2,11561877.0
198,2020-01-31,22.37,22.39,21.56,22.03,9302553.0
199,2020-02-03,22.06,22.48,22.0,22.35,7275264.0
200,2020-02-04,22.51,22.9,22.44,22.46,11234527.0
201,2020-02-05,22.7,22.7,21.54,21.91,12421675.0
202,2020-02-06,22.19,23.3,21.91,23.01,29363985.0
203,2020-02-07,26.99,27.25,25.19,25.2,60547740.0
204,2020-02-10,24.64,25.18,24.01,24.29,31963966.0
205,2020-02-11,24.41,24.93,23.85,24.03,18332400.0
206,2020-02-12,24.33,24.37,23.7,23.94,15373252.0
207,2020-02-13,23.73,24.17,23.5,23.54,17380587.0
208,2020-02-14,23.0,23.79,22.98,23.22,16939826.0
209,2020-02-18,23.2,23.69,22.66,22.76,11189708.0
210,2020-02-19,22.81,23.86,22.64,23.6,13889624.0
211,2020-02-20,23.88,24.39,23.18,23.54,11347864.0
212,2020-02-21,23.34,23.44,22.3,22.48,12324880.0
213,2020-02-24,21.24,21.98,21.07,21.65,12468068.0
214,2020-02-25,21.72,22.09,20.7,20.96,14678557.0
215,2020-02-26,20.96,21.45,19.76,20.31,16037076.0
216,2020-02-27,19.74,20.71,19.27,20.21,17688773.0
217,2020-02-28,18.94,20.13,18.92,19.5,26201794.0
218,2020-03-02,19.9,20.0,19.05,20.0,14254115.0
219,2020-03-03,20.0,20.18,19.2,19.28,9795689.0
220,2020-03-04,19.65,19.82,19.16,19.8,8670052.0
221,2020-03-05,19.43,19.58,18.65,18.94,9300259.0
222,2020-03-06,18.5,18.7,17.82,18.51,12322484.0
223,2020-03-09,17.0,17.48,16.2,16.21,13991058.0
224,2020-03-10,16.96,17.05,15.82,16.74,10301447.0
225,2020-03-11,16.16,16.34,14.95,15.45,14332878.0
226,2020-03-12,13.81,14.23,12.19,13.31,23981146.0
227,2020-03-13,14.14,14.31,13.32,14.31,13005568.0
228,2020-03-16,12.82,12.82,11.36,11.64,18504640.0
229,2020-03-17,11.65,12.78,10.51,12.65,15405457.0
230,2020-03-18,11.55,12.4,10.1,10.92,13387567.0
231,2020-03-19,10.6,13.05,10.4,12.61,14851411.0
232,2020-03-20,13.13,13.61,12.01,12.21,10624622.0
233,2020-03-23,12.12,12.88,11.47,12.52,9910081.0
234,2020-03-24,13.46,14.28,12.99,14.26,14813123.0
235,2020-03-25,14.6,14.95,13.67,14.03,14894651.0
236,2020-03-26,14.0,15.58,13.95,15.2,10986988.0
237,2020-03-27,14.6,15.47,14.45,14.94,10767503.0
238,2020-03-30,14.88,15.51,14.32,15.42,10071429.0
239,2020-03-31,15.42,16.13,15.09,15.44,8506781.0
240,2020-04-01,14.6,14.69,13.87,14.17,9082519.0
241,2020-04-02,14.08,14.72,13.4,13.7,7888560.0
242,2020-04-03,13.56,14.0,13.38,13.82,5696621.0
243,2020-04-06,14.62,15.28,14.43,15.21,8265216.0
244,2020-04-07,15.75,16.06,14.82,15.06,10629730.0
245,2020-04-08,16.57,17.0,15.9,16.83,24639880.0
246,2020-04-09,17.01,17.66,16.23,16.75,13323317.0
247,2020-04-13,16.76,16.76,16.14,16.47,6450022.0
248,2020-04-14,16.91,17.42,16.68,17.24,8475787.0
249,2020-04-15,16.74,17.37,16.33,17.03,9345354.0
250,2020-04-16,17.2,17.33,16.45,17.01,7980708.0
251,2020-04-17,17.65,17.75,17.23,17.45,6077724.0
252,2020-04-20,17.05,18.13,17.0,17.43,10708539.0
253,2020-04-21,17.05,17.52,16.43,16.87,11294946.0
254,2020-04-22,17.49,19.49,17.49,19.26,24208569.0
255,2020-04-23,19.19,19.31,18.55,18.85,8599248.0
256,2020-04-24,19.04,20.7,18.87,20.62,16788891.0
257,2020-04-27,20.96,21.56,20.58,20.78,14820744.0
258,2020-04-28,21.02,21.02,19.56,19.89,8637280.0
259,2020-04-29,20.74,21.1,20.4,20.85,10446636.0
260,2020-04-30,20.82,21.06,20.38,20.66,10020640.0
261,2020-05-01,19.97,20.43,19.64,19.75,9313995.0
262,2020-05-04,19.51,21.49,19.21,21.43,11793327.0
263,2020-05-05,21.6,22.08,20.66,20.81,27864802.0
264,2020-05-06,17.64,18.62,17.2,17.72,39651546.0
265,2020-05-07,17.99,18.98,17.9,18.7,20315697.0
266,2020-05-08,19.0,19.86,18.81,19.79,16236312.0
267,2020-05-11,19.07,19.32,18.57,18.61,16376713.0
268,2020-05-12,18.92,18.97,17.74,17.76,16667194.0
269,2020-05-13,17.82,18.09,16.54,16.61,18285489.0
270,2020-05-14,16.48,17.09,15.82,17.06,11330752.0
271,2020-05-15,16.87,18.28,16.58,18.24,12741986.0
272,2020-05-18,18.9,18.93,18.3,18.52,10652423.0
273,2020-05-19,18.64,19.44,18.04,18.66,19239045.0
274,2020-05-20,19.0,19.31,18.3,18.89,12829959.0
275,2020-05-21,19.0,19.19,18.31,18.69,8308623.0
276,2020-05-22,18.82,18.88,18.13,18.6,7853529.0
277,2020-05-26,19.2,19.68,19.04,19.5,13178031.0
278,2020-05-27,19.5,19.51,18.25,19.11,12345728.0
279,2020-05-28,19.28,20.23,18.95,19.8,13943445.0
280,2020-05-29,19.75,20.32,19.68,20.29,12661188.0
281,2020-06-01,20.15,20.55,20.05,20.43,7965926.0
282,2020-06-02,20.53,20.89,19.91,20.51,12044939.0
283,2020-06-03,20.73,21.64,20.53,21.44,9419360.0
284,2020-06-04,21.4,22.18,20.95,21.2,12885473.0
285,2020-06-05,21.6,22.7,21.11,22.13,12161109.0
286,2020-06-08,22.35,22.56,21.53,22.19,19721656.0
287,2020-06-09,21.75,22.73,21.71,22.04,9601503.0
288,2020-06-10,21.9,22.53,21.4,22.41,12002141.0
289,2020-06-11,20.91,21.53,20.24,20.26,12345484.0
290,2020-06-12,21.0,21.3,20.35,20.89,10025136.0
291,2020-06-15,20.15,21.31,20.07,21.15,11305265.0
292,2020-06-16,22.0,22.27,21.32,22.2,8359201.0
293,2020-06-17,22.2,22.58,21.38,22.4,15646869.0
294,2020-06-18,22.23,23.32,22.22,23.06,18077627.0
295,2020-06-19,23.37,24.35,23.2,23.21,20789235.0
296,2020-06-22,23.33,24.17,23.26,23.95,14628525.0
297,2020-06-23,24.01,24.33,23.57,24.07,14326807.0
298,2020-06-24,23.82,24.17,22.35,23.17,12039966.0
299,2020-06-25,22.94,23.49,22.36,22.58,12023100.0
300,2020-06-26,22.69,23.74,21.25,21.61,45955821.0
301,2020-06-29,21.2,22.09,20.07,22.04,14328855.0
302,2020-06-30,22.09,22.27,21.46,22.17,8253588.0
303,2020-07-01,22.53,23.6,22.46,23.28,15591295.0
304,2020-07-02,23.95,24.55,23.78,24.11,18224288.0
305,2020-07-06,24.56,26.07,24.31,25.82,21918189.0
306,2020-07-07,25.58,26.3,25.34,25.85,12016736.0
307,2020-07-08,26.13,27.0,25.95,27.0,16272838.0
308,2020-07-09,27.32,27.83,26.77,27.42,13994586.0
309,2020-07-10,27.32,27.35,26.1,26.56,12810583.0
310,2020-07-13,27.07,27.22,24.72,24.77,11553453.0
311,2020-07-14,24.64,25.02,23.76,24.74,14933719.0
312,2020-07-15,25.12,25.7,24.19,24.62,10930714.0
313,2020-07-16,24.39,24.74,24.01,24.65,8761211.0
314,2020-07-17,24.93,25.01,24.41,24.93,7537544.0
315,2020-07-20,24.98,26.15,24.85,26.08,8068378.0
316,2020-07-21,26.5,26.52,25.47,25.72,10488382.0
317,2020-07-22,25.4,25.66,24.75,25.39,11745345.0
318,2020-07-23,25.26,25.42,24.28,24.64,9939304.0
319,2020-07-24,24.22,24.69,23.56,24.54,9096179.0
320,2020-07-27,24.48,24.59,23.84,24.27,6881139.0
321,2020-07-28,24.16,24.46,23.88,24.0,5295863.0
322,2020-07-29,24.33,25.16,24.24,24.95,9551513.0
323,2020-07-30,24.59,25.37,24.41,25.19,16260322.0
324,2020-07-31,33.56,34.5,31.0,34.29,111863722.0
325,2020-08-03,34.6,37.33,34.29,36.08,45779253.0
326,2020-08-04,34.72,35.07,33.8,34.91,38072711.0
327,2020-08-05,35.0,36.28,34.64,35.88,15446237.0
328,2020-08-06,36.26,36.27,35.36,35.9,10960221.0
329,2020-08-07,35.85,37.25,34.3,34.98,19687916.0
330,2020-08-10,36.51,36.79,34.94,35.86,22474619.0
331,2020-08-11,34.93,35.52,34.34,34.4,11420097.0
332,2020-08-12,34.64,35.93,33.56,35.53,13941934.0
333,2020-08-13,35.27,35.75,34.59,34.86,12172198.0
334,2020-08-14,34.75,35.1,34.46,34.68,7352621.0
335,2020-08-17,34.61,35.32,34.19,35.01,12219488.0
336,2020-08-18,35.98,37.29,35.18,35.98,18262921.0
337,2020-08-19,35.79,38.23,34.49,34.53,29472921.0
338,2020-08-20,34.74,34.9,33.65,34.5,12814994.0
339,2020-08-21,34.55,34.75,33.58,34.19,16864621.0
340,2020-08-24,33.95,34.14,32.51,32.9,16739803.0
341,2020-08-25,33.16,34.31,32.85,34.07,9347023.0
342,2020-08-26,34.18,34.98,33.8,34.31,9093651.0
343,2020-08-27,34.43,34.98,33.61,34.49,10750520.0
344,2020-08-28,34.61,35.38,33.95,35.34,8025132.0
345,2020-08-31,35.42,37.11,35.19,36.79,17002864.0
346,2020-09-01,36.87,38.67,36.3,38.36,20043415.0
347,2020-09-02,39.04,39.64,36.91,38.81,15752395.0
348,2020-09-03,37.8,37.97,35.41,35.93,16725606.0
349,2020-09-04,35.32,36.24,32.84,34.38,14820833.0
350,2020-09-08,32.63,35.93,32.49,34.03,13495553.0
351,2020-09-09,34.62,35.91,34.46,35.51,9472336.0
352,2020-09-10,36.0,36.88,34.58,34.69,9357269.0
353,2020-09-11,34.94,35.38,33.17,34.11,12322483.0
354,2020-09-14,35.06,36.62,34.91,36.32,12820357.0
355,2020-09-15,37.01,37.87,36.31,37.61,13280182.0
356,2020-09-16,37.88,37.9,36.59,37.13,12867088.0
357,2020-09-17,35.98,37.58,35.49,36.59,11343652.0
358,2020-09-18,37.05,37.11,35.96,36.88,23454472.0
359,2020-09-21,36.16,37.0,35.77,36.87,11057561.0
360,2020-09-22,37.41,40.59,37.36,40.55,38464529.0
361,2020-09-23,40.54,42.56,39.27,39.55,34574908.0
362,2020-09-24,39.17,39.8,38.06,38.49,16381627.0
363,2020-09-25,38.76,39.96,38.19,39.9,9279392.0
364,2020-09-28,41.11,41.49,40.06,40.98,12337115.0
365,2020-09-29,41.27,41.7,40.5,40.56,12238839.0
366,2020-09-30,40.72,42.16,40.63,41.51,10862097.0
367,2020-10-01,42.29,44.7,41.6,44.53,30647895.0
368,2020-10-02,43.2,44.8,42.72,43.82,13603108.0
369,2020-10-05,44.02,45.2,43.15,44.07,18275312.0
370,2020-10-06,43.86,44.51,42.32,43.01,14583771.0
371,2020-10-07,43.76,44.09,42.9,43.36,9357668.0
372,2020-10-08,44.05,44.09,43.07,43.61,7737064.0
373,2020-10-09,44.02,44.58,43.32,43.39,11324630.0
374,2020-10-12,44.5,45.84,43.81,44.04,16994867.0
375,2020-10-13,44.5,44.76,43.72,44.15,9150951.0
376,2020-10-14,44.48,44.64,43.57,43.99,8352471.0
377,2020-10-15,43.33,43.79,42.67,43.65,9851919.0
378,2020-10-16,45.16,45.7,43.96,44.06,10916177.0
379,2020-10-19,44.2,46.35,44.06,45.82,19387886.0
380,2020-10-20,46.13,46.19,44.61,45.32,11595279.0
381,2020-10-21,49.4,52.05,48.8,49.38,45491463.0
382,2020-10-22,50.35,51.23,48.29,50.81,15688120.0
383,2020-10-23,51.06,53.23,49.63,53.0,16705328.0
384,2020-10-26,53.45,53.87,49.1,50.46,25385755.0
385,2020-10-27,51.0,52.9,50.19,52.52,17840671.0
386,2020-10-28,50.02,50.7,48.57,49.25,34013240.0
387,2020-10-29,64.0,68.93,61.12,62.51,128101840.0
388,2020-10-30,61.11,61.75,57.71,58.95,57147310.0
389,2020-11-02,59.0,59.77,56.31,58.38,36422154.0
390,2020-11-03,58.71,59.94,57.77,59.58,20781835.0
391,2020-11-04,60.08,61.92,59.33,61.45,21601331.0
392,2020-11-05,62.8,63.73,61.51,63.47,15673028.0
393,2020-11-06,63.32,65.47,62.05,64.74,12283910.0
394,2020-11-09,61.0,61.75,57.38,57.75,19633421.0
395,2020-11-10,57.0,57.15,52.06,55.67,22938915.0
396,2020-11-11,56.4,59.99,56.35,59.55,15981424.0
397,2020-11-12,59.26,60.93,58.53,60.26,12955093.0
398,2020-11-13,61.19,62.63,60.08,62.32,11999524.0
399,2020-11-16,61.48,62.65,59.12,62.62,11595913.0
400,2020-11-17,62.47,64.12,61.81,63.35,9239930.0
401,2020-11-18,63.4,65.28,62.7,64.45,9875878.0
402,2020-11-19,64.97,67.19,64.79,65.95,10876225.0
403,2020-11-20,66.5,67.6,66.15,66.85,7789659.0
404,2020-11-23,67.6,68.1,63.64,65.79,12945176.0
405,2020-11-24,65.88,65.88,62.43,64.03,13584598.0
406,2020-11-25,64.26,67.74,64.1,67.42,10654976.0
407,2020-11-27,68.12,70.11,66.89,69.72,8459216.0
408,2020-11-30,70.25,70.63,65.75,70.02,15082937.0
409,2020-12-01,70.91,71.1,67.43,68.21,8270580.0
410,2020-12-02,67.5,68.45,65.01,68.01,6581851.0
411,2020-12-03,68.47,71.37,68.0,69.7,10601604.0
412,2020-12-04,70.14,70.25,66.79,67.31,9515586.0
413,2020-12-07,68.28,70.91,67.91,70.31,9412520.0
414,2020-12-08,70.25,70.8,68.42,69.92,6097523.0
415,2020-12-09,69.9,72.72,67.45,68.47,10697450.0
416,2020-12-10,67.78,71.91,66.6,71.64,8500912.0
417,2020-12-11,71.25,72.88,69.27,71.13,6914732.0
418,2020-12-14,72.17,72.18,69.52,69.79,6879847.0
419,2020-12-15,70.36,70.99,68.95,70.71,6432744.0
420,2020-12-16,70.98,71.57,68.68,70.27,7565795.0
421,2020-12-17,71.7,72.68,70.1,71.0,10128161.0
422,2020-12-18,71.59,71.8,69.81,70.36,12822057.0
423,2020-12-21,69.61,71.63,68.35,69.85,12656167.0
424,2020-12-22,70.29,72.42,69.35,72.35,9159940.0
425,2020-12-23,73.0,75.44,72.65,72.99,11107156.0
426,2020-12-24,73.0,73.41,70.32,71.04,4552299.0
427,2020-12-28,72.0,72.48,66.65,67.79,8081245.0
428,2020-12-29,68.01,69.51,66.6,68.29,6939399.0
429,2020-12-30,68.33,68.53,65.92,67.14,8638967.0
430,2020-12-31,67.31,67.55,65.45,65.9,6583325.0
431,2021-01-04,66.0,69.67,64.5,68.07,12824363.0
432,2021-01-05,67.92,69.41,67.45,68.42,6482316.0
433,2021-01-06,66.03,68.34,64.74,67.11,9518536.0
434,2021-01-07,67.71,71.41,67.71,71.38,9870716.0
435,2021-01-08,72.2,73.57,69.5,71.87,9102494.0
436,2021-01-11,70.81,72.89,69.02,71.7,7812810.0
437,2021-01-12,71.17,75.07,71.17,75.07,8941025.0
438,2021-01-13,76.0,76.88,72.7,72.76,9793845.0
439,2021-01-14,73.45,76.25,70.41,70.96,13110365.0
440,2021-01-15,71.39,71.85,68.92,69.75,8872256.0
441,2021-01-19,71.75,71.95,69.58,71.01,6820138.0
442,2021-01-20,72.0,73.02,69.58,72.64,6938725.0
443,2021-01-21,74.2,74.46,72.21,73.52,9567874.0
444,2021-01-22,73.52,75.4,72.9,73.08,10136622.0
445,2021-01-25,74.46,75.07,68.61,73.37,13803006.0
446,2021-01-26,73.65,74.04,68.57,69.24,16432496.0
447,2021-01-27,65.52,68.87,62.15,64.67,17567236.0
448,2021-01-28,67.32,69.29,66.01,68.51,11665372.0
449,2021-01-29,68.0,69.25,65.91,68.51,11215378.0
450,2021-02-01,69.61,71.99,68.55,70.72,9755809.0
451,2021-02-02,72.48,74.13,71.37,73.87,10042932.0
452,2021-02-03,76.0,77.98,73.03,77.14,16319238.0
453,2021-02-04,78.78,79.15,75.05,77.84,26599526.0
454,2021-02-05,86.2,86.49,79.7,81.96,46113085.0
455,2021-02-08,81.43,81.8,77.94,79.81,23309599.0
456,2021-02-09,79.45,81.7,79.03,79.41,12494396.0
457,2021-02-10,80.91,82.49,78.53,81.12,13038493.0
458,2021-02-11,85.7,87.37,83.5,87.03,31105326.0
459,2021-02-12,86.66,86.98,83.63,84.04,11050204.0
460,2021-02-16,86.55,89.9,86.49,89.15,19279123.0
461,2021-02-17,87.06,87.45,83.63,86.3,10418462.0
462,2021-02-18,85.31,86.8,83.66,85.99,9162488.0
463,2021-02-19,87.41,88.29,85.43,85.9,7056259.0
464,2021-02-22,85.0,86.83,80.44,80.99,10141111.0
465,2021-02-23,74.35,84.93,70.6,84.56,20293569.0
466,2021-02-24,83.85,85.4,81.52,84.17,8856352.0
467,2021-02-25,85.57,86.5,78.69,79.11,11514417.0
468,2021-02-26,80.26,81.59,76.39,80.58,14156070.0
469,2021-03-01,82.57,83.47,80.9,83.32,8099103.0
470,2021-03-02,84.21,85.1,80.28,81.17,8978761.0
471,2021-03-03,81.17,81.71,73.01,74.39,13224570.0
472,2021-03-04,73.01,74.23,66.3,68.84,22917387.0
473,2021-03-05,70.0,70.44,60.33,68.14,22084565.0
474,2021-03-08,68.55,69.67,62.31,62.49,15086475.0
475,2021-03-09,67.03,67.89,64.4,67.48,13599227.0
476,2021-03-10,68.71,70.8,67.21,68.97,14304031.0
477,2021-03-11,71.89,72.28,69.53,71.88,10089284.0
478,2021-03-12,68.81,71.76,67.69,71.75,9360397.0
479,2021-03-15,72.3,72.79,70.1,72.79,7318664.0
480,2021-03-16,73.99,75.1,72.51,73.79,10032089.0
481,2021-03-17,72.4,75.63,71.0,74.95,10055299.0
482,2021-03-18,74.05,74.33,69.11,69.39,13566730.0
483,2021-03-19,69.41,73.23,69.4,73.01,14247477.0
484,2021-03-22,71.8,73.25,70.11,72.35,14628774.0
485,2021-03-23,72.02,72.09,70.6,71.24,9351367.0
486,2021-03-24,71.95,72.72,69.19,69.6,10598359.0
487,2021-03-25,66.38,68.91,65.5,68.21,11397178.0
488,2021-03-26,68.92,69.76,66.82,69.07,10368291.0
489,2021-03-29,68.84,69.84,67.53,69.38,9408222.0
490,2021-03-30,68.72,70.74,68.32,69.31,7232683.0
491,2021-03-31,70.29,74.66,70.18,74.03,9376697.0
492,2021-04-01,75.77,78.67,75.77,77.73,11505094.0
493,2021-04-05,79.37,80.3,77.83,79.53,11123109.0
494,2021-04-06,80.64,84.37,80.43,83.29,12118562.0
495,2021-04-07,82.59,85.55,82.01,83.8,9861075.0
496,2021-04-08,84.99,86.11,83.92,85.98,8559732.0
497,2021-04-09,85.26,86.09,83.13,85.53,8565418.0
498,2021-04-12,85.0,85.0,81.54,83.98,8729965.0
499,2021-04-13,84.46,84.61,82.45,83.9,7394588.0
500,2021-04-14,84.66,88.83,82.97,83.49,9401975.0
501,2021-04-15,84.84,85.16,83.3,84.43,7782747.0
502,2021-04-16,84.08,84.08,75.31,76.22,35050406.0
503,2021-04-19,75.6,75.79,71.51,73.91,16896968.0
504,2021-04-20,73.79,74.24,70.65,71.32,10904783.0
505,2021-04-21,70.86,72.94,69.85,72.51,9923521.0
506,2021-04-22,73.97,74.22,71.43,71.99,11826395.0
507,2021-04-23,74.97,75.89,72.35,74.99,14238362.0
508,2021-04-26,74.89,76.74,74.13,76.73,9903907.0
509,2021-04-27,76.39,78.63,75.95,77.58,19171815.0
510,2021-04-28,69.19,69.67,65.83,66.33,60523543.0
511,2021-04-29,67.11,68.4,65.36,68.21,21440339.0
512,2021-04-30,66.92,67.41,65.81,66.37,14473312.0
513,2021-05-03,66.71,67.37,63.25,63.71,15241905.0
514,2021-05-04,62.93,63.22,59.85,62.3,21605996.0
515,2021-05-05,62.9,63.12,61.25,61.83,13165966.0
516,2021-05-06,61.04,61.08,57.05,59.22,25708569.0
517,2021-05-07,60.1,61.33,58.91,59.86,15522423.0
518,2021-05-10,58.51,60.14,57.19,58.36,17872209.0
519,2021-05-11,55.86,60.34,55.6,59.71,16676679.0
520,2021-05-12,58.44,59.41,55.25,57.12,15598577.0
521,2021-05-13,57.73,57.8,53.94,55.45,13914474.0
522,2021-05-14,55.85,58.3,55.58,58.05,9818642.0
523,2021-05-17,57.5,58.13,56.34,58.1,7425995.0
524,2021-05-18,58.94,60.08,58.16,58.28,7765460.0
525,2021-05-19,56.64,58.7,56.13,58.63,7106627.0
526,2021-05-20,58.72,61.83,58.72,61.34,13620682.0
527,2021-05-21,61.42,61.98,60.48,60.86,8880344.0
528,2021-05-24,61.26,63.52,60.77,62.91,7441241.0
529,2021-05-25,63.13,64.52,62.75,63.76,8825520.0
530,2021-05-26,62.23,63.46,60.84,62.94,12483295.0
531,2021-05-27,63.0,64.7,62.06,64.3,9377688.0
532,2021-05-28,64.75,65.85,64.46,65.3,9627841.0
533,2021-06-01,66.0,66.63,63.88,64.37,6973381.0
534,2021-06-02,64.39,64.48,63.19,64.07,7326381.0
535,2021-06-03,63.7,64.33,62.42,62.61,5534876.0
536,2021-06-04,63.05,63.69,62.63,62.89,4927450.0
537,2021-06-07,62.88,65.46,62.02,65.43,7293055.0
538,2021-06-08,66.0,68.11,65.55,66.04,9752005.0
539,2021-06-09,66.04,67.59,65.93,66.12,7873038.0
540,2021-06-10,66.36,68.42,66.06,68.25,7729478.0
541,2021-06-11,68.2,69.08,67.89,68.18,7284927.0
542,2021-06-14,68.5,70.0,67.94,68.67,8206778.0
543,2021-06-15,68.79,71.3,68.08,70.54,20100530.0
544,2021-06-16,70.54,71.6,68.7,69.66,11123043.0
545,2021-06-17,69.0,73.48,69.0,73.14,13446008.0
546,2021-06-18,73.17,74.58,72.87,74.19,14347197.0
547,2021-06-21,73.14,73.25,70.02,71.13,14161792.0
548,2021-06-22,71.34,73.65,71.23,73.16,9047268.0
549,2021-06-23,73.5,75.22,73.31,74.79,8483730.0
550,2021-06-24,75.55,76.79,74.81,76.28,8455175.0
551,2021-06-25,76.94,77.46,75.2,76.84,15657464.0
552,2021-06-28,77.33,78.99,76.77,78.8,7468618.0
553,2021-06-29,78.55,79.12,77.41,78.67,5510056.0
554,2021-06-30,78.76,79.28,77.42,78.95,5830001.0
555,2021-07-01,79.39,80.03,78.2,79.86,7488280.0
556,2021-07-02,79.86,80.54,78.77,79.31,6732562.0
557,2021-07-06,79.4,81.67,79.39,80.29,8197724.0
558,2021-07-07,81.19,81.77,77.7,77.72,7024519.0
559,2021-07-08,75.83,76.41,74.12,75.88,11042782.0
560,2021-07-09,75.5,77.15,74.32,76.99,7163986.0
561,2021-07-12,77.23,77.89,73.09,73.34,12949292.0
562,2021-07-13,72.99,73.61,71.34,72.11,12357473.0
563,2021-07-14,73.0,73.49,69.72,69.76,8008149.0
564,2021-07-15,69.72,72.11,68.84,70.03,7970920.0
565,2021-07-16,70.35,70.47,68.38,68.73,6412105.0
566,2021-07-19,67.32,71.67,66.17,71.36,10792030.0
567,2021-07-20,71.6,71.89,69.53,71.43,7224823.0
568,2021-07-21,70.78,72.33,69.98,72.23,7435567.0
569,2021-07-22,72.51,73.08,71.26,72.71,5256362.0
570,2021-07-23,75.66,77.92,74.22,76.91,15737056.0
571,2021-07-26,76.15,77.24,74.85,76.49,6937870.0
572,2021-07-27,75.7,77.29,73.31,74.29,7160876.0
573,2021-07-28,74.91,76.87,73.85,76.65,7481438.0
574,2021-07-29,76.0,76.5,70.35,72.04,27085014.0
575,2021-07-30,59.2,60.88,58.01,58.9,76475501.0
576,2021-08-02,59.31,59.6,56.81,57.12,25378562.0
577,2021-08-03,57.17,60.05,57.12,60.01,24964909.0
578,2021-08-04,60.36,60.94,58.95,60.13,14707779.0
579,2021-08-05,59.65,60.9,59.29,60.33,10895187.0
580,2021-08-06,59.99,60.78,58.38,58.78,8960798.0
581,2021-08-09,58.65,59.41,57.81,58.85,7971945.0
582,2021-08-10,58.91,59.0,56.92,57.24,11275440.0
583,2021-08-11,57.15,57.3,55.67,56.8,12342938.0
584,2021-08-12,56.62,57.21,56.02,56.76,5960418.0
585,2021-08-13,56.88,57.09,55.68,56.06,8524256.0
586,2021-08-16,56.1,56.63,55.03,56.31,8918359.0
587,2021-08-17,55.65,56.26,54.95,56.1,8471256.0
588,2021-08-18,56.0,56.37,54.11,54.15,9760300.0
589,2021-08-19,53.55,54.23,51.95,52.6,11088450.0
590,2021-08-20,52.86,54.22,52.58,53.86,7111830.0
591,2021-08-23,53.92,54.97,53.8,54.73,6919550.0
592,2021-08-24,55.22,55.36,54.45,55.18,5199067.0
593,2021-08-25,55.15,56.23,54.76,56.17,6834533.0
594,2021-08-26,56.21,57.78,56.15,57.24,10002233.0
595,2021-08-27,57.05,57.45,56.65,57.22,8341603.0
596,2021-08-30,56.81,57.0,55.36,56.49,7770078.0
597,2021-08-31,56.36,56.83,55.37,55.57,12320884.0
598,2021-09-01,55.52,58.16,55.52,56.99,8898545.0
599,2021-09-02,57.15,57.55,56.71,56.88,7414733.0
600,2021-09-03,56.92,56.92,55.72,56.59,4614703.0
601,2021-09-07,56.7,56.94,55.02,55.74,7128298.0
602,2021-09-08,55.7,56.25,54.39,54.41,7321112.0
603,2021-09-09,54.37,55.42,53.89,55.12,6448548.0
604,2021-09-10,55.5,55.99,54.23,54.24,4547361.0
605,2021-09-13,54.25,55.32,52.64,55.13,9783286.0
606,2021-09-14,55.1,55.59,54.1,54.43,5105375.0
607,2021-09-15,54.51,54.51,53.15,54.23,5205318.0
608,2021-09-16,53.99,54.57,53.37,54.21,4538752.0
609,2021-09-17,54.54,55.0,54.05,54.77,8633156.0
610,2021-09-20,53.75,53.99,51.56,52.51,10210021.0
611,2021-09-21,53.0,53.48,51.35,52.42,10160109.0
612,2021-09-22,51.64,54.6,51.35,54.18,8236469.0
613,2021-09-23,54.05,55.09,53.88,54.02,5474345.0
614,2021-09-24,53.62,54.47,53.21,54.2,5257521.0
615,2021-09-27,53.45,53.77,52.27,53.77,5751314.0
616,2021-09-28,52.75,53.16,51.05,51.95,8644827.0
617,2021-09-29,52.46,52.8,50.31,50.37,6129485.0
618,2021-09-30,50.57,51.6,50.33,50.95,5889964.0
619,2021-10-01,52.31,54.03,52.12,52.62,8106777.0
620,2021-10-04,52.29,52.31,49.23,49.62,10998957.0
621,2021-10-05,49.99,50.74,49.46,50.0,8936117.0
622,2021-10-06,49.15,50.92,49.01,50.36,5441455.0
623,2021-10-07,51.21,52.47,51.05,51.81,6395793.0
624,2021-10-08,52.04,52.91,51.49,51.64,4846266.0
625,2021-10-11,51.35,51.87,50.82,50.93,4633039.0
626,2021-10-12,51.05,51.66,50.31,51.41,5760602.0
627,2021-10-13,51.8,52.06,51.49,51.57,5879589.0
628,2021-10-14,51.77,53.4,51.19,52.52,7903305.0
629,2021-10-15,52.96,53.27,52.27,52.67,4844031.0
630,2021-10-18,51.66,53.92,51.65,53.59,9011863.0
631,2021-10-19,54.0,56.2,52.9,55.58,11612611.0
632,2021-10-20,56.09,66.0,55.48,62.68,113376308.0
633,2021-10-21,61.91,62.37,60.68,61.35,28218707.0
634,2021-10-22,59.97,60.37,57.63,58.06,16282283.0
635,2021-10-25,49.64,51.39,49.1,50.68,46619067.0
636,2021-10-26,51.0,51.19,47.51,47.89,21872342.0
637,2021-10-27,47.5,48.04,45.3,45.36,21042946.0
638,2021-10-28,45.44,46.29,44.54,45.61,15397742.0
639,2021-10-29,45.5,45.61,44.04,44.64,12028760.0
640,2021-11-01,44.5,45.9,44.48,45.26,14541515.0
641,2021-11-02,45.5,45.51,43.6,44.35,11168227.0
642,2021-11-03,44.17,45.08,43.92,44.68,7477394.0
643,2021-11-04,44.79,45.49,43.5,43.64,16512110.0
644,2021-11-05,44.16,46.98,43.3,46.22,22817611.0
645,2021-11-08,46.18,47.04,45.26,46.56,11340325.0
646,2021-11-09,47.01,47.91,46.21,46.64,7263853.0
647,2021-11-10,46.04,47.14,45.21,45.86,7523170.0
648,2021-11-11,46.17,46.3,44.88,45.01,7666586.0
649,2021-11-12,45.45,46.18,45.18,45.96,5412375.0
650,2021-11-15,46.5,48.86,46.42,47.94,10847351.0
651,2021-11-16,47.88,49.1,47.69,48.79,8092376.0
652,2021-11-17,48.4,48.63,47.41,47.47,5876159.0
653,2021-11-18,47.55,47.61,45.02,46.0,10337681.0
654,2021-11-19,45.94,46.57,44.35,44.76,6940705.0
655,2021-11-22,44.6,44.66,41.87,43.07,12529110.0
656,2021-11-23,42.57,43.07,40.93,41.77,11690439.0
657,2021-11-24,41.38,42.76,41.04,42.34,8334535.0
658,2021-11-26,41.85,42.89,41.48,42.8,5184665.0
659,2021-11-29,42.87,43.24,40.47,40.54,13330496.0
660,2021-11-30,40.78,41.71,39.34,40.06,13744116.0
661,2021-12-01,40.05,40.29,37.21,37.29,12216221.0
662,2021-12-02,36.29,38.0,35.91,37.58,11462066.0
663,2021-12-03,37.43,37.46,35.13,35.84,11860509.0
664,2021-12-06,35.04,38.26,34.56,37.82,11488793.0
665,2021-12-07,38.51,39.84,38.51,38.68,7094782.0
666,2021-12-08,39.0,41.23,38.58,40.52,8970143.0
667,2021-12-09,40.26,41.13,38.42,38.75,7382859.0
668,2021-12-10,39.32,39.33,36.7,37.26,7290968.0
669,2021-12-13,36.99,37.35,35.01,36.04,11204954.0
670,2021-12-14,35.35,36.33,35.28,35.62,9918599.0
671,2021-12-15,35.32,36.3,34.07,36.05,10914090.0
672,2021-12-16,36.47,36.9,34.57,34.93,12229609.0
673,2021-12-17,34.95,37.3,34.11,36.51,12783744.0
674,2021-12-20,35.65,36.31,35.28,35.76,10048828.0
675,2021-12-21,36.03,36.98,35.58,36.74,9836552.0
676,2021-12-22,36.54,38.6,36.2,37.26,13556887.0
677,2021-12-23,37.03,37.66,36.11,37.42,6259014.0
678,2021-12-27,37.02,37.81,36.79,36.93,7058072.0
679,2021-12-28,36.61,37.9,36.33,36.52,7080420.0
680,2021-12-29,36.21,36.57,35.05,35.95,6910958.0
681,2021-12-30,36.0,38.63,35.85,37.95,9244270.0
682,2021-12-31,37.4,38.2,36.32,36.35,6684593.0
683,2022-01-03,36.8,36.95,35.94,36.41,8512779.0
684,2022-01-04,35.17,35.56,32.42,33.13,22289811.0
685,2022-01-05,33.51,34.3,32.5,32.84,13840322.0
686,2022-01-06,32.55,33.4,31.61,32.69,12147266.0
687,2022-01-07,32.65,33.48,32.1,32.42,8246291.0
688,2022-01-10,31.7,32.97,31.02,32.7,12904703.0
689,2022-01-11,33.0,34.39,32.6,34.0,8739844.0
690,2022-01-12,34.27,35.04,33.43,34.43,9546558.0
691,2022-01-13,34.43,34.7,32.89,32.97,6813222.0
692,2022-01-14,32.75,33.21,31.69,32.83,7312888.0
693,2022-01-18,32.29,32.49,31.5,31.69,7436350.0
694,2022-01-19,31.79,32.86,31.53,31.64,6327623.0
695,2022-01-20,32.35,33.79,31.88,31.95,8918322.0
696,2022-01-21,31.46,31.53,29.19,29.45,16776131.0
697,2022-01-24,28.55,31.16,27.75,31.11,19004270.0
698,2022-01-25,29.86,30.21,28.37,28.46,17716245.0
699,2022-01-26,29.07,29.22,26.5,26.74,20554824.0
700,2022-01-27,27.34,27.71,26.56,26.88,11270326.0
701,2022-01-28,27.16,27.23,25.97,26.84,21753426.0
702,2022-01-31,27.12,29.82,27.12,29.56,14108724.0
703,2022-02-01,29.61,30.08,28.54,30.01,9848144.0
704,2022-02-02,30.11,30.27,26.97,27.33,19053264.0
705,2022-02-03,24.36,26.01,24.01,24.51,32270952.0
706,2022-02-04,25.28,27.67,24.27,27.25,46019740.0
707,2022-02-07,27.02,28.07,26.22,26.46,22401237.0
708,2022-02-08,25.98,26.93,25.7,26.68,13565911.0
709,2022-02-09,27.31,27.36,25.86,26.8,22994942.0
710,2022-02-10,26.25,27.37,25.36,25.55,25820653.0
711,2022-02-11,25.77,27.76,25.23,25.4,29693711.0
712,2022-02-14,25.3,25.79,24.54,24.71,14904246.0
713,2022-02-15,25.16,25.96,24.73,25.88,10626743.0
714,2022-02-16,25.22,25.99,24.83,25.73,11398628.0
715,2022-02-17,25.51,25.83,24.61,24.69,11071760.0
716,2022-02-18,24.72,25.04,23.61,23.86,10701375.0
717,2022-02-22,23.48,24.54,23.38,23.92,12333217.0
718,2022-02-23,23.92,24.15,23.37,23.39,11052563.0
719,2022-02-24,22.5,25.41,22.31,25.34,15253726.0
720,2022-02-25,25.5,26.37,24.96,26.35,11601474.0
721,2022-02-28,26.29,27.11,25.98,26.75,10519352.0
722,2022-03-01,26.61,26.94,25.86,26.41,11648326.0
723,2022-03-02,26.5,26.64,25.42,26.03,8039293.0
724,2022-03-03,26.02,26.07,24.71,24.93,12030176.0
725,2022-03-04,25.07,25.39,23.76,24.18,9665843.0
726,2022-03-07,24.17,24.49,23.09,23.09,9540088.0
727,2022-03-08,22.76,23.94,22.34,23.06,12701357.0
728,2022-03-09,23.56,25.47,23.54,25.26,11495870.0
729,2022-03-10,24.5,24.5,23.46,23.92,10361317.0
730,2022-03-11,24.4,24.47,23.05,23.08,9728509.0
731,2022-03-14,22.69,23.5,22.14,22.37,11800420.0
732,2022-03-15,22.12,22.99,21.92,22.74,9142342.0
733,2022-03-16,23.36,24.37,23.1,24.31,15326064.0
734,2022-03-17,23.77,24.98,23.62,24.89,9508895.0
735,2022-03-18,24.71,26.45,24.71,26.32,10898110.0
736,2022-03-21,26.13,26.38,24.96,25.54,9919360.0
737,2022-03-22,25.64,26.88,25.55,26.45,8248035.0
738,2022-03-23,25.92,26.64,25.58,25.66,6500882.0
739,2022-03-24,25.91,26.4,25.51,26.34,5679325.0
740,2022-03-25,26.45,26.45,25.11,25.49,7135723.0
741,2022-03-28,25.53,26.46,25.53,26.45,8443187.0
742,2022-03-29,25.87,26.81,25.46,26.67,13096595.0
743,2022-03-30,26.48,26.75,25.32,25.69,9445294.0
744,2022-03-31,25.85,26.0,24.58,24.61,10028404.0
745,2022-04-01,24.73,25.46,24.51,24.81,7089132.0
746,2022-04-04,25.5,27.95,25.5,27.4,16865672.0
747,2022-04-05,27.4,27.51,26.1,26.13,8061535.0
748,2022-04-06,25.56,25.56,23.87,24.44,12282842.0
749,2022-04-07,24.3,25.02,22.79,23.57,13052319.0
750,2022-04-08,23.39,23.99,23.1,23.55,7778257.0
751,2022-04-11,23.14,23.82,22.45,23.25,7657509.0
752,2022-04-12,23.7,24.0,22.66,22.68,9135795.0
753,2022-04-13,22.65,23.22,22.53,22.95,7353169.0
754,2022-04-14,23.32,23.6,22.09,22.16,10846106.0
755,2022-04-18,22.13,22.23,21.24,21.83,14072622.0
756,2022-04-19,21.62,22.97,21.36,22.72,8948380.0
757,2022-04-20,22.37,22.39,21.03,21.04,14979698.0
758,2022-04-21,21.15,21.38,19.87,20.23,16627284.0
759,2022-04-22,19.91,20.47,19.47,19.59,14250811.0
760,2022-04-25,19.47,20.11,19.3,20.0,12582999.0
761,2022-04-26,19.86,19.88,18.91,19.22,13351666.0
762,2022-04-27,18.87,19.68,18.32,18.67,27148806.0
763,2022-04-28,20.2,21.27,19.05,21.2,30332389.0
764,2022-04-29,21.28,21.72,20.49,20.52,14955753.0
765,2022-05-02,20.56,22.27,20.34,22.16,18476519.0
766,2022-05-03,22.04,22.82,21.71,22.39,12750853.0
767,2022-05-04,22.2,24.31,21.94,24.2,18399963.0
768,2022-05-05,23.52,23.6,22.13,22.63,14967150.0
769,2022-05-06,22.47,23.33,21.68,22.69,15883504.0
770,2022-05-09,22.15,22.62,21.05,21.08,15999947.0
771,2022-05-10,21.59,21.74,19.77,20.22,13901294.0
772,2022-05-11,20.09,20.73,18.87,18.89,13663825.0
773,2022-05-12,18.49,20.16,18.32,20.16,16886116.0
774,2022-05-13,20.27,21.49,20.23,21.47,13267560.0
775,2022-05-16,21.1,22.12,20.93,21.49,16265948.0
776,2022-05-17,21.86,22.5,21.65,22.48,10309680.0
777,2022-05-18,21.93,22.68,21.78,22.09,11911181.0
778,2022-05-19,22.3,23.53,22.21,23.14,17709894.0
779,2022-05-20,23.4,23.58,22.05,22.91,13287192.0
780,2022-05-23,22.78,22.78,21.95,22.59,12321591.0
781,2022-05-24,18.69,18.75,16.14,17.25,64287826.0
782,2022-05-25,17.49,19.05,17.46,18.9,23261186.0
783,2022-05-26,18.61,19.9,18.47,19.54,16484327.0
784,2022-05-27,19.67,20.55,19.55,20.45,16632892.0
785,2022-05-31,20.27,20.54,19.39,19.65,25803915.0
786,2022-06-01,19.72,20.2,18.6,18.93,14685861.0
787,2022-06-02,18.61,20.29,18.56,20.04,14573282.0
788,2022-06-03,19.61,20.31,19.26,19.46,10500849.0
789,2022-06-06,19.72,20.09,19.15,19.94,10589192.0
790,2022-06-07,19.67,20.02,19.38,19.97,9847065.0
791,2022-06-08,20.16,21.12,20.14,20.79,8542006.0
792,2022-06-09,20.8,21.0,20.19,20.25,10804642.0
793,2022-06-10,19.8,20.2,19.14,19.24,11009849.0
794,2022-06-13,18.55,18.68,17.02,17.22,20467171.0
795,2022-06-14,17.11,17.63,16.92,17.19,10133653.0
796,2022-06-15,17.23,19.43,17.15,19.07,16484097.0
797,2022-06-16,18.22,18.39,17.3,17.45,13076796.0
798,2022-06-17,17.43,18.3,17.1,18.18,21156851.0
799,2022-06-21,18.32,19.35,18.18,18.42,15400577.0
800,2022-06-22,18.16,19.25,18.07,18.89,15638173.0
801,2022-06-23,19.08,20.07,18.92,19.9,16234571.0
802,2022-06-24,20.27,21.5,20.06,21.47,19617559.0
803,2022-06-27,21.9,21.99,20.46,20.73,20584696.0
804,2022-06-28,20.6,21.0,19.63,19.7,11665331.0
805,2022-06-29,20.3,20.39,19.13,19.96,24978550.0
806,2022-06-30,19.62,19.7,18.01,18.16,24520363.0
807,2022-07-01,18.15,18.76,17.81,18.71,8922661.0
808,2022-07-05,18.17,20.32,17.79,20.23,14769889.0
809,2022-07-06,20.15,20.69,19.43,19.73,15282806.0
810,2022-07-07,19.67,20.58,19.48,20.27,14461809.0
811,2022-07-08,19.85,20.67,19.62,20.24,9569028.0
812,2022-07-11,19.82,19.96,18.42,18.51,12665479.0
813,2022-07-12,18.72,19.18,18.37,18.5,13235602.0
814,2022-07-13,17.98,18.84,17.71,18.41,9182491.0
815,2022-07-14,18.25,18.38,17.32,17.56,16285702.0
816,2022-07-15,19.93,20.78,19.63,20.4,42856048.0
817,2022-07-18,20.72,21.02,20.23,20.25,19631482.0
818,2022-07-19,20.42,20.87,19.64,20.64,12942225.0
819,2022-07-20,21.0,21.68,20.8,21.27,16188078.0
820,2022-07-21,20.98,21.35,20.57,20.94,10867648.0
821,2022-07-22,19.29,19.43,17.92,18.11,27080769.0
822,2022-07-25,18.17,18.25,17.76,18.06,13864720.0
823,2022-07-26,17.53,17.55,16.77,17.25,20434623.0
824,2022-07-27,18.2,19.26,18.04,19.2,19992980.0
825,2022-07-28,18.73,19.32,18.37,19.3,11504662.0
826,2022-07-29,19.0,19.48,18.71,19.48,14560746.0
827,2022-08-01,19.14,20.26,18.98,19.99,29407004.0
828,2022-08-02,23.62,23.77,21.9,22.31,50565671.0
829,2022-08-03,22.2,22.79,22.2,22.44,18269823.0
830,2022-08-04,22.57,23.43,22.44,22.53,11690665.0
831,2022-08-05,22.41,23.07,22.17,22.55,12570632.0
832,2022-08-08,22.78,23.7,22.72,22.9,18955313.0
833,2022-08-09,22.55,22.9,22.36,22.54,15498495.0
834,2022-08-10,23.45,23.67,22.79,22.9,21506191.0
835,2022-08-11,23.18,24.25,22.8,22.86,13815876.0
836,2022-08-12,23.29,23.6,23.05,23.43,9298568.0
837,2022-08-15,23.21,24.09,23.13,23.38,15781658.0
838,2022-08-16,23.14,23.4,22.55,22.99,13353628.0
839,2022-08-17,22.61,22.95,22.16,22.49,10837666.0
840,2022-08-18,22.36,22.69,21.93,22.56,6643195.0
841,2022-08-19,22.0,22.27,21.52,21.77,8305930.0
842,2022-08-22,21.2,21.6,21.11,21.24,7886548.0
843,2022-08-23,21.11,21.49,20.53,20.57,8465622.0
844,2022-08-24,20.57,21.22,20.39,21.04,7872441.0
845,2022-08-25,21.37,24.05,21.34,24.01,27220669.0
846,2022-08-26,23.81,24.12,22.9,23.08,14170011.0
847,2022-08-29,22.67,23.3,22.54,22.91,12819380.0
848,2022-08-30,23.22,23.48,21.71,21.96,9848741.0
849,2022-08-31,23.53,23.9,22.62,23.04,18381603.0
850,2022-09-01,22.8,23.56,22.13,22.74,12123248.0
851,2022-09-02,22.96,23.05,22.01,22.07,10038774.0
852,2022-09-06,21.94,22.41,21.24,22.1,12783772.0
853,2022-09-07,23.29,23.93,22.76,23.47,18809176.0
854,2022-09-08,23.0,24.44,22.85,24.0,14324318.0
855,2022-09-09,24.75,25.57,24.45,25.55,27908819.0
856,2022-09-12,25.45,25.77,25.19,25.7,13904535.0
857,2022-09-13,24.39,24.95,23.85,24.59,17477011.0
858,2022-09-14,24.5,24.81,23.62,24.76,16351321.0
859,2022-09-15,24.39,25.91,24.35,25.63,18693405.0
860,2022-09-16,25.0,25.42,24.5,24.92,20267625.0
861,2022-09-19,24.78,25.56,24.46,25.42,12122260.0
862,2022-09-20,25.17,25.63,24.52,24.76,10758280.0
863,2022-09-21,25.02,25.18,23.8,23.91,12241433.0
864,2022-09-22,23.88,24.52,23.2,23.21,14433859.0
865,2022-09-23,22.99,23.36,22.13,22.59,18168916.0
866,2022-09-26,22.64,23.62,22.62,22.81,9341273.0
867,2022-09-27,23.24,23.52,22.24,22.64,11686582.0
868,2022-09-28,22.61,24.0,22.46,23.84,11520280.0
869,2022-09-29,23.21,23.43,22.64,23.19,7294100.0
870,2022-09-30,23.0,23.86,22.97,23.3,9399761.0
871,2022-10-03,23.78,24.11,23.3,23.7,8870343.0
872,2022-10-04,24.42,24.91,24.12,24.9,11200329.0
873,2022-10-05,24.36,24.77,23.82,24.63,7799191.0
874,2022-10-06,26.03,26.32,25.38,25.83,24410018.0
875,2022-10-07,25.47,25.66,24.6,25.12,11107337.0
876,2022-10-10,25.03,25.38,24.28,24.65,7206961.0
877,2022-10-11,24.31,24.45,22.75,22.99,13415347.0
878,2022-10-12,22.93,23.29,22.17,23.07,8468332.0
879,2022-10-13,21.95,22.66,21.5,22.2,13604899.0
880,2022-10-14,22.55,22.81,21.35,21.35,11634251.0
881,2022-10-17,22.22,22.93,22.13,22.53,9868622.0
882,2022-10-18,23.1,23.57,22.71,23.32,14058812.0
883,2022-10-19,22.85,23.33,22.65,23.04,11615763.0
884,2022-10-20,22.91,24.16,22.52,22.97,14580506.0
885,2022-10-21,21.5,21.92,20.71,21.5,26662821.0
886,2022-10-24,21.44,22.06,20.62,21.98,16060262.0
887,2022-10-25,22.15,22.88,21.87,22.59,17154223.0
888,2022-10-26,21.73,22.6,21.61,22.04,14840534.0
889,2022-10-27,21.63,22.28,20.87,21.89,28033329.0
890,2022-10-28,24.43,25.37,23.46,24.9,45458684.0
891,2022-10-31,24.79,25.62,24.55,24.6,22935449.0
892,2022-11-01,25.01,25.24,24.18,24.2,11497961.0
893,2022-11-02,24.2,24.76,23.43,23.48,13834842.0
894,2022-11-03,23.09,23.57,22.61,22.78,18697254.0
895,2022-11-04,23.12,23.3,21.69,22.39,14897143.0
896,2022-11-07,22.72,23.02,22.05,22.58,13454081.0
897,2022-11-08,22.59,22.99,22.0,22.62,8503830.0
898,2022-11-09,22.41,22.45,21.06,21.28,12686501.0
899,2022-11-10,22.85,23.34,22.32,23.17,15619218.0
900,2022-11-11,23.2,24.33,22.87,24.2,14002477.0
901,2022-11-14,23.85,25.0,23.76,24.42,15007833.0
902,2022-11-15,25.19,26.37,25.14,26.29,21421397.0
903,2022-11-16,25.62,25.89,24.63,25.36,25308407.0
904,2022-11-17,24.63,24.81,24.05,24.52,9100975.0
905,2022-11-18,25.02,25.1,23.84,24.38,7980186.0
906,2022-11-21,24.01,24.36,23.48,23.8,7913432.0
907,2022-11-22,23.68,24.51,23.38,24.5,9606567.0
908,2022-11-23,24.54,25.24,24.46,25.03,5773248.0
909,2022-11-25,24.83,25.19,24.72,24.99,2752831.0
910,2022-11-28,24.65,24.96,24.23,24.36,6961045.0
911,2022-11-29,24.5,24.79,23.99,24.0,5955451.0
912,2022-11-30,23.97,25.43,23.7,25.42,10746807.0
913,2022-12-01,25.11,25.7,24.53,25.58,9400082.0
914,2022-12-02,25.01,25.52,24.71,24.86,9904475.0
915,2022-12-05,24.65,24.82,23.76,23.93,8640612.0
916,2022-12-06,24.01,24.12,22.61,22.72,11653162.0
917,2022-12-07,22.91,22.97,22.08,22.68,10648444.0
918,2022-12-08,22.95,23.38,22.51,22.62,10425129.0
919,2022-12-09,22.57,23.62,22.37,23.16,8244237.0
920,2022-12-12,23.15,23.86,22.93,23.61,11768684.0
921,2022-12-13,25.29,26.79,25.04,26.42,37870133.0
922,2022-12-14,26.34,26.89,26.03,26.22,15514759.0
923,2022-12-15,25.48,25.73,24.8,25.16,12107419.0
924,2022-12-16,25.0,25.39,24.5,24.8,9571118.0
925,2022-12-19,24.75,24.92,24.13,24.17,7662126.0
926,2022-12-20,23.91,24.7,23.72,24.44,7141601.0
927,2022-12-21,24.51,25.39,24.14,25.14,10472509.0
928,2022-12-22,24.56,24.92,24.08,24.72,11424054.0
929,2022-12-23,24.52,24.92,24.3,24.53,5994673.0
930,2022-12-27,24.2,24.26,23.41,23.43,7381974.0
931,2022-12-28,23.23,23.52,22.79,22.86,7859806.0
932,2022-12-29,23.13,23.88,22.91,23.82,6480986.0
933,2022-12-30,23.29,24.29,23.27,24.28,6069266.0
934,2023-01-03,25.23,25.23,22.56,22.89,18701671.0
935,2023-01-04,23.16,23.8,22.7,23.78,9648304.0
936,2023-01-05,23.66,23.77,23.09,23.59,7898900.0
937,2023-01-06,23.68,24.54,23.26,24.46,7352410.0
938,2023-01-09,24.84,25.42,24.75,24.88,8141077.0
939,2023-01-10,24.6,25.99,24.53,25.94,8149456.0
940,2023-01-11,26.0,27.19,25.89,27.01,15142254.0
941,2023-01-12,26.63,26.89,25.86,26.44,10908937.0
942,2023-01-13,26.0,26.8,25.94,26.69,9334512.0
943,2023-01-17,26.63,27.05,26.19,26.62,7988702.0
944,2023-01-18,26.83,26.98,25.98,26.08,9004034.0
945,2023-01-19,25.65,26.98,25.58,26.77,10749302.0
946,2023-01-20,26.35,27.47,26.19,26.6,12187881.0
947,2023-01-23,26.59,26.92,25.55,26.69,12131200.0
948,2023-01-24,27.65,27.65,25.62,25.83,11484995.0
949,2023-01-25,25.5,26.32,25.19,26.12,8433234.0
950,2023-01-26,26.45,26.97,25.75,26.37,9105733.0
951,2023-01-27,26.27,27.18,26.13,26.74,9296019.0
952,2023-01-30,26.2,26.48,25.78,25.92,8330423.0
953,2023-01-31,26.0,26.45,25.86,26.29,11010346.0
954,2023-02-01,26.31,26.74,25.3,26.7,15529000.0
955,2023-02-02,28.07,29.17,28.07,29.1,27290699.0
956,2023-02-03,28.22,28.88,27.29,27.48,13679025.0
957,2023-02-06,27.13,28.09,27.08,27.89,29886685.0
958,2023-02-07,27.69,27.98,25.85,26.45,40412061.0
959,2023-02-08,26.22,26.27,25.46,25.88,16499555.0
960,2023-02-09,26.08,26.29,24.63,24.73,15125897.0
961,2023-02-10,24.5,25.1,24.32,24.84,13156770.0
962,2023-02-13,25.0,25.27,24.56,24.7,12571350.0
963,2023-02-14,24.43,25.06,24.17,24.68,10369773.0
964,2023-02-15,24.64,25.4,24.56,25.38,13329081.0
965,2023-02-16,25.0,25.35,24.81,24.84,9723770.0
966,2023-02-17,24.57,24.79,24.02,24.43,9744779.0
967,2023-02-21,24.0,24.63,23.8,24.45,10432604.0
968,2023-02-22,24.56,25.42,24.56,25.14,12059204.0
969,2023-02-23,25.25,25.61,24.77,25.5,11434287.0
970,2023-02-24,24.96,25.28,24.78,25.03,10971242.0
971,2023-02-27,25.22,25.58,24.8,24.99,8194617.0
972,2023-02-28,24.94,25.47,24.94,25.11,15101929.0
973,2023-03-01,25.08,25.19,24.59,24.97,9516883.0
974,2023-03-02,24.57,25.36,24.46,25.34,15634885.0
975,2023-03-03,25.5,26.65,25.28,26.4,16674310.0
976,2023-03-06,26.54,27.55,26.47,26.68,9790013.0
977,2023-03-07,26.72,27.46,26.59,26.64,8850646.0
978,2023-03-08,26.31,26.31,25.57,25.74,11871205.0
979,2023-03-09,25.75,26.1,24.78,24.84,9641937.0
980,2023-03-10,24.6,24.67,23.64,24.17,10817634.0
981,2023-03-13,23.79,24.18,22.95,23.69,11172229.0
982,2023-03-14,24.37,25.26,24.21,24.99,15149632.0
983,2023-03-15,24.49,25.04,24.13,25.03,10570196.0
984,2023-03-16,25.13,26.6,25.02,26.53,12338655.0
985,2023-03-17,26.5,26.83,26.15,26.37,10014363.0
986,2023-03-20,25.85,26.77,25.78,26.75,7853493.0
987,2023-03-21,27.0,27.84,26.93,27.52,9634678.0
988,2023-03-22,27.5,28.22,27.33,27.47,10408193.0
989,2023-03-23,27.91,28.53,27.22,27.61,8997785.0
990,2023-03-24,27.54,27.78,27.22,27.47,5594383.0
991,2023-03-27,28.84,29.27,27.77,28.07,16383787.0
992,2023-03-28,27.93,28.04,26.79,26.84,10493806.0
993,2023-03-29,27.03,27.06,26.32,26.5,10139391.0
994,2023-03-30,26.7,26.87,26.24,26.34,9922552.0
995,2023-03-31,26.6,27.33,26.53,27.27,6176253.0
996,2023-04-03,27.87,27.94,27.33,27.75,9502384.0
997,2023-04-04,27.95,28.19,27.6,27.98,11447295.0
998,2023-04-05,27.79,28.04,27.13,27.33,9260565.0
999,2023-04-06,27.37,28.46,27.21,28.25,9221235.0
1000,2023-04-10,27.92,28.04,27.59,27.94,6063196.0
1001,2023-04-11,28.0,28.42,27.66,28.19,6976272.0
1002,2023-04-12,28.4,28.57,27.62,27.74,8407878.0
1003,2023-04-13,28.03,28.65,28.03,28.46,6361046.0
1004,2023-04-14,28.39,28.67,28.04,28.58,6780149.0
1005,2023-04-17,28.4,28.65,28.1,28.62,5566793.0
1006,2023-04-18,28.83,28.95,28.18,28.18,8140441.0
1007,2023-04-19,27.83,28.44,27.61,28.22,7239432.0
1008,2023-04-20,27.58,28.36,27.46,27.53,9033822.0
1009,2023-04-21,27.43,27.58,27.15,27.39,8431771.0
1010,2023-04-24,27.41,27.81,27.18,27.63,7548952.0
1011,2023-04-25,27.47,27.97,27.4,27.74,11995296.0
1012,2023-04-26,27.81,27.96,26.41,26.61,10696401.0
1013,2023-04-27,27.65,27.8,26.65,27.27,20927317.0
1014,2023-04-28,24.5,24.5,22.1,23.0,63305234.0
1015,2023-05-01,23.04,23.08,21.81,22.06,19465985.0
1016,2023-05-02,21.82,21.96,21.04,21.37,17014715.0
1017,2023-05-03,21.35,21.5,20.89,20.91,18100220.0
1018,2023-05-04,20.8,21.27,20.6,20.78,13026820.0
1019,2023-05-05,20.94,21.1,20.75,21.01,13314262.0
1020,2023-05-08,20.98,21.82,20.88,21.59,10442578.0
1021,2023-05-09,21.37,21.69,21.36,21.47,7630228.0
1022,2023-05-10,21.79,22.17,21.23,21.53,13799110.0
1023,2023-05-11,21.64,21.71,21.1,21.48,10061922.0
1024,2023-05-12,21.56,21.64,21.02,21.4,11794069.0
1025,2023-05-15,21.39,22.13,21.26,22.05,14146386.0
1026,2023-05-16,21.96,22.06,21.54,21.59,11345707.0
1027,2023-05-17,21.56,22.21,21.48,21.95,9867145.0
1028,2023-05-18,21.87,22.49,21.84,22.46,10593345.0
1029,2023-05-19,22.45,22.84,22.34,22.7,9994359.0
1030,2023-05-22,22.68,23.57,22.63,23.26,14986440.0
1031,2023-05-23,23.1,24.2,23.0,23.76,22213798.0
1032,2023-05-24,23.54,24.47,23.44,24.31,12021359.0
1033,2023-05-25,24.45,24.52,23.53,23.74,10383331.0
1034,2023-05-26,23.78,24.34,23.67,24.23,9142312.0
1035,2023-05-30,24.45,24.51,23.91,24.41,6773524.0
1036,2023-05-31,24.01,24.09,23.37,23.94,11359255.0
1037,2023-06-01,23.74,23.83,23.46,23.61,14676733.0
1038,2023-06-02,23.72,24.15,23.36,23.47,11906807.0
1039,2023-06-05,23.86,24.68,23.82,24.1,9816592.0
1040,2023-06-06,24.02,25.19,23.79,24.63,10031047.0
1041,2023-06-07,24.63,25.01,24.17,24.35,8078561.0
1042,2023-06-08,24.01,24.26,23.61,23.94,6857213.0
1043,2023-06-09,24.05,24.47,23.75,23.87,9297568.0
1044,2023-06-12,23.88,24.2,23.85,24.1,5748420.0
1045,2023-06-13,24.16,24.3,23.76,24.25,7094395.0
1046,2023-06-14,24.23,24.68,24.15,24.42,7175992.0
1047,2023-06-15,24.1,25.36,24.1,24.96,8600066.0
1048,2023-06-16,24.91,25.44,24.74,25.36,12968219.0
1049,2023-06-20,25.31,25.49,24.76,25.21,11464788.0
1050,2023-06-21,25.12,25.29,24.55,24.9,9485433.0
1051,2023-06-22,24.79,26.16,24.59,26.14,14883984.0
1052,2023-06-23,25.95,26.72,25.9,26.24,20187219.0
1053,2023-06-26,25.92,26.59,25.59,25.61,11834548.0
1054,2023-06-27,25.99,26.6,25.67,26.4,9137001.0
1055,2023-06-28,27.32,28.35,27.32,28.14,16007309.0
1056,2023-06-29,28.08,28.09,27.34,27.64,9221234.0
1057,2023-06-30,27.65,27.95,27.3,27.34,9820916.0
1058,2023-07-03,27.32,27.53,26.97,27.24,4772962.0
1059,2023-07-05,26.96,27.83,26.3,27.73,12992933.0
1060,2023-07-06,27.9,28.06,27.16,27.2,9210050.0
1061,2023-07-07,27.49,28.0,27.32,27.45,7216849.0
1062,2023-07-10,27.38,27.54,27.1,27.51,5387895.0
1063,2023-07-11,27.65,28.88,27.6,28.62,9419206.0
1064,2023-07-12,28.88,29.05,28.21,28.77,7512943.0
1065,2023-07-13,28.77,29.09,28.55,28.63,10044234.0
1066,2023-07-14,28.6,28.97,28.56,28.71,4539632.0
1067,2023-07-17,29.14,29.42,28.93,29.15,9841574.0
1068,2023-07-18,30.75,30.86,29.59,30.31,18453263.0
1069,2023-07-19,30.44,30.71,29.61,29.84,10039050.0
1070,2023-07-20,29.38,29.49,28.39,28.46,8862301.0
1071,2023-07-21,28.62,28.81,27.84,27.96,9471179.0
1072,2023-07-24,28.0,28.14,27.33,27.79,8300197.0
1073,2023-07-25,27.75,27.86,27.11,27.2,11813554.0
1074,2023-07-26,27.18,27.83,26.75,27.7,8652184.0
1075,2023-07-27,28.34,28.48,26.7,26.86,9967317.0
1076,2023-07-28,27.22,28.49,27.08,28.45,10045997.0
1077,2023-07-31,28.52,29.32,28.52,28.99,11090043.0
1078,2023-08-01,28.6,29.0,28.11,28.96,24567074.0
1079,2023-08-02,28.44,29.1,27.12,27.85,24203017.0
1080,2023-08-03,27.71,28.57,27.02,27.16,15387577.0
1081,2023-08-04,27.25,27.53,26.6,26.66,10170920.0
1082,2023-08-07,26.6,27.43,26.57,27.17,8829722.0
1083,2023-08-08,26.8,26.86,26.11,26.79,8690488.0
1084,2023-08-09,26.82,26.82,26.06,26.18,7874030.0
1085,2023-08-10,26.41,26.79,25.91,25.92,7642315.0
1086,2023-08-11,25.55,25.91,25.38,25.78,5798506.0
1087,2023-08-14,25.61,26.94,25.48,26.15,7309491.0
1088,2023-08-15,25.89,26.04,25.53,25.7,4874201.0
1089,2023-08-16,25.37,26.59,25.22,26.21,15967424.0
1090,2023-08-17,26.42,27.51,26.32,26.7,16558698.0
1091,2023-08-18,26.07,26.57,25.79,26.45,9199107.0
1092,2023-08-21,27.06,27.71,26.81,27.52,11394635.0
1093,2023-08-22,27.19,27.45,26.82,26.97,7847475.0
1094,2023-08-23,27.02,27.49,26.85,27.29,6431698.0
1095,2023-08-24,27.5,27.6,26.63,26.74,6050917.0
1096,2023-08-25,26.85,27.04,26.32,26.91,6922536.0
1097,2023-08-28,27.06,27.5,27.0,27.11,5953181.0
1098,2023-08-29,27.06,27.58,26.89,27.36,7772608.0
1099,2023-08-30,27.45,27.46,26.82,27.29,6835675.0
1100,2023-08-31,27.33,28.17,27.3,27.49,10222723.0
1101,2023-09-01,27.82,28.06,27.62,27.65,4603790.0
1102,2023-09-05,27.5,28.9,27.45,28.78,11040377.0
1103,2023-09-06,28.53,28.53,27.34,27.65,10834694.0
1104,2023-09-07,27.4,28.14,27.25,28.0,5950022.0
1105,2023-09-08,28.08,28.47,27.53,27.55,4846491.0
1106,2023-09-11,27.56,28.05,27.4,27.91,5220116.0
1107,2023-09-12,27.73,28.13,27.53,27.87,5623413.0
1108,2023-09-13,27.72,27.72,26.26,26.3,12224080.0
1109,2023-09-14,26.51,26.81,25.83,26.02,11885245.0
1110,2023-09-15,25.99,26.08,25.38,25.71,11111396.0
1111,2023-09-18,25.75,25.85,25.2,25.4,10261131.0
1112,2023-09-19,25.18,26.88,24.38,26.21,33509509.0
1113,2023-09-20,27.9,28.31,26.82,27.02,40018599.0
1114,2023-09-21,26.99,27.33,26.07,26.45,11022585.0
1115,2023-09-22,26.72,27.02,26.53,26.72,9917732.0
1116,2023-09-25,26.53,26.84,25.97,26.06,7109372.0
1117,2023-09-26,26.07,26.44,25.87,25.91,7572204.0
1118,2023-09-27,25.9,26.46,25.9,26.07,7147922.0
1119,2023-09-28,25.91,26.52,25.82,26.49,7267394.0
1120,2023-09-29,26.7,27.1,26.7,27.03,9241963.0
1121,2023-10-02,26.95,27.46,26.91,27.04,5670477.0
1122,2023-10-03,26.8,27.09,25.73,25.95,7645794.0
1123,2023-10-04,25.99,26.48,25.78,26.39,6729553.0
1124,2023-10-05,26.7,27.02,26.47,27.01,8621569.0
1125,2023-10-06,26.76,28.24,26.68,28.08,12467401.0
1126,2023-10-09,28.0,28.72,27.83,28.24,8004506.0
1127,2023-10-10,28.62,29.04,28.44,28.6,9350983.0
1128,2023-10-11,28.57,28.76,28.34,28.46,5288494.0
1129,2023-10-12,28.48,28.54,27.64,27.77,7831796.0
1130,2023-10-13,27.64,27.72,26.6,26.62,8575396.0
1131,2023-10-16,26.54,27.67,26.41,27.51,5984647.0
1132,2023-10-17,27.67,28.26,27.43,28.0,8100730.0
1133,2023-10-18,27.54,27.65,26.7,26.83,7705650.0
1134,2023-10-19,26.89,27.36,26.47,26.55,7087133.0
1135,2023-10-20,25.88,26.38,25.61,25.96,10218446.0
1136,2023-10-23,26.64,26.885,26.01,26.64,10893912.0
1137,2023-10-24,27.0,27.38,26.615,26.79,6355319.0
1138,2023-10-25,26.5,26.54,25.25,25.56,9656422.0
1139,2023-10-26,24.97,25.05,23.59,24.1,18218433.0
1140,2023-10-27,24.27,24.5899,24.13,24.36,7904011.0
1141,2023-10-30,24.685,25.305,24.465,25.1,24035219.0
1142,2023-10-31,29.44,29.9899,27.92,29.88,64674851.0
1143,2023-11-01,29.93,30.16,28.92,29.92,22556343.0
1144,2023-11-02,30.48,31.24,30.32,30.72,16014070.0
1145,2023-11-03,30.95,31.36,30.505,30.94,14262635.0
1146,2023-11-06,31.05,31.14,30.32,30.92,9929869.0
1147,2023-11-07,30.9,31.36,30.65,30.95,13478929.0
1148,2023-11-08,30.72,31.6175,30.65,31.37,7882682.0
1149,2023-11-09,31.5709,31.87,30.955,31.26,9249086.0
1150,2023-11-10,30.72,31.07,30.3301,31.07,12501680.0
1151,2023-11-13,31.02,31.615,30.945,31.49,12175347.0
1152,2023-11-14,31.85,32.52,31.85,32.17,11664510.0
1153,2023-11-15,32.28,32.3,31.38,31.66,10239166.0
1154,2023-11-16,31.45,31.595,31.19,31.27,10465687.0
1155,2023-11-17,31.26,31.63,30.96,31.49,10712649.0
1156,2023-11-20,31.47,32.45,31.45,32.13,7856868.0
1157,2023-11-21,31.91,31.96,31.12,31.57,8893893.0
1158,2023-11-22,31.86,31.965,31.4501,31.76,4699763.0
1159,2023-11-24,31.69,31.845,31.48,31.67,1952488.0
1160,2023-11-27,31.9,32.75,31.9,32.08,10431571.0
1161,2023-11-28,31.93,32.46,31.815,32.25,7186468.0
1162,2023-11-29,32.76,33.29,32.69,33.28,11225737.0
1163,2023-11-30,34.05,34.85,33.66,34.07,18353497.0
1164,2023-12-01,34.17,35.03,33.95,34.79,12507269.0
1165,2023-12-04,33.97,34.63,33.92,34.5,13240412.0
1166,2023-12-05,34.45,34.67,33.935,34.11,7725245.0
1167,2023-12-06,34.09,34.44,33.495,33.52,7300755.0
1168,2023-12-07,33.49,34.04,33.37,34.02,6256179.0
1169,2023-12-08,34.56,35.36,34.33,34.91,14879495.0
1170,2023-12-11,35.67,35.92,35.17,35.36,9800781.0
1171,2023-12-12,35.06,36.37,35.05,36.13,12002900.0
1172,2023-12-13,36.11,36.875,35.895,36.51,11785320.0
1173,2023-12-14,36.98,37.275,36.5299,37.01,13038608.0
1174,2023-12-15,37.18,37.48,36.72,37.37,10600913.0
1175,2023-12-18,37.29,38.11,37.29,37.7,9779937.0
1176,2023-12-19,37.68,38.235,37.6,38.04,8095720.0
1177,2023-12-20,37.95,38.12,37.02,37.12,8308588.0
1178,2023-12-21,37.54,37.76,37.0139,37.36,6828437.0
1179,2023-12-22,37.49,37.575,37.13,37.38,5992583.0
1180,2023-12-26,37.16,37.47,36.7701,37.16,4008722.0
1181,2023-12-27,37.29,37.45,37.05,37.3,3385104.0
1182,2023-12-28,37.3,37.41,37.115,37.27,2927944.0
1183,2023-12-29,37.24,37.525,36.94,37.04,3412473.0
1184,2024-01-02,36.36,36.57,35.68,36.21,7813953.0
1185,2024-01-03,35.85,36.05,35.36,35.86,7023902.0
1186,2024-01-04,35.86,36.19,35.44,35.78,6066773.0
1187,2024-01-05,35.57,36.515,35.57,35.92,4847099.0
1188,2024-01-08,36.44,37.48,36.39,37.38,8720093.0
1189,2024-01-09,37.39,38.12,37.39,37.79,9968689.0
1190,2024-01-10,38.015,38.66,37.675,37.76,8612463.0
1191,2024-01-11,37.61,38.2275,37.3,37.71,5627835.0
1192,2024-01-12,37.59,37.98,37.11,37.13,4871383.0
1193,2024-01-16,36.81,37.09,36.52,36.77,5518347.0
1194,2024-01-17,36.52,36.53,35.695,36.41,8531721.0
1195,2024-01-18,37.54,37.9,36.655,37.09,6766202.0
1196,2024-01-19,37.23,37.375,37.005,37.1,4925474.0
1197,2024-01-22,37.36,37.73,36.9,37.16,5856101.0
1198,2024-01-23,37.415,37.58,36.605,36.96,14821657.0
1199,2024-01-24,37.3,37.45,36.11,36.52,9419077.0
1200,2024-01-25,36.81,37.305,36.49,36.99,7459239.0
1201,2024-01-26,38.1,38.63,37.36,37.7,14793431.0
1202,2024-01-29,37.99,39.2,37.93,39.17,15755514.0
1203,2024-01-30,38.99,39.59,38.46,38.64,11972446.0
1204,2024-01-31,37.72,38.32,37.26,37.47,10563791.0
1205,2024-02-01,37.57,38.1,37.16,37.58,10002624.0
1206,2024-02-02,39.08,39.92,37.8,39.75,16211035.0
1207,2024-02-05,39.95,40.95,38.74,39.67,12389145.0
1208,2024-02-06,41.15,41.6,40.54,41.05,15410443.0
1209,2024-02-07,39.99,41.11,39.53,40.83,15279950.0
1210,2024-02-08,40.91,41.27,40.15,40.72,34148907.0
