,date,open,high,low,close,volume
0,2020-09-30,10.0,11.42,9.11,9.5,338584432.0
1,2020-10-01,9.69,10.1,9.23,9.46,124297587.0
2,2020-10-02,9.06,9.28,8.94,9.2,55018343.0
3,2020-10-05,9.43,9.49,8.92,9.03,36316878.0
4,2020-10-06,9.04,10.18,8.9,9.9,90864039.0
5,2020-10-07,10.04,10.49,9.99,10.0,54672419.0
6,2020-10-08,10.29,10.4,9.99,10.0,34989186.0
7,2020-10-09,10.13,10.19,9.89,9.95,19653450.0
8,2020-10-12,10.04,10.05,9.66,9.89,20623565.0
9,2020-10-13,9.88,9.88,9.41,9.47,21847177.0
10,2020-10-14,9.6,9.66,9.29,9.34,13785097.0
11,2020-10-15,9.27,9.91,9.18,9.91,12924093.0
12,2020-10-16,9.94,9.95,9.66,9.71,11142464.0
13,2020-10-19,9.79,9.82,9.53,9.57,9126352.0
14,2020-10-20,9.6,9.66,9.27,9.27,11138223.0
15,2020-10-21,9.3,9.48,9.2,9.2,9189978.0
16,2020-10-22,9.37,9.75,9.22,9.68,17928578.0
17,2020-10-23,9.71,9.83,9.47,9.49,12618010.0
18,2020-10-26,9.72,9.97,9.6,9.95,23767344.0
19,2020-10-27,10.0,11.04,9.92,10.95,53695925.0
20,2020-10-28,10.66,10.99,10.1,10.85,30941720.0
21,2020-10-29,10.9,11.1,10.56,10.75,20515706.0
22,2020-10-30,10.61,10.68,9.85,10.13,19728372.0
23,2020-11-02,10.23,10.57,10.23,10.54,11677845.0
24,2020-11-03,10.57,10.94,10.44,10.5,21652807.0
25,2020-11-04,10.82,10.92,10.55,10.72,15783356.0
26,2020-11-05,10.9,12.13,10.85,11.88,48560380.0
27,2020-11-06,12.22,14.96,12.05,13.83,89977555.0
28,2020-11-09,14.96,15.9,14.11,14.67,60098963.0
29,2020-11-10,14.99,15.01,13.18,14.0,38078742.0
30,2020-11-11,14.57,15.97,14.4,15.96,47027940.0
31,2020-11-12,16.66,17.06,14.41,14.58,99287571.0
32,2020-11-13,14.49,16.0,14.49,15.8,76622565.0
33,2020-11-16,15.96,16.1,15.01,15.93,65325988.0
34,2020-11-17,16.29,18.75,16.18,17.85,116618543.0
35,2020-11-18,18.28,19.25,17.54,17.9,89957892.0
36,2020-11-19,18.5,18.98,17.96,18.98,56225400.0
37,2020-11-20,19.03,19.66,18.0,18.15,72103988.0
38,2020-11-23,18.63,21.45,18.57,21.04,84716298.0
39,2020-11-24,22.35,24.27,20.63,23.82,115468825.0
40,2020-11-25,23.96,29.75,23.69,29.05,202563731.0
41,2020-11-27,31.19,33.5,26.12,27.66,207834002.0
42,2020-11-30,28.24,30.15,24.11,27.11,137243001.0
43,2020-12-01,28.09,28.14,24.45,25.67,84539786.0
44,2020-12-02,22.24,23.4,21.15,22.51,149062083.0
45,2020-12-03,23.55,25.62,23.5,24.03,85634262.0
46,2020-12-04,24.88,25.24,23.51,23.85,56044061.0
47,2020-12-07,24.44,29.0,24.44,28.94,118463662.0
48,2020-12-08,30.63,31.24,27.25,28.59,124754317.0
49,2020-12-09,28.68,28.85,25.33,26.63,79634716.0
50,2020-12-10,25.54,28.04,25.15,27.04,57774823.0
51,2020-12-11,27.15,28.27,26.06,27.2,52764350.0
52,2020-12-14,28.26,28.26,26.73,27.24,44734521.0
53,2020-12-15,26.82,27.1,25.52,26.43,49273241.0
54,2020-12-16,25.71,26.16,25.11,25.92,44013392.0
55,2020-12-17,26.52,27.45,26.05,27.23,53829804.0
56,2020-12-18,26.27,26.85,25.8,25.97,71042932.0
57,2020-12-21,26.19,28.7,25.4,28.51,76729131.0
58,2020-12-22,29.03,29.42,26.82,28.04,66196470.0
59,2020-12-23,28.95,29.39,28.05,28.69,58772227.0
60,2020-12-24,28.8,29.16,27.52,27.75,26306795.0
61,2020-12-28,28.39,28.59,25.4,25.63,55878713.0
62,2020-12-29,25.75,26.18,24.34,24.66,47302415.0
63,2020-12-30,24.97,25.91,24.63,25.1,34586667.0
64,2020-12-31,24.63,24.72,23.52,23.55,39922546.0
65,2021-01-04,23.91,24.5,22.5,23.37,44935958.0
66,2021-01-05,23.18,24.67,22.89,24.6,29050437.0
67,2021-01-06,24.12,24.46,23.25,23.54,32732892.0
68,2021-01-07,24.02,25.19,23.67,25.0,32240048.0
69,2021-01-08,25.7,26.44,24.7,25.2,41313824.0
70,2021-01-11,24.61,26.6,24.31,25.93,32608983.0
71,2021-01-12,26.34,26.42,25.51,26.18,26994964.0
72,2021-01-13,25.71,27.43,25.13,25.5,51216556.0
73,2021-01-14,25.45,25.62,24.37,24.92,32908003.0
74,2021-01-15,26.26,28.0,25.46,25.64,92285513.0
75,2021-01-19,26.81,27.54,26.0,26.62,48675845.0
76,2021-01-20,27.29,27.3,25.7,26.34,37459017.0
77,2021-01-21,26.42,26.68,25.3,25.98,29891354.0
78,2021-01-22,25.85,32.65,25.82,32.58,156844666.0
79,2021-01-25,34.46,39.58,29.56,36.23,191345300.0
80,2021-01-26,35.14,36.87,34.32,35.37,65869976.0
81,2021-01-27,32.97,45.0,32.25,39.0,170758759.0
82,2021-01-28,39.54,42.0,33.1,35.66,85250675.0
83,2021-01-29,36.61,38.01,34.66,35.18,42030917.0
84,2021-02-01,35.33,35.62,32.58,33.96,43460896.0
85,2021-02-02,34.1,34.2,30.5,31.02,69647948.0
86,2021-02-03,32.39,32.95,31.38,31.76,35311995.0
87,2021-02-04,32.58,33.18,31.05,32.05,31657211.0
88,2021-02-05,32.61,35.2,31.75,34.05,62375282.0
89,2021-02-08,37.22,39.22,35.89,36.05,72610624.0
90,2021-02-09,36.9,38.26,36.13,38.17,44243214.0
91,2021-02-10,38.15,38.24,35.0,35.7,45177247.0
92,2021-02-11,35.79,35.98,32.61,33.11,52094876.0
93,2021-02-12,33.36,33.65,31.34,31.91,60925593.0
94,2021-02-16,30.02,30.44,27.3,27.84,180294325.0
95,2021-02-17,27.99,29.73,27.0,27.08,151007022.0
96,2021-02-18,24.99,26.31,24.5,25.17,313175120.0
97,2021-02-19,27.02,29.96,26.9,29.0,320063728.0
98,2021-02-22,29.96,30.19,27.54,28.0,183049487.0
99,2021-02-23,25.96,27.46,23.9,26.75,145289437.0
100,2021-02-24,26.71,27.23,25.75,26.39,90095691.0
101,2021-02-25,25.82,26.44,23.15,23.96,161776411.0
102,2021-02-26,24.2,24.5,22.7,23.9,119588572.0
103,2021-03-01,25.19,25.9,24.62,24.81,85059882.0
104,2021-03-02,25.0,25.59,24.26,24.48,73996950.0
105,2021-03-03,24.99,25.17,23.43,23.59,79046238.0
106,2021-03-04,24.85,25.56,23.05,24.73,161611160.0
107,2021-03-05,24.36,24.68,20.18,23.95,173468558.0
108,2021-03-08,23.77,24.58,22.4,22.52,94432814.0
109,2021-03-09,23.38,24.74,23.1,24.26,99586460.0
110,2021-03-10,25.03,26.24,24.27,24.75,103212792.0
111,2021-03-11,25.95,26.84,25.58,26.73,84788705.0
112,2021-03-12,25.74,26.92,25.18,26.92,58721863.0
113,2021-03-15,27.35,27.47,26.31,26.79,56548963.0
114,2021-03-16,26.75,27.1,25.23,25.61,73615140.0
115,2021-03-17,24.52,25.73,24.3,25.21,77081743.0
116,2021-03-18,24.73,25.18,23.78,23.98,57523321.0
117,2021-03-19,24.01,24.57,23.39,24.32,57915872.0
118,2021-03-22,24.89,24.92,23.86,24.22,46208146.0
119,2021-03-23,24.0,24.11,23.1,23.26,50169702.0
120,2021-03-24,23.3,23.49,21.75,21.88,69271892.0
121,2021-03-25,21.2,22.8,21.05,22.58,74592579.0
122,2021-03-26,22.63,23.05,21.76,22.58,57916429.0
123,2021-03-29,22.48,22.5,21.39,21.73,57647369.0
124,2021-03-30,21.36,22.09,20.86,22.04,52039738.0
125,2021-03-31,22.5,23.85,22.38,23.29,61458497.0
126,2021-04-01,23.95,23.95,22.73,23.07,51788762.0
127,2021-04-05,23.78,24.45,23.34,23.44,65374263.0
128,2021-04-06,23.55,23.61,22.83,23.27,41933453.0
129,2021-04-07,23.0,23.55,22.81,22.9,32766194.0
130,2021-04-08,23.2,23.6,22.74,23.41,35905537.0
131,2021-04-09,23.46,24.35,23.37,24.04,54082682.0
132,2021-04-12,24.52,24.55,22.73,23.34,68620842.0
133,2021-04-13,23.19,25.66,23.12,25.42,83913494.0
134,2021-04-14,25.35,26.2,23.65,23.7,108793791.0
135,2021-04-15,24.01,24.06,22.69,23.15,58849349.0
136,2021-04-16,22.86,23.26,22.3,22.47,46627689.0
137,2021-04-19,22.15,22.33,21.53,21.94,45753872.0
138,2021-04-20,21.96,22.55,21.24,21.78,47123090.0
139,2021-04-21,21.65,22.64,21.43,22.63,42641404.0
140,2021-04-22,22.94,23.51,22.51,22.86,51346366.0
141,2021-04-23,22.89,23.55,22.74,23.41,32169533.0
142,2021-04-26,23.69,24.26,23.46,24.11,33667583.0
143,2021-04-27,24.17,24.26,23.57,23.88,27678340.0
144,2021-04-28,23.67,24.17,23.42,23.85,22068111.0
145,2021-04-29,23.87,24.14,22.81,23.37,36770148.0
146,2021-04-30,23.18,23.55,22.84,23.04,24717299.0
147,2021-05-03,23.01,23.08,22.21,22.3,33934417.0
148,2021-05-04,21.94,22.2,20.87,21.64,63429554.0
149,2021-05-05,21.81,21.94,20.97,21.15,38424478.0
150,2021-05-06,21.02,21.02,19.41,20.09,92201104.0
151,2021-05-07,20.3,20.75,19.58,19.75,63725501.0
152,2021-05-10,19.28,19.3,18.18,18.47,104670546.0
153,2021-05-11,17.2,20.3,17.05,20.21,203230517.0
154,2021-05-12,20.0,20.0,18.51,18.89,128281543.0
155,2021-05-13,19.14,19.47,17.82,18.37,87811609.0
156,2021-05-14,18.82,20.2,18.53,20.08,79409513.0
157,2021-05-17,19.73,20.49,19.63,20.46,50039596.0
158,2021-05-18,20.52,21.62,20.26,21.24,59672370.0
159,2021-05-19,20.1,21.04,19.94,20.67,45314036.0
160,2021-05-20,20.75,20.81,20.28,20.61,46302386.0
161,2021-05-21,20.84,21.16,20.47,20.75,35372922.0
162,2021-05-24,21.06,21.52,20.68,21.22,46596776.0
163,2021-05-25,21.42,22.11,21.28,21.48,49890803.0
164,2021-05-26,21.58,22.24,21.49,22.12,42958297.0
165,2021-05-27,22.01,22.7,21.65,22.7,76230463.0
166,2021-05-28,23.0,24.75,22.76,22.95,111845970.0
167,2021-06-01,23.19,23.35,22.36,23.06,52695506.0
168,2021-06-02,23.02,24.84,22.82,24.45,86473158.0
169,2021-06-03,24.14,24.26,23.34,23.63,48164194.0
170,2021-06-04,23.71,24.49,23.5,24.03,42537599.0
171,2021-06-07,24.0,24.76,23.79,24.46,49641037.0
172,2021-06-08,24.85,25.23,23.93,24.38,53488561.0
173,2021-06-09,24.45,24.74,24.17,24.17,36006240.0
174,2021-06-10,24.0,24.39,23.44,24.14,35482902.0
175,2021-06-11,24.12,24.71,24.03,24.67,33113056.0
176,2021-06-14,24.73,25.15,24.47,25.0,51801476.0
177,2021-06-15,25.03,25.55,24.39,24.41,46693199.0
178,2021-06-16,24.09,24.94,23.86,24.8,58452612.0
179,2021-06-17,24.68,25.46,24.55,25.45,64408370.0
180,2021-06-18,25.59,25.94,25.02,25.37,65852610.0
181,2021-06-21,25.1,25.55,24.51,25.42,54805001.0
182,2021-06-22,25.39,25.52,24.96,25.4,46171052.0
183,2021-06-23,25.46,26.35,25.34,26.27,53362161.0
184,2021-06-24,26.49,26.71,26.17,26.53,48419360.0
185,2021-06-25,26.58,27.01,26.25,26.78,140832704.0
186,2021-06-28,26.98,27.5,26.86,27.38,42184606.0
187,2021-06-29,27.38,27.44,26.44,26.63,38478919.0
188,2021-06-30,26.48,26.92,26.21,26.36,28957136.0
189,2021-07-01,26.1,26.13,24.59,24.72,55571523.0
190,2021-07-02,25.0,25.34,24.33,24.44,29529097.0
191,2021-07-06,24.6,25.2,24.47,24.68,28764530.0
192,2021-07-07,24.23,24.26,22.72,22.89,66937305.0
193,2021-07-08,22.43,23.21,22.25,23.08,34612558.0
194,2021-07-09,22.96,23.39,22.76,23.29,22492370.0
195,2021-07-12,23.26,23.5,22.88,22.95,23457170.0
196,2021-07-13,22.98,22.99,22.42,22.45,24748843.0
197,2021-07-14,22.49,22.62,21.51,21.56,33796192.0
198,2021-07-15,21.72,22.06,21.01,21.47,31870960.0
199,2021-07-16,21.6,21.71,21.24,21.37,19503109.0
200,2021-07-19,20.97,21.69,20.55,21.54,30314387.0
201,2021-07-20,21.63,22.35,21.22,22.18,22954034.0
202,2021-07-21,22.27,22.68,22.12,22.52,20437265.0
203,2021-07-22,22.55,22.67,21.88,22.07,17468879.0
204,2021-07-23,22.01,22.08,21.51,21.81,17653323.0
205,2021-07-26,21.8,22.3,21.48,22.13,16267893.0
206,2021-07-27,21.96,22.11,21.09,21.68,23078733.0
207,2021-07-28,21.75,22.61,21.69,22.56,25073557.0
208,2021-07-29,22.78,22.85,22.14,22.18,19219083.0
209,2021-07-30,21.85,22.41,21.71,21.71,15889153.0
210,2021-08-02,21.91,22.37,21.48,22.1,21372877.0
211,2021-08-03,22.03,22.27,21.71,22.24,17040068.0
212,2021-08-04,22.2,22.54,22.07,22.3,15537433.0
213,2021-08-05,22.22,22.77,22.02,22.52,18575248.0
214,2021-08-06,22.64,22.69,21.79,21.82,24200671.0
215,2021-08-09,21.85,23.28,21.8,22.93,35611060.0
216,2021-08-10,23.01,23.52,22.78,22.92,25947920.0
217,2021-08-11,23.07,23.19,22.09,22.35,34678970.0
218,2021-08-12,24.45,25.76,23.59,24.89,189542237.0
219,2021-08-13,25.0,25.1,24.31,24.9,52395086.0
220,2021-08-16,24.9,24.9,23.77,24.5,46189789.0
221,2021-08-17,23.9,24.59,23.74,23.97,35348320.0
222,2021-08-18,24.07,25.94,23.68,25.28,92065605.0
223,2021-08-19,25.01,25.64,24.14,24.16,67605646.0
224,2021-08-20,24.22,24.48,23.66,24.01,52062313.0
225,2021-08-23,24.02,24.93,23.9,24.82,35705261.0
226,2021-08-24,25.0,25.35,24.76,25.1,37227370.0
227,2021-08-25,25.12,25.19,24.07,24.35,54678454.0
228,2021-08-26,24.4,25.41,24.36,24.87,46179423.0
229,2021-08-27,25.05,26.09,24.91,25.71,52268503.0
230,2021-08-30,25.74,26.6,25.62,25.76,44139329.0
231,2021-08-31,25.79,26.36,25.66,26.34,93168646.0
232,2021-09-01,26.46,26.51,26.03,26.2,34417234.0
233,2021-09-02,26.21,26.87,26.09,26.51,38507376.0
234,2021-09-03,26.49,26.75,26.22,26.64,26652612.0
235,2021-09-07,26.79,26.88,26.27,26.7,35835094.0
236,2021-09-08,26.6,26.61,24.96,25.58,54394364.0
237,2021-09-09,25.39,26.24,25.29,26.13,34190814.0
238,2021-09-10,26.18,26.73,26.17,26.28,37307791.0
239,2021-09-13,26.15,26.24,25.03,25.83,42372268.0
240,2021-09-14,25.97,26.7,25.9,26.26,34568976.0
241,2021-09-15,26.3,27.15,26.03,27.08,49555491.0
242,2021-09-16,27.2,28.79,27.02,28.63,109991984.0
243,2021-09-17,28.66,29.29,28.07,28.71,182214590.0
244,2021-09-20,27.57,28.1,26.06,26.55,89413466.0
245,2021-09-21,26.89,27.15,26.08,26.62,50933596.0
246,2021-09-22,26.61,27.77,26.58,27.43,44308146.0
247,2021-09-23,27.71,29.19,27.67,28.77,60028602.0
248,2021-09-24,28.27,28.76,27.9,28.56,40309743.0
249,2021-09-27,28.23,28.38,27.23,27.47,44102849.0
250,2021-09-28,27.02,27.13,25.21,25.34,64206202.0
251,2021-09-29,25.61,25.7,24.42,24.52,46164524.0
252,2021-09-30,24.69,25.05,23.88,24.04,59505593.0
253,2021-10-01,24.21,24.36,23.72,24.33,32777971.0
254,2021-10-04,24.01,24.05,23.02,23.17,46789720.0
255,2021-10-05,23.21,23.88,23.07,23.21,56574824.0
256,2021-10-06,24.91,25.01,23.35,23.58,125175676.0
257,2021-10-07,23.71,24.13,23.54,23.73,38873699.0
258,2021-10-08,23.86,24.1,23.11,23.5,39713420.0
259,2021-10-11,23.26,23.98,23.26,23.53,23971679.0
260,2021-10-12,23.55,23.81,23.29,23.69,26280035.0
261,2021-10-13,23.83,24.31,23.79,24.13,28494029.0
262,2021-10-14,24.43,24.71,24.2,24.35,26106710.0
263,2021-10-15,24.5,24.52,23.83,24.0,24366136.0
264,2021-10-18,24.0,24.39,23.92,24.26,25609889.0
265,2021-10-19,24.5,25.2,24.36,24.69,29393871.0
266,2021-10-20,24.79,24.96,24.17,24.22,24248046.0
267,2021-10-21,24.13,24.93,24.08,24.78,23976568.0
268,2021-10-22,24.49,24.85,24.25,24.43,20166825.0
269,2021-10-25,24.5,25.54,24.48,25.41,33962065.0
270,2021-10-26,25.99,26.75,25.25,25.52,56767030.0
271,2021-10-27,25.64,25.9,25.02,25.06,24157199.0
272,2021-10-28,25.3,25.8,25.12,25.64,21203027.0
273,2021-10-29,25.5,26.12,25.45,25.88,21910308.0
274,2021-11-01,26.11,26.65,25.88,26.56,26684709.0
275,2021-11-02,26.56,26.72,25.56,25.92,30794632.0
276,2021-11-03,25.89,26.24,25.17,26.12,25244192.0
277,2021-11-04,26.26,26.57,25.87,26.47,25029657.0
278,2021-11-05,26.45,26.63,25.72,26.0,26004970.0
279,2021-11-08,26.25,27.11,26.12,26.75,41359562.0
280,2021-11-09,25.9,25.98,23.95,24.25,117540155.0
281,2021-11-10,23.6,23.64,22.12,22.52,94860149.0
282,2021-11-11,23.04,23.13,22.67,22.99,43381487.0
283,2021-11-12,23.02,23.23,22.38,22.83,53516196.0
284,2021-11-15,23.0,23.52,22.95,23.41,33225734.0
285,2021-11-16,23.29,23.29,22.61,23.13,31574786.0
286,2021-11-17,23.05,23.22,22.4,22.49,27994121.0
287,2021-11-18,22.5,22.55,21.34,21.5,51039943.0
288,2021-11-19,21.6,21.96,21.3,21.41,30013125.0
289,2021-11-22,21.53,21.57,20.18,20.65,59899106.0
290,2021-11-23,20.59,21.05,20.05,20.59,44587969.0
291,2021-11-24,20.35,21.2,20.06,21.11,35233903.0
292,2021-11-26,20.41,21.09,20.35,21.03,20691212.0
293,2021-11-29,21.19,21.4,20.56,21.07,29113989.0
294,2021-11-30,20.95,21.25,20.11,20.65,38196416.0
295,2021-12-01,20.53,20.89,19.29,19.38,48488718.0
296,2021-12-02,19.3,19.91,19.06,19.69,45802940.0
297,2021-12-03,19.5,19.53,18.4,18.98,56039602.0
298,2021-12-06,18.54,18.97,18.07,18.8,56459758.0
299,2021-12-07,19.26,19.86,19.07,19.46,35128988.0
300,2021-12-08,19.51,19.82,19.03,19.82,28425939.0
301,2021-12-09,19.95,20.15,19.04,19.21,30354670.0
302,2021-12-10,19.28,19.58,18.7,18.94,27594490.0
303,2021-12-13,18.8,19.07,18.17,18.4,38376018.0
304,2021-12-14,18.0,18.86,17.91,18.64,38864751.0
305,2021-12-15,18.37,18.94,18.0,18.86,39361880.0
306,2021-12-16,18.96,19.12,18.15,18.34,33949973.0
307,2021-12-17,18.03,19.1,17.81,19.06,44495175.0
308,2021-12-20,18.59,18.67,17.84,17.96,42265899.0
309,2021-12-21,18.16,18.98,18.1,18.9,33878598.0
310,2021-12-22,18.65,19.45,18.65,18.88,33894183.0
311,2021-12-23,18.85,19.14,18.72,18.93,24758314.0
312,2021-12-27,18.78,19.25,18.78,18.94,21782025.0
313,2021-12-28,18.89,19.07,18.44,18.57,20518849.0
314,2021-12-29,18.53,18.6,17.91,18.17,28217548.0
315,2021-12-30,18.1,19.0,18.07,18.69,29285189.0
316,2021-12-31,18.61,18.92,18.21,18.21,23555998.0
317,2022-01-03,18.36,18.57,17.86,18.53,34386628.0
318,2022-01-04,18.61,18.84,17.79,18.17,39643168.0
319,2022-01-05,18.03,18.57,16.87,16.96,58445907.0
320,2022-01-06,16.87,17.18,16.05,16.74,49737071.0
321,2022-01-07,16.7,17.33,16.48,16.56,37989265.0
322,2022-01-10,16.19,16.57,15.35,16.5,77649430.0
323,2022-01-11,16.4,17.25,16.32,16.89,47442586.0
324,2022-01-12,17.16,17.46,16.4,16.72,39784185.0
325,2022-01-13,16.8,16.82,15.94,16.01,35492186.0
326,2022-01-14,15.94,16.25,15.62,16.01,35624910.0
327,2022-01-18,15.45,15.75,14.92,14.97,49275074.0
328,2022-01-19,14.9,15.25,14.54,14.56,48049078.0
329,2022-01-20,14.89,15.55,14.57,14.62,44690391.0
330,2022-01-21,14.25,14.48,13.5,13.53,73031305.0
331,2022-01-24,12.79,13.41,11.75,13.4,110640165.0
332,2022-01-25,13.12,13.6,12.83,13.06,47456624.0
333,2022-01-26,13.6,13.82,12.68,12.75,69949711.0
334,2022-01-27,13.01,13.06,12.2,12.28,52622863.0
335,2022-01-28,12.3,12.88,11.89,12.71,54887541.0
336,2022-01-31,12.77,13.74,12.76,13.71,51039253.0
337,2022-02-01,14.23,14.37,13.56,14.2,69012946.0
338,2022-02-02,14.09,14.2,13.19,13.32,47204312.0
339,2022-02-03,12.95,13.32,12.42,12.45,47236945.0
340,2022-02-04,12.47,13.09,12.27,12.94,38989151.0
341,2022-02-07,13.03,13.6,12.94,12.98,45646074.0
342,2022-02-08,12.75,13.19,12.62,13.15,30317109.0
343,2022-02-09,13.29,13.89,13.26,13.87,34451922.0
344,2022-02-10,13.5,14.17,13.37,13.56,41998243.0
345,2022-02-11,13.45,13.92,12.97,13.13,41831569.0
346,2022-02-14,13.1,13.8,12.98,13.26,40617850.0
347,2022-02-15,13.52,14.19,13.41,14.17,48523679.0
348,2022-02-16,13.91,14.26,13.66,13.97,58624449.0
349,2022-02-17,12.39,12.7,11.7,11.77,151385399.0
350,2022-02-18,11.92,12.01,10.57,11.02,137808130.0
351,2022-02-22,10.7,11.19,10.3,10.48,104501495.0
352,2022-02-23,10.83,11.26,10.4,10.43,93964473.0
353,2022-02-24,9.75,11.87,9.74,11.83,118793047.0
354,2022-02-25,11.59,11.89,11.0,11.47,75433711.0
355,2022-02-28,11.96,12.18,11.39,11.85,75390479.0
356,2022-03-01,11.99,12.52,11.71,12.18,64867173.0
357,2022-03-02,12.21,12.21,11.42,12.06,56698280.0
358,2022-03-03,12.01,12.06,11.24,11.34,46171972.0
359,2022-03-04,11.7,11.77,10.74,10.96,43631139.0
360,2022-03-07,11.43,11.75,11.1,11.11,63070581.0
361,2022-03-08,10.93,11.39,10.72,11.04,49279564.0
362,2022-03-09,11.41,12.02,11.27,11.65,43591369.0
363,2022-03-10,11.38,11.97,11.32,11.87,52295390.0
364,2022-03-11,11.86,12.01,11.37,11.39,37817372.0
365,2022-03-14,11.17,11.41,10.41,10.5,49762551.0
366,2022-03-15,10.47,10.85,10.27,10.77,40451175.0
367,2022-03-16,10.95,11.82,10.94,11.79,62746614.0
368,2022-03-17,11.72,12.37,11.66,12.32,43948861.0
369,2022-03-18,12.28,13.02,12.22,12.82,59125472.0
370,2022-03-21,12.72,13.05,12.42,12.59,39410854.0
371,2022-03-22,12.52,13.48,12.52,13.27,46210656.0
372,2022-03-23,13.16,13.55,13.02,13.18,33699354.0
373,2022-03-24,13.25,13.42,12.83,13.39,29535255.0
374,2022-03-25,13.36,13.4,12.71,12.97,24796929.0
375,2022-03-28,13.01,13.44,12.86,13.42,27151982.0
376,2022-03-29,13.65,14.28,13.35,14.2,46433721.0
377,2022-03-30,14.04,14.36,13.74,13.88,32163994.0
378,2022-03-31,13.9,14.06,13.63,13.73,22839957.0
379,2022-04-01,13.77,14.07,13.5,13.83,23831607.0
380,2022-04-04,14.03,14.66,14.02,14.63,40124782.0
381,2022-04-05,14.61,14.86,13.8,13.89,37677310.0
382,2022-04-06,13.52,13.54,12.85,13.0,40647687.0
383,2022-04-07,12.95,13.34,12.48,12.84,34727408.0
384,2022-04-08,12.7,13.05,12.57,12.7,24962502.0
385,2022-04-11,12.45,12.82,12.13,12.66,26095830.0
386,2022-04-12,12.88,13.2,12.43,12.46,26226526.0
387,2022-04-13,12.35,12.94,12.23,12.9,21152882.0
388,2022-04-14,12.92,12.92,12.41,12.42,23284123.0
389,2022-04-18,12.35,12.42,11.88,12.15,25395600.0
390,2022-04-19,12.08,13.02,12.07,12.91,31753902.0
391,2022-04-20,13.08,13.17,12.74,12.79,31528605.0
392,2022-04-21,13.02,13.33,12.23,12.33,32008952.0
393,2022-04-22,12.33,12.73,11.86,11.96,30386141.0
394,2022-04-25,11.83,12.16,11.68,12.11,31727574.0
395,2022-04-26,11.94,12.05,11.1,11.12,38666484.0
396,2022-04-27,11.01,11.2,10.53,10.56,54508483.0
397,2022-04-28,10.69,11.05,10.37,10.95,40074509.0
398,2022-04-29,10.9,11.23,10.36,10.4,30937495.0
399,2022-05-02,10.38,10.76,10.18,10.74,41193848.0
400,2022-05-03,10.69,10.98,10.44,10.55,31372676.0
401,2022-05-04,10.53,11.01,10.08,10.98,43239867.0
402,2022-05-05,10.8,10.8,9.98,10.12,40523644.0
403,2022-05-06,10.0,10.05,9.42,9.48,69691303.0
404,2022-05-09,7.78,7.85,7.32,7.46,170871733.0
405,2022-05-10,7.56,7.7,6.93,7.29,86932388.0
406,2022-05-11,7.28,7.54,6.66,6.71,72894876.0
407,2022-05-12,6.55,7.38,6.44,7.34,82147335.0
408,2022-05-13,7.52,8.35,7.52,8.34,69242703.0
409,2022-05-16,8.17,8.43,8.01,8.04,46153164.0
410,2022-05-17,8.1,8.46,8.01,8.36,38620821.0
411,2022-05-18,8.21,8.43,7.92,8.01,29304567.0
412,2022-05-19,7.97,8.58,7.95,8.31,35780868.0
413,2022-05-20,8.26,8.4,7.71,8.08,40879105.0
414,2022-05-23,8.01,8.17,7.8,8.01,27755176.0
415,2022-05-24,7.98,7.99,7.37,7.55,47218653.0
416,2022-05-25,7.52,8.02,7.51,7.96,35068948.0
417,2022-05-26,7.84,8.4,7.77,8.36,39738920.0
418,2022-05-27,8.5,8.85,8.43,8.85,37063986.0
419,2022-05-31,8.97,9.1,8.56,8.68,41672271.0
420,2022-06-01,8.72,8.98,8.38,8.46,34438066.0
421,2022-06-02,8.54,9.39,8.46,9.3,41479909.0
422,2022-06-03,9.04,9.25,8.86,8.94,36632342.0
423,2022-06-06,9.11,9.21,8.78,8.98,35101113.0
424,2022-06-07,8.89,9.14,8.73,9.13,28049430.0
425,2022-06-08,9.18,9.42,9.09,9.18,29056310.0
426,2022-06-09,9.13,9.16,8.67,8.68,30588227.0
427,2022-06-10,8.48,8.58,8.14,8.26,30293236.0
428,2022-06-13,7.99,8.0,7.5,7.64,40942971.0
429,2022-06-14,7.74,7.98,7.59,7.82,30564136.0
430,2022-06-15,7.92,8.3,7.82,8.12,38235303.0
431,2022-06-16,7.84,7.99,7.58,7.67,36793539.0
432,2022-06-17,7.7,8.33,7.69,8.24,45517993.0
433,2022-06-21,8.59,9.05,8.56,8.71,48887634.0
434,2022-06-22,8.52,9.29,8.45,9.01,43486258.0
435,2022-06-23,9.02,9.5,8.84,9.46,44618047.0
436,2022-06-24,9.53,10.2,9.48,10.19,67826046.0
437,2022-06-27,10.15,10.16,9.51,9.62,44767950.0
438,2022-06-28,9.57,9.88,9.19,9.31,45683156.0
439,2022-06-29,9.35,9.42,9.07,9.23,40408663.0
440,2022-06-30,9.02,9.19,8.72,9.07,33636395.0
441,2022-07-01,9.11,9.43,9.03,9.27,33504389.0
442,2022-07-05,9.14,10.1,9.0,10.07,55913039.0
443,2022-07-06,10.01,10.31,9.74,9.8,54604339.0
444,2022-07-07,9.76,10.28,9.75,10.18,35672506.0
445,2022-07-08,9.92,10.38,9.83,10.17,36737070.0
446,2022-07-11,9.98,9.99,9.53,9.56,34049499.0
447,2022-07-12,9.66,9.96,9.27,9.49,42765812.0
448,2022-07-13,9.22,9.55,9.05,9.28,32461304.0
449,2022-07-14,9.23,9.28,8.85,8.9,26702065.0
450,2022-07-15,9.01,9.12,8.65,9.04,34918133.0
451,2022-07-18,9.25,9.45,9.01,9.03,32428356.0
452,2022-07-19,9.15,9.37,8.89,9.34,29033769.0
453,2022-07-20,9.44,10.2,9.44,10.11,40845162.0
454,2022-07-21,10.37,10.76,10.22,10.49,51691188.0
455,2022-07-22,10.35,10.57,9.73,9.84,38915495.0
456,2022-07-25,9.83,9.85,9.52,9.68,21484978.0
457,2022-07-26,9.66,9.66,9.38,9.4,21997819.0
458,2022-07-27,9.67,10.03,9.5,10.02,29810929.0
459,2022-07-28,10.03,10.2,9.74,10.13,27172854.0
460,2022-07-29,10.01,10.35,9.92,10.35,31106607.0
461,2022-08-01,10.25,10.7,10.12,10.47,31694733.0
462,2022-08-02,10.32,11.23,10.26,10.92,40958813.0
463,2022-08-03,11.08,11.34,11.04,11.2,35796465.0
464,2022-08-04,11.19,11.41,11.03,11.32,32093381.0
465,2022-08-05,11.01,11.62,10.85,11.45,50264847.0
466,2022-08-08,9.77,10.4,9.71,9.82,125272644.0
467,2022-08-09,9.54,9.57,9.01,9.25,58788927.0
468,2022-08-10,9.51,9.66,9.32,9.59,46054905.0
469,2022-08-11,9.76,10.05,9.4,9.42,44790863.0
470,2022-08-12,9.55,9.97,9.42,9.91,30638186.0
471,2022-08-15,9.82,10.1,9.76,9.91,33263354.0
472,2022-08-16,9.85,9.88,9.36,9.74,40681240.0
473,2022-08-17,9.56,9.62,9.33,9.43,33933634.0
474,2022-08-18,9.42,9.47,9.12,9.15,26365589.0
475,2022-08-19,9.0,9.01,8.48,8.51,40560185.0
476,2022-08-22,8.32,8.4,8.06,8.07,37824865.0
477,2022-08-23,8.1,8.28,8.0,8.01,25658542.0
478,2022-08-24,8.04,8.36,7.98,8.1,26576407.0
479,2022-08-25,8.22,8.43,8.05,8.42,25635573.0
480,2022-08-26,8.42,8.43,7.93,7.94,34150358.0
481,2022-08-29,7.82,8.0,7.76,7.81,28566219.0
482,2022-08-30,7.93,7.98,7.68,7.79,27189202.0
483,2022-08-31,7.95,8.0,7.7,7.72,28691526.0
484,2022-09-01,7.61,7.62,7.22,7.49,39079702.0
485,2022-09-02,7.67,7.67,7.35,7.4,25965044.0
486,2022-09-06,7.45,7.46,7.17,7.28,30429420.0
487,2022-09-07,7.27,7.43,7.18,7.39,30329957.0
488,2022-09-08,7.33,7.53,7.27,7.53,26303595.0
489,2022-09-09,7.68,7.82,7.64,7.79,27860611.0
490,2022-09-12,7.86,8.03,7.82,8.01,30544819.0
491,2022-09-13,7.63,7.66,7.45,7.48,29770663.0
492,2022-09-14,7.45,7.63,7.33,7.63,29422539.0
493,2022-09-15,7.47,8.1,7.45,8.01,51700626.0
494,2022-09-16,7.75,7.93,7.64,7.78,42155538.0
495,2022-09-19,7.64,7.86,7.58,7.86,29238773.0
496,2022-09-20,7.78,7.92,7.6,7.62,30349629.0
497,2022-09-21,7.72,8.07,7.66,7.69,36814509.0
498,2022-09-22,7.74,7.74,7.24,7.37,49138288.0
499,2022-09-23,7.2,7.42,7.13,7.4,34197320.0
500,2022-09-26,7.35,7.83,7.35,7.53,45429792.0
501,2022-09-27,7.69,7.84,7.46,7.63,31794676.0
502,2022-09-28,7.63,8.0,7.62,7.94,31955946.0
503,2022-09-29,8.05,8.33,7.78,8.08,57908658.0
504,2022-09-30,8.01,8.5,7.97,8.13,47454794.0
505,2022-10-03,8.15,8.3,7.97,8.24,35523982.0
506,2022-10-04,8.48,8.61,8.34,8.46,36313344.0
507,2022-10-05,8.26,8.49,8.08,8.42,37790218.0
508,2022-10-06,8.4,8.6,8.32,8.47,27653442.0
509,2022-10-07,8.26,8.28,8.11,8.15,29550481.0
510,2022-10-10,8.17,8.18,7.88,8.06,26923337.0
511,2022-10-11,7.99,8.3,7.7,8.04,40775759.0
512,2022-10-12,8.06,8.1,7.82,8.07,30201563.0
513,2022-10-13,7.74,8.2,7.57,8.08,36040853.0
514,2022-10-14,8.23,8.31,7.53,7.53,37484777.0
515,2022-10-17,7.71,8.06,7.69,7.94,31751687.0
516,2022-10-18,8.15,8.33,8.04,8.16,37120360.0
517,2022-10-19,8.06,8.13,7.85,7.91,26593980.0
518,2022-10-20,7.73,8.26,7.73,8.04,26689513.0
519,2022-10-21,7.93,8.32,7.81,8.29,30705741.0
520,2022-10-24,8.3,8.3,8.01,8.27,28062245.0
521,2022-10-25,8.36,8.66,8.36,8.66,31001500.0
522,2022-10-26,8.48,9.05,8.39,8.57,33606930.0
523,2022-10-27,8.68,8.78,8.46,8.6,28940839.0
524,2022-10-28,8.55,8.66,8.37,8.64,20697363.0
525,2022-10-31,8.59,8.83,8.43,8.79,31376113.0
526,2022-11-01,8.99,9.06,8.56,8.65,29799983.0
527,2022-11-02,8.7,8.76,8.2,8.22,36042604.0
528,2022-11-03,8.07,8.3,7.87,8.08,36419546.0
529,2022-11-04,8.19,8.2,7.65,7.93,64338926.0
530,2022-11-07,7.78,7.85,6.89,7.02,99332839.0
531,2022-11-08,7.08,7.42,6.91,7.21,56353934.0
532,2022-11-09,7.12,7.19,6.95,6.98,42517300.0
533,2022-11-10,7.46,7.97,7.43,7.64,58579775.0
534,2022-11-11,7.48,8.42,7.38,8.41,55324135.0
535,2022-11-14,8.18,8.32,7.95,8.1,37313248.0
536,2022-11-15,8.45,8.47,8.16,8.34,34454137.0
537,2022-11-16,8.18,8.24,8.0,8.06,28435997.0
538,2022-11-17,7.83,7.88,7.53,7.62,33746453.0
539,2022-11-18,7.76,7.79,7.31,7.39,27245241.0
540,2022-11-21,7.31,7.32,7.07,7.19,36605643.0
541,2022-11-22,7.18,7.25,6.98,7.22,27327800.0
542,2022-11-23,7.25,7.42,7.12,7.37,24182861.0
543,2022-11-25,7.32,7.34,7.19,7.28,10824422.0
544,2022-11-28,7.23,7.4,7.15,7.16,19467050.0
545,2022-11-29,7.2,7.3,7.05,7.08,22150765.0
546,2022-11-30,7.14,7.51,7.03,7.5,32745744.0
547,2022-12-01,7.51,7.88,7.47,7.86,34424376.0
548,2022-12-02,7.62,7.76,7.5,7.66,18794030.0
549,2022-12-05,7.62,7.7,7.11,7.19,32158154.0
550,2022-12-06,7.19,7.2,6.88,6.99,32868065.0
551,2022-12-07,7.08,7.35,7.02,7.07,28351611.0
552,2022-12-08,7.1,7.27,6.94,7.12,23107690.0
553,2022-12-09,7.06,7.19,7.03,7.11,23367305.0
554,2022-12-12,7.11,7.31,7.09,7.29,22672395.0
555,2022-12-13,7.73,7.97,7.49,7.5,41033831.0
556,2022-12-14,7.5,7.6,7.27,7.35,22653792.0
557,2022-12-15,7.17,7.3,7.01,7.01,25417145.0
558,2022-12-16,7.02,7.08,6.76,6.9,32655552.0
559,2022-12-19,6.8,6.83,6.32,6.35,41511615.0
560,2022-12-20,6.29,6.54,6.2,6.31,30215576.0
561,2022-12-21,6.24,6.52,6.04,6.5,34408622.0
562,2022-12-22,6.37,6.38,6.18,6.32,28065983.0
563,2022-12-23,6.27,6.3,6.07,6.29,20418981.0
564,2022-12-27,6.15,6.22,5.92,6.0,34573340.0
565,2022-12-28,5.98,6.17,5.95,6.07,30096787.0
566,2022-12-29,6.1,6.53,6.1,6.4,42694169.0
567,2022-12-30,6.19,6.42,6.19,6.42,27830898.0
568,2023-01-03,6.58,6.64,6.28,6.39,29969947.0
569,2023-01-04,6.48,6.68,6.37,6.58,31660509.0
570,2023-01-05,6.45,6.49,6.25,6.32,34185994.0
571,2023-01-06,6.4,6.45,6.09,6.4,30596404.0
572,2023-01-09,6.49,6.67,6.4,6.5,31028876.0
573,2023-01-10,6.5,6.72,6.49,6.7,28236577.0
574,2023-01-11,6.84,6.99,6.76,6.98,25936693.0
575,2023-01-12,7.01,7.05,6.78,7.01,30152469.0
576,2023-01-13,6.84,7.01,6.81,6.96,20981000.0
577,2023-01-17,6.99,7.15,6.73,7.07,30910341.0
578,2023-01-18,7.16,7.3,6.88,6.9,32743429.0
579,2023-01-19,6.8,6.9,6.67,6.73,24841655.0
580,2023-01-20,6.76,7.06,6.72,7.02,28751729.0
581,2023-01-23,7.03,7.41,6.99,7.38,31633292.0
582,2023-01-24,5.84,8.76,5.84,7.02,22649458.0
583,2023-01-25,6.92,7.27,6.69,7.22,37147944.0
584,2023-01-26,7.37,7.45,7.04,7.24,28005624.0
585,2023-01-27,7.19,7.73,7.14,7.55,37555172.0
586,2023-01-30,7.5,7.61,7.36,7.37,28567795.0
587,2023-01-31,7.41,7.82,7.38,7.78,40984037.0
588,2023-02-01,7.73,8.22,7.68,8.2,50123739.0
589,2023-02-02,8.51,9.21,8.47,8.99,71889705.0
590,2023-02-03,8.54,8.9,8.37,8.41,64785463.0
591,2023-02-06,8.31,8.54,8.24,8.31,38845474.0
592,2023-02-07,8.33,8.41,8.06,8.33,42201785.0
593,2023-02-08,8.25,8.57,8.17,8.22,35105483.0
594,2023-02-09,8.34,8.43,7.94,7.95,33366661.0
595,2023-02-10,7.79,7.86,7.46,7.51,43042403.0
596,2023-02-13,7.58,7.78,7.45,7.61,87397065.0
597,2023-02-14,8.59,9.3,8.23,9.22,216055237.0
598,2023-02-15,9.16,10.23,9.11,10.11,153514526.0
599,2023-02-16,9.65,10.31,9.6,9.71,88638835.0
600,2023-02-17,9.57,9.71,9.09,9.2,62137799.0
601,2023-02-21,9.01,9.1,8.4,8.47,65226614.0
602,2023-02-22,8.48,8.63,8.16,8.36,55345996.0
603,2023-02-23,8.42,8.48,7.91,8.17,60015539.0
604,2023-02-24,7.94,8.2,7.87,8.09,41518558.0
605,2023-02-27,8.12,8.23,7.96,8.03,35270013.0
606,2023-02-28,7.96,8.1,7.8,7.84,32937011.0
607,2023-03-01,7.83,7.91,7.69,7.69,27939113.0
608,2023-03-02,7.59,8.03,7.56,7.97,36805933.0
609,2023-03-03,8.0,8.5,8.0,8.33,43229102.0
610,2023-03-06,8.34,8.45,8.2,8.28,28316225.0
611,2023-03-07,8.28,8.43,8.19,8.28,26819619.0
612,2023-03-08,8.36,8.58,8.06,8.13,38723632.0
613,2023-03-09,8.07,8.26,7.68,7.69,29005915.0
614,2023-03-10,7.59,7.68,7.28,7.35,41953579.0
615,2023-03-13,7.29,8.15,7.19,7.87,63183533.0
616,2023-03-14,8.05,8.14,7.78,7.89,33460106.0
617,2023-03-15,7.81,7.99,7.7,7.9,28217378.0
618,2023-03-16,8.01,8.08,7.86,7.98,20504460.0
619,2023-03-17,7.93,8.03,7.84,7.88,20920767.0
620,2023-03-20,7.77,8.1,7.72,8.08,25497386.0
621,2023-03-21,8.2,8.51,8.17,8.45,27104478.0
622,2023-03-22,8.44,8.62,8.2,8.21,34150971.0
623,2023-03-23,8.32,8.56,8.16,8.33,22662235.0
624,2023-03-24,8.29,8.35,8.06,8.2,17939822.0
625,2023-03-27,8.15,8.32,7.94,8.04,20666810.0
626,2023-03-28,8.06,8.12,7.97,8.0,14860487.0
627,2023-03-29,8.09,8.25,8.05,8.22,15339672.0
628,2023-03-30,8.33,8.38,8.05,8.15,21001636.0
629,2023-03-31,8.15,8.48,8.08,8.45,26174838.0
630,2023-04-03,8.37,8.53,8.21,8.38,22511967.0
631,2023-04-04,8.53,8.54,8.23,8.35,23961225.0
632,2023-04-05,8.63,8.65,7.84,7.98,54946873.0
633,2023-04-06,7.88,8.14,7.79,8.09,23488564.0
634,2023-04-10,8.0,8.44,7.9,8.39,29184726.0
635,2023-04-11,8.35,8.79,8.34,8.61,35617852.0
636,2023-04-12,8.75,8.78,8.3,8.33,28771280.0
637,2023-04-13,8.5,8.7,8.43,8.58,27983250.0
638,2023-04-14,8.53,8.91,8.47,8.81,42364533.0
639,2023-04-17,8.81,9.04,8.78,8.8,26047508.0
640,2023-04-18,8.93,9.02,8.72,8.73,21185250.0
641,2023-04-19,8.58,8.66,8.48,8.49,18193674.0
642,2023-04-20,8.29,8.5,8.13,8.15,23573036.0
643,2023-04-21,8.14,8.22,8.09,8.18,14896712.0
644,2023-04-24,8.16,8.25,7.94,8.1,20439283.0
645,2023-04-25,8.0,8.02,7.73,7.74,21849092.0
646,2023-04-26,7.87,7.91,7.65,7.74,21396726.0
647,2023-04-27,7.83,7.91,7.72,7.82,21385464.0
648,2023-04-28,7.77,8.0,7.62,7.75,24915472.0
649,2023-05-01,7.75,7.82,7.66,7.78,19134155.0
650,2023-05-02,7.72,7.91,7.43,7.59,38007950.0
651,2023-05-03,7.62,7.68,7.45,7.56,24322418.0
652,2023-05-04,7.47,7.52,7.28,7.38,29989336.0
653,2023-05-05,7.44,7.55,7.32,7.41,45848838.0
654,2023-05-08,7.64,7.86,7.59,7.74,105304009.0
655,2023-05-09,9.22,9.69,8.66,9.55,223573281.0
656,2023-05-10,9.73,10.3,9.46,9.94,149374961.0
657,2023-05-11,10.14,10.16,9.71,9.88,73754074.0
658,2023-05-12,9.86,10.01,9.47,9.5,62123944.0
659,2023-05-15,9.21,9.6,9.02,9.52,53555516.0
660,2023-05-16,9.4,9.63,9.35,9.47,42311914.0
661,2023-05-17,9.54,10.29,9.46,10.25,63834517.0
662,2023-05-18,10.46,11.81,10.39,11.74,171402281.0
663,2023-05-19,11.97,12.41,11.52,11.71,150269322.0
664,2023-05-22,11.62,12.11,11.39,11.84,76377076.0
665,2023-05-23,11.95,13.42,11.87,12.64,148701808.0
666,2023-05-24,12.05,12.43,11.82,12.23,90496870.0
667,2023-05-25,13.18,13.22,12.34,12.84,106557773.0
668,2023-05-26,12.84,14.2,12.82,13.65,127770554.0
669,2023-05-30,14.44,15.01,14.24,14.71,159089328.0
670,2023-05-31,14.19,14.79,13.82,14.71,130392206.0
671,2023-06-01,14.46,15.22,14.2,14.54,126015134.0
672,2023-06-02,14.65,15.03,14.16,14.52,79487612.0
673,2023-06-05,14.37,15.7,14.37,15.24,109017824.0
674,2023-06-06,15.3,15.58,14.92,15.46,74284337.0
675,2023-06-07,16.01,17.16,14.52,14.69,227244050.0
676,2023-06-08,14.44,15.59,14.39,15.19,115591618.0
677,2023-06-09,15.36,15.98,14.82,15.02,94126339.0
678,2023-06-12,15.44,16.03,15.33,15.65,90250316.0
679,2023-06-13,16.18,16.27,15.16,16.0,112765935.0
680,2023-06-14,15.93,16.19,15.44,15.91,70871917.0
681,2023-06-15,15.66,16.79,15.49,16.6,91200891.0
682,2023-06-16,16.87,16.91,16.01,16.3,90696215.0
683,2023-06-20,15.99,16.89,15.58,15.79,81335009.0
684,2023-06-21,15.66,15.76,14.37,14.64,97885028.0
685,2023-06-22,14.3,14.44,13.86,14.05,103460998.0
686,2023-06-23,13.64,14.14,13.56,14.03,74851018.0
687,2023-06-26,13.87,14.42,13.83,13.94,50679919.0
688,2023-06-27,14.22,14.76,13.96,14.61,55410531.0
689,2023-06-28,14.53,15.43,14.47,15.28,66001041.0
690,2023-06-29,15.4,15.57,15.06,15.2,46300897.0
691,2023-06-30,15.48,15.8,15.23,15.33,42195264.0
692,2023-07-03,15.49,15.59,15.19,15.52,26037426.0
693,2023-07-05,15.43,15.77,15.23,15.7,39179854.0
694,2023-07-06,15.32,15.38,14.62,15.13,57158281.0
695,2023-07-07,15.23,15.9,15.19,15.34,48273342.0
696,2023-07-10,15.37,16.33,14.95,16.3,62823618.0
697,2023-07-11,16.47,16.93,16.15,16.49,63236574.0
698,2023-07-12,16.78,16.94,16.41,16.59,50079436.0
699,2023-07-13,16.7,17.26,16.63,16.74,58397771.0
700,2023-07-14,16.76,17.0,16.27,16.4,45115040.0
701,2023-07-17,16.42,17.59,16.32,17.4,63504956.0
702,2023-07-18,17.88,18.13,17.19,18.08,87365660.0
703,2023-07-19,18.02,19.0,17.76,18.05,89044567.0
704,2023-07-20,17.54,18.0,16.98,17.13,62711592.0
705,2023-07-21,17.47,17.49,16.0,16.43,63375867.0
706,2023-07-24,16.61,16.69,16.12,16.32,36133647.0
707,2023-07-25,16.35,16.86,16.35,16.55,36612927.0
708,2023-07-26,16.4,16.69,16.13,16.43,35804775.0
709,2023-07-27,16.8,17.19,16.0,16.15,50685242.0
710,2023-07-28,17.21,17.97,16.74,17.81,106125623.0
711,2023-07-31,18.82,20.0,18.38,19.84,142173835.0
712,2023-08-01,19.46,20.24,19.23,19.99,100126141.0
713,2023-08-02,19.26,19.62,18.15,18.97,98215768.0
714,2023-08-03,18.63,19.3,18.61,18.71,55168608.0
715,2023-08-04,18.87,19.08,18.08,18.2,72386045.0
716,2023-08-07,18.25,18.39,17.01,17.99,133808372.0
717,2023-08-08,17.49,17.49,16.1,17.04,143014237.0
718,2023-08-09,16.76,16.92,15.1,15.25,126230391.0
719,2023-08-10,15.44,15.87,15.25,15.41,73129139.0
720,2023-08-11,15.05,15.58,14.91,15.41,56616788.0
721,2023-08-14,15.2,15.74,14.95,15.72,47511417.0
722,2023-08-15,15.61,15.87,15.29,15.37,44000374.0
723,2023-08-16,15.21,15.73,15.12,15.45,40394555.0
724,2023-08-17,15.39,15.44,14.04,14.15,91086683.0
725,2023-08-18,13.88,14.6,13.68,14.4,70215160.0
726,2023-08-21,14.42,14.78,14.34,14.5,43206161.0
727,2023-08-22,14.76,15.13,14.63,14.67,52106867.0
728,2023-08-23,14.5,15.47,14.42,15.3,53523342.0
729,2023-08-24,15.7,15.71,13.88,14.14,93586208.0
730,2023-08-25,14.14,14.65,14.01,14.53,55668905.0
731,2023-08-28,14.69,14.88,14.5,14.64,35964677.0
732,2023-08-29,14.6,15.63,14.5,15.4,47213155.0
733,2023-08-30,15.46,16.35,15.33,16.33,65674056.0
734,2023-08-31,15.6,15.85,14.65,14.98,101517203.0
735,2023-09-01,15.16,15.37,14.83,15.18,45258903.0
736,2023-09-05,15.08,15.42,14.9,15.21,33818426.0
737,2023-09-06,15.17,15.62,15.08,15.3,38738076.0
738,2023-09-07,14.88,15.24,14.29,15.21,51798780.0
739,2023-09-08,15.12,15.61,15.09,15.13,34047562.0
740,2023-09-11,15.41,16.1,15.36,15.79,55294677.0
741,2023-09-12,15.46,16.15,15.43,15.59,39497916.0
742,2023-09-13,15.63,15.85,15.42,15.6,34354449.0
743,2023-09-14,15.69,16.04,15.47,15.83,38572508.0
744,2023-09-15,15.77,15.9,15.17,15.33,56271175.0
745,2023-09-18,15.18,15.63,15.07,15.46,37404081.0
746,2023-09-19,15.34,15.52,14.95,15.15,37804835.0
747,2023-09-20,15.25,15.43,14.73,14.74,37640487.0
748,2023-09-21,14.34,14.6,13.68,14.0,73071796.0
749,2023-09-22,14.23,14.42,14.03,14.13,47714543.0
750,2023-09-25,14.0,14.24,13.82,14.22,39693894.0
751,2023-09-26,13.95,14.17,13.88,13.96,37276213.0
752,2023-09-27,14.2,14.96,14.16,14.85,62780567.0
753,2023-09-28,15.14,15.96,14.83,15.77,66590819.0
754,2023-09-29,16.11,16.81,15.96,16.0,78055083.0
755,2023-10-02,16.03,16.44,15.77,15.88,41043913.0
756,2023-10-03,15.61,15.77,14.82,14.9,51578129.0
757,2023-10-04,15.46,15.85,15.16,15.73,52786237.0
758,2023-10-05,15.59,15.9,15.41,15.81,49648072.0
759,2023-10-06,15.56,16.7,15.51,16.61,65946320.0
760,2023-10-09,16.27,17.83,16.22,17.61,106161182.0
761,2023-10-10,18.06,18.4,17.62,17.8,99971501.0
762,2023-10-11,17.87,18.44,17.73,17.92,55745629.0
763,2023-10-12,17.92,18.24,17.55,17.94,57940929.0
764,2023-10-13,18.06,18.16,17.27,17.36,54881953.0
765,2023-10-16,17.21,17.46,16.67,17.36,44987257.0
766,2023-10-17,17.0,18.03,16.91,17.84,54401289.0
767,2023-10-18,17.81,18.22,17.19,17.2,44208265.0
768,2023-10-19,17.44,17.58,16.97,17.06,46303217.0
769,2023-10-20,16.85,16.94,15.81,16.11,63875477.0
770,2023-10-23,15.9,16.34,15.21,16.2,55967141.0
771,2023-10-24,16.38,16.93,16.3,16.64,39833646.0
772,2023-10-25,16.57,16.63,15.58,15.59,46706317.0
773,2023-10-26,15.6,15.91,15.05,15.29,49351804.0
774,2023-10-27,15.48,15.6,14.96,15.07,39913551.0
775,2023-10-30,15.27,15.29,14.56,14.69,46886417.0
776,2023-10-31,14.58,15.01,14.55,14.8,40195381.0
777,2023-11-01,14.8,14.96,14.48,14.92,54419071.0
778,2023-11-02,17.48,18.3,17.2101,17.97,170406780.0
779,2023-11-03,18.02,19.0789,17.76,18.89,109302019.0
780,2023-11-06,18.99,19.08,17.93,18.54,79952419.0
781,2023-11-07,18.86,19.17,18.53,18.8,56289022.0
782,2023-11-08,18.85,18.93,18.15,18.49,46063132.0
783,2023-11-09,18.66,18.87,18.16,18.27,48454194.0
784,2023-11-10,18.155,19.72,18.06,19.67,92955728.0
785,2023-11-13,19.59,19.88,19.3,19.71,74877458.0
786,2023-11-14,20.0,20.1,19.5,19.94,83230466.0
787,2023-11-15,19.9,20.37,19.611,19.95,75533359.0
788,2023-11-16,19.8,19.875,19.29,19.77,49942759.0
789,2023-11-17,19.68,20.58,19.6587,20.49,69668650.0
790,2023-11-20,20.65,21.6,20.56,21.34,90575566.0
791,2023-11-21,21.11,21.85,19.72,19.8,106643296.0
792,2023-11-22,20.26,20.44,19.33,19.69,68452454.0
793,2023-11-24,19.38,19.6,18.93,19.2,39417056.0
794,2023-11-27,19.13,19.5,18.62,19.08,58808067.0
795,2023-11-28,19.11,19.8,19.03,19.71,54170695.0
796,2023-11-29,19.945,20.31,19.78,19.84,62782099.0
797,2023-11-30,19.94,20.23,19.68,20.05,55500991.0
798,2023-12-01,19.93,20.29,19.55,20.27,61493471.0
799,2023-12-04,19.75,19.9,18.27,18.4,104948484.0
800,2023-12-05,18.25,18.55,17.96,18.3,54460844.0
801,2023-12-06,17.69,17.83,17.05,17.13,96110974.0
802,2023-12-07,17.22,17.48,17.08,17.22,56454971.0
803,2023-12-08,17.18,17.92,17.09,17.77,57542117.0
804,2023-12-11,17.97,18.28,17.7,17.77,50929623.0
805,2023-12-12,17.69,17.88,17.2301,17.5,46231909.0
806,2023-12-13,17.65,17.9,17.22,17.87,52682623.0
807,2023-12-14,18.17,18.58,17.72,18.21,67462750.0
808,2023-12-15,18.67,19.15,18.04,18.2,93307091.0
809,2023-12-18,18.21,18.575,17.77,17.84,60188148.0
810,2023-12-19,17.98,18.19,17.84,17.95,43530236.0
811,2023-12-20,17.87,17.92,17.19,17.25,58666896.0
812,2023-12-21,17.53,17.74,17.42,17.59,30493542.0
813,2023-12-22,17.7,17.7,17.325,17.41,33693787.0
814,2023-12-26,17.44,17.745,17.3299,17.68,31750585.0
815,2023-12-27,17.78,17.91,17.45,17.47,32918287.0
816,2023-12-28,17.46,17.84,17.42,17.56,38989882.0
817,2023-12-29,17.52,17.64,17.1,17.17,38943431.0
818,2024-01-02,16.95,16.95,16.5,16.58,41626684.0
819,2024-01-03,16.12,16.38,16.01,16.09,46865204.0
820,2024-01-04,16.05,16.58,15.95,16.25,39937595.0
821,2024-01-05,15.7,16.1279,15.664,15.98,57700013.0
822,2024-01-08,16.22,16.89,16.14,16.67,49089953.0
823,2024-01-09,16.51,16.63,16.28,16.39,35794423.0
824,2024-01-10,16.5,17.0299,16.4,16.79,41254373.0
825,2024-01-11,16.81,16.93,16.17,16.68,39552270.0
826,2024-01-12,16.68,17.06,16.62,16.76,33952550.0
827,2024-01-16,16.59,16.74,16.29,16.53,32659227.0
828,2024-01-17,16.26,16.41,16.05,16.39,30832695.0
829,2024-01-18,16.75,16.81,16.1,16.4,35239739.0
830,2024-01-19,16.57,16.78,16.15,16.78,40690615.0
831,2024-01-22,17.46,18.3503,17.43,17.6,85573893.0
832,2024-01-23,17.64,17.73,17.2,17.33,37794300.0
833,2024-01-24,17.51,17.65,16.735,16.75,42710485.0
