,date,open,high,low,close,volume
0,2018-12-14,15.12,15.84,14.81,14.81,597942.0
1,2018-12-17,14.81,15.27,14.51,14.8,198979.0
2,2018-12-18,14.66,14.89,14.58,14.81,143322.0
3,2018-12-19,14.82,14.82,14.61,14.61,85452.0
4,2018-12-20,14.71,14.76,14.2,14.74,158696.0
5,2018-12-21,14.81,14.81,13.8,14.65,43303.0
6,2018-12-24,14.28,14.28,13.33,13.46,32571.0
7,2018-12-26,13.76,13.76,13.56,13.57,8111.0
8,2018-12-27,14.26,14.26,13.31,13.33,6447.0
9,2018-12-28,13.36,14.05,13.36,14.05,10652.0
10,2018-12-31,13.87,13.98,13.38,13.82,11944.0
11,2019-01-02,13.81,13.81,12.64,13.09,35971.0
12,2019-01-03,13.16,13.91,12.83,12.88,20952.0
13,2019-01-04,13.21,13.21,11.82,12.31,30838.0
14,2019-01-07,12.46,12.46,11.62,12.1,6993.0
15,2019-01-08,12.05,12.51,11.34,11.49,59193.0
16,2019-01-09,11.33,11.5,10.31,10.43,67124.0
17,2019-01-10,10.31,10.5,9.32,9.58,49667.0
18,2019-01-11,10.01,10.01,8.99,9.39,61102.0
19,2019-01-14,9.36,9.36,8.22,8.36,84745.0
20,2019-01-15,8.61,11.43,8.61,10.61,220616.0
21,2019-01-16,11.0,12.24,10.37,11.81,168154.0
22,2019-01-17,12.31,13.11,10.8,10.91,162911.0
23,2019-01-18,10.96,11.67,10.41,11.65,66853.0
24,2019-01-22,11.67,11.67,10.13,10.51,142495.0
25,2019-01-23,10.38,11.89,10.38,10.94,37536.0
26,2019-01-24,11.21,11.81,10.44,11.81,71361.0
27,2019-01-25,11.64,11.64,10.88,10.95,70607.0
28,2019-01-28,11.26,11.26,10.5,10.67,45841.0
29,2019-01-29,10.89,10.97,10.52,10.87,43247.0
30,2019-01-30,10.8,10.99,10.46,10.92,30248.0
31,2019-01-31,11.06,11.06,10.69,11.01,38684.0
32,2019-02-01,11.01,11.06,10.81,10.87,3089.0
33,2019-02-04,11.01,11.56,10.91,11.31,19550.0
34,2019-02-05,11.32,11.66,11.19,11.66,14304.0
35,2019-02-06,11.66,11.81,10.77,11.31,33492.0
36,2019-02-07,11.29,11.29,10.71,10.72,11092.0
37,2019-02-08,11.03,11.4,10.78,11.29,20197.0
38,2019-02-11,11.0,11.07,10.83,10.85,8484.0
39,2019-02-12,10.82,11.24,10.82,10.99,4527.0
40,2019-02-13,11.04,11.19,10.86,11.06,59899.0
41,2019-02-14,11.04,11.12,10.87,10.91,26153.0
42,2019-02-15,10.81,11.26,10.81,11.06,59842.0
43,2019-02-19,11.37,11.59,11.31,11.59,60461.0
44,2019-02-20,11.58,12.93,11.58,12.83,100974.0
45,2019-02-21,12.81,13.16,12.47,12.82,28414.0
46,2019-02-22,12.87,14.61,12.87,14.43,112038.0
47,2019-02-25,16.26,16.69,14.77,15.21,165724.0
48,2019-02-26,14.89,15.0,14.11,14.68,62826.0
49,2019-02-27,14.5,15.29,14.49,14.95,33860.0
50,2019-02-28,14.95,15.81,14.64,15.14,52751.0
51,2019-03-01,15.37,15.72,14.81,15.24,33030.0
52,2019-03-04,15.39,15.85,15.17,15.47,56107.0
53,2019-03-05,15.73,16.71,15.62,15.77,43106.0
54,2019-03-06,15.76,16.26,15.17,15.3,92100.0
55,2019-03-07,15.19,15.95,13.76,14.07,53497.0
56,2019-03-08,13.68,13.68,12.51,12.82,77224.0
57,2019-03-11,13.13,14.03,13.1,13.4,33962.0
58,2019-03-12,13.71,13.98,13.53,13.61,15914.0
59,2019-03-13,13.81,13.81,12.8,12.8,50767.0
60,2019-03-14,13.11,13.21,11.0,11.11,106216.0
61,2019-03-15,11.89,13.01,11.53,12.91,103764.0
62,2019-03-18,13.2,14.91,12.91,14.82,95670.0
63,2019-03-19,15.29,15.56,14.61,15.56,121998.0
64,2019-03-20,16.06,16.13,13.74,14.74,178458.0
65,2019-03-21,14.6,15.64,14.54,15.3,102379.0
66,2019-03-22,15.04,15.29,14.44,15.06,65288.0
67,2019-03-25,14.78,14.97,14.19,14.41,53460.0
68,2019-03-26,14.59,14.9,14.06,14.29,37976.0
69,2019-03-27,14.21,14.21,13.39,13.81,33576.0
70,2019-03-28,13.35,13.74,13.3,13.31,29843.0
71,2019-03-29,13.58,14.31,13.58,13.66,58897.0
72,2019-04-01,14.15,14.63,14.04,14.26,41616.0
73,2019-04-02,14.33,14.33,13.82,13.91,28133.0
74,2019-04-03,14.32,14.32,13.44,13.63,55903.0
75,2019-04-04,13.57,14.44,13.42,13.81,45025.0
76,2019-04-05,14.02,14.33,13.99,14.21,24593.0
77,2019-04-08,14.51,15.32,14.37,15.28,92279.0
78,2019-04-09,15.3,15.61,14.33,15.58,60668.0
79,2019-04-10,15.31,15.79,15.24,15.41,49268.0
80,2019-04-11,15.42,15.71,14.97,15.56,58809.0
81,2019-04-12,15.71,15.91,15.21,15.34,32632.0
82,2019-04-15,15.47,15.72,15.33,15.51,40903.0
83,2019-04-16,15.97,21.21,15.65,21.0,427593.0
84,2019-04-17,20.76,20.86,18.61,19.01,181940.0
85,2019-04-18,19.13,22.76,18.97,22.41,292882.0
86,2019-04-22,21.17,21.51,19.87,21.12,130323.0
87,2019-04-23,20.81,21.01,18.98,19.39,69602.0
88,2019-04-24,19.27,20.12,19.02,19.14,37243.0
89,2019-04-25,19.04,19.8,18.36,19.05,40289.0
90,2019-04-26,19.21,19.21,17.46,17.91,86720.0
91,2019-04-29,17.67,19.54,17.46,18.33,159109.0
92,2019-04-30,18.41,18.81,18.06,18.18,61245.0
93,2019-05-01,18.32,18.44,17.95,18.09,28755.0
94,2019-05-02,17.94,18.61,17.81,18.27,36342.0
95,2019-05-03,18.54,20.65,18.54,20.49,260563.0
96,2019-05-06,18.47,20.28,18.31,19.54,108233.0
97,2019-05-07,19.31,20.01,19.22,19.78,42599.0
98,2019-05-08,19.63,20.45,19.21,19.7,42527.0
99,2019-05-09,19.15,19.46,17.87,19.05,156986.0
100,2019-05-10,18.6,20.11,18.6,18.75,59347.0
101,2019-05-13,18.32,18.94,18.13,18.91,122055.0
102,2019-05-14,18.81,19.31,16.71,18.11,239306.0
103,2019-05-15,18.31,18.33,17.45,18.26,83569.0
104,2019-05-16,17.84,18.19,16.81,17.13,115643.0
105,2019-05-17,16.78,17.31,13.84,14.59,144463.0
106,2019-05-20,14.81,15.36,14.57,14.74,76092.0
107,2019-05-21,15.88,17.19,15.64,15.88,191094.0
108,2019-05-22,15.85,17.13,15.71,15.97,140251.0
109,2019-05-23,15.82,15.91,14.43,14.71,140986.0
110,2019-05-24,14.76,15.05,14.58,14.58,37299.0
111,2019-05-28,14.9,15.56,14.32,14.58,118979.0
112,2019-05-29,14.45,14.72,14.01,14.02,84724.0
113,2019-05-30,14.03,15.1,14.02,14.81,163615.0
114,2019-05-31,14.56,14.7,14.1,14.38,91395.0
115,2019-06-03,14.19,14.81,13.0,13.2,198376.0
116,2019-06-04,13.31,14.11,12.99,13.91,151757.0
117,2019-06-05,14.18,14.18,12.52,12.76,186449.0
118,2019-06-06,12.66,13.21,12.04,12.45,152194.0
119,2019-06-07,12.7,12.96,11.6,11.89,116434.0
120,2019-06-10,12.04,13.09,11.93,12.81,184761.0
121,2019-06-11,12.95,13.65,12.11,12.45,194941.0
122,2019-06-12,12.23,12.69,12.01,12.69,91588.0
123,2019-06-13,12.55,13.09,12.27,12.84,103582.0
124,2019-06-14,12.81,13.81,12.33,12.66,229726.0
125,2019-06-17,12.83,13.1,11.9,11.98,108151.0
126,2019-06-18,12.03,12.55,12.03,12.29,99363.0
127,2019-06-19,12.31,12.76,11.81,12.17,65277.0
128,2019-06-20,12.44,12.86,12.38,12.51,64443.0
129,2019-06-21,12.39,12.41,11.87,12.1,81155.0
130,2019-06-24,11.49,11.51,8.51,9.1,2204270.0
131,2019-06-25,8.93,9.07,8.21,9.01,1891463.0
132,2019-06-26,8.81,9.95,8.78,9.37,934288.0
133,2019-06-27,8.31,10.55,8.3,10.21,5559352.0
134,2019-06-28,9.7,10.21,9.43,10.06,1343034.0
135,2019-07-01,10.28,10.36,9.61,9.83,1103188.0
136,2019-07-02,9.68,10.16,9.56,10.02,316535.0
137,2019-07-03,10.09,10.12,9.77,9.91,354161.0
138,2019-07-05,9.81,10.06,9.61,9.75,298479.0
139,2019-07-08,9.61,9.85,9.39,9.83,354748.0
140,2019-07-09,9.77,9.83,9.64,9.71,348724.0
141,2019-07-10,9.75,9.75,9.51,9.55,322300.0
142,2019-07-11,9.61,9.78,9.52,9.62,461209.0
143,2019-07-12,9.62,9.71,9.36,9.57,301934.0
144,2019-07-15,9.67,9.67,9.16,9.26,254367.0
145,2019-07-16,9.22,9.61,9.15,9.48,857525.0
146,2019-07-17,9.45,9.56,9.26,9.46,1018658.0
147,2019-07-18,9.46,10.01,9.37,9.85,905805.0
148,2019-07-19,9.99,10.05,9.32,9.52,2449774.0
149,2019-07-22,9.45,9.81,9.18,9.2,1026294.0
150,2019-07-23,9.22,9.71,9.22,9.68,475957.0
151,2019-07-24,9.57,9.76,9.55,9.73,361991.0
152,2019-07-25,9.73,9.77,9.15,9.24,498806.0
153,2019-07-26,9.24,9.48,9.11,9.15,295593.0
154,2019-07-29,9.07,9.36,9.07,9.16,271594.0
155,2019-07-30,9.11,9.27,9.04,9.13,352717.0
156,2019-07-31,9.13,9.34,8.83,9.05,340638.0
157,2019-08-01,9.05,9.18,8.88,9.12,322985.0
158,2019-08-02,8.99,9.07,8.62,8.81,231240.0
159,2019-08-05,8.6,8.61,8.31,8.35,245236.0
160,2019-08-06,8.32,8.56,8.31,8.48,124625.0
161,2019-08-07,8.32,8.54,8.32,8.53,68899.0
162,2019-08-08,8.65,8.7,8.41,8.61,113384.0
163,2019-08-09,8.61,8.77,8.56,8.59,90506.0
164,2019-08-12,8.44,8.56,8.01,8.06,295631.0
165,2019-08-13,7.96,8.51,7.96,8.31,113822.0
166,2019-08-14,8.21,8.28,7.83,8.18,247558.0
167,2019-08-15,8.27,8.71,7.85,8.31,126850.0
168,2019-08-16,8.38,8.9,8.33,8.79,171965.0
169,2019-08-19,8.99,8.99,8.51,8.6,203871.0
170,2019-08-20,8.61,8.79,8.47,8.48,95104.0
171,2019-08-21,8.55,9.16,8.55,8.96,222197.0
172,2019-08-22,8.98,9.11,8.79,8.91,313267.0
173,2019-08-23,8.91,8.91,8.17,8.3,320083.0
174,2019-08-26,8.2,8.49,8.11,8.32,277792.0
175,2019-08-27,8.17,8.4,8.12,8.15,286012.0
176,2019-08-28,7.62,7.91,7.29,7.75,512070.0
177,2019-08-29,7.77,7.82,7.33,7.59,542527.0
178,2019-08-30,7.54,8.3,7.47,8.27,331480.0
179,2019-09-03,8.01,8.44,7.86,8.12,220143.0
180,2019-09-04,8.28,8.28,7.86,7.94,135745.0
181,2019-09-05,7.98,8.84,7.98,8.78,232385.0
182,2019-09-06,8.59,8.76,8.11,8.21,349230.0
183,2019-09-09,8.43,8.52,8.14,8.3,774203.0
184,2019-09-10,8.41,8.41,8.04,8.24,1180124.0
185,2019-09-11,8.39,8.51,8.16,8.3,300230.0
186,2019-09-12,8.3,8.3,7.86,7.91,100115.0
187,2019-09-13,7.92,8.06,7.85,7.93,80749.0
188,2019-09-16,7.82,8.03,7.82,7.91,89356.0
189,2019-09-17,7.88,8.19,7.86,7.95,151300.0
190,2019-09-18,7.77,8.11,7.77,7.81,187833.0
191,2019-09-19,7.83,7.97,7.69,7.71,92021.0
192,2019-09-20,7.72,8.21,7.71,8.08,357957.0
193,2019-09-23,7.92,8.0,7.74,7.75,111066.0
194,2019-09-24,7.78,7.96,7.49,7.54,164091.0
195,2019-09-25,7.49,7.78,7.41,7.69,131607.0
196,2019-09-26,7.47,7.61,7.27,7.31,249624.0
197,2019-09-27,7.36,7.57,7.07,7.21,354984.0
198,2019-09-30,7.08,7.28,6.98,7.21,164394.0
199,2019-10-01,7.21,7.3,6.81,6.92,238662.0
200,2019-10-02,6.87,6.94,6.52,6.67,220730.0
201,2019-10-03,6.7,7.4,6.61,6.99,83957.0
202,2019-10-04,7.01,7.22,6.8,7.07,61289.0
203,2019-10-07,7.08,7.08,6.8,6.91,45647.0
204,2019-10-08,6.94,7.08,6.66,6.88,105250.0
205,2019-10-09,7.01,7.23,6.87,7.09,158886.0
206,2019-10-10,7.18,7.25,6.93,7.23,170473.0
207,2019-10-11,7.4,7.51,7.01,7.18,164069.0
208,2019-10-14,7.18,7.41,7.12,7.27,131939.0
209,2019-10-15,7.37,7.5,7.22,7.33,210337.0
210,2019-10-16,7.4,7.46,7.18,7.27,294310.0
211,2019-10-17,7.27,7.54,7.26,7.4,169525.0
212,2019-10-18,7.33,7.53,7.21,7.41,143378.0
213,2019-10-21,7.35,7.41,7.1,7.3,147069.0
214,2019-10-22,7.32,7.36,7.04,7.11,315511.0
215,2019-10-23,7.09,7.23,7.01,7.11,379453.0
216,2019-10-24,7.12,7.19,6.93,7.14,285040.0
217,2019-10-25,7.14,7.58,7.14,7.3,209148.0
218,2019-10-28,7.31,7.5,7.28,7.46,288480.0
219,2019-10-29,7.44,7.56,7.26,7.41,329571.0
220,2019-10-30,7.33,7.47,7.23,7.35,96527.0
221,2019-10-31,7.35,7.4,7.16,7.16,139116.0
222,2019-11-01,7.28,7.31,7.12,7.26,117551.0
223,2019-11-04,7.3,7.34,7.09,7.27,178311.0
224,2019-11-05,7.27,7.33,7.16,7.31,239420.0
225,2019-11-06,7.31,7.31,7.11,7.15,127315.0
226,2019-11-07,7.2,7.27,6.98,7.21,223507.0
227,2019-11-08,7.22,7.28,7.06,7.24,235471.0
228,2019-11-11,7.19,8.0,7.19,7.87,504752.0
229,2019-11-12,7.61,7.72,7.37,7.58,566640.0
230,2019-11-13,7.55,7.57,7.11,7.18,349573.0
231,2019-11-14,7.24,7.24,6.81,6.86,358619.0
232,2019-11-15,6.95,7.2,6.82,6.91,310059.0
233,2019-11-18,6.92,6.97,6.83,6.94,357042.0
234,2019-11-19,6.96,7.17,6.81,7.17,629361.0
235,2019-11-20,7.1,7.17,6.55,6.83,580481.0
236,2019-11-21,6.83,6.91,6.31,6.33,264832.0
237,2019-11-22,6.32,6.4,6.07,6.28,315088.0
238,2019-11-25,6.31,6.47,6.31,6.39,256191.0
239,2019-11-26,6.39,6.55,6.15,6.15,1094475.0
240,2019-11-27,6.76,7.68,6.45,7.46,2445163.0
241,2019-11-29,7.44,7.83,7.02,7.81,1318137.0
242,2019-12-02,7.81,7.85,7.49,7.79,1170149.0
243,2019-12-03,7.58,7.63,7.32,7.5,745153.0
244,2019-12-04,7.39,7.57,7.31,7.55,621827.0
245,2019-12-05,7.61,7.7,7.33,7.66,917855.0
246,2019-12-06,7.65,7.76,7.62,7.74,1022319.0
247,2019-12-09,7.63,7.82,7.6,7.73,1764715.0
248,2019-12-10,7.69,7.74,7.64,7.68,2412487.0
249,2019-12-11,8.31,8.71,7.78,8.52,2428465.0
250,2019-12-12,8.52,8.55,8.05,8.35,696092.0
251,2019-12-13,8.29,8.35,7.96,8.22,2071093.0
252,2019-12-16,8.41,8.44,8.01,8.23,1197260.0
253,2019-12-17,8.19,8.29,8.03,8.06,566392.0
254,2019-12-18,7.98,8.1,7.7,7.75,843076.0
255,2019-12-19,7.73,8.02,7.44,7.46,689139.0
256,2019-12-20,7.61,7.61,7.33,7.48,751683.0
257,2019-12-23,7.56,7.57,7.33,7.35,807663.0
258,2019-12-24,7.45,7.88,7.42,7.82,619947.0
259,2019-12-26,7.96,8.19,7.74,8.02,2043788.0
260,2019-12-27,7.91,7.96,7.67,7.72,849954.0
261,2019-12-30,7.76,8.11,7.6,8.04,1418886.0
262,2019-12-31,7.99,8.41,7.9,8.08,1324155.0
263,2020-01-02,8.16,8.89,8.16,8.51,1349534.0
264,2020-01-03,8.46,8.89,8.38,8.46,846948.0
265,2020-01-06,8.43,8.46,8.04,8.15,449934.0
266,2020-01-07,8.13,8.27,8.02,8.15,222968.0
267,2020-01-08,8.15,8.32,7.98,8.13,343387.0
268,2020-01-09,8.19,8.7,8.16,8.61,467927.0
269,2020-01-10,8.71,8.83,8.31,8.71,515062.0
270,2020-01-13,8.82,8.94,8.05,8.16,694938.0
271,2020-01-14,8.16,8.2,7.66,7.78,690084.0
272,2020-01-15,7.75,7.94,7.58,7.72,402682.0
273,2020-01-16,7.57,7.61,7.36,7.39,478699.0
274,2020-01-17,7.41,7.62,7.26,7.31,533364.0
275,2020-01-21,7.31,7.46,7.02,7.42,538058.0
276,2020-01-22,7.53,8.45,7.49,8.38,1499343.0
277,2020-01-23,8.2,8.25,7.9,8.11,733287.0
278,2020-01-24,8.21,8.21,7.5,7.56,388910.0
279,2020-01-27,7.31,7.51,7.23,7.39,660552.0
280,2020-01-28,7.48,7.72,7.41,7.66,678894.0
281,2020-01-29,7.71,7.8,7.41,7.5,443906.0
282,2020-01-30,7.42,7.42,7.23,7.34,391303.0
283,2020-01-31,7.34,7.5,7.22,7.44,293491.0
284,2020-02-03,7.43,7.68,7.34,7.51,412207.0
285,2020-02-04,7.61,7.87,7.57,7.72,864203.0
286,2020-02-05,7.72,7.72,7.27,7.41,565497.0
287,2020-02-06,7.43,7.53,6.86,7.11,768408.0
288,2020-02-07,7.11,7.22,6.91,7.13,577231.0
289,2020-02-10,7.12,7.15,6.58,6.62,873682.0
290,2020-02-11,6.76,7.21,6.7,7.02,512825.0
291,2020-02-12,7.06,7.39,7.06,7.31,304432.0
292,2020-02-13,7.31,7.44,7.12,7.18,591675.0
293,2020-02-14,7.19,7.22,6.86,7.04,398808.0
294,2020-02-18,7.03,7.09,6.51,6.52,628523.0
295,2020-02-19,6.57,6.75,6.52,6.71,606048.0
296,2020-02-20,6.7,7.08,6.7,6.92,409879.0
297,2020-02-21,6.91,6.94,6.65,6.74,428825.0
298,2020-02-24,6.59,6.59,6.21,6.26,714886.0
299,2020-02-25,6.36,6.46,6.27,6.42,744833.0
300,2020-02-26,6.45,6.48,6.31,6.35,515174.0
301,2020-02-27,6.26,6.41,6.13,6.19,537727.0
302,2020-02-28,6.07,6.67,5.89,6.67,630207.0
303,2020-03-02,6.64,6.7,6.44,6.61,291166.0
304,2020-03-03,6.57,6.79,6.36,6.44,516064.0
305,2020-03-04,6.65,6.92,6.45,6.86,623457.0
306,2020-03-05,6.73,7.18,6.67,7.07,224014.0
307,2020-03-06,6.84,7.06,6.47,6.51,479105.0
308,2020-03-09,6.14,6.35,5.95,6.11,439396.0
309,2020-03-10,6.3,6.61,6.06,6.4,741087.0
310,2020-03-11,6.34,6.38,6.08,6.15,491392.0
311,2020-03-12,5.98,6.11,5.32,5.34,1502840.0
312,2020-03-13,5.62,5.79,5.51,5.79,753329.0
313,2020-03-16,5.24,5.58,4.86,4.89,336197.0
314,2020-03-17,5.0,5.43,4.89,5.43,385981.0
315,2020-03-18,4.96,5.93,4.68,5.92,1411704.0
316,2020-03-19,5.36,5.61,5.0,5.34,807684.0
317,2020-03-20,5.36,5.42,5.11,5.23,267129.0
318,2020-03-23,5.16,5.34,4.71,4.82,382057.0
319,2020-03-24,4.81,5.6,4.81,5.39,809150.0
320,2020-03-25,5.46,5.97,5.41,5.61,505241.0
321,2020-03-26,5.73,6.03,5.69,5.79,510374.0
322,2020-03-27,5.44,5.84,5.36,5.63,746224.0
323,2020-03-30,5.81,6.05,5.43,5.82,1207434.0
324,2020-03-31,6.19,6.6,5.99,6.31,1620051.0
325,2020-04-01,6.06,6.63,5.99,6.5,585498.0
326,2020-04-02,6.23,6.5,6.23,6.28,516774.0
327,2020-04-03,6.26,6.3,5.94,6.06,942829.0
328,2020-04-06,6.19,6.33,5.97,6.15,258124.0
329,2020-04-07,6.31,6.63,6.31,6.51,670715.0
330,2020-04-08,6.44,6.56,6.2,6.28,437955.0
331,2020-04-09,6.29,6.46,5.73,5.76,426171.0
332,2020-04-13,5.79,5.93,5.47,5.58,174347.0
333,2020-04-14,5.61,6.01,5.59,5.96,930566.0
334,2020-04-15,5.81,5.95,5.69,5.75,567489.0
335,2020-04-16,5.83,6.0,5.62,5.84,579100.0
336,2020-04-17,6.02,6.09,5.91,6.05,237881.0
337,2020-04-20,5.9,6.06,5.82,6.02,201662.0
338,2020-04-21,5.91,6.0,5.69,5.81,379649.0
339,2020-04-22,5.89,6.13,5.81,5.83,226957.0
340,2020-04-23,5.81,5.99,5.62,5.67,299870.0
341,2020-04-24,6.06,7.36,5.76,7.22,1674055.0
342,2020-04-27,7.26,7.29,6.45,6.49,641652.0
343,2020-04-28,6.56,6.56,6.16,6.33,946223.0
344,2020-04-29,6.49,7.38,6.4,7.34,1340063.0
345,2020-04-30,7.31,7.39,7.09,7.31,812479.0
346,2020-05-01,7.26,7.46,6.71,7.31,1263819.0
347,2020-05-04,7.41,7.41,6.66,6.73,676083.0
348,2020-05-05,6.79,6.96,6.7,6.71,526114.0
349,2020-05-06,6.74,6.86,6.38,6.81,787359.0
350,2020-05-07,6.92,7.02,6.5,6.61,349632.0
351,2020-05-08,6.64,6.94,6.64,6.81,247771.0
352,2020-05-11,6.87,7.76,6.87,7.62,1224094.0
353,2020-05-12,7.7,7.81,7.55,7.63,841297.0
354,2020-05-13,7.61,7.94,7.49,7.66,764157.0
355,2020-05-14,7.47,7.61,7.24,7.31,940011.0
356,2020-05-15,7.3,7.69,7.24,7.63,442678.0
357,2020-05-18,7.81,8.0,7.67,7.75,274710.0
358,2020-05-19,7.72,8.05,7.59,7.66,386121.0
359,2020-05-20,7.74,8.14,7.31,7.34,295476.0
360,2020-05-21,7.35,7.69,7.27,7.35,340480.0
361,2020-05-22,7.36,7.4,7.0,7.31,1788653.0
362,2020-05-26,7.32,7.87,7.3,7.74,655545.0
363,2020-05-27,7.9,8.32,7.86,8.17,1138534.0
364,2020-05-28,8.31,8.31,7.81,7.91,521779.0
365,2020-05-29,7.81,8.4,7.81,8.36,1776102.0
366,2020-06-01,8.24,8.31,7.58,7.8,321577.0
367,2020-06-02,7.72,8.01,7.6,7.67,468049.0
368,2020-06-03,7.8,7.99,7.48,7.77,532550.0
369,2020-06-04,7.81,8.08,7.64,7.74,448676.0
370,2020-06-05,7.86,8.31,7.86,8.29,821953.0
371,2020-06-08,8.31,8.46,8.16,8.23,565167.0
372,2020-06-09,8.19,8.26,8.01,8.11,270760.0
373,2020-06-10,8.15,8.6,7.99,8.41,1984651.0
374,2020-06-11,8.34,8.4,7.95,7.98,455690.0
375,2020-06-12,8.2,8.29,7.81,7.99,416790.0
376,2020-06-15,7.82,8.31,7.72,8.31,604600.0
377,2020-06-16,8.41,8.61,8.24,8.31,1022145.0
378,2020-06-17,8.41,8.81,8.28,8.75,2110290.0
379,2020-06-18,8.8,8.9,8.47,8.78,1219901.0
380,2020-06-19,8.9,9.64,8.79,9.16,2854595.0
381,2020-06-22,9.43,9.43,8.92,9.15,978329.0
382,2020-06-23,9.2,9.31,8.96,9.09,1300470.0
383,2020-06-24,9.02,9.15,8.83,9.07,446165.0
384,2020-06-25,9.09,9.86,8.98,9.82,1554489.0
385,2020-06-26,9.73,9.91,9.51,9.57,703922.0
386,2020-06-29,9.46,9.51,9.04,9.12,527388.0
387,2020-06-30,9.07,9.3,8.99,9.02,321123.0
388,2020-07-01,9.03,9.39,9.02,9.1,416141.0
389,2020-07-02,9.11,9.81,9.11,9.76,971543.0
390,2020-07-06,9.93,11.92,9.92,11.48,1830716.0
391,2020-07-07,11.31,11.7,11.0,11.63,1165639.0
392,2020-07-08,11.85,13.32,11.79,13.08,2619156.0
393,2020-07-09,13.61,14.71,12.93,13.9,3366020.0
394,2020-07-10,13.61,14.19,13.53,13.73,1582835.0
395,2020-07-13,14.09,14.25,12.67,12.77,1481001.0
396,2020-07-14,12.64,13.11,12.09,12.41,949762.0
397,2020-07-15,12.61,13.35,12.47,13.04,1202795.0
398,2020-07-16,12.41,13.6,12.41,13.36,1443774.0
399,2020-07-17,13.47,13.67,13.22,13.42,1314895.0
400,2020-07-20,14.22,16.37,14.22,16.03,3705141.0
401,2020-07-21,16.12,16.3,15.37,15.95,1868644.0
402,2020-07-22,15.58,15.8,14.94,15.24,2175629.0
403,2020-07-23,14.71,14.71,11.82,11.92,7349277.0
404,2020-07-24,10.43,12.17,10.18,11.46,3400867.0
405,2020-07-27,11.3,12.69,11.3,12.5,1552224.0
406,2020-07-28,12.12,12.41,11.74,11.82,762797.0
407,2020-07-29,12.14,12.51,11.87,11.95,553692.0
408,2020-07-30,11.7,12.13,11.63,11.88,532865.0
409,2020-07-31,12.09,12.3,11.54,12.17,942013.0
410,2020-08-03,12.31,12.36,9.39,9.51,5621035.0
411,2020-08-04,10.1,10.88,10.1,10.47,5039928.0
412,2020-08-05,10.99,11.24,10.48,10.68,1766630.0
413,2020-08-06,10.81,11.31,10.56,11.19,1487256.0
414,2020-08-07,10.94,11.24,10.64,11.17,1563848.0
415,2020-08-10,11.03,11.81,10.99,11.5,1320153.0
416,2020-08-11,11.5,12.47,11.21,12.1,1505841.0
417,2020-08-12,12.27,12.53,11.67,11.8,626097.0
418,2020-08-13,11.9,12.41,11.82,11.99,479053.0
419,2020-08-14,11.85,12.15,11.56,11.87,449967.0
420,2020-08-17,11.99,12.51,11.98,12.28,443848.0
421,2020-08-18,12.31,12.31,11.22,11.28,1426308.0
422,2020-08-19,10.96,10.96,10.2,10.46,2063091.0
423,2020-08-20,10.03,12.34,9.87,12.07,5129887.0
424,2020-08-21,11.82,12.99,11.81,12.95,4435410.0
425,2020-08-24,13.02,13.26,11.42,12.4,3171231.0
426,2020-08-25,12.32,12.34,10.44,10.51,2337567.0
427,2020-08-26,10.92,11.43,10.61,11.25,2588271.0
428,2020-08-27,11.36,11.36,10.67,11.02,1742783.0
429,2020-08-28,11.1,11.28,10.54,10.59,971475.0
430,2020-08-31,10.71,10.99,10.31,10.81,1240265.0
431,2020-09-01,10.68,10.91,10.52,10.8,1118931.0
432,2020-09-02,10.81,11.1,10.21,10.32,1261104.0
433,2020-09-03,10.31,10.33,9.65,9.82,1620487.0
434,2020-09-04,9.86,10.07,9.04,9.75,1455599.0
435,2020-09-08,9.62,9.9,9.28,9.8,1252795.0
436,2020-09-09,10.03,10.18,9.69,9.74,602747.0
437,2020-09-10,9.86,10.13,8.98,9.22,1365928.0
438,2020-09-11,8.95,9.36,8.78,8.97,1695841.0
439,2020-09-14,9.26,10.09,9.12,9.95,1238900.0
440,2020-09-15,10.1,10.27,9.77,9.88,1833642.0
441,2020-09-16,9.95,10.32,9.32,9.65,1744799.0
442,2020-09-17,9.41,10.06,9.41,9.55,922389.0
443,2020-09-18,9.68,10.41,9.56,10.21,4433425.0
444,2020-09-21,9.91,10.17,9.79,9.99,832682.0
445,2020-09-22,10.17,10.21,9.82,9.97,986357.0
446,2020-09-23,10.0,10.08,9.72,9.86,563382.0
447,2020-09-24,9.73,10.1,9.63,10.03,632210.0
448,2020-09-25,10.06,10.19,9.81,10.17,319147.0
449,2020-09-28,10.21,10.55,10.19,10.29,326661.0
450,2020-09-29,10.21,10.29,10.11,10.21,588239.0
451,2020-09-30,10.41,10.55,10.21,10.25,534144.0
452,2020-10-01,10.46,10.86,10.41,10.8,482773.0
453,2020-10-02,10.56,10.89,10.32,10.56,286799.0
454,2020-10-05,10.69,10.91,10.66,10.88,807474.0
455,2020-10-06,11.01,11.04,10.61,10.63,628168.0
456,2020-10-07,10.95,10.95,10.58,10.81,284418.0
457,2020-10-08,10.83,10.93,10.71,10.81,321289.0
458,2020-10-09,10.97,10.97,10.79,10.86,382167.0
459,2020-10-12,11.16,11.16,10.73,10.82,411228.0
460,2020-10-13,10.84,10.84,9.97,10.08,687619.0
461,2020-10-14,10.31,10.51,9.95,10.2,317504.0
462,2020-10-15,10.03,10.13,9.73,9.87,267993.0
463,2020-10-16,10.01,10.35,9.95,10.33,394548.0
464,2020-10-19,10.39,10.58,10.32,10.44,219714.0
465,2020-10-20,10.51,10.78,10.42,10.75,346483.0
466,2020-10-21,10.81,10.93,10.59,10.67,265254.0
467,2020-10-22,10.65,10.76,10.02,10.45,418707.0
468,2020-10-23,10.48,10.84,10.09,10.8,357498.0
469,2020-10-26,10.61,10.64,9.96,10.12,231614.0
470,2020-10-27,10.1,10.32,9.95,10.3,466711.0
471,2020-10-28,10.0,10.01,9.44,9.47,519962.0
472,2020-10-29,9.47,10.12,9.12,9.87,483141.0
473,2020-10-30,9.61,9.92,9.39,9.83,284439.0
474,2020-11-02,9.89,9.91,8.91,9.06,877956.0
475,2020-11-03,8.66,8.85,7.98,8.8,1531966.0
476,2020-11-04,8.73,9.3,8.68,9.18,640341.0
477,2020-11-05,9.35,9.49,9.0,9.41,455410.0
478,2020-11-06,9.32,10.55,9.31,10.38,740067.0
479,2020-11-09,10.57,10.93,10.11,10.51,1101990.0
480,2020-11-10,10.42,10.42,9.72,9.83,1631216.0
481,2020-11-11,9.9,10.56,9.82,10.3,737346.0
482,2020-11-12,10.35,10.95,10.3,10.69,960608.0
483,2020-11-13,10.91,11.88,10.76,11.26,1541589.0
484,2020-11-16,11.47,11.52,10.52,10.6,891798.0
485,2020-11-17,10.63,10.85,10.35,10.81,808158.0
486,2020-11-18,10.78,11.01,10.52,10.54,521670.0
487,2020-11-19,10.68,10.97,10.44,10.69,1570935.0
488,2020-11-20,11.83,12.06,10.19,10.76,3262009.0
489,2020-11-23,10.64,11.75,10.64,11.74,2094409.0
490,2020-11-24,11.48,12.69,11.36,11.97,1636425.0
491,2020-11-25,12.1,12.3,11.67,11.97,1639687.0
492,2020-11-27,12.29,12.3,11.19,11.5,697595.0
493,2020-11-30,11.37,11.41,10.67,10.71,885932.0
494,2020-12-01,10.99,11.32,10.73,11.19,563348.0
495,2020-12-02,10.9,11.11,10.75,11.08,689963.0
496,2020-12-03,11.06,11.27,10.62,10.84,745287.0
497,2020-12-04,10.81,10.84,10.07,10.14,889089.0
498,2020-12-07,10.05,10.17,9.63,10.16,986451.0
499,2020-12-08,9.91,10.35,9.75,10.24,912156.0
500,2020-12-09,10.31,10.75,10.15,10.24,906393.0
501,2020-12-10,10.24,10.24,9.82,9.87,553323.0
502,2020-12-11,9.82,10.46,9.82,10.05,579895.0
503,2020-12-14,10.2,10.3,9.59,9.61,680740.0
504,2020-12-15,9.61,9.97,9.33,9.78,1039250.0
505,2020-12-16,9.96,10.17,9.64,9.82,928804.0
506,2020-12-17,10.03,10.03,9.62,9.64,436580.0
507,2020-12-18,9.63,9.97,9.57,9.67,730743.0
508,2020-12-21,9.37,9.81,9.37,9.46,463735.0
509,2020-12-22,9.31,9.48,8.96,9.02,947605.0
510,2020-12-23,9.03,9.38,9.03,9.28,410964.0
511,2020-12-24,9.28,9.42,9.07,9.15,264322.0
512,2020-12-28,9.31,9.34,8.65,8.7,700274.0
513,2020-12-29,8.99,9.35,8.86,9.0,903611.0
514,2020-12-30,9.11,9.98,9.06,9.88,798181.0
515,2020-12-31,9.91,10.18,9.58,10.1,931352.0
516,2021-01-04,10.31,10.43,10.01,10.32,815624.0
517,2021-01-05,10.54,11.49,10.36,11.07,1852533.0
518,2021-01-06,10.79,11.19,10.51,10.6,748284.0
519,2021-01-07,10.79,10.8,10.24,10.34,572455.0
520,2021-01-08,10.52,11.29,10.36,11.28,642552.0
521,2021-01-11,11.21,11.21,10.71,10.84,454943.0
522,2021-01-12,10.89,11.07,10.76,10.96,900554.0
523,2021-01-13,11.15,11.61,10.97,11.16,498873.0
524,2021-01-14,11.41,12.06,11.37,11.99,652355.0
525,2021-01-15,12.07,12.69,11.78,12.57,3160703.0
526,2021-01-19,12.81,13.31,12.78,13.07,2368775.0
527,2021-01-20,13.11,13.56,13.1,13.25,1699545.0
528,2021-01-21,13.16,14.39,13.12,14.24,2996839.0
529,2021-01-22,14.44,14.81,13.85,14.3,1413067.0
530,2021-01-25,14.82,16.69,14.33,14.72,3285791.0
531,2021-01-26,15.78,15.78,14.21,14.39,1335896.0
532,2021-01-27,13.7,15.16,13.7,14.62,1132751.0
533,2021-01-28,14.55,15.83,13.73,15.72,2695290.0
534,2021-01-29,15.71,15.86,14.88,15.71,2829714.0
535,2021-02-01,17.0,17.78,16.42,16.82,5566547.0
536,2021-02-02,17.66,17.66,16.81,17.31,3140547.0
537,2021-02-03,17.47,17.91,16.04,17.28,3448184.0
538,2021-02-04,17.57,18.71,17.51,18.27,3754252.0
539,2021-02-05,18.31,18.49,17.31,18.22,2511229.0
540,2021-02-08,18.26,19.29,18.11,18.77,3385610.0
541,2021-02-09,19.41,22.61,19.35,22.09,8639919.0
542,2021-02-10,24.73,25.71,21.91,24.25,7386030.0
543,2021-02-11,24.31,25.3,23.51,24.46,2721061.0
544,2021-02-12,24.3,26.31,24.04,25.87,3508198.0
545,2021-02-16,27.34,29.62,26.85,29.29,6480905.0
546,2021-02-17,29.6,29.81,23.99,25.01,5266598.0
547,2021-02-18,24.28,28.31,24.11,27.96,5320680.0
548,2021-02-19,29.16,30.56,27.83,28.95,4087913.0
549,2021-02-22,26.12,27.28,24.46,27.22,4991461.0
550,2021-02-23,22.65,25.34,20.65,25.32,6957756.0
551,2021-02-24,24.28,25.19,23.34,24.0,2572213.0
552,2021-02-25,24.16,24.41,22.04,22.15,2734093.0
553,2021-02-26,21.88,23.14,21.23,21.74,2958412.0
554,2021-03-01,23.68,25.3,23.47,24.06,2327646.0
555,2021-03-02,23.71,24.25,23.07,23.19,1519408.0
556,2021-03-03,23.8,24.13,22.88,23.63,1676983.0
557,2021-03-04,23.01,23.26,20.33,21.35,3537776.0
558,2021-03-05,21.98,21.98,17.31,20.54,6542923.0
559,2021-03-08,19.58,21.2,19.03,19.3,1888404.0
560,2021-03-09,20.38,23.88,20.33,23.53,2167269.0
561,2021-03-10,25.0,25.4,23.07,24.92,2822472.0
562,2021-03-11,26.38,29.67,25.96,29.47,4208661.0
563,2021-03-12,27.81,30.41,27.59,29.8,4318310.0
564,2021-03-15,31.32,31.69,26.56,27.46,5844080.0
565,2021-03-16,29.19,31.51,28.4,30.04,8236538.0
566,2021-03-17,29.31,30.89,28.43,30.85,2607648.0
567,2021-03-18,30.21,33.46,30.01,31.89,8505996.0
568,2021-03-19,32.3,32.9,27.71,29.17,3928803.0
569,2021-03-22,29.86,30.14,26.61,27.31,3010910.0
570,2021-03-23,26.65,27.8,25.37,25.78,3401420.0
571,2021-03-24,25.51,26.04,21.52,21.81,5811584.0
572,2021-03-25,20.51,23.16,20.31,22.49,4487242.0
573,2021-03-26,22.88,23.09,20.94,22.53,3117913.0
574,2021-03-29,22.53,22.58,20.61,21.9,3980407.0
575,2021-03-30,22.3,24.75,21.9,24.32,3784480.0
576,2021-03-31,24.54,24.71,22.97,24.32,1900139.0
577,2021-04-01,25.05,25.9,23.74,23.93,1678289.0
578,2021-04-05,24.49,24.6,22.23,23.16,1397954.0
579,2021-04-06,22.82,24.02,22.53,23.42,2144761.0
580,2021-04-07,23.39,24.35,22.71,23.13,2151124.0
581,2021-04-08,23.51,25.46,23.16,25.09,1554822.0
582,2021-04-09,24.66,25.09,23.84,24.81,1162956.0
583,2021-04-12,24.81,25.28,22.88,23.1,2000940.0
584,2021-04-13,23.52,23.65,21.81,22.31,2193370.0
585,2021-04-14,22.31,23.01,22.12,22.55,1634141.0
586,2021-04-15,22.75,22.8,20.57,21.03,1946606.0
587,2021-04-16,21.05,22.16,20.84,22.07,2175346.0
588,2021-04-19,22.39,24.19,21.96,23.63,2628454.0
589,2021-04-20,23.12,23.36,21.32,22.32,2049754.0
590,2021-04-21,21.63,23.85,21.6,23.72,1632447.0
591,2021-04-22,23.77,24.86,23.21,24.02,1259411.0
592,2021-04-23,24.31,25.56,24.07,25.21,1414773.0
593,2021-04-26,25.59,26.6,24.83,26.38,2144787.0
594,2021-04-27,26.8,26.82,25.04,25.38,1882162.0
595,2021-04-28,25.32,26.75,25.3,26.39,1600919.0
596,2021-04-29,26.51,26.76,24.53,24.79,1393614.0
597,2021-04-30,24.38,24.38,22.83,23.92,2325063.0
598,2021-05-03,24.22,24.53,23.21,23.25,1699182.0
599,2021-05-04,23.07,23.14,21.76,22.58,1474713.0
600,2021-05-05,23.05,23.41,22.56,22.63,1195137.0
601,2021-05-06,22.38,22.45,21.25,21.86,1463709.0
602,2021-05-07,22.11,23.0,21.7,21.98,1029216.0
603,2021-05-10,21.62,21.71,20.49,20.83,1313552.0
604,2021-05-11,20.08,21.51,19.5,21.14,1180933.0
605,2021-05-12,21.72,22.61,20.65,20.73,1624924.0
606,2021-05-13,20.87,21.96,19.54,20.14,1368171.0
607,2021-05-14,20.52,22.46,20.52,21.99,1670566.0
608,2021-05-17,22.7,23.38,22.02,22.82,1792833.0
609,2021-05-18,23.11,24.11,22.97,23.24,2101623.0
610,2021-05-19,22.82,24.1,22.31,23.97,1545524.0
611,2021-05-20,24.22,25.9,24.22,25.15,2801672.0
612,2021-05-21,25.78,26.02,24.61,25.3,2837461.0
613,2021-05-24,25.42,26.96,25.21,25.74,2049535.0
614,2021-05-25,26.63,28.96,26.31,27.29,3398983.0
615,2021-05-26,27.6,28.47,26.44,27.04,2849627.0
616,2021-05-27,27.4,28.11,26.71,27.9,11045289.0
617,2021-05-28,27.51,27.66,25.26,26.38,3489115.0
618,2021-06-01,27.16,32.35,26.98,32.07,7538420.0
619,2021-06-02,31.24,33.31,30.46,32.13,3798028.0
620,2021-06-03,31.72,31.72,28.85,29.52,3318973.0
621,2021-06-04,30.44,35.1,30.07,34.88,7924361.0
622,2021-06-07,35.02,35.91,32.68,33.67,5940344.0
623,2021-06-08,34.16,34.96,32.73,34.87,2916679.0
624,2021-06-09,36.52,38.18,35.75,37.52,5071958.0
625,2021-06-10,38.43,39.95,36.0,37.21,3980556.0
626,2021-06-11,37.32,40.15,36.19,38.66,4363988.0
627,2021-06-14,38.81,41.39,37.55,40.56,6088464.0
628,2021-06-15,41.41,42.4,39.09,41.18,4594972.0
629,2021-06-16,39.81,41.16,37.84,39.89,4145567.0
630,2021-06-17,40.7,43.31,40.35,42.36,4528600.0
631,2021-06-18,42.6,42.94,40.92,41.51,3133845.0
632,2021-06-21,41.54,41.54,38.22,38.74,2953203.0
633,2021-06-22,38.51,41.78,38.51,41.4,2710099.0
634,2021-06-23,41.83,42.52,39.68,41.64,2091872.0
635,2021-06-24,41.88,42.46,40.52,41.23,1768847.0
636,2021-06-25,41.66,41.72,38.86,40.39,1597235.0
637,2021-06-28,40.55,42.05,39.63,40.03,2055102.0
638,2021-06-29,40.31,41.01,37.47,40.86,4292572.0
639,2021-06-30,40.81,42.42,38.71,40.15,2360520.0
640,2021-07-01,39.63,40.29,36.53,37.1,3395961.0
641,2021-07-02,36.46,36.46,33.59,34.05,3641709.0
642,2021-07-06,32.19,33.45,30.99,32.59,5184636.0
643,2021-07-07,33.32,33.91,30.73,31.45,3583503.0
644,2021-07-08,25.27,25.27,21.89,24.33,23449133.0
645,2021-07-09,26.46,27.05,23.35,24.62,11161449.0
646,2021-07-12,24.71,26.18,24.33,25.01,4892047.0
647,2021-07-13,25.31,27.65,24.88,26.27,5016580.0
648,2021-07-14,26.83,28.22,26.54,27.28,5434779.0
649,2021-07-15,27.39,28.98,26.82,28.53,2805738.0
650,2021-07-16,29.2,29.58,26.93,27.9,3142207.0
651,2021-07-19,26.4,28.17,26.11,27.72,2803615.0
652,2021-07-20,27.84,27.84,25.01,26.23,4264908.0
653,2021-07-21,26.09,28.74,25.69,27.87,2634975.0
654,2021-07-22,27.62,27.86,26.12,26.67,1466431.0
655,2021-07-23,24.57,24.94,23.01,24.28,4717449.0
656,2021-07-26,22.24,24.07,21.41,23.31,3665050.0
657,2021-07-27,22.31,23.14,19.94,21.45,5941843.0
658,2021-07-28,22.84,26.81,22.52,24.93,4970984.0
659,2021-07-29,23.62,23.67,19.97,20.29,8742229.0
660,2021-07-30,18.54,20.29,18.51,19.56,6414756.0
661,2021-08-02,19.7,20.32,18.72,19.62,4046231.0
662,2021-08-03,19.62,19.76,18.78,19.28,2527787.0
663,2021-08-04,19.5,20.01,19.21,19.79,1954531.0
664,2021-08-05,19.9,20.31,19.08,19.14,2764251.0
665,2021-08-06,19.29,19.32,18.15,18.3,2085147.0
666,2021-08-09,19.28,20.29,18.28,20.02,4432198.0
667,2021-08-10,20.61,20.72,18.76,19.06,2524518.0
668,2021-08-11,19.12,19.16,17.81,18.08,2189361.0
669,2021-08-12,17.87,18.1,16.98,17.68,2048355.0
670,2021-08-13,17.65,17.86,16.88,17.01,1637544.0
671,2021-08-16,16.72,16.72,15.21,15.34,4722218.0
672,2021-08-17,14.48,15.92,14.32,15.78,2914621.0
673,2021-08-18,15.99,16.27,15.31,15.94,2931373.0
674,2021-08-19,15.61,15.81,15.0,15.21,3363716.0
675,2021-08-20,17.01,18.17,16.78,17.76,10268256.0
676,2021-08-23,18.67,18.68,16.54,16.95,4437082.0
677,2021-08-24,17.48,20.56,17.48,19.75,5531100.0
678,2021-08-25,19.55,20.71,18.8,20.29,4183166.0
679,2021-08-26,19.81,20.83,19.64,20.33,2442376.0
680,2021-08-27,20.23,21.31,19.19,20.53,3149170.0
681,2021-08-30,20.38,20.47,18.68,20.18,2619610.0
682,2021-08-31,20.46,21.17,20.07,21.11,2278874.0
683,2021-09-01,21.18,22.69,21.09,22.01,2686684.0
684,2021-09-02,21.98,23.23,21.49,23.17,2167558.0
685,2021-09-03,23.02,24.07,22.66,23.32,1737961.0
686,2021-09-07,24.01,25.44,23.87,24.59,3715300.0
687,2021-09-08,24.31,24.76,22.81,23.37,4077936.0
688,2021-09-09,22.61,23.87,22.42,23.56,1579008.0
689,2021-09-10,24.07,24.6,22.63,22.75,1634326.0
690,2021-09-13,22.42,22.51,20.11,20.27,3634998.0
691,2021-09-14,19.97,21.09,19.76,19.97,1242330.0
692,2021-09-15,19.83,20.29,19.19,20.19,1267983.0
693,2021-09-16,19.64,19.92,19.16,19.32,1354955.0
694,2021-09-17,19.92,19.92,18.42,19.08,3255253.0
695,2021-09-20,17.81,18.35,17.15,17.85,3217830.0
696,2021-09-21,17.86,19.56,17.86,19.24,2255448.0
697,2021-09-22,19.78,20.71,19.47,20.05,1776789.0
698,2021-09-23,20.17,20.31,19.31,20.24,1385872.0
699,2021-09-24,20.01,20.01,18.92,19.42,1050727.0
700,2021-09-27,19.64,19.64,18.45,19.44,1882733.0
701,2021-09-28,19.22,19.49,17.96,18.09,1291493.0
702,2021-09-29,18.21,18.49,17.72,18.14,976865.0
703,2021-09-30,18.37,19.28,18.31,18.63,1452618.0
704,2021-10-01,18.75,18.96,17.57,18.16,941676.0
705,2021-10-04,17.77,17.82,16.45,16.58,1875852.0
706,2021-10-05,16.91,17.38,16.74,17.07,1366652.0
707,2021-10-06,16.5,17.01,15.94,16.69,903755.0
708,2021-10-07,17.7,18.62,17.64,18.26,2226000.0
709,2021-10-08,18.46,19.64,18.33,19.56,1471406.0
710,2021-10-11,20.28,20.75,19.58,19.7,1515105.0
711,2021-10-12,19.7,20.12,19.09,19.31,837077.0
712,2021-10-13,19.42,20.42,19.09,20.4,1064466.0
713,2021-10-14,19.65,19.91,18.08,19.23,2760291.0
714,2021-10-15,19.31,19.4,18.51,18.79,1236403.0
715,2021-10-18,18.69,19.47,18.46,19.19,624809.0
716,2021-10-19,19.51,20.75,19.51,20.26,1063412.0
717,2021-10-20,20.73,21.59,20.61,21.43,1633386.0
718,2021-10-21,21.17,21.91,20.83,21.82,1017143.0
719,2021-10-22,22.31,22.74,21.23,21.47,929411.0
720,2021-10-25,21.9,22.25,21.01,22.2,844085.0
721,2021-10-26,22.15,22.21,20.06,20.65,1739927.0
722,2021-10-27,20.63,21.05,19.91,20.41,588190.0
723,2021-10-28,19.42,19.89,18.61,19.73,1035215.0
724,2021-10-29,19.66,19.74,18.69,18.72,918435.0
725,2021-11-01,18.69,20.24,18.69,20.11,947343.0
726,2021-11-02,19.57,20.06,18.71,19.17,615730.0
727,2021-11-03,19.63,19.97,19.14,19.4,417799.0
728,2021-11-04,19.87,20.21,19.04,19.52,739075.0
729,2021-11-05,19.71,19.98,18.61,18.87,898448.0
730,2021-11-08,18.87,19.69,18.87,19.6,462636.0
731,2021-11-09,19.81,21.02,19.28,20.94,1058114.0
732,2021-11-10,21.22,22.72,20.36,21.99,2112380.0
733,2021-11-11,22.59,23.96,22.26,23.39,1897346.0
734,2021-11-12,23.31,24.61,23.01,24.35,1396082.0
735,2021-11-15,24.83,24.9,23.91,24.6,2030288.0
736,2021-11-16,25.67,26.8,23.98,26.31,3783512.0
737,2021-11-17,26.54,26.54,24.38,25.14,2196775.0
738,2021-11-18,25.11,25.3,23.25,24.19,2102571.0
739,2021-11-19,24.06,24.65,23.56,24.32,1489365.0
740,2021-11-22,24.6,25.41,23.59,24.27,1237614.0
741,2021-11-23,24.07,24.64,22.9,23.18,1284605.0
742,2021-11-24,22.0,23.81,21.91,23.39,1104256.0
743,2021-11-26,22.03,22.19,21.02,21.63,844945.0
744,2021-11-29,21.91,22.39,21.46,22.14,833177.0
745,2021-11-30,21.85,22.29,21.02,21.59,1710957.0
746,2021-12-01,21.82,22.02,20.21,20.49,1684341.0
747,2021-12-02,20.61,21.29,19.84,20.3,1345832.0
748,2021-12-03,19.16,19.31,17.21,18.37,4131151.0
749,2021-12-06,18.42,19.61,17.7,19.14,1469134.0
750,2021-12-07,19.99,21.3,19.94,20.98,944987.0
751,2021-12-08,20.95,22.3,20.66,21.61,1034827.0
752,2021-12-09,21.32,22.02,20.71,20.83,1182711.0
753,2021-12-10,21.02,22.01,20.61,22.01,1464850.0
754,2021-12-13,21.49,21.5,19.02,19.05,1828333.0
755,2021-12-14,19.09,19.75,18.58,19.43,1908035.0
756,2021-12-15,19.08,19.24,18.26,18.99,964837.0
757,2021-12-16,19.58,20.78,18.87,19.09,1096466.0
758,2021-12-17,18.67,20.08,18.08,19.52,1472827.0
759,2021-12-20,18.6,19.01,18.1,18.25,1529998.0
760,2021-12-21,18.73,20.07,18.68,20.03,891417.0
761,2021-12-22,19.7,20.36,19.15,20.1,576288.0
762,2021-12-23,20.08,20.7,19.69,20.57,784716.0
763,2021-12-27,20.68,21.76,20.61,20.66,823694.0
764,2021-12-28,20.68,20.97,20.37,20.54,620920.0
765,2021-12-29,20.38,20.59,18.65,18.7,1578110.0
766,2021-12-30,18.89,21.9,18.74,21.33,1576879.0
767,2021-12-31,21.19,22.26,21.05,21.51,1743287.0
768,2022-01-03,21.81,21.81,20.55,21.12,693036.0
769,2022-01-04,20.94,21.04,18.81,19.13,1837660.0
770,2022-01-05,18.95,19.39,18.17,18.4,1521725.0
771,2022-01-06,18.39,20.14,18.38,19.57,1324424.0
772,2022-01-07,19.88,20.56,18.65,18.74,1610427.0
773,2022-01-10,19.02,19.13,17.85,18.64,1129029.0
774,2022-01-11,18.68,19.25,16.86,17.03,4264527.0
775,2022-01-12,18.11,19.33,17.87,19.26,3062999.0
776,2022-01-13,18.9,19.09,18.0,18.13,2518173.0
777,2022-01-14,18.36,18.66,17.86,18.52,1090416.0
778,2022-01-18,18.26,19.25,17.98,18.69,1164132.0
779,2022-01-19,18.93,19.35,18.75,18.99,1136984.0
780,2022-01-20,20.15,21.56,19.88,20.44,2372339.0
781,2022-01-21,19.92,20.59,18.8,18.84,1615380.0
782,2022-01-24,18.38,18.49,16.58,18.42,2944033.0
783,2022-01-25,17.89,18.56,17.6,18.16,951641.0
784,2022-01-26,18.69,18.74,17.83,17.97,1265044.0
785,2022-01-27,18.09,18.09,16.68,16.76,1594464.0
786,2022-01-28,16.85,16.89,15.91,16.56,1339361.0
787,2022-01-31,17.13,18.43,17.04,18.37,1244337.0
788,2022-02-01,18.37,19.03,17.96,18.92,808362.0
789,2022-02-02,19.06,19.06,17.71,17.93,661294.0
790,2022-02-03,17.74,18.12,17.15,17.28,493628.0
791,2022-02-04,17.49,18.2,17.22,17.84,523758.0
792,2022-02-07,17.92,18.49,17.6,17.68,757620.0
793,2022-02-08,17.52,18.97,17.42,18.9,758787.0
794,2022-02-09,19.08,19.8,18.96,19.58,644606.0
795,2022-02-10,19.07,20.66,18.98,19.74,947170.0
796,2022-02-11,19.89,20.79,19.38,19.66,879471.0
797,2022-02-14,19.32,19.73,19.0,19.22,915936.0
798,2022-02-15,19.62,20.44,19.62,20.38,454527.0
799,2022-02-16,20.11,20.11,19.32,19.74,596481.0
800,2022-02-17,19.58,20.18,19.23,19.3,669522.0
801,2022-02-18,18.92,19.32,18.48,18.63,829875.0
802,2022-02-22,18.03,18.56,17.7,17.77,1160273.0
803,2022-02-23,18.16,18.81,17.6,17.72,686921.0
804,2022-02-24,16.74,18.41,16.58,18.38,1887490.0
805,2022-02-25,18.6,18.67,17.87,18.54,890106.0
806,2022-02-28,17.98,18.41,17.26,17.33,2033201.0
807,2022-03-01,17.33,18.15,17.33,17.77,1821343.0
808,2022-03-02,17.7,17.94,16.81,17.78,1544971.0
809,2022-03-03,18.08,18.08,16.99,17.18,1645540.0
810,2022-03-04,16.94,17.07,15.3,15.4,1986824.0
811,2022-03-07,15.26,15.83,15.14,15.44,1529408.0
812,2022-03-08,15.44,15.86,14.98,15.42,1109239.0
813,2022-03-09,15.95,16.82,15.95,16.72,870456.0
814,2022-03-10,16.03,16.12,14.25,14.54,2645696.0
815,2022-03-11,15.39,15.43,11.76,11.81,6201873.0
816,2022-03-14,10.85,11.39,9.91,10.35,5701913.0
817,2022-03-15,9.93,11.36,9.73,10.57,3775521.0
818,2022-03-16,12.55,15.87,12.45,15.81,7581460.0
819,2022-03-17,15.07,15.32,13.81,14.08,2039604.0
820,2022-03-18,14.08,16.31,14.08,16.14,2886389.0
821,2022-03-21,15.54,15.94,14.85,15.09,1251338.0
822,2022-03-22,16.08,16.49,15.45,15.59,2197536.0
823,2022-03-23,15.62,16.69,15.34,15.88,2886167.0
824,2022-03-24,15.93,16.18,14.86,15.88,3972197.0
825,2022-03-25,15.19,15.36,14.16,14.46,1454475.0
826,2022-03-28,15.06,15.46,14.54,14.7,892124.0
827,2022-03-29,15.28,15.83,15.06,15.83,2686044.0
828,2022-03-30,15.82,15.85,14.53,14.64,1390561.0
829,2022-03-31,14.59,14.72,13.97,13.97,939270.0
830,2022-04-01,15.46,15.46,14.26,14.45,2010557.0
831,2022-04-04,15.29,15.42,14.34,15.18,2310053.0
832,2022-04-05,15.33,15.34,13.98,14.06,1418643.0
833,2022-04-06,13.77,13.78,13.09,13.55,1881878.0
834,2022-04-07,13.41,13.61,12.67,12.91,1622352.0
835,2022-04-08,13.01,13.41,12.77,13.14,865953.0
836,2022-04-11,13.09,13.37,12.45,12.81,1137892.0
837,2022-04-12,13.16,13.52,12.88,13.02,1286361.0
838,2022-04-13,13.06,13.56,12.89,13.45,1029849.0
839,2022-04-14,13.51,13.53,13.02,13.07,800948.0
840,2022-04-18,12.81,12.83,12.18,12.36,1336378.0
841,2022-04-19,12.27,13.48,12.2,13.45,1315016.0
842,2022-04-20,13.3,13.49,12.98,13.01,953598.0
843,2022-04-21,13.09,13.34,12.12,12.22,1173650.0
844,2022-04-22,12.51,13.28,12.35,12.81,1322853.0
845,2022-04-25,12.3,12.73,12.11,12.63,1358735.0
846,2022-04-26,12.68,12.79,11.97,12.0,1008226.0
847,2022-04-27,12.32,13.02,12.14,12.76,1049311.0
848,2022-04-28,13.03,13.23,12.47,13.16,929722.0
849,2022-04-29,14.47,14.48,13.19,13.26,1121321.0
850,2022-05-02,13.05,13.84,12.84,13.35,706073.0
851,2022-05-03,13.46,13.84,13.35,13.76,503771.0
852,2022-05-04,13.45,13.95,13.12,13.89,710826.0
853,2022-05-05,13.5,13.63,12.5,13.01,593984.0
854,2022-05-06,12.64,12.64,11.73,11.95,849798.0
855,2022-05-09,11.65,11.73,10.89,11.05,896992.0
856,2022-05-10,11.42,11.59,10.84,11.21,1351410.0
857,2022-05-11,11.43,11.81,10.93,10.99,1039443.0
858,2022-05-12,10.84,11.52,10.49,11.21,809940.0
859,2022-05-13,11.69,12.06,11.33,12.02,791653.0
860,2022-05-16,12.05,12.51,11.94,12.05,682054.0
861,2022-05-17,12.64,13.07,12.43,12.61,873435.0
862,2022-05-18,12.47,12.95,12.09,12.66,983869.0
863,2022-05-19,12.65,13.28,12.5,12.97,1042270.0
864,2022-05-20,13.17,13.33,12.42,12.69,933242.0
865,2022-05-23,12.61,12.85,12.25,12.7,900636.0
866,2022-05-24,12.5,12.5,11.68,11.8,1284068.0
867,2022-05-25,12.12,12.54,11.73,12.43,874970.0
868,2022-05-26,12.53,13.39,12.46,13.33,1134602.0
869,2022-05-27,13.4,13.48,12.9,13.43,717727.0
870,2022-05-31,13.62,14.65,13.11,14.56,2172006.0
871,2022-06-01,14.8,15.32,13.73,13.76,1405416.0
872,2022-06-02,13.77,14.32,13.76,14.19,687024.0
873,2022-06-03,14.11,14.12,13.5,13.74,493337.0
874,2022-06-06,14.59,15.81,14.59,15.23,1321154.0
875,2022-06-07,15.05,15.79,15.02,15.67,809610.0
876,2022-06-08,15.88,16.93,15.85,16.77,2360247.0
877,2022-06-09,15.96,16.57,15.61,15.77,891746.0
878,2022-06-10,15.95,16.17,15.05,15.14,2649269.0
879,2022-06-13,14.42,14.76,13.96,14.24,1004626.0
880,2022-06-14,14.84,15.47,14.72,15.27,839188.0
881,2022-06-15,15.27,15.69,14.66,15.01,752531.0
882,2022-06-16,14.44,14.7,13.78,14.15,887013.0
883,2022-06-17,14.87,15.48,14.14,14.53,1503824.0
884,2022-06-21,15.11,15.97,14.57,15.88,1547986.0
885,2022-06-22,15.38,15.89,15.17,15.57,736473.0
886,2022-06-23,15.82,16.37,15.44,15.93,784695.0
887,2022-06-24,16.31,16.68,15.55,16.28,785484.0
888,2022-06-27,16.53,16.92,16.46,16.71,802853.0
889,2022-06-28,16.79,17.26,16.14,16.23,707492.0
890,2022-06-29,15.95,16.38,15.73,16.23,1473394.0
891,2022-06-30,16.04,16.4,15.68,16.34,728371.0
892,2022-07-01,16.43,16.89,15.9,16.27,532065.0
893,2022-07-05,15.92,16.54,15.75,16.54,457333.0
894,2022-07-06,16.26,16.26,14.89,15.04,850769.0
895,2022-07-07,15.44,15.95,15.15,15.32,567162.0
896,2022-07-08,15.18,15.18,14.44,14.59,566804.0
897,2022-07-11,14.08,14.21,12.9,12.93,1650380.0
898,2022-07-12,13.16,13.27,12.59,13.01,1251289.0
899,2022-07-13,12.69,13.22,12.62,12.84,655821.0
900,2022-07-14,12.79,12.92,12.42,12.79,895740.0
901,2022-07-15,12.74,12.85,12.06,12.81,566969.0
902,2022-07-18,13.35,13.66,13.19,13.49,892251.0
903,2022-07-19,13.49,14.1,13.44,14.05,707600.0
904,2022-07-20,13.99,14.23,13.62,13.92,592733.0
905,2022-07-21,13.96,14.5,13.95,14.45,373020.0
906,2022-07-22,14.28,14.33,13.74,13.88,223435.0
907,2022-07-25,13.94,14.27,13.83,14.24,305451.0
908,2022-07-26,14.4,14.44,13.89,13.96,290769.0
909,2022-07-27,14.07,14.26,13.49,14.22,410835.0
910,2022-07-28,14.37,14.38,13.47,13.85,408208.0
911,2022-07-29,13.43,13.68,13.13,13.56,462629.0
912,2022-08-01,13.43,13.53,12.65,12.69,934386.0
913,2022-08-02,12.7,13.35,12.37,13.17,619872.0
914,2022-08-03,13.06,13.64,12.99,13.52,504473.0
915,2022-08-04,13.85,14.32,13.63,13.76,406175.0
916,2022-08-05,13.52,13.54,12.95,13.02,692741.0
917,2022-08-08,13.1,13.48,12.7,12.84,437811.0
918,2022-08-09,12.82,12.93,12.59,12.67,589635.0
919,2022-08-10,12.78,13.18,12.54,13.16,716870.0
920,2022-08-11,13.39,14.52,13.34,14.09,640148.0
921,2022-08-12,13.85,14.95,13.85,14.82,1159517.0
922,2022-08-15,14.57,14.83,14.18,14.44,648052.0
923,2022-08-16,14.24,14.31,13.81,13.85,597483.0
924,2022-08-17,13.83,14.29,13.46,13.63,784789.0
925,2022-08-18,13.43,13.87,13.2,13.76,737944.0
926,2022-08-19,12.84,13.84,12.18,13.5,977364.0
927,2022-08-22,13.18,13.32,12.85,13.15,524966.0
928,2022-08-23,13.08,13.3,12.21,12.95,693030.0
929,2022-08-24,12.8,13.72,12.63,13.35,681790.0
930,2022-08-25,13.78,14.92,13.72,14.91,1221521.0
931,2022-08-26,15.96,16.16,15.31,15.51,1998543.0
932,2022-08-29,15.46,16.01,15.09,15.12,731117.0
933,2022-08-30,15.15,15.72,14.65,14.76,1085222.0
934,2022-08-31,15.26,15.52,14.69,15.02,3029150.0
935,2022-09-01,14.66,14.7,13.55,13.85,1037083.0
936,2022-09-02,13.74,13.86,12.84,13.16,834999.0
937,2022-09-06,13.09,13.09,12.55,12.75,803658.0
938,2022-09-07,12.88,12.93,12.38,12.59,749018.0
939,2022-09-08,12.39,12.71,12.14,12.69,568648.0
940,2022-09-09,13.01,13.63,12.96,13.61,581093.0
941,2022-09-12,13.73,14.5,13.72,14.42,924641.0
942,2022-09-13,13.85,14.34,13.61,13.62,678887.0
943,2022-09-14,13.69,13.69,13.12,13.3,524497.0
944,2022-09-15,13.18,13.67,13.18,13.45,613429.0
945,2022-09-16,13.02,13.23,12.54,12.93,1037620.0
946,2022-09-19,12.81,13.55,12.74,13.5,691042.0
947,2022-09-20,13.53,14.02,13.44,13.63,576129.0
948,2022-09-21,13.54,13.54,12.89,13.06,552138.0
949,2022-09-22,13.23,13.89,13.12,13.23,465328.0
950,2022-09-23,12.93,12.97,12.39,12.41,500433.0
951,2022-09-26,12.43,12.58,12.23,12.39,486796.0
952,2022-09-27,12.61,12.72,11.81,11.87,598272.0
953,2022-09-28,11.71,12.5,11.12,12.41,866567.0
954,2022-09-29,12.12,12.14,11.36,11.81,790233.0
955,2022-09-30,11.83,12.18,11.76,12.03,436150.0
956,2022-10-03,12.02,12.53,11.93,12.48,422156.0
957,2022-10-04,13.11,14.23,12.99,13.99,908433.0
958,2022-10-05,13.89,14.88,13.54,14.77,999950.0
959,2022-10-06,14.65,15.11,14.42,14.71,559343.0
960,2022-10-07,14.44,14.44,13.93,14.0,521555.0
961,2022-10-10,13.98,13.98,12.91,13.09,558777.0
962,2022-10-11,12.94,13.39,12.43,12.84,925258.0
963,2022-10-12,12.84,13.07,12.39,12.81,482000.0
964,2022-10-13,12.45,13.74,12.2,13.51,782709.0
965,2022-10-14,13.73,13.81,12.66,12.77,578598.0
966,2022-10-17,13.4,13.45,12.96,13.08,477731.0
967,2022-10-18,13.47,13.58,12.66,12.89,434542.0
968,2022-10-19,12.57,12.68,11.51,11.67,638265.0
969,2022-10-20,11.68,12.56,11.52,11.91,752967.0
970,2022-10-21,11.83,11.87,11.52,11.75,705102.0
971,2022-10-24,10.63,10.7,8.68,8.92,2872818.0
972,2022-10-25,9.18,9.62,8.85,8.9,1523462.0
973,2022-10-26,8.88,9.72,8.77,9.59,1732465.0
974,2022-10-27,9.33,9.38,8.88,9.06,1098797.0
975,2022-10-28,8.85,9.4,8.78,9.37,885519.0
976,2022-10-31,9.23,9.93,9.19,9.37,670855.0
977,2022-11-01,10.01,10.37,9.74,10.3,1095568.0
978,2022-11-02,10.38,10.38,9.56,9.64,1172786.0
979,2022-11-03,9.35,10.03,9.22,9.73,930260.0
980,2022-11-04,10.6,11.85,10.31,11.74,2055739.0
981,2022-11-07,11.88,12.03,11.05,11.85,968927.0
982,2022-11-08,11.61,12.1,11.16,11.85,800249.0
983,2022-11-09,11.33,12.1,11.28,11.59,1742028.0
984,2022-11-10,12.46,12.95,11.97,12.81,1074425.0
985,2022-11-11,13.31,15.19,12.96,13.79,1923688.0
986,2022-11-14,14.11,14.73,13.74,14.45,2869560.0
987,2022-11-15,14.91,16.48,14.82,15.61,2581951.0
988,2022-11-16,15.1,15.18,13.75,14.08,1317497.0
989,2022-11-17,13.46,14.72,13.34,14.55,1426191.0
990,2022-11-18,14.49,14.51,13.13,13.21,1224292.0
991,2022-11-21,12.99,13.18,12.57,12.6,950932.0
992,2022-11-22,12.53,12.76,12.16,12.35,1098291.0
993,2022-11-23,12.58,13.4,12.47,12.89,1339604.0
994,2022-11-25,12.35,12.55,12.11,12.43,554530.0
995,2022-11-28,12.51,12.77,12.31,12.63,992496.0
996,2022-11-29,13.29,13.89,13.19,13.77,1613879.0
997,2022-11-30,14.31,14.93,14.0,14.9,2428740.0
998,2022-12-01,14.91,15.21,14.1,15.11,1495609.0
999,2022-12-02,14.89,16.37,14.73,16.25,4030517.0
1000,2022-12-05,17.09,17.31,16.04,16.2,4364920.0
1001,2022-12-06,16.5,17.36,16.03,16.92,3075663.0
1002,2022-12-07,16.17,16.21,15.12,16.05,2424844.0
1003,2022-12-08,16.56,17.51,16.15,16.87,3459496.0
1004,2022-12-09,16.86,17.44,15.79,17.31,6231571.0
1005,2022-12-12,16.66,17.05,16.22,16.88,1484867.0
1006,2022-12-13,17.54,17.81,17.23,17.54,1849556.0
1007,2022-12-14,17.04,17.54,16.9,17.41,1452408.0
1008,2022-12-15,17.36,18.1,17.08,17.14,1802432.0
1009,2022-12-16,17.36,17.74,16.99,17.08,1464029.0
1010,2022-12-19,17.26,17.41,16.91,17.32,1542926.0
1011,2022-12-20,16.67,17.51,16.52,17.48,988472.0
1012,2022-12-21,17.56,18.86,17.29,18.86,1793656.0
1013,2022-12-22,18.84,19.16,18.48,18.74,1943304.0
1014,2022-12-23,18.72,19.1,18.38,18.62,1574939.0
1015,2022-12-27,18.65,19.66,18.62,19.58,2092745.0
1016,2022-12-28,19.46,19.56,18.71,18.91,1491612.0
1017,2022-12-29,18.99,19.75,18.78,19.7,638470.0
1018,2022-12-30,18.9,19.74,18.81,19.72,1095230.0
1019,2023-01-03,19.88,20.7,19.8,20.26,1385706.0
1020,2023-01-04,21.31,22.73,21.11,22.67,1976941.0
1021,2023-01-05,22.09,22.68,21.78,22.41,1561424.0
1022,2023-01-06,22.41,22.48,21.92,22.36,1450226.0
1023,2023-01-09,23.36,23.84,22.59,22.85,2775602.0
1024,2023-01-10,23.09,23.12,22.06,22.34,2100222.0
1025,2023-01-11,22.07,22.53,22.0,22.35,1197470.0
1026,2023-01-12,22.05,22.08,21.09,21.4,1246896.0
1027,2023-01-13,21.79,22.73,21.66,22.3,1857955.0
1028,2023-01-17,21.95,22.16,21.37,21.86,916370.0
1029,2023-01-18,21.97,22.16,21.07,21.2,1272121.0
1030,2023-01-19,21.52,21.66,20.7,20.96,1380494.0
1031,2023-01-20,21.56,22.06,21.12,21.84,2121635.0
1032,2023-01-23,22.06,22.35,21.39,21.73,650731.0
1033,2023-01-24,21.36,21.78,21.29,21.74,576948.0
1034,2023-01-25,21.45,22.41,21.44,22.39,496682.0
1035,2023-01-26,22.86,23.05,22.27,22.91,1269213.0
1036,2023-01-27,22.9,24.03,22.5,23.99,1391548.0
1037,2023-01-30,22.72,23.68,22.1,23.5,1526359.0
1038,2023-01-31,23.25,23.96,23.25,23.49,1728868.0
1039,2023-02-01,23.88,24.64,23.77,24.36,1155843.0
1040,2023-02-02,24.65,24.85,22.66,22.85,1551004.0
1041,2023-02-03,22.24,22.64,21.39,21.49,1611887.0
1042,2023-02-06,20.66,21.84,20.39,21.36,1240093.0
1043,2023-02-07,21.58,22.07,21.23,21.74,597210.0
1044,2023-02-08,21.37,21.76,21.16,21.31,681330.0
1045,2023-02-09,22.15,22.15,21.18,21.34,792833.0
1046,2023-02-10,20.61,21.06,20.4,20.5,668039.0
1047,2023-02-13,21.01,21.56,20.76,21.3,1107041.0
1048,2023-02-14,20.71,21.38,20.71,21.04,885683.0
1049,2023-02-15,20.56,21.46,20.51,21.36,878207.0
1050,2023-02-16,21.16,21.54,20.87,21.03,892806.0
1051,2023-02-17,20.51,20.75,20.04,20.32,1379978.0
1052,2023-02-21,20.03,20.16,19.49,19.62,1144002.0
1053,2023-02-22,19.78,20.55,19.76,19.95,1122846.0
1054,2023-02-23,20.36,20.97,20.04,20.37,1101807.0
1055,2023-02-24,19.73,20.22,19.66,20.11,851300.0
1056,2023-02-27,20.63,20.63,19.85,19.98,706015.0
1057,2023-02-28,19.96,20.55,19.7,19.72,2004133.0
1058,2023-03-01,20.97,21.28,20.67,21.27,880840.0
1059,2023-03-02,21.04,21.45,20.76,21.36,1150014.0
1060,2023-03-03,21.15,21.57,21.09,21.34,1385181.0
1061,2023-03-06,21.06,21.14,20.06,20.06,660956.0
1062,2023-03-07,19.57,19.57,18.38,18.69,1300500.0
1063,2023-03-08,18.52,19.02,18.52,18.95,852330.0
1064,2023-03-09,18.38,18.54,17.35,17.37,1955087.0
1065,2023-03-10,16.97,17.87,16.47,16.83,2074600.0
1066,2023-03-13,16.66,17.28,15.91,16.46,1588188.0
1067,2023-03-14,16.37,17.2,16.01,16.62,1942515.0
1068,2023-03-15,16.08,16.17,15.76,15.93,960572.0
1069,2023-03-16,15.59,16.17,15.16,16.14,844365.0
1070,2023-03-17,16.66,16.86,15.91,16.24,2150747.0
1071,2023-03-20,16.24,17.13,16.04,16.89,1173181.0
1072,2023-03-21,17.91,17.91,16.91,17.28,688341.0
1073,2023-03-22,17.67,17.77,17.09,17.15,466609.0
1074,2023-03-23,17.73,18.34,17.43,17.7,778097.0
1075,2023-03-24,17.36,17.79,17.23,17.45,445106.0
1076,2023-03-27,17.16,17.67,17.16,17.56,593099.0
1077,2023-03-28,18.45,18.55,17.58,17.86,977963.0
1078,2023-03-29,17.86,18.71,17.86,18.65,723391.0
1079,2023-03-30,18.85,19.23,18.45,19.08,1017920.0
1080,2023-03-31,19.04,19.25,18.76,18.76,634408.0
1081,2023-04-03,18.93,19.52,18.93,19.06,613085.0
1082,2023-04-04,18.81,19.02,18.37,18.75,296877.0
1083,2023-04-05,18.72,18.76,18.04,18.12,404454.0
1084,2023-04-06,18.15,18.41,18.03,18.31,436264.0
1085,2023-04-10,18.36,18.61,18.18,18.56,898327.0
1086,2023-04-11,18.69,19.28,18.62,19.12,548338.0
1087,2023-04-12,18.91,19.17,17.99,18.18,926450.0
1088,2023-04-13,18.61,19.0,18.46,18.63,366122.0
1089,2023-04-14,18.64,18.8,18.12,18.32,435885.0
1090,2023-04-17,18.61,18.7,18.44,18.57,492354.0
1091,2023-04-18,18.61,18.66,17.81,17.87,629417.0
1092,2023-04-19,17.54,17.81,17.41,17.56,445956.0
1093,2023-04-20,17.75,18.06,17.47,17.74,395974.0
1094,2023-04-21,17.51,17.53,16.75,16.98,924792.0
1095,2023-04-24,16.98,17.01,16.29,16.48,1057705.0
1096,2023-04-25,16.31,16.41,15.68,15.75,588193.0
1097,2023-04-26,16.31,16.34,15.87,16.1,533565.0
1098,2023-04-27,16.29,17.15,15.75,17.01,494143.0
1099,2023-04-28,16.89,17.51,16.89,17.15,470835.0
1100,2023-05-01,17.2,17.87,17.19,17.5,688166.0
1101,2023-05-02,17.4,17.58,16.26,16.27,1371210.0
1102,2023-05-03,16.39,16.74,16.06,16.46,808575.0
1103,2023-05-04,16.92,17.56,16.45,17.29,704512.0
1104,2023-05-05,17.59,17.82,17.11,17.71,761444.0
1105,2023-05-08,17.79,17.79,17.23,17.29,799226.0
1106,2023-05-09,16.76,17.0,16.5,16.62,1420798.0
1107,2023-05-10,16.52,16.71,16.01,16.27,1352284.0
1108,2023-05-11,16.33,17.06,16.19,17.06,1012300.0
1109,2023-05-12,16.99,17.13,16.52,16.87,1083046.0
1110,2023-05-15,17.16,17.7,16.77,17.57,922312.0
1111,2023-05-16,17.03,17.25,16.62,16.89,409922.0
1112,2023-05-17,16.71,16.83,16.37,16.83,476658.0
1113,2023-05-18,16.83,16.87,15.48,15.57,822944.0
1114,2023-05-19,15.36,15.36,13.92,14.54,1616982.0
1115,2023-05-22,14.6,14.99,14.39,14.4,931649.0
1116,2023-05-23,14.32,14.63,14.18,14.22,1131815.0
1117,2023-05-24,14.26,14.57,13.72,13.75,1336951.0
1118,2023-05-25,13.74,13.74,13.21,13.51,1317676.0
1119,2023-05-26,13.59,13.78,13.27,13.28,981563.0
1120,2023-05-30,13.36,13.54,12.82,13.03,1342223.0
1121,2023-05-31,12.93,13.26,12.63,13.26,2010941.0
1122,2023-06-01,13.3,14.28,13.18,14.17,905835.0
1123,2023-06-02,14.75,15.0,14.46,14.48,904678.0
1124,2023-06-05,14.33,14.47,13.76,13.91,750688.0
1125,2023-06-06,13.91,15.51,13.91,15.45,1275332.0
1126,2023-06-07,15.21,15.86,15.09,15.37,1296325.0
1127,2023-06-08,15.55,15.71,15.29,15.3,414913.0
1128,2023-06-09,15.36,16.07,15.29,15.76,2439084.0
1129,2023-06-12,15.7,16.2,15.26,15.29,576824.0
1130,2023-06-13,15.77,16.0,15.22,15.37,576511.0
1131,2023-06-14,15.37,16.09,15.37,15.9,730302.0
1132,2023-06-15,16.18,16.37,15.69,15.86,626104.0
1133,2023-06-16,16.31,16.43,15.32,15.64,824020.0
1134,2023-06-20,15.57,15.6,14.75,15.16,999959.0
1135,2023-06-21,15.12,15.53,14.92,15.19,772744.0
1136,2023-06-22,15.07,16.13,14.97,15.67,1171730.0
1137,2023-06-23,15.49,15.97,15.15,15.81,695955.0
1138,2023-06-26,15.79,16.1,15.13,15.14,612347.0
1139,2023-06-27,15.4,17.41,15.2,17.22,2811772.0
1140,2023-06-28,17.12,17.21,16.45,16.94,1387980.0
1141,2023-06-29,16.55,16.85,16.4,16.77,784912.0
1142,2023-06-30,16.82,17.27,16.6,16.79,495024.0
1143,2023-07-03,17.2,17.67,17.12,17.51,527729.0
1144,2023-07-05,17.25,17.72,17.2,17.47,787702.0
1145,2023-07-06,17.29,17.29,16.33,16.69,1106023.0
1146,2023-07-07,16.64,17.97,16.64,17.73,1147381.0
1147,2023-07-10,17.65,18.29,17.52,18.14,908539.0
1148,2023-07-11,18.17,18.27,17.63,17.93,594459.0
1149,2023-07-12,18.4,18.69,18.2,18.31,1031627.0
1150,2023-07-13,18.5,18.95,18.44,18.94,845773.0
1151,2023-07-14,18.67,18.8,18.3,18.43,629608.0
1152,2023-07-17,18.18,18.54,17.81,18.3,871890.0
1153,2023-07-18,18.04,18.14,17.44,17.7,992490.0
1154,2023-07-19,17.91,18.5,17.67,17.69,477782.0
1155,2023-07-20,17.51,18.18,17.39,17.94,438454.0
1156,2023-07-21,18.0,18.1,17.79,17.85,635461.0
1157,2023-07-24,17.81,19.1,17.8,18.59,811651.0
1158,2023-07-25,18.91,19.36,18.44,18.57,951174.0
1159,2023-07-26,18.56,19.2,18.56,18.83,712262.0
1160,2023-07-27,18.83,18.94,18.23,18.32,657497.0
1161,2023-07-28,19.26,19.91,18.9,19.11,1793554.0
1162,2023-07-31,19.07,19.68,19.06,19.47,977726.0
1163,2023-08-01,19.0,19.11,18.18,18.19,720010.0
1164,2023-08-02,17.86,17.91,17.12,17.17,820763.0
1165,2023-08-03,17.46,18.13,17.44,17.63,597053.0
1166,2023-08-04,17.52,18.14,17.52,17.61,726792.0
1167,2023-08-07,17.73,17.8,16.9,17.14,1048488.0
1168,2023-08-08,16.8,17.24,16.6,17.16,1334936.0
1169,2023-08-09,17.51,17.55,17.22,17.52,840278.0
1170,2023-08-10,17.73,18.31,17.43,17.51,470400.0
1171,2023-08-11,16.99,17.0,16.03,16.21,1389826.0
1172,2023-08-14,15.98,16.09,15.56,15.92,1990503.0
1173,2023-08-15,15.86,15.96,15.43,15.72,823534.0
1174,2023-08-16,15.52,15.66,15.28,15.44,918768.0
1175,2023-08-17,15.81,16.06,15.61,15.76,506315.0
1176,2023-08-18,15.18,15.62,15.17,15.47,899950.0
1177,2023-08-21,15.33,15.55,15.0,15.44,803013.0
1178,2023-08-22,15.66,15.93,15.04,15.16,852186.0
1179,2023-08-23,15.25,15.35,14.92,15.05,946921.0
1180,2023-08-24,15.15,15.66,15.11,15.6,1126668.0
1181,2023-08-25,15.51,15.51,15.01,15.31,562628.0
1182,2023-08-28,15.34,16.05,15.34,15.92,780568.0
1183,2023-08-29,16.22,16.79,16.05,16.76,522229.0
1184,2023-08-30,16.47,16.81,16.47,16.68,476474.0
1185,2023-08-31,16.52,16.85,16.41,16.51,654065.0
1186,2023-09-01,16.77,17.48,16.77,17.21,713178.0
1187,2023-09-05,17.0,17.18,16.67,16.76,527531.0
1188,2023-09-06,16.75,17.12,16.47,16.48,762914.0
1189,2023-09-07,16.01,16.02,15.23,15.41,1172987.0
1190,2023-09-08,15.45,15.49,14.81,15.1,785751.0
1191,2023-09-11,15.51,15.73,14.98,15.27,620243.0
1192,2023-09-12,15.1,15.61,15.03,15.21,1115366.0
1193,2023-09-13,14.99,15.29,14.97,15.2,570378.0
1194,2023-09-14,15.46,15.66,15.23,15.62,623694.0
1195,2023-09-15,15.48,15.72,15.15,15.16,602474.0
1196,2023-09-18,15.01,15.02,14.42,14.48,724195.0
1197,2023-09-19,14.51,15.26,14.51,14.78,707291.0
1198,2023-09-20,14.83,15.11,14.7,14.7,699039.0
1199,2023-09-21,14.51,14.92,14.49,14.78,484266.0
1200,2023-09-22,15.3,15.59,15.11,15.42,582262.0
1201,2023-09-25,15.0,15.68,15.0,15.59,574056.0
1202,2023-09-26,15.28,15.39,15.04,15.08,908680.0
1203,2023-09-27,15.14,15.25,14.85,15.07,530337.0
1204,2023-09-28,14.94,15.22,14.94,15.07,652222.0
1205,2023-09-29,15.37,15.61,15.1,15.36,595100.0
1206,2023-10-02,15.4,15.68,15.34,15.56,647100.0
1207,2023-10-03,15.12,15.31,15.0,15.11,521120.0
1208,2023-10-04,15.14,15.17,14.61,14.65,574644.0
1209,2023-10-05,14.75,14.99,14.64,14.93,494823.0
1210,2023-10-06,14.97,15.92,14.94,15.68,744576.0
1211,2023-10-09,15.56,16.14,15.45,16.13,636815.0
1212,2023-10-10,16.29,17.2,16.29,17.06,968244.0
1213,2023-10-11,17.12,17.61,16.64,16.79,892256.0
1214,2023-10-12,16.91,16.91,16.4,16.5,407465.0
1215,2023-10-13,16.31,16.54,16.31,16.42,438872.0
1216,2023-10-16,16.25,16.42,15.77,15.82,489209.0
1217,2023-10-17,15.56,15.95,15.37,15.59,503009.0
1218,2023-10-18,15.47,15.86,14.8,14.87,723563.0
1219,2023-10-19,14.72,14.89,14.19,14.24,787494.0
1220,2023-10-20,14.12,14.14,13.68,13.91,633560.0
1221,2023-10-23,13.9,14.74,13.73,14.46,652595.0
1222,2023-10-24,14.46,15.49,14.46,15.27,916782.0
1223,2023-10-25,15.0,15.13,14.59,14.66,877517.0
1224,2023-10-26,14.68,15.08,14.67,14.83,679476.0
1225,2023-10-27,15.0,15.25,14.96,15.08,408266.0
1226,2023-10-30,15.35,15.43,14.7,14.8,803079.0
1227,2023-10-31,14.63,14.86,14.135,14.79,1001879.0
1228,2023-11-01,14.64,15.09,14.58,14.67,819556.0
1229,2023-11-02,14.89,15.22,14.8339,15.14,743704.0
1230,2023-11-03,15.5,16.23,15.45,15.94,439929.0
1231,2023-11-06,16.15,16.24,15.88,16.0,312746.0
1232,2023-11-07,15.77,15.8,15.5,15.7,682839.0
1233,2023-11-08,15.57,15.83,15.39,15.43,529216.0
1234,2023-11-09,15.38,15.5,15.03,15.03,292576.0
1235,2023-11-10,15.12,15.41,14.84,15.36,265499.0
1236,2023-11-13,15.43,15.68,15.215,15.48,442244.0
1237,2023-11-14,15.74,15.93,15.4,15.82,523548.0
1238,2023-11-15,16.16,16.9,16.05,16.43,886423.0
1239,2023-11-16,15.72,15.8954,15.19,15.49,748293.0
1240,2023-11-17,16.46,17.88,15.92,16.87,1314128.0
1241,2023-11-20,17.03,17.37,16.43,16.96,638263.0
1242,2023-11-21,16.74,16.8,16.16,16.53,1897629.0
1243,2023-11-22,16.5,16.55,15.81,16.07,905926.0
1244,2023-11-24,15.82,16.05,15.74,16.05,269086.0
1245,2023-11-27,15.89,16.02,15.66,15.7,1568807.0
1246,2023-11-28,15.64,15.97,15.58,15.79,1157418.0
1247,2023-11-29,15.56,15.79,15.5,15.6,918941.0
1248,2023-11-30,15.62,15.69,15.0563,15.52,1707921.0
1249,2023-12-01,15.28,15.49,14.8,15.27,466723.0
1250,2023-12-04,15.03,15.12,14.56,14.87,718778.0
1251,2023-12-05,14.51,14.78,14.28,14.64,501751.0
1252,2023-12-06,14.82,15.0,14.685,14.73,1805925.0
1253,2023-12-07,14.76,14.86,14.54,14.79,619825.0
1254,2023-12-08,14.61,15.019,14.51,14.77,598427.0
1255,2023-12-11,14.62,14.83,14.41,14.68,671631.0
1256,2023-12-12,14.58,14.62,14.14,14.37,663118.0
1257,2023-12-13,14.29,14.54,13.905,14.53,735153.0
1258,2023-12-14,14.68,15.0,14.63,14.71,582297.0
1259,2023-12-15,14.89,15.04,14.57,14.83,876125.0
1260,2023-12-18,15.04,15.04,14.4,14.41,474066.0
1261,2023-12-19,14.38,14.74,14.22,14.57,694700.0
1262,2023-12-20,14.35,14.49,13.99,14.0,741357.0
1263,2023-12-21,14.44,14.85,14.33,14.85,660394.0
1264,2023-12-22,14.57,15.18,14.42,15.0,558385.0
1265,2023-12-26,15.04,15.25,14.59,14.85,338258.0
1266,2023-12-27,14.9,15.18,14.81,15.12,460273.0
1267,2023-12-28,15.38,16.02,15.3,15.73,873568.0
1268,2023-12-29,15.77,16.02,15.6,15.82,580341.0
1269,2024-01-02,15.49,15.52,15.0,15.11,443276.0
1270,2024-01-03,15.12,15.485,15.08,15.46,370730.0
1271,2024-01-04,15.38,15.38,15.09,15.22,485783.0
1272,2024-01-05,15.19,15.29,15.09,15.245,337569.0
1273,2024-01-08,15.0,15.1,14.64,14.99,581427.0
1274,2024-01-09,14.71,15.05,14.7,15.0,633667.0
1275,2024-01-10,15.0,15.11,14.63,14.64,413522.0
1276,2024-01-11,14.94,15.335,14.67,15.22,359163.0
1277,2024-01-12,15.16,15.81,15.16,15.24,609665.0
1278,2024-01-16,15.02,15.06,14.25,14.43,772625.0
1279,2024-01-17,14.0,14.5,13.91,14.47,717102.0
1280,2024-01-18,14.5,14.57,14.35,14.5,1341593.0
1281,2024-01-19,14.5,14.6,14.39,14.46,1236701.0
1282,2024-01-22,14.1,14.425,13.8,13.87,1754337.0
1283,2024-01-23,14.25,14.79,14.25,14.67,1657825.0
1284,2024-01-24,15.0,15.26,14.9,15.09,1103705.0
1285,2024-01-25,15.23,15.27,14.775,14.84,733406.0
