,date,open,high,low,close,volume
0,2020-10-13,119.0689,119.9589,118.5489,119.0389,13098.0
1,2020-10-14,119.3189,119.7089,117.3589,117.9589,37812.0
2,2020-10-15,116.0189,117.2689,115.7789,117.0989,30599.0
3,2020-10-16,117.8889,118.3989,116.4889,116.4889,50967.0
4,2020-10-19,117.8189,117.8189,114.2189,114.4389,50642.0
5,2020-10-20,114.8989,116.0789,114.2789,114.8789,49769.0
6,2020-10-21,114.9389,115.9889,114.6589,115.0289,28220.0
7,2020-10-22,115.0989,115.3389,113.4489,114.7089,24849.0
8,2020-10-23,114.9789,114.9889,113.7989,114.9889,40550.0
9,2020-10-26,113.9989,114.9689,111.8389,113.1689,74359.0
10,2020-10-27,113.6089,114.4389,113.1289,114.0789,46964.0
11,2020-10-28,112.2689,112.2689,109.4889,109.6789,138841.0
12,2020-10-29,110.1489,112.6589,109.9889,111.4989,79584.0
13,2020-10-30,110.6889,110.9989,107.6789,108.8489,130613.0
14,2020-11-02,109.6389,110.2289,107.6889,108.8889,74091.0
15,2020-11-03,109.6989,111.6189,109.2989,111.4189,61848.0
16,2020-11-04,114.4389,116.4989,113.9689,115.7789,109699.0
17,2020-11-05,118.4989,119.2889,118.0089,118.9089,146484.0
18,2020-11-06,118.6189,119.2089,117.0689,118.9889,47112.0
19,2020-11-09,120.1989,120.6989,116.4889,116.4889,153987.0
20,2020-11-10,115.1389,115.6689,113.3389,114.3089,84209.0
21,2020-11-11,115.4589,117.1889,115.4589,117.0989,65760.0
22,2020-11-12,117.4689,117.9289,115.9889,116.4089,44884.0
23,2020-11-13,117.1789,117.6089,116.2889,117.5389,39946.0
24,2020-11-16,117.4489,118.4789,117.0189,118.0589,46966.0
25,2020-11-17,118.5489,118.6189,117.8489,118.0489,29044.0
26,2020-11-18,117.8489,118.4589,117.3989,117.5389,35232.0
27,2020-11-19,116.9589,118.1189,116.7989,118.1189,52702.0
28,2020-11-20,118.0589,118.2889,117.3789,117.3789,36969.0
29,2020-11-23,117.7589,118.1589,116.3489,117.2889,50496.0
30,2020-11-24,117.7889,119.0989,117.0689,119.0289,90902.0
31,2020-11-25,119.3789,119.9389,119.1789,119.7089,44197.0
32,2020-11-27,120.5389,121.2889,120.4089,120.7389,35482.0
33,2020-11-30,120.9589,121.1489,119.1289,120.9989,84044.0
34,2020-12-01,122.0589,123.3089,121.6689,122.7089,92810.0
35,2020-12-02,122.1489,122.9089,121.4289,122.8289,140867.0
36,2020-12-03,122.9389,123.5989,122.7289,123.0089,93180.0
37,2020-12-04,123.0389,123.5189,122.7689,123.4389,74330.0
38,2020-12-07,123.6089,124.3189,123.4689,123.8189,76698.0
39,2020-12-08,124.0089,124.7089,123.2989,124.5989,54819.0
40,2020-12-09,124.5789,124.6089,121.3589,121.8389,148725.0
41,2020-12-10,120.9389,122.6589,120.4289,122.2489,128329.0
42,2020-12-11,121.5389,122.0089,120.5989,121.9589,54218.0
43,2020-12-14,122.5289,123.6889,122.5289,122.8789,184093.0
44,2020-12-15,123.8789,124.2189,122.9889,124.2189,64293.0
45,2020-12-16,124.4289,125.2289,123.9689,124.8989,85099.0
46,2020-12-17,125.6089,125.7789,125.0889,125.7489,57942.0
47,2020-12-18,126.0989,126.0989,124.3589,125.4189,84331.0
48,2020-12-21,124.1089,125.0589,122.7789,124.8789,85062.0
49,2020-12-22,125.2389,125.6489,124.2789,125.2289,59034.0
50,2020-12-23,125.4889,125.4889,124.5989,124.6489,68966.0
51,2020-12-24,124.9489,125.3589,124.7589,125.1789,32007.0
52,2020-12-28,126.4189,126.6489,125.5589,126.4689,59171.0
53,2020-12-29,127.0689,127.2789,126.2389,126.6189,66564.0
54,2020-12-30,127.3489,127.3489,126.3289,126.5189,89917.0
55,2020-12-31,126.7689,126.9889,126.1789,126.8989,73465.0
56,2021-01-04,127.5889,127.5889,123.4389,125.0689,160826.0
57,2021-01-05,124.7489,126.1589,124.7489,126.0889,66588.0
58,2021-01-06,124.3589,126.0689,123.7489,124.3189,469349.0
59,2021-01-07,125.5689,127.7189,125.5689,127.4489,97139.0
60,2021-01-08,128.5089,129.1889,127.4889,129.1289,78358.0
61,2021-01-11,127.9789,128.2989,126.9489,127.1689,69487.0
62,2021-01-12,127.2789,127.6189,125.9389,127.1289,122082.0
63,2021-01-13,126.9889,128.1389,126.9089,127.8289,56627.0
64,2021-01-14,128.2589,128.4089,126.9889,127.1289,90016.0
65,2021-01-15,126.8189,127.4889,125.6989,126.0889,102692.0
66,2021-01-19,127.1889,128.1689,126.7889,128.0189,82295.0
67,2021-01-20,129.6789,131.3989,129.4389,131.0589,120522.0
68,2021-01-21,131.6889,132.3589,131.0389,132.1389,159731.0
69,2021-01-22,131.5989,132.1189,131.4789,131.7689,124884.0
70,2021-01-25,133.2989,133.6689,130.2389,132.6189,155234.0
71,2021-01-26,133.2489,133.3489,132.4589,133.0289,75797.0
72,2021-01-27,132.2289,132.2289,128.4889,129.4389,148802.0
73,2021-01-28,129.8989,132.0489,129.6089,130.0689,88648.0
74,2021-01-29,129.4989,129.6389,126.5789,127.3589,119261.0
75,2021-02-01,128.8989,130.8689,127.9589,130.5289,131364.0
76,2021-02-02,131.8089,133.0289,131.7389,132.7089,111619.0
77,2021-02-03,133.6889,133.6889,132.2089,132.2089,93090.0
78,2021-02-04,132.8589,133.6589,132.1589,133.6389,76198.0
79,2021-02-05,134.2489,134.5589,133.4689,134.1789,182449.0
80,2021-02-08,134.9889,135.1089,134.1889,135.0289,105178.0
81,2021-02-09,134.8289,135.5489,134.8289,134.9989,101727.0
82,2021-02-10,135.6389,135.7089,133.4889,134.6589,104634.0
83,2021-02-11,135.5589,135.6289,134.4889,135.4289,136238.0
84,2021-02-12,135.0189,136.2789,134.7389,136.2789,87097.0
85,2021-02-16,136.7289,136.9189,135.4289,135.8989,106597.0
86,2021-02-17,134.7589,135.2489,133.6889,135.2189,105054.0
87,2021-02-18,133.8189,134.8889,132.9889,134.6389,99768.0
88,2021-02-19,135.3289,135.3289,133.6889,133.9489,93491.0
89,2021-02-22,132.2789,132.5989,130.4689,130.5389,156834.0
90,2021-02-23,128.3489,130.7489,125.8789,130.1489,210091.0
91,2021-02-24,128.8989,131.2889,127.8389,131.2289,163904.0
92,2021-02-25,130.1689,131.0789,125.9589,126.5189,250643.0
93,2021-02-26,127.8089,128.9689,125.8789,127.7089,178105.0
94,2021-03-01,129.2189,131.0889,128.7689,130.9489,91906.0
95,2021-03-02,131.3589,131.3589,128.7889,128.7889,93726.0
96,2021-03-03,128.3089,128.5989,125.0389,125.0389,142948.0
97,2021-03-04,125.0089,126.1889,121.3489,122.8989,206450.0
98,2021-03-05,124.3989,125.1889,120.3189,124.9689,223106.0
99,2021-03-08,124.7489,125.3689,121.2289,121.2389,160376.0
100,2021-03-09,124.3389,126.8789,124.0689,126.2289,169536.0
101,2021-03-10,127.9989,127.9989,125.4889,125.6889,177233.0
102,2021-03-11,127.9389,129.3689,127.4889,128.7689,144505.0
103,2021-03-12,126.9289,127.6589,126.0189,127.6089,119723.0
104,2021-03-15,127.8389,129.0889,127.2789,129.0289,91610.0
105,2021-03-16,129.9189,131.1789,129.1689,129.7189,144559.0
106,2021-03-17,128.5089,130.8989,127.7689,130.2489,69510.0
107,2021-03-18,128.3489,128.6089,126.0189,126.2589,155655.0
108,2021-03-19,126.2589,127.3289,125.2489,126.7689,128363.0
109,2021-03-22,127.6989,129.7689,127.4889,128.9689,74114.0
110,2021-03-23,129.4489,129.8889,128.1589,128.2889,91055.0
111,2021-03-24,129.1089,129.1089,126.1889,126.1889,130731.0
112,2021-03-25,125.3989,126.4289,124.3489,125.9689,165238.0
113,2021-03-26,125.9089,127.9289,125.3389,127.9289,76223.0
114,2021-03-29,127.4989,128.2089,126.4489,127.6489,151886.0
115,2021-03-30,126.9889,127.3089,126.0289,127.1989,106279.0
116,2021-03-31,127.9889,129.7089,127.9589,129.2089,159376.0
117,2021-04-01,130.6389,131.4089,130.5489,131.3789,99139.0
118,2021-04-05,132.5389,134.2589,132.3989,134.0889,166533.0
119,2021-04-06,134.0089,134.7089,133.6389,133.8889,75633.0
120,2021-04-07,133.8689,134.6089,133.4589,134.2589,139015.0
121,2021-04-08,135.5389,135.7189,135.1689,135.6689,99821.0
122,2021-04-09,135.1689,136.5889,134.8389,136.4889,89139.0
123,2021-04-12,136.2089,136.5089,135.6089,136.3789,94377.0
124,2021-04-13,137.0089,138.0789,136.9889,137.9589,73443.0
125,2021-04-14,138.1489,138.1489,135.9389,136.2489,164227.0
126,2021-04-15,137.4689,138.4889,137.4689,138.3289,148302.0
127,2021-04-16,138.5989,138.6289,137.8089,138.5789,64796.0
128,2021-04-19,137.9189,138.3089,136.4889,137.3089,87975.0
129,2021-04-20,137.0889,137.4289,135.4189,136.2389,94305.0
130,2021-04-21,135.7089,137.4789,135.4889,137.3889,92052.0
131,2021-04-22,137.3489,137.6289,135.2889,135.8289,95286.0
132,2021-04-23,136.1689,137.9989,136.1189,137.4889,77084.0
133,2021-04-26,137.6789,138.4689,137.3089,138.3889,71039.0
134,2021-04-27,138.5789,138.5789,137.3989,137.6789,86026.0
135,2021-04-28,137.6589,138.0089,137.0889,137.2389,98085.0
136,2021-04-29,138.7789,138.8389,136.4789,137.7789,105507.0
137,2021-04-30,136.7789,137.6989,136.5589,136.8189,151060.0
138,2021-05-03,137.4089,137.6989,135.9589,136.1289,155703.0
139,2021-05-04,135.0589,135.0589,132.0889,133.7989,179872.0
140,2021-05-05,134.6689,134.8589,132.8489,133.2189,100613.0
141,2021-05-06,133.1189,134.2689,132.2189,134.2389,96871.0
142,2021-05-07,135.5389,136.2789,134.9689,135.4189,177429.0
143,2021-05-10,134.8089,134.8089,131.7689,131.9289,169028.0
144,2021-05-11,129.4289,132.0089,129.0889,131.7389,145058.0
145,2021-05-12,129.6289,130.4589,127.8989,128.2489,210964.0
146,2021-05-13,129.4289,130.3489,128.2589,129.2089,105104.0
147,2021-05-14,130.7489,132.4889,130.4289,132.1789,106126.0
148,2021-05-17,131.4589,131.6289,130.1989,131.2889,70786.0
149,2021-05-18,131.8489,132.1989,130.3489,130.3489,95186.0
150,2021-05-19,128.2089,130.6389,128.1589,130.6389,100492.0
151,2021-05-20,131.1989,133.4589,131.1989,133.1089,73683.0
152,2021-05-21,133.9189,133.9189,132.2389,132.3189,177550.0
153,2021-05-24,133.3589,135.1189,133.2689,134.6189,115903.0
154,2021-05-25,135.2989,135.5889,134.3889,134.8789,166051.0
155,2021-05-26,135.1189,135.4889,134.8289,135.3289,111313.0
156,2021-05-27,135.1989,135.4389,134.7789,134.8789,83106.0
157,2021-05-28,135.4589,135.8989,135.1089,135.2189,193932.0
158,2021-06-01,135.8389,135.9489,134.3089,134.7989,118867.0
159,2021-06-02,134.9289,135.3889,134.3189,135.0189,93112.0
160,2021-06-03,133.8789,134.2789,132.9889,133.5789,83491.0
161,2021-06-04,134.4089,136.0989,134.4089,135.9389,93103.0
162,2021-06-07,135.7589,136.3489,135.5089,136.3189,100025.0
163,2021-06-08,137.0289,137.3989,135.7089,136.3389,69611.0
164,2021-06-09,136.9889,137.2789,136.3789,136.4589,138712.0
165,2021-06-10,136.6889,137.8689,136.4589,137.8689,90797.0
166,2021-06-11,137.9889,138.2089,137.6889,138.2089,71372.0
167,2021-06-14,138.4389,139.4889,138.0489,139.4889,60683.0
168,2021-06-15,139.5989,139.5989,138.4389,138.7189,60415.0
169,2021-06-16,138.9489,139.2889,136.6889,138.1589,134324.0
170,2021-06-17,137.8189,140.3189,137.8189,139.9289,136478.0
171,2021-06-18,139.4189,139.5989,138.5689,138.7789,94446.0
172,2021-06-21,138.7889,139.5689,137.7989,139.4989,99820.0
173,2021-06-22,139.5389,140.9889,139.3989,140.8289,95718.0
174,2021-06-23,140.9289,141.3589,140.7189,140.8289,106497.0
175,2021-06-24,141.7489,142.3689,141.4689,141.7089,252048.0
176,2021-06-25,142.0889,142.0889,141.3889,141.6089,70332.0
177,2021-06-28,142.2089,143.3889,142.2089,143.3689,159905.0
178,2021-06-29,143.3889,143.8789,142.9889,143.8389,85603.0
179,2021-06-30,143.8789,143.9389,143.4689,143.7189,88107.0
180,2021-07-01,143.5789,143.8389,142.9889,143.7189,278316.0
181,2021-07-02,144.5489,145.4989,144.4589,145.3589,148498.0
182,2021-07-06,145.7189,146.0889,144.5089,145.9489,104119.0
183,2021-07-07,147.1289,147.1289,145.5589,146.2389,214453.0
184,2021-07-08,144.1189,145.7689,143.6789,145.4289,288682.0
185,2021-07-09,145.2089,146.5089,144.9489,146.3289,191272.0
186,2021-07-12,146.9989,147.1089,146.2789,146.9389,162834.0
187,2021-07-13,146.7689,148.1389,146.6789,146.9289,259634.0
188,2021-07-14,147.8989,148.1689,146.9389,147.1689,258815.0
189,2021-07-15,147.1389,147.1989,145.3389,146.1289,281060.0
190,2021-07-16,146.4889,146.9089,144.8189,144.9489,207885.0
191,2021-07-19,143.5089,143.9089,142.7389,143.7689,329937.0
192,2021-07-20,144.1789,146.0489,143.4489,145.4489,195796.0
193,2021-07-21,145.3189,146.5389,145.2789,146.5089,204018.0
194,2021-07-22,146.7089,147.5589,146.7089,147.5589,171851.0
195,2021-07-23,148.1989,149.4089,147.6989,149.2089,190053.0
196,2021-07-26,149.0189,149.5789,148.7189,149.4189,288574.0
197,2021-07-27,149.3089,149.3089,146.0289,147.7889,321599.0
198,2021-07-28,148.2189,148.9589,147.3189,148.3289,328114.0
199,2021-07-29,148.1989,149.0589,148.1489,148.5889,197816.0
200,2021-07-30,146.9589,148.0489,146.9289,147.8289,202876.0
201,2021-08-02,148.5589,148.7189,147.5889,147.8189,257581.0
202,2021-08-03,148.1789,148.7689,146.8189,148.7289,446304.0
203,2021-08-04,148.7389,149.3389,148.3289,148.9589,287924.0
204,2021-08-05,149.3289,149.9889,149.0389,149.9089,176984.0
205,2021-08-06,149.4389,149.7489,148.8489,149.2489,186723.0
206,2021-08-09,149.4889,149.7389,148.9889,149.5289,135447.0
207,2021-08-10,149.7489,149.8589,148.2589,148.7589,255329.0
208,2021-08-11,149.2789,149.4389,147.9389,148.4889,190244.0
209,2021-08-12,148.2689,149.1689,147.7189,149.0389,173899.0
210,2021-08-13,149.1989,149.6889,148.9789,149.5589,161054.0
211,2021-08-16,149.1389,149.6489,147.4489,149.6389,346376.0
212,2021-08-17,148.4789,148.8689,147.2789,148.2989,381175.0
213,2021-08-18,147.9989,148.6189,146.7189,146.8589,207686.0
214,2021-08-19,146.0189,148.2089,145.9289,147.5589,344514.0
215,2021-08-20,148.0589,149.2789,147.9289,149.1089,224849.0
216,2021-08-23,149.5589,151.6489,149.5589,151.3489,409045.0
217,2021-08-24,151.6289,152.0889,151.4389,151.8589,208295.0
218,2021-08-25,151.9989,152.2589,151.6589,151.9489,296166.0
219,2021-08-26,151.7389,151.9489,150.8889,151.0589,341453.0
220,2021-08-27,151.2889,152.7189,151.1089,152.5189,224402.0
221,2021-08-30,152.8689,154.4589,152.8689,154.2689,822991.0
222,2021-08-31,154.3689,154.3689,153.4889,154.1189,277780.0
223,2021-09-01,154.6189,155.2589,154.3289,154.3989,377030.0
224,2021-09-02,154.9689,155.1089,153.8489,154.3389,330790.0
225,2021-09-03,153.9189,154.9389,153.9189,154.8089,214520.0
226,2021-09-07,154.8489,155.2989,154.3689,155.0289,293887.0
227,2021-09-08,154.9389,154.9389,153.5389,154.4989,348201.0
228,2021-09-09,154.5689,155.0189,153.8589,153.9489,317078.0
229,2021-09-10,154.6989,154.9589,152.6389,152.7889,344403.0
230,2021-09-13,153.7589,153.9189,151.7889,152.6689,335194.0
231,2021-09-14,153.2989,153.5589,151.8289,152.2289,326670.0
232,2021-09-15,152.4189,153.4989,151.4889,153.3489,445686.0
233,2021-09-16,152.8189,153.6989,151.9989,153.4589,446273.0
234,2021-09-17,153.1489,153.1489,151.2189,151.6589,358255.0
235,2021-09-20,149.0789,149.8889,146.3389,148.3889,1770022.0
236,2021-09-21,149.2489,149.5389,148.0489,148.4389,993004.0
237,2021-09-22,148.9389,150.4889,148.4389,149.8589,403790.0
238,2021-09-23,150.3889,151.7089,150.1789,151.2389,319186.0
239,2021-09-24,150.3189,151.5889,150.1889,151.4289,330309.0
240,2021-09-27,150.0989,150.5489,149.1589,150.2089,488580.0
241,2021-09-28,148.2589,148.5189,145.7389,146.0389,844093.0
242,2021-09-29,146.4189,147.2789,145.4489,145.6589,666835.0
243,2021-09-30,146.3689,147.0289,144.9889,145.0989,1045414.0
244,2021-10-01,145.3889,146.4489,143.6689,146.0189,786487.0
245,2021-10-04,145.2989,145.3889,141.9689,142.9989,1071916.0
246,2021-10-05,143.3789,145.7889,143.2789,144.8689,1172971.0
247,2021-10-06,143.4789,145.9289,143.1589,145.8689,729989.0
248,2021-10-07,147.1589,148.2789,146.8889,147.1689,369176.0
249,2021-10-08,147.7089,147.7089,146.2189,146.4389,449349.0
250,2021-10-11,145.7789,147.2489,145.2789,145.3089,498108.0
251,2021-10-12,145.8889,146.0589,144.5289,144.8089,307733.0
252,2021-10-13,145.7889,146.1889,144.9089,145.9389,302061.0
253,2021-10-14,147.4789,148.7389,147.2189,148.6789,232368.0
254,2021-10-15,149.2889,149.6789,148.7589,149.6489,201414.0
255,2021-10-18,149.1089,151.2389,148.8989,151.1589,314630.0
256,2021-10-19,151.6789,152.3289,151.3389,152.2489,306495.0
257,2021-10-20,152.5189,152.7389,151.5389,152.0989,241354.0
258,2021-10-21,151.7889,153.1389,151.7889,153.0689,217227.0
259,2021-10-22,152.4889,152.9089,151.1389,151.7489,201323.0
260,2021-10-25,152.3589,153.6889,151.6389,153.3389,269191.0
261,2021-10-26,154.2989,155.2589,153.3689,153.7589,269866.0
262,2021-10-27,153.9989,155.4589,153.8989,154.1989,332480.0
263,2021-10-28,154.9289,155.9989,154.7289,155.8989,261626.0
264,2021-10-29,154.5389,156.7489,154.4589,156.7389,302854.0
265,2021-11-01,156.9589,157.2789,156.0289,157.2089,406487.0
266,2021-11-02,157.0289,158.0989,156.9689,157.8789,299779.0
267,2021-11-03,158.1489,159.7689,157.6989,159.6189,340690.0
268,2021-11-04,160.1389,162.0489,159.9489,161.6689,837938.0
269,2021-11-05,162.3889,162.7689,161.3089,161.8189,522563.0
270,2021-11-08,161.8389,162.2289,161.3389,161.6089,265175.0
271,2021-11-09,162.1189,162.2189,159.9089,160.4989,527127.0
272,2021-11-10,159.2889,160.4689,157.3089,158.1089,553574.0
273,2021-11-11,159.3989,159.3989,158.3889,158.5389,268691.0
274,2021-11-12,159.0289,160.4289,158.3789,160.2189,264285.0
275,2021-11-15,160.7289,160.8489,159.1589,160.1889,333071.0
276,2021-11-16,159.9289,161.5389,159.9089,161.3689,237831.0
277,2021-11-17,161.5189,162.2589,161.0689,161.4189,374209.0
278,2021-11-18,162.3289,163.3289,161.3789,163.0989,358049.0
279,2021-11-19,163.8589,164.5689,163.4889,164.0589,3670732.0
280,2021-11-22,164.8089,165.8989,162.0889,162.1689,2196705.0
281,2021-11-23,161.6389,162.4789,159.5189,161.3789,658583.0
282,2021-11-24,160.3389,162.0189,159.3889,161.8889,499277.0
283,2021-11-26,160.8389,161.3889,158.2589,158.7889,421481.0
284,2021-11-29,160.7189,162.6789,160.4389,162.2489,457482.0
285,2021-11-30,161.8689,162.8289,159.0989,159.8789,929947.0
286,2021-12-01,161.7689,162.5889,156.9589,157.2089,1009730.0
287,2021-12-02,156.6289,159.0089,155.9789,158.2989,1156177.0
288,2021-12-03,158.9089,159.2289,153.7789,155.5289,1172452.0
289,2021-12-06,155.5889,157.2889,153.9789,156.7489,757190.0
290,2021-12-07,159.6189,161.7689,159.5789,161.6089,504969.0
291,2021-12-08,161.6989,162.3389,160.9089,162.2889,507005.0
292,2021-12-09,161.7889,162.4889,159.7789,159.9489,522379.0
293,2021-12-10,161.0989,161.7289,159.7089,161.6389,562365.0
294,2021-12-13,161.6589,161.6989,159.1089,159.2589,389348.0
295,2021-12-14,157.2089,158.3489,155.7689,157.6589,525164.0
296,2021-12-15,157.5489,161.3389,155.8389,161.1089,497888.0
297,2021-12-16,161.6889,161.8089,156.3489,157.1089,620939.0
298,2021-12-17,155.5289,157.9189,154.9489,156.2389,526131.0
299,2021-12-20,154.1789,154.7989,153.2489,154.5789,768445.0
300,2021-12-21,156.0189,158.1589,154.4289,157.9889,526167.0
301,2021-12-22,157.8589,160.0689,157.6389,159.9489,436306.0
302,2021-12-23,160.1589,161.8089,160.1289,161.2389,370321.0
303,2021-12-27,161.8189,163.9089,161.7289,163.8889,329769.0
304,2021-12-28,164.3589,164.3689,162.7989,163.1789,478786.0
305,2021-12-29,163.2789,163.7089,162.1489,163.1389,284033.0
306,2021-12-30,163.0389,163.8889,162.3789,162.4989,259255.0
307,2021-12-31,162.4389,162.8589,161.4089,161.5389,356940.0
308,2022-01-03,162.0989,163.2689,161.2389,163.2289,629780.0
309,2022-01-04,163.3889,163.3889,159.7289,161.0589,506709.0
310,2022-01-05,160.4389,160.7889,155.9289,156.1389,971521.0
311,2022-01-06,155.2089,157.2589,154.3289,155.9489,922518.0
312,2022-01-07,155.8389,156.6089,153.4889,154.2589,581989.0
313,2022-01-10,152.1389,154.5089,149.8689,154.4089,1057045.0
314,2022-01-11,154.0789,156.7089,153.1689,156.5989,598021.0
315,2022-01-12,157.7689,158.4389,156.3489,157.3489,426275.0
316,2022-01-13,157.7989,158.0989,152.9089,153.4589,905382.0
317,2022-01-14,152.3289,154.3689,152.2389,154.2689,1128001.0
318,2022-01-18,151.9789,152.6689,150.0589,150.6089,917701.0
319,2022-01-19,151.0689,152.0189,148.6089,148.7689,816826.0
320,2022-01-20,150.0189,151.7489,146.5289,146.7989,970869.0
321,2022-01-21,145.8789,146.9189,142.5089,142.6289,1898138.0
322,2022-01-24,140.0289,143.5489,135.4289,143.2389,3966134.0
323,2022-01-25,140.5189,142.3389,138.5289,139.8089,1627766.0
324,2022-01-26,143.2989,144.6589,138.1389,139.7989,4649051.0
325,2022-01-27,141.7089,142.3989,137.8589,138.3489,956953.0
326,2022-01-28,139.0989,142.7489,136.9889,142.6689,914072.0
327,2022-01-31,143.2689,147.5289,142.5889,147.2989,815209.0
328,2022-02-01,147.8889,148.5789,145.7089,148.3289,1068327.0
329,2022-02-02,150.1189,150.1789,147.8389,149.5489,962042.0
330,2022-02-03,145.3689,146.8089,142.9489,143.4689,1426250.0
331,2022-02-04,143.6889,146.6189,142.8089,145.1389,1146821.0
332,2022-02-07,145.5189,146.4189,143.5289,144.0889,583125.0
333,2022-02-08,143.6289,146.1289,143.0989,145.7289,563743.0
334,2022-02-09,147.5789,148.8289,146.9289,148.7889,665735.0
335,2022-02-10,145.9089,148.7089,144.6489,145.5089,1175691.0
336,2022-02-11,145.4889,146.0489,140.1989,140.7989,934637.0
337,2022-02-14,140.4889,142.3089,139.4489,140.9789,863673.0
338,2022-02-15,143.1589,144.5389,142.7089,144.4289,402166.0
339,2022-02-16,143.5089,144.8389,142.2389,144.4289,674659.0
340,2022-02-17,143.0989,143.3389,139.8889,140.0989,544250.0
341,2022-02-18,140.5089,140.6089,137.4989,138.4989,594042.0
342,2022-02-22,137.1989,139.4589,135.5589,137.0889,987404.0
343,2022-02-23,138.3989,138.6589,133.3589,133.4589,1381058.0
344,2022-02-24,129.1389,138.2589,128.8689,137.9589,2256634.0
345,2022-02-25,138.3089,140.2889,136.8389,140.2289,1045754.0
346,2022-02-28,138.8689,141.3289,138.3989,140.7789,770212.0
347,2022-03-01,140.1889,141.1389,137.4289,138.4089,828586.0
348,2022-03-02,139.1089,141.2789,137.9489,140.8289,828379.0
349,2022-03-03,141.9089,141.9089,137.9989,138.8089,800820.0
350,2022-03-04,137.7889,138.3389,135.7889,136.7689,700196.0
351,2022-03-07,136.5789,137.1889,131.5289,131.6389,1086960.0
352,2022-03-08,131.3589,135.0089,129.5789,131.0289,1688201.0
353,2022-03-09,134.5389,136.2789,133.3589,135.6989,686589.0
354,2022-03-10,134.1089,134.7089,132.3689,134.2689,707793.0
355,2022-03-11,135.5289,135.6089,131.2489,131.4689,592166.0
356,2022-03-14,130.9189,132.2989,128.5889,128.9089,966186.0
357,2022-03-15,130.0289,133.2589,129.2989,133.0089,865674.0
358,2022-03-16,134.8589,137.9889,133.0989,137.9089,1140832.0
359,2022-03-17,137.1689,139.6389,136.6389,139.6389,757936.0
360,2022-03-18,139.0689,142.6789,138.4889,142.5689,883593.0
361,2022-03-21,142.3226,143.0926,140.3226,142.2126,832567.0
362,2022-03-22,142.4526,145.4626,142.2126,145.0026,523119.0
363,2022-03-23,143.8526,145.2626,142.8826,142.9126,813998.0
364,2022-03-24,143.6826,146.1026,142.8526,146.0626,511546.0
365,2022-03-25,146.1026,146.4926,144.1626,146.0026,442551.0
366,2022-03-28,145.9826,148.2926,145.4926,148.2126,637944.0
367,2022-03-29,150.0226,151.1026,148.8026,150.8526,2558348.0
368,2022-03-30,150.1426,150.7226,148.5626,149.2326,541745.0
369,2022-03-31,149.2526,149.3526,146.9426,147.1526,715021.0
370,2022-04-01,147.4026,147.7026,145.6726,147.0226,453476.0
371,2022-04-04,147.3926,150.0826,147.2526,150.0526,486861.0
372,2022-04-05,149.5326,149.7326,146.3126,146.7026,484632.0
373,2022-04-06,144.5426,144.8626,142.3826,143.4226,1162823.0
374,2022-04-07,143.1326,144.7426,141.5926,143.8026,714871.0
375,2022-04-08,143.0726,143.3926,141.5626,141.8426,667956.0
376,2022-04-11,139.9526,140.3426,138.2626,138.5226,678252.0
377,2022-04-12,140.3426,141.1026,137.2326,137.8126,1009548.0
378,2022-04-13,137.9326,141.0426,137.6626,140.6526,574521.0
379,2022-04-14,140.7126,140.7926,137.2926,137.3926,409337.0
380,2022-04-18,136.9726,138.4326,136.3026,137.5726,482408.0
381,2022-04-19,137.2226,140.8226,136.8726,140.5926,449047.0
382,2022-04-20,141.0126,141.1026,138.0226,138.5426,517766.0
383,2022-04-21,140.2526,141.2326,135.2526,135.6926,423962.0
384,2022-04-22,135.6426,136.1826,131.8426,132.0326,732063.0
385,2022-04-25,131.3626,133.8626,130.8026,133.7826,797040.0
386,2022-04-26,132.9126,132.9126,128.5326,128.6726,1116333.0
387,2022-04-27,128.6326,130.9226,127.7426,128.5426,2493038.0
388,2022-04-28,130.5726,133.8526,128.8226,133.1326,962132.0
389,2022-04-29,131.2826,132.7026,126.7826,127.1226,1200401.0
390,2022-05-02,126.8826,129.2526,125.5626,129.2426,1521267.0
391,2022-05-03,129.1026,130.2426,128.1826,129.4226,1757977.0
392,2022-05-04,129.5326,134.0126,127.3126,133.8226,1487831.0
393,2022-05-05,131.8726,131.9326,125.5626,127.1726,1386518.0
394,2022-05-06,126.1926,127.7226,123.6926,125.4526,1470381.0
395,2022-05-09,122.9926,124.0226,119.8326,120.5626,1415544.0
396,2022-05-10,123.4526,123.8626,120.1726,121.9926,3152276.0
397,2022-05-11,120.9426,123.2226,117.8726,118.2926,2259831.0
398,2022-05-12,116.4426,119.8026,115.4126,118.0126,1553193.0
399,2022-05-13,119.8026,122.7726,119.1726,122.2726,785757.0
400,2022-05-16,121.6626,122.4926,120.4026,121.0426,796201.0
401,2022-05-17,123.4026,124.2626,121.8226,124.1726,721124.0
402,2022-05-18,122.2426,122.4426,117.4126,118.0626,914515.0
403,2022-05-19,117.1726,119.2526,116.4826,117.2826,768818.0
404,2022-05-20,118.7426,119.0226,113.4626,116.9626,1309984.0
405,2022-05-23,117.4026,119.0426,116.3826,118.8726,969533.0
406,2022-05-24,116.6726,116.9126,114.2926,116.3526,1019026.0
407,2022-05-25,115.7726,118.8426,115.6326,117.9926,788535.0
408,2022-05-26,117.6426,121.9526,117.6026,121.3226,818766.0
409,2022-05-27,122.6226,125.3726,122.5926,125.3726,512084.0
410,2022-05-31,125.2826,126.2126,123.3726,125.1226,672292.0
411,2022-06-01,125.8926,126.7726,123.1426,124.0526,567436.0
412,2022-06-02,123.6026,127.5426,123.0026,127.5426,619763.0
413,2022-06-03,125.3126,125.8426,123.6226,124.0926,370708.0
414,2022-06-06,126.0126,126.6526,123.9226,124.6826,425525.0
415,2022-06-07,123.0826,125.9226,122.7326,125.6526,376068.0
416,2022-06-08,125.2926,126.3326,124.3826,124.7226,317792.0
417,2022-06-09,124.0326,125.3026,121.2826,121.3926,547253.0
418,2022-06-10,118.9926,119.4226,116.8126,116.9926,1178878.0
419,2022-06-13,113.2526,114.2226,111.1026,111.6026,1623972.0
420,2022-06-14,112.4126,112.7726,110.6126,111.7726,667116.0
421,2022-06-15,113.1126,116.1326,111.9526,114.5826,1016365.0
422,2022-06-16,111.5326,111.6726,108.9626,109.9026,1147786.0
423,2022-06-17,110.1226,112.1726,109.4426,111.1826,905468.0
424,2022-06-21,113.0478,114.9778,113.0178,114.0078,583981.0
425,2022-06-22,112.8478,115.6878,112.7178,113.8678,650623.0
426,2022-06-23,114.8978,115.9078,113.7378,115.5578,706299.0
427,2022-06-24,116.8178,119.7978,116.6978,119.7978,700001.0
428,2022-06-27,120.1678,120.3378,118.2178,118.6878,462462.0
429,2022-06-28,118.9378,119.9678,114.9378,115.0578,459071.0
430,2022-06-29,114.9778,115.7178,113.9078,115.1678,642558.0
431,2022-06-30,113.9378,115.1078,111.8578,113.5878,755669.0
432,2022-07-01,113.0778,114.5278,112.3478,114.4478,821949.0
433,2022-07-05,112.8978,116.4778,112.2478,116.3978,1149195.0
434,2022-07-06,116.6078,118.0578,115.8878,117.1478,798233.0
435,2022-07-07,117.5378,120.0278,117.5378,119.7178,721281.0
436,2022-07-08,118.5278,120.4578,118.1678,119.8478,510863.0
437,2022-07-11,118.8478,118.9378,116.9478,117.2578,466503.0
438,2022-07-12,117.7678,118.5578,115.4678,116.1378,749475.0
439,2022-07-13,113.8278,116.8078,113.6278,115.9478,808785.0
440,2022-07-14,114.7978,116.6478,113.5178,116.3478,583282.0
441,2022-07-15,117.6078,118.4778,116.9378,118.3978,412824.0
442,2022-07-18,119.5878,120.1678,117.0078,117.4278,624095.0
443,2022-07-19,119.0078,121.2078,118.2878,121.0278,482759.0
444,2022-07-20,121.2778,123.5278,120.9878,123.0478,1023566.0
445,2022-07-21,123.2378,124.8378,122.2078,124.8378,712349.0
446,2022-07-22,124.4478,125.2978,121.8578,122.6578,711293.0
447,2022-07-25,122.6078,122.7578,121.0878,121.9678,523598.0
448,2022-07-26,121.1878,121.2578,119.1578,119.5278,502288.0
449,2022-07-27,121.4678,125.2978,121.2078,124.6378,686323.0
450,2022-07-28,124.5178,126.0578,122.9678,125.8578,924084.0
451,2022-07-29,126.4578,128.4978,125.8978,128.1778,785544.0
452,2022-08-01,127.4478,129.5278,126.9778,128.1178,533871.0
453,2022-08-02,127.1178,129.4178,126.7178,127.6778,2538669.0
454,2022-08-03,128.5078,131.5478,128.3878,131.1178,835911.0
455,2022-08-04,131.2578,131.9478,130.3778,131.8878,726194.0
456,2022-08-05,129.6978,131.5778,129.3778,130.7878,736431.0
457,2022-08-08,130.9578,132.6678,129.7278,130.3378,875681.0
458,2022-08-09,129.4778,129.6178,128.1878,128.8378,382791.0
459,2022-08-10,131.9078,132.5878,130.8978,132.4178,1373812.0
460,2022-08-11,133.4478,134.2878,131.4378,131.7678,593912.0
461,2022-08-12,132.6578,134.3878,132.1678,134.3478,448005.0
462,2022-08-15,133.9678,135.6078,133.9578,135.4078,412784.0
463,2022-08-16,135.1178,135.9378,133.8378,135.1678,534609.0
464,2022-08-17,133.7778,134.7278,132.6878,133.5478,534870.0
465,2022-08-18,133.4878,134.3278,132.8478,133.8578,447759.0
466,2022-08-19,132.5178,132.8078,130.8978,131.2078,1012596.0
467,2022-08-22,129.4078,129.4978,127.3778,127.7678,535169.0
468,2022-08-23,127.5778,128.7978,127.3278,127.6378,2853765.0
469,2022-08-24,127.3978,128.7278,127.1678,127.9378,624510.0
470,2022-08-25,128.7278,130.2878,128.2878,130.2878,346370.0
471,2022-08-26,130.1578,130.6278,124.8478,124.9178,1013200.0
472,2022-08-29,123.7078,124.7378,123.2278,123.6178,772902.0
473,2022-08-30,124.3378,124.5178,121.1978,122.2378,675109.0
474,2022-08-31,123.4378,123.7678,121.4878,121.6078,617067.0
475,2022-09-01,120.4178,121.7178,118.9378,121.5578,947027.0
476,2022-09-02,122.7978,123.3378,119.1478,119.8978,674861.0
477,2022-09-06,120.0178,120.3778,118.0678,118.9978,1009972.0
478,2022-09-07,119.1278,121.7678,119.0478,121.3978,594859.0
479,2022-09-08,120.4178,122.5278,119.9378,122.0078,1014184.0
480,2022-09-09,122.9778,124.9178,122.9778,124.6378,670843.0
481,2022-09-12,125.3378,126.3478,125.1878,126.1978,423032.0
482,2022-09-13,122.5578,123.0478,118.8578,119.2278,811286.0
483,2022-09-14,119.7278,120.5378,118.9778,120.2078,1162044.0
484,2022-09-15,119.3078,120.3778,117.4978,118.1378,758204.0
485,2022-09-16,116.7178,117.5778,115.9078,117.3178,711640.0
486,2022-09-19,116.3331,118.3731,116.3031,118.3631,566590.0
487,2022-09-20,117.2931,118.3431,116.4331,117.3931,377080.0
488,2022-09-21,117.8231,119.5131,115.2131,115.2631,1427871.0
489,2022-09-22,114.6131,115.0231,113.3131,113.8331,869532.0
490,2022-09-23,112.8131,112.8631,110.5231,112.0331,1630028.0
491,2022-09-26,111.7531,113.5631,111.1731,111.3531,842484.0
492,2022-09-27,112.9231,113.8631,110.6131,111.5531,947331.0
493,2022-09-28,111.5031,114.3031,110.9131,113.8431,1202833.0
494,2022-09-29,112.0831,112.2431,109.2131,110.5731,1324191.0
495,2022-09-30,110.0731,111.8131,108.4931,108.5831,1200143.0
496,2022-10-03,109.4031,111.8031,108.7031,111.1631,1097542.0
497,2022-10-04,113.4031,114.9631,113.4031,114.7231,1051160.0
498,2022-10-05,113.0731,115.3631,111.9631,114.5931,798469.0
499,2022-10-06,114.1931,115.5031,113.5831,113.7531,844975.0
500,2022-10-07,111.7231,111.7731,108.7931,109.3031,1635997.0
501,2022-10-10,109.4131,109.4931,107.0931,108.1731,987640.0
502,2022-10-11,107.5231,108.6931,106.0131,106.7931,1381985.0
503,2022-10-12,107.0631,107.7531,106.4131,106.7431,824494.0
504,2022-10-13,103.5931,109.7531,103.2531,109.1931,1791436.0
505,2022-10-14,110.1931,110.3931,105.6431,105.9131,1020395.0
506,2022-10-17,108.3531,109.7631,108.3431,109.3731,862729.0
507,2022-10-18,112.3731,112.6331,109.1831,110.3531,973112.0
508,2022-10-19,109.6631,111.1831,108.9031,109.9331,1168860.0
509,2022-10-20,109.5231,111.6731,108.8531,109.3031,967783.0
510,2022-10-21,108.8531,112.1331,108.4531,111.9631,846685.0
511,2022-10-24,112.1031,113.5531,110.5231,113.2031,1742989.0
512,2022-10-25,113.6031,115.6831,113.6031,115.5131,689921.0
513,2022-10-26,113.1531,115.4031,112.7631,112.9331,1195241.0
514,2022-10-27,112.4931,113.0631,110.6631,110.8431,843198.0
515,2022-10-28,110.5631,114.4931,110.5531,114.3131,899969.0
516,2022-10-31,113.3731,113.6131,112.1831,112.9831,606015.0
517,2022-11-01,114.5031,114.6531,111.6531,111.8031,927868.0
518,2022-11-02,111.7831,113.0431,107.8931,107.9731,1435424.0
519,2022-11-03,106.7331,107.3831,105.6331,105.8431,1192462.0
520,2022-11-04,107.9231,108.2831,105.2031,107.4731,1465698.0
521,2022-11-07,107.9631,108.9031,107.0631,108.6931,562891.0
522,2022-11-08,109.3731,110.8531,107.8631,109.5131,1162821.0
523,2022-11-09,108.7031,109.0831,106.8331,106.9731,674788.0
524,2022-11-10,112.1431,115.0531,111.3031,114.8731,3049057.0
525,2022-11-11,114.9131,117.3531,114.3231,117.0931,978841.0
526,2022-11-14,116.2231,117.5831,115.6531,116.0531,1386356.0
527,2022-11-15,118.9331,119.2531,116.2931,117.6831,1269005.0
528,2022-11-16,116.7831,116.9331,115.7231,116.0331,619030.0
529,2022-11-17,114.1831,116.3831,114.1131,115.8031,874904.0
530,2022-11-18,117.0731,117.0931,114.7831,115.9231,731756.0
531,2022-11-21,115.2131,115.6731,114.2431,114.6131,455434.0
532,2022-11-22,114.9031,116.3131,114.0031,116.2231,697115.0
533,2022-11-23,116.2731,117.6731,116.1931,117.5331,834422.0
534,2022-11-25,116.7731,117.0331,116.4831,116.6731,476436.0
535,2022-11-28,115.8331,116.6631,114.5431,114.9131,531256.0
536,2022-11-29,114.9831,115.1431,113.4631,114.0931,467021.0
537,2022-11-30,114.1731,119.3731,113.8431,119.3731,1158167.0
538,2022-12-01,119.4531,120.3131,118.2731,119.4931,1104187.0
539,2022-12-02,117.3931,119.3131,117.2831,118.9831,767036.0
540,2022-12-05,118.0531,118.6231,116.4131,117.0231,474366.0
541,2022-12-06,116.8931,116.9431,113.9231,114.6631,718195.0
542,2022-12-07,113.9431,114.8631,113.3431,114.0231,800889.0
543,2022-12-08,114.6131,115.7931,113.7631,115.3731,716581.0
544,2022-12-09,115.0031,116.1231,114.5031,114.7031,1071311.0
545,2022-12-12,114.7231,116.1131,114.3231,116.1031,518143.0
546,2022-12-13,120.6931,120.7331,116.2531,117.4131,1648119.0
547,2022-12-14,117.1631,118.5131,115.1731,116.4031,1154565.0
548,2022-12-15,114.7831,115.0231,112.0331,112.6331,1570617.0
549,2022-12-16,112.2431,112.8431,110.7931,111.4931,2342116.0
550,2022-12-19,111.5635,111.5635,109.3535,109.9135,815235.0
551,2022-12-20,109.3635,110.4835,108.7235,109.7935,733064.0
552,2022-12-21,110.2135,111.9235,109.8735,111.4035,864617.0
553,2022-12-22,110.1135,110.1135,106.8735,108.6935,2352819.0
554,2022-12-23,108.1035,109.1135,107.3235,108.9335,854732.0
555,2022-12-27,108.6635,108.6635,107.1335,107.2935,1028685.0
556,2022-12-28,107.1535,108.0335,105.7835,105.9035,854285.0
557,2022-12-29,107.1035,108.8835,106.7835,108.5535,776107.0
558,2022-12-30,107.3535,108.4835,106.8035,108.4335,766908.0
559,2023-01-03,109.4035,110.0135,106.7535,107.6535,1514139.0
560,2023-01-04,108.5835,108.9135,106.9035,108.2135,750106.0
561,2023-01-05,107.4735,107.5635,106.3835,106.6035,848878.0
562,2023-01-06,107.2635,109.9135,106.0435,109.4435,1068796.0
563,2023-01-09,110.3935,112.1435,109.9535,110.2435,1815533.0
564,2023-01-10,109.8035,111.1835,109.6035,111.1735,463788.0
565,2023-01-11,111.7035,113.1435,111.2635,113.1435,536654.0
566,2023-01-12,113.4535,114.1035,111.5635,113.7135,910044.0
567,2023-01-13,112.6635,114.5835,112.6035,114.5035,608216.0
568,2023-01-17,114.4535,115.2435,113.9635,114.7435,844161.0
569,2023-01-18,115.4635,116.0135,113.1335,113.2235,491132.0
570,2023-01-19,112.4735,112.9935,111.5935,112.1035,547460.0
571,2023-01-20,112.7635,115.3335,112.3435,115.2135,547620.0
572,2023-01-23,115.5535,118.2935,115.2535,117.7635,731690.0
573,2023-01-24,117.1335,117.9735,116.9035,117.5435,706111.0
574,2023-01-25,115.6035,117.5235,114.5735,117.2935,604745.0
575,2023-01-26,118.7335,119.6535,117.6135,119.5935,749235.0
576,2023-01-27,119.0535,121.6035,118.9835,120.7735,1474903.0
577,2023-01-30,119.3835,119.9735,118.1835,118.2935,555047.0
578,2023-01-31,118.4035,120.1435,118.3435,120.1235,961863.0
579,2023-02-01,120.0235,123.7235,119.1635,122.7235,1414361.0
580,2023-02-02,125.4635,127.9535,125.1235,127.1035,1880015.0
581,2023-02-03,124.2635,127.4135,124.2135,124.8935,1305391.0
582,2023-02-06,123.7735,124.7435,123.2835,123.7735,978260.0
583,2023-02-07,123.7435,126.8535,123.3235,126.3935,4281478.0
584,2023-02-08,125.8335,126.1835,123.8535,124.1235,1015070.0
585,2023-02-09,126.0435,126.0435,122.4035,123.0335,956033.0
586,2023-02-10,122.0935,122.9135,121.2135,122.2235,597540.0
587,2023-02-13,122.7735,124.4135,122.2935,124.2135,893761.0
588,2023-02-14,123.5535,125.4935,122.8035,125.1135,603246.0
589,2023-02-15,124.3535,126.1335,124.1235,126.0835,462278.0
590,2023-02-16,124.1335,125.7635,123.6235,123.6935,585741.0
591,2023-02-17,122.7335,123.0935,121.5535,122.8035,1586628.0
592,2023-02-21,121.1635,121.7635,119.8035,119.9135,893588.0
593,2023-02-22,120.1235,120.8035,119.3035,119.9235,1764920.0
594,2023-02-23,121.4835,121.5435,119.2635,120.9835,776594.0
595,2023-02-24,118.8835,119.3935,118.2335,118.9535,1010223.0
596,2023-02-27,120.3135,120.8635,119.5935,119.8335,661377.0
597,2023-02-28,119.5735,120.7035,119.4735,119.6935,701791.0
598,2023-03-01,119.5235,119.8135,118.3035,118.6835,612177.0
599,2023-03-02,117.6435,120.0335,117.5535,119.7735,630335.0
600,2023-03-03,120.4435,122.2835,120.2235,122.2035,697531.0
601,2023-03-06,122.7735,123.9635,122.2635,122.3535,1120462.0
602,2023-03-07,122.3635,122.7135,120.5635,120.8335,3501273.0
603,2023-03-08,121.0135,121.6535,120.2535,121.4335,522466.0
604,2023-03-09,121.6235,122.7035,118.9735,119.2735,770611.0
605,2023-03-10,119.3535,119.9735,117.1635,117.6435,1956481.0
606,2023-03-13,116.8135,120.0135,116.2535,118.4535,2472958.0
607,2023-03-14,120.0235,121.4535,119.6535,121.1735,1065029.0
608,2023-03-15,120.1135,122.0135,119.5735,121.8435,1379174.0
609,2023-03-16,121.4935,125.2735,121.1835,125.1035,1138694.0
610,2023-03-17,125.0335,126.1035,123.7235,124.5335,2094690.0
611,2023-03-20,124.2778,125.0978,123.3778,124.9378,910178.0
612,2023-03-21,125.7978,126.9678,125.1678,126.7678,3538974.0
613,2023-03-22,126.7878,128.7878,124.9878,125.0078,2601024.0
614,2023-03-23,126.6278,128.3578,125.4378,126.5678,1727900.0
615,2023-03-24,126.3578,127.0378,125.4078,127.0178,1054145.0
616,2023-03-27,127.3178,127.7178,125.7978,126.1578,1163574.0
617,2023-03-28,125.8678,125.8978,124.4978,125.4778,647560.0
618,2023-03-29,127.0178,128.0178,126.6778,127.7978,632348.0
619,2023-03-30,128.7878,129.2278,128.2678,128.9978,1087857.0
620,2023-03-31,129.0878,131.2278,128.9678,131.1678,602655.0
621,2023-04-03,130.2178,130.9278,129.6978,130.8178,1073333.0
622,2023-04-04,131.0378,131.3778,129.8678,130.3878,966658.0
623,2023-04-05,129.9478,130.0578,128.3278,129.0378,970381.0
624,2023-04-06,128.4078,130.1578,127.8378,129.9678,634527.0
625,2023-04-10,128.7178,129.8978,128.0278,129.8778,950057.0
626,2023-04-11,129.8678,129.8678,128.8378,129.0278,568191.0
627,2023-04-12,129.8878,130.1078,127.7078,127.8678,1110830.0
628,2023-04-13,128.6378,130.5878,128.5878,130.4578,521994.0
629,2023-04-14,129.7778,130.8678,128.9878,130.1978,541927.0
630,2023-04-17,130.0078,130.4378,129.1678,130.2978,402975.0
631,2023-04-18,131.1778,131.3478,129.8078,130.2678,783108.0
632,2023-04-19,129.2978,130.6678,129.2678,130.2678,583668.0
633,2023-04-20,128.9978,130.4578,128.6978,129.2278,712888.0
634,2023-04-21,129.0878,129.6778,128.3478,129.3478,529325.0
635,2023-04-24,129.2778,129.8278,128.1978,129.1078,685602.0
636,2023-04-25,128.4678,128.6678,126.6278,126.6378,797323.0
637,2023-04-26,127.9978,128.6678,127.2078,127.3878,746795.0
638,2023-04-27,128.9978,131.1078,128.7578,130.8978,787367.0
639,2023-04-28,130.8078,131.8378,130.3978,131.8378,927505.0
640,2023-05-01,131.6178,132.1878,131.2178,131.6378,561003.0
641,2023-05-02,131.6578,131.7378,129.7878,130.4678,986146.0
642,2023-05-03,130.6678,131.7478,129.6078,129.6578,920585.0
643,2023-05-04,129.5478,129.9878,128.7578,129.2578,629283.0
644,2023-05-05,130.0478,132.3078,129.9978,131.9878,734955.0
645,2023-05-08,131.8078,132.4278,131.3278,132.3378,1496473.0
646,2023-05-09,131.6178,131.9278,131.3078,131.4778,959740.0
647,2023-05-10,132.4778,133.2378,131.4478,132.8778,696795.0
648,2023-05-11,133.1378,133.5378,132.4678,133.3378,753804.0
649,2023-05-12,133.5778,133.7278,131.9978,132.8078,591052.0
650,2023-05-15,133.0278,133.6578,132.4078,133.5878,553620.0
651,2023-05-16,133.3178,134.4378,133.2878,133.7178,591444.0
652,2023-05-17,134.1678,135.5778,133.7078,135.3078,836971.0
653,2023-05-18,135.5378,137.9578,135.4878,137.8678,1059589.0
654,2023-05-19,137.9778,138.2578,137.1278,137.5378,1003485.0
655,2023-05-22,137.5178,138.4278,137.4678,138.0978,756673.0
656,2023-05-23,137.3478,137.7778,136.1378,136.2578,1737243.0
657,2023-05-24,135.4478,136.0778,134.7178,135.5878,2195909.0
658,2023-05-25,138.6778,139.3878,137.6578,138.8778,1230658.0
659,2023-05-26,139.3478,142.8078,139.2978,142.4678,1269980.0
660,2023-05-30,144.3078,144.7178,142.5378,143.0878,1282422.0
661,2023-05-31,142.4678,143.2278,141.6978,142.2478,1494067.0
662,2023-06-01,142.2178,144.4678,141.7578,143.9478,699411.0
663,2023-06-02,144.6678,145.5178,143.9778,145.0678,1266937.0
664,2023-06-05,144.9978,146.2078,144.7378,145.1178,8216903.0
665,2023-06-06,144.8778,145.5178,144.3678,145.1178,933802.0
666,2023-06-07,145.2978,146.0478,142.3778,142.6478,1048437.0
667,2023-06-08,142.7778,144.6178,142.7178,144.3378,559685.0
668,2023-06-09,145.0878,146.2478,144.4178,144.9378,839190.0
669,2023-06-12,145.6878,147.4578,145.2878,147.4278,696487.0
670,2023-06-13,148.6178,148.9078,147.2878,148.6078,1007662.0
671,2023-06-14,148.6278,149.7778,147.4378,149.6878,1288120.0
672,2023-06-15,149.1578,152.0878,148.9178,151.4478,949764.0
673,2023-06-16,152.4878,152.5178,150.3478,150.4778,1002544.0
674,2023-06-20,149.9245,150.8345,149.0945,150.3245,1093065.0
675,2023-06-21,149.8245,149.9645,147.8645,148.3345,973621.0
676,2023-06-22,147.7545,150.0545,147.5945,150.0145,763774.0
677,2023-06-23,148.3645,149.4645,147.8345,148.4945,633038.0
678,2023-06-26,148.3345,149.4545,146.4745,146.5745,2466444.0
679,2023-06-27,147.1645,149.3445,146.8545,149.0645,2390104.0
680,2023-06-28,148.3045,150.1245,148.2745,149.3645,740061.0
681,2023-06-29,149.2145,149.4445,148.3445,149.0545,778742.0
682,2023-06-30,150.5745,151.7245,150.4345,151.3545,908458.0
683,2023-07-03,151.5945,151.9445,151.1745,151.7345,428876.0
684,2023-07-05,151.0545,152.4145,151.0245,151.6845,893615.0
685,2023-07-06,150.1545,150.7045,149.3145,150.5145,1248173.0
686,2023-07-07,150.4645,151.7545,149.9545,150.0845,888853.0
687,2023-07-10,149.9045,150.3345,148.8845,150.1145,885755.0
688,2023-07-11,150.2745,151.0045,149.3745,150.8045,898782.0
689,2023-07-12,152.5945,153.2945,151.7245,152.7345,1346118.0
690,2023-07-13,154.0945,155.6845,153.8545,155.3145,981556.0
691,2023-07-14,155.5745,156.8545,154.9745,155.3445,1169838.0
692,2023-07-17,155.6345,157.1245,155.4245,156.7145,682351.0
693,2023-07-18,156.5245,158.6045,155.7345,158.0745,1225160.0
694,2023-07-19,158.5145,158.9445,157.4745,157.9045,1192329.0
695,2023-07-20,156.7745,157.3545,153.9545,154.3645,974101.0
696,2023-07-21,155.3645,155.6345,153.7545,153.9145,915947.0
697,2023-07-24,154.2545,154.6945,153.3745,154.1645,742540.0
698,2023-07-25,154.4845,155.8945,154.4645,155.2545,647734.0
699,2023-07-26,154.7745,155.3845,153.7645,154.6645,964814.0
700,2023-07-27,156.9645,157.6245,153.7845,154.3045,1110455.0
701,2023-07-28,156.0345,157.5545,155.8445,157.1045,1118869.0
702,2023-07-31,157.2945,157.6845,156.6945,157.3045,946729.0
703,2023-08-01,156.6545,157.1545,156.0145,156.8645,798341.0
704,2023-08-02,155.4145,155.4145,152.8845,153.4045,1294022.0
705,2023-08-03,152.4045,154.0245,152.3345,153.1145,1029633.0
706,2023-08-04,153.9545,154.9145,152.2445,152.4345,1221243.0
707,2023-08-07,153.1945,153.7645,152.2245,153.6945,1567403.0
708,2023-08-08,152.6945,152.6945,151.1045,152.3845,1266428.0
709,2023-08-09,152.5045,152.5345,150.4245,150.6845,1736220.0
710,2023-08-10,151.9745,153.3645,150.3645,151.0345,1097001.0
711,2023-08-11,149.9145,150.7445,149.4045,150.0445,838738.0
712,2023-08-14,149.7545,151.7745,149.4645,151.7745,764459.0
713,2023-08-15,151.3345,151.6145,149.8445,150.1545,977865.0
714,2023-08-16,149.9145,150.4645,148.4845,148.5045,1037444.0
715,2023-08-17,149.1145,149.2245,146.7145,146.8845,1460266.0
716,2023-08-18,145.4745,147.2145,145.2845,146.6845,1022351.0
717,2023-08-21,147.3045,149.3745,147.1445,149.1245,2346851.0
718,2023-08-22,150.1745,150.1745,148.6045,148.8745,916003.0
719,2023-08-23,149.3445,151.6745,149.2745,151.2745,732377.0
720,2023-08-24,152.6945,152.7245,147.9145,147.9545,1353725.0
721,2023-08-25,148.3345,149.8145,146.9145,149.1845,1326280.0
722,2023-08-28,150.4045,150.6345,149.2445,150.3245,780944.0
723,2023-08-29,150.1645,153.7045,150.0745,153.5245,811717.0
724,2023-08-30,153.6245,154.6645,153.2045,154.4545,1261663.0
725,2023-08-31,154.4345,155.5845,154.4345,154.8045,725115.0
726,2023-09-01,155.8845,156.0445,154.1045,154.7445,1110479.0
727,2023-09-05,154.3745,155.4245,154.0245,154.9245,706428.0
728,2023-09-06,154.5845,154.7145,152.7145,153.6045,920961.0
729,2023-09-07,151.6845,152.7645,151.2545,152.4345,1088749.0
730,2023-09-08,152.4245,153.5945,152.2645,152.6545,1028377.0
731,2023-09-11,153.9345,154.6845,153.1245,154.4845,1247985.0
732,2023-09-12,153.7745,154.3345,152.6245,152.7645,1079162.0
733,2023-09-13,152.8345,153.9845,152.3745,153.3645,825515.0
734,2023-09-14,154.0645,154.9845,153.2145,154.6045,698330.0
735,2023-09-15,154.0445,154.1545,151.5645,151.8745,1116609.0
736,2023-09-18,151.5393,152.5493,151.4293,152.1093,782935.0
737,2023-09-19,151.5293,152.0693,150.5193,151.7993,803198.0
738,2023-09-20,152.2193,152.3493,149.5693,149.6093,1396972.0
739,2023-09-21,148.0493,148.3193,146.7693,146.7793,1207466.0
740,2023-09-22,147.5993,148.4393,146.7393,146.8693,1203016.0
741,2023-09-25,146.4393,147.5693,146.0393,147.5693,844722.0
742,2023-09-26,146.5493,146.6793,144.9193,145.3093,1383964.0
743,2023-09-27,145.7993,146.4593,144.1493,145.6793,1495729.0
744,2023-09-28,145.2793,147.7493,144.9493,146.8493,1620195.0
745,2023-09-29,148.3393,148.9093,146.4993,147.0293,1517735.0
746,2023-10-02,147.0993,148.7893,146.8693,148.2693,2144624.0
747,2023-10-03,147.2093,148.0693,144.9493,145.6093,1379109.0
748,2023-10-04,146.0393,147.9593,145.8093,147.6293,969639.0
749,2023-10-05,147.6093,147.7293,145.7193,147.1493,900012.0
750,2023-10-06,145.9493,150.1293,145.5993,149.6093,1372498.0
751,2023-10-09,148.6493,150.6393,148.0793,150.4093,746895.0
752,2023-10-10,150.5693,152.3593,150.3593,151.2293,1103853.0
753,2023-10-11,151.7993,152.4093,151.0993,152.3293,1025493.0
754,2023-10-12,152.5793,153.2893,150.8193,151.7793,1983154.0
755,2023-10-13,152.0693,152.2493,149.3193,149.8893,1044357.0
756,2023-10-16,150.4293,152.0093,150.3693,151.6293,687677.0
757,2023-10-17,150.0893,151.7793,149.2493,151.1193,932893.0
758,2023-10-18,150.0393,150.9693,148.5493,149.1093,1282404.0
759,2023-10-19,149.6793,150.1777,147.3793,147.6893,1339309.0
760,2023-10-20,147.5193,147.7093,145.4093,145.5093,1546308.0
761,2023-10-23,144.9093,147.3993,144.0893,145.9393,1505767.0
762,2023-10-24,146.6993,147.6693,146.0093,147.3493,1009039.0
763,2023-10-25,146.3493,146.3993,143.5093,143.7493,1450299.0
764,2023-10-26,143.2493,143.5993,140.4593,140.8793,2115375.0
765,2023-10-27,142.1493,143.1093,141.1793,141.7093,1791012.0
766,2023-10-30,142.7093,143.792,142.1693,143.2893,1078420.0
767,2023-10-31,143.2793,144.1093,142.2393,143.9493,6855720.0
768,2023-11-01,144.3093,146.7093,144.2793,146.5493,1408688.0
769,2023-11-02,148.3493,149.2493,147.8693,149.1293,2679401.0
770,2023-11-03,149.6793,151.4292,149.5793,150.9193,1677776.0
771,2023-11-06,151.2293,151.7393,150.5693,151.4893,1671619.0
772,2023-11-07,151.9493,153.3093,151.4693,152.9493,1201296.0
773,2023-11-08,153.1093,153.3893,152.0993,153.0693,1130178.0
774,2023-11-09,153.3393,153.8093,151.6693,151.9093,2382508.0
775,2023-11-10,152.5893,155.3393,152.4093,155.2593,2248878.0
776,2023-11-13,154.6693,155.2293,154.0293,154.8393,1368140.0
777,2023-11-14,157.4893,158.5333,157.2693,158.1493,1487125.0
778,2023-11-15,158.9693,159.1293,157.7093,158.2793,1096762.0
779,2023-11-16,157.9393,158.4893,157.4193,158.4193,1447833.0
780,2023-11-17,158.1093,158.8593,157.7294,158.4593,898709.0
781,2023-11-20,158.4393,160.6593,158.4393,160.3793,5635242.0
782,2023-11-21,159.6793,159.7293,158.7393,159.4493,1296889.0
783,2023-11-22,160.3293,161.3293,159.7193,160.1093,1596724.0
784,2023-11-24,159.9693,160.1593,159.4593,159.8793,503186.0
785,2023-11-27,159.6693,160.5367,159.3743,159.7193,1167715.0
786,2023-11-28,159.4293,160.3843,159.2793,160.1393,1251455.0
787,2023-11-29,161.1693,161.7693,159.8593,160.0193,841749.0
788,2023-11-30,160.0893,160.2493,158.3693,159.5693,1216567.0
789,2023-12-01,159.1393,160.2993,158.4693,160.0493,1211977.0
790,2023-12-04,158.4893,158.6693,157.0593,158.5493,2054624.0
791,2023-12-05,157.7493,159.4493,157.7193,158.9693,3481086.0
792,2023-12-06,160.1893,160.2293,157.8993,158.0193,1878480.0
793,2023-12-07,159.2793,160.5993,158.8393,160.3093,1269250.0
794,2023-12-08,159.5393,161.1649,159.5193,160.9893,1461595.0
795,2023-12-11,160.8493,162.4693,160.7493,162.3693,897627.0
796,2023-12-12,162.3893,163.6993,161.9168,163.6993,773058.0
797,2023-12-13,164.0393,165.9993,163.7393,165.7393,2176994.0
798,2023-12-14,166.2793,166.7893,164.3493,165.5893,1779239.0
799,2023-12-15,165.9693,166.8893,165.6893,166.2493,1464173.0
800,2023-12-18,166.58,167.82,166.45,167.48,1690097.0
801,2023-12-19,167.68,168.36,167.58,168.29,1064960.0
802,2023-12-20,168.0,168.84,165.755,165.81,1346000.0
803,2023-12-21,167.44,167.89,166.41,167.75,1171460.0
804,2023-12-22,168.27,168.64,167.22,168.02,1329725.0
805,2023-12-26,168.36,169.305,168.312,169.03,790455.0
806,2023-12-27,169.18,169.48,168.79,169.35,1616135.0
807,2023-12-28,169.84,169.94,169.1499,169.28,1279783.0
808,2023-12-29,169.3,169.43,167.79,168.54,1147797.0
809,2024-01-02,167.03,167.14,164.75,165.7,2061595.0
810,2024-01-03,164.62,165.0392,163.78,163.92,1870933.0
811,2024-01-04,163.18,164.46,163.03,163.11,1375569.0
812,2024-01-05,163.18,164.4305,162.74,163.32,1114079.0
813,2024-01-08,163.83,166.8045,163.78,166.7,1894205.0
814,2024-01-09,165.42,167.39,165.37,167.02,1583658.0
815,2024-01-10,167.15,168.5595,166.8,168.16,1122143.0
816,2024-01-11,168.7,169.22,166.41,168.54,4047603.0
817,2024-01-12,168.92,169.27,168.01,168.6,1289111.0
818,2024-01-16,168.07,169.21,167.5,168.57,1202578.0
819,2024-01-17,167.2,167.77,165.86,167.62,3775380.0
820,2024-01-18,169.08,170.24,168.46,170.09,1867748.0
821,2024-01-19,170.93,173.43,170.679,173.39,1875659.0
822,2024-01-22,174.28,174.81,173.35,173.6,2086248.0
823,2024-01-23,173.88,174.39,173.155,174.37,1043136.0
824,2024-01-24,175.93,176.94,175.09,175.29,2255715.0
825,2024-01-25,176.34,176.6024,174.56,175.49,1431528.0
826,2024-01-26,174.69,175.43,174.2,174.47,1054915.0
827,2024-01-29,174.65,176.31,174.38,176.25,1116913.0
828,2024-01-30,175.84,176.015,174.7,175.05,1683324.0
829,2024-01-31,173.24,174.065,171.58,171.61,2298833.0
830,2024-02-01,172.38,173.86,172.0,173.72,2048074.0
831,2024-02-02,174.47,177.11,174.1,176.67,2009671.0
832,2024-02-05,176.61,176.84,174.96,176.38,1663600.0
833,2024-02-06,176.82,177.09,175.04,176.04,1471049.0
834,2024-02-07,177.16,178.165,176.665,177.82,1445611.0
835,2024-02-08,177.94,178.47,177.5951,178.17,816954.0
