,date,open,high,low,close,volume
0,2021-11-10,106.75,119.46,95.2,100.73,103679466.0
1,2021-11-11,114.63,125.0,108.01,122.99,83668202.0
2,2021-11-12,128.65,135.2,125.25,129.95,50636796.0
3,2021-11-15,130.8,152.53,127.51,149.36,64982343.0
4,2021-11-16,163.8,179.47,153.78,172.01,94036577.0
5,2021-11-17,160.88,163.0,140.35,146.07,71765590.0
6,2021-11-18,136.81,138.78,120.15,123.38,63603613.0
7,2021-11-19,129.98,139.9,125.6,128.6,49479449.0
8,2021-11-22,123.88,124.93,106.91,118.11,40993870.0
9,2021-11-23,117.83,124.0,113.0,119.85,24967930.0
10,2021-11-24,119.38,120.0,113.45,114.85,11539220.0
11,2021-11-26,111.0,114.5,106.14,112.13,9871163.0
12,2021-11-29,115.85,122.25,113.6,119.77,13923924.0
13,2021-11-30,119.9,121.49,114.1,119.76,20204939.0
14,2021-12-01,120.54,126.75,113.1,115.69,13317022.0
15,2021-12-02,114.17,118.45,107.75,110.77,10835537.0
16,2021-12-03,110.49,111.87,100.0,104.67,13819221.0
17,2021-12-06,106.36,117.48,100.32,116.78,19725442.0
18,2021-12-07,119.52,120.21,112.4,116.18,12173265.0
19,2021-12-08,116.22,123.4,112.82,122.12,12815992.0
20,2021-12-09,119.95,121.32,114.4,115.4,8516690.0
21,2021-12-10,115.71,118.01,110.8,114.66,8387504.0
22,2021-12-13,118.14,121.64,113.95,118.9,14737495.0
23,2021-12-14,114.77,117.9,112.71,117.14,8057732.0
24,2021-12-15,115.47,116.74,109.21,115.0,10828610.0
25,2021-12-16,116.76,117.0,107.06,108.87,13627639.0
26,2021-12-17,99.92,100.6,92.62,97.7,44475030.0
27,2021-12-20,94.8,96.4,88.4,89.98,16072662.0
28,2021-12-21,92.19,98.42,92.05,96.82,12915065.0
29,2021-12-22,96.39,98.9,93.39,96.34,8644060.0
30,2021-12-23,96.35,97.82,93.81,96.84,5670121.0
31,2021-12-27,96.9,107.49,96.8,107.09,15497012.0
32,2021-12-28,105.04,106.0,101.0,102.87,8827485.0
33,2021-12-29,101.19,102.58,96.62,99.34,8754919.0
34,2021-12-30,98.85,105.29,98.66,103.42,10874677.0
35,2021-12-31,102.44,106.12,102.28,103.69,5814883.0
36,2022-01-03,106.14,106.55,100.25,102.72,8356564.0
37,2022-01-04,102.99,106.8,99.01,101.39,12152212.0
38,2022-01-05,98.32,99.22,89.28,90.01,18645144.0
39,2022-01-06,91.88,92.03,75.13,87.33,39827057.0
40,2022-01-07,87.02,89.27,81.62,86.28,17515944.0
41,2022-01-10,83.52,83.75,77.65,81.44,17289838.0
42,2022-01-11,78.94,86.58,78.12,83.55,19970628.0
43,2022-01-12,84.9,88.07,82.63,86.48,14422790.0
44,2022-01-13,86.94,86.94,79.89,80.31,13677509.0
45,2022-01-14,79.79,81.69,77.01,79.95,15837984.0
46,2022-01-18,77.53,77.84,72.86,73.16,16824830.0
47,2022-01-19,74.82,76.32,68.95,69.4,15068410.0
48,2022-01-20,70.86,72.08,64.81,65.02,18642718.0
49,2022-01-21,63.87,67.16,60.51,64.51,19344685.0
50,2022-01-24,60.11,64.3,55.1,63.9,24134813.0
51,2022-01-25,61.11,61.93,58.0,59.61,16557239.0
52,2022-01-26,62.35,68.07,59.01,60.27,23694075.0
53,2022-01-27,61.33,61.7,53.33,53.94,23416377.0
54,2022-01-28,53.6,57.3,50.0,57.12,23965079.0
55,2022-01-31,58.65,65.93,57.92,65.74,18684866.0
56,2022-02-01,67.28,71.46,62.35,69.62,24476526.0
57,2022-02-02,69.39,69.9,63.55,64.32,15610304.0
58,2022-02-03,60.83,63.92,59.0,60.36,19776330.0
59,2022-02-04,62.07,62.78,59.11,60.87,14588481.0
60,2022-02-07,60.88,63.83,57.52,58.36,14781985.0
61,2022-02-08,58.08,61.54,56.44,60.95,12079248.0
62,2022-02-09,61.86,65.12,60.75,64.53,13343731.0
63,2022-02-10,61.46,68.98,60.66,64.72,17665374.0
64,2022-02-11,64.5,66.4,57.7,58.85,15293350.0
65,2022-02-14,60.36,66.4,59.9,62.65,26874502.0
66,2022-02-15,65.8,67.18,63.88,66.29,16267409.0
67,2022-02-16,65.37,66.43,63.34,66.25,12768287.0
68,2022-02-17,64.69,71.5,64.13,64.74,22387735.0
69,2022-02-18,65.77,66.9,63.01,66.37,14965890.0
70,2022-02-22,65.25,69.1,59.76,62.39,22737010.0
71,2022-02-23,63.43,63.5,57.05,57.53,22637048.0
72,2022-02-24,54.24,64.43,53.5,63.71,24082217.0
73,2022-02-25,63.35,63.99,60.81,63.43,13455160.0
74,2022-02-28,63.49,68.15,62.4,67.56,19270233.0
75,2022-03-01,65.43,66.54,60.8,61.91,17204090.0
76,2022-03-02,59.14,59.14,53.3,53.56,36559845.0
77,2022-03-03,54.36,56.0,50.02,50.91,28535496.0
78,2022-03-04,51.01,51.41,46.66,47.39,24430480.0
79,2022-03-07,48.0,49.44,42.28,42.43,22985243.0
80,2022-03-08,41.89,45.06,39.86,42.21,25165008.0
81,2022-03-09,43.39,46.25,42.69,43.95,15784712.0
82,2022-03-10,44.11,44.19,39.77,41.16,31481076.0
83,2022-03-11,38.32,41.0,37.5,38.05,42597909.0
84,2022-03-14,37.74,37.74,34.9,35.83,20756413.0
85,2022-03-15,35.67,37.32,33.46,37.0,19671319.0
86,2022-03-16,38.5,42.1,37.65,41.58,23752157.0
87,2022-03-17,40.84,42.75,38.52,42.13,17167200.0
88,2022-03-18,42.61,45.7,42.33,45.6,19770637.0
89,2022-03-21,45.64,46.55,42.31,43.56,13226957.0
90,2022-03-22,43.65,48.3,43.13,46.93,13110484.0
91,2022-03-23,46.47,48.0,44.63,45.87,12025060.0
92,2022-03-24,46.25,48.7,44.6,48.66,12804909.0
93,2022-03-25,48.87,49.1,45.23,46.16,10825092.0
94,2022-03-28,46.84,48.16,44.0,45.98,11018363.0
95,2022-03-29,47.36,54.83,46.61,53.88,26325315.0
96,2022-03-30,52.74,56.76,51.81,52.01,20271746.0
97,2022-03-31,51.9,51.93,49.55,50.24,12740889.0
98,2022-04-01,50.18,50.26,46.21,46.44,15244400.0
99,2022-04-04,46.8,47.7,45.65,46.53,15558146.0
100,2022-04-05,46.53,46.88,41.89,42.19,19576507.0
101,2022-04-06,43.3,43.35,39.57,40.1,22212706.0
102,2022-04-07,40.36,40.5,37.6,39.98,19428613.0
103,2022-04-08,39.49,41.04,38.31,38.8,10675745.0
104,2022-04-11,37.84,41.94,37.15,39.5,14206699.0
105,2022-04-12,40.23,41.99,37.67,38.15,14264471.0
106,2022-04-13,38.31,41.27,37.31,41.15,14068094.0
107,2022-04-14,40.25,41.9,40.21,40.59,9206097.0
108,2022-04-18,40.02,40.64,37.32,38.23,12841634.0
109,2022-04-19,38.19,39.77,36.66,39.15,11382222.0
110,2022-04-20,38.97,39.45,36.12,36.23,12648503.0
111,2022-04-21,37.19,37.99,33.38,33.76,21534458.0
112,2022-04-22,33.78,34.67,32.4,33.61,12670174.0
113,2022-04-25,33.37,34.85,33.05,33.9,12433746.0
114,2022-04-26,33.51,33.8,30.58,30.68,18829955.0
115,2022-04-27,31.92,32.83,30.75,31.22,15143704.0
116,2022-04-28,31.57,32.34,29.44,32.18,17179312.0
117,2022-04-29,32.27,33.78,30.1,30.24,12877355.0
118,2022-05-02,29.94,31.88,29.32,31.74,13888911.0
119,2022-05-03,31.45,33.63,31.12,31.99,14738549.0
120,2022-05-04,31.6,34.28,30.55,33.92,16040785.0
121,2022-05-05,33.05,33.27,30.08,30.71,15878256.0
122,2022-05-06,30.87,31.05,28.71,28.79,20691037.0
123,2022-05-09,25.0,25.83,22.45,22.78,84388353.0
124,2022-05-10,23.87,24.4,21.0,22.79,33317040.0
125,2022-05-11,22.91,23.5,19.25,20.6,53073462.0
126,2022-05-12,22.19,26.7,21.68,24.3,73921514.0
127,2022-05-13,26.97,27.98,26.17,26.7,42674913.0
128,2022-05-16,26.47,27.0,24.33,24.86,32135003.0
129,2022-05-17,25.85,27.87,25.72,27.49,26958778.0
130,2022-05-18,27.17,29.22,26.31,27.29,26828144.0
131,2022-05-19,27.83,30.41,27.45,29.61,29571902.0
132,2022-05-20,30.3,30.65,27.28,28.92,22757615.0
133,2022-05-23,28.61,28.61,26.7,27.99,21521781.0
134,2022-05-24,27.39,27.5,25.54,26.53,19068396.0
135,2022-05-25,26.39,27.73,25.72,27.25,15742056.0
136,2022-05-26,27.23,29.92,27.08,29.23,14536348.0
137,2022-05-27,29.59,31.82,29.58,30.96,17473183.0
138,2022-05-31,32.35,32.6,30.09,31.4,21305702.0
139,2022-06-01,31.65,32.22,29.95,30.25,13533295.0
140,2022-06-02,29.39,32.79,29.16,31.94,15175272.0
141,2022-06-03,30.85,31.46,29.88,30.19,13756048.0
142,2022-06-06,30.85,31.0,28.68,28.98,14661704.0
143,2022-06-07,28.6,29.76,27.4,29.72,17555140.0
144,2022-06-08,29.69,31.42,29.63,29.8,12660230.0
145,2022-06-09,29.5,30.21,28.73,28.87,10777836.0
146,2022-06-10,28.33,29.64,27.71,28.36,14389065.0
147,2022-06-13,27.16,27.87,26.37,26.81,19542257.0
148,2022-06-14,26.69,28.68,26.03,27.3,16104429.0
149,2022-06-15,27.18,29.56,27.14,29.08,18559628.0
150,2022-06-16,27.95,28.9,25.8,26.42,22035084.0
151,2022-06-17,26.55,27.17,25.59,26.24,19308383.0
152,2022-06-21,26.98,30.36,26.98,29.07,25618102.0
153,2022-06-22,28.35,29.98,28.23,28.56,16150709.0
154,2022-06-23,28.86,29.65,27.79,29.47,14175608.0
155,2022-06-24,29.68,30.7,28.86,29.5,22063518.0
156,2022-06-27,29.57,30.15,28.01,28.44,11869852.0
157,2022-06-28,28.11,28.82,26.86,26.99,14416817.0
158,2022-06-29,26.53,26.98,25.66,26.27,10857653.0
159,2022-06-30,25.93,26.43,24.83,25.74,11632982.0
160,2022-07-01,25.91,26.78,25.3,25.7,8544350.0
161,2022-07-05,25.18,26.94,24.48,26.86,10470073.0
162,2022-07-06,28.0,30.6,28.0,29.66,36729416.0
163,2022-07-07,30.0,31.77,29.66,31.63,25560928.0
164,2022-07-08,31.43,33.2,30.56,31.99,20009724.0
165,2022-07-11,32.35,32.7,29.47,29.93,18702192.0
166,2022-07-12,29.73,30.59,28.95,30.15,15862038.0
167,2022-07-13,29.5,31.37,29.31,30.76,12542916.0
168,2022-07-14,30.54,30.96,29.4,30.83,10947209.0
169,2022-07-15,31.05,31.63,29.91,31.6,13762650.0
170,2022-07-18,32.45,33.58,31.7,31.8,13577026.0
171,2022-07-19,32.22,32.74,31.58,31.71,16244998.0
172,2022-07-20,31.89,33.3,31.79,32.74,17831389.0
173,2022-07-21,32.78,34.75,32.7,34.13,24446800.0
174,2022-07-22,35.12,35.41,32.0,32.48,16935816.0
175,2022-07-25,32.7,32.82,31.2,32.17,9878534.0
176,2022-07-26,31.33,31.82,30.86,31.69,7838711.0
177,2022-07-27,32.17,32.37,31.01,32.01,10371207.0
178,2022-07-28,32.8,33.91,31.9,33.85,11384191.0
179,2022-07-29,33.28,34.37,32.94,34.3,12381167.0
180,2022-08-01,34.3,35.48,33.83,34.81,12399130.0
181,2022-08-02,34.18,35.56,34.0,35.01,13829412.0
182,2022-08-03,35.44,36.79,34.48,36.59,14243849.0
183,2022-08-04,36.0,37.29,35.62,36.18,12410225.0
184,2022-08-05,36.09,36.31,35.11,35.67,12314070.0
185,2022-08-08,36.56,39.29,36.06,38.09,16294784.0
186,2022-08-09,37.74,38.09,36.28,36.7,12904483.0
187,2022-08-10,38.19,38.26,36.77,37.4,15370267.0
188,2022-08-11,38.61,39.95,37.75,38.95,35949094.0
189,2022-08-12,39.73,40.56,37.3,38.9,39044033.0
190,2022-08-15,37.24,39.29,36.46,37.28,21310411.0
191,2022-08-16,36.96,38.65,35.85,38.23,17300386.0
192,2022-08-17,37.65,38.13,36.27,36.42,11716052.0
193,2022-08-18,36.46,36.7,35.01,35.9,8882164.0
194,2022-08-19,34.96,35.08,33.77,34.45,10999216.0
195,2022-08-22,33.25,34.07,32.9,33.06,11006307.0
196,2022-08-23,33.18,33.59,31.97,32.21,9766752.0
197,2022-08-24,32.47,33.72,32.43,32.56,9434137.0
198,2022-08-25,32.89,33.37,32.58,32.9,8968441.0
199,2022-08-26,32.82,33.86,31.44,32.11,10728721.0
200,2022-08-29,31.6,33.26,31.55,32.31,8517328.0
201,2022-08-30,32.74,33.04,31.45,31.89,8541030.0
202,2022-08-31,32.55,33.14,31.76,32.71,19332764.0
203,2022-09-01,32.28,32.43,30.71,31.95,10468532.0
204,2022-09-02,32.21,32.56,30.9,32.07,8869529.0
205,2022-09-06,32.39,34.99,32.02,33.22,24795668.0
206,2022-09-07,33.28,34.4,32.7,33.25,15105279.0
207,2022-09-08,35.24,36.9,34.6,36.88,44771968.0
208,2022-09-09,36.28,37.88,35.21,37.55,27141322.0
209,2022-09-12,37.82,38.99,37.75,38.74,20862965.0
210,2022-09-13,37.02,39.57,36.85,38.76,24593679.0
211,2022-09-14,38.3,40.35,37.77,40.1,24685825.0
212,2022-09-15,39.8,40.86,38.89,39.69,24201967.0
213,2022-09-16,38.81,39.81,38.17,39.26,70434773.0
214,2022-09-19,38.82,38.89,37.01,37.94,18345512.0
215,2022-09-20,37.71,38.34,35.73,35.75,17513199.0
216,2022-09-21,35.65,36.67,34.84,35.1,13975040.0
217,2022-09-22,34.76,35.18,33.1,33.33,13544217.0
218,2022-09-23,32.71,33.58,31.77,33.56,16238460.0
219,2022-09-26,33.42,35.05,33.18,33.85,11315860.0
220,2022-09-27,34.92,35.17,33.18,33.79,11482017.0
221,2022-09-28,33.86,35.25,33.55,35.08,11277359.0
222,2022-09-29,35.34,35.76,32.14,32.31,17029920.0
223,2022-09-30,31.75,34.13,31.64,32.91,12381047.0
224,2022-10-03,32.72,32.85,31.01,31.89,13778448.0
225,2022-10-04,34.17,36.39,33.8,36.3,29058734.0
226,2022-10-05,36.17,36.23,34.65,36.13,15778890.0
227,2022-10-06,36.48,37.39,35.28,36.76,17266545.0
228,2022-10-07,35.71,36.01,33.01,33.95,22803555.0
229,2022-10-10,32.0,32.35,30.16,31.48,26171458.0
230,2022-10-11,31.45,33.69,30.81,32.33,20802751.0
231,2022-10-12,32.67,32.98,31.57,32.35,14040176.0
232,2022-10-13,30.95,33.18,30.33,32.5,16134976.0
233,2022-10-14,33.06,33.25,28.62,28.71,22520569.0
234,2022-10-17,29.81,30.84,29.4,30.7,14050613.0
235,2022-10-18,32.1,32.31,30.99,31.64,13668133.0
236,2022-10-19,30.91,31.76,30.57,31.5,10644887.0
237,2022-10-20,31.1,32.16,30.37,30.73,10633215.0
238,2022-10-21,30.39,32.0,30.09,31.92,9941781.0
239,2022-10-24,31.45,31.79,29.45,31.34,11197673.0
240,2022-10-25,31.33,34.75,31.33,34.49,18931425.0
241,2022-10-26,34.0,35.85,33.9,34.44,11358646.0
242,2022-10-27,34.37,35.22,33.9,34.5,8968105.0
243,2022-10-28,34.36,35.07,34.1,34.48,8410865.0
244,2022-10-31,34.28,36.0,33.97,34.97,23372460.0
245,2022-11-01,36.15,36.45,33.38,33.48,10366136.0
246,2022-11-02,33.51,33.76,31.46,31.52,10788344.0
247,2022-11-03,31.28,33.55,31.01,32.24,8075423.0
248,2022-11-04,33.43,33.5,31.1,31.99,8159246.0
249,2022-11-07,32.57,32.93,31.01,31.32,7413963.0
250,2022-11-08,31.45,32.84,30.35,31.85,11768926.0
251,2022-11-09,31.03,31.15,27.36,28.07,28081318.0
252,2022-11-10,32.89,33.52,31.13,32.96,29299894.0
253,2022-11-11,33.19,34.98,31.92,34.9,21051750.0
254,2022-11-14,34.39,35.15,33.2,34.38,12608879.0
255,2022-11-15,34.44,35.74,33.92,35.15,19268190.0
256,2022-11-16,34.36,34.49,32.85,33.32,10069213.0
257,2022-11-17,32.24,32.76,31.71,32.07,7890864.0
258,2022-11-18,32.65,32.69,29.81,30.34,13130182.0
259,2022-11-21,29.68,30.15,28.4,28.42,13508577.0
260,2022-11-22,28.58,29.47,27.85,28.94,10770229.0
261,2022-11-23,29.27,30.18,28.95,29.71,9511282.0
262,2022-11-25,29.64,29.64,29.1,29.53,3907611.0
263,2022-11-28,29.1,29.56,28.58,28.64,7764125.0
264,2022-11-29,29.15,29.49,28.66,28.85,6705719.0
265,2022-11-30,29.05,32.23,29.02,32.04,18375927.0
266,2022-12-01,31.97,32.6,30.3,31.48,12056774.0
267,2022-12-02,30.63,31.6,30.25,31.36,8879126.0
268,2022-12-05,31.01,31.35,29.44,29.53,7560385.0
269,2022-12-06,29.5,29.54,27.43,27.89,13170726.0
270,2022-12-07,27.75,28.23,27.27,27.94,8877254.0
271,2022-12-08,28.26,28.64,27.59,28.58,9582453.0
272,2022-12-09,28.35,29.28,27.25,27.29,11334450.0
273,2022-12-12,26.75,26.9,25.52,25.61,19596856.0
274,2022-12-13,27.2,27.96,24.63,24.96,20597281.0
275,2022-12-14,24.92,25.58,24.43,24.54,14213075.0
276,2022-12-15,24.03,25.06,23.86,23.97,13295999.0
277,2022-12-16,23.89,24.31,22.3,22.48,58554643.0
278,2022-12-19,22.53,22.74,21.85,22.03,18825174.0
279,2022-12-20,21.85,22.46,21.29,21.4,15114688.0
280,2022-12-21,21.58,21.61,20.73,21.03,13435043.0
281,2022-12-22,20.66,20.81,18.92,19.73,24271228.0
282,2022-12-23,19.77,19.77,18.52,19.14,18952016.0
283,2022-12-27,18.65,18.7,17.65,17.74,21662961.0
284,2022-12-28,17.75,18.26,17.45,17.74,20967690.0
285,2022-12-29,18.39,19.03,18.14,18.73,22062974.0
286,2022-12-30,18.25,18.58,17.92,18.43,17181766.0
287,2023-01-03,18.9,18.99,17.08,17.34,25993921.0
288,2023-01-04,17.2,18.06,16.56,17.71,28730158.0
289,2023-01-05,17.35,17.38,16.53,16.56,24201211.0
290,2023-01-06,16.09,16.66,15.84,16.4,22022294.0
291,2023-01-09,16.62,17.2,16.47,16.62,21572212.0
292,2023-01-10,16.82,17.37,16.02,16.45,26468270.0
293,2023-01-11,16.52,17.7,16.19,17.08,33365060.0
294,2023-01-12,17.25,17.78,16.48,17.58,30584206.0
295,2023-01-13,16.82,16.84,15.82,16.45,42771422.0
296,2023-01-17,16.68,17.28,16.37,16.93,25623633.0
297,2023-01-18,17.39,17.71,16.46,16.5,22158125.0
298,2023-01-19,16.23,16.36,15.28,15.79,28441538.0
299,2023-01-20,15.99,16.51,15.55,16.23,23673443.0
300,2023-01-23,16.48,18.38,16.44,18.1,41768315.0
301,2023-01-24,17.93,18.63,17.62,18.05,22660052.0
302,2023-01-25,17.41,18.77,17.12,18.69,26136530.0
303,2023-01-26,19.68,19.88,18.01,18.31,32276720.0
304,2023-01-27,18.22,21.44,18.14,19.83,73907060.0
305,2023-01-30,19.83,19.95,18.01,18.04,34992523.0
306,2023-01-31,18.09,19.43,17.77,19.4,31614355.0
307,2023-02-01,19.5,20.07,18.22,19.71,36443883.0
308,2023-02-02,20.44,22.09,20.32,20.88,39070049.0
309,2023-02-03,19.98,21.32,19.75,19.9,27177316.0
310,2023-02-06,19.8,20.36,19.61,20.22,15772565.0
311,2023-02-07,20.17,20.19,18.71,19.91,28566940.0
312,2023-02-08,19.49,20.38,19.45,20.08,18650881.0
313,2023-02-09,20.49,20.89,19.24,19.42,18834417.0
314,2023-02-10,18.94,19.16,18.55,18.85,17148473.0
315,2023-02-13,18.65,19.07,18.28,18.92,13538627.0
316,2023-02-14,18.57,19.64,18.18,19.49,17274191.0
317,2023-02-15,19.0,21.15,18.96,21.15,28055909.0
318,2023-02-16,20.79,21.68,20.32,20.68,21737691.0
319,2023-02-17,20.4,20.57,19.5,20.22,16589208.0
320,2023-02-21,19.68,19.93,18.97,19.08,13737711.0
321,2023-02-22,19.19,19.54,18.57,19.02,16786941.0
322,2023-02-23,18.89,18.93,17.5,18.18,25995933.0
323,2023-02-24,17.5,17.63,16.91,17.32,20161550.0
324,2023-02-27,17.76,18.63,17.6,18.45,20042490.0
325,2023-02-28,18.53,19.76,18.53,19.3,36331125.0
326,2023-03-01,17.65,17.68,15.56,15.76,87442050.0
327,2023-03-02,15.57,16.19,15.08,15.72,41770783.0
328,2023-03-03,16.02,17.48,15.72,16.92,48011328.0
329,2023-03-06,17.14,17.74,16.96,17.13,32080027.0
330,2023-03-07,15.93,15.94,14.61,14.64,128728976.0
331,2023-03-08,14.66,15.23,14.21,15.13,76217662.0
332,2023-03-09,14.89,15.26,14.44,14.53,40790579.0
333,2023-03-10,14.72,14.91,14.0,14.16,42475664.0
334,2023-03-13,13.8,14.11,13.12,13.73,43513022.0
335,2023-03-14,14.09,14.11,13.1,13.21,36173216.0
336,2023-03-15,12.91,13.39,12.8,13.03,43498106.0
337,2023-03-16,13.08,13.5,12.91,13.46,30466266.0
338,2023-03-17,13.21,13.32,12.8,13.01,36718161.0
339,2023-03-20,12.78,13.09,12.58,13.02,30927637.0
340,2023-03-21,13.18,13.74,13.13,13.61,27341297.0
341,2023-03-22,13.81,13.95,13.24,13.29,23357017.0
342,2023-03-23,13.5,13.99,13.41,13.71,20984224.0
343,2023-03-24,13.59,13.92,13.26,13.62,17813282.0
344,2023-03-27,13.8,13.84,13.21,13.31,16035445.0
345,2023-03-28,13.33,13.44,12.88,12.96,16396744.0
346,2023-03-29,13.32,14.44,13.18,14.24,34237262.0
347,2023-03-30,14.55,14.84,14.27,14.4,24339718.0
348,2023-03-31,14.54,15.68,14.41,15.48,38244728.0
349,2023-04-03,15.28,15.59,14.63,15.23,26714470.0
350,2023-04-04,15.28,15.8,14.73,15.38,21953047.0
351,2023-04-05,15.18,15.19,14.38,14.63,19066525.0
352,2023-04-06,14.57,14.81,14.31,14.47,14752505.0
353,2023-04-10,14.32,14.85,14.03,14.81,14468617.0
354,2023-04-11,14.98,15.09,14.65,14.74,14668600.0
355,2023-04-12,15.06,15.24,14.11,14.19,23278037.0
356,2023-04-13,14.4,14.49,14.19,14.37,13000545.0
357,2023-04-14,13.86,13.92,13.16,13.38,36941144.0
358,2023-04-17,13.39,14.12,13.34,13.73,24478237.0
359,2023-04-18,13.73,13.73,13.31,13.43,19327154.0
360,2023-04-19,13.0,13.08,12.66,12.82,31590488.0
361,2023-04-20,12.32,12.79,12.02,12.35,32712558.0
362,2023-04-21,12.37,12.38,11.88,12.25,20694995.0
363,2023-04-24,12.3,12.48,12.08,12.36,14196556.0
364,2023-04-25,12.19,12.28,11.96,12.0,17876603.0
365,2023-04-26,12.15,12.33,11.68,12.04,22594505.0
366,2023-04-27,12.17,12.78,12.08,12.67,22583396.0
367,2023-04-28,12.7,12.96,12.47,12.82,18185041.0
368,2023-05-01,12.81,12.83,12.37,12.65,12868703.0
369,2023-05-02,12.58,12.87,12.35,12.68,13130162.0
370,2023-05-03,12.68,13.12,12.56,12.81,14620005.0
371,2023-05-04,12.84,13.15,12.59,12.95,13429003.0
372,2023-05-05,13.14,13.63,13.1,13.41,16793067.0
373,2023-05-08,13.43,14.02,13.23,13.87,23002530.0
374,2023-05-09,13.35,14.09,13.12,13.86,34103263.0
375,2023-05-10,15.09,15.74,14.05,14.11,66713398.0
376,2023-05-11,14.21,14.58,13.72,13.84,26179633.0
377,2023-05-12,13.8,13.97,12.74,12.91,31065647.0
378,2023-05-15,12.59,13.54,12.55,13.44,22534047.0
379,2023-05-16,13.22,13.33,12.93,13.08,13799351.0
380,2023-05-17,13.08,13.46,13.0,13.41,16167298.0
381,2023-05-18,13.4,13.56,13.05,13.54,13853206.0
382,2023-05-19,13.52,14.3,13.29,13.47,24278016.0
383,2023-05-22,13.47,14.36,13.38,14.23,20291043.0
384,2023-05-23,14.04,14.76,14.0,14.2,18444172.0
385,2023-05-24,13.95,14.42,13.6,14.38,19055895.0
386,2023-05-25,14.27,14.66,14.14,14.57,16133247.0
387,2023-05-26,14.65,15.46,14.65,15.14,26621241.0
388,2023-05-30,15.6,15.66,14.44,14.87,29933764.0
389,2023-05-31,14.75,15.01,14.38,14.73,49316905.0
390,2023-06-01,14.43,14.94,14.02,14.58,25361848.0
391,2023-06-02,15.0,15.07,14.45,14.48,20138881.0
392,2023-06-05,14.59,14.67,14.03,14.34,17602045.0
393,2023-06-06,14.2,14.92,14.11,14.5,22214379.0
394,2023-06-07,14.7,14.76,13.81,13.82,30942798.0
395,2023-06-08,13.85,14.17,13.65,14.05,17716653.0
396,2023-06-09,14.26,14.86,13.83,13.87,25896729.0
397,2023-06-12,14.03,14.69,13.61,14.0,33828264.0
398,2023-06-13,14.22,15.46,14.1,15.25,46597659.0
399,2023-06-14,15.17,15.39,14.52,14.74,34759571.0
400,2023-06-15,14.48,15.58,14.39,15.24,33097506.0
401,2023-06-16,15.3,16.09,14.73,14.88,92230373.0
402,2023-06-20,15.24,15.83,15.06,15.7,39557125.0
403,2023-06-21,15.95,16.32,14.41,14.62,49422020.0
404,2023-06-22,14.4,14.65,14.02,14.15,25705610.0
405,2023-06-23,13.96,14.02,13.5,13.53,23978211.0
406,2023-06-26,13.59,13.97,13.38,13.45,21634504.0
407,2023-06-27,13.72,13.95,13.3,13.94,27593822.0
408,2023-06-28,13.9,14.87,13.82,14.64,32296426.0
409,2023-06-29,14.74,16.01,14.61,16.01,48833726.0
410,2023-06-30,16.22,16.75,15.78,16.66,40422801.0
411,2023-07-03,17.84,19.7,17.8,19.56,80584519.0
412,2023-07-05,20.71,21.05,19.44,20.43,118923443.0
413,2023-07-06,20.05,21.77,19.64,21.62,99871584.0
414,2023-07-07,22.89,25.63,22.6,24.7,232047307.0
415,2023-07-10,25.52,26.61,23.58,25.51,174169405.0
416,2023-07-11,24.81,25.74,24.31,24.85,94875316.0
417,2023-07-12,25.41,26.26,23.71,25.91,107585839.0
418,2023-07-13,25.82,26.89,25.18,25.52,100021320.0
419,2023-07-14,25.35,25.79,24.54,24.82,55642063.0
420,2023-07-17,24.01,24.58,23.24,23.99,67075976.0
421,2023-07-18,23.89,25.83,23.74,24.69,66479524.0
422,2023-07-19,25.38,26.03,24.65,24.83,56564954.0
423,2023-07-20,24.45,26.14,23.85,25.81,79330342.0
424,2023-07-21,26.5,27.16,24.32,25.27,80944766.0
425,2023-07-24,25.29,26.37,24.74,25.81,59700564.0
426,2023-07-25,25.98,26.56,25.19,25.35,45926598.0
427,2023-07-26,25.5,27.62,25.45,27.15,73715859.0
428,2023-07-27,28.04,28.06,25.89,26.05,66937632.0
429,2023-07-28,26.66,27.47,26.33,26.94,48754275.0
430,2023-07-31,27.01,27.78,26.61,27.64,37941551.0
431,2023-08-01,27.19,27.64,26.35,27.3,40332441.0
432,2023-08-02,26.42,26.48,24.84,25.91,48226671.0
433,2023-08-03,25.37,27.01,25.35,26.5,31737386.0
434,2023-08-04,26.83,26.83,25.18,25.26,33547728.0
435,2023-08-07,25.69,25.74,23.63,24.28,38325761.0
436,2023-08-08,23.78,25.25,23.6,24.8,57613391.0
437,2023-08-09,24.83,25.73,22.26,22.35,84645942.0
438,2023-08-10,22.66,22.9,21.51,21.91,50575833.0
439,2023-08-11,21.98,21.98,21.28,21.57,31238908.0
440,2023-08-14,20.9,21.8,20.52,21.56,33997042.0
441,2023-08-15,21.66,21.86,20.45,20.78,31758229.0
442,2023-08-16,20.38,21.45,20.2,21.04,32188432.0
443,2023-08-17,21.06,21.8,20.66,20.95,34911580.0
444,2023-08-18,20.25,21.17,20.18,20.78,25943990.0
445,2023-08-21,20.86,21.32,20.74,21.18,21257495.0
446,2023-08-22,21.38,21.47,19.77,20.08,30521679.0
447,2023-08-23,19.76,20.49,19.61,20.32,17583143.0
448,2023-08-24,20.2,20.27,19.48,19.64,18933997.0
449,2023-08-25,19.92,20.33,19.57,20.07,17059391.0
450,2023-08-28,20.3,20.74,19.98,20.53,14795200.0
451,2023-08-29,20.38,22.33,20.35,22.31,33698397.0
452,2023-08-30,22.09,22.92,21.98,22.88,22796347.0
453,2023-08-31,23.03,23.46,22.37,22.73,26642541.0
454,2023-09-01,23.0,23.76,22.46,23.31,26403026.0
455,2023-09-05,23.17,23.71,23.12,23.39,18911841.0
456,2023-09-06,23.25,23.42,22.5,23.26,18103688.0
457,2023-09-07,22.49,23.49,22.43,23.42,18546416.0
458,2023-09-08,23.4,23.74,22.76,23.1,19088323.0
459,2023-09-11,23.5,23.95,22.89,23.41,26320140.0
460,2023-09-12,23.21,24.46,23.06,23.58,23942118.0
461,2023-09-13,23.59,23.76,23.21,23.25,15641909.0
462,2023-09-14,23.25,24.17,23.19,24.11,21598437.0
463,2023-09-15,24.24,24.62,23.68,24.18,38433185.0
464,2023-09-18,24.03,24.42,23.41,23.71,20517538.0
465,2023-09-19,23.5,23.51,21.81,22.74,33672797.0
466,2023-09-20,22.96,23.42,22.38,22.4,19550801.0
467,2023-09-21,21.8,22.2,21.52,21.53,20032778.0
468,2023-09-22,21.6,21.93,20.58,20.59,24225664.0
469,2023-09-25,20.4,21.67,20.03,21.13,24476997.0
470,2023-09-26,21.5,22.67,21.1,22.26,37062070.0
471,2023-09-27,22.64,23.33,21.99,23.05,31254141.0
472,2023-09-28,23.02,23.24,22.23,23.08,23054260.0
473,2023-09-29,23.45,24.5,23.39,24.28,35885813.0
474,2023-10-02,23.93,24.87,23.37,23.66,49561604.0
475,2023-10-03,23.18,23.42,21.56,21.69,42257519.0
476,2023-10-04,21.73,23.74,21.58,23.69,48605997.0
477,2023-10-05,21.2,21.39,18.01,18.27,189851572.0
478,2023-10-06,17.73,19.0,17.65,18.92,120814392.0
479,2023-10-09,18.29,18.97,17.79,18.78,51715345.0
480,2023-10-10,19.35,19.98,19.11,19.64,54126037.0
481,2023-10-11,19.82,20.19,19.1,19.37,41638137.0
482,2023-10-12,19.36,19.89,18.72,19.33,37700432.0
483,2023-10-13,19.27,19.47,18.78,19.3,29359803.0
484,2023-10-16,19.2,19.79,19.13,19.66,21031109.0
485,2023-10-17,19.28,20.22,19.21,19.9,34080269.0
486,2023-10-18,19.71,19.73,17.9,18.09,45912240.0
487,2023-10-19,17.8,17.99,17.07,17.16,41422979.0
488,2023-10-20,17.02,17.39,16.6215,16.72,30832855.0
489,2023-10-23,16.55,17.65,16.09,17.07,30193266.0
490,2023-10-24,17.3,17.65,16.99,17.43,23001720.0
491,2023-10-25,17.31,17.6,16.96,17.02,21207166.0
492,2023-10-26,16.95,17.01,15.88,16.17,29444710.0
493,2023-10-27,16.71,16.81,15.93,16.01,23930204.0
494,2023-10-30,16.06,16.25,15.29,15.72,28495526.0
495,2023-10-31,15.71,16.43,15.45,16.22,42227119.0
496,2023-11-01,16.25,16.299,15.89,16.13,18125358.0
497,2023-11-02,16.68,17.9,16.62,17.59,42818572.0
498,2023-11-03,17.95,18.435,17.63,17.71,31536010.0
499,2023-11-06,18.01,18.15,16.885,17.18,29082945.0
500,2023-11-07,17.13,17.53,16.76,17.42,45393210.0
501,2023-11-08,18.58,18.7699,16.33,17.0,121273310.0
502,2023-11-09,16.88,17.37,15.325,15.33,67877263.0
503,2023-11-10,15.42,15.7602,15.12,15.4,48685637.0
504,2023-11-13,15.35,16.38,15.28,16.19,38041895.0
505,2023-11-14,16.85,17.2181,16.57,16.9,43215646.0
506,2023-11-15,16.57,17.75,16.25,17.24,52207482.0
507,2023-11-16,17.08,17.15,15.93,16.39,36672064.0
508,2023-11-17,16.48,16.95,16.3,16.7,30371072.0
509,2023-11-20,16.89,17.16,16.73,16.93,23650201.0
510,2023-11-21,16.7,16.99,15.715,15.72,38697038.0
511,2023-11-22,15.968,16.14,15.73,15.98,20241019.0
512,2023-11-24,15.98,16.47,15.78,16.43,15040345.0
513,2023-11-27,16.38,16.77,16.1,16.66,24763739.0
514,2023-11-28,16.71,17.43,16.17,17.42,37881922.0
515,2023-11-29,17.7,18.27,17.26,17.32,47887898.0
516,2023-11-30,17.5,17.59,16.69,16.76,28376575.0
517,2023-12-01,16.805,18.085,16.62,18.03,39709059.0
518,2023-12-04,17.76,18.25,17.51,17.74,31666429.0
519,2023-12-05,17.6,18.02,17.2912,17.41,23840351.0
520,2023-12-06,17.65,19.42,17.4,18.38,59282768.0
521,2023-12-07,18.95,19.23,18.3,19.19,37582937.0
522,2023-12-08,19.04,19.55,18.62,19.04,34974802.0
523,2023-12-11,19.11,19.29,18.77,18.95,17753041.0
524,2023-12-12,18.91,18.91,17.75,18.21,33865522.0
525,2023-12-13,18.1,19.69,17.94,19.68,46247661.0
526,2023-12-14,20.315,22.535,20.3,22.43,82961229.0
527,2023-12-15,22.75,22.995,21.65,22.83,59197261.0
528,2023-12-18,22.6,24.17,22.52,23.8,46402259.0
529,2023-12-19,23.96,24.52,23.82,24.35,37545485.0
530,2023-12-20,24.05,24.565,23.15,23.18,38421005.0
531,2023-12-21,23.54,24.12,23.4,23.58,27720771.0
532,2023-12-22,23.73,23.7874,22.8,23.21,23996838.0
533,2023-12-26,23.47,24.615,23.31,23.59,30450086.0
534,2023-12-27,23.8,23.82,23.14,23.73,22593343.0
535,2023-12-28,23.68,24.3,23.5,23.54,25289389.0
536,2023-12-29,23.6,23.93,23.1,23.46,21364469.0
537,2024-01-02,21.855,21.94,20.76,21.1,49626290.0
538,2024-01-03,20.53,20.66,19.66,20.32,35634456.0
539,2024-01-04,19.92,20.295,19.475,19.5,28452973.0
540,2024-01-05,19.38,19.9,19.0,19.08,27468398.0
541,2024-01-08,19.06,19.58,18.89,19.58,18745509.0
542,2024-01-09,19.58,19.759,19.16,19.25,18402925.0
543,2024-01-10,19.29,19.39,18.88,19.07,14916658.0
544,2024-01-11,18.88,19.12,18.2812,18.79,22677589.0
545,2024-01-12,18.445,18.865,17.78,18.06,29742079.0
546,2024-01-16,17.72,18.02,17.075,17.82,21092736.0
547,2024-01-17,17.05,17.16,16.28,16.76,45224110.0
548,2024-01-18,17.0,17.01,15.36,15.74,54757073.0
549,2024-01-19,15.74,15.86,15.16,15.48,38881235.0
550,2024-01-22,15.54,16.81,15.4201,16.03,35812343.0
