,date,open,high,low,close,volume
0,2017-10-20,16.25,16.99,14.0,16.26,37563694.0
1,2017-10-23,16.1,16.4,15.12,15.26,5753830.0
2,2017-10-24,15.4,15.86,14.77,15.24,3748832.0
3,2017-10-25,15.1,15.43,13.62,13.73,4408121.0
4,2017-10-26,13.82,14.16,13.81,14.02,1850003.0
5,2017-10-27,14.05,14.13,13.8,14.01,2414273.0
6,2017-10-30,13.98,14.2,13.98,14.1,1230779.0
7,2017-10-31,14.11,15.11,14.09,15.08,1664407.0
8,2017-11-01,15.33,15.49,15.19,15.43,1248146.0
9,2017-11-02,15.27,15.5,14.9,15.24,1190638.0
10,2017-11-03,15.28,15.39,14.9,14.99,510008.0
11,2017-11-06,15.01,15.01,14.89,15.01,616593.0
12,2017-11-07,15.0,15.09,14.91,15.0,1000321.0
13,2017-11-08,15.0,15.0,14.72,14.84,734041.0
14,2017-11-09,14.86,14.95,14.47,14.5,1092575.0
15,2017-11-10,14.52,14.84,14.5,14.72,631573.0
16,2017-11-13,14.57,14.75,14.48,14.73,991767.0
17,2017-11-14,14.85,15.05,14.82,15.01,1124718.0
18,2017-11-15,15.0,15.0,14.6,14.71,712150.0
19,2017-11-16,15.23,15.25,14.96,15.03,732776.0
20,2017-11-17,15.0,15.62,15.0,15.0,1253644.0
21,2017-11-20,15.46,15.59,15.15,15.49,786202.0
22,2017-11-21,15.7,15.73,14.78,14.78,1377903.0
23,2017-11-22,14.78,14.99,13.72,13.85,3799655.0
24,2017-11-24,13.88,13.96,12.88,13.33,2265625.0
25,2017-11-27,13.31,13.56,12.52,12.67,2934132.0
26,2017-11-28,12.61,12.71,10.82,11.45,4752708.0
27,2017-11-29,11.5,12.14,10.79,10.97,3725803.0
28,2017-11-30,11.32,11.94,11.22,11.6,2325472.0
29,2017-12-01,11.73,12.59,11.65,12.43,1403661.0
30,2017-12-04,12.32,12.32,11.86,11.98,1471885.0
31,2017-12-05,11.89,13.02,11.78,12.73,2044872.0
32,2017-12-06,12.98,13.21,12.03,12.13,1788078.0
33,2017-12-07,12.2,13.0,12.2,12.92,1779622.0
34,2017-12-08,12.98,13.32,12.84,13.29,937807.0
35,2017-12-11,13.33,13.6,12.7,13.41,1209040.0
36,2017-12-12,13.34,13.45,12.93,13.19,1054489.0
37,2017-12-13,13.16,13.18,12.7,12.72,477762.0
38,2017-12-14,12.77,13.0,11.72,11.77,1117423.0
39,2017-12-15,11.73,12.08,11.58,12.0,1469860.0
40,2017-12-18,11.95,12.23,11.9,11.92,1689466.0
41,2017-12-19,11.95,12.05,11.76,11.87,745900.0
42,2017-12-20,11.9,12.28,11.89,12.22,706170.0
43,2017-12-21,12.38,13.24,12.36,12.77,569424.0
44,2017-12-22,12.51,13.64,12.51,13.24,747126.0
45,2017-12-26,13.17,13.26,12.8,13.0,336038.0
46,2017-12-27,13.0,13.45,13.0,13.38,406448.0
47,2017-12-28,13.54,13.94,13.32,13.5,558265.0
48,2017-12-29,13.52,13.91,13.31,13.33,484595.0
49,2018-01-02,13.3,13.62,12.97,13.01,685707.0
50,2018-01-03,13.05,13.61,12.91,13.5,681240.0
51,2018-01-04,13.5,13.6,13.0,13.0,703713.0
52,2018-01-05,13.1,13.92,13.03,13.89,682519.0
53,2018-01-08,13.9,14.2,13.57,13.87,1245904.0
54,2018-01-09,13.89,14.2,13.5,13.82,830383.0
55,2018-01-10,13.79,14.06,13.5,13.59,851003.0
56,2018-01-11,13.71,14.68,13.52,14.23,829390.0
57,2018-01-12,14.27,14.57,12.96,12.97,1161641.0
58,2018-01-16,13.22,13.53,12.68,12.78,1619638.0
59,2018-01-17,13.16,13.32,12.58,12.63,733897.0
60,2018-01-18,12.63,12.95,12.5,12.58,759562.0
61,2018-01-19,12.21,12.58,12.01,12.31,642490.0
62,2018-01-22,12.49,12.61,12.3,12.59,1062943.0
63,2018-01-23,12.6,13.57,12.48,12.9,2207700.0
64,2018-01-24,13.0,13.09,12.41,12.76,1406570.0
65,2018-01-25,12.82,12.95,12.55,12.75,1176978.0
66,2018-01-26,12.85,13.36,12.55,13.29,1605990.0
67,2018-01-29,13.28,13.28,12.2,12.22,924736.0
68,2018-01-30,12.22,12.38,11.97,12.03,705137.0
69,2018-01-31,12.17,12.59,12.02,12.26,806435.0
70,2018-02-01,12.26,12.43,11.83,11.92,612635.0
71,2018-02-02,11.88,12.15,11.76,11.93,947901.0
72,2018-02-05,11.88,11.88,11.31,11.5,486074.0
73,2018-02-06,11.0,11.54,11.0,11.18,687136.0
74,2018-02-07,11.2,11.29,11.04,11.2,394154.0
75,2018-02-08,11.2,11.35,10.85,10.88,625662.0
76,2018-02-09,11.16,11.42,11.02,11.33,630676.0
77,2018-02-12,11.45,11.61,11.17,11.49,870286.0
78,2018-02-13,11.4,11.74,11.4,11.6,1062762.0
79,2018-02-14,11.6,11.84,11.55,11.73,741077.0
80,2018-02-15,11.75,12.71,11.73,12.38,1524363.0
81,2018-02-16,12.4,12.5,12.19,12.33,742616.0
82,2018-02-20,12.42,12.46,12.19,12.33,779987.0
83,2018-02-21,12.44,12.72,12.36,12.52,839176.0
84,2018-02-22,12.54,12.72,11.93,11.96,264632.0
85,2018-02-23,12.13,12.22,12.02,12.16,207384.0
86,2018-02-26,12.25,13.0,12.08,12.15,752833.0
87,2018-02-27,12.29,12.57,12.13,12.26,831253.0
88,2018-02-28,12.16,12.16,10.56,10.96,4808849.0
89,2018-03-01,11.0,11.56,10.86,11.03,3035078.0
90,2018-03-02,11.0,11.1,10.66,10.67,983253.0
91,2018-03-05,10.61,10.98,10.61,10.78,698332.0
92,2018-03-06,10.8,10.99,10.71,10.93,633887.0
93,2018-03-07,10.95,11.61,10.87,11.59,688716.0
94,2018-03-08,11.64,12.0,11.13,11.19,720430.0
95,2018-03-09,11.74,11.74,11.0,11.08,420960.0
96,2018-03-12,11.21,11.6,11.15,11.46,654758.0
97,2018-03-13,11.4,11.4,11.1,11.3,443239.0
98,2018-03-14,11.32,11.35,11.01,11.15,1599225.0
99,2018-03-15,11.15,11.35,11.12,11.15,567139.0
100,2018-03-16,11.15,11.65,11.14,11.19,1280015.0
101,2018-03-19,11.21,11.31,10.73,10.76,1121452.0
102,2018-03-20,10.8,10.86,10.6,10.72,975150.0
103,2018-03-21,10.7,10.95,10.66,10.83,1037302.0
104,2018-03-22,10.7,10.88,10.7,10.81,908703.0
105,2018-03-23,10.68,10.96,10.63,10.78,934809.0
106,2018-03-26,10.92,11.05,10.73,11.0,514671.0
107,2018-03-27,11.11,11.11,10.74,10.87,878922.0
108,2018-03-28,10.8,11.02,10.67,10.93,1028635.0
109,2018-03-29,11.06,11.36,10.98,11.27,612033.0
110,2018-04-02,11.15,11.59,11.09,11.25,820432.0
111,2018-04-03,11.25,11.49,10.92,11.11,940616.0
112,2018-04-04,11.0,11.13,10.73,11.09,377849.0
113,2018-04-05,11.13,11.26,10.89,11.01,440016.0
114,2018-04-06,10.92,10.95,10.6,10.66,521591.0
115,2018-04-09,10.78,11.29,10.71,10.79,378048.0
116,2018-04-10,10.99,10.99,10.6,10.7,345075.0
117,2018-04-11,10.69,10.94,10.48,10.5,1231242.0
118,2018-04-12,10.5,10.68,10.42,10.47,663421.0
119,2018-04-13,10.64,10.64,10.22,10.35,759062.0
120,2018-04-16,10.38,10.56,10.27,10.53,634807.0
121,2018-04-17,10.58,10.93,10.43,10.87,1048515.0
122,2018-04-18,10.89,11.91,10.87,11.91,1258740.0
123,2018-04-19,11.7,11.82,11.44,11.59,806791.0
124,2018-04-20,11.59,11.71,11.38,11.38,602394.0
125,2018-04-23,11.33,11.56,10.7,10.79,1024505.0
126,2018-04-24,10.73,11.2,10.73,10.97,1037456.0
127,2018-04-25,10.95,10.95,10.5,10.62,699564.0
128,2018-04-26,10.65,10.76,10.46,10.49,666693.0
129,2018-04-27,10.58,11.0,10.58,10.61,474955.0
130,2018-04-30,10.7,10.78,10.46,10.49,261465.0
131,2018-05-01,10.57,10.57,10.36,10.48,590140.0
132,2018-05-02,10.58,10.95,10.42,10.9,639902.0
133,2018-05-03,10.92,11.0,10.74,10.89,380982.0
134,2018-05-04,10.9,10.93,10.6,10.82,528093.0
135,2018-05-07,10.76,10.93,10.42,10.48,872624.0
136,2018-05-08,10.5,10.64,10.33,10.39,533808.0
137,2018-05-09,10.5,10.6,10.06,10.34,1233625.0
138,2018-05-10,10.3,10.98,10.3,10.96,536686.0
139,2018-05-11,10.99,11.01,10.46,10.52,594988.0
140,2018-05-14,10.55,10.55,10.31,10.45,306077.0
141,2018-05-15,10.4,10.71,10.15,10.64,611191.0
142,2018-05-16,11.56,12.0,11.2,11.98,4612401.0
143,2018-05-17,11.93,12.17,11.66,11.74,1826989.0
144,2018-05-18,11.84,13.44,11.65,13.07,2831188.0
145,2018-05-21,13.26,13.72,12.64,13.61,1927963.0
146,2018-05-22,13.73,13.84,13.2,13.37,1013784.0
147,2018-05-23,13.34,14.73,13.34,14.26,2988549.0
148,2018-05-24,14.48,15.04,14.43,14.61,3254242.0
149,2018-05-25,14.61,14.73,14.49,14.56,2312272.0
150,2018-05-29,14.54,14.93,13.74,14.9,1682013.0
151,2018-05-30,14.9,14.9,14.43,14.61,1160231.0
152,2018-05-31,14.51,15.0,14.5,14.79,1271037.0
153,2018-06-01,14.8,16.47,14.67,16.31,3678262.0
154,2018-06-04,16.11,16.5,15.12,15.31,1632236.0
155,2018-06-05,15.35,16.83,14.86,16.4,4023279.0
156,2018-06-06,16.51,16.57,15.94,16.0,1164038.0
157,2018-06-07,16.1,16.21,15.66,15.92,831686.0
158,2018-06-08,15.85,16.38,15.66,16.0,739848.0
159,2018-06-11,16.0,16.15,15.44,15.87,858758.0
160,2018-06-12,15.8,17.19,15.69,16.4,2974920.0
161,2018-06-13,15.88,16.0,14.53,14.94,8304031.0
162,2018-06-14,14.94,16.11,14.63,15.96,10808573.0
163,2018-06-15,15.87,15.87,15.36,15.51,3149434.0
164,2018-06-18,15.51,15.75,15.31,15.56,1998268.0
165,2018-06-19,15.18,15.34,14.82,15.1,2747813.0
166,2018-06-20,15.26,15.32,15.03,15.13,1521088.0
167,2018-06-21,15.15,15.15,14.65,14.82,2456394.0
168,2018-06-22,15.25,15.8,15.09,15.39,3201225.0
169,2018-06-25,15.2,15.2,14.65,14.85,1468578.0
170,2018-06-26,14.93,15.31,14.7,15.22,2528054.0
171,2018-06-27,15.36,15.39,14.79,14.82,2242175.0
172,2018-06-28,14.78,14.81,14.37,14.65,1791387.0
173,2018-06-29,14.69,15.04,14.55,15.0,1177380.0
174,2018-07-02,14.78,14.8,14.34,14.51,1287907.0
175,2018-07-03,14.52,14.95,14.51,14.87,612946.0
176,2018-07-05,15.0,15.62,14.82,15.6,3590631.0
177,2018-07-06,15.37,16.65,15.31,16.53,5584201.0
178,2018-07-09,16.69,16.74,16.04,16.25,1598595.0
179,2018-07-10,16.47,16.5,15.43,15.68,1730749.0
180,2018-07-11,15.51,15.56,14.88,15.49,1765002.0
181,2018-07-12,15.2,16.1,15.15,16.08,2871971.0
182,2018-07-13,16.0,16.1,15.51,15.91,931917.0
183,2018-07-16,16.0,16.0,15.46,15.62,1263042.0
184,2018-07-17,15.62,15.79,15.26,15.66,903590.0
185,2018-07-18,15.67,15.76,15.49,15.56,1069827.0
186,2018-07-19,15.58,16.1,15.46,15.75,2669493.0
187,2018-07-20,15.8,15.8,14.95,15.31,2617255.0
188,2018-07-23,15.34,15.42,14.41,15.25,1905925.0
189,2018-07-24,14.99,15.12,14.17,14.3,4231966.0
190,2018-07-25,14.47,14.86,14.17,14.46,1099356.0
191,2018-07-26,14.23,14.5,14.23,14.35,510258.0
192,2018-07-27,14.4,14.4,13.25,13.46,2639411.0
193,2018-07-30,13.5,13.77,13.25,13.55,1160104.0
194,2018-07-31,13.62,14.48,13.62,14.1,1526509.0
195,2018-08-01,14.05,14.8,14.05,14.62,1997413.0
196,2018-08-02,14.53,15.21,14.53,14.87,2262124.0
197,2018-08-03,15.0,15.03,14.34,14.51,1126287.0
198,2018-08-06,14.59,14.88,14.52,14.75,899205.0
199,2018-08-07,14.67,14.74,14.41,14.46,674904.0
200,2018-08-08,14.46,14.61,14.33,14.34,896879.0
201,2018-08-09,14.43,14.61,14.26,14.3,492153.0
202,2018-08-10,14.15,14.22,13.72,13.84,787066.0
203,2018-08-13,13.85,14.28,13.77,14.19,980165.0
204,2018-08-14,14.23,14.31,13.79,13.95,1038327.0
205,2018-08-15,13.65,13.71,13.04,13.42,2520505.0
206,2018-08-16,13.85,13.85,13.14,13.47,1228273.0
207,2018-08-17,13.31,13.67,13.23,13.58,725065.0
208,2018-08-20,13.47,13.91,13.42,13.84,1173820.0
209,2018-08-21,13.82,14.5,13.82,14.26,1613871.0
210,2018-08-22,14.83,14.83,13.34,13.57,2834659.0
211,2018-08-23,13.74,14.38,13.65,14.35,1440808.0
212,2018-08-24,14.39,14.75,14.39,14.74,1677852.0
213,2018-08-27,14.85,15.2,14.75,15.16,1791303.0
214,2018-08-28,15.19,15.25,14.77,15.1,1599826.0
215,2018-08-29,15.23,15.25,14.84,14.91,1006090.0
216,2018-08-30,14.78,14.84,13.66,13.88,1728768.0
217,2018-08-31,13.81,14.27,13.8,14.25,723492.0
218,2018-09-04,14.31,14.38,13.52,13.84,1152997.0
219,2018-09-05,13.8,13.93,13.3,13.49,2138574.0
220,2018-09-06,13.48,13.82,13.29,13.65,1216752.0
221,2018-09-07,13.67,13.73,13.33,13.49,838794.0
222,2018-09-10,13.68,13.68,12.74,12.77,1480975.0
223,2018-09-11,12.7,13.02,12.17,12.41,2024960.0
224,2018-09-12,12.4,13.3,12.13,13.24,2369476.0
225,2018-09-13,13.42,14.2,13.32,13.92,3067139.0
226,2018-09-14,13.9,14.0,13.46,13.63,882384.0
227,2018-09-17,13.55,13.8,13.41,13.66,594258.0
228,2018-09-18,13.58,13.92,13.23,13.66,1306805.0
229,2018-09-19,13.5,13.61,13.1,13.44,725334.0
230,2018-09-20,13.44,13.98,13.26,13.92,1531273.0
231,2018-09-21,13.98,14.69,13.93,14.6,2036410.0
232,2018-09-24,14.39,14.5,13.93,14.24,721956.0
233,2018-09-25,14.26,14.57,13.89,14.47,492130.0
234,2018-09-26,14.0,14.52,13.98,14.22,594778.0
235,2018-09-27,14.11,14.35,13.96,14.16,813277.0
236,2018-09-28,14.02,14.24,13.64,13.83,1089715.0
237,2018-10-01,14.0,14.82,13.79,14.49,1400562.0
238,2018-10-02,14.28,14.28,13.8,13.9,940621.0
239,2018-10-03,14.0,14.03,13.75,13.89,701865.0
240,2018-10-04,13.76,13.96,12.74,12.82,1721321.0
241,2018-10-05,12.9,13.05,12.46,12.92,1309727.0
242,2018-10-08,12.83,12.94,12.31,12.67,862222.0
243,2018-10-09,12.55,12.82,12.5,12.69,773808.0
244,2018-10-10,12.62,12.74,11.9,11.91,1393806.0
245,2018-10-11,11.8,12.17,11.66,11.9,2290447.0
246,2018-10-12,12.6,13.0,12.2,12.77,1008488.0
247,2018-10-15,12.53,13.19,12.25,13.09,926803.0
248,2018-10-16,13.15,13.75,13.01,13.67,1402481.0
249,2018-10-17,13.51,13.7,13.24,13.69,852793.0
250,2018-10-18,13.43,13.5,12.87,13.19,1718387.0
251,2018-10-19,13.21,13.51,12.92,12.94,1858471.0
252,2018-10-22,13.08,13.24,12.89,13.1,706742.0
253,2018-10-23,12.83,13.12,12.56,13.04,873582.0
254,2018-10-24,12.93,13.04,12.51,12.51,502649.0
255,2018-10-25,12.6,12.89,12.34,12.75,545086.0
256,2018-10-26,12.34,12.98,12.26,12.62,452166.0
257,2018-10-29,12.67,12.93,11.9,12.1,568586.0
258,2018-10-30,12.1,12.83,12.06,12.39,1395284.0
259,2018-10-31,12.58,13.23,12.28,13.05,2142482.0
260,2018-11-01,13.13,13.19,12.91,13.02,932657.0
261,2018-11-02,13.0,13.0,12.43,12.86,889646.0
262,2018-11-05,12.82,12.92,12.01,12.21,1484697.0
263,2018-11-06,12.16,12.92,12.12,12.65,2621577.0
264,2018-11-07,12.78,13.39,12.58,13.19,3902421.0
265,2018-11-08,12.94,13.21,12.72,13.05,736230.0
266,2018-11-09,12.85,12.9,12.23,12.33,1018395.0
267,2018-11-12,12.24,12.94,12.14,12.78,1477596.0
268,2018-11-13,12.76,12.78,12.27,12.44,1053213.0
269,2018-11-14,12.54,12.78,12.13,12.24,547960.0
270,2018-11-15,12.21,12.5,12.21,12.46,1094361.0
271,2018-11-16,12.18,12.79,12.18,12.51,1149268.0
272,2018-11-19,12.85,13.12,12.57,12.7,1912275.0
273,2018-11-20,12.38,12.52,11.6,12.11,2625890.0
274,2018-11-21,11.76,13.04,11.68,12.8,3421084.0
275,2018-11-23,12.71,12.9,12.49,12.9,895380.0
276,2018-11-26,12.97,13.13,12.29,12.63,2215260.0
277,2018-11-27,12.63,13.58,12.61,13.33,4942878.0
278,2018-11-28,13.39,13.47,12.45,13.25,2817142.0
279,2018-11-29,13.19,13.4,12.85,12.9,1362743.0
280,2018-11-30,12.88,13.81,12.78,13.34,3133330.0
281,2018-12-03,13.6,13.66,12.91,13.29,1818493.0
282,2018-12-04,13.22,13.3,12.38,12.45,1253961.0
283,2018-12-06,12.25,12.5,11.9,12.44,1812422.0
284,2018-12-07,12.46,12.56,11.85,12.1,1197972.0
285,2018-12-10,12.09,12.11,11.45,11.81,1510890.0
286,2018-12-11,11.99,12.26,11.89,12.0,701600.0
287,2018-12-12,12.27,12.89,12.23,12.23,1503713.0
288,2018-12-13,12.4,12.61,12.04,12.16,426530.0
289,2018-12-14,12.04,12.32,11.76,11.87,650851.0
290,2018-12-17,11.91,11.91,11.5,11.71,1019477.0
291,2018-12-18,11.73,11.97,11.52,11.66,714710.0
292,2018-12-19,11.77,11.9,11.33,11.41,537352.0
293,2018-12-20,11.32,11.73,10.71,10.99,1197795.0
294,2018-12-21,11.06,11.17,10.52,10.74,1035938.0
295,2018-12-24,10.75,10.99,10.6,10.74,211756.0
296,2018-12-26,10.86,11.41,10.8,11.39,591553.0
297,2018-12-27,11.26,11.42,10.98,11.4,487862.0
298,2018-12-28,11.32,11.44,11.11,11.15,727389.0
299,2018-12-31,11.31,11.45,11.13,11.32,574377.0
300,2019-01-02,11.12,11.24,10.98,11.05,570359.0
301,2019-01-03,10.96,11.18,10.68,10.72,941720.0
302,2019-01-04,10.87,11.66,10.87,11.56,963599.0
303,2019-01-07,11.53,11.99,11.43,11.95,550854.0
304,2019-01-08,12.0,12.47,11.98,12.3,2513331.0
305,2019-01-09,12.3,12.56,11.93,12.5,2407861.0
306,2019-01-10,12.46,12.67,12.19,12.57,593992.0
307,2019-01-11,12.57,13.09,12.46,12.57,2594300.0
308,2019-01-14,12.44,12.45,12.01,12.05,989494.0
309,2019-01-15,12.09,12.34,11.92,12.18,1888252.0
310,2019-01-16,12.18,12.71,11.95,12.38,1946996.0
311,2019-01-17,12.42,12.61,12.22,12.39,1695200.0
312,2019-01-18,12.6,12.95,12.46,12.6,1583671.0
313,2019-01-22,12.5,13.32,12.31,13.05,3007639.0
314,2019-01-23,13.17,13.21,12.69,12.71,1324817.0
315,2019-01-24,12.66,13.17,12.56,13.12,1195869.0
316,2019-01-25,13.19,13.87,13.06,13.63,3415504.0
317,2019-01-28,13.5,13.61,13.0,13.51,809136.0
318,2019-01-29,13.59,13.6,13.26,13.45,386698.0
319,2019-01-30,13.56,13.56,13.35,13.56,684184.0
320,2019-01-31,13.33,14.24,13.27,14.01,3829263.0
321,2019-02-01,14.0,15.38,13.96,15.33,4942009.0
322,2019-02-04,15.17,15.26,14.77,14.96,1932823.0
323,2019-02-05,15.07,15.12,14.86,15.02,1632621.0
324,2019-02-06,15.02,15.04,14.67,14.8,781146.0
325,2019-02-07,14.7,14.87,14.38,14.75,1897140.0
326,2019-02-08,14.75,15.2,14.51,15.1,2156134.0
327,2019-02-11,15.19,15.76,15.05,15.51,4517560.0
328,2019-02-12,15.66,16.17,15.56,16.0,7204087.0
329,2019-02-13,16.05,16.14,15.68,15.88,3498691.0
330,2019-02-14,15.78,16.0,15.51,16.0,2175088.0
331,2019-02-15,15.95,16.0,15.54,16.0,1519809.0
332,2019-02-19,16.0,16.06,15.91,16.0,2143252.0
333,2019-02-20,16.0,16.02,15.76,15.84,3779522.0
334,2019-02-21,15.71,15.96,15.35,15.71,1955687.0
335,2019-02-22,15.85,16.22,15.82,15.99,3799053.0
336,2019-02-25,16.3,16.39,15.79,15.9,4446135.0
337,2019-02-26,15.81,16.59,15.76,16.2,5613177.0
338,2019-02-27,18.61,22.12,18.48,21.86,27474071.0
339,2019-02-28,21.46,21.69,20.82,21.5,7529338.0
340,2019-03-01,21.61,23.6,21.2,23.2,7847685.0
341,2019-03-04,21.4,23.22,21.0,23.01,9715906.0
342,2019-03-05,23.21,25.14,22.59,24.06,10515563.0
343,2019-03-06,23.32,23.4,22.53,22.88,30676062.0
344,2019-03-07,22.72,23.59,22.14,23.44,12031751.0
345,2019-03-08,22.92,23.72,22.72,23.7,5493575.0
346,2019-03-11,23.96,24.04,23.11,23.32,8467811.0
347,2019-03-12,23.4,23.61,22.63,23.1,7479713.0
348,2019-03-13,23.06,23.28,22.77,22.88,5130999.0
349,2019-03-14,22.82,23.48,22.82,22.9,4640301.0
350,2019-03-15,22.95,23.74,22.88,23.51,9030148.0
351,2019-03-18,23.56,24.55,23.53,24.22,6666742.0
352,2019-03-19,24.45,24.66,23.68,24.04,5182671.0
353,2019-03-20,23.98,24.61,23.73,24.37,4742494.0
354,2019-03-21,24.22,24.86,23.88,24.65,4642350.0
355,2019-03-22,24.34,25.0,23.92,24.15,2934882.0
356,2019-03-25,24.13,24.13,22.95,23.97,2465472.0
357,2019-03-26,24.05,24.51,24.01,24.36,2516406.0
358,2019-03-27,24.4,24.76,23.45,23.8,5393888.0
359,2019-03-28,23.73,23.79,23.23,23.53,3485701.0
360,2019-03-29,23.71,23.78,22.75,23.52,4082988.0
361,2019-04-01,23.6,23.99,23.09,23.35,4967947.0
362,2019-04-02,23.4,23.49,22.81,23.3,2417398.0
363,2019-04-03,23.33,23.63,23.02,23.31,3042299.0
364,2019-04-04,23.34,23.34,21.83,22.0,5684580.0
365,2019-04-05,22.23,23.29,22.19,23.0,4448124.0
366,2019-04-08,22.85,22.85,22.01,22.35,3810257.0
367,2019-04-09,22.57,22.64,21.9,22.1,3241465.0
368,2019-04-10,22.16,22.52,22.06,22.52,4105873.0
369,2019-04-11,22.52,23.5,22.52,23.41,6406879.0
370,2019-04-12,23.53,23.95,23.17,23.63,3837377.0
371,2019-04-15,23.7,23.84,23.27,23.65,2792250.0
372,2019-04-16,23.72,24.06,23.19,23.45,2950773.0
373,2019-04-17,23.54,23.83,22.77,22.85,4889668.0
374,2019-04-18,22.94,23.16,22.49,22.97,4085124.0
375,2019-04-22,22.78,23.85,22.6,23.68,4178856.0
376,2019-04-23,23.94,24.82,23.94,24.42,6384887.0
377,2019-04-24,24.42,24.86,24.21,24.5,2897977.0
378,2019-04-25,24.45,24.6,24.07,24.35,2400803.0
379,2019-04-26,24.53,25.79,24.28,25.55,5907948.0
380,2019-04-29,25.56,26.3,25.2,25.36,8093744.0
381,2019-04-30,25.3,25.43,24.67,24.89,2142081.0
382,2019-05-01,25.13,25.79,24.89,24.97,3918891.0
383,2019-05-02,25.0,25.2,23.06,24.7,3958660.0
384,2019-05-03,25.0,25.57,24.73,25.2,2705093.0
385,2019-05-06,24.26,25.29,24.06,25.19,2790101.0
386,2019-05-07,24.98,25.08,23.94,24.3,4911155.0
387,2019-05-08,24.32,25.19,24.0,24.59,5404965.0
388,2019-05-09,24.3,24.83,23.92,24.74,1877049.0
389,2019-05-10,24.61,25.86,24.56,25.69,4227333.0
390,2019-05-13,25.02,25.18,23.4,24.38,6154127.0
391,2019-05-14,24.9,25.0,24.45,24.92,6061511.0
392,2019-05-15,24.76,25.74,24.65,25.6,3443484.0
393,2019-05-16,25.75,27.2,25.6,26.93,6364419.0
394,2019-05-17,26.94,26.94,26.34,26.67,5432826.0
395,2019-05-20,26.41,26.41,24.59,25.8,8024708.0
396,2019-05-21,26.25,26.75,25.26,25.39,6979536.0
397,2019-05-22,30.87,32.0,28.8,31.5,23991995.0
398,2019-05-23,31.1,31.1,29.95,30.59,6177875.0
399,2019-05-24,30.61,31.4,29.72,29.99,3713381.0
400,2019-05-28,29.98,30.62,29.13,29.19,3733995.0
401,2019-05-29,29.1,29.13,27.95,28.33,3241265.0
402,2019-05-30,28.42,29.04,27.95,28.37,3420058.0
403,2019-05-31,28.02,28.79,27.7,28.44,2254259.0
404,2019-06-03,28.44,28.99,27.52,27.97,2960828.0
405,2019-06-04,28.19,28.76,27.38,28.73,4153113.0
406,2019-06-05,28.95,29.47,28.11,29.23,2237061.0
407,2019-06-06,29.25,29.89,29.0,29.74,3227133.0
408,2019-06-07,29.94,30.99,29.87,30.85,2711681.0
409,2019-06-10,31.08,31.1,30.56,30.8,2040153.0
410,2019-06-11,31.0,31.1,29.44,30.49,3522238.0
411,2019-06-12,30.01,31.41,29.78,31.22,3704948.0
412,2019-06-13,32.44,32.44,30.59,30.76,2895065.0
413,2019-06-14,30.61,30.74,29.78,29.96,2859404.0
414,2019-06-17,29.98,30.3,29.62,29.95,2548486.0
415,2019-06-18,30.45,31.89,30.4,31.26,4281187.0
416,2019-06-19,31.58,31.59,30.54,31.49,4677801.0
417,2019-06-20,32.01,32.35,31.08,32.3,6072594.0
418,2019-06-21,32.31,34.75,32.3,34.45,7590932.0
419,2019-06-24,34.5,34.6,33.94,34.19,2972546.0
420,2019-06-25,34.42,34.84,33.12,33.42,2939944.0
421,2019-06-26,34.0,34.15,33.28,33.81,5671432.0
422,2019-06-27,34.03,34.3,33.3,33.77,1909668.0
423,2019-06-28,33.96,34.08,32.15,33.22,3354579.0
424,2019-07-01,33.9,34.85,33.8,34.27,3930811.0
425,2019-07-02,34.32,35.27,33.69,35.14,2697204.0
426,2019-07-03,35.54,35.72,34.93,35.69,1917104.0
427,2019-07-05,35.52,35.96,35.09,35.71,1746040.0
428,2019-07-08,35.48,35.48,33.99,35.36,2876307.0
429,2019-07-09,34.96,36.34,34.83,35.57,3640029.0
430,2019-07-10,36.27,37.0,35.53,36.08,3968749.0
431,2019-07-11,36.14,36.16,35.65,36.0,1069250.0
432,2019-07-12,36.2,36.2,35.01,35.17,1335617.0
433,2019-07-15,35.25,35.51,34.76,35.17,1353330.0
434,2019-07-16,35.42,35.7,34.77,35.21,1555535.0
435,2019-07-17,34.82,35.08,34.13,34.31,1858688.0
436,2019-07-18,34.17,34.66,33.82,34.42,2783073.0
437,2019-07-19,34.65,35.35,34.44,34.65,1828712.0
438,2019-07-22,34.77,35.82,34.4,35.25,3325735.0
439,2019-07-23,35.46,35.75,34.8,35.07,1435617.0
440,2019-07-24,35.29,36.11,34.75,35.82,2624816.0
441,2019-07-25,35.82,36.97,35.7,36.38,3476108.0
442,2019-07-26,36.55,37.69,36.55,37.39,3445861.0
443,2019-07-29,37.99,38.0,35.61,36.73,2375825.0
444,2019-07-30,36.26,36.53,35.41,35.71,2107454.0
445,2019-07-31,35.95,36.26,34.35,35.1,2219585.0
446,2019-08-01,35.44,37.76,35.16,35.29,5028095.0
447,2019-08-02,36.01,38.0,35.61,37.71,4901749.0
448,2019-08-05,35.11,36.18,33.0,34.02,6639140.0
449,2019-08-06,35.25,35.5,33.56,33.94,3174050.0
450,2019-08-07,35.96,35.96,35.96,35.96,9705.0
451,2019-08-08,35.96,36.17,34.0,35.58,3268974.0
452,2019-08-09,35.14,35.99,34.58,34.69,2169883.0
453,2019-08-12,34.65,34.83,33.61,34.02,1625121.0
454,2019-08-13,34.36,34.84,33.68,34.62,1982556.0
455,2019-08-14,34.02,34.2,32.63,33.38,3119201.0
456,2019-08-15,33.7,34.71,33.7,34.39,3912870.0
457,2019-08-16,34.92,35.75,34.32,35.42,4846421.0
458,2019-08-19,36.45,36.9,35.73,36.1,6501476.0
459,2019-08-20,32.0,33.97,31.5,33.0,19616055.0
460,2019-08-21,33.31,33.48,31.8,31.89,5713170.0
461,2019-08-22,32.39,32.44,31.29,32.22,3979266.0
462,2019-08-23,31.75,32.0,30.73,30.87,4527457.0
463,2019-08-26,31.05,32.17,30.84,31.72,4696785.0
464,2019-08-27,31.8,32.8,31.53,31.89,2149275.0
465,2019-08-28,31.26,32.68,30.44,32.29,2930938.0
466,2019-08-29,32.92,32.97,32.17,32.42,1673394.0
467,2019-08-30,32.88,32.88,31.67,32.12,2280887.0
468,2019-09-03,31.95,32.03,30.52,30.88,3802922.0
469,2019-09-04,30.64,32.64,29.92,31.91,6396601.0
470,2019-09-05,32.5,32.5,30.94,31.6,5892893.0
471,2019-09-06,31.84,32.5,31.49,31.61,2387694.0
472,2019-09-09,31.58,31.95,29.7,30.04,6360002.0
473,2019-09-10,29.72,30.65,29.33,30.34,4283210.0
474,2019-09-11,30.38,31.55,29.96,31.18,4009298.0
475,2019-09-12,31.44,33.08,31.24,31.33,3518533.0
476,2019-09-13,31.33,31.58,30.62,31.03,1468784.0
477,2019-09-16,30.89,31.46,30.69,30.92,1226800.0
478,2019-09-17,31.15,31.39,30.86,30.87,1231168.0
479,2019-09-18,30.88,31.23,30.37,31.1,1188178.0
480,2019-09-19,31.1,32.39,31.02,31.95,2818073.0
481,2019-09-20,31.94,32.6,31.63,32.27,2034294.0
482,2019-09-23,32.27,32.64,31.71,32.44,2310237.0
483,2019-09-24,32.58,32.7,31.01,31.26,2695911.0
484,2019-09-25,30.98,32.63,30.73,32.44,4341524.0
485,2019-09-26,32.3,32.93,32.2,32.47,2057527.0
486,2019-09-27,32.46,32.68,29.93,30.42,5993773.0
487,2019-09-30,31.21,31.56,30.36,30.95,3641065.0
488,2019-10-01,31.02,31.39,30.93,31.29,1468489.0
489,2019-10-02,31.02,31.15,29.86,30.07,2522498.0
490,2019-10-03,30.09,31.46,30.03,31.15,3535143.0
491,2019-10-04,31.22,31.37,30.62,31.0,2600503.0
492,2019-10-07,30.95,31.34,29.93,30.54,3798155.0
493,2019-10-08,30.15,30.3,27.78,27.85,10546705.0
494,2019-10-09,28.27,29.0,28.21,28.62,5267884.0
495,2019-10-10,28.44,28.51,27.13,27.85,5420009.0
496,2019-10-11,28.5,28.84,27.91,27.92,3358021.0
497,2019-10-14,28.3,28.44,27.29,27.5,2233378.0
498,2019-10-15,27.51,28.64,27.51,28.28,5751343.0
499,2019-10-16,28.1,28.45,27.77,28.09,1522587.0
500,2019-10-17,28.52,28.78,27.75,27.83,2370454.0
501,2019-10-18,27.56,27.73,26.72,26.98,4589562.0
502,2019-10-21,26.98,27.43,26.41,27.23,4066709.0
503,2019-10-22,27.23,27.93,26.66,26.7,3705159.0
504,2019-10-23,26.77,27.65,26.65,27.26,3985265.0
505,2019-10-24,27.22,28.34,27.21,28.05,2769577.0
506,2019-10-25,28.11,28.63,27.51,28.5,3700708.0
507,2019-10-28,28.73,29.34,28.52,29.12,2158773.0
508,2019-10-29,29.72,29.9,28.64,29.35,3179127.0
509,2019-10-30,29.5,29.88,29.11,29.79,1307559.0
510,2019-10-31,29.75,30.0,29.03,29.76,1770467.0
511,2019-11-01,30.12,30.15,29.11,29.9,2548022.0
512,2019-11-04,30.0,31.0,29.94,30.89,3026605.0
513,2019-11-05,31.0,31.14,30.15,30.55,6273413.0
514,2019-11-06,30.38,30.78,30.29,30.65,2841730.0
515,2019-11-07,30.74,31.25,30.32,30.95,5439183.0
516,2019-11-08,30.9,31.72,30.74,31.7,4041298.0
517,2019-11-11,31.16,31.5,30.5,31.0,5341504.0
518,2019-11-12,36.08,37.47,35.65,36.76,14267436.0
519,2019-11-13,35.12,37.01,34.89,35.18,11671897.0
520,2019-11-14,35.62,36.92,35.34,36.92,12047240.0
521,2019-11-15,36.92,37.03,35.95,36.38,6799082.0
522,2019-11-18,36.55,37.88,36.16,36.63,4205871.0
523,2019-11-19,36.87,37.12,36.02,37.01,2673801.0
524,2019-11-20,37.02,38.98,36.69,37.27,4863410.0
525,2019-11-21,37.28,37.46,36.64,37.22,1894622.0
526,2019-11-22,37.07,37.57,36.54,37.27,3372626.0
527,2019-11-25,37.36,38.05,37.12,37.35,6603204.0
528,2019-11-26,37.35,38.09,37.22,37.75,4103818.0
529,2019-11-27,37.95,37.98,37.31,37.78,3038199.0
530,2019-11-29,37.52,37.73,36.81,37.04,2219264.0
531,2019-12-02,37.08,37.08,35.87,36.57,3058245.0
532,2019-12-03,35.72,37.02,35.3,36.77,4916002.0
533,2019-12-04,37.18,37.43,36.81,37.09,1419463.0
534,2019-12-05,37.54,38.31,37.06,37.84,6297142.0
535,2019-12-06,38.2,38.97,37.56,37.81,3418650.0
536,2019-12-09,37.94,38.0,36.73,36.74,3585498.0
537,2019-12-10,36.82,37.1,36.41,36.63,3343136.0
538,2019-12-11,36.63,36.8,36.01,36.77,5570287.0
539,2019-12-12,36.63,37.48,36.26,37.3,4489751.0
540,2019-12-13,37.17,37.68,36.67,36.8,2941159.0
541,2019-12-16,37.0,38.13,36.85,38.0,3912538.0
542,2019-12-17,38.46,38.48,37.7,38.0,4825234.0
543,2019-12-18,37.93,38.02,36.8,37.61,7190841.0
544,2019-12-19,37.75,39.2,37.63,38.82,5936131.0
545,2019-12-20,39.0,39.13,38.06,39.01,3745402.0
546,2019-12-23,38.72,39.36,38.52,38.85,2662907.0
547,2019-12-24,38.99,39.45,38.75,39.12,702925.0
548,2019-12-26,39.1,39.5,38.88,39.08,1921742.0
549,2019-12-27,39.37,39.59,38.77,39.3,1532546.0
550,2019-12-30,39.86,40.0,38.34,39.21,3066250.0
551,2019-12-31,38.98,40.62,38.81,40.22,3517252.0
552,2020-01-02,41.0,41.19,39.46,40.04,5689333.0
553,2020-01-03,39.44,40.65,39.4,40.49,5237931.0
554,2020-01-06,40.07,41.03,40.03,40.48,4049150.0
555,2020-01-07,40.5,41.8,40.35,41.01,3952275.0
556,2020-01-08,41.0,41.39,40.06,40.16,3211334.0
557,2020-01-09,40.79,40.9,40.04,40.53,3129720.0
558,2020-01-10,40.76,40.91,39.34,39.58,3360903.0
559,2020-01-13,39.71,40.37,39.6,40.02,1647562.0
560,2020-01-14,40.0,40.27,39.15,39.94,3446257.0
561,2020-01-15,40.4,40.95,39.91,40.42,2312718.0
562,2020-01-16,40.65,41.02,40.2,40.96,2356825.0
563,2020-01-17,40.75,41.34,40.7,41.28,3217637.0
564,2020-01-21,41.01,41.4,40.33,41.31,4195536.0
565,2020-01-22,43.55,45.15,42.9,44.36,10448554.0
566,2020-01-23,44.25,45.01,43.74,44.75,4141569.0
567,2020-01-24,46.06,46.5,44.35,45.33,5869407.0
568,2020-01-27,42.6,44.45,42.6,44.35,3065615.0
569,2020-01-28,45.0,45.31,44.51,45.03,1561339.0
570,2020-01-29,45.76,46.29,45.03,45.14,2058969.0
571,2020-01-30,44.72,45.63,44.52,45.59,1541964.0
572,2020-01-31,45.28,45.58,44.81,45.24,2784495.0
573,2020-02-03,45.37,46.5,45.25,46.37,3350769.0
574,2020-02-04,46.97,47.11,46.07,46.82,3841375.0
575,2020-02-05,47.5,47.51,45.73,45.81,4292993.0
576,2020-02-06,46.08,46.78,44.85,45.72,2679068.0
577,2020-02-07,46.58,46.71,45.53,46.2,3073228.0
578,2020-02-10,46.06,46.3,44.95,45.16,3370307.0
579,2020-02-11,45.71,46.67,45.39,46.34,2794098.0
580,2020-02-12,46.59,47.14,46.44,46.93,2096536.0
581,2020-02-13,47.1,48.4,47.04,47.95,7357199.0
582,2020-02-14,48.5,49.33,48.16,48.49,3698107.0
583,2020-02-18,49.27,49.88,48.8,49.84,5076330.0
584,2020-02-19,50.34,51.21,49.78,51.2,4737779.0
585,2020-02-20,51.16,52.51,50.87,52.5,9306763.0
586,2020-02-21,52.17,52.39,51.45,51.85,5698716.0
587,2020-02-24,48.68,49.49,46.95,48.2,8968125.0
588,2020-02-25,49.46,49.79,46.06,46.7,6217695.0
589,2020-02-26,46.77,47.91,46.28,46.42,3200214.0
590,2020-02-27,45.01,46.9,43.31,45.07,8820836.0
591,2020-02-28,43.64,45.54,43.5,45.06,5057675.0
592,2020-03-02,46.21,48.22,45.15,48.04,7254641.0
593,2020-03-03,49.58,51.59,48.24,48.95,10998449.0
594,2020-03-04,51.0,52.58,50.2,52.52,5619349.0
595,2020-03-05,51.01,52.77,50.38,52.56,4239167.0
596,2020-03-06,50.66,51.17,47.86,50.35,5801782.0
597,2020-03-09,45.99,47.18,44.99,45.91,7509366.0
598,2020-03-10,48.0,50.77,47.82,50.69,7620732.0
599,2020-03-11,49.04,50.5,47.27,48.02,3794035.0
600,2020-03-12,44.0,44.4,41.47,41.63,8733957.0
601,2020-03-13,44.93,45.11,42.37,44.51,6643151.0
602,2020-03-16,38.5,43.29,38.5,41.08,6871213.0
603,2020-03-17,41.87,45.0,40.5,44.26,5394232.0
604,2020-03-18,40.54,41.96,36.28,41.96,7571765.0
605,2020-03-19,41.08,41.31,38.02,39.7,7276932.0
606,2020-03-20,41.7,42.33,38.0,38.0,5849043.0
607,2020-03-23,38.1,38.76,35.61,38.45,5627941.0
608,2020-03-24,41.74,43.75,41.24,42.84,6362190.0
609,2020-03-25,43.47,46.36,42.49,44.04,4203380.0
610,2020-03-26,45.38,46.48,44.64,45.74,5065261.0
611,2020-03-27,44.31,46.0,43.5,43.93,4147239.0
612,2020-03-30,44.0,44.5,42.5,44.46,3071597.0
613,2020-03-31,44.14,45.11,43.76,44.31,2683090.0
614,2020-04-01,43.0,43.93,42.22,43.17,3713883.0
615,2020-04-02,42.77,44.71,42.62,44.58,2732975.0
616,2020-04-03,43.4,44.39,40.41,42.1,5554362.0
617,2020-04-06,43.97,45.75,43.72,44.8,3309539.0
618,2020-04-07,46.06,46.75,44.5,45.22,4112850.0
619,2020-04-08,45.4,46.1,44.81,45.45,1896400.0
620,2020-04-09,46.5,47.9,44.85,45.07,3649967.0
621,2020-04-13,44.74,47.56,44.46,46.99,2664824.0
622,2020-04-14,47.72,50.65,47.57,50.22,4886625.0
623,2020-04-15,49.47,50.62,48.11,49.78,2414218.0
624,2020-04-16,51.6,54.48,51.41,53.95,6896403.0
625,2020-04-17,55.25,55.25,52.67,53.02,3781443.0
626,2020-04-20,52.46,54.98,52.25,54.22,2513240.0
627,2020-04-21,53.54,54.04,50.35,51.98,3772012.0
628,2020-04-22,54.11,55.1,52.88,54.04,3068901.0
629,2020-04-23,54.1,54.92,53.07,53.63,2737096.0
630,2020-04-24,54.22,54.72,53.52,54.39,2330156.0
631,2020-04-27,55.46,56.0,54.51,55.34,3311907.0
632,2020-04-28,56.49,56.8,52.77,53.3,4566772.0
633,2020-04-29,53.57,55.83,53.43,55.52,2828889.0
634,2020-04-30,56.16,56.75,55.31,55.58,2167625.0
635,2020-05-01,53.89,55.04,53.35,54.78,2054008.0
636,2020-05-04,53.85,55.73,53.85,55.23,2677627.0
637,2020-05-05,56.77,59.44,55.97,57.93,4678582.0
638,2020-05-06,58.05,62.56,57.61,61.69,8235388.0
639,2020-05-07,62.11,62.19,57.72,60.37,6624513.0
640,2020-05-08,61.16,63.3,60.67,62.49,3234174.0
641,2020-05-11,61.87,63.79,61.58,62.91,3545182.0
642,2020-05-12,63.0,64.39,61.07,62.7,3724276.0
643,2020-05-13,63.0,64.0,60.69,61.98,5419601.0
644,2020-05-14,61.0,61.59,59.26,61.59,5295738.0
645,2020-05-15,60.09,62.19,60.0,61.96,6439561.0
646,2020-05-18,66.0,69.95,65.43,69.49,9974385.0
647,2020-05-19,69.75,72.8,68.1,68.27,14057016.0
648,2020-05-20,70.0,73.97,69.9,72.4,10281047.0
649,2020-05-21,72.4,78.54,72.26,77.81,11053780.0
650,2020-05-22,78.01,79.19,76.07,79.0,6901917.0
651,2020-05-26,81.08,83.8,80.66,83.16,7287931.0
652,2020-05-27,83.69,83.75,73.93,78.91,11287644.0
653,2020-05-28,77.98,80.37,75.28,75.66,6486933.0
654,2020-05-29,76.03,79.89,75.11,79.8,4960074.0
655,2020-06-01,80.08,82.62,80.08,82.47,4527029.0
656,2020-06-02,83.0,86.86,82.52,86.86,4726390.0
657,2020-06-03,87.18,88.16,86.13,88.07,6449651.0
658,2020-06-04,88.0,88.2,83.68,85.31,5842674.0
659,2020-06-05,86.52,89.94,85.61,89.7,5178861.0
660,2020-06-08,90.0,93.18,89.78,90.88,6408219.0
661,2020-06-09,90.72,91.58,89.64,90.78,3751208.0
662,2020-06-10,91.52,92.93,89.94,92.16,4520407.0
663,2020-06-11,90.0,91.67,86.6,88.58,7983350.0
664,2020-06-12,92.0,94.52,90.56,92.98,4234622.0
665,2020-06-15,91.28,98.68,90.63,97.25,5163597.0
666,2020-06-16,102.49,102.49,96.86,100.8,5711551.0
667,2020-06-17,99.57,107.92,99.5,106.81,7328163.0
668,2020-06-18,109.0,109.8,102.52,106.48,6714376.0
669,2020-06-19,108.17,110.13,106.7,106.94,7589643.0
670,2020-06-22,107.81,113.78,107.58,113.39,6732364.0
671,2020-06-23,115.2,116.0,110.12,111.1,8163326.0
672,2020-06-24,110.38,111.87,100.66,103.64,10785367.0
673,2020-06-25,103.0,105.7,101.2,104.32,4465295.0
674,2020-06-26,103.54,107.8,101.61,105.2,4453913.0
675,2020-06-29,104.98,110.64,101.61,108.77,4478281.0
676,2020-06-30,109.08,110.42,107.05,107.24,2912393.0
677,2020-07-01,108.28,116.76,108.28,114.46,4728812.0
678,2020-07-02,117.85,119.23,115.33,117.62,3278110.0
679,2020-07-06,122.5,123.5,113.19,114.41,5475558.0
680,2020-07-07,113.44,116.12,111.34,112.9,4917672.0
681,2020-07-08,118.02,126.68,118.01,124.46,7608317.0
682,2020-07-09,129.71,129.72,119.0,123.05,5192870.0
683,2020-07-10,121.53,122.38,118.45,121.0,2501267.0
684,2020-07-13,123.17,125.29,113.58,113.65,4961580.0
685,2020-07-14,111.15,113.54,106.01,113.3,5621182.0
686,2020-07-15,114.51,116.74,112.63,113.21,2941675.0
687,2020-07-16,109.6,110.49,106.88,109.0,3044849.0
688,2020-07-17,110.17,111.76,107.87,109.04,1699246.0
689,2020-07-20,111.9,117.99,111.14,115.25,3510063.0
690,2020-07-21,118.32,120.45,114.68,115.45,2528709.0
691,2020-07-22,115.93,116.75,113.16,114.65,1397368.0
692,2020-07-23,114.65,114.96,107.2,108.95,2745359.0
693,2020-07-24,105.43,108.2,101.7,107.12,3797780.0
694,2020-07-27,110.48,115.02,109.17,114.18,3498499.0
695,2020-07-28,115.63,118.75,114.14,116.0,2937042.0
696,2020-07-29,119.17,120.34,116.91,118.69,2385495.0
697,2020-07-30,118.52,122.55,118.14,122.29,3665445.0
698,2020-07-31,124.51,125.84,120.1,122.2,4137637.0
699,2020-08-03,124.92,134.33,124.5,132.75,4578618.0
700,2020-08-04,132.86,138.54,131.74,137.51,4490597.0
701,2020-08-05,140.51,146.69,140.05,145.47,4582133.0
702,2020-08-06,146.99,146.99,137.04,138.21,4497714.0
703,2020-08-07,137.27,140.44,127.64,129.0,5050221.0
704,2020-08-10,132.66,135.52,120.34,122.7,5945331.0
705,2020-08-11,122.85,127.79,118.08,120.36,3967926.0
706,2020-08-12,122.49,128.68,121.37,126.92,3839474.0
707,2020-08-13,128.0,130.65,126.5,128.0,4053611.0
708,2020-08-14,128.31,129.67,124.39,126.5,3299440.0
709,2020-08-17,128.92,134.44,127.23,134.28,6073181.0
710,2020-08-18,148.0,152.51,141.03,145.98,12364828.0
711,2020-08-19,151.77,154.25,146.3,150.56,5442133.0
712,2020-08-20,151.3,153.34,145.76,152.64,4178441.0
713,2020-08-21,153.28,154.28,145.9,147.42,3934065.0
714,2020-08-24,149.79,152.19,144.26,150.41,4437773.0
715,2020-08-25,148.25,155.0,147.3,154.13,3644853.0
716,2020-08-26,154.92,163.14,154.34,159.0,5392708.0
717,2020-08-27,158.0,158.9,150.34,153.15,3919219.0
718,2020-08-28,154.48,156.09,151.98,152.67,2399421.0
719,2020-08-31,154.34,158.99,150.56,152.81,3949231.0
720,2020-09-01,156.7,162.0,153.31,161.8,5365306.0
721,2020-09-02,164.26,165.23,153.38,157.22,4471573.0
722,2020-09-03,150.66,152.97,144.12,147.56,6682657.0
723,2020-09-04,145.05,145.71,137.89,144.15,7891351.0
724,2020-09-08,136.0,144.93,135.28,138.0,7301059.0
725,2020-09-09,141.93,143.48,138.13,142.03,3896349.0
726,2020-09-10,142.0,146.1,138.03,139.5,2591851.0
727,2020-09-11,142.27,142.99,138.07,139.51,2336993.0
728,2020-09-14,143.99,149.22,143.0,147.82,3586129.0
729,2020-09-15,150.0,150.59,145.29,149.99,3010305.0
730,2020-09-16,148.96,151.24,146.73,147.58,1538702.0
731,2020-09-17,143.8,149.26,141.85,149.08,3154387.0
732,2020-09-18,150.05,150.98,143.88,147.55,2542788.0
733,2020-09-21,143.0,150.88,142.64,150.7,2230081.0
734,2020-09-22,151.09,152.75,145.9,152.12,3080638.0
735,2020-09-23,150.75,155.54,146.64,147.88,3441826.0
736,2020-09-24,144.94,152.45,142.41,150.06,3101963.0
737,2020-09-25,150.74,157.8,149.55,155.29,4289593.0
738,2020-09-28,159.0,162.0,157.01,159.97,3658076.0
739,2020-09-29,159.41,161.51,154.39,155.15,2503822.0
740,2020-09-30,155.1,158.54,153.86,154.04,2290489.0
741,2020-10-01,157.0,160.44,154.52,160.0,3054162.0
742,2020-10-02,154.5,160.09,154.33,155.36,3017021.0
743,2020-10-05,158.88,162.05,155.21,157.58,3345854.0
744,2020-10-06,159.0,167.94,158.13,163.44,5642679.0
745,2020-10-07,167.43,171.3,165.45,167.42,4245635.0
746,2020-10-08,170.49,172.0,168.15,169.29,3370798.0
747,2020-10-09,170.0,172.5,166.28,172.12,2645499.0
748,2020-10-12,175.0,175.6,166.9,167.18,3050372.0
749,2020-10-13,170.0,172.47,166.38,172.4,2064071.0
750,2020-10-14,174.3,176.9,166.33,167.63,2213933.0
751,2020-10-15,165.8,169.31,161.84,169.3,1995864.0
752,2020-10-16,170.17,171.61,164.88,165.2,2160054.0
753,2020-10-19,165.42,168.18,161.95,162.84,2567697.0
754,2020-10-20,163.0,169.49,162.5,166.87,1921554.0
755,2020-10-21,167.23,172.12,163.78,168.38,2175625.0
756,2020-10-22,168.79,169.79,159.6,161.63,3112673.0
757,2020-10-23,162.0,163.12,158.79,162.96,1841154.0
758,2020-10-26,160.4,164.67,159.41,162.36,1965658.0
759,2020-10-27,164.68,172.45,162.95,172.29,3340202.0
760,2020-10-28,167.49,167.99,161.26,163.24,2794068.0
761,2020-10-29,166.42,169.98,163.45,167.02,1902324.0
762,2020-10-30,163.42,164.74,155.33,157.7,3231561.0
763,2020-11-02,160.4,164.94,157.55,159.67,2719753.0
764,2020-11-03,161.11,169.22,161.0,166.39,2081346.0
765,2020-11-04,171.35,177.59,170.59,176.96,3116101.0
766,2020-11-05,183.0,187.45,180.58,184.62,3371045.0
767,2020-11-06,184.79,187.75,180.17,186.79,1734848.0
768,2020-11-09,176.16,182.97,164.0,169.08,6129182.0
769,2020-11-10,169.8,169.96,155.1,156.53,7169121.0
770,2020-11-11,166.45,171.69,161.51,169.13,6227091.0
771,2020-11-12,174.0,179.45,171.82,178.77,4100261.0
772,2020-11-13,181.2,183.66,176.63,181.44,2907444.0
773,2020-11-16,178.7,179.24,172.0,178.22,4710982.0
774,2020-11-17,182.89,187.18,168.56,170.62,6000731.0
775,2020-11-18,174.29,174.83,165.0,165.16,4290099.0
776,2020-11-19,167.72,174.81,166.0,173.47,2750427.0
777,2020-11-20,175.2,184.06,175.19,183.11,3846123.0
778,2020-11-23,183.0,185.0,178.15,182.92,3122376.0
779,2020-11-24,179.23,181.25,174.3,176.92,3308733.0
780,2020-11-25,176.35,178.72,173.7,177.7,2155827.0
781,2020-11-27,180.5,182.75,178.22,182.55,1895778.0
782,2020-11-30,183.0,183.8,173.91,180.37,2289641.0
783,2020-12-01,183.1,183.5,176.59,177.38,2325720.0
784,2020-12-02,174.99,184.93,174.5,183.88,4206607.0
785,2020-12-03,185.06,192.36,182.58,183.53,5083966.0
786,2020-12-04,190.97,203.42,186.1,198.78,11898786.0
787,2020-12-07,200.0,200.0,195.4,198.57,2951569.0
788,2020-12-08,199.0,207.52,197.6,205.87,5915515.0
789,2020-12-09,208.55,212.33,200.4,202.68,3627568.0
790,2020-12-10,194.92,201.7,194.04,198.95,3969018.0
791,2020-12-11,194.3,195.9,190.25,193.38,6945671.0
792,2020-12-14,195.0,195.68,189.06,190.26,2889620.0
793,2020-12-15,191.5,191.75,186.0,188.09,3005247.0
794,2020-12-16,189.67,196.44,188.38,192.99,3706806.0
795,2020-12-17,195.46,198.45,194.03,198.05,2842472.0
796,2020-12-18,198.96,200.85,196.6,200.35,2633185.0
797,2020-12-21,197.0,201.5,192.85,196.9,3157735.0
798,2020-12-22,198.5,202.41,196.51,200.65,2245840.0
799,2020-12-23,199.74,200.34,194.36,195.07,1878640.0
800,2020-12-24,194.54,197.3,191.8,193.18,1132200.0
801,2020-12-28,193.25,194.5,178.8,180.28,5843139.0
802,2020-12-29,185.09,190.87,183.31,188.35,3111946.0
803,2020-12-30,190.0,197.59,186.68,196.75,2526256.0
804,2020-12-31,196.74,199.12,194.53,199.05,3775330.0
805,2021-01-04,200.75,203.11,191.87,196.06,4331905.0
806,2021-01-05,198.1,204.09,195.09,202.93,3297520.0
807,2021-01-06,201.58,204.12,193.91,194.37,3224764.0
808,2021-01-07,198.02,205.34,197.89,203.94,3392005.0
809,2021-01-08,205.94,213.6,202.43,210.16,4604433.0
810,2021-01-11,209.0,213.35,206.89,209.06,2553898.0
811,2021-01-12,214.38,218.57,212.4,218.48,5474214.0
812,2021-01-13,223.61,229.98,220.88,226.78,5065769.0
813,2021-01-14,230.88,237.27,227.65,229.66,3890519.0
814,2021-01-15,230.88,233.48,222.08,226.05,2346791.0
815,2021-01-19,232.45,234.5,226.05,231.64,2515838.0
816,2021-01-20,238.2,238.42,232.08,233.15,2152465.0
817,2021-01-21,233.38,237.0,232.0,233.96,1647981.0
818,2021-01-22,232.61,236.79,230.25,236.49,2043125.0
819,2021-01-25,240.0,240.44,226.14,228.68,4295183.0
820,2021-01-26,230.0,232.33,215.81,217.22,3869562.0
821,2021-01-27,212.27,223.17,203.06,205.78,6372982.0
822,2021-01-28,210.0,228.41,209.3,219.78,5835048.0
823,2021-01-29,218.06,221.61,211.25,216.71,3419572.0
824,2021-02-01,222.97,236.98,222.97,233.53,4397109.0
825,2021-02-02,235.92,241.78,231.0,238.54,3377945.0
826,2021-02-03,244.77,246.33,239.7,243.54,3816463.0
827,2021-02-04,244.29,245.71,237.32,243.96,2435698.0
828,2021-02-05,244.0,258.64,242.39,256.76,3637720.0
829,2021-02-08,258.69,269.14,258.31,263.46,3687350.0
830,2021-02-09,266.1,278.35,266.01,274.66,3978414.0
831,2021-02-10,277.09,281.77,265.2,270.97,4306572.0
832,2021-02-11,273.0,277.5,268.27,274.63,2404797.0
833,2021-02-12,270.37,277.38,268.78,276.12,2604675.0
834,2021-02-16,281.92,285.0,275.25,278.14,3052882.0
835,2021-02-17,275.11,275.96,264.51,268.22,3655770.0
836,2021-02-18,263.87,268.13,255.15,267.5,3309424.0
837,2021-02-19,271.83,280.64,270.88,280.0,3561234.0
838,2021-02-22,272.77,273.01,250.93,252.96,6113959.0
839,2021-02-23,240.36,255.95,229.27,251.81,7832162.0
840,2021-02-24,253.11,254.0,240.64,248.04,4219178.0
841,2021-02-25,248.0,250.8,232.07,235.35,4754732.0
842,2021-02-26,235.91,242.85,225.0,235.69,4502564.0
843,2021-03-01,250.75,252.47,244.71,248.51,4083036.0
844,2021-03-02,270.0,276.02,246.25,250.0,7843057.0
845,2021-03-03,259.36,260.41,246.5,251.28,5080426.0
846,2021-03-04,239.62,246.67,218.44,229.68,11574604.0
847,2021-03-05,228.67,231.29,209.23,229.76,9360519.0
848,2021-03-08,227.21,231.6,204.83,206.05,8293290.0
849,2021-03-09,222.99,229.99,216.09,228.47,5949896.0
850,2021-03-10,226.0,232.9,214.91,217.21,6311391.0
851,2021-03-11,230.55,239.5,226.0,236.79,6173550.0
852,2021-03-12,230.0,235.17,222.08,234.99,4015374.0
853,2021-03-15,227.5,231.45,223.5,231.34,3418867.0
854,2021-03-16,234.68,242.38,228.79,233.46,3751404.0
855,2021-03-17,226.9,229.7,214.5,224.35,6356796.0
856,2021-03-18,216.45,218.98,209.57,211.26,5062882.0
857,2021-03-19,211.74,218.46,209.0,214.9,3432953.0
858,2021-03-22,218.39,222.46,215.03,217.84,3131974.0
859,2021-03-23,220.0,223.25,214.6,216.64,3149430.0
860,2021-03-24,218.0,218.01,196.7,197.5,8021668.0
861,2021-03-25,190.0,204.63,189.61,202.61,6522038.0
862,2021-03-26,205.2,213.2,201.61,209.24,5269972.0
863,2021-03-29,208.73,210.0,199.87,204.25,4326348.0
864,2021-03-30,203.0,217.5,199.78,214.35,5073205.0
865,2021-03-31,218.0,228.08,217.42,223.23,4872453.0
866,2021-04-01,228.5,240.0,228.21,236.45,4868512.0
867,2021-04-05,239.51,240.49,230.53,234.9,2373655.0
868,2021-04-06,237.0,250.33,235.2,247.03,4752549.0
869,2021-04-07,243.0,249.76,242.02,245.22,3714231.0
870,2021-04-08,250.0,258.6,249.23,253.11,3912885.0
871,2021-04-09,253.03,253.33,248.65,250.93,2657633.0
872,2021-04-12,247.81,250.35,240.82,245.34,2915331.0
873,2021-04-13,245.0,250.5,239.4,244.2,2186381.0
874,2021-04-14,247.39,251.93,242.88,245.56,2776608.0
875,2021-04-15,248.23,254.37,245.13,250.1,3953141.0
876,2021-04-16,254.18,254.26,247.18,252.42,1925624.0
877,2021-04-19,249.29,261.55,247.55,250.0,4399759.0
878,2021-04-20,252.9,252.9,232.25,236.44,3748950.0
879,2021-04-21,230.43,242.9,228.22,241.09,2212265.0
880,2021-04-22,245.0,251.83,243.24,246.49,2989041.0
881,2021-04-23,250.0,259.2,249.29,258.59,2704924.0
882,2021-04-26,259.85,272.24,258.0,272.01,3885669.0
883,2021-04-27,272.0,278.0,267.12,267.14,2829161.0
884,2021-04-28,268.53,270.47,263.64,265.67,1841784.0
885,2021-04-29,269.98,270.0,255.23,256.83,2448670.0
886,2021-04-30,255.01,259.25,252.1,252.54,2011542.0
887,2021-05-03,256.0,259.71,252.72,254.62,2141464.0
888,2021-05-04,248.99,250.66,236.5,243.48,4445149.0
889,2021-05-05,245.72,250.82,242.68,244.9,2762628.0
890,2021-05-06,243.0,245.38,234.2,238.25,4643753.0
891,2021-05-07,242.99,248.79,238.02,240.28,2281404.0
892,2021-05-10,234.99,234.99,220.67,222.55,6593106.0
893,2021-05-11,212.69,229.81,212.55,228.77,5050581.0
894,2021-05-12,223.38,224.86,213.37,213.42,4473651.0
895,2021-05-13,217.01,217.79,200.0,202.34,5779502.0
896,2021-05-14,207.32,218.28,207.32,216.69,3488013.0
897,2021-05-17,216.74,221.78,213.93,218.84,3803434.0
898,2021-05-18,206.75,228.11,203.96,228.0,9603726.0
899,2021-05-19,219.5,226.68,218.32,226.66,3922691.0
900,2021-05-20,230.74,246.75,230.59,246.15,6234743.0
901,2021-05-21,246.15,250.25,242.5,246.33,4539856.0
902,2021-05-24,249.5,259.07,249.5,254.0,4251224.0
903,2021-05-25,256.73,258.0,249.3,249.54,2027101.0
904,2021-05-26,251.8,254.27,245.89,246.23,1988463.0
905,2021-05-27,247.99,261.5,241.45,260.62,6828974.0
906,2021-05-28,255.51,261.34,252.01,253.24,3174800.0
907,2021-06-01,257.7,262.89,253.04,257.54,2934427.0
908,2021-06-02,256.53,261.97,255.84,258.35,1507162.0
909,2021-06-03,256.16,257.64,248.61,249.6,2181384.0
910,2021-06-04,252.0,260.52,251.6,256.82,1953388.0
911,2021-06-07,256.38,258.0,253.2,257.32,1987862.0
912,2021-06-08,260.0,270.0,256.88,264.1,3611194.0
913,2021-06-09,265.0,269.73,262.23,263.08,2201879.0
914,2021-06-10,268.5,272.5,266.21,271.12,3428938.0
915,2021-06-11,272.0,278.52,270.18,277.69,3048512.0
916,2021-06-14,278.88,282.76,275.14,277.07,2800960.0
917,2021-06-15,280.0,280.0,264.37,271.19,2872249.0
918,2021-06-16,270.67,276.94,269.13,274.78,2350641.0
919,2021-06-17,273.19,285.39,273.0,283.24,4189444.0
920,2021-06-18,284.6,286.6,280.0,282.49,2529882.0
921,2021-06-21,279.03,281.8,272.94,281.06,1721593.0
922,2021-06-22,281.0,282.8,276.02,280.87,1666807.0
923,2021-06-23,283.5,286.0,279.66,280.88,2797136.0
924,2021-06-24,285.72,297.75,284.05,289.42,4060579.0
925,2021-06-25,290.01,292.65,282.85,283.35,3565583.0
926,2021-06-28,284.54,287.81,281.12,281.12,2475161.0
927,2021-06-29,282.0,287.39,276.51,287.19,3092238.0
928,2021-06-30,288.02,289.98,274.44,274.6,4929487.0
929,2021-07-01,274.6,278.98,269.77,272.31,2946521.0
930,2021-07-02,273.91,279.65,273.01,273.7,1874274.0
931,2021-07-06,275.0,279.23,271.56,275.68,2522850.0
932,2021-07-07,276.25,277.2,264.36,267.86,2792034.0
933,2021-07-08,254.81,268.58,253.03,267.0,3079904.0
934,2021-07-09,268.38,278.12,267.92,275.7,1969850.0
935,2021-07-12,277.92,281.45,272.6,275.86,1098893.0
936,2021-07-13,278.73,286.6,276.24,280.94,2129572.0
937,2021-07-14,285.0,288.43,274.22,275.58,1910666.0
938,2021-07-15,272.2,276.84,264.96,268.83,2111629.0
939,2021-07-16,271.37,271.87,264.52,267.6,1517900.0
940,2021-07-19,260.13,274.67,260.0,272.84,1842740.0
941,2021-07-20,275.99,282.6,270.74,279.64,1946925.0
942,2021-07-21,278.84,295.5,277.19,293.92,2830896.0
943,2021-07-22,293.66,298.46,290.16,293.79,1914950.0
944,2021-07-23,294.07,300.0,292.09,297.67,2668331.0
945,2021-07-26,294.68,295.38,284.82,289.72,2393269.0
946,2021-07-27,276.39,280.3,255.75,270.92,7949047.0
947,2021-07-28,274.0,276.38,264.97,275.54,4302518.0
948,2021-07-29,283.02,289.44,281.0,285.01,2419534.0
949,2021-07-30,278.69,285.98,273.11,276.16,2288766.0
950,2021-08-02,279.8,286.52,276.41,281.29,1683254.0
951,2021-08-03,282.24,283.25,277.24,282.97,1445991.0
952,2021-08-04,284.9,293.97,283.92,293.51,2653008.0
953,2021-08-05,291.91,307.49,291.91,304.0,4667449.0
954,2021-08-06,304.99,304.99,296.5,302.72,2683433.0
955,2021-08-09,303.23,311.43,298.42,307.14,2447436.0
956,2021-08-10,308.82,310.2,295.87,296.95,1893860.0
957,2021-08-11,302.36,304.99,292.6,297.0,1599125.0
958,2021-08-12,302.53,308.53,295.64,306.24,2292272.0
959,2021-08-13,305.13,315.0,303.35,306.71,1887606.0
960,2021-08-16,305.0,305.44,285.75,290.49,3722004.0
961,2021-08-17,296.02,317.26,288.17,308.27,7334536.0
962,2021-08-18,311.41,326.79,305.5,318.61,4936339.0
963,2021-08-19,309.95,328.35,309.95,321.12,5106960.0
964,2021-08-20,316.99,321.99,308.53,309.33,4813171.0
965,2021-08-23,311.94,316.45,306.23,315.23,3229258.0
966,2021-08-24,319.99,321.53,310.87,312.0,2272697.0
967,2021-08-25,314.43,320.78,312.2,320.09,2235822.0
968,2021-08-26,316.27,322.81,313.05,321.77,2742561.0
969,2021-08-27,319.85,325.63,317.02,321.03,2903135.0
970,2021-08-30,325.0,337.5,324.04,331.82,3579920.0
971,2021-08-31,338.0,344.77,330.27,338.32,11631779.0
972,2021-09-01,340.0,349.22,338.99,340.08,4197693.0
973,2021-09-02,342.91,343.99,334.24,339.0,2406265.0
974,2021-09-03,338.15,353.89,337.13,353.36,2904373.0
975,2021-09-07,357.53,359.84,350.11,351.02,3457266.0
976,2021-09-08,348.0,349.19,342.03,343.8,3737722.0
977,2021-09-09,326.49,331.91,317.31,322.6,9807275.0
978,2021-09-10,330.5,337.54,323.62,325.5,9690299.0
979,2021-09-13,327.7,329.72,315.53,323.06,4660066.0
980,2021-09-14,323.69,334.91,323.69,333.55,3691662.0
981,2021-09-15,336.0,338.44,330.71,337.62,2821824.0
982,2021-09-16,336.1,343.35,334.12,342.91,3990323.0
983,2021-09-17,345.0,347.44,334.94,339.81,3351714.0
984,2021-09-20,327.48,335.5,321.19,329.62,4893013.0
985,2021-09-21,334.87,336.42,328.5,329.39,2426917.0
986,2021-09-22,329.11,338.9,327.39,337.31,2057351.0
987,2021-09-23,343.79,343.87,336.53,342.72,1895918.0
988,2021-09-24,339.0,344.64,335.51,340.41,2371857.0
989,2021-09-27,340.64,340.78,330.51,336.26,3037686.0
990,2021-09-28,332.3,332.38,313.81,316.72,4728516.0
991,2021-09-29,320.0,322.84,311.18,311.78,3861839.0
992,2021-09-30,314.79,324.9,314.41,318.73,3735572.0
993,2021-10-01,313.88,320.11,308.56,319.56,2424566.0
994,2021-10-04,317.28,317.95,308.78,317.9,2519278.0
995,2021-10-05,316.53,324.44,313.5,320.94,2601384.0
996,2021-10-06,316.11,321.0,312.51,315.34,2000028.0
997,2021-10-07,322.93,332.4,322.52,324.25,2526468.0
998,2021-10-08,329.8,332.56,322.0,323.28,1775491.0
999,2021-10-11,320.0,326.25,315.58,316.07,1304325.0
1000,2021-10-12,319.7,330.02,315.58,324.9,2093997.0
1001,2021-10-13,325.1,351.68,324.5,349.35,5906607.0
1002,2021-10-14,354.12,354.65,344.88,345.37,3053986.0
1003,2021-10-15,348.83,357.48,347.11,354.5,2603713.0
1004,2021-10-18,353.75,361.63,352.23,357.09,2197333.0
1005,2021-10-19,360.69,372.7,360.52,366.99,2570401.0
1006,2021-10-20,370.0,371.64,356.58,360.6,2258285.0
1007,2021-10-21,361.0,367.43,359.88,363.3,1468108.0
1008,2021-10-22,362.8,364.87,352.13,355.3,3093860.0
1009,2021-10-25,354.59,354.92,335.44,348.32,4415732.0
1010,2021-10-26,354.01,354.93,335.72,343.57,2562144.0
1011,2021-10-27,343.91,349.15,338.0,340.17,2116134.0
1012,2021-10-28,347.77,353.22,341.27,352.73,2760686.0
1013,2021-10-29,349.33,349.33,340.99,343.57,2518306.0
1014,2021-11-01,345.02,354.89,342.74,354.04,3183052.0
1015,2021-11-02,354.0,361.14,353.91,360.23,1993626.0
1016,2021-11-03,362.0,366.32,351.19,353.66,1549268.0
1017,2021-11-04,357.0,361.22,350.41,356.95,2000817.0
1018,2021-11-05,360.28,361.5,355.0,357.78,2164775.0
1019,2021-11-08,358.41,363.81,338.73,344.09,3463301.0
1020,2021-11-09,348.9,349.92,338.13,340.91,3446019.0
1021,2021-11-10,338.9,343.38,330.54,335.3,2970400.0
1022,2021-11-11,337.75,339.95,330.19,333.3,2864681.0
1023,2021-11-12,340.0,344.57,333.0,341.29,2890489.0
1024,2021-11-15,345.0,354.0,337.0,343.02,3623585.0
1025,2021-11-16,350.3,355.99,323.0,329.91,8403817.0
1026,2021-11-17,323.21,324.0,296.29,314.41,10798038.0
1027,2021-11-18,316.0,320.14,306.94,310.74,4003959.0
1028,2021-11-19,311.47,317.3,307.76,309.99,3410769.0
1029,2021-11-22,309.0,312.83,291.0,299.13,7050125.0
1030,2021-11-23,295.0,297.67,272.58,287.52,9764615.0
1031,2021-11-24,282.6,292.91,278.44,289.59,5139471.0
1032,2021-11-26,290.0,301.04,289.51,296.82,3854126.0
1033,2021-11-29,302.67,307.86,289.6,297.96,4505867.0
1034,2021-11-30,295.0,301.35,281.53,288.07,15548741.0
1035,2021-12-01,287.38,294.0,260.39,261.81,8578036.0
1036,2021-12-02,261.99,265.99,251.95,261.11,7260086.0
1037,2021-12-03,256.21,256.71,242.65,253.44,7002293.0
1038,2021-12-06,248.44,251.7,235.53,246.87,6117951.0
1039,2021-12-07,257.0,263.43,248.53,252.14,5364975.0
1040,2021-12-08,256.04,265.31,249.4,263.01,4597494.0
1041,2021-12-09,263.5,267.58,250.0,254.8,3864075.0
1042,2021-12-10,252.37,256.8,233.26,237.94,7211784.0
1043,2021-12-13,232.22,241.22,226.62,231.04,5824554.0
1044,2021-12-14,224.08,226.29,218.89,224.72,5052564.0
1045,2021-12-15,224.33,228.6,213.1,226.5,6105138.0
1046,2021-12-16,232.0,232.59,207.49,214.52,6116234.0
1047,2021-12-17,206.52,214.17,201.13,212.8,9214403.0
1048,2021-12-20,205.0,210.24,202.58,205.68,4708723.0
1049,2021-12-21,211.41,228.79,210.59,227.93,7464345.0
1050,2021-12-22,224.22,228.0,219.01,222.88,3411236.0
1051,2021-12-23,222.1,224.68,215.56,222.05,2624983.0
1052,2021-12-27,224.58,226.46,217.51,219.6,2378808.0
1053,2021-12-28,219.17,223.38,216.27,216.89,2575327.0
1054,2021-12-29,216.01,217.4,210.86,213.91,1927875.0
1055,2021-12-30,214.4,227.59,214.4,224.31,3791462.0
1056,2021-12-31,224.0,227.43,219.59,223.71,2366403.0
1057,2022-01-03,230.71,231.21,217.55,223.31,3555874.0
1058,2022-01-04,206.2,207.07,194.0,197.84,19428997.0
1059,2022-01-05,190.32,198.95,179.72,184.72,17390496.0
1060,2022-01-06,183.5,195.8,177.97,192.76,11285329.0
1061,2022-01-07,193.25,198.22,186.74,187.1,7099296.0
1062,2022-01-10,183.8,187.97,168.0,187.1,11987191.0
1063,2022-01-11,187.17,203.56,186.0,197.86,8474373.0
1064,2022-01-12,203.29,206.38,195.66,200.6,6952467.0
1065,2022-01-13,200.49,200.65,180.0,180.55,7645704.0
1066,2022-01-14,179.57,183.71,170.03,175.03,7680522.0
1067,2022-01-18,173.0,177.15,166.3,170.48,9454258.0
1068,2022-01-19,169.08,174.38,166.84,167.83,6110856.0
1069,2022-01-20,172.0,180.61,169.53,170.06,6380551.0
1070,2022-01-21,169.27,169.68,153.21,154.41,11606512.0
1071,2022-01-24,146.1,149.79,132.0,149.32,18230853.0
1072,2022-01-25,143.47,149.34,139.25,144.92,9002246.0
1073,2022-01-26,149.79,151.66,133.15,135.61,10477853.0
1074,2022-01-27,137.0,140.8,127.91,128.28,11022181.0
1075,2022-01-28,125.35,137.23,119.41,136.62,15076514.0
1076,2022-01-31,139.48,151.69,137.2,150.31,9621581.0
1077,2022-02-01,152.24,159.21,148.6,158.94,7308626.0
1078,2022-02-02,157.53,160.0,144.35,147.44,6923199.0
1079,2022-02-03,143.6,150.32,140.36,145.04,9381932.0
1080,2022-02-04,146.99,156.07,143.13,155.02,6176885.0
1081,2022-02-07,152.01,159.58,151.81,156.12,8302508.0
1082,2022-02-08,155.25,164.24,153.53,162.51,7272097.0
1083,2022-02-09,163.0,174.0,163.0,173.95,8629773.0
1084,2022-02-10,167.2,175.36,164.25,164.66,7502519.0
1085,2022-02-11,160.8,164.13,155.76,158.28,5256553.0
1086,2022-02-14,139.09,139.7,127.08,129.17,28413106.0
1087,2022-02-15,134.01,149.8,133.27,149.55,16847566.0
1088,2022-02-16,146.75,146.98,138.77,141.58,8266704.0
1089,2022-02-17,140.0,144.28,136.48,137.65,5541458.0
1090,2022-02-18,138.38,138.48,125.06,127.69,9776215.0
1091,2022-02-22,125.6,133.74,124.92,125.72,9012161.0
1092,2022-02-23,125.73,128.58,120.25,120.52,8054435.0
1093,2022-02-24,114.93,124.58,111.5,122.75,11055819.0
1094,2022-02-25,126.11,138.77,125.8,137.46,13408956.0
1095,2022-02-28,140.97,150.98,140.39,145.6,39154040.0
1096,2022-03-01,131.99,137.2,124.3,126.5,17505779.0
1097,2022-03-02,125.14,125.49,116.12,117.75,12799619.0
1098,2022-03-03,120.79,121.3,108.82,110.04,10424417.0
1099,2022-03-04,105.34,107.77,96.19,97.44,17409521.0
1100,2022-03-07,95.76,96.04,89.05,89.99,15459393.0
1101,2022-03-08,89.37,97.0,86.35,91.53,11630333.0
1102,2022-03-09,98.4,104.26,97.65,99.0,8713389.0
1103,2022-03-10,96.19,99.71,89.64,98.95,9082977.0
1104,2022-03-11,100.5,102.23,90.44,91.04,7583238.0
1105,2022-03-14,88.96,94.11,86.79,87.78,8433387.0
1106,2022-03-15,85.35,93.83,85.01,93.77,10171722.0
1107,2022-03-16,106.1,112.15,102.2,111.36,15234277.0
1108,2022-03-17,108.88,114.64,105.36,114.23,7132406.0
1109,2022-03-18,116.01,124.66,114.31,122.54,10544498.0
1110,2022-03-21,119.07,120.99,111.54,114.23,7514234.0
1111,2022-03-22,118.8,127.5,115.22,124.5,7786062.0
1112,2022-03-23,122.59,131.37,121.41,126.82,6428746.0
1113,2022-03-24,128.48,128.51,117.55,123.32,7330817.0
1114,2022-03-25,121.22,122.8,113.65,116.12,4892406.0
1115,2022-03-28,111.91,117.96,109.67,116.98,10355961.0
1116,2022-03-29,122.24,129.48,120.18,127.36,8084134.0
1117,2022-03-30,127.98,131.4,121.64,123.44,6768107.0
1118,2022-03-31,123.2,123.49,115.16,119.79,6527057.0
1119,2022-04-01,120.99,123.62,115.88,121.1,5216550.0
1120,2022-04-04,126.0,136.43,125.06,132.72,7812462.0
1121,2022-04-05,131.37,132.64,124.04,124.86,5568289.0
1122,2022-04-06,122.89,122.9,115.67,120.77,4608978.0
1123,2022-04-07,119.31,121.99,113.18,116.25,5105979.0
1124,2022-04-08,116.0,117.35,112.96,114.42,4714777.0
1125,2022-04-11,113.8,115.37,108.3,113.93,5168188.0
1126,2022-04-12,114.91,118.49,108.03,108.8,5328649.0
1127,2022-04-13,109.54,116.6,107.5,113.17,4338214.0
1128,2022-04-14,111.64,113.13,106.65,108.58,4317765.0
1129,2022-04-18,107.26,107.67,101.83,104.03,4014683.0
1130,2022-04-19,102.46,108.83,101.01,107.53,3527214.0
1131,2022-04-20,106.8,107.6,99.18,100.17,4604831.0
1132,2022-04-21,100.61,102.25,90.31,91.22,7378780.0
1133,2022-04-22,92.64,95.79,87.2,87.62,8016631.0
1134,2022-04-25,85.5,90.42,84.03,89.52,6844375.0
1135,2022-04-26,88.5,89.01,83.15,83.31,4762015.0
1136,2022-04-27,82.98,86.35,80.88,82.52,4594787.0
1137,2022-04-28,82.53,86.08,79.67,84.7,4758256.0
1138,2022-04-29,88.29,92.18,82.45,82.76,7659547.0
1139,2022-05-02,80.28,88.86,80.13,88.69,4875389.0
1140,2022-05-03,86.13,90.03,85.48,87.59,3294364.0
1141,2022-05-04,86.04,90.38,81.5,90.17,5380676.0
1142,2022-05-05,87.42,87.59,79.75,81.91,7219036.0
1143,2022-05-06,81.41,81.9,74.0,76.2,9516713.0
1144,2022-05-09,72.75,72.76,62.53,64.62,17459113.0
1145,2022-05-10,66.52,68.75,62.0,64.18,10371465.0
1146,2022-05-11,63.5,64.85,56.69,57.11,14385101.0
1147,2022-05-12,56.41,64.19,54.06,61.45,15848588.0
1148,2022-05-13,64.66,76.0,64.48,75.4,17415491.0
1149,2022-05-16,72.2,75.33,69.33,70.33,10943516.0
1150,2022-05-17,79.3,83.21,75.0,80.21,21749187.0
1151,2022-05-18,78.29,79.55,73.27,74.2,8861281.0
1152,2022-05-19,73.94,79.26,72.7,76.89,9149852.0
1153,2022-05-20,78.86,82.46,75.35,79.66,11188171.0
1154,2022-05-23,78.95,80.38,76.11,77.25,6959451.0
1155,2022-05-24,75.17,75.5,70.61,71.34,5974509.0
1156,2022-05-25,72.7,77.77,71.91,75.71,8538394.0
1157,2022-05-26,75.47,80.8,74.48,79.55,5817810.0
1158,2022-05-27,80.75,84.23,80.4,82.86,6388285.0
1159,2022-05-31,87.02,89.74,81.33,82.66,12952115.0
1160,2022-06-01,82.86,83.95,77.65,79.75,6358944.0
1161,2022-06-02,78.84,84.17,78.77,83.04,5817880.0
1162,2022-06-03,80.73,82.2,78.31,78.76,4655292.0
1163,2022-06-06,81.85,85.2,80.51,81.25,5123535.0
1164,2022-06-07,80.79,87.24,80.12,86.28,7766009.0
1165,2022-06-08,87.61,89.92,87.32,88.81,9086224.0
1166,2022-06-09,86.15,86.54,81.82,82.18,6292199.0
1167,2022-06-10,79.82,80.99,74.47,76.28,5876354.0
1168,2022-06-13,71.89,73.8,69.27,70.62,7135548.0
1169,2022-06-14,71.0,73.74,68.75,70.95,5834882.0
1170,2022-06-15,71.75,77.46,71.52,75.68,5100746.0
1171,2022-06-16,69.93,72.87,67.98,69.03,5841691.0
1172,2022-06-17,70.56,72.22,67.9,70.2,6543830.0
1173,2022-06-21,72.05,75.78,71.66,72.87,4912105.0
1174,2022-06-22,69.99,73.19,69.67,71.28,3463371.0
1175,2022-06-23,71.69,78.78,69.88,78.2,6669334.0
1176,2022-06-24,79.81,81.12,77.66,80.47,5922321.0
1177,2022-06-27,81.4,81.81,74.07,75.05,5999808.0
1178,2022-06-28,76.2,78.09,71.41,71.89,4775498.0
1179,2022-06-29,71.13,71.23,68.13,68.9,5465365.0
1180,2022-06-30,68.28,68.28,65.21,66.86,6131151.0
1181,2022-07-01,66.61,70.78,66.32,69.06,4593136.0
1182,2022-07-05,67.56,76.25,66.19,75.34,5854290.0
1183,2022-07-06,74.27,75.79,71.67,73.73,4633836.0
1184,2022-07-07,75.0,77.31,73.9,76.5,5210685.0
1185,2022-07-08,75.36,79.54,74.5,77.52,5041877.0
1186,2022-07-11,75.99,76.0,71.5,72.71,4019200.0
1187,2022-07-12,72.77,74.11,70.24,72.51,2563483.0
1188,2022-07-13,68.95,73.25,68.52,71.11,4661922.0
1189,2022-07-14,69.97,70.09,67.26,67.78,3979292.0
1190,2022-07-15,68.8,69.33,66.52,69.15,2819672.0
1191,2022-07-18,71.39,72.7,68.87,69.25,4908025.0
1192,2022-07-19,71.73,76.03,70.73,75.35,6820733.0
1193,2022-07-20,73.71,78.82,72.56,78.52,7250615.0
1194,2022-07-21,78.0,84.49,77.79,83.39,7400817.0
1195,2022-07-22,82.5,82.5,75.69,77.32,4662124.0
1196,2022-07-25,77.54,77.55,74.23,75.14,3303437.0
1197,2022-07-26,74.0,74.0,71.28,71.82,3901085.0
1198,2022-07-27,73.8,77.39,72.97,76.92,4968232.0
1199,2022-07-28,75.88,78.5,74.33,76.78,3845635.0
1200,2022-07-29,76.78,78.65,75.33,76.32,4394201.0
1201,2022-08-01,75.31,78.69,74.11,77.24,4418265.0
1202,2022-08-02,74.93,80.27,74.7,79.49,3687726.0
1203,2022-08-03,81.0,84.74,80.74,84.01,4630204.0
1204,2022-08-04,86.55,88.3,84.02,86.96,5966477.0
1205,2022-08-05,84.63,89.55,83.9,87.57,5129178.0
1206,2022-08-08,88.08,89.63,84.8,85.54,5828353.0
1207,2022-08-09,84.51,85.4,82.07,83.53,3492717.0
1208,2022-08-10,86.99,87.9,84.5,87.28,4453710.0
1209,2022-08-11,89.45,93.7,87.96,88.58,6766315.0
1210,2022-08-12,88.55,89.02,86.26,88.71,5269417.0
1211,2022-08-15,88.84,92.35,86.69,89.97,6851689.0
1212,2022-08-16,87.0,87.5,75.72,77.43,25582970.0
1213,2022-08-17,74.9,75.15,69.5,72.49,21892321.0
1214,2022-08-18,72.04,72.29,67.77,70.0,14365842.0
1215,2022-08-19,68.25,69.7,66.53,67.67,11230102.0
1216,2022-08-22,65.85,66.23,64.04,64.3,8489019.0
1217,2022-08-23,63.09,64.57,62.25,63.38,8325844.0
1218,2022-08-24,62.64,67.27,62.15,64.64,8152892.0
1219,2022-08-25,67.82,68.0,65.04,67.49,5432071.0
1220,2022-08-26,68.28,68.55,62.92,63.82,6842353.0
1221,2022-08-29,62.18,64.22,61.33,61.34,7805849.0
1222,2022-08-30,62.75,63.45,60.52,62.34,5707071.0
1223,2022-08-31,62.01,64.33,61.2,62.0,5293349.0
1224,2022-09-01,60.71,61.57,58.65,61.32,5835671.0
1225,2022-09-02,61.5,61.89,59.2,59.93,4215905.0
1226,2022-09-06,58.25,59.24,56.97,58.42,5845192.0
1227,2022-09-07,56.97,59.16,55.76,58.83,5901814.0
1228,2022-09-08,57.07,60.13,57.03,59.36,5061461.0
1229,2022-09-09,61.74,64.21,61.26,63.47,7178950.0
1230,2022-09-12,64.0,66.47,63.73,66.43,4756158.0
1231,2022-09-13,62.75,64.16,62.0,63.05,5116364.0
1232,2022-09-14,61.75,62.92,60.71,62.88,2788690.0
1233,2022-09-15,61.65,63.0,60.18,60.77,4874871.0
1234,2022-09-16,58.23,59.08,57.72,59.01,6450160.0
1235,2022-09-19,57.28,59.76,56.86,59.75,3597700.0
1236,2022-09-20,58.65,59.53,57.2,57.44,4472439.0
1237,2022-09-21,56.89,59.2,56.56,57.04,4269105.0
1238,2022-09-22,56.41,57.26,54.28,54.98,6418784.0
1239,2022-09-23,52.73,53.86,52.38,53.81,7186745.0
1240,2022-09-26,53.29,55.2,53.29,53.97,5039958.0
1241,2022-09-27,55.11,57.2,53.95,54.6,5054263.0
1242,2022-09-28,53.27,55.81,53.0,55.75,6029271.0
1243,2022-09-29,54.31,55.2,53.01,53.63,6926425.0
1244,2022-09-30,53.8,56.74,53.53,56.05,6579585.0
1245,2022-10-03,55.35,56.0,53.3,55.29,6913784.0
1246,2022-10-04,56.96,60.87,56.96,60.67,6169708.0
1247,2022-10-05,60.0,60.88,58.15,60.5,3836168.0
1248,2022-10-06,59.85,62.56,59.85,61.92,4227787.0
1249,2022-10-07,60.12,61.2,59.53,60.05,5268939.0
1250,2022-10-10,58.81,59.62,57.57,59.2,4902556.0
1251,2022-10-11,58.44,59.18,56.02,57.49,5033774.0
1252,2022-10-12,56.41,57.68,55.46,57.36,5629031.0
1253,2022-10-13,53.91,54.99,51.39,54.45,7408201.0
1254,2022-10-14,55.31,56.2,50.79,51.07,6355211.0
1255,2022-10-17,52.27,55.33,52.2,52.93,5107888.0
1256,2022-10-18,55.5,55.62,53.04,53.69,3429789.0
1257,2022-10-19,52.43,52.43,45.83,47.92,9810047.0
1258,2022-10-20,48.31,50.3,47.12,47.39,4657447.0
1259,2022-10-21,45.8,46.34,44.25,46.18,5615406.0
1260,2022-10-24,44.36,47.02,42.71,47.01,7245342.0
1261,2022-10-25,47.89,50.5,47.7,50.01,4829305.0
1262,2022-10-26,50.29,53.01,50.02,50.63,4132980.0
1263,2022-10-27,50.09,50.93,48.57,49.59,2616419.0
1264,2022-10-28,48.8,49.58,46.81,49.54,4801969.0
1265,2022-10-31,49.58,51.37,48.56,49.68,3359314.0
1266,2022-11-01,51.88,52.09,48.91,49.11,3604038.0
1267,2022-11-02,48.53,50.25,47.27,47.27,3990139.0
1268,2022-11-03,45.7,47.77,44.65,45.84,4029742.0
1269,2022-11-04,48.56,48.56,43.72,44.01,7553875.0
1270,2022-11-07,46.26,48.74,46.0,48.47,5675901.0
1271,2022-11-08,48.02,48.43,45.9,47.06,4066116.0
1272,2022-11-09,45.6,45.73,40.67,40.92,8313623.0
1273,2022-11-10,44.53,47.2,44.21,45.99,7769857.0
1274,2022-11-11,46.37,50.74,46.37,49.43,9957275.0
1275,2022-11-14,50.7,51.34,44.95,45.8,11480907.0
1276,2022-11-15,55.73,65.65,55.46,62.31,42881100.0
1277,2022-11-16,59.39,61.16,57.66,58.76,10874332.0
1278,2022-11-17,57.0,60.97,56.78,59.93,9008544.0
1279,2022-11-18,60.83,60.92,56.36,56.94,4938952.0
1280,2022-11-21,56.0,57.41,53.42,54.09,5238823.0
1281,2022-11-22,53.43,54.04,51.76,53.55,4146919.0
1282,2022-11-23,54.47,56.0,54.05,55.63,4059170.0
1283,2022-11-25,54.69,55.74,53.65,54.32,3034688.0
1284,2022-11-28,54.32,54.91,53.41,53.45,3684844.0
1285,2022-11-29,54.58,55.16,52.81,54.26,6328582.0
1286,2022-11-30,55.38,58.56,54.68,58.37,6730353.0
1287,2022-12-01,58.0,61.76,57.75,61.15,7323693.0
1288,2022-12-02,59.3,63.07,58.81,61.38,4337964.0
1289,2022-12-05,62.0,63.4,58.2,59.02,6005198.0
1290,2022-12-06,59.17,60.21,58.2,59.76,3276620.0
1291,2022-12-07,57.97,60.0,57.36,58.1,3334096.0
1292,2022-12-08,59.14,61.16,57.93,61.08,5027200.0
1293,2022-12-09,61.24,63.15,60.45,60.65,4340433.0
1294,2022-12-12,60.65,62.36,60.01,62.27,3070410.0
1295,2022-12-13,66.5,68.77,62.53,63.52,5844403.0
1296,2022-12-14,64.14,66.1,63.3,64.98,3785196.0
1297,2022-12-15,62.44,64.38,60.91,61.05,4187064.0
1298,2022-12-16,60.0,60.11,53.01,53.69,10190881.0
1299,2022-12-19,53.8,54.98,52.07,53.02,6299925.0
1300,2022-12-20,52.36,53.36,50.22,51.02,4802531.0
1301,2022-12-21,50.9,53.11,49.67,52.44,4779764.0
1302,2022-12-22,52.71,53.49,48.44,50.23,4393538.0
1303,2022-12-23,50.0,50.29,48.03,49.92,3498114.0
1304,2022-12-27,48.52,50.42,47.58,50.25,2937448.0
1305,2022-12-28,50.06,50.69,48.27,48.92,2948297.0
1306,2022-12-29,48.75,53.16,47.75,52.81,6249669.0
1307,2022-12-30,52.0,52.8,51.15,52.03,3309048.0
1308,2023-01-03,53.15,54.51,51.15,52.98,4713302.0
1309,2023-01-04,54.72,55.87,53.69,55.67,4062361.0
1310,2023-01-05,55.88,56.25,54.32,55.84,2944098.0
1311,2023-01-06,55.6,56.17,53.7,55.69,3135215.0
1312,2023-01-09,56.55,56.95,53.01,53.04,6304229.0
1313,2023-01-10,52.99,54.34,51.27,54.21,4834368.0
1314,2023-01-11,54.36,56.85,53.06,56.81,3943112.0
1315,2023-01-12,57.98,58.39,54.66,58.38,3820402.0
1316,2023-01-13,57.93,60.45,57.52,60.12,4336125.0
1317,2023-01-17,60.28,63.1,60.01,62.19,4975198.0
1318,2023-01-18,64.02,65.45,61.07,62.05,5670163.0
1319,2023-01-19,61.45,62.66,60.74,61.32,3026774.0
1320,2023-01-20,63.04,68.65,62.56,65.86,11628539.0
1321,2023-01-23,67.0,67.08,64.69,66.73,4828621.0
1322,2023-01-24,65.9,66.59,63.35,64.0,4028717.0
1323,2023-01-25,63.89,64.93,61.36,64.26,4381960.0
1324,2023-01-26,67.8,68.76,65.36,67.0,3525558.0
1325,2023-01-27,66.68,69.41,66.2,68.55,5069410.0
1326,2023-01-30,66.78,66.78,64.14,64.61,4363000.0
1327,2023-01-31,64.87,65.88,63.82,64.45,3433030.0
1328,2023-02-01,65.0,69.12,64.41,68.95,4454390.0
1329,2023-02-02,72.0,74.68,69.8,72.51,7374443.0
1330,2023-02-03,70.01,73.21,69.72,70.47,4002675.0
1331,2023-02-06,69.0,69.54,65.49,66.26,4332808.0
1332,2023-02-07,66.77,68.85,65.67,68.54,3317553.0
1333,2023-02-08,67.53,69.65,67.24,68.35,2898069.0
1334,2023-02-09,69.7,71.18,66.52,67.32,2933894.0
1335,2023-02-10,66.0,66.44,63.8,64.0,3504368.0
1336,2023-02-13,63.66,65.42,63.22,65.02,2314778.0
1337,2023-02-14,64.45,65.52,62.95,64.23,3483266.0
1338,2023-02-15,62.04,65.9,61.7,65.81,4430543.0
1339,2023-02-16,66.94,69.77,65.18,66.83,6071530.0
1340,2023-02-17,65.99,66.07,63.75,65.01,5187196.0
1341,2023-02-21,63.01,64.85,62.15,62.91,4987260.0
1342,2023-02-22,63.22,64.06,61.8,63.3,3229431.0
1343,2023-02-23,64.97,65.13,61.9,62.38,5143726.0
1344,2023-02-24,60.2,60.54,57.95,60.01,4608612.0
1345,2023-02-27,60.7,61.08,59.84,59.98,3185811.0
1346,2023-02-28,60.19,63.31,59.9,62.49,3407085.0
1347,2023-03-01,64.01,64.29,61.97,62.07,4008822.0
1348,2023-03-02,61.81,63.64,61.49,63.56,3102876.0
1349,2023-03-03,64.41,66.03,64.27,65.67,3946694.0
1350,2023-03-06,66.34,67.56,64.7,65.71,8168037.0
1351,2023-03-07,70.64,81.52,68.69,80.06,50929339.0
1352,2023-03-08,79.18,80.67,77.26,79.81,13571958.0
1353,2023-03-09,79.5,80.88,76.3,77.57,8146816.0
1354,2023-03-10,76.05,76.76,72.15,73.45,8538876.0
1355,2023-03-13,72.0,75.22,71.08,74.79,5485641.0
1356,2023-03-14,75.99,78.51,75.82,76.64,4607966.0
1357,2023-03-15,75.24,76.25,72.6,75.23,4121809.0
1358,2023-03-16,75.5,78.51,74.2,78.27,3548603.0
1359,2023-03-17,79.0,79.65,77.21,78.4,3391336.0
1360,2023-03-20,77.16,78.51,75.53,76.91,3292181.0
1361,2023-03-21,77.2,80.74,76.32,79.86,4634739.0
1362,2023-03-22,80.98,81.48,77.64,77.66,5069221.0
1363,2023-03-23,79.66,85.2,79.0,83.67,7812598.0
1364,2023-03-24,83.28,85.09,80.22,82.38,4152237.0
1365,2023-03-27,82.49,83.93,81.75,83.24,3459261.0
1366,2023-03-28,84.97,86.23,81.4,81.75,4928841.0
1367,2023-03-29,82.81,85.64,82.65,85.56,5908705.0
1368,2023-03-30,86.79,87.68,84.37,86.62,3950894.0
1369,2023-03-31,87.44,87.88,86.15,86.55,3160942.0
1370,2023-04-03,87.26,88.14,85.24,87.82,4595213.0
1371,2023-04-04,88.8,88.84,86.56,87.64,2874509.0
1372,2023-04-05,87.99,87.99,84.41,85.7,3150767.0
1373,2023-04-06,84.32,84.68,82.32,84.08,3686121.0
1374,2023-04-10,82.57,83.67,81.66,83.53,3163903.0
1375,2023-04-11,83.88,84.24,80.38,82.03,4376440.0
1376,2023-04-12,83.29,83.91,80.78,81.3,2965593.0
1377,2023-04-13,83.28,85.31,83.06,83.97,2602507.0
1378,2023-04-14,83.35,85.3,82.48,83.52,1962013.0
1379,2023-04-17,83.84,84.31,82.68,82.85,2779725.0
1380,2023-04-18,83.54,84.24,81.55,82.51,2995805.0
1381,2023-04-19,81.15,82.2,79.78,81.49,1712421.0
1382,2023-04-20,79.0,80.22,77.99,78.76,3604952.0
1383,2023-04-21,78.46,79.42,77.67,79.17,2069209.0
1384,2023-04-24,79.16,80.77,78.18,78.71,2309782.0
1385,2023-04-25,76.84,78.1,74.33,74.94,3769886.0
1386,2023-04-26,76.62,76.88,72.81,73.47,3044940.0
1387,2023-04-27,74.71,75.68,73.74,74.73,2722185.0
1388,2023-04-28,74.2,76.91,73.35,76.17,2431187.0
1389,2023-05-01,75.11,76.92,74.97,75.85,1747693.0
1390,2023-05-02,75.19,75.83,73.92,74.45,2111165.0
1391,2023-05-03,73.73,76.22,73.01,74.62,1901586.0
1392,2023-05-04,74.9,76.12,74.49,76.0,1369137.0
1393,2023-05-05,77.51,79.45,77.1,78.41,3010206.0
1394,2023-05-08,85.0,85.96,82.38,84.33,5764512.0
1395,2023-05-09,83.0,85.83,82.86,84.0,4302517.0
1396,2023-05-10,85.0,86.39,84.51,85.54,2757403.0
1397,2023-05-11,85.96,87.38,85.25,86.71,3678276.0
1398,2023-05-12,85.33,86.5,83.31,84.77,3743155.0
1399,2023-05-15,86.12,88.39,85.79,88.07,5111606.0
1400,2023-05-16,79.5,79.57,70.77,72.45,26427723.0
1401,2023-05-17,71.35,74.85,71.3,72.39,9207318.0
1402,2023-05-18,72.41,72.46,69.8,70.16,6045809.0
1403,2023-05-19,70.57,71.41,69.44,69.44,5864977.0
1404,2023-05-22,70.0,70.26,67.76,67.97,6187165.0
1405,2023-05-23,67.45,67.67,64.15,64.36,10867358.0
1406,2023-05-24,63.01,63.66,62.62,63.19,5912047.0
1407,2023-05-25,63.3,63.49,59.68,60.48,7387119.0
1408,2023-05-26,60.19,61.74,59.52,60.12,6617851.0
1409,2023-05-30,60.72,61.27,58.03,58.57,6362103.0
1410,2023-05-31,57.38,59.31,56.62,57.41,9795787.0
1411,2023-06-01,56.75,58.8,56.05,57.98,6091912.0
1412,2023-06-02,59.58,60.6,58.58,59.39,4677715.0
1413,2023-06-05,58.76,59.92,58.11,58.6,3855786.0
1414,2023-06-06,58.05,61.32,58.01,61.28,5743998.0
1415,2023-06-07,62.0,62.8,60.3,60.97,4765262.0
1416,2023-06-08,61.7,64.16,61.05,63.54,5500102.0
1417,2023-06-09,63.99,64.97,63.01,63.38,3517429.0
1418,2023-06-12,63.99,65.69,63.92,65.03,3608685.0
1419,2023-06-13,66.08,66.39,64.13,65.7,5013430.0
1420,2023-06-14,66.0,66.1,62.69,63.64,4509641.0
1421,2023-06-15,63.06,63.51,61.41,62.87,5451902.0
1422,2023-06-16,63.47,63.55,61.33,62.08,4709312.0
1423,2023-06-20,61.13,62.41,60.93,61.21,2954111.0
1424,2023-06-21,61.03,61.19,59.68,60.31,2863394.0
1425,2023-06-22,59.97,60.0,58.92,59.49,3286751.0
1426,2023-06-23,58.19,58.99,57.77,58.91,4025943.0
1427,2023-06-26,58.65,58.86,56.59,56.99,4612155.0
1428,2023-06-27,57.74,58.08,56.88,57.34,4426310.0
1429,2023-06-28,56.91,57.48,56.23,57.1,5210378.0
1430,2023-06-29,57.15,57.47,56.52,56.88,3334884.0
1431,2023-06-30,56.8,58.7,56.4,58.04,5587239.0
1432,2023-07-03,58.5,59.5,57.33,57.74,3155976.0
1433,2023-07-05,57.04,58.67,56.27,57.99,3991215.0
1434,2023-07-06,56.59,56.59,54.47,55.24,5413971.0
1435,2023-07-07,54.53,55.81,54.34,54.98,3623415.0
1436,2023-07-10,54.65,58.33,54.38,58.04,5418790.0
1437,2023-07-11,58.0,59.48,57.22,59.11,6306335.0
1438,2023-07-12,61.01,61.84,60.71,61.03,5518630.0
1439,2023-07-13,63.06,63.75,62.5,63.06,5123125.0
1440,2023-07-14,62.43,63.19,61.56,62.5,3634132.0
1441,2023-07-17,62.23,63.21,61.61,62.74,2657791.0
1442,2023-07-18,63.41,63.71,61.05,61.46,2924976.0
1443,2023-07-19,62.6,63.9,62.17,62.42,3341234.0
1444,2023-07-20,61.55,61.98,59.71,60.16,3622161.0
1445,2023-07-21,60.85,62.48,60.39,61.18,2981164.0
1446,2023-07-24,60.04,61.51,59.22,61.16,4336629.0
1447,2023-07-25,62.71,63.54,60.87,61.0,2731122.0
1448,2023-07-26,61.94,62.92,61.34,61.7,2785739.0
1449,2023-07-27,63.37,63.64,59.83,60.25,4359493.0
1450,2023-07-28,62.5,63.85,62.2,63.72,5232646.0
1451,2023-07-31,65.68,67.08,64.37,66.52,5512256.0
1452,2023-08-01,65.34,66.15,65.01,65.91,3075038.0
1453,2023-08-02,64.01,64.2,60.76,61.72,5210467.0
1454,2023-08-03,60.7,62.32,60.7,61.76,3261338.0
1455,2023-08-04,62.28,62.28,59.01,59.44,4802856.0
1456,2023-08-07,59.79,60.08,58.16,58.53,3219836.0
1457,2023-08-08,57.25,57.66,56.57,57.33,4785033.0
1458,2023-08-09,57.4,57.51,56.14,56.31,3632160.0
1459,2023-08-10,57.61,58.59,56.8,57.26,5434364.0
1460,2023-08-11,57.54,58.8,57.07,57.62,7441365.0
1461,2023-08-14,56.54,57.08,55.72,56.9,7840748.0
1462,2023-08-15,45.1,45.6,40.11,40.58,52277992.0
1463,2023-08-16,39.12,41.28,38.01,40.5,23299099.0
1464,2023-08-17,40.93,41.08,39.14,39.49,11627136.0
1465,2023-08-18,38.0,39.2,37.33,38.68,10975755.0
1466,2023-08-21,38.55,38.9,37.61,38.67,8383005.0
1467,2023-08-22,38.41,38.61,36.48,36.52,11576923.0
1468,2023-08-23,36.49,37.38,36.25,36.85,8560025.0
1469,2023-08-24,36.71,36.76,34.87,35.21,12124084.0
1470,2023-08-25,35.35,36.49,35.15,36.17,11837809.0
1471,2023-08-28,36.57,37.47,36.38,36.9,6926524.0
1472,2023-08-29,37.0,37.58,36.78,37.56,6413548.0
1473,2023-08-30,37.25,38.01,37.0,37.93,5907354.0
1474,2023-08-31,39.22,39.29,37.13,37.63,7856525.0
1475,2023-09-01,37.69,38.6,37.53,38.52,7032502.0
1476,2023-09-05,37.63,37.95,37.12,37.31,6979478.0
1477,2023-09-06,37.28,40.12,37.2,39.22,12004947.0
1478,2023-09-07,38.17,39.4,37.83,39.15,5396254.0
1479,2023-09-08,38.5,38.77,37.54,38.25,5305120.0
1480,2023-09-11,39.08,39.13,38.01,38.24,4137126.0
1481,2023-09-12,38.0,38.68,37.91,38.32,3432674.0
1482,2023-09-13,38.24,39.04,37.4,39.03,6283320.0
1483,2023-09-14,39.72,40.09,39.32,39.89,7735126.0
1484,2023-09-15,40.08,40.45,39.14,39.28,6882270.0
1485,2023-09-18,38.77,38.97,38.03,38.28,4459217.0
1486,2023-09-19,38.0,38.68,37.53,38.38,5366864.0
1487,2023-09-20,38.56,38.67,37.41,37.53,5784749.0
1488,2023-09-21,36.0,36.34,35.06,35.95,10882851.0
1489,2023-09-22,36.91,37.25,35.71,35.96,7453950.0
1490,2023-09-25,36.37,41.37,36.19,40.2,28883778.0
1491,2023-09-26,39.66,40.93,39.62,40.15,12023208.0
1492,2023-09-27,41.45,43.7,41.0,42.09,21218991.0
1493,2023-09-28,42.37,43.44,41.61,43.12,10105995.0
1494,2023-09-29,43.89,44.96,43.54,43.95,9964056.0
1495,2023-10-02,42.88,44.35,42.51,43.95,6121719.0
1496,2023-10-03,43.9,44.66,42.5,42.6,8785844.0
1497,2023-10-04,42.0,42.19,40.64,41.76,7779983.0
1498,2023-10-05,41.55,42.3,40.15,42.12,5517252.0
1499,2023-10-06,42.0,43.43,41.88,42.41,4948539.0
1500,2023-10-09,41.4,42.08,40.72,41.47,5239997.0
1501,2023-10-10,42.04,45.14,41.7,44.05,6900883.0
1502,2023-10-11,45.05,45.66,43.82,44.39,7415254.0
1503,2023-10-12,44.91,45.77,44.55,45.36,6714369.0
1504,2023-10-13,45.13,47.19,45.13,45.57,8836487.0
1505,2023-10-16,45.11,46.8,44.76,46.69,6570380.0
1506,2023-10-17,45.65,48.39,45.24,46.69,6367535.0
1507,2023-10-18,46.0,47.25,45.6,45.66,3742233.0
1508,2023-10-19,45.43,45.98,45.03,45.09,4160348.0
1509,2023-10-20,44.8,44.84,43.53,44.61,4050466.0
1510,2023-10-23,43.78,44.69,43.011,44.47,4570686.0
1511,2023-10-24,45.48,46.61,45.06,45.28,3722360.0
1512,2023-10-25,44.39,44.47,43.395,43.97,3411330.0
1513,2023-10-26,41.5,42.21,40.0,40.82,8757968.0
1514,2023-10-27,40.58,41.4,39.67,39.97,4276141.0
1515,2023-10-30,40.59,41.48,40.34,41.45,3420898.0
1516,2023-10-31,41.18,41.83,40.57,41.7,2364132.0
1517,2023-11-01,41.31,41.48,39.12,40.44,6329463.0
1518,2023-11-02,41.7,42.24,40.64,41.35,3799858.0
1519,2023-11-03,42.57,45.1106,42.0,44.79,5727023.0
1520,2023-11-06,45.92,46.33,43.795,44.47,3772742.0
1521,2023-11-07,44.99,45.04,43.91,44.51,2715510.0
1522,2023-11-08,43.82,44.5,42.27,44.49,5009200.0
1523,2023-11-09,44.75,45.18,43.56,43.6,5969255.0
1524,2023-11-10,44.15,45.81,44.0,45.48,7100344.0
1525,2023-11-13,45.5,46.6,44.85,46.03,10972649.0
1526,2023-11-14,42.16,42.56,35.59,35.87,43413560.0
1527,2023-11-15,36.88,39.7,36.6827,38.49,23300461.0
1528,2023-11-16,37.44,38.39,36.84,37.9,9195262.0
1529,2023-11-17,37.74,37.98,36.7411,37.57,5632195.0
1530,2023-11-20,37.5,38.73,36.95,38.52,10339546.0
1531,2023-11-21,38.5,38.5778,37.46,38.26,4799394.0
1532,2023-11-22,38.5,38.68,37.22,37.5,6884433.0
1533,2023-11-24,37.36,37.46,36.26,36.38,8163016.0
1534,2023-11-27,36.5,37.72,36.02,37.47,8048345.0
1535,2023-11-28,36.79,40.3,36.79,39.72,14708704.0
1536,2023-11-29,39.7,40.08,36.66,36.74,18157846.0
1537,2023-11-30,36.92,37.0299,36.05,36.22,8143160.0
1538,2023-12-01,36.08,37.77,35.65,37.48,10411490.0
1539,2023-12-04,37.1,38.22,36.83,38.2,9816199.0
1540,2023-12-05,37.3,38.5713,36.82,38.0,11103852.0
1541,2023-12-06,38.51,38.99,38.27,38.58,6851552.0
1542,2023-12-07,38.0,39.295,37.74,39.04,4159461.0
1543,2023-12-08,39.28,40.13,39.05,40.0,6535860.0
1544,2023-12-11,35.55,38.075,35.2,37.87,23052750.0
1545,2023-12-12,38.06,38.7,37.49,38.56,6984342.0
1546,2023-12-13,38.55,38.66,37.2307,37.5,8710485.0
1547,2023-12-14,38.25,38.64,36.62,37.65,15616220.0
1548,2023-12-15,38.0,38.0,35.74,35.74,20662379.0
1549,2023-12-18,35.8,37.0,35.46,36.61,12519940.0
1550,2023-12-19,36.8,37.0896,36.06,36.94,9917522.0
1551,2023-12-20,36.6,37.05,35.07,35.11,11393801.0
1552,2023-12-21,35.85,38.19,35.36,37.97,18435836.0
1553,2023-12-22,37.94,39.525,37.52,38.58,10640376.0
1554,2023-12-26,38.68,39.325,38.3,39.15,5466073.0
1555,2023-12-27,39.68,41.47,39.57,40.0,10632590.0
1556,2023-12-28,40.5,41.05,39.55,40.36,7164856.0
1557,2023-12-29,40.42,41.899,40.4,40.5,9287498.0
1558,2024-01-02,40.0,40.19,38.36,38.45,8355007.0
1559,2024-01-03,37.88,39.24,37.66,38.8,6954047.0
1560,2024-01-04,38.29,38.57,37.618,37.82,4794727.0
1561,2024-01-05,37.94,38.6093,37.45,37.91,5228926.0
1562,2024-01-08,37.63,38.875,37.36,38.6,4878692.0
1563,2024-01-09,38.1,38.4,37.61,38.14,4619998.0
1564,2024-01-10,37.78,38.665,37.61,38.39,5359552.0
1565,2024-01-11,38.58,39.05,37.06,37.11,5917648.0
1566,2024-01-12,37.21,37.44,35.8,35.89,9034460.0
1567,2024-01-16,35.43,36.29,34.92,35.72,7211439.0
1568,2024-01-17,34.99,35.07,34.35,34.82,6878038.0
1569,2024-01-18,35.07,35.85,34.64,35.84,7495520.0
1570,2024-01-19,35.87,36.43,34.87,36.4,6610289.0
1571,2024-01-22,36.02,37.485,35.64,37.15,7382493.0
1572,2024-01-23,38.25,39.77,38.01,38.24,6413437.0
1573,2024-01-24,39.21,40.17,38.965,39.26,7004832.0
1574,2024-01-25,39.54,40.115,39.07,39.4,4095087.0
1575,2024-01-26,39.26,40.33,38.89,39.57,5478691.0
1576,2024-01-29,39.54,40.65,39.17,40.63,5295422.0
1577,2024-01-30,40.43,40.79,38.97,39.25,5057287.0
1578,2024-01-31,38.26,39.28,38.105,38.14,5315788.0
1579,2024-02-01,38.55,40.53,38.32,40.47,8920195.0
1580,2024-02-02,40.83,42.54,40.59,42.02,9608785.0
1581,2024-02-05,41.17,42.19,41.0513,41.87,7162530.0
1582,2024-02-06,42.49,42.52,41.1,42.39,6805555.0
1583,2024-02-07,42.5,43.775,42.19,43.61,4901078.0
1584,2024-02-08,43.41,43.85,42.68,43.34,5164543.0
1585,2024-02-09,43.34,43.775,42.69,43.51,4256962.0
1586,2024-02-12,43.71,44.64,43.34,43.54,4600644.0
1587,2024-02-13,41.73,42.8699,41.6,41.99,4264165.0
1588,2024-02-14,42.55,42.75,41.76,42.69,3991167.0
1589,2024-02-15,43.17,44.35,43.1,43.99,4415859.0
1590,2024-02-16,44.69,46.06,44.22,44.99,7490045.0
1591,2024-02-20,45.45,45.9818,44.21,44.69,5284076.0
1592,2024-02-21,44.35,44.64,43.74,44.21,3844901.0
1593,2024-02-22,44.67,45.3,43.68,44.45,4804134.0
1594,2024-02-23,44.28,45.64,43.27,45.02,5684083.0
1595,2024-02-26,44.83,45.485,44.71,45.36,4354829.0
1596,2024-02-27,45.91,47.94,45.43,46.73,6355167.0
1597,2024-02-28,46.06,49.38,46.06,47.75,10221590.0
1598,2024-02-29,48.49,49.49,48.14,48.52,8150076.0
1599,2024-03-01,49.25,51.46,48.71,51.05,13112881.0
