,date,open,high,low,close,volume,amount,outstanding_share,turnover
0,2022-04-21,11.02,13.22,11.02,11.73,882277284.0,12124020797.0,1492850692.0,0.5910016914136247
1,2022-04-22,12.34,12.9,11.95,12.9,357664359.0,5241455845.0,1492850692.0,0.23958481642985366
2,2022-04-25,13.34,13.7,11.72,12.15,598019053.0,8874383769.0,1492850692.0,0.4005886564575475
3,2022-04-26,11.9,12.13,11.27,11.58,401307298.0,5502621673.0,1492850692.0,0.26881944735033153
4,2022-04-27,11.93,12.74,11.73,12.74,418253535.0,6051043013.0,1492850692.0,0.2801710427180483
5,2022-04-28,12.34,13.15,12.29,13.15,365473667.0,5461585098.0,1492850692.0,0.24481595444107548
6,2022-04-29,13.6,14.46,13.19,14.46,418628343.0,6848266351.0,1492850692.0,0.2804221113627618
7,2022-05-05,14.5,14.63,13.77,13.77,317221809.0,5273048088.0,1492850692.0,0.2124939960171181
8,2022-05-06,13.44,14.17,13.31,13.33,294586803.0,4748174059.0,1492850692.0,0.1973317255226218
9,2022-05-09,13.17,13.94,12.89,13.83,245111428.0,3856380683.0,1492850692.0,0.16419018279156883
10,2022-05-10,13.09,13.18,12.66,12.93,249675105.0,3796563160.0,1492850692.0,0.16724720451815955
11,2022-05-11,12.75,13.42,12.67,13.16,232697918.0,3557673097.0,1492850692.0,0.1558748770034398
12,2022-05-12,13.32,13.39,12.71,12.76,170725354.0,2601140542.0,1492850692.0,0.11436197532338352
13,2022-05-13,12.95,13.18,12.8,12.98,141844711.0,2171589145.0,1492850692.0,0.09501600646342467
14,2022-05-16,13.14,13.63,13.12,13.36,185295831.0,2924531235.0,1492850692.0,0.12412214563249839
15,2022-05-17,13.59,13.84,13.35,13.45,147227293.0,2345332562.0,1492850692.0,0.09862157936421415
16,2022-05-18,13.27,14.06,12.99,13.73,151514048.0,2409657455.0,1492850692.0,0.10149310229880645
17,2022-05-19,13.35,13.45,13.11,13.33,118212793.0,1848521552.0,1492850692.0,0.07918594514072141
18,2022-05-20,13.22,13.65,13.22,13.37,106229956.0,1678203022.0,1492850692.0,0.07115912969011103
19,2022-05-23,13.32,13.88,13.27,13.73,134552110.0,2160002234.0,1492850692.0,0.09013098946937421
20,2022-05-24,13.72,13.88,13.48,13.55,106280085.0,1712440452.0,1492850692.0,0.07119270906966227
21,2022-05-25,13.53,14.41,13.53,14.13,152806425.0,2531873422.0,1492850692.0,0.10235881312101103
22,2022-05-26,14.07,14.58,13.97,14.3,101501095.0,1701713220.0,1492850692.0,0.06799145791600705
23,2022-05-27,14.62,15.73,14.62,15.73,242039508.0,4392283582.0,1492850692.0,0.16213242844516162
24,2022-05-30,15.64,16.72,15.49,16.58,182648507.0,3450132214.0,1492850692.0,0.12234881088831621
25,2022-05-31,16.58,16.92,16.21,16.55,133607780.0,2595137776.0,1492850692.0,0.08949842118571359
26,2022-06-01,16.16,16.41,15.9,16.13,95732138.0,1817650980.0,1492850692.0,0.06412706810735765
27,2022-06-02,15.84,15.86,15.28,15.3,109286991.0,1994145278.0,1492850692.0,0.07320691318003555
28,2022-06-06,15.73,15.98,15.6,15.79,102094733.0,1894669733.0,1492850692.0,0.06838911188313265
29,2022-06-07,15.65,16.41,15.6,16.07,95215059.0,1800841173.0,1492850692.0,0.06378069790250665
30,2022-06-08,16.29,16.54,15.9,16.41,97025042.0,1856408608.0,1492850692.0,0.06499313194544173
31,2022-06-09,16.75,17.31,16.54,16.77,121973261.0,2434378516.0,1492850692.0,0.08170492980553208
32,2022-06-10,16.41,17.42,16.41,17.27,88759842.0,1783177523.0,1492850692.0,0.059456610413655485
33,2022-06-13,16.9,17.16,16.47,16.67,92989185.0,1830070591.0,1492850692.0,0.062289675383022165
34,2022-06-14,16.5,17.41,16.44,17.35,101313754.0,2026832950.0,1492850692.0,0.06786596579478961
35,2022-06-15,17.16,17.23,16.48,16.48,121283237.0,2388819913.0,1492850692.0,0.08124271077472227
36,2022-06-16,16.16,16.38,15.59,15.82,137764417.0,2570155366.0,1492850692.0,0.09228278336089621
37,2022-06-17,15.7,16.05,15.41,15.86,91223803.0,1680497645.0,1492850692.0,0.061107117737130005
38,2022-06-20,15.06,15.18,14.28,14.54,175239341.0,3004438679.0,1492850692.0,0.11738571173867936
39,2022-06-21,14.67,14.91,14.55,14.71,86643588.0,1501089469.0,1492850692.0,0.05803901787654461
40,2022-06-22,14.58,14.85,14.2,14.25,93453254.0,1586564871.0,1492850692.0,0.06260053634352336
41,2022-06-23,14.11,14.74,14.11,14.63,81329940.0,1385697167.0,1492850692.0,0.054479621060456326
42,2022-06-24,14.52,14.67,14.35,14.48,66765632.0,1136757510.0,1492850692.0,0.044723583113695606
43,2022-06-27,14.56,15.03,14.45,14.98,82767580.0,1441984306.0,1492850692.0,0.05544263766198529
44,2022-06-28,15.22,15.56,15.22,15.45,85682861.0,1552423801.0,1492850692.0,0.05739546590905824
45,2022-06-29,15.47,15.66,14.87,14.99,76410807.0,1362307315.0,1492850692.0,0.05118449380736865
46,2022-06-30,14.84,14.92,14.54,14.84,65983999.0,1143184069.0,1492850692.0,0.044199998937335123
47,2022-07-01,14.51,14.68,14.37,14.53,52525889.0,897111099.0,1492850692.0,0.03518495806813077
48,2022-07-04,14.51,14.88,14.51,14.64,53049218.0,918531057.0,1492850692.0,0.03553551489394359
49,2022-07-05,14.88,14.92,14.56,14.76,56757585.0,986265960.0,1492850692.0,0.03801959921655715
50,2022-07-06,13.96,14.07,13.35,13.77,170904139.0,2756730261.0,1492850692.0,0.11448173612796905
51,2022-07-07,13.47,13.73,13.27,13.71,78738201.0,1250945459.0,1492850692.0,0.05274352044846023
52,2022-07-08,14.04,14.05,13.6,13.63,53222903.0,862728757.0,1492850692.0,0.035651859415824286
53,2022-07-11,13.63,13.84,13.37,13.78,52193357.0,835101698.0,1492850692.0,0.03496220839746243
54,2022-07-12,13.65,13.84,13.6,13.79,30076695.0,486244312.0,1492850692.0,0.020147155479899793
55,2022-07-13,13.35,13.73,13.21,13.73,59910735.0,947962838.0,1492850692.0,0.040131766238280984
56,2022-07-14,13.67,13.82,13.36,13.77,70528535.0,1123920927.0,1492850692.0,0.047244198886033005
57,2022-07-15,13.39,13.81,13.29,13.49,84544921.0,1262768946.0,1492850692.0,0.05663320615589064
58,2022-07-18,13.65,14.31,13.65,14.31,81774227.0,1269320520.0,1492850692.0,0.05477723086321884
59,2022-07-19,14.48,14.54,14.01,14.25,70531274.0,1106588522.0,1492850692.0,0.04724603363080331
60,2022-07-20,14.33,14.6,14.26,14.35,47856524.0,759078072.0,1492850692.0,0.03205714024614593
61,2022-07-21,14.3,14.33,14.02,14.04,40473437.0,629316523.0,1492850692.0,0.02711151035859921
62,2022-07-22,13.82,14.01,13.65,13.74,49511032.0,752656950.0,1492850692.0,0.03316542790603469
63,2022-07-25,13.69,13.75,13.46,13.54,36218956.0,541465194.0,1492850692.0,0.024261606464794406
64,2022-07-26,13.74,13.85,13.65,13.83,39395713.0,598685236.0,1492850692.0,0.02638958685628556
65,2022-07-27,13.69,13.8,13.57,13.64,29596759.0,445704851.0,1492850692.0,0.019825665861030396
66,2022-07-28,13.8,14.02,13.78,13.98,51909417.0,796639712.0,1492850692.0,0.034772008532518404
67,2022-07-29,13.89,14.13,13.63,13.69,44123141.0,671361607.0,1492850692.0,0.029556298721935416
68,2022-08-01,13.7,14.07,13.65,14.0,43392183.0,666305260.0,1492850692.0,0.029066659668333397
69,2022-08-02,13.72,13.76,13.33,13.64,50145630.0,749362813.0,1492850692.0,0.0335905193122957
70,2022-08-03,13.55,13.7,13.43,13.48,30652793.0,458110541.0,1492850692.0,0.020533060113958133
71,2022-08-04,13.34,13.34,13.04,13.24,44398452.0,644488782.0,1492850692.0,0.029740718370514712
72,2022-08-05,12.97,12.98,12.7,12.93,81916055.0,1156321954.0,1492850692.0,0.0548722356756626
73,2022-08-08,12.83,12.97,12.76,12.96,40321179.0,573306007.0,1492850692.0,0.027009518913094357
74,2022-08-09,12.98,13.15,12.97,13.0,45747221.0,658455155.0,1492850692.0,0.03064420390140396
75,2022-08-10,13.03,13.12,12.77,12.88,37602399.0,535517657.0,1492850692.0,0.025188318698920496
76,2022-08-11,12.96,13.08,12.92,13.05,35292422.0,506592119.0,1492850692.0,0.023640958998195648
77,2022-08-12,13.22,13.9,13.16,13.65,105815079.0,1578175192.0,1492850692.0,0.07088122045094648
78,2022-08-15,13.42,13.78,13.29,13.6,60731091.0,909011986.0,1492850692.0,0.040681289378402215
79,2022-08-16,13.32,13.45,13.16,13.29,48663449.0,713955521.0,1492850692.0,0.03259766650528505
80,2022-08-17,13.24,13.42,13.16,13.39,36922534.0,540546511.0,1492850692.0,0.024732904769286867
81,2022-08-18,13.38,13.38,13.04,13.07,49851012.0,721127705.0,1492850692.0,0.03339316668917081
82,2022-08-19,13.24,13.67,13.17,13.45,98004133.0,1456912205.0,1492850692.0,0.06564898521010298
83,2022-08-22,13.45,13.76,13.45,13.67,55232788.0,832921097.0,1492850692.0,0.03699819968332104
84,2022-08-23,13.69,14.73,13.66,14.54,160690177.0,2529401773.0,1492850692.0,0.10763981814197397
85,2022-08-24,14.61,15.2,14.58,14.82,138569825.0,2274884875.0,1492850692.0,0.09282229344339547
86,2022-08-25,15.11,16.3,15.0,16.03,178918087.0,3089714481.0,1492850692.0,0.11984995415737129
87,2022-08-26,15.6,15.69,15.12,15.15,96676317.0,1640080831.0,1492850692.0,0.06475953524225583
88,2022-08-29,14.91,15.94,14.91,15.62,90234292.0,1547775640.0,1492850692.0,0.06044428453800121
89,2022-08-30,15.94,16.13,14.96,15.44,95754701.0,1625266834.0,1492850692.0,0.06414218214395952
90,2022-08-31,14.96,15.09,14.67,14.75,72720099.0,1188702349.0,1492850692.0,0.048712238531085465
91,2022-09-01,14.65,15.11,14.48,14.51,62569554.0,1019216549.0,1492850692.0,0.04191280101573614
92,2022-09-02,14.49,14.74,14.34,14.53,35522054.0,569478253.0,1492850692.0,0.02379478014134852
93,2022-09-05,14.78,15.55,14.74,15.5,76514015.0,1287162372.0,1492850692.0,0.05125362865156511
94,2022-09-06,15.58,15.6,15.15,15.41,53317805.0,901209522.0,1492850692.0,0.03571543040822732
95,2022-09-07,15.07,15.23,14.88,15.12,63319365.0,1050631656.0,1492850692.0,0.04241506892773708
96,2022-09-08,14.67,14.71,14.44,14.66,60539494.0,974887414.0,1492850692.0,0.040552946335774616
97,2022-09-09,14.63,14.79,14.51,14.75,33157234.0,536719088.0,1492850692.0,0.02221068334407819
98,2022-09-13,15.01,15.05,14.67,14.81,46439199.0,759594660.0,1492850692.0,0.031107731837391277
99,2022-09-14,14.58,15.37,14.58,15.13,77276110.0,1288651726.0,1492850692.0,0.05176412511586926
100,2022-09-15,15.4,15.41,14.91,15.17,59682630.0,1000746964.0,1492850692.0,0.0399789679703615
101,2022-09-16,14.94,15.07,14.6,14.62,36762197.0,599367361.0,1492850692.0,0.024625501530061922
102,2022-09-19,14.52,14.87,14.38,14.6,30708925.0,495454357.0,1492850692.0,0.020570660659210788
103,2022-09-20,14.73,14.77,14.44,14.64,30838577.0,495162493.0,1492850692.0,0.02065750926416156
104,2022-09-21,14.51,15.11,14.35,15.07,44916737.0,731279543.0,1492850692.0,0.030087896425746507
105,2022-09-22,14.73,15.28,14.61,15.11,54083021.0,894966159.0,1492850692.0,0.03622801750357497
106,2022-09-23,15.04,15.89,15.02,15.41,77710437.0,1332906652.0,1492850692.0,0.052055063119467004
107,2022-09-26,14.9,14.91,14.04,14.07,89288489.0,1424138169.0,1492850692.0,0.05981072955151231
108,2022-09-27,14.01,14.1,13.45,13.91,68715073.0,1034259352.0,1492850692.0,0.04602943440240573
109,2022-09-28,13.87,14.19,13.62,13.74,39277776.0,599625249.0,1492850692.0,0.026310585653665626
110,2022-09-29,14.04,14.24,13.87,13.99,41767446.0,647055906.0,1492850692.0,0.027978314391269344
111,2022-09-30,13.98,14.46,13.87,14.35,38697633.0,607507772.0,1492850692.0,0.02592197143852079
112,2022-10-10,15.14,15.3,14.88,14.99,64665612.0,1074883845.0,1492850692.0,0.04331686507333581
113,2022-10-11,14.92,15.26,14.53,15.14,47508418.0,779668084.0,1492850692.0,0.03182395818590008
114,2022-10-12,14.92,15.2,14.81,15.11,41229127.0,683336851.0,1492850692.0,0.02761771637374168
115,2022-10-13,15.1,15.14,14.76,15.0,36219761.0,576045428.0,1492850692.0,0.024262145701574287
116,2022-10-14,15.21,15.39,15.14,15.33,39787203.0,644996516.0,1492850692.0,0.026651830094740647
117,2022-10-17,15.19,15.69,15.0,15.56,38573764.0,629074997.0,1492850692.0,0.025838996630213572
118,2022-10-18,15.53,15.53,15.13,15.16,35834967.0,583236379.0,1492850692.0,0.024004387841352857
119,2022-10-19,15.06,15.19,14.86,14.87,26287253.0,417958714.0,1492850692.0,0.017608762310169463
120,2022-10-20,15.02,15.37,14.95,15.13,35444290.0,570823529.0,1492850692.0,0.023742689198552484
121,2022-10-21,14.87,15.01,14.28,14.98,97348168.0,1510668283.0,1750185190.0,0.05562163853072028
122,2022-10-24,14.92,15.1,14.76,15.0,67504913.0,1072137793.0,1750185190.0,0.03857015439606137
123,2022-10-25,14.93,14.98,14.45,14.59,49277713.0,769625119.0,1750185190.0,0.02815571362479647
124,2022-10-26,14.57,14.79,14.12,14.28,78103210.0,1195370482.0,1750185190.0,0.044625683296977275
125,2022-10-27,14.41,14.59,14.28,14.46,50864580.0,781933361.0,1750185190.0,0.029062398819635765
126,2022-10-28,14.48,14.59,14.3,14.44,44693156.0,686583337.0,1750185190.0,0.025536243967416956
127,2022-10-31,14.3,14.34,13.8,13.83,56720383.0,845102832.0,1750185190.0,0.032408217898358516
128,2022-11-01,13.63,14.44,13.63,14.34,52173018.0,778613734.0,1750185190.0,0.029809998563637714
129,2022-11-02,14.31,14.75,14.25,14.64,53357819.0,824346734.0,1750185190.0,0.030486956068917485
130,2022-11-03,14.44,14.7,14.36,14.44,37612658.0,578701197.0,1750185190.0,0.02149067322412893
131,2022-11-04,14.41,14.9,14.4,14.81,74492672.0,1159688595.0,1750185190.0,0.04256273703241655
132,2022-11-07,14.82,16.0,14.82,15.44,103465576.0,1700795824.0,1750185190.0,0.05911693036323773
133,2022-11-08,15.55,15.68,15.15,15.29,52333248.0,856850952.0,1750185190.0,0.029901548875522137
134,2022-11-09,15.12,15.27,15.06,15.13,36296371.0,584027202.0,1750185190.0,0.02073858881185025
135,2022-11-10,14.82,14.97,14.62,14.92,48278436.0,757919743.0,1750185190.0,0.02758475861631534
136,2022-11-11,15.17,15.39,14.9,15.34,61189231.0,987189610.0,1750185190.0,0.034961575123373084
137,2022-11-14,15.39,15.6,15.0,15.08,43202292.0,699716846.0,1750185190.0,0.024684411825013786
138,2022-11-15,14.87,15.13,14.69,15.12,36380467.0,579595253.0,1750185190.0,0.020786638584228908
139,2022-11-16,15.14,15.43,15.12,15.32,47069174.0,763079104.0,1750185190.0,0.026893824875755003
140,2022-11-17,15.12,15.19,14.79,14.95,49511695.0,786108463.0,1750185190.0,0.028289403477354303
141,2022-11-18,14.81,14.92,14.69,14.75,42636276.0,669383498.0,1750185190.0,0.02436100833420948
142,2022-11-21,14.5,14.63,14.42,14.57,33229869.0,512799265.0,1750185190.0,0.01898648736708828
143,2022-11-22,14.52,15.06,14.49,14.78,45533651.0,714479913.0,1750185190.0,0.0260164760050335
144,2022-11-23,14.89,15.39,14.87,15.15,77033254.0,1242827410.0,1750185190.0,0.044014344562017464
145,2022-11-24,14.94,15.15,14.82,15.02,53347470.0,848598168.0,1750185190.0,0.030481042980371693
146,2022-11-25,14.98,15.25,14.95,15.17,35225256.0,567100294.0,1750185190.0,0.020126587861253698
147,2022-11-28,14.88,15.04,14.76,14.93,37782694.0,597736720.0,1750185190.0,0.0215878263716767
148,2022-11-29,14.98,15.37,14.85,15.29,59644858.0,959501280.0,1750185190.0,0.03407916964489912
149,2022-11-30,15.24,15.56,15.17,15.5,51441055.0,843710363.0,1750185190.0,0.029391778249477703
150,2022-12-01,15.68,15.78,15.35,15.56,58992410.0,977903393.0,1750185190.0,0.03370638166581675
151,2022-12-02,15.5,16.09,15.5,15.77,58308329.0,981202531.0,1750185190.0,0.03331551959938594
152,2022-12-05,15.79,16.3,15.71,16.14,55720262.0,950468624.0,1750185190.0,0.03183678065519455
153,2022-12-06,15.88,15.94,15.58,15.71,56241017.0,939459315.0,1750185190.0,0.03213432345407974
154,2022-12-07,15.43,15.46,15.18,15.27,52604571.0,855237676.0,1750185190.0,0.030056574184586717
155,2022-12-08,15.19,15.32,15.06,15.24,42636381.0,687547396.0,1750185190.0,0.02436106832786078
156,2022-12-09,15.21,15.24,15.11,15.2,26801215.0,432028316.0,1750185190.0,0.01531335949654562
157,2022-12-12,15.2,15.2,14.92,14.94,37077913.0,591044459.0,1750185190.0,0.021185136985418098
158,2022-12-13,15.08,15.15,14.96,15.08,22854382.0,366040071.0,1750185190.0,0.01305826499423184
159,2022-12-14,15.1,15.14,14.94,14.99,25053053.0,399737688.0,1750185190.0,0.014314515482787282
160,2022-12-15,15.11,15.12,14.94,14.96,21675995.0,345466412.0,1750185190.0,0.012384972243994362
161,2022-12-16,14.87,14.96,14.79,14.91,19133221.0,302387814.0,1750185190.0,0.010932112275501542
162,2022-12-19,14.89,14.9,14.28,14.41,48054139.0,741321115.0,1750185190.0,0.027456602463879837
163,2022-12-20,14.4,14.57,14.35,14.44,21428139.0,329292009.0,1750185190.0,0.01224335523031137
164,2022-12-21,14.48,14.5,14.26,14.32,18345060.0,279696129.0,1750185190.0,0.010481782216429337
165,2022-12-22,14.44,14.47,14.2,14.22,22793035.0,347113582.0,1750185190.0,0.013023213274933495
166,2022-12-23,14.18,14.25,14.09,14.17,16785229.0,252705348.0,1750185190.0,0.009590544529747735
167,2022-12-26,14.3,14.54,14.26,14.54,31468086.0,481586815.0,1750185190.0,0.017979860748336008
168,2022-12-27,14.59,14.68,14.47,14.54,25777353.0,398874741.0,1750185190.0,0.014728357403138579
169,2022-12-28,14.54,14.57,14.44,14.46,16446958.0,253310894.0,1750185190.0,0.009397267268614014
170,2022-12-29,14.4,14.4,14.19,14.2,26183798.0,396234620.0,1750185190.0,0.014960587113641385
171,2022-12-30,14.25,14.4,14.24,14.3,16988099.0,258092621.0,1750185190.0,0.0097064579777412
172,2023-01-03,14.31,14.6,14.31,14.57,26364619.0,405690351.0,1750185190.0,0.015063902466229873
173,2023-01-04,14.43,14.46,14.33,14.39,30651293.0,468911250.0,1750185190.0,0.01751317127760634
174,2023-01-05,14.32,14.38,14.23,14.38,32714731.0,496747532.0,1750185190.0,0.018692153942863613
175,2023-01-06,14.34,14.44,14.3,14.42,22619617.0,345371114.0,1750185190.0,0.012924127760445738
176,2023-01-09,14.45,14.59,14.41,14.59,32061853.0,494411625.0,1750185190.0,0.01831912027549496
177,2023-01-10,14.52,14.63,14.46,14.52,19849065.0,306445109.0,1750185190.0,0.01134112270713478
178,2023-01-11,14.49,14.63,14.44,14.58,20930182.0,323985179.0,1750185190.0,0.011958838481543773
179,2023-01-12,14.73,14.87,14.65,14.82,42105126.0,662003042.0,1750185190.0,0.024057526163845554
180,2023-01-13,14.89,14.99,14.79,14.83,26337383.0,416649060.0,1750185190.0,0.015048340684450654
181,2023-01-16,14.8,14.92,14.71,14.82,29441795.0,463669105.0,1750185190.0,0.01682210269417261
182,2023-01-17,14.77,14.77,14.54,14.56,36496352.0,566935431.0,1750185190.0,0.02085285157738079
183,2023-01-18,14.64,14.9,14.64,14.87,38770416.0,609991279.0,1750185190.0,0.02215217922167425
184,2023-01-19,14.74,14.83,14.69,14.78,25875504.0,405903869.0,1750185190.0,0.014784437754269878
185,2023-01-20,14.95,15.38,14.89,15.24,65971728.0,1066990447.0,1750185190.0,0.037694141383975484
186,2023-01-30,15.43,15.51,15.08,15.11,51359201.0,829883435.0,1750185190.0,0.029345009484396334
187,2023-01-31,15.02,15.08,14.89,14.95,35435886.0,563269786.0,1750185190.0,0.02024693512576232
188,2023-02-01,15.02,15.08,14.92,15.08,44561756.0,710182200.0,1750185190.0,0.025461166198075303
189,2023-02-02,15.0,15.19,14.92,15.15,42330719.0,676823653.0,1750185190.0,0.024186422809348535
190,2023-02-03,15.02,15.04,14.91,14.95,34704512.0,551526393.0,1750185190.0,0.0198290513474177
191,2023-02-06,14.83,14.97,14.73,14.96,20821678.0,329495287.0,1750185190.0,0.011896842756394254
192,2023-02-07,15.01,15.08,14.93,15.06,27338722.0,436387601.0,1750185190.0,0.015620473853969705
193,2023-02-08,15.18,15.24,14.97,15.02,34651794.0,557164811.0,1750185190.0,0.01979892996352003
194,2023-02-09,15.02,15.14,14.98,15.08,28854703.0,461967096.0,1750185190.0,0.01648665704913204
195,2023-02-10,15.04,15.07,14.89,14.95,28513859.0,453267076.0,1750185190.0,0.016291909657857408
196,2023-02-13,14.99,15.05,14.95,15.02,25126899.0,400501339.0,1750185190.0,0.014356708732062805
197,2023-02-14,15.02,15.14,14.94,15.14,27137782.0,433744604.0,1750185190.0,0.01550566314642395
198,2023-02-15,15.07,15.11,14.98,15.0,17953041.0,286564116.0,1750185190.0,0.010257795062247098
199,2023-02-16,14.99,15.12,14.77,14.89,35130357.0,559389634.0,1750185190.0,0.02007236559920839
200,2023-02-17,14.9,14.95,14.83,14.92,22003646.0,348444285.0,1750185190.0,0.012572181575825127
201,2023-02-20,14.9,15.12,14.83,15.1,43377441.0,693632328.0,1750185190.0,0.024784486377695838
202,2023-02-21,15.11,15.21,15.07,15.1,47023115.0,756783101.0,1750185190.0,0.026867508232086
203,2023-02-22,15.04,15.32,15.02,15.19,46662501.0,754209451.0,1750185190.0,0.02666146489332366
204,2023-02-23,15.13,15.19,15.08,15.14,30873116.0,496253006.0,1750185190.0,0.01763991386534359
205,2023-02-24,15.19,15.19,14.95,15.04,20271861.0,324041823.0,1750185190.0,0.01158269485756533
206,2023-02-27,15.03,15.08,14.96,15.01,17447993.0,278422866.0,1750185190.0,0.009969226742228346
207,2023-02-28,15.01,15.08,14.96,15.03,15529717.0,247630224.0,1750185190.0,0.008873185014209839
208,2023-03-01,15.05,15.21,15.04,15.19,39510853.0,635713212.0,1750185190.0,0.02257524130917826
209,2023-03-02,15.21,15.82,15.19,15.69,120310858.0,1988026481.0,1750185190.0,0.06874178726195254
210,2023-03-03,15.7,16.32,15.57,16.17,139571691.0,2374260020.0,1750185190.0,0.07974681296440407
211,2023-03-06,16.3,16.48,16.03,16.19,74352664.0,1282302541.0,1750185190.0,0.04248274092640448
212,2023-03-07,16.23,17.8,16.23,17.14,173701597.0,3188299970.0,1750185190.0,0.09924755276897299
213,2023-03-08,16.89,17.09,16.72,17.05,90169843.0,1617272546.0,1750185190.0,0.051520172559567826
214,2023-03-09,16.91,17.43,16.84,17.13,69616568.0,1269380941.0,1750185190.0,0.03977668671736389
215,2023-03-10,16.96,17.08,16.47,16.51,67784842.0,1204529791.0,1750185190.0,0.03873009689906015
216,2023-03-13,16.72,17.37,16.65,17.32,88407032.0,1600141226.0,1750185190.0,0.05051295857440092
217,2023-03-14,17.14,17.28,16.8,16.85,65067897.0,1171791520.0,1750185190.0,0.03717772117589453
218,2023-03-15,16.73,17.04,16.38,16.82,70587858.0,1249857844.0,1750185190.0,0.04033165084661698
219,2023-03-16,16.34,16.36,15.81,15.93,109731696.0,1872429476.0,1750185190.0,0.06269719148977601
220,2023-03-17,16.02,16.66,16.02,16.44,83405892.0,1452107588.0,1750185190.0,0.04765546667664351
221,2023-03-20,16.29,16.62,15.86,15.96,100311992.0,1730462057.0,1750185190.0,0.05731507304092774
222,2023-03-21,16.08,16.09,15.59,15.88,55504407.0,931633846.0,1750185190.0,0.031713447992323604
223,2023-03-22,16.0,16.12,15.73,15.84,54564949.0,922971447.0,1750185190.0,0.031176671652672367
224,2023-03-23,15.86,16.14,15.6,16.01,60203373.0,1020061084.0,1750185190.0,0.03439828730352815
225,2023-03-24,15.89,15.89,15.64,15.71,60297333.0,1007392521.0,1750185190.0,0.0344519730509204
226,2023-03-27,15.71,15.71,15.43,15.5,54849134.0,903628382.0,1750185190.0,0.03133904589833719
227,2023-03-28,15.76,15.89,15.62,15.8,70655962.0,1183441842.0,1750185190.0,0.040370563300218536
228,2023-03-29,15.87,15.96,15.71,15.86,45390711.0,763908755.0,1750185190.0,0.02593480464772988
229,2023-03-30,15.71,16.28,15.57,16.14,100793224.0,1708789557.0,1750185190.0,0.05759003365809535
230,2023-03-31,16.13,16.19,15.92,16.03,47063464.0,801399129.0,1750185190.0,0.02689056236386048
231,2023-04-03,16.53,17.21,16.53,16.6,116931504.0,2095313338.0,1750185190.0,0.06681093216198453
232,2023-04-04,16.83,17.2,16.72,16.99,82307557.0,1484875093.0,1750185190.0,0.047027913086157475
233,2023-04-06,16.99,17.0,16.51,16.72,75451248.0,1339726083.0,1750185190.0,0.04311043678754932
234,2023-04-07,16.62,16.69,16.31,16.53,47731003.0,836563915.0,1750185190.0,0.02727197285905499
235,2023-04-10,16.56,17.02,16.42,16.94,80018839.0,1430833496.0,1750185190.0,0.045720212613614905
236,2023-04-11,16.8,16.81,16.57,16.77,46880619.0,832026197.0,1750185190.0,0.02678609056222216
237,2023-04-12,16.76,17.2,16.75,17.07,64378415.0,1163417392.0,1750185190.0,0.036783773150314454
238,2023-04-13,17.22,18.24,17.22,17.72,137177466.0,2601559420.0,1750185190.0,0.07837882915693054
239,2023-04-14,17.62,18.09,17.51,17.83,66156734.0,1249566166.0,1750185190.0,0.03779984791209438
240,2023-04-17,17.81,18.8,17.71,18.68,110398539.0,2156459431.0,1750185190.0,0.06307820431276762
241,2023-04-18,18.47,18.47,18.02,18.18,61084724.0,1181554754.0,1750185190.0,0.03490186315654974
242,2023-04-19,18.12,18.36,17.84,17.95,50520204.0,970308048.0,1750185190.0,0.028865633356205008
243,2023-04-20,17.77,18.27,17.48,18.23,59963261.0,1138710534.0,1750185190.0,0.034261094964470586
244,2023-04-21,17.99,18.96,17.88,18.14,90359332.0,1765374109.0,2841851853.0,0.031795933311798856
245,2023-04-24,18.22,18.37,17.6,17.79,72601732.0,1383931801.0,2841851853.0,0.0255473317243325
246,2023-04-25,17.85,18.16,17.6,17.98,79821105.0,1522490315.0,2841851853.0,0.028087707990737405
247,2023-04-26,17.77,17.77,16.94,17.44,82559135.0,1526317321.0,2841851853.0,0.02905117482209584
248,2023-04-27,17.11,17.42,17.11,17.3,40441111.0,742715280.0,2841851853.0,0.014230548632332243
249,2023-04-28,17.55,18.33,17.52,18.19,75354352.0,1435383719.0,2841851853.0,0.026515932531969322
250,2023-05-04,17.53,18.04,17.15,17.8,80288404.0,1502285275.0,2841851853.0,0.02825214267071789
251,2023-05-05,17.69,17.92,17.27,17.41,52065194.0,968261796.0,2841851853.0,0.018320868466467525
252,2023-05-08,17.63,19.1,17.63,18.74,117274063.0,2308602952.0,2841851853.0,0.04126677570338499
253,2023-05-09,18.9,19.38,18.45,18.57,82618923.0,1654125462.0,2841851853.0,0.029072213216457206
254,2023-05-10,18.63,18.72,17.84,18.02,71232415.0,1370509427.0,2841851853.0,0.025065492039918803
255,2023-05-11,17.96,18.26,17.89,18.1,37115732.0,712923437.0,2841851853.0,0.013060403539621106
256,2023-05-12,17.94,18.11,17.56,17.75,53339800.0,1007451671.0,2841851853.0,0.018769380938591804
257,2023-05-15,17.6,17.95,17.41,17.94,37422893.0,703319114.0,2841851853.0,0.013168488343435121
258,2023-05-16,18.07,18.4,17.81,17.83,45955814.0,883542723.0,2841851853.0,0.01617108011858069
259,2023-05-17,17.69,17.79,17.55,17.71,27813891.0,522727642.0,2841851853.0,0.009787241713757272
260,2023-05-18,17.93,18.07,17.83,17.84,32153434.0,613367522.0,2841851853.0,0.011314254107249552
261,2023-05-19,17.79,17.99,17.63,17.92,30725932.0,582352921.0,2841851853.0,0.010811940097286978
262,2023-05-22,17.8,18.05,17.76,18.03,22902048.0,436927206.0,2841851853.0,0.00805884654959176
263,2023-05-23,18.09,18.3,17.44,17.45,50999827.0,964152594.0,2841851853.0,0.017945983688826724
264,2023-05-24,17.44,17.58,17.22,17.31,34096558.0,629279271.0,2841851853.0,0.011998006850359205
265,2023-05-25,17.3,17.36,16.64,17.03,44660626.0,805552083.0,2841851853.0,0.01571532518588329
266,2023-05-26,16.84,17.11,16.67,16.94,35314349.0,633753081.0,2841851853.0,0.012426527076955267
267,2023-05-29,17.09,17.47,17.02,17.29,37514831.0,688807806.0,2841851853.0,0.01320083978353674
268,2023-05-30,17.29,17.42,17.1,17.26,25438008.0,466596925.0,2841851853.0,0.008951208337319334
269,2023-05-31,16.99,17.0,16.42,16.51,58803155.0,1041107845.0,2841851853.0,0.020691843924912717
270,2023-06-01,16.44,16.78,16.36,16.67,29187709.0,515435952.0,2841851853.0,0.010270665224574604
271,2023-06-02,16.84,17.14,16.83,16.88,28985817.0,522934167.0,2841851853.0,0.010199622816158108
272,2023-06-05,17.12,17.17,16.91,17.01,29309498.0,529910461.0,2841851853.0,0.010313520730878155
273,2023-06-06,16.94,17.13,16.84,16.92,22992381.0,415727042.0,2841851853.0,0.008090633217114432
274,2023-06-07,16.88,17.03,16.8,17.02,24055834.0,433097919.0,2841851853.0,0.008464844490259218
275,2023-06-08,17.07,17.36,17.06,17.34,32567966.0,596487566.0,2841851853.0,0.01146012096500373
276,2023-06-09,17.27,17.63,17.25,17.57,27399203.0,508772659.0,2841851853.0,0.00964131996221972
277,2023-06-12,17.53,17.67,17.44,17.48,28808868.0,536849116.0,2841851853.0,0.010137357431066623
278,2023-06-13,17.29,17.31,16.64,16.96,61540956.0,1104893225.0,2841851853.0,0.021655230175012224
279,2023-06-14,17.09,17.23,17.02,17.17,27372303.0,498137313.0,2841851853.0,0.009631854303419948
280,2023-06-15,17.06,17.15,16.94,17.14,25800411.0,467485130.0,2841851853.0,0.00907873187434588
281,2023-06-16,17.39,17.46,17.28,17.41,28256737.0,522257016.0,2841851853.0,0.009943071793193859
282,2023-06-19,17.41,17.42,17.2,17.27,24093271.0,443264295.0,2841851853.0,0.008478017942619332
283,2023-06-20,17.2,17.23,16.85,16.89,34602708.0,625312001.0,2841851853.0,0.012176112545582438
284,2023-06-21,16.85,17.11,16.79,16.79,31128939.0,559910601.0,2841851853.0,0.010953751500852779
285,2023-06-26,16.74,16.92,16.66,16.77,21095175.0,377141793.0,2841851853.0,0.007423038248011023
286,2023-06-27,16.85,17.12,16.65,17.02,32032093.0,575269692.0,2841851853.0,0.011271556244631588
287,2023-06-28,16.94,17.17,16.85,17.15,22589264.0,408785158.0,2841851853.0,0.007948783106393688
288,2023-06-29,17.37,17.37,16.94,16.96,14822411.0,268863115.0,2841851853.0,0.005215757811003668
289,2023-06-30,16.99,17.06,16.94,17.05,12947946.0,233922563.0,2841851853.0,0.004556165018359949
290,2023-07-03,17.06,17.57,17.05,17.52,33832364.0,624104578.0,2841851853.0,0.011905041413149273
291,2023-07-04,17.46,17.94,17.41,17.93,38796351.0,730891604.0,2841851853.0,0.01365178517629082
292,2023-07-05,18.02,18.11,17.75,17.94,23696010.0,451605334.0,2841851853.0,0.008338228460074482
293,2023-07-06,17.95,18.07,17.77,17.94,15142437.0,287944791.0,2841851853.0,0.005328369592529917
294,2023-07-07,17.94,18.07,17.79,17.97,16083477.0,306956180.0,2841851853.0,0.005659505784237655
295,2023-07-10,18.04,18.16,17.76,17.88,16960509.0,322767685.0,2841851853.0,0.00596811863436711
296,2023-07-11,17.89,17.92,17.7,17.79,17659112.0,333728731.0,2841851853.0,0.006213945312229476
297,2023-07-12,17.87,18.25,17.87,18.13,35684924.0,687171604.0,2841851853.0,0.012556926203710872
298,2023-07-13,18.34,18.63,18.17,18.59,39610610.0,776488138.0,2841851853.0,0.013938309260627035
299,2023-07-14,18.76,18.87,18.55,18.58,26466635.0,507658559.0,2841851853.0,0.00931316492520907
300,2023-07-17,18.4,18.57,18.32,18.56,16767572.0,317303044.0,2841851853.0,0.005900227340246226
301,2023-07-18,18.51,18.55,18.36,18.38,11919975.0,225318499.0,2841851853.0,0.004194439265866967
302,2023-07-19,18.49,18.84,18.44,18.69,16528169.0,316631078.0,2841851853.0,0.005815985440110836
303,2023-07-20,18.69,18.79,18.29,18.36,21682405.0,411077702.0,2841851853.0,0.007629674635259743
304,2023-07-21,18.38,18.44,18.18,18.2,16492513.0,309185307.0,2841851853.0,0.0058034386917775755
305,2023-07-24,18.32,18.35,17.89,18.02,18779632.0,348083614.0,2841851853.0,0.006608237505475624
306,2023-07-25,18.33,18.62,18.33,18.49,29109017.0,552091917.0,2841851853.0,0.010242974829694615
307,2023-07-26,18.49,18.6,18.19,18.28,19437296.0,365799460.0,2841851853.0,0.006839658435917771
308,2023-07-27,18.29,18.6,18.28,18.35,19582375.0,370541479.0,2841851853.0,0.006890709302572501
309,2023-07-28,18.28,18.43,18.12,18.41,33964725.0,637570514.0,2841851853.0,0.011951617028926102
310,2023-07-31,18.43,18.62,18.16,18.3,35879293.0,674660593.0,2841851853.0,0.012625321394612473
311,2023-08-01,18.37,18.6,18.32,18.55,44340079.0,841831841.0,2841851853.0,0.015602530073195902
312,2023-08-02,18.59,18.63,18.27,18.36,34063690.0,642760655.0,2841851853.0,0.011986441152462144
313,2023-08-03,18.23,18.23,17.98,18.06,31704607.0,587734296.0,2841851853.0,0.01115631941423373
314,2023-08-04,18.17,18.38,18.12,18.15,33010323.0,617410102.0,2841851853.0,0.011615778973542433
315,2023-08-07,18.17,18.31,18.11,18.27,19876697.0,372255810.0,2841851853.0,0.006994276277638179
316,2023-08-08,18.25,18.39,18.18,18.27,14509564.0,272093905.0,2841851853.0,0.005105672199162311
317,2023-08-09,18.33,18.34,18.09,18.16,15521047.0,289276688.0,2841851853.0,0.005461596101012518
318,2023-08-10,18.28,18.54,18.28,18.52,54052051.0,1024084787.0,2841851853.0,0.019020010118732954
319,2023-08-11,18.42,18.52,18.12,18.18,36614349.0,687456669.0,2841851853.0,0.012883975271739826
320,2023-08-14,18.13,18.27,18.03,18.18,23513931.0,438131851.0,2841851853.0,0.00827415791402973
321,2023-08-15,18.13,18.22,18.03,18.18,17866293.0,332811592.0,2841851853.0,0.006286848831032291
322,2023-08-16,18.07,18.1,17.77,17.79,25814602.0,474778327.0,2841851853.0,0.009083725449216793
323,2023-08-17,17.63,17.97,17.54,17.97,17792309.0,324104332.0,2841851853.0,0.006260815102383875
324,2023-08-18,17.96,18.19,17.87,17.99,21394711.0,395992631.0,2841851853.0,0.0075284399422210135
325,2023-08-21,17.96,18.07,17.84,17.99,16582086.0,305507645.0,2841851853.0,0.005834957928047912
326,2023-08-22,17.91,18.38,17.9,18.33,37642809.0,705222929.0,2841851853.0,0.013245873095130692
327,2023-08-23,18.32,18.52,18.25,18.26,23774613.0,449527306.0,2841851853.0,0.008365887537347289
328,2023-08-24,18.26,18.4,18.13,18.24,18498266.0,346429906.0,2841851853.0,0.006509229529495815
329,2023-08-25,18.16,18.34,18.16,18.26,15345300.0,287648905.0,2841851853.0,0.005399753679559594
330,2023-08-28,18.89,18.95,18.38,18.48,35920559.0,684332477.0,2841851853.0,0.012639842207847841
331,2023-08-29,18.48,18.59,18.45,18.48,16968930.0,322108307.0,2841851853.0,0.005971081843019633
332,2023-08-30,18.49,18.53,18.45,18.52,15982772.0,303484812.0,2841851853.0,0.0056240693838870565
333,2023-08-31,18.61,18.61,18.45,18.51,10674033.0,202884865.0,2841851853.0,0.0037560131745544584
334,2023-09-01,18.56,18.7,18.56,18.66,25746752.0,492890960.0,2841851853.0,0.009059850172281307
335,2023-09-04,18.79,18.97,18.78,18.96,48102679.0,932947716.0,2841851853.0,0.016926525902193113
336,2023-09-05,18.9,19.14,18.84,19.0,40743766.0,794015934.0,2841851853.0,0.014337047850326488
337,2023-09-06,19.2,19.46,18.9,19.14,31535647.0,618670381.0,2841851853.0,0.011096865224240807
338,2023-09-07,19.23,19.53,19.18,19.22,57666690.0,1145078368.0,2841851853.0,0.020291940953615924
339,2023-09-08,19.08,19.08,18.69,18.87,35522423.0,686101462.0,2841851853.0,0.012499744827479576
340,2023-09-11,18.89,19.12,18.83,19.0,32817196.0,639045482.0,2841851853.0,0.011547820821608466
341,2023-09-12,18.92,19.16,18.83,18.86,27391548.0,532663929.0,2841851853.0,0.009638626296118892
342,2023-09-13,19.04,19.15,18.95,19.11,27769513.0,542973181.0,2841851853.0,0.009771625839920235
343,2023-09-14,19.09,19.78,19.03,19.71,62917872.0,1259571887.0,2841851853.0,0.02213974382006605
344,2023-09-15,19.98,20.56,19.67,19.8,56633409.0,1166697693.0,2841851853.0,0.01992834670118886
345,2023-09-18,19.83,19.91,19.47,19.81,37586723.0,758210426.0,2841851853.0,0.013226137372474779
346,2023-09-19,19.84,20.11,19.79,19.89,30764200.0,629857304.0,2841851853.0,0.010825405964608528
347,2023-09-20,19.8,20.13,19.71,20.08,33647107.0,690758975.0,2841851853.0,0.011839852582209886
348,2023-09-21,19.98,20.29,19.93,20.21,32253331.0,666802842.0,2841851853.0,0.011349406185952931
349,2023-09-22,20.21,20.25,19.7,20.14,45420926.0,931918472.0,2841851853.0,0.015982862003186906
350,2023-09-25,20.11,20.24,19.91,19.92,38559526.0,794637283.0,2841851853.0,0.01356845043111401
351,2023-09-26,19.98,20.17,19.88,19.96,33749137.0,693876216.0,2841851853.0,0.01187575522783594
352,2023-09-27,20.01,20.29,19.92,20.27,38882040.0,804754123.0,2841851853.0,0.013681937698108432
353,2023-09-28,20.64,20.78,20.38,20.6,33669658.0,709743206.0,2841851853.0,0.011847787900856492
354,2023-10-09,19.97,20.54,19.47,20.44,72563556.0,1478738458.0,2841851853.0,0.02553389823026781
355,2023-10-10,20.27,20.4,19.65,19.68,45495576.0,930452073.0,2841851853.0,0.016009130086064343
356,2023-10-11,19.69,19.98,19.56,19.77,43478954.0,880937020.0,2841851853.0,0.015299514629554478
357,2023-10-12,19.68,19.93,19.58,19.86,36836677.0,747497255.0,2841851853.0,0.012962208765778334
358,2023-10-13,19.85,20.25,19.78,20.2,32457012.0,668014497.0,2841851853.0,0.011421078113462095
359,2023-10-16,20.56,20.61,20.09,20.34,41858124.0,874050859.0,2841851853.0,0.014729171739129358
360,2023-10-17,20.17,20.61,20.17,20.59,33347945.0,699591761.0,2841851853.0,0.011734582492326704
361,2023-10-18,20.77,20.77,20.43,20.48,25834842.0,531691827.0,2841851853.0,0.009090847565726362
362,2023-10-19,20.5,20.56,20.12,20.17,19259675.0,390190858.0,2841851853.0,0.006777156585297903
363,2023-10-20,20.25,20.29,20.08,20.11,16262174.0,328249990.0,2841851853.0,0.005722386261209514
364,2023-10-23,20.03,20.71,19.98,20.31,41486835.0,846137801.0,2841851853.0,0.014598521367749848
365,2023-10-24,20.33,20.45,20.05,20.2,33762800.0,681174378.0,2841851853.0,0.011880563008363125
366,2023-10-25,20.15,20.18,19.41,19.63,55263329.0,1091616885.0,2841851853.0,0.019446238529873146
367,2023-10-26,19.58,20.06,19.52,20.06,27992994.0,554667451.0,2841851853.0,0.009850265055319194
368,2023-10-27,19.93,20.19,19.8,19.9,26640074.0,531349111.0,2841851853.0,0.009374195200174637
369,2023-10-30,19.91,19.96,19.42,19.52,33725996.0,660656461.0,2841851853.0,0.011867612298085547
370,2023-10-31,19.42,19.63,19.29,19.5,19263949.0,375462612.0,2841851853.0,0.006778660534209065
371,2023-11-01,19.38,19.64,19.3,19.63,19561929.0,381818925.0,2841851853.0,0.006883514698118221
372,2023-11-02,19.63,19.8,19.56,19.64,17474088.0,344417560.0,2841851853.0,0.006148838470081924
373,2023-11-03,19.73,19.77,19.46,19.52,23613549.0,461277813.0,2841851853.0,0.008309211817312843
374,2023-11-06,19.43,19.43,18.57,18.8,77039167.0,1454566568.0,2841851853.0,0.02710879067065851
375,2023-11-07,18.67,19.09,18.6,19.03,40813075.0,771443846.0,2841851853.0,0.014361436524889814
376,2023-11-08,18.73,18.96,18.53,18.94,37441918.0,701736331.0,2841851853.0,0.01317518292182418
377,2023-11-09,18.79,19.04,18.68,18.98,26853378.0,506952343.0,2841851853.0,0.009449253299974888
378,2023-11-10,18.94,19.08,18.88,19.04,17876668.0,339974046.0,2841851853.0,0.006290499619509899
379,2023-11-13,19.09,19.26,18.82,19.25,30781689.0,587329758.0,2841851853.0,0.010831560050361289
380,2023-11-14,19.28,19.38,18.91,19.01,27521799.0,524803209.0,2841851853.0,0.009684459438287264
381,2023-11-15,19.03,19.24,18.98,19.22,22280834.0,426482428.0,2841851853.0,0.007840251762764918
382,2023-11-16,19.13,19.43,19.12,19.36,22699304.0,438826706.0,2841851853.0,0.007987504336666068
383,2023-11-17,19.2,19.2,18.92,19.12,27398987.0,522286137.0,2841851853.0,0.00964124395544274
384,2023-11-20,19.23,19.43,18.98,19.04,31562776.0,605502602.0,2841851853.0,0.011106411464299509
385,2023-11-21,19.12,19.16,18.98,18.99,24145356.0,459561686.0,2841851853.0,0.00849634578048499
386,2023-11-22,18.96,19.21,18.91,19.06,24046849.0,458812527.0,2841851853.0,0.008461682819466803
387,2023-11-23,19.0,19.24,18.99,19.23,22837070.0,437342469.0,2841851853.0,0.008035981881283521
388,2023-11-24,19.19,19.45,19.19,19.4,25165847.0,488167831.0,2841851853.0,0.008855439446441828
389,2023-11-27,19.39,19.42,19.08,19.18,28718764.0,551166514.0,2841851853.0,0.010105651344802877
390,2023-11-28,19.19,19.3,19.15,19.23,20046139.0,385801359.0,2841851853.0,0.007053900075346398
391,2023-11-29,19.28,19.5,19.25,19.46,24656320.0,479220349.0,2841851853.0,0.008676145441561834
392,2023-11-30,19.5,19.9,19.5,19.88,30354996.0,599523041.0,2841851853.0,0.010681413940686514
393,2023-12-01,19.7,20.03,19.7,19.96,25217759.0,502061124.0,2841851853.0,0.008873706408509255
394,2023-12-04,19.92,20.15,19.81,19.85,24864116.0,495846676.0,2841851853.0,0.008749265368549104
395,2023-12-05,19.81,19.88,19.62,19.63,20377868.0,402220691.0,2841851853.0,0.0071706299462753875
396,2023-12-06,19.6,19.6,19.28,19.47,27980521.0,542590343.0,2841851853.0,0.00984587601583185
397,2023-12-07,19.26,19.47,19.0,19.4,34877873.0,672615383.0,2841851853.0,0.012272938493673126
398,2023-12-08,19.41,20.07,19.4,20.07,44832511.0,890654638.0,2841851853.0,0.015775808634314478
399,2023-12-11,19.94,19.96,19.45,19.67,40927142.0,803646108.0,2841851853.0,0.014401574788916346
400,2023-12-12,19.61,19.86,19.5,19.84,22653928.0,447864936.0,2841851853.0,0.007971537283368727
401,2023-12-13,19.61,19.78,19.38,19.39,36136473.0,705122647.0,2841851853.0,0.012715818722869929
402,2023-12-14,19.45,19.64,19.38,19.56,17982477.0,351357279.0,2841851853.0,0.006327732031849867
403,2023-12-15,19.65,19.81,19.35,19.35,20297723.0,396257348.0,2841851853.0,0.007142428265066919
404,2023-12-18,19.32,19.6,19.25,19.55,18435140.0,360199941.0,2841851853.0,0.006487016548923531
405,2023-12-19,19.6,19.76,19.54,19.71,19103262.0,375870523.0,2841851853.0,0.006722117474151106
406,2023-12-20,19.8,20.0,19.78,19.84,26187538.0,521819153.0,2841851853.0,0.009214955372270772
407,2023-12-21,19.8,19.89,19.65,19.72,21723400.0,428886642.0,2841851853.0,0.007644100088140661
408,2023-12-22,19.7,20.01,19.67,19.93,29461169.0,587315905.0,2841851853.0,0.01036689121176367
409,2023-12-25,19.96,20.0,19.78,20.0,26668877.0,531066871.0,2841851853.0,0.00938433049275493
410,2023-12-26,19.94,20.24,19.94,20.03,40938072.0,824338668.0,2841851853.0,0.014405420872584803
411,2023-12-27,20.1,20.69,20.04,20.62,47415276.0,968898706.0,2841851853.0,0.01668464031647043
412,2023-12-28,20.55,20.85,20.37,20.66,42417181.0,871953022.0,2841851853.0,0.014925894520230644
413,2023-12-29,20.5,21.08,20.46,20.97,42887060.0,892269161.0,2841851853.0,0.015091237058936162
414,2024-01-02,20.97,21.5,20.82,20.92,33543371.0,707878844.0,2841851853.0,0.011803349623798986
415,2024-01-03,20.83,21.28,20.82,21.09,31851875.0,670313772.0,2841851853.0,0.011208140553271831
416,2024-01-04,21.26,21.55,21.08,21.33,34589451.0,736248680.0,2841851853.0,0.012171447629645317
417,2024-01-05,21.42,21.6,21.06,21.18,27483723.0,585946154.0,2841851853.0,0.00967106113254525
418,2024-01-08,21.2,21.23,20.9,21.17,23977349.0,506045691.0,2841851853.0,0.008437226935207168
419,2024-01-09,20.9,21.15,20.66,21.1,29633910.0,618951165.0,2841851853.0,0.01042767587223696
420,2024-01-10,21.1,21.32,20.69,20.74,29979408.0,626028039.0,2841851853.0,0.010549250823315173
421,2024-01-11,20.68,20.8,20.43,20.54,26408847.0,542679985.0,2841851853.0,0.009292830297301215
422,2024-01-12,20.64,20.85,20.53,20.61,23019850.0,475584047.0,2841851853.0,0.00810029909747023
423,2024-01-15,20.61,20.96,20.61,20.91,26566708.0,553736815.0,2841851853.0,0.009348378935360358
424,2024-01-16,20.91,20.99,20.6,20.86,24503477.0,509199908.0,2841851853.0,0.00862236255353456
425,2024-01-17,20.79,20.97,20.65,20.66,24737324.0,514958068.0,2841851853.0,0.008704649390462086
426,2024-01-18,20.6,20.78,19.88,20.65,41577004.0,841618275.0,2841851853.0,0.014630250326423332
427,2024-01-19,20.55,20.75,20.41,20.5,26463437.0,544852209.0,2841851853.0,0.0093120396026499
428,2024-01-22,20.48,20.69,20.28,20.46,32294796.0,663644226.0,2841851853.0,0.011363997023950424
429,2024-01-23,20.47,20.6,20.22,20.54,24310908.0,496456282.0,2841851853.0,0.008554600752441122
430,2024-01-24,20.57,21.15,20.54,21.12,32835127.0,684914797.0,2841851853.0,0.011554130439747451
431,2024-01-25,21.32,22.48,21.13,22.32,65260645.0,1428358713.0,2841851853.0,0.02296412634286605
432,2024-01-26,22.5,23.2,22.3,22.88,70900300.0,1609288054.0,2841851853.0,0.024948626342064285
433,2024-01-29,22.88,23.49,22.71,22.84,58474699.0,1354169672.0,2841851853.0,0.020576265767784905
434,2024-01-30,22.6,23.19,22.6,22.89,35340540.0,808130061.0,2841851853.0,0.01243574325054727
435,2024-01-31,22.79,23.15,22.7,22.94,29655990.0,680677411.0,2841851853.0,0.010435445453883764
436,2024-02-01,22.75,22.93,22.15,22.18,51197631.0,1148952021.0,2841851853.0,0.018015587598612236
437,2024-02-02,22.08,22.52,21.92,22.37,43023698.0,958391789.0,2841851853.0,0.015139317679273833
438,2024-02-05,22.27,23.24,22.2,23.04,57766746.0,1326685463.0,2841851853.0,0.020327148981752356
439,2024-02-06,23.04,23.38,22.7,22.87,45040042.0,1034232895.0,2841851853.0,0.015848835312246658
440,2024-02-07,22.76,23.01,22.38,23.01,54768707.0,1241297967.0,2841851853.0,0.01927218934448797
441,2024-02-08,22.88,22.99,22.5,22.85,36641302.0,833344914.0,2841851853.0,0.012893459580350616
442,2024-02-19,22.88,24.72,22.85,24.61,59279425.0,1417301946.0,2841851853.0,0.020859435349320443
443,2024-02-20,24.4,25.07,24.26,24.48,47794795.0,1172007618.0,2841851853.0,0.016818186686806156
444,2024-02-21,24.48,25.27,24.48,24.56,51373343.0,1273366182.0,2841851853.0,0.01807741770415222
445,2024-02-22,24.6,25.76,24.52,25.3,65174725.0,1635827005.0,2841851853.0,0.02293389253602306
446,2024-02-23,25.54,25.65,24.9,24.99,47501801.0,1196352299.0,2841851853.0,0.01671508701266561
