,date,open,high,low,close,volume,amount,outstanding_share,turnover
0,2023-12-22,5.6,9.9,5.27,7.49,485389964.0,3129103718.0,648720111.0,0.7482270948125423
1,2023-12-25,6.38,6.69,5.71,5.88,357758365.0,2196419149.0,648720111.0,0.5514833884963373
2,2023-12-26,5.7,6.16,5.51,5.91,279341080.0,1647539587.0,648720111.0,0.43060339160658456
3,2023-12-27,5.73,5.82,5.3,5.4,236425020.0,1302964631.0,648720111.0,0.3644484208074752
4,2023-12-28,5.38,5.98,5.34,5.84,291161333.0,1663552493.0,648720111.0,0.4488242742331138
5,2023-12-29,5.7,5.85,5.42,5.6,235798624.0,1328192321.0,648720111.0,0.3634828333539979
6,2024-01-02,5.6,5.65,5.3,5.34,198748927.0,1077491909.0,648720111.0,0.3063708425712734
7,2024-01-03,5.4,5.41,5.06,5.1,159332519.0,823961025.0,648720111.0,0.24561057426505464
8,2024-01-04,5.15,5.61,5.08,5.61,196385445.0,1059371963.0,648720111.0,0.30272754254106976
9,2024-01-05,5.9,6.17,5.84,6.17,167756233.0,1008793718.0,648720111.0,0.2585957027621732
10,2024-01-08,6.4,6.48,5.68,6.05,363993681.0,2223531687.0,648720111.0,0.561095108395676
11,2024-01-09,6.2,6.26,5.45,5.6,270035871.0,1572591281.0,648720111.0,0.4162594413540541
12,2024-01-10,5.3,6.16,5.12,6.16,212681158.0,1200970442.0,648720111.0,0.32784733260720506
13,2024-01-11,6.1,6.78,6.01,6.78,365870088.0,2331087727.0,648720111.0,0.5639875838534009
14,2024-01-12,6.65,7.46,6.58,6.75,444976883.0,3161866545.0,648720111.0,0.6859304582280786
15,2024-01-15,6.71,6.96,6.33,6.61,274221000.0,1829765714.0,648720111.0,0.4227108044751213
16,2024-01-16,6.7,6.92,6.36,6.78,299066839.0,1991067266.0,648720111.0,0.461010586736689
17,2024-01-17,6.59,6.66,6.1,6.1,242887297.0,1525943395.0,648720111.0,0.3744100003707146
18,2024-01-18,5.88,6.71,5.88,6.71,198027847.0,1295094048.0,648720111.0,0.3052593000311655
19,2024-01-19,7.0,7.06,6.44,6.44,297930547.0,2015877899.0,648720111.0,0.45925899621138766
20,2024-01-22,6.41,6.66,6.17,6.22,190937267.0,1224372727.0,648720111.0,0.2943291933799783
21,2024-01-23,6.48,6.84,6.4,6.61,307288095.0,2062081979.0,648720111.0,0.473683626866934
22,2024-01-24,6.5,7.08,6.42,6.94,309388662.0,2094377445.0,648720111.0,0.4769216442559155
23,2024-01-25,6.67,7.2,6.5,7.04,290385096.0,1994029270.0,648720111.0,0.4476277073518999
