,date,open,high,low,close,volume,amount,outstanding_share,turnover
0,2020-01-16,5.7,6.8,5.7,6.59,1414718454.0,9170651670.0,2604210267.0,0.5432427910783596
1,2020-01-17,6.66,6.67,6.32,6.47,738117308.0,4922740966.0,2604210267.0,0.2834323008987661
2,2020-01-20,6.55,7.12,6.54,7.12,665544828.0,4738736655.0,2604210267.0,0.2555649351489174
3,2020-01-21,7.3,7.74,6.92,7.47,910793651.0,6930005012.0,2604210267.0,0.3497389064705657
4,2020-01-22,7.1,7.35,7.04,7.12,501749429.0,3701760519.0,2604210267.0,0.19266855497732358
5,2020-01-23,6.98,6.98,6.55,6.86,483174530.0,3343897833.0,2604210267.0,0.18553591317977858
6,2020-02-03,6.18,6.18,6.18,6.18,137197800.0,871206030.0,2604210267.0,0.052683073152172626
7,2020-02-04,5.84,6.76,5.84,6.63,466617029.0,3051684358.0,2604210267.0,0.17917793924433523
8,2020-02-05,6.49,7.18,6.45,7.1,483519350.0,3420448639.0,2604210267.0,0.18566832184292284
9,2020-02-06,7.08,7.23,6.92,7.16,375677535.0,2733272087.0,2604210267.0,0.14425775820044412
10,2020-02-07,7.08,7.74,7.02,7.52,492226105.0,3758813225.0,2604210267.0,0.1890116597869937
11,2020-02-10,7.37,8.0,7.33,7.57,472068840.0,3713667615.0,2604210267.0,0.1812713996185163
12,2020-02-11,7.58,7.67,7.34,7.36,324546431.0,2482518106.0,2604210267.0,0.12462374298749357
13,2020-02-12,7.31,7.52,7.2,7.42,290865128.0,2199620337.0,2604210267.0,0.11169033917336905
14,2020-02-13,7.43,7.51,7.2,7.26,246961688.0,1856357098.0,2604210267.0,0.0948317004695996
15,2020-02-14,7.2,7.25,7.01,7.1,256396113.0,1878864938.0,2604210267.0,0.09845445901546321
16,2020-02-17,7.03,7.16,7.02,7.1,292830876.0,2134888685.0,2604210267.0,0.11244517376752973
17,2020-02-18,7.11,7.59,7.02,7.5,537211857.0,4048192393.0,2604210267.0,0.20628589934055427
18,2020-02-19,7.41,7.46,7.2,7.25,364079161.0,2731448418.0,2604210267.0,0.13980405715065863
19,2020-02-20,7.25,7.39,7.2,7.39,294145623.0,2208165158.0,2604210267.0,0.11295002816299088
20,2020-02-21,7.39,7.54,7.31,7.33,303005617.0,2301576467.0,2604210267.0,0.11635220889788467
21,2020-02-24,7.22,7.22,7.08,7.1,365754808.0,2677318365.0,2604210267.0,0.14044749482588534
22,2020-02-25,6.92,7.0,6.82,6.99,271953726.0,1936534414.0,2604210267.0,0.10442848238720963
23,2020-02-26,6.9,7.15,6.86,6.95,246882924.0,1776498755.0,2604210267.0,0.09480145559997517
24,2020-02-27,6.9,6.99,6.87,6.9,162205265.0,1152492256.0,2604210267.0,0.06228577893860212
25,2020-02-28,6.76,6.81,6.62,6.68,232032271.0,1598818838.0,2604210267.0,0.08909890032316657
26,2020-03-02,6.67,6.91,6.67,6.88,168503758.0,1183893736.0,2604210267.0,0.06470435975744504
27,2020-03-03,6.94,6.98,6.81,6.83,187288966.0,1323821179.0,2604210267.0,0.07191775885890861
28,2020-03-04,6.78,6.78,6.69,6.77,132375609.0,916848293.0,2604210267.0,0.050831382810150025
29,2020-03-05,6.85,7.02,6.75,6.98,272828861.0,1934405196.0,2604210267.0,0.1047645286009465
30,2020-03-06,6.88,6.89,6.81,6.84,155505923.0,1093483648.0,2604210267.0,0.05971327468082668
31,2020-03-09,6.71,6.76,6.67,6.69,139386054.0,960972467.0,2604210267.0,0.053523348619837076
32,2020-03-10,6.62,6.77,6.52,6.74,151128709.0,1033336050.0,2604210267.0,0.05803245264603667
33,2020-03-11,6.73,6.95,6.68,6.75,166856669.0,1166411217.0,2604210267.0,0.06407188817061829
34,2020-03-12,6.63,6.68,6.58,6.61,117269843.0,798641874.0,2604210267.0,0.04503086578146879
35,2020-03-13,6.35,6.61,6.28,6.51,133264825.0,881925107.0,2604210267.0,0.0511728360373598
36,2020-03-16,6.57,6.59,6.27,6.32,124221690.0,817858666.0,2604210267.0,0.047700330335883744
37,2020-03-17,6.32,6.42,6.08,6.22,109606293.0,697997416.0,2604210267.0,0.04208811185060887
38,2020-03-18,6.25,6.32,6.13,6.13,86107331.0,551396150.0,2604210267.0,0.033064661517978725
39,2020-03-19,6.08,6.13,5.94,6.06,113591135.0,702544058.0,2604210267.0,0.04361826555996755
40,2020-03-20,6.1,6.16,6.03,6.16,83334966.0,521649935.0,2604210267.0,0.03200009118157739
41,2020-03-23,6.0,6.04,5.92,5.92,82958043.0,510346045.0,2604210267.0,0.03185535517282407
42,2020-03-24,6.01,6.1,5.92,6.07,98338980.0,607101131.0,2604210267.0,0.03776153609642458
43,2020-03-25,6.2,6.32,6.12,6.28,147622331.0,943287038.0,2604210267.0,0.05668602603662187
44,2020-03-26,6.2,6.37,6.14,6.23,105365893.0,677212105.0,2604210267.0,0.040459825512238486
45,2020-03-27,6.28,6.3,6.17,6.18,77467990.0,495758526.0,2604210267.0,0.029747210116501704
46,2020-03-30,6.08,6.09,6.03,6.05,58136331.0,361796782.0,2604210267.0,0.022323977344184242
47,2020-03-31,6.1,6.11,6.02,6.03,42548558.0,264920903.0,2604210267.0,0.016338372726337154
48,2020-04-01,6.02,6.11,5.98,6.02,50290147.0,312417003.0,2604210267.0,0.019311093131482535
49,2020-04-02,5.99,6.07,5.95,6.07,66251347.0,409443513.0,2604210267.0,0.02544009131655881
50,2020-04-03,6.05,6.06,6.0,6.01,40877096.0,253073786.0,2604210267.0,0.015696542064204986
51,2020-04-07,6.09,6.17,6.06,6.14,91263351.0,572397938.0,2604210267.0,0.03504454004980697
52,2020-04-08,6.1,6.26,6.07,6.22,93935272.0,595902355.0,2604210267.0,0.036070540535965104
53,2020-04-09,6.24,6.26,6.18,6.19,58120191.0,371005950.0,2604210267.0,0.022317779687948677
54,2020-04-10,6.19,6.19,6.06,6.08,59262475.0,372377794.0,2604210267.0,0.022756409400178437
55,2020-04-13,6.05,6.07,6.02,6.04,36311082.0,225376045.0,2604210267.0,0.01394322204321453
56,2020-04-14,6.06,6.1,6.05,6.1,35844310.0,223835552.0,2604210267.0,0.013763984596102508
57,2020-04-15,6.1,6.12,6.05,6.06,36319439.0,227101493.0,2604210267.0,0.013946431077487186
58,2020-04-16,6.08,6.18,6.06,6.08,63622511.0,400353323.0,2604210267.0,0.024430635193406217
59,2020-04-17,6.11,6.18,6.04,6.11,86420577.0,542753622.0,2604210267.0,0.03318494596811295
60,2020-04-20,6.11,6.11,6.06,6.09,45388811.0,283723675.0,2604210267.0,0.01742901161828497
61,2020-04-21,6.06,6.07,5.98,6.01,58648571.0,362638793.0,2604210267.0,0.022520674210981445
62,2020-04-22,5.99,6.01,5.96,6.0,33335447.0,205085800.0,2604210267.0,0.012800597333640725
63,2020-04-23,6.01,6.01,5.97,5.98,36915259.0,227081781.0,2604210267.0,0.014175222126946633
64,2020-04-24,5.99,5.99,5.92,5.94,47984718.0,293377549.0,2604210267.0,0.018425823217138863
65,2020-04-27,5.94,5.97,5.92,5.93,29758823.0,181838561.0,2604210267.0,0.01142719671183909
66,2020-04-28,5.92,5.93,5.77,5.87,52363306.0,315407373.0,2604210267.0,0.020107172859095405
67,2020-04-29,5.89,6.28,5.88,6.18,178279359.0,1128219690.0,2604210267.0,0.06845812769388025
68,2020-04-30,6.35,6.46,6.24,6.32,199120999.0,1298158867.0,2604210267.0,0.07646118346249496
69,2020-05-06,6.18,6.24,6.11,6.23,108873691.0,691826090.0,2604210267.0,0.04180679739252407
70,2020-05-07,6.2,6.2,6.13,6.19,55393288.0,351032683.0,2604210267.0,0.021270666467271094
71,2020-05-08,6.19,6.28,6.17,6.24,70384176.0,449851432.0,2604210267.0,0.027027071082505644
72,2020-05-11,6.28,6.28,6.16,6.19,61586452.0,393034808.0,2604210267.0,0.02364880162727659
73,2020-05-12,6.18,6.18,6.11,6.14,47570834.0,299981895.0,2604210267.0,0.018266894422008666
74,2020-05-13,6.1,6.26,6.1,6.21,55854524.0,355092032.0,2604210267.0,0.021447778125974187
75,2020-05-14,6.16,6.19,6.1,6.1,52360778.0,329695934.0,2604210267.0,0.020106202123347978
76,2020-05-15,6.12,6.14,6.07,6.08,35017162.0,219311660.0,2604210267.0,0.01344636508185612
77,2020-05-18,6.08,6.08,6.03,6.06,35314014.0,219613331.0,2604210267.0,0.01356035434138775
78,2020-05-19,6.11,6.15,6.07,6.11,34379040.0,215592998.0,2604210267.0,0.013201330336357207
79,2020-05-20,6.09,6.1,6.03,6.05,33129957.0,206172362.0,2604210267.0,0.012721690494740685
80,2020-05-21,6.06,6.08,5.97,5.99,38561976.0,238416203.0,2604210267.0,0.014807550868164978
81,2020-05-22,5.98,5.99,5.92,5.95,42319396.0,258658123.0,2604210267.0,0.01625037599162495
82,2020-05-25,5.95,6.09,5.89,6.06,48926284.0,302128647.0,2604210267.0,0.018787378507789287
83,2020-05-26,6.05,6.1,6.03,6.06,29082712.0,181195759.0,2604210267.0,0.011167574434572338
84,2020-05-27,6.07,6.08,6.0,6.03,27320267.0,169358377.0,2604210267.0,0.010490806885371979
85,2020-05-28,6.02,6.21,6.0,6.11,76280115.0,480416590.0,2604210267.0,0.029291073753377535
86,2020-05-29,6.08,6.08,5.96,6.04,43286225.0,268077636.0,2604210267.0,0.01662163211185896
87,2020-06-01,6.08,6.17,6.06,6.14,66968010.0,421520588.0,2604210267.0,0.025715285301115817
88,2020-06-02,6.18,6.21,6.12,6.15,55103425.0,348472165.0,2604210267.0,0.02115936093880702
89,2020-06-03,6.15,6.27,6.14,6.17,63290302.0,403281566.0,2604210267.0,0.024303069073185555
90,2020-06-04,6.21,6.24,6.14,6.2,48451675.0,307971833.0,2604210267.0,0.01860513170306152
91,2020-06-05,6.21,6.27,6.16,6.25,69704117.0,445858352.0,2604210267.0,0.026765932798620672
92,2020-06-08,6.27,6.56,6.26,6.48,194416808.0,1285599629.0,2604210267.0,0.07465480436184764
93,2020-06-09,6.48,6.48,6.33,6.39,98108207.0,644910206.0,2604210267.0,0.037672920748069536
94,2020-06-10,6.38,6.54,6.34,6.45,98083181.0,650611874.0,2604210267.0,0.037663310924962265
95,2020-06-11,6.42,6.48,6.28,6.31,89236031.0,584818291.0,2604210267.0,0.03426606220349411
96,2020-06-12,6.2,6.37,6.17,6.18,106346209.0,685924406.0,2604210267.0,0.04083626055376426
97,2020-06-15,6.18,6.25,6.07,6.07,118193632.0,746810816.0,2604210267.0,0.045385594818407954
98,2020-06-16,6.1,6.13,6.06,6.12,58098476.0,364468549.0,2604210267.0,0.022309441267554915
99,2020-06-17,6.09,6.09,6.01,6.06,55899589.0,347230400.0,2604210267.0,0.02146508279625026
100,2020-06-18,6.06,6.11,6.03,6.09,39005742.0,243973059.0,2604210267.0,0.014977954159183108
101,2020-06-19,6.11,6.2,6.11,6.19,87061081.0,551414047.0,2604210267.0,0.03343089538629793
102,2020-06-22,6.16,6.17,6.12,6.15,40598054.0,256520368.0,2604210267.0,0.015589391730172455
103,2020-06-23,6.13,6.16,6.09,6.09,35328809.0,221684545.0,2604210267.0,0.013566035526270353
104,2020-06-24,6.11,6.12,6.08,6.11,29180989.0,183016783.0,2604210267.0,0.011205312170747233
105,2020-06-29,6.09,6.1,6.01,6.03,48324841.0,300308018.0,2604210267.0,0.018556428262480235
106,2020-06-30,6.04,6.09,6.04,6.06,27075862.0,168953617.0,2604210267.0,0.010396956936657374
107,2020-07-01,6.06,6.17,6.04,6.13,48714250.0,305354342.0,2604210267.0,0.018705958814960774
108,2020-07-02,6.12,6.29,6.11,6.28,117569108.0,750422171.0,2604210267.0,0.04514578161748719
109,2020-07-03,6.28,6.39,6.24,6.36,146512491.0,951806851.0,2604210267.0,0.056259854611808886
110,2020-07-06,6.45,6.74,6.39,6.69,308889905.0,2077038658.0,2604210267.0,0.1186117376596611
111,2020-07-07,6.69,6.85,6.54,6.54,246544835.0,1681358215.0,2604210267.0,0.09467163159755718
112,2020-07-08,6.53,6.62,6.45,6.59,160732984.0,1080980724.0,2604210267.0,0.0617204324999307
113,2020-07-09,6.63,6.81,6.55,6.71,209485597.0,1435717175.0,2604210267.0,0.08044112246025485
114,2020-07-10,6.62,6.63,6.46,6.48,159748762.0,1072985315.0,2604210267.0,0.06134249757951669
115,2020-07-13,6.48,6.61,6.48,6.55,141111352.0,949829008.0,2604210267.0,0.05418585195985636
116,2020-07-14,6.53,6.77,6.5,6.71,216021852.0,1476390189.0,2604210267.0,0.08295100235852039
117,2020-07-15,6.7,6.7,6.48,6.5,146251343.0,987146309.0,2604210267.0,0.056159575458735414
118,2020-07-16,6.32,6.33,6.07,6.09,540028284.0,3409687297.0,3211859515.9999995,0.16813571120088805
119,2020-07-17,6.1,6.1,5.98,6.03,192125051.0,1191842021.0,3211859515.9999995,0.059817389285839496
120,2020-07-20,6.06,6.17,6.02,6.15,153367373.0,960889561.0,3211859515.9999995,0.04775033659971572
121,2020-07-21,6.14,6.15,6.07,6.13,97659216.0,613055855.0,3211859515.9999995,0.030405818035784855
122,2020-07-22,6.11,6.19,6.08,6.11,119314037.0,752348641.0,3211859515.9999995,0.03714796254494713
123,2020-07-23,6.07,6.11,6.01,6.06,108026629.0,672195270.0,3211859515.9999995,0.033633671853286626
124,2020-07-24,6.04,6.06,5.95,5.98,120932545.0,746298763.0,3211859515.9999995,0.03765187873179694
125,2020-07-27,5.99,6.1,5.95,6.05,80104085.0,495339668.0,3211859515.9999995,0.02494009610350592
126,2020-07-28,6.07,6.08,6.01,6.03,46253108.0,287114477.0,3211859515.9999995,0.01440072573834204
127,2020-07-29,6.03,6.08,6.01,6.07,72745994.0,452393493.0,3211859515.9999995,0.022649183016135385
128,2020-07-30,6.07,6.07,6.02,6.03,61420042.0,381484085.0,3211859515.9999995,0.0191228917996051
129,2020-07-31,6.01,6.05,6.0,6.03,63515406.0,393385770.0,3211859515.9999995,0.01977527525210726
130,2020-08-03,6.04,6.11,6.03,6.1,109456509.0,682831430.0,3211859515.9999995,0.034078859444112757
131,2020-08-04,6.11,6.14,6.05,6.11,100093605.0,627039027.0,3211859515.9999995,0.031163755606800337
132,2020-08-05,6.09,6.1,6.03,6.07,67879343.0,423314825.0,3211859515.9999995,0.02113397010730279
133,2020-08-06,6.07,6.07,6.01,6.05,74205131.0,460639308.0,3211859515.9999995,0.023103479660409907
134,2020-08-07,6.03,6.07,6.0,6.03,69019330.0,427610506.0,3211859515.9999995,0.021488900637209568
135,2020-08-10,6.01,6.11,6.0,6.08,92357939.0,576048192.0,3211859515.9999995,0.028755286007969973
136,2020-08-11,6.07,6.11,6.03,6.04,82851308.0,517428735.0,3211859515.9999995,0.02579543332679187
137,2020-08-12,6.02,6.21,6.01,6.13,166394500.0,1047126366.0,3211859515.9999995,0.05180628205284182
138,2020-08-13,6.19,6.23,6.1,6.12,119133695.0,752592504.0,3211859515.9999995,0.03709181376287817
139,2020-08-14,6.14,6.15,6.09,6.14,66882005.0,420941223.0,3211859515.9999995,0.020823452790143766
140,2020-08-17,6.15,6.25,6.12,6.23,143363203.0,912253323.0,3211859515.9999995,0.04463557708107431
141,2020-08-18,6.21,6.22,6.16,6.19,76799254.0,487860362.0,3211859515.9999995,0.023911149792642427
142,2020-08-19,6.19,6.23,6.15,6.17,70911411.0,447344940.0,3211859515.9999995,0.022077992716291645
143,2020-08-20,6.16,6.2,6.12,6.13,55027738.0,344931789.0,3211859515.9999995,0.017132672747944687
144,2020-08-21,6.14,6.16,6.11,6.14,58713067.0,367168197.0,3211859515.9999995,0.018280085634978318
145,2020-08-24,6.16,6.16,6.11,6.12,50628135.0,316373309.0,3211859515.9999995,0.015762873422014267
146,2020-08-25,6.12,6.14,6.08,6.1,56462492.0,351473699.0,3211859515.9999995,0.01757937783976228
147,2020-08-26,6.09,6.12,6.05,6.06,60165520.0,372907059.0,3211859515.9999995,0.018732301241783208
148,2020-08-27,6.06,6.1,6.05,6.09,42154659.0,260872835.0,3211859515.9999995,0.01312468954199428
149,2020-08-28,6.06,6.1,6.05,6.1,66698323.0,412919459.0,3211859515.9999995,0.02076626411203223
150,2020-08-31,6.1,6.15,6.09,6.11,98474646.0,613708146.0,3211859515.9999995,0.030659699002850167
151,2020-09-01,6.1,6.12,6.07,6.08,42074680.0,261203243.0,3211859515.9999995,0.01309978839062026
152,2020-09-02,6.09,6.1,6.06,6.08,50472420.0,313067187.0,3211859515.9999995,0.015714392160855645
153,2020-09-03,6.07,6.08,6.05,6.06,43568583.0,269438875.0,3211859515.9999995,0.013564909294121196
154,2020-09-04,6.03,6.07,6.03,6.07,52658861.0,324527080.0,3211859515.9999995,0.016395132083977488
155,2020-09-07,6.06,6.13,6.05,6.09,67657385.0,420071542.0,3211859515.9999995,0.021064864345081775
156,2020-09-08,6.09,6.1,6.06,6.09,48631849.0,301267127.0,3211859515.9999995,0.015141337520442163
157,2020-09-09,6.06,6.08,6.02,6.03,71092137.0,438314736.0,3211859515.9999995,0.02213426105527089
158,2020-09-10,6.05,6.06,6.0,6.02,52076362.0,320323651.0,3211859515.9999995,0.01621377328011379
159,2020-09-11,6.01,6.02,5.98,6.02,41882036.0,256225649.0,3211859515.9999995,0.013039809428576516
160,2020-09-14,6.02,6.06,6.01,6.04,36219098.0,223054202.0,3211859515.9999995,0.011276675651463956
161,2020-09-15,6.04,6.06,6.01,6.04,31435357.0,193396701.0,3211859515.9999995,0.009787276449484662
162,2020-09-16,6.04,6.1,6.02,6.07,54180056.0,335012503.0,3211859515.9999995,0.01686875024579998
163,2020-09-17,6.07,6.07,6.01,6.03,37691531.0,232060872.0,3211859515.9999995,0.011735111953757073
164,2020-09-18,6.03,6.08,6.02,6.07,53857808.0,332896422.0,3211859515.9999995,0.016768419581150825
165,2020-09-21,6.08,6.1,6.05,6.06,30875622.0,191032261.0,3211859515.9999995,0.009613005128708751
166,2020-09-22,6.04,6.08,6.0,6.01,44658540.0,274799660.0,3211859515.9999995,0.013904263177617763
167,2020-09-23,6.02,6.03,6.0,6.0,28358276.0,173809370.0,3211859515.9999995,0.008829239217572305
168,2020-09-24,5.99,6.01,5.95,5.95,47619239.0,290188594.0,3211859515.9999995,0.014826065325330377
169,2020-09-25,5.96,5.97,5.84,5.85,80534666.0,483175491.0,3211859515.9999995,0.02507415582743066
170,2020-09-28,5.86,5.87,5.7,5.73,81171734.0,476726042.0,3211859515.9999995,0.02527250447774566
171,2020-09-29,5.75,5.76,5.7,5.72,45196006.0,263745207.0,3211859515.9999995,0.01407160113163555
172,2020-09-30,5.73,5.77,5.72,5.74,35785483.0,209462909.0,3211859515.9999995,0.011141671303409525
173,2020-10-09,5.79,5.83,5.73,5.75,60264900.0,354277840.0,3211859515.9999995,0.018763242819241664
174,2020-10-12,5.76,5.83,5.73,5.8,73184199.0,431104135.0,3211859515.9999995,0.022785616442883055
175,2020-10-13,5.79,5.79,5.74,5.76,37554626.0,220300203.0,3211859515.9999995,0.011692487113125656
176,2020-10-14,5.75,5.76,5.71,5.72,37450719.0,218582899.0,3211859515.9999995,0.011660136071779549
177,2020-10-15,5.71,5.72,5.67,5.67,50805625.0,294400218.0,3211859515.9999995,0.01581813424494747
178,2020-10-16,5.66,5.67,5.62,5.62,50667653.0,291053772.0,3211859515.9999995,0.015775177198005447
179,2020-10-19,5.62,5.66,5.61,5.63,32930960.0,189104539.0,3211859515.9999995,0.010252926641390502
180,2020-10-20,5.63,5.63,5.52,5.55,58437171.0,331383681.0,3211859515.9999995,0.018194186485708055
181,2020-10-21,5.55,5.56,5.43,5.45,78126335.0,435688109.0,3211859515.9999995,0.024324331313623996
182,2020-10-22,5.43,5.44,5.4,5.43,41721261.0,230197030.0,3211859515.9999995,0.012989752756048004
183,2020-10-23,5.42,5.46,5.42,5.44,37431725.0,207523834.0,3211859515.9999995,0.011654222363566167
184,2020-10-26,5.54,5.68,5.5,5.66,132295676.0,757980108.0,3211859515.9999995,0.04118974548574248
185,2020-10-27,5.61,5.64,5.57,5.61,49926524.0,285240128.0,3211859515.9999995,0.015544429559041775
186,2020-10-28,5.61,5.61,5.49,5.54,40587551.0,228821995.0,3211859515.9999995,0.012636776545739806
187,2020-10-29,5.48,5.5,5.45,5.48,33749857.0,188573837.0,3211859515.9999995,0.010507887045455697
188,2020-10-30,5.48,5.53,5.44,5.47,34700371.0,194105250.0,3211859515.9999995,0.010803825891866936
189,2020-11-02,5.46,5.48,5.41,5.43,36873322.0,204057409.0,3211859515.9999995,0.011480365755822805
190,2020-11-03,5.43,5.54,5.42,5.51,36106563.0,202549248.0,3211859515.9999995,0.011241638315789901
191,2020-11-04,5.49,5.52,5.47,5.51,29115051.0,163280366.0,3211859515.9999995,0.00906485817793782
192,2020-11-05,5.53,5.55,5.5,5.55,35369556.0,199453500.0,3211859515.9999995,0.011012174045535061
193,2020-11-06,5.55,5.62,5.52,5.59,45285029.0,257641637.0,3211859515.9999995,0.014099318097323659
194,2020-11-09,5.63,5.63,5.59,5.61,46979802.0,268810316.0,3211859515.9999995,0.014626979096055833
195,2020-11-10,5.78,5.82,5.66,5.67,97314969.0,567781277.0,3211859515.9999995,0.030298638067830116
196,2020-11-11,5.62,5.67,5.55,5.63,50628610.0,289678917.0,3211859515.9999995,0.01576302131142152
197,2020-11-12,5.63,5.71,5.59,5.68,36471726.0,210205361.0,3211859515.9999995,0.011355330399201684
198,2020-11-13,5.65,5.67,5.59,5.62,34266935.0,196478730.0,3211859515.9999995,0.01066887727476808
199,2020-11-16,5.63,5.72,5.6,5.7,40869186.0,236694666.0,3211859515.9999995,0.012724462510395803
200,2020-11-17,5.69,5.8,5.68,5.76,61903696.0,363498747.0,3211859515.9999995,0.019273475596184825
201,2020-11-18,5.74,5.78,5.7,5.76,44339824.0,259617003.0,3211859515.9999995,0.013805032187466324
202,2020-11-19,5.76,5.77,5.69,5.7,39051082.0,227292981.0,3211859515.9999995,0.01215840288327231
203,2020-11-20,5.68,5.7,5.66,5.67,28379612.0,164171317.0,3211859515.9999995,0.008835882098399974
204,2020-11-23,5.64,5.68,5.6,5.68,48089004.0,276304603.0,3211859515.9999995,0.014972324835642035
205,2020-11-24,5.66,5.67,5.62,5.63,26712310.0,153526687.0,3211859515.9999995,0.00831677408894493
206,2020-11-25,5.66,5.72,5.61,5.62,39102369.0,225511523.0,3211859515.9999995,0.012174370891756029
207,2020-11-26,5.62,5.62,5.55,5.58,28009394.0,159400751.0,3211859515.9999995,0.008720616160348903
208,2020-11-27,5.59,5.62,5.56,5.62,25679802.0,146285516.0,3211859515.9999995,0.0079953067287268
209,2020-11-30,5.64,5.72,5.64,5.69,72055625.0,417482488.0,3211859515.9999995,0.02243423930624991
210,2020-12-01,5.66,5.75,5.65,5.75,56748889.0,330754082.0,3211859515.9999995,0.01766854643464425
211,2020-12-02,5.76,5.79,5.72,5.74,43164411.0,253023756.0,3211859515.9999995,0.013439071909893584
212,2020-12-03,5.74,5.94,5.71,5.86,97692760.0,582656276.0,3211859515.9999995,0.030416261830051975
213,2020-12-04,5.84,5.87,5.75,5.8,49815544.0,294090816.0,3211859515.9999995,0.015509876366585146
214,2020-12-07,5.78,5.78,5.7,5.72,41630598.0,242765377.0,3211859515.9999995,0.01296152518272222
215,2020-12-08,5.73,5.74,5.66,5.66,30685717.0,177998911.0,3211859515.9999995,0.009553878943689144
216,2020-12-09,5.65,5.67,5.61,5.61,32077078.0,184429784.0,3211859515.9999995,0.0099870737932985
217,2020-12-10,5.6,5.62,5.57,5.59,21539936.0,122850308.0,3211859515.9999995,0.00670637551010497
218,2020-12-11,5.59,5.61,5.54,5.56,28869756.0,163846265.0,3211859515.9999995,0.00898848653130195
219,2020-12-14,5.59,5.59,5.54,5.56,30255607.0,171691494.0,3211859515.9999995,0.009419965863787178
220,2020-12-15,5.55,5.56,5.5,5.54,27759164.0,156289383.0,3211859515.9999995,0.00864270802060821
221,2020-12-16,5.56,5.63,5.54,5.62,29707453.0,169477944.0,3211859515.9999995,0.009249300242433145
222,2020-12-17,5.6,5.64,5.55,5.64,25045075.0,142876566.0,3211859515.9999995,0.007797686939679962
223,2020-12-18,5.63,5.69,5.61,5.68,29132990.0,168209121.0,3211859515.9999995,0.00907044341599404
224,2020-12-21,5.67,5.68,5.61,5.67,28449968.0,163980429.0,3211859515.9999995,0.008857787166056114
225,2020-12-22,5.65,5.69,5.62,5.62,36177198.0,208518506.0,3211859515.9999995,0.01126363024901367
226,2020-12-23,5.65,5.65,5.56,5.58,28532477.0,162363870.0,3211859515.9999995,0.008883476023115079
227,2020-12-24,5.58,5.58,5.51,5.51,26479197.0,149410181.0,3211859515.9999995,0.008244195260749381
228,2020-12-25,5.5,5.55,5.5,5.55,15854255.0,89480280.0,3211859515.9999995,0.004936160788173153
229,2020-12-28,5.55,5.55,5.43,5.44,54336032.0,302548106.0,3211859515.9999995,0.016917312768296063
230,2020-12-29,5.44,5.48,5.43,5.45,20469702.0,113848104.0,3211859515.9999995,0.006373162306143655
231,2020-12-30,5.47,5.47,5.43,5.46,22296963.0,123819770.0,3211859515.9999995,0.006942072929692857
232,2020-12-31,5.46,5.58,5.44,5.55,42785295.0,240848646.0,3211859515.9999995,0.013321035614062022
233,2021-01-04,5.56,5.56,5.48,5.52,40251252.0,226608451.0,3211859515.9999995,0.012532071156751055
234,2021-01-05,5.5,5.5,5.43,5.49,57800971.0,322265698.0,3211859515.9999995,0.017996108083825672
235,2021-01-06,5.46,5.67,5.44,5.57,74410404.0,422211462.0,3211859515.9999995,0.023167390612609848
236,2021-01-07,5.55,5.55,5.44,5.48,56020542.0,312604823.0,3211859515.9999995,0.017441778421793216
237,2021-01-08,5.45,5.48,5.43,5.46,35044893.0,194970075.0,3211859515.9999995,0.01091109148000482
238,2021-01-11,5.44,5.45,5.4,5.4,52092743.0,287435221.0,3211859515.9999995,0.016218873440914224
239,2021-01-12,5.38,5.41,5.32,5.35,63207609.0,345429477.0,3211859515.9999995,0.01967944385024591
240,2021-01-13,5.33,5.44,5.22,5.42,78370376.0,424748411.0,3211859515.9999995,0.024400312532224716
241,2021-01-14,5.38,5.59,5.33,5.47,87493059.0,490550172.0,3211859515.9999995,0.027240624493116844
242,2021-01-15,5.43,5.57,5.35,5.48,82425455.0,458828650.0,3211859515.9999995,0.02566284564732501
243,2021-01-18,5.46,5.48,5.4,5.41,41355244.0,228928041.0,3211859515.9999995,0.012875794783049286
244,2021-01-19,5.41,5.45,5.36,5.42,46072591.0,254175991.0,3211859515.9999995,0.014344522470701986
245,2021-01-20,5.41,5.48,5.38,5.41,46893285.0,259243487.0,3211859515.9999995,0.014600042363745777
246,2021-01-21,5.38,5.47,5.38,5.44,53822748.0,297878660.0,27328695140.999996,0.0019694591242760138
247,2021-01-22,5.44,5.68,5.41,5.56,123686365.0,698902486.0,27328695140.999996,0.00452587891086095
248,2021-01-25,5.54,5.54,5.41,5.41,72656440.0,403746868.0,27328695140.999996,0.0026586135790653558
249,2021-01-26,5.39,5.44,5.34,5.39,39622882.0,217792863.0,27328695140.999996,0.0014498636614580108
250,2021-01-27,5.39,5.43,5.35,5.35,46104102.0,252235688.0,27328695140.999996,0.0016870217096765852
251,2021-01-28,5.38,5.39,5.27,5.3,46034782.0,249459850.0,27328695140.999996,0.0016844851816922688
252,2021-01-29,5.29,5.37,5.24,5.29,43477872.0,234289362.0,27328695140.999996,0.0015909238174629176
253,2021-02-01,5.26,5.26,5.2,5.21,41480634.0,221050411.0,27328695140.999996,0.0015178417332398903
254,2021-02-02,5.21,5.22,5.16,5.18,32028028.0,168973357.0,27328695140.999996,0.0011719559911204764
255,2021-02-03,5.18,5.18,5.06,5.06,50022477.0,259554972.0,27328695140.999996,0.0018304012226677284
256,2021-02-04,5.06,5.11,5.02,5.08,32162048.0,165775041.0,27328695140.999996,0.001176859994012255
257,2021-02-05,5.06,5.11,5.04,5.07,30175294.0,156221552.0,27328695140.999996,0.0011041615358623317
258,2021-02-08,5.09,5.14,5.06,5.13,41848696.0,217636965.0,27328695140.999996,0.0015313097015457685
259,2021-02-09,5.14,5.21,5.1,5.18,41635044.0,218574109.0,27328695140.999996,0.0015234918383474827
260,2021-02-10,5.24,5.53,5.21,5.36,85295973.0,467581691.0,27328695140.999996,0.0031211139997692145
261,2021-02-18,5.49,5.51,5.33,5.34,86412256.0,476036312.0,27328695140.999996,0.0031619605529705527
262,2021-02-19,5.35,5.81,5.34,5.76,267527613.0,1535945832.0,27328695140.999996,0.009789256736178396
263,2021-02-22,5.72,5.77,5.58,5.69,152313603.0,881814216.0,27328695140.999996,0.0055733946393763546
264,2021-02-23,5.7,5.83,5.66,5.68,103365526.0,605079874.0,27328695140.999996,0.0037823074049710267
265,2021-02-24,5.63,5.74,5.56,5.62,80773590.0,465114086.0,27328695140.999996,0.0029556328826991474
266,2021-02-25,5.65,5.77,5.61,5.69,84751522.0,492508646.0,27328695140.999996,0.003101191680127133
267,2021-02-26,5.59,5.66,5.55,5.57,65712426.0,374893812.0,27328695140.999996,0.0024045211694507375
268,2021-03-01,5.6,5.65,5.5,5.6,74585197.0,423921521.0,27328695140.999996,0.002729189835635556
269,2021-03-02,5.61,5.7,5.57,5.59,59873925.0,343100601.0,27328695140.999996,0.002190881221773881
270,2021-03-03,5.59,5.66,5.56,5.63,74810026.0,427826082.0,27328695140.999996,0.0027374166828684743
271,2021-03-04,5.59,5.65,5.58,5.6,54002601.0,309303013.0,27328695140.999996,0.0019760402288282824
272,2021-03-05,5.57,5.63,5.51,5.62,59576916.0,338726519.0,27328695140.999996,0.002180013194651927
273,2021-03-08,5.61,5.65,5.5,5.52,57810672.0,328279593.0,27328695140.999996,0.0021153835447221656
274,2021-03-09,5.52,5.66,5.5,5.54,87405155.0,496822464.0,27328695140.999996,0.0031982922912726277
275,2021-03-10,5.54,5.59,5.52,5.55,43010565.0,243606627.0,27328695140.999996,0.0015738243182885526
276,2021-03-11,5.56,5.64,5.54,5.61,52543567.0,300371397.0,27328695140.999996,0.0019226518766778324
277,2021-03-12,5.6,5.67,5.58,5.66,69258653.0,397641681.0,27328695140.999996,0.002534283200960239
278,2021-03-15,5.73,5.85,5.69,5.8,159132399.0,937416878.0,27328695140.999996,0.005822905125143019
279,2021-03-16,5.79,5.81,5.72,5.77,74762053.0,438770476.0,27328695140.999996,0.00273566127523732
280,2021-03-17,5.75,5.75,5.63,5.65,76332641.0,441880605.0,27328695140.999996,0.0027931315639538757
281,2021-03-18,5.66,5.68,5.56,5.57,72062853.0,411156915.0,27328695140.999996,0.002636893295790306
282,2021-03-19,5.54,5.58,5.5,5.51,56353661.0,317940584.0,27328695140.999996,0.0020620692173280958
283,2021-03-22,5.53,5.59,5.52,5.56,41877191.0,237314384.0,27328695140.999996,0.001532352378477579
284,2021-03-23,5.56,5.6,5.47,5.48,47169475.0,265213949.0,27328695140.999996,0.0017260053857907685
285,2021-03-24,5.47,5.48,5.35,5.37,59165994.0,325579489.0,27328695140.999996,0.0021649769114382615
286,2021-03-25,5.38,5.45,5.38,5.42,37973260.0,209954422.0,27328695140.999996,0.0013895013941968436
287,2021-03-26,5.41,5.66,5.41,5.62,119774173.0,683007482.0,27328695140.999996,0.004382725643578506
288,2021-03-29,5.62,5.67,5.59,5.64,57363427.0,329665785.0,27328695140.999996,0.0020990181457269893
289,2021-03-30,5.65,5.76,5.62,5.67,69742746.0,404156597.0,27328695140.999996,0.002551996926313841
290,2021-03-31,5.67,5.75,5.64,5.74,68379200.0,397595070.0,27328695140.999996,0.002502102630484315
291,2021-04-01,5.73,5.75,5.67,5.71,48386367.0,281622499.0,27328695140.999996,0.0017705333807689976
292,2021-04-02,5.7,5.79,5.68,5.77,81940599.0,479989384.0,27328695140.999996,0.0029983355801378258
293,2021-04-06,5.77,5.85,5.75,5.79,82239637.0,487787197.0,27328695140.999996,0.0030092778515656104
294,2021-04-07,5.81,5.98,5.79,5.95,151230118.0,914849581.0,27328695140.999996,0.005533748216654382
295,2021-04-08,5.91,5.97,5.89,5.9,74076833.0,448230802.0,27328695140.999996,0.0027105879961632673
296,2021-04-09,5.89,5.91,5.79,5.89,56856139.0,339596312.0,27328695140.999996,0.002080455678789483
297,2021-04-12,5.89,6.02,5.86,5.95,90919201.0,553188842.0,27328695140.999996,0.0033268767693045856
298,2021-04-13,5.96,5.96,5.73,5.75,81048285.0,479741735.0,27328695140.999996,0.00296568440541484
299,2021-04-14,5.74,5.78,5.71,5.76,32565241.0,190745929.0,27328695140.999996,0.0011916134609421527
300,2021-04-15,5.73,5.75,5.63,5.66,43427825.0,251413388.0,27328695140.999996,0.0015890925189050542
301,2021-04-16,5.65,5.75,5.63,5.7,37820918.0,219529672.0,27328695140.999996,0.0013839269604665099
302,2021-04-19,5.75,5.94,5.72,5.87,83390197.0,498902703.0,27328695140.999996,0.0030513786541858517
303,2021-04-20,5.87,5.93,5.77,5.82,56336436.0,333267113.0,27328695140.999996,0.0020614389274473998
304,2021-04-21,5.77,5.82,5.73,5.77,38031709.0,223758348.0,27328695140.999996,0.0013916401351685014
305,2021-04-22,5.78,5.81,5.72,5.76,52450795.0,307472801.0,27328695140.999996,0.0019192572030748171
306,2021-04-23,5.76,5.81,5.71,5.79,37598701.0,220912617.0,27328695140.999996,0.001375795690427692
307,2021-04-26,5.79,5.84,5.67,5.68,60832352.0,356696880.0,27328695140.999996,0.002225951575299912
308,2021-04-27,5.66,5.69,5.59,5.6,35574738.0,204137070.0,27328695140.999996,0.00130173569636074
309,2021-04-28,5.59,5.66,5.53,5.64,55651231.0,317064645.0,27328695140.999996,0.0020363661972469735
310,2021-04-29,5.64,5.86,5.61,5.77,70466151.0,412705593.0,27328695140.999996,0.0025784674546821974
311,2021-04-30,5.72,5.85,5.66,5.77,65701441.0,384897765.0,27328695140.999996,0.00240411921099852
312,2021-05-06,5.75,5.83,5.58,5.59,66031632.0,382289736.0,27328695140.999996,0.002416201419764669
313,2021-05-07,5.59,5.63,5.51,5.53,55371995.0,313973624.0,27328695140.999996,0.0020261485121888575
314,2021-05-10,5.54,5.54,5.46,5.5,46496737.0,260703921.0,27328695140.999996,0.0017013888427568232
315,2021-05-11,5.48,5.54,5.47,5.53,29892282.0,168063353.0,27328695140.999996,0.0010938056810167263
316,2021-05-12,5.54,5.58,5.48,5.53,50367469.0,283127475.0,27328695140.999996,0.0018430250233365873
317,2021-05-13,5.49,5.53,5.49,5.5,32479982.0,182491326.0,27328695140.999996,0.001188493699842689
318,2021-05-14,5.51,5.53,5.45,5.52,46878796.0,262539958.0,27328695140.999996,0.00171536898333905
319,2021-05-17,5.53,5.53,5.46,5.49,44162726.0,247668817.0,27328695140.999996,0.0016159837040204922
320,2021-05-18,5.47,5.48,5.42,5.43,55553259.0,307815008.0,27328695140.999996,0.0020327812474535594
321,2021-05-19,5.43,5.45,5.39,5.4,42489581.0,234752335.0,27328695140.999996,0.001554760693138796
322,2021-05-20,5.41,5.49,5.4,5.48,39680923.0,220492675.0,27328695140.999996,0.0014519874730670372
323,2021-05-21,5.5,5.5,5.43,5.46,34429539.0,192015353.0,27328695140.999996,0.0012598310611744844
324,2021-05-24,5.46,5.47,5.43,5.46,33627619.0,186685866.0,27328695140.999996,0.0012304875452889814
325,2021-05-25,5.47,5.5,5.44,5.49,67230358.0,374913631.0,27328695140.999996,0.002460064692190055
326,2021-05-26,5.49,5.5,5.46,5.5,53812500.0,300819356.0,27328695140.999996,0.0019690841338146276
327,2021-05-27,5.52,5.78,5.49,5.78,248272307.0,1439373637.0,27328695140.999996,0.009084674761054668
328,2021-05-28,5.73,5.73,5.62,5.68,86331300.0,498677004.0,27328695140.999996,0.003158998245418644
329,2021-05-31,5.66,5.67,5.57,5.67,64504359.0,369348685.0,27328695140.999996,0.0023603160951225603
330,2021-06-01,5.66,5.66,5.55,5.64,70999197.0,405522692.0,27328695140.999996,0.0025979724474105292
331,2021-06-02,5.63,5.63,5.54,5.55,50151547.0,284919248.0,27328695140.999996,0.0018351240972628773
332,2021-06-03,5.54,5.61,5.54,5.59,51317487.0,291666211.0,27328695140.999996,0.0018777876783077987
333,2021-06-04,5.59,5.61,5.53,5.58,46025657.0,261158471.0,27328695140.999996,0.0016841512835696938
334,2021-06-07,5.57,5.57,5.5,5.53,40822879.0,230141072.0,27328695140.999996,0.001493773441775319
335,2021-06-08,5.54,5.62,5.49,5.59,68299938.0,388024078.0,27328695140.999996,0.0024992023090605856
336,2021-06-09,5.58,5.66,5.55,5.65,83572455.0,477938643.0,27328695140.999996,0.0030580477614761802
337,2021-06-10,5.64,5.69,5.61,5.68,77234309.0,445581461.0,27328695140.999996,0.0028261250162701286
338,2021-06-11,5.7,5.77,5.65,5.68,190154401.0,1106409946.0,27328695140.999996,0.006958049040355389
339,2021-06-15,5.7,5.71,5.52,5.57,95367261.0,543525934.0,27328695140.999996,0.003489638290740228
340,2021-06-16,5.54,5.6,5.51,5.53,43411512.0,245523202.0,27328695140.999996,0.001588495600540828
341,2021-06-17,5.54,5.54,5.49,5.49,37625862.0,211531051.0,27328695140.999996,0.00137678955419835
342,2021-06-18,5.48,5.49,5.43,5.45,45124534.0,250912281.0,27328695140.999996,0.0016511777736618577
343,2021-06-21,5.43,5.45,5.34,5.38,87169955.0,478776950.0,27328695140.999996,0.0031896859528145888
344,2021-06-22,5.38,5.41,5.26,5.29,85312810.0,462749324.0,27328695140.999996,0.003121730092118781
345,2021-06-23,5.29,5.32,5.24,5.26,77519432.0,416416885.0,27328695140.999996,0.002836558115930721
346,2021-06-24,5.25,5.29,5.24,5.27,67794147.0,363651156.0,27328695140.999996,0.0024806946197109695
347,2021-06-25,5.28,5.34,5.26,5.33,61929747.0,334718771.0,27328695140.999996,0.0022661069868312018
348,2021-06-28,5.33,5.34,5.21,5.23,90522082.0,484768475.0,27328695140.999996,0.003312345559601704
349,2021-06-29,5.23,5.24,5.15,5.19,70033087.0,369512547.0,27328695140.999996,0.002562620960813184
350,2021-06-30,5.19,5.22,5.17,5.19,35225609.0,186210770.0,27328695140.999996,0.0012889605163457886
351,2021-07-01,5.2,5.21,5.16,5.16,42952508.0,226961532.0,27328695140.999996,0.001571699921214325
352,2021-07-02,5.16,5.19,5.13,5.15,43215937.0,227024955.0,27328695140.999996,0.0015813392032452036
353,2021-07-05,5.16,5.18,5.03,5.07,71528578.0,371959397.0,27328695140.999996,0.002617343332016205
354,2021-07-06,5.08,5.11,5.04,5.1,61220763.0,316750101.0,27328695140.999996,0.002240164145567026
355,2021-07-07,5.09,5.12,5.06,5.1,39541567.0,205060088.0,27328695140.999996,0.0014468882175306492
356,2021-07-08,5.11,5.17,5.07,5.17,52998915.0,277826966.0,27328695140.999996,0.001939313777205855
357,2021-07-09,5.16,5.22,5.14,5.15,42648447.0,224899890.0,27328695140.999996,0.0015605738503049302
358,2021-07-12,5.16,5.21,5.15,5.17,42989806.0,227007057.0,27328695140.999996,0.0015730647137815355
359,2021-07-13,5.16,5.18,5.12,5.16,30899609.0,162179368.0,27328695140.999996,0.0011306653625640078
360,2021-07-14,5.16,5.17,5.08,5.1,38330667.0,200021727.0,27328695140.999996,0.0014025794792702799
361,2021-07-15,5.1,5.13,5.08,5.13,28559093.0,148839862.0,27328695140.999996,0.001045022195631803
362,2021-07-16,5.11,5.14,5.09,5.11,27061818.0,141021471.0,27328695140.999996,0.000990234545058845
363,2021-07-19,5.11,5.13,5.06,5.12,40215769.0,208623193.0,27328695140.999996,0.001471558330630507
364,2021-07-20,5.09,5.12,5.08,5.11,22194463.0,115380865.0,27328695140.999996,0.0008121303591514202
365,2021-07-21,5.1,5.13,5.04,5.06,54642688.0,282668515.0,27328695140.999996,0.0019994620203443985
366,2021-07-22,5.07,5.09,5.05,5.07,24898384.0,128808377.0,27328695140.999996,0.0009110710874243713
367,2021-07-23,5.07,5.08,5.04,5.06,27054577.0,139420948.0,27328695140.999996,0.0009899695854637147
368,2021-07-26,5.06,5.07,4.97,4.98,62571961.0,319825390.0,27328695140.999996,0.002289606608627506
369,2021-07-27,4.98,5.01,4.84,4.86,70232184.0,352049872.0,27328695140.999996,0.0025699062336362287
370,2021-07-28,4.85,4.91,4.8,4.81,65958754.0,325470964.0,27328695140.999996,0.0024135346989562294
371,2021-07-29,4.81,4.83,4.77,4.81,43658548.0,213323593.0,27328695140.999996,0.0015975350368814744
372,2021-07-30,4.81,4.81,4.73,4.75,47898438.0,230314597.0,27328695140.999996,0.001752679290133401
373,2021-08-02,4.71,4.71,4.59,4.67,90674935.0,426352114.0,27328695140.999996,0.003317938691626902
374,2021-08-03,4.66,4.66,4.58,4.6,70920601.0,331665368.0,27328695140.999996,0.0025950964959758015
375,2021-08-04,4.6,4.61,4.46,4.49,96502457.0,441178538.0,27328695140.999996,0.003531176900400991
376,2021-08-05,4.48,4.58,4.46,4.51,63135862.0,289186070.0,27328695140.999996,0.002310240634404829
377,2021-08-06,4.52,4.52,4.44,4.45,42528749.0,192343365.0,27328695140.999996,0.0015561939119514
378,2021-08-09,4.44,4.52,4.4,4.5,48420254.0,219863669.0,27328695140.999996,0.0017717733594736216
379,2021-08-10,4.5,4.53,4.47,4.52,30865120.0,140704566.0,27328695140.999996,0.0011294033557311877
380,2021-08-11,4.52,4.58,4.5,4.54,40805341.0,187957426.0,27328695140.999996,0.001493131698731624
381,2021-08-12,4.54,4.55,4.47,4.48,36257837.0,165144443.0,27328695140.999996,0.001326731364704055
382,2021-08-13,4.47,4.5,4.45,4.46,25742432.0,116617061.0,27328695140.999996,0.0009419561331847052
383,2021-08-16,4.48,4.54,4.47,4.5,32588290.0,148800242.0,27328695140.999996,0.0011924568601560956
384,2021-08-17,4.5,4.56,4.48,4.52,53411630.0,244644917.0,27328695140.999996,0.001954415669113633
385,2021-08-18,4.5,4.51,4.46,4.5,42863374.0,194662885.0,27328695140.999996,0.0015684383677614388
386,2021-08-19,4.49,4.49,4.41,4.41,63797351.0,287040475.0,27328695140.999996,0.0023344455588107365
387,2021-08-20,4.42,4.43,4.33,4.35,59156458.0,261169437.0,27328695140.999996,0.00216462797417833
388,2021-08-23,4.35,4.44,4.35,4.42,49301548.0,219538347.0,27328695140.999996,0.001804021295039262
389,2021-08-24,4.42,4.44,4.4,4.41,38255112.0,170899123.0,27328695140.999996,0.00139981480281536
390,2021-08-25,4.41,4.56,4.4,4.54,86519194.0,394846821.0,27328695140.999996,0.0031658735828261043
391,2021-08-26,4.52,4.59,4.51,4.51,43774800.0,201340670.0,27328695140.999996,0.0016017888806672904
392,2021-08-27,4.51,4.57,4.49,4.55,40857336.0,187374766.0,27328695140.999996,0.0014950342776777366
393,2021-08-30,4.55,4.55,4.45,4.48,46491686.0,211333290.0,27328695140.999996,0.0017012040187111108
394,2021-08-31,4.56,4.71,4.55,4.69,144557772.0,680843084.0,27328695140.999996,0.005289596567057699
395,2021-09-01,4.69,4.86,4.68,4.83,134385947.0,652057720.0,27328695140.999996,0.0049173934689032
396,2021-09-02,4.82,4.88,4.73,4.83,85056852.0,413777988.0,27328695140.999996,0.0031123641857453005
397,2021-09-03,4.83,4.84,4.76,4.81,75827430.0,368230631.0,27328695140.999996,0.0027746450977178035
398,2021-09-06,4.79,4.82,4.78,4.79,62176738.0,302168463.0,27328695140.999996,0.0022751447765509696
399,2021-09-07,4.8,4.85,4.76,4.82,63020793.0,306263835.0,27328695140.999996,0.002306030078452329
400,2021-09-08,4.83,4.85,4.78,4.81,58567742.0,285381420.0,27328695140.999996,0.002143085928465479
401,2021-09-09,4.8,4.98,4.79,4.97,99792728.0,493997923.0,27328695140.999996,0.0036515730987201622
402,2021-09-10,4.94,5.04,4.94,4.95,94480850.0,476826410.0,27328695140.999996,0.00345720311608492
403,2021-09-13,4.9,4.95,4.87,4.88,55948322.0,277472279.0,27328695140.999996,0.0020472372248780835
404,2021-09-14,4.87,4.9,4.71,4.72,74622194.0,362569140.0,27328695140.999996,0.0027305436141386685
405,2021-09-15,4.71,4.79,4.7,4.76,37463633.0,180432313.0,27328695140.999996,0.001370853339565233
406,2021-09-16,4.75,4.79,4.71,4.74,46506486.0,223201916.0,27328695140.999996,0.001701745574022246
407,2021-09-17,4.74,4.77,4.7,4.76,31588424.0,151094324.0,27328695140.999996,0.0011558701883504611
408,2021-09-22,4.72,4.75,4.66,4.67,40076594.0,190248389.0,27328695140.999996,0.001466465698169208
409,2021-09-23,4.7,4.78,4.69,4.73,41133534.0,196961957.0,27328695140.999996,0.0015051407975307696
410,2021-09-24,4.75,4.78,4.7,4.75,37002350.0,177950542.0,27328695140.999996,0.0013539742680391301
411,2021-09-27,4.72,4.75,4.65,4.66,43674105.0,207364393.0,27328695140.999996,0.0015981042920149425
412,2021-09-28,4.67,4.73,4.66,4.73,26473644.0,126311280.0,27328695140.999996,0.0009687123319796852
413,2021-09-29,4.71,4.73,4.63,4.71,40346828.0,191273089.0,27328695140.999996,0.0014763539858684833
414,2021-09-30,4.71,4.72,4.66,4.7,33265109.0,158070108.0,27328695140.999996,0.0012172227334079288
415,2021-10-08,4.74,4.91,4.74,4.89,92783624.0,455723345.0,27328695140.999996,0.003395098943483802
416,2021-10-11,4.87,5.0,4.85,4.95,72408253.0,362781602.0,27328695140.999996,0.002649532025821796
417,2021-10-12,4.95,4.95,4.84,4.89,51705473.0,255525327.0,27328695140.999996,0.001891984697155505
418,2021-10-13,4.88,4.91,4.82,4.88,31683073.0,155788311.0,27328695140.999996,0.0011593335443398952
419,2021-10-14,4.88,4.93,4.86,4.87,23057352.0,114051779.0,27328695140.999996,0.0008437048267777742
420,2021-10-15,4.71,4.77,4.66,4.67,79520831.0,378672616.0,27328695140.999996,0.0029097924576976424
421,2021-10-18,4.66,4.67,4.52,4.56,64146741.0,296792125.0,27328695140.999996,0.0023472302892267828
422,2021-10-19,4.55,4.61,4.55,4.59,35897581.0,166620017.0,27328695140.999996,0.0013135490302332252
423,2021-10-20,4.59,4.64,4.57,4.61,27951636.0,130623161.0,27328695140.999996,0.0010227943872104393
424,2021-10-21,4.61,4.65,4.59,4.63,24763699.0,115952215.0,27328695140.999996,0.0009061427511351667
425,2021-10-22,4.64,4.66,4.56,4.58,28555314.0,132923442.0,27328695140.999996,0.0010448839160695882
426,2021-10-25,4.56,4.59,4.52,4.55,24400817.0,112546589.0,27328695140.999996,0.0008928643271881857
427,2021-10-26,4.57,4.58,4.52,4.54,22125542.0,101863581.0,27328695140.999996,0.0008096084312055594
428,2021-10-27,4.53,4.53,4.46,4.5,27595143.0,125500899.0,27328695140.999996,0.0010097497468366232
429,2021-10-28,4.49,4.57,4.47,4.56,28669043.0,131383690.0,27328695140.999996,0.0010490454393114856
430,2021-10-29,4.55,4.57,4.49,4.54,34838093.0,160284691.0,27328695140.999996,0.0012747806955383683
431,2021-11-01,4.54,4.55,4.47,4.5,43871117.0,199951578.0,27328695140.999996,0.0016053132714039524
432,2021-11-02,4.5,4.5,4.35,4.38,102689278.0,457234979.0,27328695140.999996,0.003757562425508562
433,2021-11-03,4.38,4.4,4.36,4.38,28110762.0,124718594.0,27328695140.999996,0.0010286170581860934
434,2021-11-04,4.4,4.42,4.38,4.4,28177612.0,125380028.0,27328695140.999996,0.0010310632049799703
435,2021-11-05,4.4,4.4,4.37,4.39,23249489.0,103112723.0,27328695140.999996,0.0008507354222382851
436,2021-11-08,4.42,4.48,4.41,4.42,38064070.0,171439838.0,27328695140.999996,0.0013928242751295582
437,2021-11-09,4.42,4.48,4.4,4.46,29599608.0,133109261.0,27328695140.999996,0.0010830962783727298
438,2021-11-10,4.45,4.46,4.4,4.42,26465238.0,118282555.0,27328695140.999996,0.0009684047431995906
439,2021-11-11,4.42,4.48,4.41,4.45,27559797.0,124212244.0,27328695140.999996,0.0010084563810239624
440,2021-11-12,4.45,4.51,4.41,4.5,42611339.0,193010066.0,27328695140.999996,0.0015592160101369841
441,2021-11-15,4.48,4.53,4.46,4.52,28973609.0,132111396.0,27328695140.999996,0.001060189988966294
442,2021-11-16,4.51,4.6,4.51,4.59,60965205.0,282168935.0,27328695140.999996,0.0022308128758235764
443,2021-11-17,4.57,4.6,4.55,4.57,26192245.0,121453868.0,27328695140.999996,0.0009584154993446785
444,2021-11-18,4.56,4.57,4.52,4.54,21493914.0,98941104.0,27328695140.999996,0.0007864961678230169
445,2021-11-19,4.52,4.56,4.51,4.55,21075746.0,96816966.0,27328695140.999996,0.0007711947420563457
446,2021-11-22,4.57,4.57,4.52,4.52,18525114.0,85120019.0,27328695140.999996,0.000677863099735326
447,2021-11-23,4.53,4.59,4.53,4.58,24701406.0,114310593.0,27328695140.999996,0.0009038633521489142
448,2021-11-24,4.58,4.58,4.54,4.57,15567543.0,71979764.0,27328695140.999996,0.0005696409184441714
449,2021-11-25,4.56,4.58,4.55,4.56,18050069.0,83443866.0,27328695140.999996,0.0006604804549530176
450,2021-11-26,4.53,4.54,4.49,4.5,24511601.0,111903624.0,27328695140.999996,0.0008969180882414822
451,2021-11-29,4.44,4.49,4.42,4.44,35553558.0,160239390.0,27328695140.999996,0.0013009606868006156
452,2021-11-30,4.43,4.51,4.43,4.46,41601599.0,188433175.0,27328695140.999996,0.0015222680331190427
453,2021-12-01,4.47,4.5,4.45,4.49,21714732.0,98605118.0,27328695140.999996,0.0007945762462483024
454,2021-12-02,4.5,4.52,4.45,4.47,22423668.0,101764437.0,27328695140.999996,0.000820517331116874
455,2021-12-03,4.49,4.52,4.46,4.5,27322870.0,124418423.0,27328695140.999996,0.0009997868489157664
456,2021-12-06,4.5,4.56,4.48,4.52,40494146.0,185826183.0,27328695140.999996,0.001481744583525632
457,2021-12-07,4.53,4.61,4.53,4.59,50676854.0,235349388.0,27328695140.999996,0.0018543459077916904
458,2021-12-08,4.6,4.61,4.55,4.59,33282576.0,154488271.0,27328695140.999996,0.0012178618784497936
459,2021-12-09,4.59,4.67,4.57,4.64,52159659.0,244648041.0,27328695140.999996,0.0019086040782732886
460,2021-12-10,4.64,4.69,4.63,4.69,57222718.0,270219012.0,27328695140.999996,0.0020938693817895227
461,2021-12-13,4.68,4.7,4.59,4.6,49179861.0,230796914.0,27328695140.999996,0.0017995685760429042
462,2021-12-14,4.58,4.59,4.56,4.58,24204957.0,112097764.0,27328695140.999996,0.0008856975012936642
463,2021-12-15,4.57,4.58,4.55,4.55,25922410.0,119734337.0,27328695140.999996,0.0009485418116838586
464,2021-12-16,4.55,4.6,4.55,4.6,23716244.0,110082646.0,27328695140.999996,0.0008678147228632076
465,2021-12-17,4.59,4.62,4.58,4.61,32175589.0,150075462.0,27328695140.999996,0.0011773554805303687
466,2021-12-20,4.59,4.65,4.58,4.61,35930202.0,168321997.0,27328695140.999996,0.0013147426840038022
467,2021-12-21,4.61,4.67,4.6,4.64,30323992.0,142714023.0,27328695140.999996,0.0011096026298930862
468,2021-12-22,4.65,4.69,4.61,4.64,32206900.0,151549470.0,27328695140.999996,0.001178501199337595
469,2021-12-23,4.65,4.68,4.62,4.67,31141654.0,146855946.0,27328695140.999996,0.0011395221703534464
470,2021-12-24,4.67,4.68,4.62,4.63,21943409.0,102980424.0,27328695140.999996,0.0008029438978621158
471,2021-12-27,4.63,4.68,4.62,4.67,24338963.0,114876837.0,27328695140.999996,0.0008906009919033917
472,2021-12-28,4.67,4.69,4.65,4.68,25976197.0,122997615.0,27328695140.999996,0.0009505099627325087
473,2021-12-29,4.67,4.8,4.64,4.78,87353802.0,420989395.0,27328695140.999996,0.003196413204117714
474,2021-12-30,4.79,4.79,4.74,4.78,41492591.0,200394473.0,27328695140.999996,0.0015182792587030822
475,2021-12-31,4.78,4.79,4.73,4.77,35030145.0,169231624.0,27328695140.999996,0.0012818081807149976
476,2022-01-04,4.75,4.86,4.74,4.84,58454697.0,284880605.0,27328695140.999996,0.002138949433860934
477,2022-01-05,4.84,4.95,4.8,4.84,88343555.0,436220382.0,27328695140.999996,0.0032326298253245976
478,2022-01-06,4.84,4.86,4.78,4.8,47872380.0,232937439.0,27328695140.999996,0.0017517257868700526
479,2022-01-07,4.8,4.9,4.8,4.87,61337857.0,302160310.0,27328695140.999996,0.0022444487994590567
480,2022-01-10,4.84,4.91,4.77,4.9,51979964.0,255036246.0,27328695140.999996,0.001902028755189882
481,2022-01-11,4.87,4.93,4.84,4.88,41895342.0,207582437.0,27328695140.999996,0.001533016552156796
482,2022-01-12,4.87,4.88,4.8,4.84,58490098.0,286253386.0,27328695140.999996,0.002140244812210224
483,2022-01-13,4.83,4.95,4.81,4.9,71450876.0,355888397.0,27328695140.999996,0.002614500093449596
484,2022-01-14,4.89,4.91,4.78,4.8,51782258.0,253810305.0,27328695140.999996,0.001894794381247769
485,2022-01-17,4.79,4.82,4.76,4.78,26338170.0,127785953.0,27328695140.999996,0.0009637551249377451
486,2022-01-18,4.77,4.86,4.76,4.83,36079576.0,175534463.0,27328695140.999996,0.0013202085139393082
487,2022-01-19,4.84,4.87,4.79,4.85,41083782.0,201050177.0,27328695140.999996,0.0015033202934875538
488,2022-01-20,4.86,4.94,4.84,4.91,61668385.0,306349852.0,27328695140.999996,0.0022565433395860066
489,2022-01-21,4.89,4.96,4.88,4.91,73728762.0,367605905.0,27328695140.999996,0.0026978515300347472
490,2022-01-24,4.9,4.95,4.83,4.91,45867524.0,227898539.0,27328695140.999996,0.001678364948028091
491,2022-01-25,4.89,4.99,4.87,4.88,80457582.0,402988045.0,27328695140.999996,0.002944069652242311
492,2022-01-26,4.88,4.93,4.79,4.9,47166822.0,232404119.0,27328695140.999996,0.00172590830834209
493,2022-01-27,4.87,4.94,4.85,4.9,48948668.0,242442814.0,27328695140.999996,0.001791108860026198
494,2022-01-28,4.9,5.07,4.87,4.99,106502235.0,537739572.0,27328695140.999996,0.0038970845278382704
495,2022-02-07,5.03,5.15,5.0,5.13,87723203.0,451605947.0,27328695140.999996,0.00320993016854262
496,2022-02-08,5.15,5.27,5.1,5.23,105237473.0,554140965.0,27328695140.999996,0.00385080489416112
497,2022-02-09,5.23,5.26,5.17,5.21,79751888.0,421798463.0,27328695140.999996,0.0029182471972601385
498,2022-02-10,5.21,5.41,5.2,5.39,140485936.0,760951452.0,27328695140.999996,0.005140601674363711
499,2022-02-11,5.36,5.42,5.25,5.28,88800541.0,477510233.0,27328695140.999996,0.003249351662852596
500,2022-02-14,5.26,5.34,5.15,5.23,115975181.0,613976632.0,27328695140.999996,0.004243714542594744
501,2022-02-15,5.21,5.26,5.2,5.22,42262131.0,223565058.0,27328695140.999996,0.001546437939387602
502,2022-02-16,5.23,5.35,5.22,5.32,73531571.0,395338054.0,27328695140.999996,0.0026906360007537987
503,2022-02-17,5.32,5.35,5.24,5.33,61181839.0,329656517.0,27328695140.999996,0.002238739855098741
504,2022-02-18,5.29,5.4,5.29,5.37,53755608.0,292002945.0,27328695140.999996,0.0019670023659253645
505,2022-02-21,5.36,5.39,5.33,5.37,42008709.0,228486935.0,27328695140.999996,0.0015371648292485157
506,2022-02-22,5.33,5.34,5.2,5.27,62777803.0,334437104.0,27328695140.999996,0.002297138691624443
507,2022-02-23,5.27,5.3,5.22,5.23,55725553.0,296721090.0,27328695140.999996,0.0020390857562898232
508,2022-02-24,5.24,5.24,5.04,5.07,87097242.0,450783442.0,27328695140.999996,0.0031870252696160374
509,2022-02-25,5.12,5.15,5.0,5.04,65924303.0,337126544.0,27328695140.999996,0.002412274082603262
510,2022-02-28,5.03,5.1,4.95,5.1,60371126.0,307565551.0,27328695140.999996,0.0022090745894935886
511,2022-03-01,5.08,5.13,4.99,5.04,49290373.0,251970560.0,27328695140.999996,0.00180361238418778
512,2022-03-02,5.01,5.13,5.0,5.06,44153672.0,225570529.0,27328695140.999996,0.0016156524038997478
513,2022-03-03,5.07,5.2,5.06,5.17,58915886.0,306949528.0,27328695140.999996,0.0021558250657789796
514,2022-03-04,5.17,5.22,5.11,5.15,47706910.0,249214120.0,27328695140.999996,0.001745670978942112
515,2022-03-07,5.1,5.12,4.96,4.99,54981971.0,279796826.0,27328695140.999996,0.0020118769197111446
516,2022-03-08,4.99,5.07,4.94,4.98,57662160.0,291982517.0,27328695140.999996,0.0021099492567243756
517,2022-03-09,4.99,5.02,4.71,4.86,72055913.0,355666415.0,27328695140.999996,0.0026366393502592735
518,2022-03-10,4.95,5.01,4.89,4.92,56116403.0,281951780.0,27328695140.999996,0.0020533875734085496
519,2022-03-11,4.89,5.0,4.78,4.99,44182602.0,217834522.0,27328695140.999996,0.0016167109981667165
520,2022-03-14,4.9,4.93,4.79,4.79,48425569.0,237969565.0,27328695140.999996,0.001771967843695154
521,2022-03-15,4.78,4.79,4.45,4.47,76314196.0,355293180.0,27328695140.999996,0.002792456632351586
522,2022-03-16,4.59,4.77,4.52,4.73,99809603.0,471346232.0,27328695140.999996,0.0036521905815495815
523,2022-03-17,4.8,4.82,4.7,4.74,69332161.0,333846989.0,27328695140.999996,0.0025369729744609765
524,2022-03-18,4.74,4.91,4.71,4.87,158349121.0,779580572.0,27328695140.999996,0.005794243749400096
525,2022-03-21,4.85,4.87,4.7,4.75,67649097.0,326760950.0,27328695140.999996,0.002475387011746095
526,2022-03-22,4.99,5.07,4.79,4.83,182151967.0,909167840.0,27328695140.999996,0.006665227375848095
527,2022-03-23,4.78,4.78,4.68,4.72,77649373.0,371306987.0,27328695140.999996,0.0028413128617877617
528,2022-03-24,4.67,4.72,4.64,4.68,35434405.0,167767065.0,27328695140.999996,0.0012966006908555021
529,2022-03-25,4.67,4.69,4.61,4.62,41090686.0,193243633.0,27328695140.999996,0.0015035729217218834
530,2022-03-28,4.56,4.69,4.51,4.65,54806049.0,256405665.0,27328695140.999996,0.0020054396566405023
531,2022-03-29,4.65,4.71,4.64,4.67,28271991.0,133826430.0,27328695140.999996,0.0010345166812441337
532,2022-03-30,4.7,4.75,4.64,4.72,49548700.0,236108791.0,27328695140.999996,0.0018130649760026171
533,2022-03-31,4.69,4.77,4.69,4.72,31740896.0,151720547.0,27328695140.999996,0.001161449378985555
534,2022-04-01,4.69,4.88,4.69,4.85,70500497.0,345142696.0,27328695140.999996,0.002579724228919782
535,2022-04-06,4.8,4.94,4.78,4.92,56807619.0,281231898.0,27328695140.999996,0.002078680255566762
536,2022-04-07,4.93,4.94,4.84,4.86,46438704.0,230172630.0,27328695140.999996,0.0016992653238803973
537,2022-04-08,4.86,4.94,4.8,4.93,50041500.0,247966631.0,27328695140.999996,0.0018310973042004123
538,2022-04-11,4.94,4.95,4.79,4.81,53525686.0,262910165.0,27328695140.999996,0.0019585891578005805
539,2022-04-12,4.89,5.03,4.81,5.01,95466301.0,476289809.0,27328695140.999996,0.003493262320335824
540,2022-04-13,4.96,5.03,4.92,4.94,43231826.0,217785611.0,27328695140.999996,0.001581920606781597
541,2022-04-14,4.93,4.97,4.89,4.9,27436090.0,136583638.0,27328695140.999996,0.0010039297470459496
542,2022-04-15,4.88,4.95,4.86,4.87,42809961.0,212251839.0,27328695140.999996,0.0015664839019618674
543,2022-04-18,4.86,4.87,4.8,4.83,20461038.0,100073829.0,27328695140.999996,0.0007487016081241009
544,2022-04-19,4.81,4.85,4.78,4.82,26363270.0,128582867.0,27328695140.999996,0.0009646735734721701
545,2022-04-20,4.82,4.99,4.8,4.94,58479317.0,290962368.0,27328695140.999996,0.0021398503184393222
546,2022-04-21,4.91,4.94,4.78,4.83,50698455.0,249732129.0,27328695140.999996,0.0018551363224049223
547,2022-04-22,4.78,4.87,4.71,4.83,36220408.0,176387001.0,27328695140.999996,0.0013253617786405094
548,2022-04-25,4.74,4.85,4.65,4.66,59122750.0,285141604.0,27328695140.999996,0.002163394545365645
549,2022-04-26,4.67,4.74,4.57,4.59,48354536.0,227433360.0,27328695140.999996,0.0017693686343427312
550,2022-04-27,4.61,4.67,4.58,4.62,53523948.0,250481494.0,27328695140.999996,0.001958525561643097
551,2022-04-28,4.61,4.62,4.45,4.5,89498233.0,408568020.0,27328695140.999996,0.003274881312051005
552,2022-04-29,4.5,4.6,4.37,4.53,98362749.0,445011123.0,27328695140.999996,0.0035992479147835656
553,2022-05-05,4.51,4.57,4.47,4.48,54261537.0,247583395.0,27328695140.999996,0.001985515104912341
554,2022-05-06,4.44,4.44,4.35,4.38,57831357.0,257081883.0,27328695140.999996,0.0021161404414526274
555,2022-05-09,4.35,4.39,4.33,4.37,39368508.0,173636048.0,27328695140.999996,0.0014405557161394516
556,2022-05-10,4.34,4.41,4.29,4.37,53504122.0,235472879.0,27328695140.999996,0.0019578000970756266
557,2022-05-11,4.3,4.47,4.29,4.42,74473101.0,332205026.0,27328695140.999996,0.002725088066435759
558,2022-05-12,4.4,4.46,4.38,4.43,37834524.0,169806122.0,27328695140.999996,0.0013844248254370032
559,2022-05-13,4.46,4.48,4.4,4.44,36550741.0,164105412.0,27328695140.999996,0.0013374491834103192
560,2022-05-16,4.44,4.51,4.4,4.47,54017223.0,243529917.0,27328695140.999996,0.001976575270839054
561,2022-05-17,4.48,4.49,4.44,4.47,22065365.0,99797494.0,27328695140.999996,0.0008074064599921691
562,2022-05-18,4.44,4.48,4.42,4.45,26214862.0,117937143.0,27328695140.999996,0.0009592430909981881
563,2022-05-19,4.41,4.44,4.4,4.44,32268786.0,144273825.0,27328695140.999996,0.0011807657055527914
564,2022-05-20,4.46,4.63,4.44,4.61,85120071.0,393505629.0,27328695140.999996,0.003114677468530074
565,2022-05-23,4.63,4.63,4.53,4.56,40143742.0,185274229.0,27328695140.999996,0.001468922749252458
566,2022-05-24,4.53,4.56,4.46,4.47,52569882.0,239600698.0,27328695140.999996,0.0019236147839759756
567,2022-05-25,4.49,4.55,4.45,4.53,35918002.0,164350480.0,27328695140.999996,0.0013142962667878665
568,2022-05-26,4.55,4.68,4.54,4.67,52643850.0,246194081.0,27328695140.999996,0.0019263213896012486
569,2022-05-27,4.73,4.75,4.65,4.69,49329885.0,234775844.0,27328695140.999996,0.0018050581905022104
570,2022-05-30,4.76,4.8,4.69,4.75,35534450.0,170233543.0,27328695140.999996,0.00130026149498405
571,2022-05-31,4.74,4.81,4.7,4.81,71218101.0,345081452.0,27328695140.999996,0.002605982489561118
572,2022-06-01,4.78,4.79,4.63,4.64,56755896.0,269141352.0,27328695140.999996,0.00207678762952907
573,2022-06-02,4.61,4.64,4.53,4.59,62966387.0,291471607.0,27328695140.999996,0.0023040392772187062
574,2022-06-06,4.59,4.59,4.49,4.55,77790516.0,356211279.0,27328695140.999996,0.002846477506468812
575,2022-06-07,4.53,4.54,4.48,4.52,56416225.0,257667781.0,27328695140.999996,0.0020643585326311944
576,2022-06-08,4.52,4.58,4.5,4.58,54298415.0,249844397.0,27328695140.999996,0.0019868645290180196
577,2022-06-09,4.54,4.61,4.54,4.58,54248700.0,251380237.0,27328695140.999996,0.001985045378863082
578,2022-06-10,4.55,4.67,4.53,4.65,58784366.0,274329519.0,27328695140.999996,0.002151012541824893
579,2022-06-13,4.6,4.63,4.54,4.56,54463575.0,252028659.0,27328695140.999996,0.0019929079935576866
580,2022-06-14,4.54,4.62,4.48,4.62,53419151.0,245694015.0,27328695140.999996,0.0019546908743497847
581,2022-06-15,4.59,4.71,4.58,4.63,77753893.0,366775960.0,27328695140.999996,0.002845137413214778
582,2022-06-16,4.64,4.68,4.59,4.6,51467371.0,241404456.0,27328695140.999996,0.001883272169946594
583,2022-06-17,4.58,4.66,4.57,4.63,49335083.0,231260526.0,27328695140.999996,0.001805248393509459
584,2022-06-20,4.64,4.65,4.59,4.63,45454931.0,212768436.0,27328695140.999996,0.0016632675202924723
585,2022-06-21,4.64,4.76,4.62,4.7,65378102.0,311919777.0,27328695140.999996,0.002392287727704797
586,2022-06-22,4.71,4.74,4.67,4.68,36694284.0,174807544.0,27328695140.999996,0.001342701647871553
587,2022-06-23,4.71,4.74,4.68,4.73,36686914.0,175198810.0,27328695140.999996,0.0013424319679632378
588,2022-06-24,4.76,4.84,4.72,4.83,56570325.0,274069514.0,27328695140.999996,0.002069997294350513
589,2022-06-27,4.82,4.87,4.77,4.79,49058828.0,239138036.0,27328695140.999996,0.0017951397879366468
590,2022-06-28,4.8,4.88,4.75,4.86,62470312.0,304259254.0,27328695140.999996,0.002285887111612535
591,2022-06-29,4.86,5.03,4.84,4.93,111702112.0,558784463.0,27328695140.999996,0.004087356217473348
592,2022-06-30,4.97,5.04,4.94,4.96,78594997.0,396703925.0,27328695140.999996,0.002875914733378086
593,2022-07-01,4.96,4.97,4.82,4.84,56094328.0,275952508.0,27328695140.999996,0.0020525798143887315
594,2022-07-04,4.85,4.88,4.79,4.84,38147910.0,186858885.0,27328695140.999996,0.0013958921127839882
595,2022-07-05,4.83,4.89,4.83,4.88,36649840.0,180499673.0,27328695140.999996,0.0013410753719088444
596,2022-07-06,4.85,4.86,4.73,4.77,69985160.0,338576023.0,27328695140.999996,0.002560867236394483
597,2022-07-07,4.77,4.85,4.77,4.78,28985119.0,141156000.0,27328695140.999996,0.0010606111579954268
598,2022-07-08,4.83,4.84,4.78,4.8,25629558.0,124631632.0,27328695140.999996,0.0009378258957394984
599,2022-07-11,4.76,4.77,4.7,4.72,37222971.0,178190731.0,27328695140.999996,0.0013620471379241256
600,2022-07-12,4.71,4.74,4.69,4.71,38915000.0,185844851.0,27328695140.999996,0.00142396114410957
601,2022-07-13,4.72,4.81,4.71,4.78,37296101.0,180104123.0,27328695140.999996,0.001364723079809484
602,2022-07-14,4.79,4.88,4.73,4.86,42730940.0,208674599.0,27328695140.999996,0.0015635923991077318
603,2022-07-15,4.76,4.8,4.64,4.67,59885555.0,286569692.0,27328695140.999996,0.002191306781792023
604,2022-07-18,4.65,4.72,4.64,4.67,49238599.0,233051641.0,27328695140.999996,0.0018017178919797591
605,2022-07-19,4.65,4.69,4.61,4.65,37230633.0,175029414.0,27328695140.999996,0.001362327502572363
606,2022-07-20,4.67,4.71,4.64,4.67,32873000.0,155591806.0,27328695140.999996,0.0012028748474961813
607,2022-07-21,4.65,4.71,4.63,4.65,37114274.0,175333600.0,27328695140.999996,0.001358069743488014
608,2022-07-22,4.65,4.69,4.62,4.67,24141578.0,113785839.0,27328695140.999996,0.0008833783638568784
609,2022-07-25,4.65,4.68,4.62,4.64,23355877.0,109796988.0,27328695140.999996,0.0008546283267275444
610,2022-07-26,4.66,4.73,4.65,4.72,31601065.0,150369949.0,27328695140.999996,0.0011563327424510058
611,2022-07-27,4.72,4.77,4.7,4.76,32297401.0,155053817.0,27328695140.999996,0.0011818127734736109
612,2022-07-28,4.76,4.77,4.68,4.7,48150964.0,230759863.0,27328695140.999996,0.0017619196142212184
613,2022-07-29,4.72,4.74,4.61,4.64,44480299.0,207909355.0,27328695140.999996,0.0016276042002923233
614,2022-08-01,4.64,4.65,4.55,4.55,53410866.0,245212529.0,27328695140.999996,0.0019543877131502746
615,2022-08-02,4.53,4.59,4.46,4.5,56202429.0,253180841.0,27328695140.999996,0.002056535400246097
616,2022-08-03,4.49,4.56,4.43,4.44,38638792.0,173574538.0,27328695140.999996,0.0014138542583407862
617,2022-08-04,4.47,4.52,4.45,4.51,26832139.0,120749308.0,27328695140.999996,0.000981830228686805
618,2022-08-05,4.53,4.55,4.49,4.54,23103355.0,104583184.0,27328695140.999996,0.0008453881490060273
619,2022-08-08,4.55,4.56,4.51,4.52,16448155.0,74631430.0,27328695140.999996,0.0006018638985556095
620,2022-08-09,4.51,4.52,4.49,4.49,20834463.0,93946600.0,27328695140.999996,0.0007623658170471156
621,2022-08-10,4.49,4.51,4.47,4.48,18969864.0,85312520.0,27328695140.999996,0.000694137202750686
622,2022-08-11,4.49,4.59,4.48,4.58,32932198.0,149732132.0,27328695140.999996,0.0012050409955575714
623,2022-08-12,4.58,4.61,4.55,4.61,27655724.0,126970843.0,27328695140.999996,0.0010119665010463444
624,2022-08-15,4.59,4.63,4.52,4.54,47764207.0,218414651.0,27328695140.999996,0.0017477675664192812
625,2022-08-16,4.54,4.6,4.52,4.54,40590564.0,185436986.0,27328695140.999996,0.0014852726700113766
626,2022-08-17,4.55,4.6,4.51,4.59,30674662.0,140173968.0,27328695140.999996,0.0011224341975252306
627,2022-08-18,4.58,4.59,4.52,4.54,19842345.0,90368170.0,27328695140.999996,0.0007260626567651755
628,2022-08-19,4.52,4.57,4.52,4.56,32913556.0,150007032.0,27328695140.999996,0.0012043588554149917
629,2022-08-22,4.54,4.58,4.52,4.56,23801737.0,108542219.0,27328695140.999996,0.0008709430463912395
630,2022-08-23,4.54,4.55,4.51,4.53,22928448.0,104047889.0,27328695140.999996,0.0008389880263840879
631,2022-08-24,4.53,4.55,4.48,4.5,28462910.0,128903644.0,27328695140.999996,0.0010415027081662012
632,2022-08-25,4.51,4.57,4.48,4.56,26511727.0,120148368.0,27328695140.999996,0.000970105848933331
633,2022-08-26,4.55,4.57,4.54,4.55,25422446.0,115967903.0,27328695140.999996,0.0009302473414422141
634,2022-08-29,4.52,4.53,4.49,4.52,24276941.0,109735994.0,27328695140.999996,0.0008883315092339851
635,2022-08-30,4.52,4.59,4.5,4.55,28118886.0,128033893.0,27328695140.999996,0.0010289143281420165
636,2022-08-31,4.54,4.63,4.52,4.62,63696852.0,292915549.0,27328695140.999996,0.002330768142107104
637,2022-09-01,4.59,4.61,4.5,4.5,38645426.0,176134748.0,27328695140.999996,0.0014140970068498451
638,2022-09-02,4.51,4.52,4.44,4.46,42224182.0,189446313.0,27328695140.999996,0.0015450493257050163
639,2022-09-05,4.45,4.49,4.41,4.46,41820607.0,185663743.0,27328695140.999996,0.0015302818807934394
640,2022-09-06,4.46,4.49,4.43,4.46,50578286.0,225522593.0,27328695140.999996,0.001850739149419531
641,2022-09-07,4.45,4.46,4.43,4.44,23571334.0,104916451.0,27328695140.999996,0.0008625122377188438
642,2022-09-08,4.45,4.49,4.43,4.46,41422027.0,185584909.0,27328695140.999996,0.0015156972107993705
643,2022-09-09,4.48,4.61,4.46,4.59,76577296.0,349443659.0,27328695140.999996,0.002802083875754264
644,2022-09-13,4.57,4.67,4.57,4.65,64710663.0,300951707.0,27328695140.999996,0.002367865083427183
645,2022-09-14,4.61,4.69,4.6,4.65,50658622.0,236259929.0,27328695140.999996,0.0018536787701948923
646,2022-09-15,4.66,4.7,4.63,4.65,48485608.0,226778416.0,27328695140.999996,0.0017741647652711838
647,2022-09-16,4.65,4.66,4.55,4.55,54392438.0,249879951.0,27328695140.999996,0.001990304978681456
648,2022-09-19,4.57,4.6,4.52,4.55,33895950.0,154687060.0,27328695140.999996,0.001240306199220886
649,2022-09-20,4.55,4.59,4.45,4.48,59827890.0,269528779.0,27328695140.999996,0.0021891967286152255
650,2022-09-21,4.47,4.52,4.44,4.48,31457899.0,141029104.0,27328695140.999996,0.0011510940730135757
651,2022-09-22,4.46,4.48,4.43,4.44,37709670.0,168095923.0,27328695140.999996,0.0013798562209223777
652,2022-09-23,4.44,4.47,4.43,4.45,27817384.0,123871443.0,27328695140.999996,0.001017881895073243
653,2022-09-26,4.42,4.5,4.42,4.44,32890116.0,147098383.0,27328695140.999996,0.001203501148895194
654,2022-09-27,4.44,4.61,4.43,4.59,59193510.0,268887028.0,27328695140.999996,0.002165983765218072
655,2022-09-28,4.56,4.62,4.55,4.6,65458263.0,300920478.0,27328695140.999996,0.0023952209449545196
656,2022-09-29,4.63,4.63,4.49,4.54,42159583.0,192168865.0,27328695140.999996,0.001542685546546637
657,2022-09-30,4.55,4.56,4.5,4.51,24192264.0,109690024.0,27328695140.999996,0.0008852330444312158
658,2022-10-10,4.52,4.58,4.48,4.53,44086248.0,201008829.0,27328695140.999996,0.0016131852535417766
659,2022-10-11,4.55,4.55,4.45,4.47,47086651.0,211489815.0,27328695140.999996,0.0017229747251766164
660,2022-10-12,4.46,4.48,4.42,4.47,40137310.0,178755093.0,27328695140.999996,0.0014686873922415645
661,2022-10-13,4.45,4.48,4.43,4.45,23231400.0,103660730.0,27328695140.999996,0.0008500735172367227
662,2022-10-14,4.47,4.52,4.46,4.46,35863986.0,161011653.0,27328695140.999996,0.0013123197362685237
663,2022-10-17,4.47,4.57,4.44,4.53,71015212.0,322586466.0,27328695140.999996,0.0025985584614853824
664,2022-10-18,4.55,4.59,4.48,4.49,38856694.0,175760708.0,27328695140.999996,0.0014218276357331483
665,2022-10-19,4.48,4.6,4.47,4.51,57179287.0,260437604.0,27328695140.999996,0.002092280173092367
666,2022-10-20,4.5,4.59,4.48,4.56,39897748.0,181757442.0,27328695140.999996,0.0014599214413330414
667,2022-10-21,4.54,4.6,4.52,4.52,27474773.0,125339731.0,27328695140.999996,0.0010053452189446414
668,2022-10-24,4.51,4.56,4.33,4.33,85300764.0,378820331.0,27328695140.999996,0.003121289310005407
669,2022-10-25,4.39,4.44,4.32,4.39,50172025.0,220056398.0,27328695140.999996,0.001835873419537298
670,2022-10-26,4.39,4.46,4.38,4.42,31772388.0,140701731.0,27328695140.999996,0.0011626017208678703
671,2022-10-27,4.42,4.51,4.41,4.46,38660830.0,173536448.0,27328695140.999996,0.0014146606634723264
672,2022-10-28,4.48,4.51,4.39,4.45,40101205.0,179552301.0,27328695140.999996,0.0014673662534234204
673,2022-10-31,4.39,4.49,4.38,4.45,47250081.0,209910662.0,27328695140.999996,0.0017289548862914005
674,2022-11-01,4.48,4.68,4.44,4.67,96564269.0,443007249.0,27328695140.999996,0.003533438698839632
675,2022-11-02,4.64,4.79,4.61,4.77,93696207.0,443701967.0,27328695140.999996,0.003428491792842017
676,2022-11-03,4.74,4.81,4.71,4.79,47225678.0,225805714.0,27328695140.999996,0.001728061942084804
677,2022-11-04,4.8,4.93,4.77,4.86,84725151.0,412610449.0,27328695140.999996,0.0031002267237007857
678,2022-11-07,4.79,4.88,4.75,4.86,55791426.0,269440315.0,27328695140.999996,0.0020414961531148505
679,2022-11-08,4.86,4.92,4.83,4.89,38424452.0,187772871.0,27328695140.999996,0.0014060112201388477
680,2022-11-09,4.84,4.88,4.75,4.78,42613281.0,204672094.0,27328695140.999996,0.001559287070975783
681,2022-11-10,4.78,4.81,4.72,4.77,32969092.0,157460742.0,27328695140.999996,0.001206391005128451
682,2022-11-11,4.87,4.89,4.74,4.83,82407367.0,398787546.0,27328695140.999996,0.003015415356453224
683,2022-11-14,4.85,4.92,4.76,4.79,70821275.0,342678137.0,27328695140.999996,0.0025914620011897337
684,2022-11-15,4.8,4.84,4.76,4.78,51140031.0,246010724.0,27328695140.999996,0.0018712942837609888
685,2022-11-16,4.81,4.82,4.73,4.75,46004029.0,219910962.0,27328695140.999996,0.001683359880983935
686,2022-11-17,4.72,4.79,4.72,4.79,30985653.0,147847887.0,27328695140.999996,0.001133813848049907
687,2022-11-18,4.83,4.83,4.71,4.72,32202360.0,153296077.0,27328695140.999996,0.0011783350735867467
688,2022-11-21,4.69,4.7,4.62,4.68,28170474.0,131656721.0,27328695140.999996,0.0010308020143170729
689,2022-11-22,4.69,4.76,4.65,4.71,29214970.0,137809702.0,27328695140.999996,0.0010690217681183802
690,2022-11-23,4.7,4.79,4.69,4.78,29771691.0,141884488.0,27328695140.999996,0.0010893930663866526
691,2022-11-24,4.78,4.81,4.66,4.67,33315977.0,157433469.0,27328695140.999996,0.00121908407364893
692,2022-11-25,4.67,4.77,4.65,4.73,32436915.0,153931407.0,27328695140.999996,0.001186917810478861
693,2022-11-28,4.69,4.77,4.6,4.74,48019983.0,225638098.0,27328695140.999996,0.0017571268131260978
694,2022-11-29,4.77,4.86,4.73,4.85,67589774.0,326995167.0,27328695140.999996,0.00247321628973782
695,2022-11-30,4.82,4.92,4.79,4.92,61586079.0,300758980.0,27328695140.999996,0.0022535316334077442
696,2022-12-01,4.98,5.03,4.85,4.86,103108428.0,507233179.0,27328695140.999996,0.0037728997842019587
697,2022-12-02,4.85,5.01,4.84,4.99,84118644.0,417612230.0,27328695140.999996,0.003078033677275745
698,2022-12-05,5.09,5.17,5.04,5.15,160958282.0,824801444.0,27328695140.999996,0.005889717060018779
699,2022-12-06,5.1,5.35,5.09,5.25,179674915.0,946202619.0,27328695140.999996,0.006574588141621219
700,2022-12-07,5.07,5.24,5.07,5.14,153445450.0,788545756.0,27328695140.999996,0.005614810703852186
701,2022-12-08,5.15,5.18,4.95,5.01,188065134.0,948388904.0,27328695140.999996,0.006881599470069629
702,2022-12-09,4.92,4.98,4.69,4.7,615604792.0,2940244378.0,27328695140.999996,0.02252594896404096
703,2022-12-12,4.72,4.85,4.72,4.78,216255915.0,1038101510.0,27328695140.999996,0.007913144549501783
704,2022-12-13,4.8,5.04,4.77,4.93,207594975.0,1026343570.0,27328695140.999996,0.007596227113257036
705,2022-12-14,4.96,5.11,4.91,4.99,138384060.0,695014965.0,27328695140.999996,0.005063690720907808
706,2022-12-15,5.05,5.06,4.94,4.95,87939665.0,437983258.0,27328695140.999996,0.0032178508540668714
707,2022-12-16,4.94,4.98,4.91,4.95,93564403.0,463276412.0,27328695140.999996,0.0034236688768806084
708,2022-12-19,5.0,5.05,4.83,4.86,98004861.0,483480050.0,27328695140.999996,0.0035861522291625175
709,2022-12-20,4.87,4.93,4.73,4.77,106795974.0,513777387.0,27328695140.999996,0.003907832900509723
710,2022-12-21,4.82,4.87,4.78,4.81,81027989.0,391657761.0,27328695140.999996,0.0029649417428070832
711,2022-12-22,4.84,4.89,4.78,4.82,72416268.0,350213481.0,27328695140.999996,0.002649825307296036
712,2022-12-23,4.79,4.9,4.79,4.85,52231051.0,254042956.0,27328695140.999996,0.0019112164240011641
713,2022-12-26,4.9,5.02,4.8,4.85,123651235.0,606163892.0,27328695140.999996,0.004524593448828506
714,2022-12-27,4.9,4.96,4.84,4.93,79346470.0,390218373.0,27328695140.999996,0.002903412314075695
715,2022-12-28,4.92,4.98,4.86,4.89,80158073.0,394388964.0,27328695140.999996,0.0029331101461826654
716,2022-12-29,4.9,4.91,4.85,4.86,56367093.0,275145203.0,27328695140.999996,0.002062560715364526
717,2022-12-30,4.89,4.93,4.84,4.91,65657215.0,322240319.0,27328695140.999996,0.002402500911999178
718,2023-01-03,4.92,4.93,4.81,4.85,110341759.0,536568675.0,27328695140.999996,0.004037578758543041
719,2023-01-04,4.86,4.87,4.81,4.84,68848927.0,333190206.0,27328695140.999996,0.002519290681270365
720,2023-01-05,4.84,4.87,4.82,4.84,69808833.0,339234133.0,27328695140.999996,0.002554415153735935
721,2023-01-06,4.85,4.86,4.79,4.82,73866718.0,356110665.0,27328695140.999996,0.002702899557366028
722,2023-01-09,4.83,4.99,4.81,4.96,129816738.0,641368625.0,27328695140.999996,0.004750198914738591
723,2023-01-10,4.96,4.98,4.9,4.91,52995037.0,261829785.0,27328695140.999996,0.0019391718750777077
724,2023-01-11,4.91,4.92,4.81,4.81,82835318.0,401906673.0,27328695140.999996,0.0030310747575988707
725,2023-01-12,4.82,4.87,4.81,4.85,56609776.0,274469505.0,27328695140.999996,0.0020714408685788637
726,2023-01-13,4.86,4.94,4.84,4.94,76306135.0,374155066.0,27328695140.999996,0.0027921616676648926
727,2023-01-16,4.95,5.02,4.9,4.95,94941508.0,473383287.0,49106484611.0,0.001933380260307471
728,2023-01-17,4.95,4.96,4.86,4.88,71605250.0,350846147.0,49106484611.0,0.001458162818357399
729,2023-01-18,4.88,4.91,4.86,4.88,31005771.0,151415527.0,49106484611.0,0.0006313987092664868
730,2023-01-19,4.87,4.9,4.84,4.9,30787978.0,150272807.0,49106484611.0,0.00062696359236237
731,2023-01-20,4.9,4.94,4.89,4.92,58873022.0,290197167.0,49106484611.0,0.0011988848818311108
732,2023-01-30,4.99,5.02,4.85,4.9,117142670.0,577467216.0,49106484611.0,0.002385482710235782
733,2023-01-31,4.89,4.94,4.88,4.91,73855726.0,363413308.0,49106484611.0,0.0015039913075646245
734,2023-02-01,4.93,4.93,4.86,4.91,83603528.0,409684798.0,49106484611.0,0.001702494663632928
735,2023-02-02,4.91,4.91,4.83,4.85,101032571.0,491488910.0,49106484611.0,0.0020574181149462367
736,2023-02-03,4.85,4.85,4.76,4.77,102129320.0,490221402.0,49106484611.0,0.0020797522121370243
737,2023-02-06,4.77,4.79,4.74,4.75,65676993.0,313329983.0,49106484611.0,0.001337440330340571
738,2023-02-07,4.76,4.78,4.75,4.77,45405621.0,216748239.0,49106484611.0,0.0009246359489929565
739,2023-02-08,4.77,4.78,4.72,4.74,57245300.0,272335545.0,49106484611.0,0.001165738098613088
740,2023-02-09,4.75,4.77,4.73,4.76,61744039.0,294119302.0,49106484611.0,0.0012573500116961976
741,2023-02-10,4.75,4.77,4.73,4.75,53390884.0,254073643.0,49106484611.0,0.0010872471206794607
742,2023-02-13,4.76,4.83,4.74,4.82,103937534.0,499497785.0,49106484611.0,0.0021165745180773475
743,2023-02-14,4.81,4.85,4.79,4.84,58711621.0,283692601.0,49106484611.0,0.0011955981265017782
744,2023-02-15,4.84,4.84,4.77,4.79,52098650.0,250501465.0,49106484611.0,0.001060932184673829
745,2023-02-16,4.78,4.84,4.76,4.78,75551510.0,364105694.0,49106484611.0,0.001538524099179281
746,2023-02-17,4.79,4.86,4.78,4.8,76618465.0,370427294.0,49106484611.0,0.0015602514740555718
747,2023-02-20,4.82,4.86,4.79,4.85,54372700.0,263162539.0,49106484611.0,0.001107240732679536
748,2023-02-21,4.84,4.88,4.84,4.87,48159824.0,234637843.0,49106484611.0,0.000980722289153886
749,2023-02-22,4.85,4.91,4.84,4.9,65670201.0,322291283.0,49106484611.0,0.00133730201866842
750,2023-02-23,4.91,4.92,4.88,4.9,41749111.0,205016200.0,49106484611.0,0.0008501751108986546
751,2023-02-24,4.9,4.91,4.85,4.86,66582480.0,324365507.0,49106484611.0,0.001355879585505604
752,2023-02-27,4.84,4.87,4.82,4.84,46235000.0,224280368.0,49106484611.0,0.0009415253477469088
753,2023-02-28,4.84,4.96,4.84,4.94,161718610.0,798469615.0,49106484611.0,0.0032932231105741692
754,2023-03-01,4.98,5.29,4.96,5.23,347198387.0,1795380180.0,49106484611.0,0.007070316471446757
755,2023-03-02,5.24,5.29,5.19,5.24,124662654.0,653030521.0,49106484611.0,0.0025386189825543975
756,2023-03-03,5.22,5.31,5.18,5.26,100434355.0,528600508.0,49106484611.0,0.002045236098564107
757,2023-03-06,5.31,5.43,5.22,5.23,218911465.0,1164764065.0,49106484611.0,0.004457893223962588
758,2023-03-07,5.25,5.33,5.14,5.15,118762226.0,622539910.0,49106484611.0,0.0024184632017702386
759,2023-03-08,5.16,5.19,5.09,5.12,73997613.0,380689973.0,49106484611.0,0.0015068806815673446
760,2023-03-09,5.13,5.15,5.07,5.1,68200318.0,348872689.0,49106484611.0,0.0013888250918438361
761,2023-03-10,5.09,5.12,5.0,5.02,75378800.0,381437694.0,49106484611.0,0.001535007048399366
762,2023-03-13,5.04,5.19,5.03,5.17,94346400.0,483505347.0,49106484611.0,0.0019212615349555305
763,2023-03-14,5.16,5.22,5.07,5.16,88629071.0,456787720.0,49106484611.0,0.0018048343656052875
764,2023-03-15,5.17,5.26,5.13,5.2,69093100.0,359593345.0,49106484611.0,0.001407005623540866
765,2023-03-16,5.19,5.24,5.13,5.14,60431548.0,312959949.0,49106484611.0,0.0012306225639793233
766,2023-03-17,5.18,5.24,5.13,5.17,88219928.0,459077144.0,49106484611.0,0.0017965026146513953
767,2023-03-20,5.19,5.28,5.13,5.15,87998510.0,459092801.0,49106484611.0,0.0017919936785759669
768,2023-03-21,5.16,5.21,5.12,5.14,53722484.0,277534265.0,49106484611.0,0.0010939997930123878
769,2023-03-22,5.17,5.18,5.11,5.14,52813091.0,272173297.0,49106484611.0,0.0010754809964175222
770,2023-03-23,5.14,5.22,5.11,5.19,48587700.0,251692318.0,49106484611.0,0.0009894355172212065
771,2023-03-24,5.18,5.18,5.07,5.11,54342000.0,279255089.0,49106484611.0,0.0011066155606631884
772,2023-03-27,5.11,5.13,5.04,5.05,54892679.0,279151736.0,49106484611.0,0.001117829537887627
773,2023-03-28,5.08,5.21,5.07,5.14,71902604.0,370838581.0,49106484611.0,0.0014642181082515037
774,2023-03-29,5.16,5.19,5.1,5.11,46699100.0,240110159.0,49106484611.0,0.0009509762380657006
775,2023-03-30,5.11,5.18,5.06,5.17,50213500.0,257898426.0,49106484611.0,0.0010225431610055024
776,2023-03-31,5.16,5.23,5.14,5.21,72308018.0,376476007.0,49106484611.0,0.0014724739221875147
777,2023-04-03,5.21,5.29,5.21,5.25,90980649.0,479439132.0,49106484611.0,0.00185272168677332
778,2023-04-04,5.24,5.31,5.24,5.28,88938104.0,470169232.0,49106484611.0,0.0018111274855964257
779,2023-04-06,5.29,5.29,5.21,5.25,62318821.0,327827675.0,49106484611.0,0.0012690548202271518
780,2023-04-07,5.24,5.25,5.19,5.22,50272725.0,262637623.0,49106484611.0,0.0010237492135354107
781,2023-04-10,5.19,5.23,5.17,5.2,44309938.0,230667332.0,49106484611.0,0.0009023235597295116
782,2023-04-11,5.2,5.21,5.1,5.12,81555106.0,418816013.0,49106484611.0,0.0016607807837609172
783,2023-04-12,5.12,5.22,5.11,5.13,74492794.0,384765279.0,49106484611.0,0.0015169645025519378
784,2023-04-13,5.14,5.19,5.12,5.14,56003128.0,288769413.0,49106484611.0,0.0011404426206361987
785,2023-04-14,5.16,5.2,5.12,5.18,66137300.0,341794820.0,49106484611.0,0.0013468139803512844
786,2023-04-17,5.19,5.37,5.18,5.32,212636207.0,1131354672.0,49106484611.0,0.004330104439045283
787,2023-04-18,5.34,5.35,5.27,5.32,82892234.0,440860777.0,49106484611.0,0.001688009937111888
788,2023-04-19,5.32,5.33,5.25,5.26,52901886.0,279718498.0,49106484611.0,0.0010772892097462383
789,2023-04-20,5.28,5.28,5.21,5.26,56995889.0,299943259.0,49106484611.0,0.001160659115623861
790,2023-04-21,5.26,5.35,5.2,5.21,115381003.0,611059090.0,49106484611.0,0.002349608283182916
791,2023-04-24,5.22,5.24,5.07,5.09,123661807.0,635183747.0,49106484611.0,0.002518237824995915
792,2023-04-25,5.1,5.19,5.09,5.16,75605216.0,389562217.0,49106484611.0,0.001539617763293612
793,2023-04-26,5.16,5.18,5.09,5.13,62531459.0,321573616.0,49106484611.0,0.0012733849611786866
794,2023-04-27,5.13,5.25,5.11,5.24,84907427.0,443048496.0,49106484611.0,0.0017290471446408625
795,2023-04-28,5.31,5.44,5.28,5.42,279964680.0,1506650870.0,49106484611.0,0.005701175358361675
796,2023-05-04,5.44,5.81,5.43,5.7,430882082.0,2441561972.0,49106484611.0,0.008774443648598725
797,2023-05-05,5.71,5.76,5.68,5.72,267746928.0,1534209976.0,49106484611.0,0.00545237416445045
798,2023-05-08,5.69,5.87,5.67,5.72,307219352.0,1780675997.0,49106484611.0,0.0062561870277145016
799,2023-05-09,5.76,5.85,5.63,5.64,203221866.0,1166970295.0,49106484611.0,0.0041383916525451645
800,2023-05-10,5.65,5.66,5.45,5.48,178877370.0,984724064.0,49106484611.0,0.003642642543382772
801,2023-05-11,5.51,5.61,5.47,5.54,136574490.0,758838331.0,49106484611.0,0.002781190530779858
802,2023-05-12,5.56,5.63,5.49,5.5,90726301.0,504716644.0,49106484611.0,0.0018475421671637444
803,2023-05-15,5.52,5.57,5.4,5.55,99929207.0,548993711.0,49106484611.0,0.0020349493104952487
804,2023-05-16,5.53,5.59,5.49,5.51,84489188.0,468802345.0,49106484611.0,0.001720530163567729
805,2023-05-17,5.5,5.61,5.48,5.57,93606432.0,520909947.0,49106484611.0,0.00190619289369844
806,2023-05-18,5.6,5.69,5.55,5.65,104234279.0,588336853.0,49106484611.0,0.0021226174063506717
807,2023-05-19,5.63,5.64,5.53,5.57,71695834.0,399953780.0,49106484611.0,0.0014600074627199016
808,2023-05-22,5.56,5.7,5.55,5.6,63350323.0,357045614.0,49106484611.0,0.0012900602334260623
809,2023-05-23,5.59,5.62,5.52,5.53,50534798.0,281654749.0,49106484611.0,0.0010290860443445396
810,2023-05-24,5.51,5.52,5.4,5.4,79853645.0,435592828.0,49106484611.0,0.0016261323862330097
811,2023-05-25,5.4,5.49,5.37,5.47,65259627.0,356383132.0,49106484611.0,0.0013289411269602803
812,2023-05-26,5.46,5.49,5.41,5.46,31509095.0,172210031.0,49106484611.0,0.000641648353564732
813,2023-05-29,5.48,5.6,5.45,5.55,63886513.0,354005697.0,49106484611.0,0.0013009791579682581
814,2023-05-30,5.57,5.63,5.5,5.59,79701471.0,444548079.0,49106484611.0,0.0016230335286950399
815,2023-05-31,5.6,5.76,5.56,5.76,340323247.0,1944781378.0,49106484611.0,0.006930311743874384
816,2023-06-01,5.71,5.71,5.39,5.46,221408652.0,1221153596.0,49106484611.0,0.004508745713603856
817,2023-06-02,5.49,5.52,5.44,5.5,68544390.0,376497358.0,49106484611.0,0.001395831742853893
818,2023-06-05,5.51,5.66,5.48,5.6,93577111.0,524418454.0,49106484611.0,0.0019055958035130546
819,2023-06-06,5.59,5.65,5.52,5.52,62940349.0,350926936.0,49106484611.0,0.001281711560063519
820,2023-06-07,5.52,5.68,5.48,5.66,114534766.0,643545473.0,49106484611.0,0.0023323755896455245
821,2023-06-08,5.66,5.66,5.55,5.64,75724967.0,425128597.0,49106484611.0,0.0015420563617994634
822,2023-06-09,5.63,5.7,5.56,5.63,81790120.0,462110505.0,49106484611.0,0.0016655665875475593
823,2023-06-12,5.62,5.66,5.55,5.61,65191267.0,367061721.0,49106484611.0,0.0013275490501186672
824,2023-06-13,5.6,5.65,5.56,5.58,67253200.0,376400416.0,49106484611.0,0.001369538066769599
825,2023-06-14,5.59,5.63,5.46,5.53,91466097.0,507057543.0,49106484611.0,0.0018626073058284306
826,2023-06-15,5.42,5.42,5.25,5.4,192240498.0,1030980510.0,49106484611.0,0.003914768070303643
827,2023-06-16,5.39,5.58,5.38,5.57,193625842.0,1074829644.0,49106484611.0,0.0039429790899067375
828,2023-06-19,5.55,5.55,5.37,5.38,115371136.0,626987661.0,49106484611.0,0.002349407352489584
829,2023-06-20,5.41,5.41,5.28,5.29,83045317.0,442727785.0,49106484611.0,0.0016911273054434363
830,2023-06-21,5.27,5.33,5.24,5.25,85224991.0,450715772.0,49106484611.0,0.0017355139891424716
831,2023-06-26,5.26,5.28,5.13,5.15,99114543.0,513290081.0,49106484611.0,0.0020183595666670474
832,2023-06-27,5.14,5.2,5.1,5.15,125950300.0,649102191.0,49106484611.0,0.0025648404889440355
833,2023-06-28,5.16,5.35,5.14,5.33,118098103.0,623295465.0,49106484611.0,0.0024049390612160756
834,2023-06-29,5.33,5.34,5.24,5.25,73187868.0,387064075.0,49106484611.0,0.0014903911078091242
835,2023-06-30,5.27,5.29,5.24,5.25,53950736.0,284365174.0,49106484611.0,0.0010986478960441585
836,2023-07-03,5.27,5.44,5.26,5.43,108629708.0,586860078.0,49106484611.0,0.00221212552396118
837,2023-07-04,5.41,5.47,5.37,5.4,50136890.0,271658061.0,49106484611.0,0.0010209830819119393
838,2023-07-05,5.4,5.43,5.35,5.41,46871260.0,253770975.0,49106484611.0,0.0009544820886954856
839,2023-07-06,5.38,5.43,5.33,5.36,51080896.0,274704965.0,49106484611.0,0.00104020673450035
840,2023-07-07,5.36,5.52,5.34,5.48,97831171.0,536212765.0,49106484611.0,0.0019922250956258742
841,2023-07-10,5.5,5.56,5.43,5.53,76845783.0,424092726.0,49106484611.0,0.001564880557196031
842,2023-07-11,5.54,5.59,5.52,5.55,61746960.0,343644195.0,49106484611.0,0.0012574094946753427
843,2023-07-12,5.56,5.57,5.44,5.45,60292442.0,331864181.0,49106484611.0,0.0012277898220084422
844,2023-07-13,5.48,5.55,5.47,5.55,55519831.0,307461091.0,49106484611.0,0.001130600804350051
845,2023-07-14,5.53,5.57,5.5,5.54,42270672.0,234494270.0,49106484611.0,0.0008607961318113014
846,2023-07-17,5.52,5.55,5.41,5.54,71332223.0,392889853.0,49106484611.0,0.001452602921285499
847,2023-07-18,5.54,5.59,5.48,5.57,76325962.0,424664066.0,49106484611.0,0.0015542949694856137
848,2023-07-19,5.57,5.59,5.52,5.56,41423058.0,230558635.0,49106484611.0,0.0008435353971707662
849,2023-07-20,5.56,5.58,5.48,5.51,53835732.0,298486514.0,49106484611.0,0.0010963059650158837
850,2023-07-21,5.49,5.53,5.47,5.51,40052130.0,220649900.0,49106484611.0,0.0008156179436845333
851,2023-07-24,5.45,5.51,5.45,5.48,37571441.0,206281047.0,49106484611.0,0.0007651014178193461
852,2023-07-25,5.51,5.57,5.51,5.55,58343917.0,324266223.0,49106484611.0,0.0011881102355864991
853,2023-07-26,5.54,5.56,5.51,5.54,36908457.0,204579946.0,49106484611.0,0.000751600471757907
854,2023-07-27,5.55,5.55,5.5,5.52,40070181.0,221733054.0,49106484611.0,0.0008159855326118001
855,2023-07-28,5.5,5.63,5.49,5.62,85458539.0,477523407.0,49106484611.0,0.0017402699394380397
856,2023-07-31,5.61,5.65,5.44,5.47,167042895.0,924356940.0,49106484611.0,0.00340164636754678
857,2023-08-01,5.49,5.54,5.45,5.53,71267586.0,392590219.0,49106484611.0,0.0014512866592783114
858,2023-08-02,5.51,5.52,5.41,5.42,83197246.0,453854730.0,49106484611.0,0.001694221173823621
859,2023-08-03,5.45,5.46,5.36,5.42,67740199.0,365823220.0,49106484611.0,0.0013794552702480762
860,2023-08-04,5.44,5.53,5.43,5.47,84019090.0,461017956.0,49106484611.0,0.0017109571305207922
861,2023-08-07,5.43,5.47,5.37,5.42,71779873.0,388631856.0,49106484611.0,0.001461718825295857
862,2023-08-08,5.4,5.42,5.35,5.37,61557091.0,330807871.0,49106484611.0,0.0012535430195752808
863,2023-08-09,5.37,5.43,5.36,5.41,49341861.0,266867485.0,49106484611.0,0.0010047931834433791
864,2023-08-10,5.39,5.44,5.39,5.42,37550258.0,203639451.0,49106484611.0,0.0007646700491280663
865,2023-08-11,5.44,5.53,5.37,5.37,81149323.0,440979692.0,49106484611.0,0.0016525174555423645
866,2023-08-14,5.35,5.42,5.33,5.41,60707408.0,326826784.0,49106484611.0,0.0012362401520063474
867,2023-08-15,5.41,5.47,5.37,5.44,67344420.0,365771719.0,49106484611.0,0.0013713956625784336
868,2023-08-16,5.43,5.45,5.36,5.43,53076743.0,286825968.0,49106484611.0,0.001080849981839479
869,2023-08-17,5.4,5.46,5.36,5.45,67353287.0,363637108.0,49106484611.0,0.0013715762293624385
870,2023-08-18,5.41,5.47,5.37,5.37,61939600.0,335920088.0,49106484611.0,0.0012613323981681504
871,2023-08-21,5.37,5.4,5.3,5.3,75630957.0,403631949.0,49106484611.0,0.0015401419506836057
872,2023-08-22,5.32,5.36,5.28,5.33,65751218.0,349774997.0,49106484611.0,0.0013389518415103884
873,2023-08-23,5.31,5.36,5.29,5.3,49822081.0,265016733.0,49106484611.0,0.0010145723399805268
874,2023-08-24,5.32,5.32,5.18,5.2,125478356.0,655391493.0,49106484611.0,0.0025552298641204805
875,2023-08-25,5.18,5.27,5.18,5.24,72608315.0,379521228.0,49106484611.0,0.0014785891430667696
876,2023-08-28,5.37,5.42,5.3,5.32,128491152.0,688646091.0,49106484611.0,0.00261658216868608
877,2023-08-29,5.32,5.43,5.31,5.37,101096900.0,544551463.0,49106484611.0,0.0020587281048693516
878,2023-08-30,5.4,5.42,5.34,5.39,78154940.0,420445201.0,49106484611.0,0.0015915401116392083
879,2023-08-31,5.34,5.34,5.04,5.1,298826282.0,1531853864.0,49106484611.0,0.006085271311256966
880,2023-09-01,5.11,5.18,5.1,5.14,95218850.0,488634625.0,49106484611.0,0.0019390280276481181
881,2023-09-04,5.15,5.23,5.13,5.19,119706855.0,620258368.0,49106484611.0,0.00243769954107416
882,2023-09-05,5.17,5.18,5.09,5.15,82719017.0,424761882.0,49106484611.0,0.001684482561829944
883,2023-09-06,5.12,5.14,5.02,5.12,104333564.0,530971074.0,49106484611.0,0.002124639237088231
884,2023-09-07,5.11,5.15,5.07,5.07,59200095.0,301849342.0,49106484611.0,0.001205545366746513
885,2023-09-08,5.06,5.08,5.04,5.06,40088357.0,202883563.0,49106484611.0,0.0008163556670277328
886,2023-09-11,5.07,5.1,5.05,5.06,66947785.0,339242003.0,49106484611.0,0.0013633186234024068
887,2023-09-12,5.06,5.07,5.03,5.05,57482295.0,290037639.0,49106484611.0,0.0011705642433041071
888,2023-09-13,5.05,5.09,5.04,5.08,67241890.0,340845440.0,49106484611.0,0.0013693077509551073
889,2023-09-14,5.09,5.14,5.07,5.12,65400053.0,333859514.0,49106484611.0,0.0013318007492914732
890,2023-09-15,5.13,5.16,5.07,5.12,118969159.0,608642492.0,49106484611.0,0.002422677166619061
891,2023-09-18,5.08,5.09,5.02,5.06,70464303.0,356640407.0,49106484611.0,0.0014349286771021639
892,2023-09-19,5.06,5.12,5.05,5.12,78203683.0,397810086.0,49106484611.0,0.0015925327096715479
893,2023-09-20,5.12,5.13,5.06,5.1,52641676.0,268726462.0,49106484611.0,0.001071990316900186
894,2023-09-21,5.11,5.17,5.09,5.15,97705005.0,502359322.0,49106484611.0,0.0019896558626416884
895,2023-09-22,5.16,5.16,5.1,5.16,61323992.0,314910891.0,49106484611.0,0.0012487962126750006
896,2023-09-25,5.16,5.16,5.12,5.14,73610317.0,378210191.0,49106484611.0,0.0014989938209405253
897,2023-09-26,5.15,5.22,5.14,5.15,77045402.0,398909605.0,49106484611.0,0.0015689455804120337
898,2023-09-27,5.17,5.19,5.14,5.15,53636146.0,276794670.0,49106484611.0,0.0010922416138088888
899,2023-09-28,5.17,5.17,5.1,5.13,57665534.0,295361753.0,49106484611.0,0.001174295705685329
900,2023-10-09,5.12,5.13,5.02,5.04,86947360.0,439323586.0,49106484611.0,0.001770588155286594
901,2023-10-10,5.06,5.07,4.9,4.92,101781284.0,505621456.0,49106484611.0,0.0020726648385903943
902,2023-10-11,4.93,5.01,4.91,4.93,78173772.0,386979352.0,49106484611.0,0.0015919236047796596
903,2023-10-12,4.98,5.04,4.96,5.03,85007355.0,426002694.0,49106484611.0,0.001731082069372119
904,2023-10-13,4.99,5.0,4.92,4.94,57100180.0,282610695.0,49106484611.0,0.0011627828880915127
905,2023-10-16,4.95,4.96,4.91,4.93,38118635.0,188012346.0,49106484611.0,0.0007762444268197791
906,2023-10-17,5.03,5.03,4.92,4.96,73139168.0,362921959.0,49106484611.0,0.0014893993854248856
907,2023-10-18,4.96,4.99,4.92,4.93,49583878.0,245392651.0,49106484611.0,0.0010097215956870402
908,2023-10-19,4.9,4.94,4.82,4.83,71271653.0,346760147.0,49106484611.0,0.0014513694792975455
909,2023-10-20,4.81,4.85,4.79,4.8,53355125.0,256874141.0,49106484611.0,0.0010865189276458265
910,2023-10-23,4.8,4.85,4.76,4.81,55659935.0,267391491.0,49106484611.0,0.0011334538695024405
911,2023-10-24,4.81,4.88,4.75,4.83,72323158.0,348675570.0,49106484611.0,0.0014727822317747298
912,2023-10-25,4.88,4.97,4.87,4.95,88544685.0,436437223.0,49106484611.0,0.0018031159367527954
913,2023-10-26,4.96,5.04,4.91,5.04,87647390.0,439173782.0,49106484611.0,0.0017848435027329715
914,2023-10-27,5.04,5.07,5.0,5.04,60680170.0,306067956.0,49106484611.0,0.001235685479844091
915,2023-10-30,5.01,5.06,4.96,5.01,73383710.0,367649713.0,49106484611.0,0.0014943792165395978
916,2023-10-31,5.01,5.02,4.97,5.0,50176078.0,250749643.0,49106484611.0,0.0010217811027906569
917,2023-11-01,5.0,5.01,4.95,4.97,51569291.0,256326589.0,49106484611.0,0.0010501523659962482
918,2023-11-02,5.0,5.03,4.96,4.96,53947091.0,268981673.0,49106484611.0,0.0010985736695946606
919,2023-11-03,4.97,5.03,4.96,4.99,61909678.0,310166725.0,49106484611.0,0.0012607230692732595
920,2023-11-06,5.03,5.04,4.95,4.97,85612636.0,426148672.0,49106484611.0,0.001743407956773646
921,2023-11-07,4.96,4.99,4.93,4.98,49202298.0,244048217.0,49106484611.0,0.0010019511351659356
922,2023-11-08,4.97,4.98,4.91,4.94,55467603.0,274031933.0,49106484611.0,0.0011295372380937057
923,2023-11-09,4.93,4.96,4.92,4.93,43777370.0,216113358.0,49106484611.0,0.0008914783932668994
924,2023-11-10,4.92,4.94,4.87,4.92,53997273.0,264878561.0,49106484611.0,0.0010995955712925223
925,2023-11-13,4.93,4.94,4.87,4.9,41483715.0,202910650.0,49106484611.0,0.0008447706108188311
926,2023-11-14,4.9,4.96,4.89,4.91,59387805.0,292422562.0,49106484611.0,0.0012093678761663374
927,2023-11-15,4.95,4.96,4.89,4.91,57095969.0,281168212.0,49106484611.0,0.0011626971356693354
928,2023-11-16,4.91,4.93,4.88,4.9,39642746.0,194420486.0,49106484611.0,0.0008072812850284931
929,2023-11-17,4.89,4.91,4.87,4.9,41130363.0,201068067.0,49106484611.0,0.0008375749827302172
930,2023-11-20,4.91,4.96,4.88,4.93,62854677.0,309485800.0,49106484611.0,0.001279966943223632
931,2023-11-21,4.95,5.02,4.93,4.99,96422280.0,481367648.0,49106484611.0,0.00196353456704985
932,2023-11-22,4.98,5.03,4.96,4.97,48485300.0,242172727.0,49106484611.0,0.0009873502529060927
933,2023-11-23,4.98,4.99,4.95,4.99,34628300.0,172194739.0,49106484611.0,0.0007051675613579384
934,2023-11-24,4.99,5.0,4.96,4.97,41757071.0,207823149.0,49106484611.0,0.0008503372076168997
935,2023-11-27,4.99,5.01,4.93,4.99,62462429.0,310862619.0,49106484611.0,0.001271979240517824
936,2023-11-28,5.0,5.05,4.98,5.03,49834600.0,250348000.0,49106484611.0,0.001014827275761395
937,2023-11-29,5.04,5.05,5.01,5.03,42892049.0,215753151.0,49106484611.0,0.0008734497966973602
938,2023-11-30,5.04,5.13,5.02,5.05,218517231.0,1107567548.0,49106484611.0,0.004449865078532856
939,2023-12-01,5.1,5.15,5.05,5.07,85974143.0,438388454.0,49106484611.0,0.001750769652542824
940,2023-12-04,5.1,5.1,5.06,5.08,48580429.0,246789804.0,49106484611.0,0.0009892874512364878
941,2023-12-05,5.08,5.09,5.0,5.01,64009776.0,322979256.0,49106484611.0,0.001303489274523667
942,2023-12-06,5.0,5.06,4.96,5.02,68664006.0,344497357.0,49106484611.0,0.0013982675922319852
943,2023-12-07,5.03,5.08,4.99,5.06,82988285.0,417793621.0,49106484611.0,0.0016899659109666826
944,2023-12-08,5.05,5.12,4.96,4.96,102283454.0,516298521.0,49106484611.0,0.002082890982937276
945,2023-12-11,4.97,5.08,4.94,5.07,82205993.0,411714281.0,49106484611.0,0.001674035387611224
946,2023-12-12,5.05,5.08,5.03,5.06,47684398.0,241103550.0,49106484611.0,0.0009710407571980534
947,2023-12-13,5.06,5.08,5.0,5.01,36636500.0,184131136.0,49106484611.0,0.0007460623640689872
948,2023-12-14,5.03,5.03,4.95,4.98,62312557.0,310518181.0,49106484611.0,0.0012689272606991257
949,2023-12-15,4.98,4.99,4.88,4.88,75365349.0,371149169.0,49106484611.0,0.0015347331334550048
950,2023-12-18,4.86,4.94,4.86,4.87,77633285.0,380230960.0,49106484611.0,0.0015809171765190845
951,2023-12-19,4.88,4.9,4.84,4.88,56867662.0,276857671.0,49106484611.0,0.0011580479126225515
952,2023-12-20,4.87,4.9,4.83,4.84,53428694.0,259672748.0,49106484611.0,0.0010880170800911253
953,2023-12-21,4.83,4.86,4.8,4.83,63811205.0,308139835.0,49106484611.0,0.001299445592684639
954,2023-12-22,4.84,4.87,4.81,4.85,59628903.0,288827664.0,49106484611.0,0.0012142775739773265
955,2023-12-25,4.84,4.89,4.83,4.88,36156504.0,175922404.0,49106484611.0,0.0007362877690475289
956,2023-12-26,4.86,4.88,4.83,4.85,32763800.0,158877636.0,49106484611.0,0.00066719905241722
957,2023-12-27,4.84,4.86,4.79,4.83,44720448.0,215564709.0,49106484611.0,0.0009106831481474544
958,2023-12-28,4.83,4.91,4.82,4.89,93887566.0,457026682.0,49106484611.0,0.0019119178809832561
959,2023-12-29,4.88,4.93,4.87,4.92,56250969.0,275608773.0,49106484611.0,0.0011454896322877818
960,2024-01-02,4.92,4.95,4.88,4.89,55261231.0,271287314.0,49106484611.0,0.0011253346973980156
961,2024-01-03,4.88,4.9,4.86,4.89,55432550.0,270307484.0,49106484611.0,0.0011288234219800565
962,2024-01-04,4.87,4.89,4.77,4.81,100664767.0,484419489.0,49106484611.0,0.002049928187640025
963,2024-01-05,4.81,4.83,4.75,4.76,86637825.0,415185660.0,49106484611.0,0.0017642848126129735
964,2024-01-08,4.76,4.77,4.63,4.67,128902746.0,602626177.0,49106484611.0,0.0026249638315817337
965,2024-01-09,4.66,4.76,4.65,4.73,93054854.0,439136808.0,49106484611.0,0.001894960609319516
966,2024-01-10,4.73,4.78,4.71,4.74,68481494.0,325204418.0,49106484611.0,0.001394550934412844
967,2024-01-11,4.73,4.75,4.69,4.72,60692133.0,286515361.0,49106484611.0,0.001235929093291373
968,2024-01-12,4.71,4.79,4.7,4.75,62825946.0,298786860.0,49106484611.0,0.00127938186774475
969,2024-01-15,4.73,4.82,4.73,4.79,54829158.0,262443866.0,49106484611.0,0.0011165360020032487
970,2024-01-16,4.78,4.87,4.77,4.86,91699135.0,442741005.0,49106484611.0,0.001867352870530242
971,2024-01-17,4.86,4.87,4.8,4.8,96064601.0,464520473.0,49106484611.0,0.0019562508243255766
972,2024-01-18,4.79,4.86,4.66,4.83,134920431.0,640827025.0,49106484611.0,0.002747507423281882
973,2024-01-19,4.8,4.87,4.77,4.85,114087614.0,550641843.0,49106484611.0,0.0023232698268620114
974,2024-01-22,4.83,4.86,4.72,4.79,141646437.0,681935406.0,49106484611.0,0.0028844751996006403
975,2024-01-23,4.76,4.77,4.66,4.69,112407056.0,528694810.0,49106484611.0,0.002289047096130772
976,2024-01-24,4.71,4.84,4.67,4.84,130083521.0,618553754.0,49106484611.0,0.002649009026617656
977,2024-01-25,4.84,4.94,4.82,4.94,125908240.0,617074123.0,49106484611.0,0.00256398398291773
978,2024-01-26,4.93,4.98,4.89,4.97,118145872.0,583771691.0,49106484611.0,0.0024059118248007305
979,2024-01-29,4.99,5.06,4.98,5.02,125320475.0,630137265.0,49106484611.0,0.00255201478975198
980,2024-01-30,5.02,5.07,4.97,4.99,106099768.0,532913999.0,49106484611.0,0.0021606060551977147
981,2024-01-31,4.98,5.02,4.9,4.97,110822537.0,550648078.0,49106484611.0,0.0022567800948874155
982,2024-02-01,4.95,5.01,4.92,4.93,98700527.0,489528407.0,49106484611.0,0.002009928582383003
983,2024-02-02,4.95,5.01,4.84,4.92,137095068.0,679653324.0,49106484611.0,0.0027917915339696355
984,2024-02-05,4.93,5.02,4.88,5.0,189733705.0,942366519.0,49106484611.0,0.0038637199649493763
985,2024-02-06,5.0,5.06,4.97,5.06,169865763.0,853007079.0,49106484611.0,0.0034591309955416673
986,2024-02-07,5.06,5.06,4.97,5.06,189833584.0,952573911.0,49106484611.0,0.003865753891849076
987,2024-02-08,5.07,5.08,4.92,5.03,190708125.0,949981791.0,49106484611.0,0.003883562965476067
988,2024-02-19,5.03,5.1,5.0,5.1,157726783.0,797596904.0,49106484611.0,0.003211933907495971
989,2024-02-20,5.09,5.18,5.07,5.16,109083272.0,559287555.0,49106484611.0,0.0022213618601312998
990,2024-02-21,5.15,5.2,5.12,5.12,150055462.0,773547703.0,49106484611.0,0.0030557158222314926
991,2024-02-22,5.12,5.14,5.1,5.12,109750426.0,561339076.0,49106484611.0,0.0022349477236946334
992,2024-02-23,5.12,5.12,5.07,5.11,90214941.0,459884367.0,49106484611.0,0.0018371288784901452
993,2024-02-26,5.09,5.11,5.02,5.03,93784990.0,474443656.0,49106484611.0,0.0019098290326201009
994,2024-02-27,5.03,5.05,5.01,5.02,94747047.0,476126049.0,49106484611.0,0.0019294202741357784
995,2024-02-28,5.03,5.06,5.01,5.01,119555948.0,601703118.0,49106484611.0,0.0024346264846093076
996,2024-02-29,5.0,5.06,4.98,5.05,116045452.0,582608865.0,49106484611.0,0.0023631390623715196
997,2024-03-01,5.04,5.04,4.98,5.0,104208001.0,521405217.0,49106484611.0,0.0021220822835413696
