,date,open,high,low,close,volume,amount,outstanding_share,turnover
0,2020-04-29,4.38,4.38,4.38,4.38,128886.0,1623964.0,43600000.0,0.0029561009174311928
1,2020-04-30,4.82,4.82,4.82,4.82,44138.0,611753.0,43600000.0,0.0010123394495412843
2,2020-05-06,5.3,5.3,5.3,5.3,33389.0,509182.0,43600000.0,0.000765802752293578
3,2020-05-07,5.83,5.83,5.83,5.83,29241.0,490664.0,43600000.0,0.0006706651376146789
4,2020-05-08,6.42,6.42,6.42,6.42,40705.0,751414.0,43600000.0,0.0009336009174311927
5,2020-05-11,7.06,7.06,7.06,7.06,73088.0,1484417.0,43600000.0,0.0016763302752293577
6,2020-05-12,7.77,7.77,7.77,7.77,70095.0,1565922.0,43600000.0,0.001607683486238532
7,2020-05-13,8.54,8.54,8.54,8.54,110080.0,2704666.0,43600000.0,0.002524770642201835
8,2020-05-14,9.4,9.4,9.4,9.4,63740.0,1722892.0,43600000.0,0.0014619266055045871
9,2020-05-15,10.34,10.34,10.34,10.34,132081.0,3926768.0,43600000.0,0.003029380733944954
10,2020-05-18,11.37,11.37,11.37,11.37,74534.0,2437262.0,43600000.0,0.0017094954128440366
11,2020-05-19,12.51,12.51,12.51,12.51,81717.0,2939360.0,43600000.0,0.001874243119266055
12,2020-05-20,13.76,13.76,13.76,13.76,121727.0,4816737.0,43600000.0,0.0027919036697247705
13,2020-05-21,15.13,15.13,15.13,15.13,71727.0,3122276.0,43600000.0,0.0016451146788990826
14,2020-05-22,16.65,16.65,16.65,16.65,277050.0,13265154.0,43600000.0,0.006354357798165138
15,2020-05-25,18.31,18.31,18.31,18.31,212785.0,11207386.0,43600000.0,0.004880389908256881
16,2020-05-26,20.14,20.14,20.14,20.14,173014.0,10024431.0,43600000.0,0.003968211009174312
17,2020-05-27,22.16,22.16,22.16,22.16,185499.0,11821851.0,43600000.0,0.004254564220183487
18,2020-05-28,24.37,24.37,24.37,24.37,160090.0,11222309.0,43600000.0,0.003671788990825688
19,2020-05-29,26.81,26.81,26.81,26.81,278555.0,21479376.0,43600000.0,0.006388876146788991
20,2020-06-01,29.49,29.49,29.49,29.49,113205.0,9602048.0,43600000.0,0.00259644495412844
21,2020-06-02,32.44,32.44,32.44,32.44,322492.0,30088504.0,43600000.0,0.007396605504587156
22,2020-06-03,35.68,35.68,35.68,35.68,268481.0,27554205.0,43600000.0,0.0061578211009174315
23,2020-06-04,39.25,39.25,39.25,39.25,294719.0,33270828.0,43600000.0,0.006759610091743119
24,2020-06-05,43.17,43.17,43.17,43.17,4069795.0,505387143.0,43600000.0,0.09334392201834862
25,2020-06-08,47.49,47.49,47.49,47.49,1450726.0,198169172.0,43600000.0,0.03327353211009174
26,2020-06-09,50.07,52.2,45.37,50.41,35831331.0,5018070526.0,43600000.0,0.8218195183486239
27,2020-06-10,47.28,47.84,45.72,46.26,16197960.0,2175755298.0,43600000.0,0.37151284403669727
28,2020-06-11,47.81,49.93,47.18,48.57,14905502.0,2082361753.0,43600000.0,0.3418693119266055
29,2020-06-12,49.13,53.43,48.72,53.43,9044461.0,1338238686.0,43600000.0,0.20744176605504588
30,2020-06-15,56.67,58.77,53.89,58.77,13767636.0,2239789691.0,43600000.0,0.31577146788990823
31,2020-06-16,56.32,57.56,53.89,56.62,11105855.0,1793614408.0,43600000.0,0.25472144495412846
32,2020-06-17,56.95,59.1,55.35,57.35,9111778.0,1505694653.0,43600000.0,0.20898573394495412
33,2020-06-18,56.16,56.66,53.5,55.04,7434463.0,1174468836.0,43600000.0,0.17051520642201834
34,2020-06-19,54.81,56.14,54.32,55.49,6121008.0,974795975.0,43600000.0,0.14039009174311926
35,2020-06-22,54.93,55.45,53.26,55.04,5358369.0,837713406.0,43600000.0,0.12289837155963303
36,2020-06-23,54.85,54.92,51.34,52.29,7235816.0,1100687584.0,43600000.0,0.16595908256880734
37,2020-06-24,52.46,55.43,52.46,53.64,5276545.0,817497756.0,43600000.0,0.1210216743119266
38,2020-06-29,54.54,58.69,52.85,57.94,7089139.0,1149463670.0,43600000.0,0.16259493119266055
39,2020-06-30,58.02,60.84,56.32,57.37,6675519.0,1121992118.0,43600000.0,0.15310823394495413
40,2020-07-01,57.93,59.91,57.33,58.78,5574243.0,937293024.0,43600000.0,0.12784961009174312
41,2020-07-02,58.76,58.93,56.5,57.41,4979347.0,822295415.0,43600000.0,0.11420520642201835
42,2020-07-03,56.84,57.02,54.24,55.66,4065553.0,649594515.0,43600000.0,0.09324662844036698
43,2020-07-06,55.44,57.99,54.58,57.29,5055577.0,820720745.0,43600000.0,0.11595360091743119
44,2020-07-07,55.93,61.31,55.93,59.63,6188968.0,1048538190.0,43600000.0,0.14194880733944953
45,2020-07-08,59.8,60.83,58.02,60.15,4565663.0,775929397.0,43600000.0,0.10471704128440366
46,2020-07-09,59.44,66.16,59.14,66.16,6882595.0,1265326804.0,43600000.0,0.15785768348623852
47,2020-07-10,65.5,71.21,65.1,70.23,6138512.0,1210074853.0,43600000.0,0.14079155963302753
48,2020-07-13,72.36,77.25,69.88,77.25,4085714.0,869268305.0,43600000.0,0.0937090366972477
49,2020-07-14,80.66,83.09,77.25,81.05,6568072.0,1521391417.0,43600000.0,0.15064385321100918
50,2020-07-15,77.84,83.44,74.75,75.14,6430338.0,1446333167.0,43600000.0,0.14748481651376147
51,2020-07-16,73.67,74.38,68.49,69.53,6013695.0,1224421084.0,43600000.0,0.13792878440366974
52,2020-07-17,70.39,76.49,67.99,76.49,5920255.0,1260595912.0,43600000.0,0.13578566513761467
53,2020-07-20,75.79,77.6,68.84,69.89,6376622.0,1301491906.0,43600000.0,0.14625279816513762
54,2020-07-21,68.48,74.94,65.69,72.94,5056838.0,1039530601.0,43600000.0,0.11598252293577982
55,2020-07-22,71.6,76.87,70.24,75.2,3878500.0,837476781.0,43600000.0,0.08895642201834862
56,2020-07-23,73.67,81.59,73.36,79.7,4823239.0,1078261650.0,43600000.0,0.11062474770642201
57,2020-07-24,78.57,83.09,72.84,73.01,5254921.0,1177748404.0,43600000.0,0.12052571100917431
58,2020-07-27,73.36,77.65,71.55,77.39,3951549.0,860117728.0,43600000.0,0.09063185779816514
59,2020-07-28,77.14,77.17,71.45,74.75,4587275.0,968070376.0,43600000.0,0.10521272935779817
60,2020-07-29,73.03,78.74,73.03,76.84,4091750.0,900285697.0,43600000.0,0.09384747706422018
61,2020-07-30,81.01,84.52,80.86,84.52,3713883.0,894540741.0,43600000.0,0.08518080275229357
62,2020-07-31,88.31,92.97,81.7,91.34,7130013.0,1781648335.0,43600000.0,0.16353240825688073
63,2020-08-03,89.0,100.37,88.67,100.34,5449183.0,1485456046.0,43600000.0,0.1249812614678899
64,2020-08-04,99.3,103.19,90.31,90.5,6781267.0,1858133257.0,43600000.0,0.15553364678899081
65,2020-08-05,87.79,93.39,85.35,90.85,3461819.0,896482224.0,43600000.0,0.07939951834862385
66,2020-08-06,92.13,92.13,83.05,88.66,4379037.0,1094487249.0,43600000.0,0.10043662844036698
67,2020-08-07,87.27,94.52,86.22,92.24,4334421.0,1128318824.0,43600000.0,0.0994133256880734
68,2020-08-10,93.35,93.35,83.3,88.87,3422615.0,869038734.0,43600000.0,0.07850034403669724
69,2020-08-11,87.27,89.85,86.4,86.81,1996522.0,503808740.0,43600000.0,0.045791788990825685
70,2020-08-12,85.88,88.1,78.16,79.48,3641250.0,853512373.0,43600000.0,0.08351490825688074
71,2020-08-13,79.48,80.66,72.39,74.75,3853658.0,836817162.0,43600000.0,0.08838665137614679
72,2020-08-14,74.05,75.61,70.92,72.31,2879348.0,602087583.0,43600000.0,0.06604009174311927
73,2020-08-17,72.66,77.18,72.14,75.76,2225484.0,476292912.0,43600000.0,0.05104321100917431
74,2020-08-18,75.62,78.33,74.8,75.98,1888649.0,415270981.0,43600000.0,0.0433176376146789
75,2020-08-19,76.11,76.11,70.69,71.31,2306613.0,479472051.0,43600000.0,0.052903967889908254
76,2020-08-20,70.23,73.18,70.23,72.84,1533000.0,318474852.0,43600000.0,0.0351605504587156
77,2020-08-21,74.51,75.8,73.01,73.55,1807384.0,386888884.0,43600000.0,0.041453761467889906
78,2020-08-24,74.02,74.92,70.23,71.63,2408632.0,497334144.0,43600000.0,0.05524385321100917
79,2020-08-25,71.77,73.36,70.63,71.3,1454342.0,300056031.0,43600000.0,0.03335646788990826
80,2020-08-26,71.33,73.06,68.87,68.94,1968313.0,402092935.0,43600000.0,0.04514479357798165
81,2020-08-27,68.34,69.88,66.6,68.95,1530691.0,300417644.0,43600000.0,0.03510759174311927
82,2020-08-28,69.6,75.84,69.55,75.84,2849894.0,599793561.0,43600000.0,0.06536454128440367
83,2020-08-31,76.84,78.23,74.33,75.63,2226418.0,486911697.0,43600000.0,0.051064633027522933
84,2020-09-01,75.63,78.4,75.28,76.77,1501150.0,331842684.0,43600000.0,0.034430045871559636
85,2020-09-02,76.42,76.49,72.95,74.02,1880182.0,400067722.0,43600000.0,0.04312344036697248
86,2020-09-03,73.36,75.27,71.58,73.88,1405657.0,297222734.0,43600000.0,0.032239839449541285
87,2020-09-04,72.72,76.49,72.18,74.35,1671766.0,358731589.0,43600000.0,0.03834325688073394
88,2020-09-07,74.4,74.68,68.14,68.53,2430108.0,494821684.0,43600000.0,0.05573642201834862
89,2020-09-08,69.53,70.92,67.41,68.32,1302780.0,258296094.0,43600000.0,0.029880275229357798
90,2020-09-09,66.75,66.75,61.49,61.49,2246182.0,404164050.0,43600000.0,0.05151793577981651
91,2020-09-10,61.55,62.5,57.71,60.79,2060494.0,359536576.0,43600000.0,0.04725903669724771
92,2020-09-11,60.15,62.82,60.15,62.17,1262774.0,224037248.0,43600000.0,0.02896270642201835
93,2020-09-14,62.6,64.78,61.79,62.69,1546422.0,281285970.0,43600000.0,0.03546839449541284
94,2020-09-15,62.16,64.27,61.74,63.69,1040956.0,189266320.0,43600000.0,0.0238751376146789
95,2020-09-16,63.34,64.53,61.19,62.08,1078952.0,193616823.0,43600000.0,0.024746605504587155
96,2020-09-17,61.49,64.24,60.84,63.62,1259150.0,226610993.0,43600000.0,0.028879587155963303
97,2020-09-18,63.69,65.32,63.62,64.1,1481995.0,275137550.0,43600000.0,0.033990711009174314
98,2020-09-21,64.1,64.49,61.88,62.7,978943.0,176598616.0,43600000.0,0.022452821100917432
99,2020-09-22,62.23,67.41,62.23,64.53,2424378.0,455686028.0,43600000.0,0.055605
100,2020-09-23,64.6,70.91,64.15,69.89,2553609.0,499833204.0,43600000.0,0.05856901376146789
101,2020-09-24,68.49,69.15,65.92,66.08,1745072.0,335807140.0,43600000.0,0.040024587155963305
102,2020-09-25,66.4,67.42,64.63,65.43,1045070.0,198872488.0,43600000.0,0.023969495412844037
103,2020-09-28,66.41,66.41,61.19,62.41,1123376.0,203925858.0,43600000.0,0.025765504587155964
104,2020-09-29,62.52,64.42,60.5,64.38,1250121.0,226708894.0,43600000.0,0.0286725
105,2020-09-30,64.38,65.02,63.38,64.18,851890.0,157252484.0,43600000.0,0.01953876146788991
106,2020-10-09,65.13,66.89,63.91,66.61,1116865.0,210853443.0,43600000.0,0.02561616972477064
107,2020-10-12,66.89,70.18,66.44,69.15,1761152.0,347408787.0,43600000.0,0.04039339449541284
108,2020-10-13,70.16,71.61,68.53,69.81,1392278.0,282253269.0,43600000.0,0.03193298165137615
109,2020-10-14,69.3,70.81,66.13,66.82,1571794.0,307703261.0,43600000.0,0.03605032110091743
110,2020-10-15,66.78,67.75,65.39,65.92,724174.0,137665731.0,43600000.0,0.016609495412844035
111,2020-10-16,66.06,67.38,64.9,66.26,733308.0,139120393.0,43600000.0,0.016818990825688072
112,2020-10-19,66.06,66.4,62.59,63.14,1237606.0,228070318.0,43600000.0,0.02838545871559633
113,2020-10-20,62.58,64.14,61.96,63.62,735601.0,134183870.0,43600000.0,0.01687158256880734
114,2020-10-21,63.99,66.05,63.81,64.8,927156.0,173461393.0,43600000.0,0.021265045871559633
115,2020-10-22,64.25,64.25,62.22,62.93,793603.0,143649263.0,43600000.0,0.01820190366972477
116,2020-10-23,62.93,63.28,58.72,60.03,1390855.0,242797940.0,43600000.0,0.03190034403669725
117,2020-10-26,59.12,60.95,58.44,60.58,650510.0,112349079.0,43600000.0,0.014919954128440367
118,2020-10-27,60.5,60.91,59.46,60.5,727055.0,125868105.0,43600000.0,0.01667557339449541
119,2020-10-28,62.58,66.54,62.58,66.54,2145156.0,402943111.0,43600000.0,0.049200825688073394
120,2020-10-29,66.79,69.88,66.06,67.85,2300515.0,448838670.0,43600000.0,0.052764105504587155
121,2020-10-30,67.85,68.09,65.6,66.93,1446825.0,278853976.0,43600000.0,0.03318405963302752
122,2020-11-02,67.09,67.8,64.29,66.23,957901.0,182934545.0,43600000.0,0.02197020642201835
123,2020-11-03,67.41,67.8,65.36,67.8,986615.0,190074986.0,43600000.0,0.022628784403669725
124,2020-11-04,67.8,69.19,66.27,67.8,1118600.0,218239915.0,43600000.0,0.025655963302752292
125,2020-11-05,68.56,69.36,66.75,68.67,1421327.0,278972006.0,43600000.0,0.032599243119266055
126,2020-11-06,68.49,68.49,66.41,67.65,730290.0,141179046.0,43600000.0,0.016749770642201834
127,2020-11-09,67.43,72.4,66.75,72.14,2049226.0,409005662.0,43600000.0,0.04700059633027523
128,2020-11-10,72.19,75.76,68.84,69.01,2029448.0,417859699.0,43600000.0,0.04654697247706422
129,2020-11-11,68.34,68.34,64.43,66.16,1555103.0,295245139.0,43600000.0,0.0356675
130,2020-11-12,66.06,67.3,65.54,65.96,550640.0,105086027.0,43600000.0,0.012629357798165137
131,2020-11-13,65.37,66.68,64.8,65.57,487013.0,92112930.0,43600000.0,0.011170022935779816
132,2020-11-16,66.41,66.41,64.85,65.56,434777.0,81975738.0,43600000.0,0.009971949541284404
133,2020-11-17,65.19,65.56,61.75,62.6,1038999.0,188528766.0,43600000.0,0.02383025229357798
134,2020-11-18,62.61,63.97,62.61,63.58,501084.0,91473971.0,43600000.0,0.011492752293577982
135,2020-11-19,63.28,63.97,61.89,63.69,460710.0,83696521.0,43600000.0,0.010566743119266055
136,2020-11-20,63.12,64.48,62.89,63.43,439010.0,80244844.0,43600000.0,0.010069036697247706
137,2020-11-23,64.18,64.32,62.51,62.62,824540.0,149536640.0,43600000.0,0.018911467889908256
138,2020-11-24,61.89,62.15,61.23,61.27,849685.0,150152826.0,43600000.0,0.019488188073394495
139,2020-11-25,61.27,62.04,59.1,59.49,1287472.0,221683409.0,43600000.0,0.029529174311926604
140,2020-11-26,59.49,60.85,59.14,59.91,541029.0,93313285.0,43600000.0,0.012408922018348624
141,2020-11-27,59.8,60.77,59.09,59.87,405524.0,69757757.0,43600000.0,0.009301009174311927
142,2020-11-30,59.11,59.93,58.69,58.93,1270491.0,215794099.0,43600000.0,0.029139701834862385
143,2020-12-01,59.04,60.15,58.76,59.45,902947.0,155077289.0,43600000.0,0.020709793577981653
144,2020-12-02,59.61,60.38,59.34,59.79,733600.0,126169722.0,43600000.0,0.016825688073394494
145,2020-12-03,59.76,64.63,59.45,64.14,2318132.0,416132516.0,43600000.0,0.05316816513761468
146,2020-12-04,62.86,63.86,61.58,62.86,1489138.0,269606488.0,43600000.0,0.03415454128440367
147,2020-12-07,61.19,66.0,60.72,65.43,1715357.0,314223270.0,43600000.0,0.0393430504587156
148,2020-12-08,64.64,66.06,63.27,63.42,1336276.0,247623721.0,43600000.0,0.030648532110091744
149,2020-12-09,63.45,65.78,62.25,64.7,1440441.0,266876583.0,43600000.0,0.0330376376146789
150,2020-12-10,64.33,67.17,64.15,66.27,1619368.0,307438734.0,43600000.0,0.037141467889908256
151,2020-12-11,65.71,69.19,65.56,67.21,2440530.0,478010863.0,43600000.0,0.05597545871559633
152,2020-12-14,67.21,71.62,66.89,70.49,1774932.0,358397191.0,43600000.0,0.0407094495412844
153,2020-12-15,70.58,73.7,68.84,70.0,1849027.0,378500473.0,43600000.0,0.04240887614678899
154,2020-12-16,70.16,72.3,70.16,70.58,1245932.0,255300607.0,43600000.0,0.028576422018348625
155,2020-12-17,70.81,72.21,70.06,70.65,1653457.0,337791473.0,43600000.0,0.0379233256880734
156,2020-12-18,70.26,71.26,69.22,69.53,1214225.0,244696429.0,43600000.0,0.02784919724770642
157,2020-12-21,69.83,71.2,68.19,70.77,1252586.0,250829109.0,43600000.0,0.028729036697247707
158,2020-12-22,69.53,70.92,67.45,67.59,1338571.0,264979897.0,43600000.0,0.030701169724770643
159,2020-12-23,67.59,69.18,65.81,68.91,1265434.0,245750287.0,43600000.0,0.029023715596330275
160,2020-12-24,68.91,70.53,67.28,69.93,1002500.0,198843145.0,43600000.0,0.022993119266055045
161,2020-12-25,69.36,72.49,68.18,70.9,1174394.0,238871468.0,43600000.0,0.026935642201834864
162,2020-12-28,70.23,72.23,70.23,71.38,812772.0,166939288.0,43600000.0,0.01864155963302752
163,2020-12-29,70.23,71.27,68.0,68.07,869474.0,172190007.0,43600000.0,0.019942064220183485
164,2020-12-30,67.58,68.92,67.1,67.4,847420.0,165404696.0,43600000.0,0.01943623853211009
165,2020-12-31,66.78,70.75,66.77,70.07,1216999.0,241495671.0,43600000.0,0.02791282110091743
166,2021-01-04,71.23,77.07,70.93,76.84,2261716.0,488105910.0,43600000.0,0.05187422018348624
167,2021-01-05,77.1,82.38,75.82,81.01,2880557.0,664447301.0,43600000.0,0.06606782110091743
168,2021-01-06,81.7,89.11,81.2,89.11,3033242.0,744824213.0,43600000.0,0.06956977064220184
169,2021-01-07,87.94,87.94,81.83,85.53,2912615.0,706090735.0,43600000.0,0.06680309633027523
170,2021-01-08,85.55,91.37,85.55,88.1,1820353.0,465541227.0,43600000.0,0.04175121559633028
171,2021-01-11,87.96,92.13,84.28,88.83,2011020.0,516079513.0,43600000.0,0.0461243119266055
172,2021-01-12,89.0,97.71,89.0,97.71,2884350.0,793660346.0,43600000.0,0.06615481651376147
173,2021-01-13,98.04,102.15,93.88,100.06,2799575.0,788766259.0,43600000.0,0.06421043577981651
174,2021-01-14,100.82,100.83,90.4,90.4,2433528.0,655968753.0,43600000.0,0.0558148623853211
175,2021-01-15,89.7,90.12,83.16,85.54,2372176.0,588111013.0,43600000.0,0.05440770642201835
176,2021-01-18,85.54,94.09,85.18,94.09,2185185.0,575142388.0,43600000.0,0.050118922018348624
177,2021-01-19,95.33,98.39,93.17,95.46,1995733.0,550246871.0,43600000.0,0.04577369266055046
178,2021-01-20,95.61,101.8,90.42,100.89,2566717.0,715716548.0,43600000.0,0.05886965596330275
179,2021-01-21,102.2,107.43,100.95,107.32,2370498.0,712008803.0,43600000.0,0.054369220183486236
180,2021-01-22,105.66,110.6,102.95,109.52,1926692.0,591977005.0,43600000.0,0.04419018348623853
181,2021-01-25,109.52,112.0,104.3,108.87,2032581.0,629417234.0,43600000.0,0.04661883027522936
182,2021-01-26,105.72,108.53,102.6,106.08,1139561.0,346376295.0,43600000.0,0.02613672018348624
183,2021-01-27,105.87,113.34,105.35,111.46,1734738.0,547659478.0,43600000.0,0.03978756880733945
184,2021-01-28,107.78,113.28,106.94,109.1,1376250.0,436469508.0,43600000.0,0.03156536697247706
185,2021-01-29,109.87,118.86,109.87,112.65,2303736.0,759651823.0,43600000.0,0.05283798165137615
186,2021-02-01,112.99,117.85,109.24,115.42,1650524.0,541836069.0,43600000.0,0.03785605504587156
187,2021-02-02,115.78,116.62,110.9,111.5,1717530.0,558351322.0,43600000.0,0.03939288990825688
188,2021-02-03,110.91,112.99,106.41,110.63,1740262.0,548095240.0,43600000.0,0.039914266055045874
189,2021-02-04,109.17,111.6,105.52,107.19,1397960.0,434430304.0,43600000.0,0.032063302752293577
190,2021-02-05,107.22,114.7,107.08,107.78,1742313.0,553418381.0,43600000.0,0.03996130733944954
191,2021-02-08,107.11,112.99,104.35,109.52,1524060.0,478673291.0,43600000.0,0.03495550458715596
192,2021-02-09,111.32,112.99,109.87,110.6,1185817.0,379117531.0,43600000.0,0.027197637614678898
193,2021-02-10,110.62,119.6,108.82,117.35,1993047.0,658163007.0,43600000.0,0.0457120871559633
194,2021-02-18,119.6,119.84,106.04,106.81,2669397.0,842525579.0,43600000.0,0.06122470183486239
195,2021-02-19,106.04,109.17,101.14,105.62,1544277.0,466574322.0,43600000.0,0.035419197247706424
196,2021-02-22,105.65,106.39,95.05,95.06,2456113.0,693908481.0,43600000.0,0.056332866972477066
197,2021-02-23,92.1,96.65,87.34,91.42,1993110.0,528920028.0,43600000.0,0.04571353211009174
198,2021-02-24,92.13,92.13,85.2,86.79,1839968.0,464039719.0,43600000.0,0.04220110091743119
199,2021-02-25,87.39,92.2,87.39,88.31,1575782.0,406852525.0,43600000.0,0.036141788990825686
200,2021-02-26,86.57,89.7,84.57,86.78,1674706.0,417554679.0,43600000.0,0.0384106880733945
201,2021-03-01,87.97,88.89,84.2,86.26,1785782.0,441605894.0,43600000.0,0.04095830275229358
202,2021-03-02,87.96,87.96,84.24,85.31,1125705.0,277747858.0,43600000.0,0.025818922018348622
203,2021-03-03,85.01,85.49,82.39,84.55,1253133.0,301801219.0,43600000.0,0.02874158256880734
204,2021-03-04,83.0,83.09,77.27,78.23,1490250.0,342086190.0,43600000.0,0.034180045871559636
205,2021-03-05,79.54,84.26,78.26,82.12,1660297.0,390247732.0,43600000.0,0.03808020642201835
206,2021-03-08,81.67,81.98,74.5,75.56,2044606.0,460422344.0,43600000.0,0.04689463302752293
207,2021-03-09,75.56,76.84,70.48,71.13,1498684.0,314973450.0,43600000.0,0.03437348623853211
208,2021-03-10,73.08,74.58,72.42,73.36,1198860.0,254019836.0,43600000.0,0.027496788990825687
209,2021-03-11,74.05,78.71,73.4,77.53,1290078.0,284595662.0,43600000.0,0.029588944954128442
210,2021-03-12,77.52,80.24,76.14,80.24,1484571.0,336515761.0,43600000.0,0.03404979357798165
211,2021-03-15,79.14,79.14,74.25,75.69,1625503.0,355571750.0,43600000.0,0.03728217889908257
212,2021-03-16,76.31,83.26,75.62,80.21,1351778.0,309341178.0,43600000.0,0.03100408256880734
213,2021-03-17,80.24,83.44,78.57,82.05,1025654.0,241205130.0,43600000.0,0.023524174311926604
214,2021-03-18,81.79,83.79,81.36,82.41,845985.0,201170225.0,43600000.0,0.019403325688073396
215,2021-03-19,80.31,82.86,78.71,82.86,1316763.0,308383016.0,43600000.0,0.03020098623853211
216,2021-03-22,82.19,82.29,80.12,80.66,820094.0,191486568.0,43600000.0,0.018809495412844036
217,2021-03-23,81.01,84.72,81.01,83.16,1013071.0,241191066.0,43600000.0,0.023235573394495414
218,2021-03-24,82.09,87.77,81.82,86.4,1287537.0,319421149.0,43600000.0,0.029530665137614678
219,2021-03-25,85.18,88.89,83.89,88.0,1030327.0,256902045.0,43600000.0,0.023631353211009173
220,2021-03-26,86.39,88.65,82.75,86.52,1286391.0,318046353.0,43600000.0,0.029504380733944954
221,2021-03-29,86.52,87.5,84.66,85.91,813431.0,201529503.0,43600000.0,0.018656674311926604
222,2021-03-30,86.24,88.29,85.92,86.7,626797.0,157213147.0,43600000.0,0.014376077981651376
223,2021-03-31,86.22,87.09,83.44,84.35,1130359.0,276123241.0,43600000.0,0.02592566513761468
224,2021-04-01,85.18,87.53,83.69,87.16,838581.0,207111451.0,43600000.0,0.019233509174311925
225,2021-04-02,87.93,91.09,87.16,90.78,868378.0,224753760.0,43600000.0,0.019916926605504585
226,2021-04-06,91.03,91.99,89.19,90.22,538992.0,140065625.0,43600000.0,0.012362201834862386
227,2021-04-07,89.35,91.03,87.27,88.9,561402.0,143126684.0,43600000.0,0.012876192660550458
228,2021-04-08,87.96,97.71,86.57,97.44,1474469.0,397503824.0,43600000.0,0.03381809633027523
229,2021-04-09,96.67,102.08,96.31,100.99,1686966.0,483901947.0,43600000.0,0.03869188073394495
230,2021-04-12,101.45,102.49,97.42,98.74,1085335.0,311855457.0,43600000.0,0.024893004587155963
231,2021-04-13,97.35,106.04,97.25,103.15,1466130.0,434437319.0,43600000.0,0.033626834862385324
232,2021-04-14,101.87,104.3,100.86,102.31,784298.0,230857046.0,43600000.0,0.01798848623853211
233,2021-04-15,101.69,107.27,101.35,105.21,1111360.0,336296627.0,43600000.0,0.025489908256880734
234,2021-04-16,105.21,105.69,98.81,102.08,1144696.0,334864006.0,43600000.0,0.026254495412844036
235,2021-04-19,103.63,105.0,101.52,103.28,1141264.0,339680533.0,43600000.0,0.026175779816513763
236,2021-04-20,102.57,104.96,100.44,103.27,885494.0,261839231.0,43600000.0,0.020309495412844037
237,2021-04-21,103.36,108.82,102.66,108.33,1717694.0,526369596.0,43600000.0,0.03939665137614679
238,2021-04-22,107.78,112.02,105.43,106.04,1878341.0,586311551.0,43600000.0,0.043081215596330276
239,2021-04-23,107.43,111.26,106.21,108.86,1422445.0,446611907.0,43600000.0,0.032624885321100916
240,2021-04-26,110.36,111.6,102.39,103.08,1695642.0,517990732.0,43600000.0,0.03889087155963303
241,2021-04-27,103.52,106.28,101.87,104.65,1288419.0,388059738.0,43600000.0,0.029550894495412844
242,2021-04-28,104.3,107.08,102.29,106.39,1223643.0,369287602.0,43600000.0,0.02806520642201835
243,2021-04-29,101.87,107.29,101.56,104.56,1984102.0,594513939.0,107724482.0,0.018418301607614134
244,2021-04-30,103.61,107.4,102.56,107.13,2060042.0,626232746.0,107724482.0,0.019123248139638303
245,2021-05-06,104.65,104.86,99.44,102.73,1614703.0,475515754.0,107724482.0,0.014989192521714795
246,2021-05-07,103.0,106.25,100.99,101.11,1107417.0,331230961.0,107724482.0,0.01028008656379522
247,2021-05-10,101.17,105.23,101.17,105.23,1320080.0,394757583.0,107724482.0,0.012254224624630824
248,2021-05-11,104.48,108.05,102.81,107.78,1532267.0,467558018.0,107724482.0,0.014223944005597539
249,2021-05-12,107.78,108.44,102.91,107.08,1340157.0,406852841.0,107724482.0,0.012440598229100791
250,2021-05-13,106.39,108.15,104.75,107.0,1007844.0,308173281.0,107724482.0,0.009355756289457024
251,2021-05-14,107.08,113.31,105.0,112.96,1968692.0,624130891.0,107724482.0,0.018275251488329272
252,2021-05-17,113.34,116.29,111.95,113.59,1241743.0,407083836.0,107724482.0,0.011527026883266888
253,2021-05-18,114.96,116.42,113.06,115.35,1051064.0,247670441.0,107724482.0,0.009756964995199513
254,2021-05-19,114.42,115.15,110.28,114.96,1805231.0,418118848.0,150814275.0,0.011969894759630678
255,2021-05-20,113.74,118.06,113.5,116.13,1355646.0,324263588.0,150814275.0,0.00898884406002018
256,2021-05-21,116.45,116.91,111.35,111.6,1399229.0,324578784.0,150814275.0,0.009277828640558063
257,2021-05-24,111.21,112.29,106.68,110.03,1424468.0,320065850.0,150814275.0,0.009445180172765476
258,2021-05-25,111.45,111.99,109.11,110.2,1660527.0,376874921.0,150814275.0,0.01101040998937269
259,2021-05-26,109.6,110.69,107.17,107.82,1283212.0,285638686.0,150814275.0,0.00850855795978199
260,2021-05-27,107.75,108.04,102.95,107.13,1744442.0,379365197.0,150814275.0,0.011566822835570438
261,2021-05-28,106.93,108.57,104.23,105.64,1552142.0,338902608.0,150814275.0,0.010291744597784262
262,2021-05-31,104.49,110.84,104.49,110.58,2155441.0,482462866.0,150814275.0,0.014292022422943716
263,2021-06-01,110.67,112.86,108.69,112.04,1673195.0,382629570.0,150814275.0,0.01109440734307147
264,2021-06-02,111.27,111.87,108.91,110.42,1222120.0,277022462.0,150814275.0,0.00810347694208655
265,2021-06-03,110.09,111.5,108.63,108.88,1028261.0,231995228.0,150814275.0,0.006818061486553577
266,2021-06-04,109.1,115.98,108.88,114.81,2581984.0,603296568.0,150814275.0,0.01712028917687003
267,2021-06-07,115.24,116.42,113.71,115.47,1435906.0,339648794.0,150814275.0,0.00952102179982631
268,2021-06-08,115.5,117.4,110.32,111.55,1694585.0,395572532.0,150814275.0,0.011236237418506968
269,2021-06-09,110.44,112.48,108.66,111.66,954706.0,217917885.0,150814275.0,0.006330342402932348
270,2021-06-10,112.83,118.37,112.79,118.13,2730584.0,653472646.0,150814275.0,0.01810560704548691
271,2021-06-11,117.66,124.14,115.93,122.8,2593605.0,645878964.0,150814275.0,0.01719734421691846
272,2021-06-15,122.94,125.97,120.96,122.46,1727958.0,438291123.0,150814275.0,0.011457522837277837
273,2021-06-16,123.9,125.23,120.32,121.22,1494710.0,375472937.0,150814275.0,0.009910931839840757
274,2021-06-17,122.56,122.58,116.42,117.6,1734557.0,420363383.0,150814275.0,0.01150127864222402
275,2021-06-18,119.36,124.7,117.52,123.22,1603775.0,402300752.0,150814275.0,0.010634106088432278
276,2021-06-21,123.65,124.12,119.34,121.58,1128749.0,282510820.0,150814275.0,0.007484364460857568
277,2021-06-22,121.29,124.99,120.8,124.46,1378394.0,348645738.0,150814275.0,0.009139678588117737
278,2021-06-23,124.7,127.14,122.75,125.92,1480163.0,380276387.0,150814275.0,0.009814475453334906
279,2021-06-24,126.65,127.14,120.82,122.75,1234873.0,312287715.0,150814275.0,0.008188037902910715
280,2021-06-25,124.21,125.18,121.84,124.21,967400.0,246272286.0,150814275.0,0.006414512154104776
281,2021-06-28,124.21,129.09,122.76,128.6,1528266.0,397513312.0,150814275.0,0.010133430671599223
282,2021-06-29,127.97,129.08,124.65,125.34,1063653.0,275983694.0,150814275.0,0.007052734232220392
283,2021-06-30,125.28,126.65,122.75,126.25,1139851.0,292132357.0,150814275.0,0.007557978182105109
284,2021-07-01,125.19,126.16,122.75,123.14,888025.0,225912792.0,150814275.0,0.00588820255907473
285,2021-07-02,122.75,123.14,118.86,120.3,1061050.0,263413005.0,150814275.0,0.007035474592839438
286,2021-07-05,120.22,124.51,119.34,123.45,986088.0,247817661.0,150814275.0,0.006538426153625047
287,2021-07-06,123.68,126.25,118.86,125.49,1640916.0,412678360.0,150814275.0,0.010880375879537928
288,2021-07-07,123.98,127.14,122.51,126.07,1232721.0,316803539.0,150814275.0,0.008173768696630342
289,2021-07-08,126.16,127.87,123.71,123.73,969296.0,249615577.0,150814275.0,0.006427083908336927
290,2021-07-09,121.73,123.03,119.52,121.83,930566.0,231049767.0,150814275.0,0.0061702779793225805
291,2021-07-12,121.75,129.0,119.87,128.59,1786215.0,462240163.0,150814275.0,0.011843805899673621
292,2021-07-13,128.59,136.88,128.16,135.95,1858563.0,509163983.0,150814275.0,0.012323521762114362
293,2021-07-14,135.42,137.27,133.96,135.0,1133715.0,314763064.0,150814275.0,0.007517292378324267
294,2021-07-15,135.91,139.8,133.96,136.34,1183457.0,330734190.0,150814275.0,0.00784711526810045
295,2021-07-16,136.36,136.38,132.15,132.34,865636.0,237708899.0,150814275.0,0.005739748442247923
296,2021-07-19,133.47,135.9,132.01,133.27,788870.0,216508130.0,150814275.0,0.005230738270631211
297,2021-07-20,133.22,135.42,131.28,132.93,796999.0,217661750.0,150814275.0,0.005284639003834352
298,2021-07-21,133.22,137.7,132.01,135.49,1382059.0,384758822.0,150814275.0,0.00916398000122999
299,2021-07-22,136.39,136.39,129.96,131.03,1536171.0,416094872.0,150814275.0,0.010185846134260169
300,2021-07-23,131.23,132.77,123.97,127.14,1473361.0,386657184.0,150814275.0,0.009769373621959858
301,2021-07-26,128.15,130.05,120.32,125.72,1579130.0,405560963.0,150814275.0,0.010470693175430508
302,2021-07-27,123.71,127.39,120.8,121.4,1442670.0,366775209.0,150814275.0,0.009565871665662948
303,2021-07-28,120.8,126.55,118.36,125.42,1311720.0,330971076.0,150814275.0,0.008697585158964561
304,2021-07-29,126.16,133.96,125.77,131.04,1270830.0,342768177.0,150814275.0,0.008426456978293334
305,2021-07-30,131.03,135.17,128.6,133.52,1193083.0,323879494.0,150814275.0,0.007910942117382457
306,2021-08-02,132.2,138.62,131.08,138.3,1421991.0,395952388.0,150814275.0,0.009428755998064507
307,2021-08-03,137.67,146.02,137.67,143.21,1523072.0,444553775.0,150814275.0,0.010098990960902077
308,2021-08-04,143.29,144.97,140.16,142.2,1106298.0,323511808.0,150814275.0,0.0073354992423628335
309,2021-08-05,141.92,145.75,140.79,143.6,1216573.0,359959595.0,150814275.0,0.008066696604151033
310,2021-08-06,143.98,145.16,136.39,137.76,1525227.0,434641470.0,150814275.0,0.01011328005919864
311,2021-08-09,137.11,139.59,135.91,136.39,1001301.0,282540853.0,150814275.0,0.006639298567725104
312,2021-08-10,136.82,138.78,133.42,135.52,896812.0,248647442.0,150814275.0,0.005946466274495568
313,2021-08-11,135.41,135.91,123.14,124.8,2665737.0,696507851.0,150814275.0,0.01767562785419351
314,2021-08-12,124.6,127.62,122.32,123.92,1591843.0,407846170.0,150814275.0,0.01055498890937214
315,2021-08-13,123.09,124.48,119.73,120.5,1418523.0,353521312.0,150814275.0,0.009405760827348737
316,2021-08-16,120.32,127.14,119.39,125.8,1334677.0,340368326.0,150814275.0,0.008849805497523362
317,2021-08-17,124.7,129.08,120.84,121.91,1313951.0,335355289.0,150814275.0,0.00871237818833794
318,2021-08-18,124.46,128.56,120.75,121.88,2446755.0,625953092.0,150814275.0,0.01622363002441248
319,2021-08-19,122.24,122.24,114.47,116.56,2445840.0,588733564.0,150814275.0,0.016217562959474494
320,2021-08-20,116.42,116.42,106.51,109.6,2354929.0,536730333.0,150814275.0,0.015614761931521403
321,2021-08-23,111.8,112.52,107.26,111.02,1665776.0,378217016.0,150814275.0,0.011045214387033323
322,2021-08-24,109.8,115.83,109.8,113.67,1374077.0,321008873.0,150814275.0,0.009111053976820166
323,2021-08-25,114.62,120.1,113.68,120.1,1670097.0,402173783.0,150814275.0,0.011073865521019148
324,2021-08-26,120.71,121.36,112.33,113.99,1967950.0,468478993.0,150814275.0,0.013048831087110288
325,2021-08-27,113.77,118.13,112.9,115.69,1670136.0,398505147.0,150814275.0,0.01107412411722962
326,2021-08-30,114.47,116.86,108.24,109.55,2314912.0,530984462.0,150814275.0,0.015349422327561498
327,2021-08-31,110.24,113.3,107.67,113.3,4082990.0,935306112.0,150814275.0,0.027072967728021768
328,2021-09-01,112.09,112.18,104.54,106.12,3307299.0,725884737.0,150814275.0,0.02192961508451372
329,2021-09-02,105.22,106.44,96.84,98.07,3062184.0,627043343.0,150814275.0,0.02030433790170062
330,2021-09-03,97.33,97.76,94.29,94.99,1744871.0,342153592.0,150814275.0,0.011569667393885626
331,2021-09-06,95.96,99.47,94.55,97.91,1632137.0,326699194.0,150814275.0,0.010822165209493598
332,2021-09-07,98.61,98.86,94.05,95.26,1963552.0,385376220.0,150814275.0,0.013019669391375584
333,2021-09-08,94.74,95.42,91.49,91.61,2285306.0,434335558.0,150814275.0,0.015153114650453348
334,2021-09-09,92.0,93.31,90.75,93.09,1629141.0,308772141.0,150814275.0,0.01080229971599174
335,2021-09-10,92.55,93.33,91.26,91.69,1130792.0,213545825.0,150814275.0,0.007497910923883034
336,2021-09-13,92.48,93.96,89.29,90.25,1499947.0,281659349.0,150814275.0,0.00994565666943663
337,2021-09-14,90.52,92.31,87.49,87.92,2316838.0,425452460.0,150814275.0,0.015362193001955552
338,2021-09-15,87.95,88.9,85.0,87.19,1955028.0,348727278.0,150814275.0,0.012963149542707412
339,2021-09-16,87.19,87.68,84.81,85.15,1461712.0,257402110.0,150814275.0,0.009692132923093653
340,2021-09-17,83.78,93.61,83.73,93.08,3133578.0,576241069.0,150814275.0,0.020777728102992905
341,2021-09-22,90.28,102.38,90.26,100.83,3138161.0,623580880.0,150814275.0,0.02080811647305933
342,2021-09-23,99.08,107.36,99.08,104.0,3940331.0,838939607.0,150814275.0,0.026127042682133374
343,2021-09-24,102.23,106.99,101.33,104.97,2485114.0,534341007.0,150814275.0,0.016477975974091313
344,2021-09-27,105.7,109.88,105.0,107.45,2692510.0,595936879.0,150814275.0,0.01785315083734613
345,2021-09-28,109.11,112.52,105.7,110.51,2154990.0,488042242.0,150814275.0,0.014289031989843137
346,2021-09-29,110.52,112.93,106.19,111.25,2322737.0,523049171.0,150814275.0,0.015401307336457374
347,2021-09-30,111.24,112.7,106.97,108.14,1625971.0,363923481.0,150814275.0,0.010781280485550854
348,2021-10-08,105.24,109.6,101.08,106.68,2146445.0,466727139.0,150814275.0,0.014232372897061633
349,2021-10-11,106.63,111.06,105.51,108.08,1432757.0,319862434.0,150814275.0,0.009500141813498755
350,2021-10-12,107.65,111.66,107.17,109.99,1614776.0,364339623.0,150814275.0,0.01070705011180142
351,2021-10-13,111.06,111.54,108.63,110.52,1006117.0,227563546.0,150814275.0,0.006671231884382297
352,2021-10-14,110.45,112.52,108.14,108.78,1033793.0,232943150.0,150814275.0,0.006854742364408144
353,2021-10-15,109.85,119.1,109.12,118.15,2577771.0,614637904.0,150814275.0,0.017092354155467046
354,2021-10-18,118.17,122.56,111.44,114.67,2372140.0,563227594.0,150814275.0,0.015728882428404076
355,2021-10-19,113.43,117.16,113.02,114.94,1302026.0,309136636.0,150814275.0,0.008633307423982245
356,2021-10-20,116.42,116.42,111.65,112.26,1133841.0,263305234.0,150814275.0,0.007518127843004252
357,2021-10-21,112.36,114.36,109.7,113.77,1074116.0,246598193.0,150814275.0,0.007122110954019439
358,2021-10-22,111.08,113.01,107.85,110.24,1334403.0,301448123.0,150814275.0,0.008847988693377997
359,2021-10-25,110.76,111.5,107.75,110.7,972071.0,219266888.0,150814275.0,0.00644548402331278
360,2021-10-26,110.3,111.5,108.95,109.36,922492.0,207990106.0,150814275.0,0.006116741933082926
361,2021-10-27,109.36,113.01,109.12,110.95,1061204.0,241941036.0,150814275.0,0.007036495716337197
362,2021-10-28,110.94,113.5,107.07,109.11,1194402.0,267762631.0,150814275.0,0.007919687973834041
363,2021-10-29,109.17,109.66,104.97,107.76,1019899.0,224097879.0,150814275.0,0.006762615806759672
364,2021-11-01,108.13,111.69,106.72,108.42,1283866.0,288916698.0,150814275.0,0.008512894419311435
365,2021-11-02,107.91,110.23,103.19,105.82,1650578.0,359873201.0,150814275.0,0.010944441433014216
366,2021-11-03,106.24,109.6,105.61,106.92,1148447.0,254271429.0,150814275.0,0.0076149754391618436
367,2021-11-04,107.95,111.75,106.68,111.35,2006332.0,451567183.0,150814275.0,0.013303329542246582
368,2021-11-05,111.74,113.89,107.59,108.14,1389564.0,316157499.0,150814275.0,0.009213743195065587
369,2021-11-08,107.84,107.84,99.28,101.98,2239866.0,468940023.0,150814275.0,0.014851816911893785
370,2021-11-09,102.29,103.75,99.96,102.75,1411172.0,294451495.0,150814275.0,0.0093570187570109
371,2021-11-10,102.38,106.53,100.39,105.98,1731674.0,368027769.0,150814275.0,0.011482162414665322
372,2021-11-11,105.82,106.58,103.58,105.07,795976.0,172008093.0,150814275.0,0.005277855826313523
373,2021-11-12,105.13,106.51,103.79,103.92,914637.0,196915755.0,150814275.0,0.00606465800402515
374,2021-11-15,103.81,108.14,103.81,107.01,1193601.0,261486218.0,150814275.0,0.007914376805511282
375,2021-11-16,108.68,117.71,108.68,117.71,2155526.0,512457060.0,150814275.0,0.014292586030069103
376,2021-11-17,115.45,124.17,115.45,121.48,3581424.0,891294721.0,150814275.0,0.023747248063885198
377,2021-11-18,120.2,126.16,120.2,123.82,1788824.0,454620487.0,150814275.0,0.011861105323086955
378,2021-11-19,125.92,128.11,121.0,123.37,1582295.0,403059860.0,150814275.0,0.010491679252511077
379,2021-11-22,123.26,125.56,120.05,120.8,1740225.0,434866462.0,150814275.0,0.011538861291479205
380,2021-11-23,119.2,121.38,116.42,118.18,1554263.0,377161736.0,150814275.0,0.01030580825323067
381,2021-11-24,119.1,119.93,114.11,117.4,1400468.0,335139043.0,150814275.0,0.00928604404324458
382,2021-11-25,117.88,124.7,117.0,121.97,2515582.0,626981632.0,150814275.0,0.01667999929051809
383,2021-11-26,121.59,122.06,118.37,119.83,1309900.0,323118876.0,150814275.0,0.008685517335809226
384,2021-11-29,123.24,125.24,117.51,118.84,1539606.0,379342733.0,150814275.0,0.010208622492797846
385,2021-11-30,118.38,122.02,116.96,122.02,1323308.0,323638003.0,150814275.0,0.0087744213868349
386,2021-12-01,119.83,119.83,115.93,115.98,1645591.0,395863405.0,150814275.0,0.010911374271434186
387,2021-12-02,115.61,117.08,114.72,116.08,1173818.0,279294199.0,150814275.0,0.00778320222008162
388,2021-12-03,116.47,119.68,116.47,117.73,1079281.0,261377238.0,150814275.0,0.007156358375226748
389,2021-12-06,116.91,118.61,115.19,115.69,858200.0,205270598.0,150814275.0,0.0056904427647846995
390,2021-12-07,115.69,120.8,115.64,117.15,1424727.0,345997408.0,150814275.0,0.009446897516829889
391,2021-12-08,117.09,119.14,116.55,117.83,923964.0,223597107.0,150814275.0,0.006126502282360208
392,2021-12-09,118.8,121.16,117.09,119.1,1583810.0,387648127.0,150814275.0,0.010501724720687083
393,2021-12-10,118.51,122.51,118.37,120.51,3029651.0,755587384.0,150814275.0,0.02008862224746298
394,2021-12-13,120.51,122.21,118.67,119.12,1267124.0,312062524.0,150814275.0,0.008401883707626482
395,2021-12-14,119.45,120.96,117.97,118.73,1108071.0,270504833.0,150814275.0,0.007347255423931189
396,2021-12-15,119.59,120.52,118.27,118.71,1337121.0,327727763.0,150814275.0,0.00886601086004624
397,2021-12-16,118.56,121.29,117.98,119.61,1052544.0,258061611.0,150814275.0,0.006979074096268407
398,2021-12-17,119.21,119.34,112.52,112.62,1502552.0,353761901.0,150814275.0,0.00996292957016171
399,2021-12-20,113.5,116.91,112.66,114.51,1169816.0,276689354.0,150814275.0,0.007756666270484011
400,2021-12-21,115.44,117.65,113.0,113.94,900293.0,211158153.0,150814275.0,0.005969547643948161
401,2021-12-22,114.53,114.77,110.25,113.0,1219433.0,282105997.0,150814275.0,0.008085660326252273
402,2021-12-23,113.11,113.99,109.65,110.87,1292845.0,295088982.0,150814275.0,0.00857243122376844
403,2021-12-24,110.87,112.59,109.66,111.77,825551.0,189303366.0,150814275.0,0.005473957952587711
404,2021-12-27,112.35,112.91,108.76,110.0,673879.0,151811644.0,150814275.0,0.004468270659392156
405,2021-12-28,109.47,111.49,108.87,110.24,642463.0,144764700.0,150814275.0,0.004259961465849304
406,2021-12-29,109.5,110.58,106.69,107.79,1470637.0,325908147.0,150814275.0,0.009751311671259236
407,2021-12-30,107.81,108.34,105.96,106.21,893794.0,196454692.0,150814275.0,0.005926454906208315
408,2021-12-31,106.68,110.0,105.6,107.9,1262540.0,278360805.0,150814275.0,0.008371488706887992
409,2022-01-04,107.65,107.68,104.25,104.59,1538405.0,333019653.0,150814275.0,0.010200659055649739
410,2022-01-05,104.59,104.93,101.08,102.25,1339324.0,281560885.0,150814275.0,0.008880618230601845
411,2022-01-06,100.91,102.72,98.79,99.52,1734135.0,355087353.0,150814275.0,0.011498480498613278
412,2022-01-07,99.17,99.47,97.53,97.74,1175742.0,237169254.0,150814275.0,0.007795959633131545
413,2022-01-10,98.05,101.91,94.99,101.81,2041250.0,418299074.0,150814275.0,0.013534859349355357
414,2022-01-11,101.75,101.76,98.39,99.23,1163617.0,237825940.0,150814275.0,0.007715562734363176
415,2022-01-12,99.09,109.12,98.34,108.89,2391006.0,511058307.0,150814275.0,0.015853976687551626
416,2022-01-13,107.65,107.65,101.32,102.1,2581969.0,549177560.0,150814275.0,0.017120189716789077
417,2022-01-14,102.03,105.4,99.58,103.81,1978019.0,416395054.0,150814275.0,0.013115595324116368
418,2022-01-17,104.24,114.19,100.83,112.27,3746536.0,840917886.0,150814275.0,0.024842051589612456
419,2022-01-18,110.51,117.4,109.11,110.08,3237790.0,746468702.0,150814275.0,0.021468723700060886
420,2022-01-19,110.1,115.9,109.11,110.09,2478378.0,570719480.0,150814275.0,0.016433311767072446
421,2022-01-20,111.28,112.03,105.95,108.14,1394452.0,310430968.0,150814275.0,0.009246153920111343
422,2022-01-21,111.77,116.57,109.11,114.25,2633123.0,612529590.0,150814275.0,0.01745937511551874
423,2022-01-24,113.5,118.98,113.5,117.02,1455019.0,347979598.0,150814275.0,0.009647753834973512
424,2022-01-25,117.02,118.37,114.76,116.91,1111508.0,266630173.0,150814275.0,0.0073700450438129944
425,2022-01-26,115.19,117.74,113.02,113.66,951226.0,224251117.0,150814275.0,0.006307267664151819
426,2022-01-27,113.01,115.72,110.67,112.9,1020512.0,237951264.0,150814275.0,0.006766680408734518
427,2022-01-28,112.92,114.25,108.65,109.08,1074581.0,243409424.0,150814275.0,0.007125194216528906
428,2022-02-07,110.13,117.88,109.61,117.82,1511751.0,356836786.0,150814275.0,0.010023925122472657
429,2022-02-08,115.93,116.42,109.9,112.06,1308763.0,302065896.0,150814275.0,0.008677978261673174
430,2022-02-09,112.35,115.4,110.58,113.45,991198.0,230789808.0,150814275.0,0.00657230888786887
431,2022-02-10,114.18,114.87,112.04,114.67,796207.0,185470868.0,150814275.0,0.005279387511560162
432,2022-02-11,113.01,114.47,103.2,103.29,2462559.0,544028437.0,150814275.0,0.016328421165701986
433,2022-02-14,102.29,102.86,97.95,100.44,1240953.0,255231610.0,150814275.0,0.00822835238905601
434,2022-02-15,105.22,110.48,103.32,110.48,2029376.0,448283913.0,150814275.0,0.013456126749274894
435,2022-02-16,111.35,119.34,110.14,117.21,2351054.0,558629011.0,150814275.0,0.015589068077275841
436,2022-02-17,117.56,122.05,115.1,120.4,2004414.0,489835320.0,150814275.0,0.013290611913229037
437,2022-02-18,119.86,122.97,118.39,120.7,1133783.0,281594234.0,150814275.0,0.007517743264024576
438,2022-02-21,121.07,121.81,116.2,119.01,1145988.0,279650382.0,150814275.0,0.007598670616558015
439,2022-02-22,120.07,121.05,117.47,120.58,966089.0,236385972.0,150814275.0,0.006405819343029697
440,2022-02-23,121.78,123.68,120.06,122.27,1437470.0,360395583.0,150814275.0,0.009531392170933422
441,2022-02-24,122.02,124.29,121.24,122.17,1614509.0,407286006.0,150814275.0,0.0107052797223605
442,2022-02-25,122.22,124.93,122.22,123.73,1362133.0,346677145.0,150814275.0,0.009031857229695265
443,2022-02-28,123.4,124.21,121.29,122.66,1684551.0,425667489.0,150814275.0,0.011169705255023107
444,2022-03-01,122.56,125.19,121.63,124.59,1510586.0,384562738.0,150814275.0,0.01001620038951883
445,2022-03-02,124.65,125.0,121.3,124.21,1310541.0,331539667.0,150814275.0,0.008689767596601847
446,2022-03-03,124.21,124.63,120.32,121.23,941376.0,235364678.0,150814275.0,0.006241955544327617
447,2022-03-04,120.59,122.98,119.59,121.0,1428628.0,357687721.0,150814275.0,0.009472763768549098
448,2022-03-07,121.04,121.73,117.4,118.24,1133098.0,276080332.0,150814275.0,0.007513201253661167
449,2022-03-08,119.88,123.11,116.42,117.18,1065249.0,259986071.0,150814275.0,0.0070633167848335315
450,2022-03-09,117.58,124.21,117.19,121.44,1566537.0,388251420.0,150814275.0,0.010387193122136483
451,2022-03-10,122.75,123.22,118.47,120.58,1356184.0,336915291.0,150814275.0,0.008992411361590274
452,2022-03-11,121.78,124.39,119.58,124.39,2169004.0,547312931.0,150814275.0,0.014381954228139213
453,2022-03-14,128.84,129.32,121.05,121.41,2737652.0,697469554.0,150814275.0,0.01815247263563081
454,2022-03-15,115.97,122.75,115.35,119.83,1807501.0,445161853.0,150814275.0,0.01198494638521453
455,2022-03-16,120.26,123.48,115.45,121.57,1852302.0,452882317.0,150814275.0,0.012282007124325598
456,2022-03-17,121.57,129.34,121.57,125.92,2162188.0,560445168.0,150814275.0,0.014336759567355278
457,2022-03-18,126.65,135.25,121.53,134.44,2712478.0,721396179.0,150814275.0,0.01798555209710752
458,2022-03-21,134.93,141.26,131.52,134.64,2508600.0,701092365.0,150814275.0,0.016633703938171634
459,2022-03-22,134.66,135.73,131.96,132.22,1152088.0,315057028.0,150814275.0,0.007639117716144576
460,2022-03-23,133.26,135.17,130.55,132.48,1493235.0,407193674.0,150814275.0,0.009901151598547287
461,2022-03-24,131.52,134.93,129.58,134.09,1522021.0,414876964.0,150814275.0,0.010092022124563473
462,2022-03-25,133.47,134.62,130.61,132.0,871784.0,237397268.0,150814275.0,0.005780513814093526
463,2022-03-28,131.64,133.94,128.02,132.4,1085837.0,294030846.0,150814275.0,0.007199829061274207
464,2022-03-29,132.97,135.17,131.52,133.79,1010931.0,276495499.0,150814275.0,0.006703151939695364
465,2022-03-30,134.99,134.99,131.56,133.47,1100129.0,299956437.0,150814275.0,0.0072945946264039
466,2022-03-31,133.43,135.66,132.25,135.42,1169530.0,321278065.0,150814275.0,0.007754769898273887
467,2022-04-01,134.93,136.33,130.55,134.94,1366965.0,376859206.0,150814275.0,0.009063896637105473
468,2022-04-06,135.42,138.73,132.98,135.91,1505543.0,419066333.0,150814275.0,0.009982761910303253
469,2022-04-07,134.18,137.37,134.1,134.85,656280.0,182117814.0,150814275.0,0.004351577461748896
470,2022-04-08,135.33,135.39,132.41,133.85,677275.0,185757406.0,150814275.0,0.004490788421719363
471,2022-04-11,133.98,135.68,132.33,135.06,979253.0,270270423.0,150814275.0,0.006493105510071908
472,2022-04-12,134.7,142.28,133.96,141.26,1685144.0,483870076.0,150814275.0,0.011173637243556685
473,2022-04-13,141.73,142.23,138.58,138.58,1155441.0,332425993.0,150814275.0,0.007661350359573058
474,2022-04-14,137.61,138.83,124.72,125.48,3717518.0,968286567.0,150814275.0,0.024649642747677565
475,2022-04-15,126.16,133.12,125.48,131.08,2239860.0,593258687.0,150814275.0,0.014851777127861404
476,2022-04-18,132.98,136.88,127.14,133.94,2046861.0,557251891.0,150814275.0,0.01357206405030293
477,2022-04-19,136.39,138.1,124.95,127.46,2715043.0,722467629.0,150814275.0,0.018002559770950066
478,2022-04-20,125.68,128.6,123.24,125.19,1528711.0,393827814.0,150814275.0,0.010136381320667423
479,2022-04-21,126.53,130.62,123.7,126.85,1733993.0,312683902.0,150814275.0,0.011497538943180279
480,2022-04-22,126.53,126.53,116.77,117.81,3716256.0,627042995.0,218680699.0,0.016993982628526354
481,2022-04-25,115.93,116.88,109.55,109.56,2878769.0,459599779.0,218680699.0,0.013164257354052083
482,2022-04-26,109.77,114.28,106.24,111.69,2873513.0,451822586.0,218680699.0,0.013140222311069163
483,2022-04-27,109.95,114.28,107.45,112.39,2668762.0,419173236.0,218680699.0,0.012203921115141488
484,2022-04-28,114.12,115.66,110.7,113.66,1989473.0,319170610.0,218680699.0,0.009097615880585785
485,2022-04-29,113.8,114.51,110.4,114.09,1977290.0,315862156.0,218680699.0,0.009041904516685307
486,2022-05-05,114.51,121.23,114.34,117.06,2722717.0,451449533.0,218680699.0,0.012450650708776087
487,2022-05-06,113.08,117.48,111.56,115.22,1690353.0,274780031.0,218680699.0,0.007729776828635434
488,2022-05-09,114.16,114.94,111.23,112.76,1330674.0,213079081.0,218680699.0,0.0060850089014943196
489,2022-05-10,112.38,115.62,110.76,115.22,1759519.0,283679554.0,218680699.0,0.008046064458573914
490,2022-05-11,115.91,121.62,114.08,118.71,2421079.0,408358312.0,218680699.0,0.01107129715183506
491,2022-05-12,119.52,125.6,117.24,123.83,2788616.0,484659415.0,218680699.0,0.012751998748641278
492,2022-05-13,124.41,124.64,121.09,122.15,1443132.0,249781697.0,218680699.0,0.006599265534632299
493,2022-05-16,120.71,121.54,119.02,119.67,1320549.0,223923692.0,218680699.0,0.006038708519035783
494,2022-05-17,119.32,120.1,117.47,119.45,1227533.0,206204935.0,218680699.0,0.0056133577659727525
495,2022-05-18,119.46,121.58,118.17,118.78,1199600.0,203023446.0,218680699.0,0.005485623584914552
496,2022-05-19,117.76,120.52,116.7,117.7,1432307.0,238787630.0,218680699.0,0.006549764138077865
497,2022-05-20,119.45,124.32,118.18,122.01,1924041.0,332908983.0,218680699.0,0.008798403374410286
498,2022-05-23,123.79,127.24,119.96,121.23,2463847.0,430131047.0,218680699.0,0.011266869967339915
499,2022-05-24,120.03,120.03,115.93,115.93,1957630.0,326315210.0,218680699.0,0.008952001749363349
500,2022-05-25,114.51,117.57,114.16,114.97,1692097.0,276664738.0,218680699.0,0.007737751926611502
501,2022-05-26,114.52,115.22,103.48,103.48,5647971.0,852658584.0,218680699.0,0.025827478263182248
502,2022-05-27,102.57,103.45,93.31,96.2,11134235.0,1510218294.0,218680699.0,0.05091549026007092
503,2022-05-30,95.13,95.99,90.56,93.87,5883314.0,773550110.0,218680699.0,0.02690367292085526
504,2022-05-31,93.88,93.88,87.57,90.05,6899944.0,875944876.0,218680699.0,0.03155259714987467
505,2022-06-01,89.57,92.78,89.14,90.66,4645478.0,597305330.0,218680699.0,0.021243200800268158
506,2022-06-02,90.9,91.54,87.72,88.7,4091500.0,515190088.0,218680699.0,0.018709927390528416
507,2022-06-06,88.36,90.3,87.69,89.98,3393920.0,430229919.0,218680699.0,0.015519979657646878
508,2022-06-07,90.01,95.43,88.71,94.85,5872952.0,769047830.0,218680699.0,0.026856288766481398
509,2022-06-08,94.9,96.48,91.63,93.66,4519140.0,600348205.0,218680699.0,0.020665472630485786
510,2022-06-09,93.45,94.25,91.1,91.26,2918756.0,380331001.0,218680699.0,0.013347112997841661
511,2022-06-10,91.16,92.11,90.49,91.88,2267074.0,293400429.0,218680699.0,0.010367051186350926
512,2022-06-13,90.16,92.95,90.15,91.34,2414423.0,312329806.0,218680699.0,0.011040860080660343
513,2022-06-14,90.34,93.52,90.29,91.89,3069999.0,398999649.0,218680699.0,0.014038728676278834
514,2022-06-15,91.9,94.72,91.54,93.31,3660073.0,484193896.0,218680699.0,0.016737064664312237
515,2022-06-16,93.39,96.49,92.46,96.08,4155356.0,560398451.0,218680699.0,0.019001933042110862
516,2022-06-17,95.29,105.68,95.29,105.68,6849160.0,987253861.0,218680699.0,0.03132036815009449
517,2022-06-20,107.44,109.9,104.76,105.52,6540668.0,986505397.0,218680699.0,0.029909672092277333
518,2022-06-21,105.4,107.44,101.44,103.05,4715154.0,694671077.0,218680699.0,0.021561820597619363
519,2022-06-22,103.01,106.02,103.01,103.99,3754463.0,554686064.0,218680699.0,0.017168698550757786
520,2022-06-23,104.06,105.31,100.86,103.7,3562255.0,517118935.0,218680699.0,0.016289754954551337
521,2022-06-24,103.7,109.17,103.7,106.23,4543668.0,685462086.0,218680699.0,0.020777636164406078
522,2022-06-27,106.23,108.77,105.41,106.63,3162456.0,477309069.0,218680699.0,0.014461523190942425
523,2022-06-28,106.64,107.1,104.81,106.14,3277197.0,490021138.0,218680699.0,0.014986219702910315
524,2022-06-29,105.4,110.7,105.04,108.65,4160679.0,640897037.0,218680699.0,0.019026274467871532
525,2022-06-30,108.44,111.6,108.44,109.78,2649602.0,413754341.0,218680699.0,0.012116304786459458
526,2022-07-01,110.58,111.44,108.14,109.88,1655561.0,256145035.0,218680699.0,0.007570677282314705
527,2022-07-04,110.35,115.36,109.56,115.35,3955916.0,634391744.0,218680699.0,0.0180899183974165
528,2022-07-05,115.22,115.29,111.69,114.66,3288456.0,529327534.0,218680699.0,0.015037705728204207
529,2022-07-06,114.38,116.99,113.37,115.22,2558597.0,417214507.0,218680699.0,0.011700150089606216
530,2022-07-07,116.62,116.64,111.82,115.22,2516098.0,406236841.0,218680699.0,0.011505807378089641
531,2022-07-08,115.22,115.57,112.46,112.77,2307290.0,371045566.0,218680699.0,0.010550954019037592
532,2022-07-11,112.75,114.37,110.14,112.39,2457147.0,389177375.0,218680699.0,0.011236231689564885
533,2022-07-12,114.51,114.87,106.1,106.73,4614517.0,708926938.0,218680699.0,0.021101619946806555
534,2022-07-13,106.1,111.18,106.03,110.27,3181916.0,493397003.0,218680699.0,0.014550511382808412
535,2022-07-14,110.27,110.27,107.22,108.21,3212973.0,493200329.0,218680699.0,0.01469253123248888
536,2022-07-15,108.15,108.15,103.7,106.03,3303193.0,496133483.0,218680699.0,0.015105096220677437
537,2022-07-18,105.52,106.24,100.76,101.88,3307194.0,477403129.0,218680699.0,0.015123392302674137
538,2022-07-19,101.79,103.06,99.8,101.93,2647139.0,380612519.0,218680699.0,0.012105041789719174
539,2022-07-20,101.79,105.46,101.08,102.48,2274258.0,331572961.0,218680699.0,0.01039990273672941
540,2022-07-21,102.47,104.26,101.53,103.59,1654784.0,241815324.0,218680699.0,0.007567124156668257
541,2022-07-22,102.51,103.62,99.09,100.34,2525895.0,358904610.0,218680699.0,0.011550607856800385
542,2022-07-25,101.07,101.49,99.67,99.92,1676692.0,237851279.0,218680699.0,0.00766730675211533
543,2022-07-26,100.38,100.69,98.04,100.14,1487589.0,209602383.0,218680699.0,0.006802561939862832
544,2022-07-27,100.36,100.69,98.42,99.07,1430351.0,200581154.0,218680699.0,0.006540819590118468
545,2022-07-28,98.54,99.32,98.04,98.14,1563228.0,218034777.0,218680699.0,0.007148449804433815
546,2022-07-29,97.62,98.68,95.64,95.67,2078238.0,283470881.0,218680699.0,0.00950352733233215
547,2022-08-01,95.43,96.12,93.07,95.8,2093454.0,280348968.0,218680699.0,0.00957310823302243
548,2022-08-02,94.85,94.93,91.31,92.36,2072906.0,272924209.0,218680699.0,0.00947914475067596
549,2022-08-03,92.08,96.33,92.02,94.01,2391919.0,318028070.0,218680699.0,0.010937952050354477
550,2022-08-04,94.16,95.99,93.33,94.54,1517170.0,203031286.0,218680699.0,0.006937832222678235
551,2022-08-05,94.56,97.67,94.2,97.02,2382695.0,325834507.0,218680699.0,0.01089577183032509
552,2022-08-08,98.96,99.53,96.84,98.35,2448778.0,339016380.0,218680699.0,0.011197961279609776
553,2022-08-09,97.62,98.25,95.84,96.6,2343503.0,320359285.0,218680699.0,0.010716551623972996
554,2022-08-10,96.14,98.5,94.72,95.12,1696183.0,231184332.0,218680699.0,0.007756436703176992
555,2022-08-11,96.12,100.08,95.57,98.36,2753759.0,382426411.0,218680699.0,0.012592601965297358
556,2022-08-12,98.61,99.63,96.91,97.64,1715488.0,238262755.0,218680699.0,0.0078447160990646
557,2022-08-15,96.95,97.6,94.84,96.04,2271274.0,308588864.0,218680699.0,0.010386257270926319
558,2022-08-16,96.43,98.24,95.43,95.58,2070434.0,281290333.0,218680699.0,0.009467840598040159
559,2022-08-17,95.55,96.63,94.08,95.43,2136828.0,287759121.0,218680699.0,0.009771452212158879
560,2022-08-18,95.44,95.51,93.8,93.82,2048401.0,273212748.0,218680699.0,0.009367086392933105
561,2022-08-19,93.82,94.97,93.55,94.1,1895045.0,252653499.0,218680699.0,0.008665808224803598
562,2022-08-22,93.24,94.1,92.61,93.8,2043322.0,269435631.0,218680699.0,0.00934386074922872
563,2022-08-23,93.09,94.28,92.14,92.55,1674460.0,219649326.0,218680699.0,0.007657100090026693
564,2022-08-24,92.73,95.07,90.53,90.64,2636199.0,344520754.0,218680699.0,0.012055014512277556
565,2022-08-25,90.68,92.38,90.34,91.33,2003918.0,258333864.0,218680699.0,0.009163671092893297
566,2022-08-26,91.54,95.34,90.69,91.5,3711796.0,487018095.0,218680699.0,0.016973587595858198
567,2022-08-29,90.25,90.4,87.37,88.89,3432515.0,430234457.0,218680699.0,0.0156964698562629
568,2022-08-30,88.71,92.01,88.36,91.84,2656519.0,340940126.0,218680699.0,0.012147935378604218
569,2022-08-31,91.95,92.06,89.5,90.23,3139458.0,401495383.0,218680699.0,0.01435635615926031
570,2022-09-01,90.24,94.69,89.62,92.95,3572991.0,471636749.0,218680699.0,0.016338849365027868
571,2022-09-02,93.14,94.33,91.12,91.6,2782658.0,361434947.0,218680699.0,0.012724753545807899
572,2022-09-05,91.51,92.32,89.4,89.65,1973255.0,252223964.0,218680699.0,0.00902345295686109
573,2022-09-06,90.13,91.04,88.42,89.43,2012486.0,255184829.0,218680699.0,0.009202851505427097
574,2022-09-07,88.92,91.26,88.92,90.3,2006460.0,256296797.0,218680699.0,0.00917529534693869
575,2022-09-08,89.86,90.27,88.87,89.4,1514979.0,191528107.0,218680699.0,0.006927813048558071
576,2022-09-09,89.14,90.95,88.87,90.92,1744649.0,222550652.0,218680699.0,0.007978065773422464
577,2022-09-13,90.25,90.8,83.41,84.24,6923773.0,845026714.0,218680699.0,0.031661564242576344
578,2022-09-14,82.0,83.23,81.3,82.93,3184932.0,370971125.0,218680699.0,0.014564303180684456
579,2022-09-15,82.76,83.94,81.3,82.56,2651703.0,309939284.0,218680699.0,0.012125912401624434
580,2022-09-16,81.35,83.33,80.59,80.83,2023941.0,232584278.0,218680699.0,0.009255233814667842
581,2022-09-19,81.21,81.72,80.24,81.07,1924430.0,219939034.0,218680699.0,0.008800182223672149
582,2022-09-20,80.65,81.49,79.63,80.97,1861617.0,211794463.0,218680699.0,0.008512946083092592
583,2022-09-21,80.28,80.96,79.6,79.95,1774081.0,200656313.0,218680699.0,0.008112654697523168
584,2022-09-22,79.52,80.83,79.31,79.88,2107297.0,238813112.0,218680699.0,0.009636410573207469
585,2022-09-23,79.88,80.93,79.29,80.51,1966413.0,223102862.0,218680699.0,0.008992165330512319
586,2022-09-26,79.84,80.72,77.9,78.22,2218126.0,249352248.0,218680699.0,0.010143217989256565
587,2022-09-27,77.9,84.26,77.83,83.28,3876049.0,445783134.0,218680699.0,0.017724696407706287
588,2022-09-28,83.12,84.86,82.03,82.71,3005722.0,354538889.0,218680699.0,0.013744797843361568
589,2022-09-29,82.68,86.24,81.38,82.44,3427776.0,406352561.0,218680699.0,0.015674798990833662
590,2022-09-30,81.9,83.79,80.58,80.87,2045005.0,236449917.0,218680699.0,0.009351556901690716
591,2022-10-10,81.49,82.01,77.84,77.95,2195509.0,246904038.0,218680699.0,0.010039793223818075
592,2022-10-11,79.52,80.58,77.27,78.25,2407884.0,267718279.0,218680699.0,0.011010958036127368
593,2022-10-12,79.17,79.3,75.23,79.28,2850102.0,312603393.0,218680699.0,0.013033166681070468
594,2022-10-13,78.64,84.02,77.76,82.0,3590349.0,416606694.0,218680699.0,0.016418225368851597
595,2022-10-14,82.7,89.77,82.34,88.92,5815549.0,720609931.0,218680699.0,0.02659379189198586
596,2022-10-17,88.29,91.14,85.23,86.87,5203233.0,644147183.0,218680699.0,0.023793745967493913
597,2022-10-18,87.83,88.01,84.12,86.84,3480435.0,426225538.0,218680699.0,0.01591560213551357
598,2022-10-19,86.94,87.1,84.48,85.54,2193485.0,265202679.0,218680699.0,0.010030537720203648
599,2022-10-20,84.8,86.35,83.61,83.62,2594368.0,311540844.0,218680699.0,0.011863726482783924
600,2022-10-21,83.62,84.75,82.11,83.94,2326768.0,273952892.0,218680699.0,0.010640024522694616
601,2022-10-24,84.44,84.81,81.42,81.62,2446408.0,285169300.0,218680699.0,0.011187123560456518
602,2022-10-25,81.16,81.58,77.3,78.63,2797247.0,311712870.0,218680699.0,0.01279146725244371
603,2022-10-26,78.99,86.49,78.88,86.49,5596058.0,669970212.0,218680699.0,0.025590086484953114
604,2022-10-27,89.07,91.1,86.71,87.44,7070480.0,887792946.0,218680699.0,0.03233243734967209
605,2022-10-28,87.76,95.07,87.65,91.89,6839884.0,888450899.0,218680699.0,0.03127795014044655
606,2022-10-31,91.09,92.25,87.67,88.73,4706716.0,594010360.0,218680699.0,0.021523234659131942
607,2022-11-01,89.42,90.97,85.18,88.64,5902385.0,728740468.0,218680699.0,0.026990882263459384
608,2022-11-02,87.85,97.51,87.35,95.0,10126626.0,1355769680.0,218680699.0,0.04630781795699308
609,2022-11-03,92.6,93.31,89.77,91.12,5518728.0,711277586.0,218680699.0,0.025236465884901894
610,2022-11-04,90.97,96.81,89.81,93.77,4863848.0,641534628.0,218680699.0,0.022241780011870185
611,2022-11-07,93.35,96.52,92.92,94.19,3607239.0,483101447.0,218680699.0,0.016495461266108354
612,2022-11-08,94.72,95.07,90.88,91.86,2752909.0,357424631.0,218680699.0,0.012588715019609481
613,2022-11-09,91.85,93.74,90.09,90.48,2616516.0,337405405.0,218680699.0,0.011965006568778162
614,2022-11-10,90.13,92.02,89.11,90.34,2585523.0,331278073.0,218680699.0,0.011823279383243603
615,2022-11-11,93.31,99.17,90.47,93.66,8903058.0,1191820960.0,218680699.0,0.04071259164943496
616,2022-11-14,93.73,98.76,92.87,96.83,6182087.0,837561673.0,218680699.0,0.0282699251843895
617,2022-11-15,97.49,105.68,95.84,105.16,8675176.0,1241074282.0,218680699.0,0.03967051522914695
618,2022-11-16,105.03,107.09,101.11,101.58,4774247.0,700659330.0,218680699.0,0.02183204563471786
619,2022-11-17,101.15,108.86,99.74,108.14,5537710.0,824900949.0,218680699.0,0.02532326824142811
620,2022-11-18,108.15,112.94,106.77,110.28,5879576.0,919253111.0,218680699.0,0.02688657950558316
621,2022-11-21,109.15,115.07,106.79,111.71,5071876.0,798707556.0,218680699.0,0.023193066526643945
622,2022-11-22,111.31,112.39,107.09,108.0,3945907.0,612486258.0,218680699.0,0.01804414846872243
623,2022-11-23,107.13,109.95,103.67,103.87,4139524.0,616595717.0,218680699.0,0.018929535249016194
624,2022-11-24,105.32,107.85,104.62,105.84,2707385.0,406387375.0,218680699.0,0.012380539354321343
625,2022-11-25,105.84,106.45,101.79,106.34,3189225.0,471297027.0,218680699.0,0.014583934542846875
626,2022-11-28,103.2,108.96,102.56,104.62,3377150.0,502140556.0,218680699.0,0.015443292505663703
627,2022-11-29,104.62,114.87,102.64,112.39,5776300.0,891455796.0,218680699.0,0.026414311031628813
628,2022-11-30,110.98,116.49,109.97,115.09,5110026.0,823196826.0,218680699.0,0.02336752179487043
629,2022-12-01,115.09,117.05,106.03,107.44,5829202.0,896952396.0,218680699.0,0.026656225385487724
630,2022-12-02,108.4,109.2,106.21,107.89,2230035.0,341150662.0,218680699.0,0.010197676384782363
631,2022-12-05,110.98,111.08,103.67,105.83,5961271.0,896758811.0,218680699.0,0.02726016071496095
632,2022-12-06,106.73,106.74,95.44,97.16,11070611.0,1547777506.0,218680699.0,0.050624545516017395
633,2022-12-07,97.46,98.08,95.34,96.72,3865377.0,530362547.0,218680699.0,0.01767589466137567
634,2022-12-08,98.61,100.38,97.12,98.82,4078639.0,570900090.0,218680699.0,0.018651115615832197
635,2022-12-09,99.88,104.9,99.32,102.13,5775505.0,836689705.0,218680699.0,0.02641067559419133
636,2022-12-12,102.61,103.02,99.07,99.12,3868987.0,551046754.0,218680699.0,0.01769240274835595
637,2022-12-13,98.97,102.14,96.13,100.37,3830745.0,534273066.0,218680699.0,0.017517526775419717
638,2022-12-14,99.1,99.39,96.2,96.98,3751393.0,517357975.0,218680699.0,0.017154659817508633
639,2022-12-15,98.25,98.7,94.37,94.76,3408742.0,461328612.0,218680699.0,0.015587758844688895
640,2022-12-16,94.04,96.49,94.04,94.83,2646299.0,357242787.0,218680699.0,0.012101200572804095
641,2022-12-19,94.93,94.93,90.68,90.9,3810724.0,495163975.0,218680699.0,0.017425973199399734
642,2022-12-20,90.84,92.35,90.44,90.8,2252922.0,291222256.0,218680699.0,0.010302335827086413
643,2022-12-21,90.88,91.53,89.48,89.77,1543211.0,197026270.0,218680699.0,0.007056914519922949
644,2022-12-22,89.86,90.8,88.17,88.51,1927698.0,243705362.0,218680699.0,0.008815126386622718
645,2022-12-23,86.96,88.77,86.24,88.46,1941460.0,239795754.0,218680699.0,0.008878058323748087
646,2022-12-26,87.9,89.04,87.02,87.6,1748335.0,216510740.0,218680699.0,0.00799492139907601
647,2022-12-27,87.55,89.74,85.73,88.0,2531530.0,313104149.0,218680699.0,0.01157637602027237
648,2022-12-28,87.65,89.4,87.04,88.9,2134950.0,267110504.0,218680699.0,0.00976286434862731
649,2022-12-29,88.39,90.9,87.99,90.48,2904767.0,369532519.0,218680699.0,0.013283143017573764
650,2022-12-30,90.48,91.44,88.64,89.56,2581803.0,329293496.0,218680699.0,0.011806268279762541
651,2023-01-03,89.33,90.98,88.01,90.44,2210819.0,280929447.0,218680699.0,0.01010980397497266
652,2023-01-04,90.68,91.15,88.51,88.91,1746924.0,221607448.0,218680699.0,0.007988469069234136
653,2023-01-05,89.68,97.55,88.92,95.7,4949602.0,656044318.0,218680699.0,0.022633922530126905
654,2023-01-06,95.64,96.84,94.3,95.55,1960663.0,264472839.0,218680699.0,0.00896587128615315
655,2023-01-09,94.98,96.76,94.07,95.44,1792079.0,242073481.0,218680699.0,0.008194957342806007
656,2023-01-10,95.44,97.91,94.37,96.36,2083976.0,284392273.0,218680699.0,0.009529766502163962
657,2023-01-11,95.92,98.52,95.48,95.61,1924989.0,263712514.0,218680699.0,0.008802738462071589
658,2023-01-12,95.43,96.54,94.16,94.58,1631458.0,219454460.0,218680699.0,0.00746045722123835
659,2023-01-13,94.99,97.54,94.55,97.13,2077087.0,283948683.0,241957134.0,0.008584524728252071
660,2023-01-16,97.38,102.14,97.13,99.87,3489624.0,495212973.0,241957134.0,0.01442248857188067
661,2023-01-17,99.9,100.93,98.82,99.03,1679119.0,236552393.0,241957134.0,0.006939737515654323
662,2023-01-18,98.89,99.65,97.4,97.61,1349226.0,187338642.0,241957134.0,0.005576301792366246
663,2023-01-19,98.18,99.53,97.19,98.17,1462940.0,203639524.0,241957134.0,0.006046277602213622
664,2023-01-20,96.84,98.61,95.12,95.99,2755774.0,375513181.0,241957134.0,0.011389513317677171
665,2023-01-30,98.04,98.17,95.51,95.6,2660363.0,362374047.0,241957134.0,0.010995183138514114
666,2023-01-31,95.42,96.1,94.65,94.77,1553589.0,209178204.0,241957134.0,0.006420926609256332
667,2023-02-01,94.77,95.38,93.31,95.33,2075083.0,276774643.0,241957134.0,0.008576242269426122
668,2023-02-02,95.28,96.11,94.71,95.4,1796360.0,242846820.0,241957134.0,0.007424290287716831
669,2023-02-03,95.29,95.52,93.08,93.58,1656152.0,219561198.0,241957134.0,0.006844815743271285
670,2023-02-06,93.06,93.06,90.1,90.95,2098148.0,270190637.0,241957134.0,0.008671569072230786
671,2023-02-07,91.57,93.72,91.19,91.99,1593491.0,208069566.0,241957134.0,0.006585840118274834
672,2023-02-08,92.04,92.8,91.24,91.48,995480.0,129381211.0,241957134.0,0.004114282491046534
673,2023-02-09,91.33,92.14,90.98,92.14,998770.0,129680247.0,241957134.0,0.0041278799409154845
674,2023-02-10,91.56,92.74,91.1,91.42,993194.0,128861210.0,241957134.0,0.004104834536517531
675,2023-02-13,91.41,92.98,90.98,91.99,1951599.0,253703506.0,241957134.0,0.008065887406320494
676,2023-02-14,92.52,92.81,91.44,92.03,1001796.0,130339112.0,241957134.0,0.00414038628842413
677,2023-02-15,91.96,91.96,90.13,90.33,1581611.0,202570607.0,241957134.0,0.006536740512061116
678,2023-02-16,90.13,90.63,88.74,89.33,1570349.0,199611255.0,241957134.0,0.006490195077281747
679,2023-02-17,88.96,90.61,88.5,89.77,1533049.0,194593994.0,241957134.0,0.006336035539253825
680,2023-02-20,91.69,91.69,88.67,91.33,2258996.0,288083750.0,241957134.0,0.00933634798302744
681,2023-02-21,90.68,91.32,89.98,90.34,1447927.0,185309536.0,241957134.0,0.005984229421398255
682,2023-02-22,89.44,91.31,89.42,90.78,1143990.0,146746261.0,241957134.0,0.004728068898352879
683,2023-02-23,90.78,92.47,89.7,90.2,1558674.0,200318999.0,241957134.0,0.006441942728582659
684,2023-02-24,90.23,90.37,89.07,89.62,807220.0,102182977.0,241957134.0,0.0033362107851715585
685,2023-02-27,90.02,90.02,88.27,88.69,1124508.0,140938898.0,241957134.0,0.004647550503718564
686,2023-02-28,88.36,89.69,88.36,89.63,905411.0,114311495.0,241957134.0,0.0037420306028257055
687,2023-03-01,89.53,89.85,88.78,89.77,995816.0,125959163.0,241957134.0,0.004115671166777831
688,2023-03-02,89.56,90.62,88.73,88.81,992803.0,125871414.0,241957134.0,0.004103218547794503
689,2023-03-03,89.06,89.67,88.36,89.18,729958.0,91929051.0,241957134.0,0.003016889760315974
690,2023-03-06,89.07,89.77,88.5,89.17,883048.0,111098443.0,241957134.0,0.0036496051403882143
691,2023-03-07,89.21,89.61,87.86,87.86,1260852.0,157730812.0,241957134.0,0.005211055277254194
692,2023-03-08,87.65,87.85,86.7,87.64,942092.0,116155717.0,241957134.0,0.003893631836455791
693,2023-03-09,87.72,88.92,87.09,87.9,1903021.0,237035804.0,241957134.0,0.007865116306097427
694,2023-03-10,90.48,93.26,88.36,91.61,5024917.0,649753863.0,241957134.0,0.020767798481197086
695,2023-03-13,91.63,91.8,87.43,87.99,2997447.0,375805817.0,241957134.0,0.012388339002230039
696,2023-03-14,87.44,87.99,85.78,86.67,1843380.0,226443204.0,241957134.0,0.007618622230828705
697,2023-03-15,86.71,87.38,85.98,85.99,1397923.0,171051558.0,241957134.0,0.0057775647152441476
698,2023-03-16,85.6,85.74,82.62,82.67,2253269.0,265486515.0,241957134.0,0.009312678501143099
699,2023-03-17,83.06,83.33,80.77,80.77,1984267.0,229216067.0,241957134.0,0.008200903057481248
700,2023-03-20,80.77,83.1,79.81,82.86,1648533.0,191137935.0,241957134.0,0.006813326694471426
701,2023-03-21,83.6,89.95,83.47,85.96,4043888.0,497377359.0,241957134.0,0.016713241445486787
702,2023-03-22,86.24,86.97,85.23,85.89,1552197.0,188925398.0,241957134.0,0.006415173524083816
703,2023-03-23,85.18,85.69,84.47,85.18,1278180.0,153841882.0,241957134.0,0.005282671268539658
704,2023-03-24,84.83,85.95,83.8,83.97,1314086.0,157335655.0,241957134.0,0.005431069455468091
705,2023-03-27,83.97,86.09,83.34,84.44,1377048.0,164563720.0,241957134.0,0.005691289102473829
706,2023-03-28,83.57,84.43,82.13,82.53,1446438.0,169741404.0,241957134.0,0.005978075438767596
707,2023-03-29,82.53,82.53,81.16,82.01,1485958.0,171893943.0,241957134.0,0.006141410155734445
708,2023-03-30,82.34,82.6,81.01,81.91,1259364.0,145452978.0,241957134.0,0.005204905427587021
709,2023-03-31,81.86,82.7,81.54,82.1,1299369.0,150893326.0,241957134.0,0.005370244631844582
710,2023-04-03,82.35,82.5,80.7,81.34,1887136.0,216906011.0,241957134.0,0.007799464181122265
711,2023-04-04,81.29,82.48,80.77,81.45,1949104.0,224844922.0,241957134.0,0.008055575662422916
712,2023-04-06,81.29,83.31,81.16,82.95,1418349.0,165145016.0,241957134.0,0.00586198462740925
713,2023-04-07,82.71,86.13,82.58,84.26,2135397.0,255617996.0,241957134.0,0.008825517829120923
714,2023-04-10,84.68,84.68,82.41,82.92,1692517.0,198540528.0,241957134.0,0.006995110960439794
715,2023-04-11,82.92,83.57,80.57,81.91,2992588.0,345652111.0,241957134.0,0.012368256932651549
716,2023-04-12,81.99,83.01,81.15,81.57,1269556.0,147057262.0,241957134.0,0.005247028591436366
717,2023-04-13,80.58,82.89,80.43,82.26,1808279.0,209483472.0,241957134.0,0.007473551079506505
718,2023-04-14,82.1,83.83,81.7,83.16,2061771.0,242055990.0,241957134.0,0.008521224259500445
719,2023-04-17,83.16,84.72,82.58,84.16,1970667.0,233819534.0,241957134.0,0.008144694754071603
720,2023-04-18,84.12,84.53,82.99,83.98,1578690.0,187148386.0,241957134.0,0.0065246681257185
721,2023-04-19,83.68,85.04,82.97,83.33,1430955.0,169699739.0,241957134.0,0.005914084765113807
722,2023-04-20,83.62,83.62,81.23,81.53,1433542.0,166033477.0,241957134.0,0.005924776741652098
723,2023-04-21,79.88,80.42,75.39,75.56,3814398.0,413955082.0,241957134.0,0.015764767655083896
724,2023-04-24,76.2,78.95,75.85,76.48,2958198.0,322708084.0,241957134.0,0.012226124318367898
725,2023-04-25,76.34,77.3,73.92,74.6,1849820.0,196333110.0,241957134.0,0.007645238515678566
726,2023-04-26,74.29,75.61,73.94,74.65,1409068.0,149201700.0,241957134.0,0.005823626593295654
727,2023-04-27,74.65,75.07,73.54,74.22,1340548.0,140968823.0,241957134.0,0.00554043593523471
728,2023-04-28,74.04,75.03,73.75,74.17,2078422.0,218316824.0,241957134.0,0.008590042234505886
729,2023-05-04,74.85,74.85,71.75,72.23,1989752.0,204746841.0,903484434.9999999,0.0022023091078486596
730,2023-05-05,72.28,72.67,70.33,70.52,2257776.0,227292725.0,903484434.9999999,0.002498965020908191
731,2023-05-08,70.69,71.13,69.27,69.94,2625860.0,259680386.0,903484434.9999999,0.0029063699365224818
732,2023-05-09,70.19,70.23,68.57,68.82,1884690.0,184378629.0,903484434.9999999,0.0020860237619920925
733,2023-05-10,68.82,69.83,68.07,69.24,1608238.0,157115777.0,903484434.9999999,0.0017800395199946088
734,2023-05-11,69.3,71.11,69.13,69.97,1582716.0,157510585.0,903484434.9999999,0.0017517911086094142
735,2023-05-12,69.59,70.62,69.27,69.46,1028853.0,101634804.0,903484434.9999999,0.0011387611785475863
736,2023-05-15,69.53,70.58,68.62,70.47,1689587.0,166870513.0,903484434.9999999,0.0018700787025733323
737,2023-05-16,70.62,72.45,70.26,71.14,2162480.0,218694468.0,903484434.9999999,0.0023934889370839027
738,2023-05-17,70.9,71.66,69.98,70.16,1690523.0,168714650.0,903484434.9999999,0.0018711146916438027
739,2023-05-18,70.19,71.01,69.07,69.27,1549512.0,153136177.0,903484434.9999999,0.0017150400604300396
740,2023-05-19,68.99,70.33,68.99,69.76,1282220.0,126466196.0,903484434.9999999,0.0014191943439512604
741,2023-05-22,69.79,70.33,69.0,69.91,1873024.0,183942731.0,903484434.9999999,0.002073111530692834
742,2023-05-23,69.94,70.93,69.37,69.47,1669580.0,165288070.0,903484434.9999999,0.0018479344361920305
743,2023-05-24,68.96,69.56,68.28,69.13,1276644.0,124745164.0,903484434.9999999,0.0014130226825656384
744,2023-05-25,68.61,69.27,68.33,68.91,1071015.0,104194189.0,903484434.9999999,0.0011854271734078076
745,2023-05-26,68.81,69.08,67.22,67.25,1493379.0,143057768.0,903484434.9999999,0.0016529106005019336
746,2023-05-29,67.25,68.13,65.96,66.87,2206925.0,207680288.0,903484434.9999999,0.0024426818155422903
747,2023-05-30,67.07,67.51,65.54,66.3,1953085.0,183098782.0,903484434.9999999,0.002161725121473731
748,2023-05-31,66.44,66.62,64.33,65.74,2500916.0,231299126.0,903484434.9999999,0.0027680786775258616
749,2023-06-01,65.74,66.83,64.26,66.68,2130934.0,199575945.0,903484434.9999999,0.002358573006296451
750,2023-06-02,66.45,67.12,65.96,66.66,2062956.0,194387570.0,903484434.9999999,0.002283333193227618
751,2023-06-05,66.9,67.22,64.4,64.73,3754790.0,243584426.0,1264586221.0,0.002969184653167275
752,2023-06-06,64.73,64.98,62.2,62.2,4176048.0,263610240.0,1264586221.0,0.0033023038924919618
753,2023-06-07,62.33,62.94,60.26,60.51,5554911.0,338527844.0,1264586221.0,0.004392670826040892
754,2023-06-08,60.51,61.48,59.59,60.41,7277477.0,439038622.0,1264586221.0,0.005754828638133643
755,2023-06-09,60.58,66.45,60.58,66.45,14932681.0,966522367.0,1264586221.0,0.011808353398150777
756,2023-06-12,66.3,70.7,65.77,69.27,14009724.0,958996898.0,1264586221.0,0.01107850438930253
757,2023-06-13,68.94,70.1,67.58,68.11,5803368.0,397191115.0,1264586221.0,0.0045891437876105085
758,2023-06-14,67.71,68.1,66.05,66.81,5326417.0,355345015.0,1264586221.0,0.004211984055771236
759,2023-06-15,66.58,67.37,65.91,66.94,4108107.0,274194297.0,1264586221.0,0.0032485780184694896
760,2023-06-16,66.99,67.7,65.96,67.55,4838729.0,323508527.0,1264586221.0,0.00382633379966268
761,2023-06-19,67.4,69.26,66.74,68.4,4749808.0,323571234.0,1264586221.0,0.003756017518713736
762,2023-06-20,68.23,68.68,66.95,67.48,2874410.0,194159305.0,1264586221.0,0.00227300436480084
763,2023-06-21,67.4,68.31,66.52,66.6,2711444.0,182095964.0,1264586221.0,0.0021441353345253633
764,2023-06-26,66.15,67.62,65.55,66.55,2232927.0,148305066.0,1264586221.0,0.0017657372529603103
765,2023-06-27,66.5,67.1,65.22,66.43,2580306.0,170575915.0,1264586221.0,0.002040435011192487
766,2023-06-28,66.3,67.08,65.68,66.87,2168227.0,144237475.0,1264586221.0,0.0017145742725912557
767,2023-06-29,66.87,67.44,66.13,66.65,2094404.0,139650203.0,1264586221.0,0.0016561970747584161
768,2023-06-30,66.48,67.35,66.18,66.77,2586086.0,173039654.0,1264586221.0,0.002045005676208455
769,2023-07-03,66.53,67.3,66.41,66.8,2394009.0,159754375.0,1264586221.0,0.0018931164678568802
770,2023-07-04,66.66,68.68,65.93,67.76,4237855.0,285700929.0,1264586221.0,0.00335117916803555
771,2023-07-05,67.98,67.98,65.84,65.85,3652296.0,242637952.0,1264586221.0,0.0028881352171557465
772,2023-07-06,65.25,66.12,64.0,64.11,4480072.0,290213269.0,1264586221.0,0.003542717709241907
773,2023-07-07,63.91,64.22,63.3,63.73,2335145.0,148722376.0,1264586221.0,0.0018465684357634638
774,2023-07-10,64.48,66.0,64.06,64.59,3113421.0,202202775.0,1264586221.0,0.0024620076893910737
775,2023-07-11,64.73,64.87,63.94,64.22,2006282.0,129073615.0,1264586221.0,0.0015865126210322673
776,2023-07-12,65.99,68.5,64.86,65.04,6814989.0,454857904.0,1264586221.0,0.005389105848876714
777,2023-07-13,65.0,65.95,64.9,65.79,3459290.0,226668275.0,1264586221.0,0.0027355113811571414
778,2023-07-14,65.79,65.79,64.72,64.78,2225478.0,144793258.0,1264586221.0,0.0017598467886516692
779,2023-07-17,64.42,64.5,63.57,64.02,1861849.0,119144723.0,1264586221.0,0.0014722989773901705
780,2023-07-18,64.02,64.4,63.6,64.2,1378102.0,88099290.0,1264586221.0,0.001089765155680911
781,2023-07-19,63.66,64.56,63.66,64.02,1477068.0,94485409.0,1264586221.0,0.001168024746333212
782,2023-07-20,63.8,64.86,63.78,64.36,3106300.0,199726471.0,1264586221.0,0.0024563765984605013
783,2023-07-21,64.45,68.8,64.22,66.81,6111334.0,409034277.0,1264586221.0,0.0048326748295322445
784,2023-07-24,67.0,68.5,66.8,66.98,3362423.0,226652638.0,1264586221.0,0.002658911621969982
785,2023-07-25,67.36,67.66,66.65,67.25,2705560.0,181271066.0,1264586221.0,0.0021394824291700075
786,2023-07-26,67.66,73.98,66.92,73.09,11908726.0,855088872.0,1264586221.0,0.00941709296071794
787,2023-07-27,72.36,75.0,72.35,73.58,8124872.0,597167716.0,1264586221.0,0.006424925295781789
788,2023-07-28,73.82,74.79,72.6,74.55,5778231.0,427305828.0,1264586221.0,0.004569266139426012
789,2023-07-31,70.91,71.8,68.85,69.25,10987396.0,769516170.0,1264586221.0,0.008688530538717612
790,2023-08-01,69.0,71.45,68.52,70.2,6656263.0,466677355.0,1264586221.0,0.005263589693976271
791,2023-08-02,70.3,70.39,67.9,67.99,4460612.0,305458317.0,1264586221.0,0.003527329276506485
792,2023-08-03,68.15,68.35,67.17,68.16,3797881.0,257321638.0,1264586221.0,0.0030032598307110606
793,2023-08-04,68.21,68.57,67.6,68.27,3237493.0,220536681.0,1264586221.0,0.002560120414280554
794,2023-08-07,67.81,67.87,65.74,66.16,4396988.0,291902106.0,1264586221.0,0.003477017167341095
795,2023-08-08,65.91,66.5,65.58,65.6,2899738.0,190951731.0,1264586221.0,0.0022930330505317124
796,2023-08-09,65.5,67.47,65.34,66.01,6039083.0,399900536.0,1264586221.0,0.004775540726060149
797,2023-08-10,66.01,66.25,64.72,65.49,2893165.0,189061406.0,1264586221.0,0.002287835302927913
798,2023-08-11,65.61,65.98,64.08,64.1,2972103.0,192946493.0,1264586221.0,0.0023502573020681363
799,2023-08-14,62.53,63.78,61.52,62.04,4740375.0,294844764.0,1264586221.0,0.0037485581617767764
800,2023-08-15,62.3,62.3,60.61,61.11,4334904.0,264674075.0,1264586221.0,0.0034279228478166376
801,2023-08-16,61.0,62.51,60.8,60.93,3459494.0,212823002.0,1264586221.0,0.00273567269874594
802,2023-08-17,60.8,61.88,60.05,61.61,3472394.0,212946247.0,1264586221.0,0.0027458736639199865
803,2023-08-18,61.63,61.88,60.66,60.77,2207150.0,135297183.0,1264586221.0,0.0017453535103795822
804,2023-08-21,60.6,61.2,59.22,59.24,3441794.0,206572157.0,1264586221.0,0.0027216760256001554
805,2023-08-22,59.09,59.86,55.99,56.91,7731398.0,441157677.0,1264586221.0,0.006113776879433514
806,2023-08-23,56.96,57.31,54.71,55.08,5206980.0,290298583.0,1264586221.0,0.004117536561391966
807,2023-08-24,55.06,56.2,54.51,55.76,5509257.0,305183203.0,1264586221.0,0.004356568898594697
808,2023-08-25,50.18,50.8,50.18,50.18,4371160.0,219450617.0,1264586221.0,0.003456593095363167
809,2023-08-28,51.5,51.55,47.01,47.2,13063058.0,632859189.0,1264586221.0,0.010329906955391379
810,2023-08-29,47.98,51.19,47.21,51.06,11522454.0,569694311.0,1264586221.0,0.009111639687872259
811,2023-08-30,50.8,51.99,50.4,50.7,5303395.0,270789788.0,1264586221.0,0.004193778891411786
812,2023-08-31,50.79,50.85,49.49,49.89,4187860.0,209004114.0,1264586221.0,0.003311644497192414
813,2023-09-01,49.89,50.36,48.68,48.91,3515838.0,172772762.0,1264586221.0,0.002780227984154194
814,2023-09-04,49.5,50.97,48.83,50.74,5447907.0,272842876.0,1264586221.0,0.004308055006080918
815,2023-09-05,50.74,51.12,49.75,49.8,4339532.0,218036042.0,1264586221.0,0.0034315825429193886
816,2023-09-06,49.9,50.48,49.2,49.77,2964731.0,147347811.0,1264586221.0,0.0023444277272415418
817,2023-09-07,49.76,50.18,48.65,48.72,3640324.0,179311481.0,1264586221.0,0.002878668088856236
818,2023-09-08,48.89,49.16,48.2,48.24,2877414.0,139720842.0,1264586221.0,0.002275379845373153
819,2023-09-11,48.25,50.88,48.24,49.91,6309855.0,315860597.0,1264586221.0,0.004989659775835878
820,2023-09-12,49.95,50.33,49.36,49.41,3895165.0,194019058.0,1264586221.0,0.0030801893420282648
821,2023-09-13,49.41,49.65,48.22,48.66,3838156.0,186946352.0,1264586221.0,0.0030351081929114268
822,2023-09-14,48.78,49.11,47.91,48.01,3044432.0,146683110.0,1264586221.0,0.0024074530857947723
823,2023-09-15,48.09,49.55,48.0,48.7,4237620.0,206533971.0,1264586221.0,0.0033509933364994334
824,2023-09-18,48.51,50.09,48.32,49.89,4418155.0,218847321.0,1264586221.0,0.0034937554487239663
825,2023-09-19,49.75,50.2,49.2,49.29,2978008.0,147401935.0,1264586221.0,0.0023549268136458684
826,2023-09-20,49.29,49.56,48.84,48.84,2751445.0,134970023.0,1264586221.0,0.0021757670250623427
827,2023-09-21,48.51,48.98,47.88,47.97,3853180.0,186117140.0,1264586221.0,0.0030469887588629673
828,2023-09-22,47.61,48.85,47.51,48.71,4359194.0,210298370.0,1264586221.0,0.003447130711698621
829,2023-09-25,48.68,49.15,48.21,48.32,3805149.0,184824092.0,1264586221.0,0.0030090071651982676
830,2023-09-26,48.48,48.61,47.4,47.52,3676166.0,176021160.0,1264586221.0,0.002907010956590203
831,2023-09-27,47.5,49.88,47.44,49.08,6587592.0,323201014.0,1264586221.0,0.005209286556033098
832,2023-09-28,48.99,49.4,47.89,47.98,4975047.0,240572197.0,1264586221.0,0.003934130324515057
833,2023-10-09,48.51,48.77,47.22,47.82,5871303.0,280889081.0,1264586221.0,0.004642864916998017
834,2023-10-10,47.99,47.99,46.85,46.89,4219900.0,199338030.0,1264586221.0,0.0033369808479037665
835,2023-10-11,47.0,49.8,46.9,48.55,8819674.0,429155745.0,1264586221.0,0.006974355606235883
836,2023-10-12,48.85,49.84,48.16,48.71,5646386.0,275689828.0,1264586221.0,0.004465006739939799
837,2023-10-13,48.15,50.2,47.8,48.41,6464917.0,314662393.0,1264586221.0,0.0051122785403178925
838,2023-10-16,48.22,48.72,46.86,47.15,6003215.0,283987939.0,1264586221.0,0.004747177298241335
839,2023-10-17,47.0,47.12,45.8,46.35,4016266.0,185966370.0,1264586221.0,0.003175952681837738
840,2023-10-18,46.18,46.33,45.42,45.43,3505637.0,160477326.0,1264586221.0,0.0027721613139417563
841,2023-10-19,45.29,45.66,44.4,44.53,4251707.0,190593284.0,1264586221.0,0.003362132948623991
842,2023-10-20,44.12,44.62,43.71,43.77,3821412.0,168341678.0,1264586221.0,0.003021867498270013
843,2023-10-23,43.66,43.93,42.56,42.79,3812112.0,164144394.0,1264586221.0,0.0030145133140747704
844,2023-10-24,43.2,43.6,42.5,42.86,4108580.0,176637728.0,1264586221.0,0.0032489520538592047
845,2023-10-25,43.26,43.39,41.45,41.6,6184437.0,261912945.0,1264586221.0,0.004890482671169323
846,2023-10-26,41.37,41.62,40.14,40.93,6541310.0,265988390.0,1264586221.0,0.005172688023460601
847,2023-10-27,40.88,43.85,40.5,43.4,8529216.0,362928650.0,1264586221.0,0.006744669409141063
848,2023-10-30,40.56,43.35,40.51,43.04,8079180.0,342915985.0,1264586221.0,0.006388793318980818
849,2023-10-31,43.2,44.24,42.81,43.86,6951115.0,303629438.0,1264586221.0,0.00549675054541022
850,2023-11-01,44.38,45.68,44.02,45.15,8242009.0,371038264.0,1264586221.0,0.006517554013424602
851,2023-11-02,45.2,45.65,44.38,44.46,4362246.0,195503568.0,1264586221.0,0.0034495441493506513
852,2023-11-03,44.39,45.24,44.22,44.95,3912397.0,175382142.0,1264586221.0,0.003093815933646805
853,2023-11-06,45.38,47.1,45.04,46.46,6016441.0,279034766.0,1264586221.0,0.004757636055248462
854,2023-11-07,46.49,47.56,45.92,47.25,6166244.0,289883463.0,1264586221.0,0.004876096147183941
855,2023-11-08,47.4,50.08,47.1,49.19,10832578.0,531167762.0,1264586221.0,0.008566104722724161
856,2023-11-09,49.42,49.9,48.76,49.57,6738507.0,332482924.0,1264586221.0,0.00532862598698203
857,2023-11-10,49.58,50.27,48.77,49.75,5199919.0,257868884.0,1264586221.0,0.00411195291681104
858,2023-11-13,50.05,50.09,48.14,48.96,5295966.0,258810847.0,1264586221.0,0.004187904242553027
859,2023-11-14,49.02,49.75,48.59,49.01,3207706.0,157275986.0,1264586221.0,0.002536565673998436
860,2023-11-15,49.51,49.8,48.69,48.96,2954193.0,145219428.0,1264586221.0,0.002336094566698588
861,2023-11-16,48.91,49.45,48.44,48.49,2598964.0,126620795.0,1264586221.0,0.002055189244387631
862,2023-11-17,48.45,48.77,48.11,48.6,3297942.0,159607060.0,1264586221.0,0.0026079218207771377
863,2023-11-20,48.58,49.81,48.55,49.66,4024130.0,198117058.0,1264586221.0,0.0031821713167314355
864,2023-11-21,49.66,49.97,49.21,49.41,4049768.0,200501452.0,1264586221.0,0.003202445141935482
865,2023-11-22,49.3,49.53,48.4,48.4,2810791.0,137012411.0,1264586221.0,0.002222696209497921
866,2023-11-23,48.25,48.85,48.13,48.8,2573880.0,124742544.0,1264586221.0,0.0020353535071453224
867,2023-11-24,48.8,49.11,48.19,48.55,2633411.0,127884043.0,1264586221.0,0.0020824289844923118
868,2023-11-27,48.06,48.47,46.72,47.12,5052821.0,238620586.0,1264586221.0,0.003995631864472134
869,2023-11-28,47.12,49.0,46.3,47.81,5278218.0,253179022.0,1264586221.0,0.004173869612327525
870,2023-11-29,48.01,48.12,47.3,47.4,2702454.0,128676234.0,1264586221.0,0.0021370262898032953
871,2023-11-30,47.4,49.54,47.03,48.82,7513658.0,365106405.0,1264586221.0,0.005941594076565539
872,2023-12-01,49.0,49.47,48.16,49.35,4617231.0,225102331.0,1264586221.0,0.0036511792737618323
873,2023-12-04,49.46,49.54,47.04,47.95,5307666.0,255171251.0,1264586221.0,0.004197156280734139
874,2023-12-05,47.79,48.87,47.47,47.47,3312313.0,159475475.0,1264586221.0,0.0026192860122900233
875,2023-12-06,47.41,48.0,46.73,47.35,3048921.0,144040853.0,1264586221.0,0.002411002863520842
876,2023-12-07,47.35,49.48,47.11,47.95,4823398.0,232867243.0,1264586221.0,0.0038142104665554472
877,2023-12-08,47.56,49.47,46.85,48.15,6030745.0,289488885.0,1264586221.0,0.0047689472650042425
878,2023-12-11,48.01,48.5,46.94,48.3,5043547.0,240229142.0,1264586221.0,0.003988298240361738
879,2023-12-12,48.49,48.49,47.2,47.37,3457600.0,164360364.0,1264586221.0,0.0027341749756420917
880,2023-12-13,47.14,48.83,47.13,47.75,4811280.0,230980901.0,1264586221.0,0.0038046278854717967
881,2023-12-14,48.09,48.99,47.65,47.74,3353921.0,161675574.0,1264586221.0,0.0026521884742250405
882,2023-12-15,48.19,52.51,48.02,52.51,11768855.0,605326444.0,1264586221.0,0.009306486821193982
883,2023-12-18,53.96,55.56,52.15,52.38,16560434.0,890342923.0,1264586221.0,0.013095535697759276
884,2023-12-19,52.17,57.62,52.0,57.62,16156785.0,894691755.0,1264586221.0,0.01277634117128341
885,2023-12-20,57.83,61.38,57.52,59.08,20256657.0,1205322105.0,1264586221.0,0.016018407178263885
886,2023-12-21,59.0,64.99,58.2,63.83,27264947.0,1719908120.0,1264586221.0,0.02156037014102497
887,2023-12-22,63.91,65.7,63.0,64.54,17606859.0,1135750299.0,1264586221.0,0.013923019804910558
888,2023-12-25,65.5,70.65,64.66,69.6,23579318.0,1601422116.0,1264586221.0,0.01864587610432298
889,2023-12-26,68.88,76.56,68.26,76.56,29900643.0,2188412441.0,1264586221.0,0.023644606040666327
890,2023-12-27,76.0,79.6,72.41,74.17,32969196.0,2486058148.0,1264586221.0,0.026071133349791577
891,2023-12-28,73.5,74.08,67.01,68.3,34260903.0,2372561403.0,1264586221.0,0.02709257971584367
892,2023-12-29,67.5,75.13,67.5,75.13,32492582.0,2354149552.0,1264586221.0,0.025694240108282817
893,2024-01-02,75.5,78.44,73.4,77.25,28167114.0,2146573071.0,1264586221.0,0.022273778989720622
894,2024-01-03,77.0,77.2,73.6,75.0,15956290.0,1201333707.0,1264586221.0,0.012617795240076397
895,2024-01-04,74.6,77.7,74.6,74.8,14592374.0,1107059289.0,1264586221.0,0.011539247982996962
896,2024-01-05,74.16,82.1,73.7,80.35,25456248.0,2009672210.0,1264586221.0,0.020130100721696857
897,2024-01-08,79.82,88.0,79.51,87.0,27169899.0,2297713707.0,1264586221.0,0.021485208797004596
898,2024-01-09,86.35,86.35,80.2,81.65,24841084.0,2067974268.0,1264586221.0,0.019643645951128864
899,2024-01-10,82.21,87.49,73.5,76.8,34076951.0,2782162408.0,1264586221.0,0.026947115534006756
900,2024-01-11,75.0,77.87,74.23,75.69,21929577.0,1668432791.0,1264586221.0,0.017341306299113946
901,2024-01-12,75.33,76.54,72.3,73.4,22660174.0,1679372668.0,1264586221.0,0.017919042310994785
902,2024-01-15,73.55,76.42,72.51,73.23,15400680.0,1144160477.0,1268206999.0,0.012143664253661795
903,2024-01-16,74.11,74.58,69.09,70.91,20001531.0,1419682745.0,1268206999.0,0.015771503402655485
904,2024-01-17,70.8,71.32,67.99,67.99,14231445.0,982364258.0,1268206999.0,0.011221705140581708
905,2024-01-18,67.1,69.49,67.1,69.0,15584561.0,1064501853.0,1268206999.0,0.012288657145315124
906,2024-01-19,68.11,69.34,66.76,67.21,10670733.0,723505568.0,1268206999.0,0.0084140309968436
907,2024-01-22,66.98,67.18,62.7,63.5,14775423.0,958052139.0,1268206999.0,0.011650639849528223
908,2024-01-23,63.1,65.78,62.95,64.36,11977725.0,771457509.0,1268206999.0,0.009444613544511751
909,2024-01-24,63.1,65.21,60.5,62.0,16495511.0,1027946947.0,1268206999.0,0.01300695471086893
910,2024-01-25,61.36,62.0,58.88,60.38,16148329.0,971249123.0,1268206999.0,0.012733196562338164
911,2024-01-26,59.68,61.33,59.39,60.34,10933217.0,659773857.0,1268206999.0,0.008621003518054232
912,2024-01-29,59.8,60.5,55.89,56.01,15458050.0,887545171.0,1268206999.0,0.01218890134827272
913,2024-01-30,55.05,56.1,53.88,54.43,10774606.0,590806415.0,1268206999.0,0.008495936395632524
914,2024-01-31,54.58,56.39,53.75,53.99,9670037.0,528891701.0,1268206999.0,0.007624967381212189
915,2024-02-01,54.28,55.0,52.73,52.94,10671716.0,573130869.0,1268206999.0,0.008414806106901165
916,2024-02-02,53.46,53.46,48.99,50.74,11457397.0,584332487.0,1268206999.0,0.00903432721080575
917,2024-02-05,50.5,52.5,47.62,50.8,12800054.0,641487607.0,1268206999.0,0.010093032139148445
918,2024-02-06,50.0,55.88,50.0,55.88,8892053.0,474239923.0,1268206999.0,0.007011515475794973
919,2024-02-07,59.99,61.47,57.75,61.47,10618127.0,637650488.0,1268206999.0,0.008372550386784295
920,2024-02-08,64.48,66.1,58.88,62.76,28439687.0,1761625726.0,1268206999.0,0.022425114372042667
