,date,open,high,low,close,volume,amount,outstanding_share,turnover
0,2021-08-20,4.28,5.82,4.09,5.46,3884664313.0,20105590935.0,5786113180.0,0.6713771736141532
1,2021-08-23,4.91,4.91,4.91,4.91,310972400.0,1710348200.0,5786113180.0,0.05374461064378972
2,2021-08-24,4.42,4.42,4.42,4.42,406597500.0,2012657625.0,5786113180.0,0.07027126628034608
3,2021-08-25,4.42,4.59,4.26,4.31,2084090257.0,10182275515.0,5786113180.0,0.36018829776848577
4,2021-08-26,4.22,4.32,4.13,4.21,1381649325.0,6471125818.0,5786113180.0,0.23878712393247725
5,2021-08-27,4.16,4.2,4.11,4.12,915488263.0,4241738649.0,5786113180.0,0.1582216307424529
6,2021-08-30,4.13,4.17,4.09,4.14,828324060.0,3821401677.0,5786113180.0,0.14315725154895778
7,2021-08-31,4.12,4.13,4.06,4.07,742828837.0,3392268860.0,5786113180.0,0.12838131814766887
8,2021-09-01,4.06,4.12,4.05,4.09,691719415.0,3164104039.0,5786113180.0,0.11954819988502195
9,2021-09-02,4.07,4.08,4.05,4.07,598877045.0,2724702722.0,5786113180.0,0.1035024767697337
10,2021-09-03,4.06,4.06,4.05,4.05,560911938.0,2547149313.0,5786113180.0,0.09694105879899155
11,2021-09-06,4.05,4.09,4.05,4.06,596007077.0,2710518570.0,5786113180.0,0.1030064671151144
12,2021-09-07,4.05,4.06,4.05,4.05,498043233.0,2260798203.0,5786113180.0,0.08607561198794249
13,2021-09-08,4.05,4.06,4.05,4.05,457927355.0,2078538311.0,5786113180.0,0.07914248144727788
14,2021-09-09,4.05,4.06,4.05,4.05,419472206.0,1903991706.0,5786113180.0,0.07249637069836923
15,2021-09-10,4.05,4.06,4.05,4.05,402243804.0,1825151136.0,5786113180.0,0.06951882749033955
16,2021-09-13,4.05,4.05,4.05,4.05,343276822.0,1556374121.0,5786113180.0,0.05932770606467812
17,2021-09-14,4.05,4.05,4.05,4.05,408281625.0,1850571691.0,5786113180.0,0.07056232954641237
18,2021-09-15,4.05,4.05,4.05,4.05,339075112.0,1536797205.0,5786113180.0,0.058601534648860774
19,2021-09-16,4.05,4.05,4.05,4.05,436825808.0,1979723046.0,5786113180.0,0.07549555192074553
20,2021-09-17,4.05,4.05,4.05,4.05,539070049.0,2442833879.0,5786113180.0,0.09316617774835853
21,2021-09-22,4.05,4.22,4.05,4.13,543501922.0,2511000019.0,4405328291.0,0.12337376152201049
22,2021-09-23,4.1,4.11,4.05,4.06,334993205.0,1524449638.0,4405328291.0,0.07604273345175763
23,2021-09-24,4.05,4.06,3.96,3.96,354509157.0,1585257583.0,4405328291.0,0.08047281237229365
24,2021-09-27,3.96,3.96,3.84,3.85,285734313.0,1241402321.0,4405328291.0,0.06486107144018066
25,2021-09-28,3.83,3.91,3.8,3.88,158002969.0,681213379.0,4405328291.0,0.03586633244173811
26,2021-09-29,3.83,3.85,3.8,3.8,145843812.0,622819086.0,4405328291.0,0.03310623008459008
27,2021-09-30,3.8,3.84,3.8,3.83,97689323.0,417242994.0,4405328291.0,0.02217526516686109
28,2021-10-08,3.84,3.88,3.81,3.88,140377383.0,605277973.0,4405328291.0,0.03186536251720178
29,2021-10-11,3.87,3.88,3.85,3.87,105987535.0,458657571.0,4405328291.0,0.024058941354389064
30,2021-10-12,3.86,3.87,3.8,3.82,126268161.0,540901959.0,4405328291.0,0.028662599620092648
31,2021-10-13,3.81,3.82,3.8,3.81,85803160.0,366030483.0,4405328291.0,0.019477131857640256
32,2021-10-14,3.81,3.81,3.8,3.8,67538893.0,287773378.0,4405328291.0,0.0153311827266042
33,2021-10-15,3.8,3.82,3.8,3.8,78302887.0,333829892.0,4405328291.0,0.01777458609837802
34,2021-10-18,3.8,3.8,3.76,3.77,115107082.0,486110059.0,4405328291.0,0.02612905881161264
35,2021-10-19,3.77,3.78,3.74,3.75,93616996.0,393561817.0,4405328291.0,0.021250855740140344
36,2021-10-20,3.75,3.76,3.73,3.74,80494821.0,337215586.0,4405328291.0,0.018272150378542584
37,2021-10-21,3.74,3.74,3.71,3.72,88284552.0,368320418.0,4405328291.0,0.0200404024781453
38,2021-10-22,3.71,3.71,3.69,3.7,103028857.0,427089229.0,4405328291.0,0.023387327843531196
39,2021-10-25,3.7,3.77,3.7,3.77,140698566.0,588654773.0,4405328291.0,0.03193827036396911
40,2021-10-26,3.75,3.77,3.71,3.75,106323021.0,444934726.0,4405328291.0,0.02413509595124065
41,2021-10-27,3.73,3.78,3.7,3.78,127170880.0,531832951.0,4405328291.0,0.028867514881877845
42,2021-10-28,3.78,3.94,3.73,3.94,211183338.0,903833886.0,4405328291.0,0.04793816125609605
43,2021-10-29,3.88,3.92,3.85,3.92,166786136.0,726321997.0,4405328291.0,0.037860092366042465
44,2021-11-01,3.88,3.89,3.85,3.87,86848662.0,376131564.0,4405328291.0,0.019714458551801945
45,2021-11-02,3.85,3.87,3.77,3.77,103392173.0,441375814.0,4405328291.0,0.023469799790228618
46,2021-11-03,3.76,3.77,3.74,3.76,56751205.0,238716055.0,4405328291.0,0.012882400868044638
47,2021-11-04,3.76,3.77,3.73,3.74,60252322.0,252605814.0,4405328291.0,0.013677146859428007
48,2021-11-05,3.74,3.81,3.72,3.79,117217118.0,495684839.0,4405328291.0,0.026608032422798612
49,2021-11-08,3.77,3.79,3.75,3.76,57234348.0,241042212.0,4405328291.0,0.012992073284737634
50,2021-11-09,3.75,3.79,3.74,3.77,54105157.0,228141217.0,4405328291.0,0.01228175369144129
51,2021-11-10,3.77,3.78,3.74,3.76,53161541.0,223587319.0,4405328291.0,0.0120675548990544
52,2021-11-11,3.75,3.78,3.75,3.76,63302413.0,266651974.0,4405328291.0,0.014369510923697922
53,2021-11-12,3.76,3.77,3.75,3.76,56733806.0,238809614.0,4405328291.0,0.012878451332652339
54,2021-11-15,3.77,3.8,3.76,3.77,69201950.0,292359117.0,4405328291.0,0.015708693070929182
55,2021-11-16,3.77,3.78,3.75,3.76,55596261.0,234427455.0,4405328291.0,0.012620231076440338
56,2021-11-17,3.76,3.77,3.75,3.76,39879159.0,167862985.0,4405328291.0,0.009052482894741885
57,2021-11-18,3.76,3.77,3.73,3.73,62993300.0,264188491.0,4405328291.0,0.014299342940841455
58,2021-11-19,3.73,3.75,3.72,3.74,57566672.0,240786708.0,4405328291.0,0.013067510114423843
59,2021-11-22,3.74,3.93,3.73,3.93,232716104.0,998998253.0,4405328291.0,0.0528260525953161
60,2021-11-23,3.86,3.88,3.83,3.84,124425580.0,536434784.0,4405328291.0,0.028244337715806343
61,2021-11-24,3.83,3.86,3.8,3.83,74774503.0,320272955.0,4405328291.0,0.0169736505569319
62,2021-11-25,3.82,3.84,3.82,3.82,42905517.0,183917679.0,4405328291.0,0.009739459619310355
63,2021-11-26,3.82,3.83,3.81,3.82,50985664.0,218147870.0,4405328291.0,0.011573635523182852
64,2021-11-29,3.81,3.85,3.79,3.82,71173828.0,305020556.0,4405328291.0,0.016156305114741788
65,2021-11-30,3.82,3.84,3.81,3.82,61362300.0,262893430.0,4405328291.0,0.013929109466225704
66,2021-12-01,3.81,3.84,3.8,3.83,57230649.0,244939428.0,4405328291.0,0.012991233619732973
67,2021-12-02,3.82,3.83,3.81,3.82,52096090.0,223057160.0,4405328291.0,0.011825699825012201
68,2021-12-03,3.82,3.89,3.81,3.86,125563534.0,542392914.0,4405328291.0,0.028502650814134296
69,2021-12-06,3.85,3.9,3.84,3.87,131942432.0,571394468.0,4405328291.0,0.029950646872233297
70,2021-12-07,3.86,3.88,3.85,3.87,85493857.0,369889858.0,4405328291.0,0.01940692074519447
71,2021-12-08,3.87,3.88,3.86,3.88,87365910.0,379054729.0,4405328291.0,0.01983187272977745
72,2021-12-09,3.88,3.95,3.87,3.95,178988712.0,782998823.0,4405328291.0,0.04063005074234092
73,2021-12-10,3.91,3.99,3.9,3.96,220846266.0,976864214.0,4405328291.0,0.050131625025809
74,2021-12-13,3.95,3.96,3.93,3.93,120544625.0,532085264.0,4405328291.0,0.027363369319437628
75,2021-12-14,3.92,3.93,3.88,3.88,99235500.0,432356328.0,4405328291.0,0.0225262440038206
76,2021-12-15,3.87,3.9,3.86,3.88,76716358.0,333776279.0,4405328291.0,0.017414447444638808
77,2021-12-16,3.88,3.9,3.87,3.89,65330610.0,284233358.0,4405328291.0,0.014829907258777777
78,2021-12-17,3.88,3.89,3.88,3.88,53101619.0,231026600.0,4405328291.0,0.012053952734574986
79,2021-12-20,3.88,3.99,3.88,3.95,222091253.0,981468310.0,4405328291.0,0.05041423438378659
80,2021-12-21,3.94,3.97,3.92,3.96,126315229.0,558254807.0,4405328291.0,0.02867328395435581
81,2021-12-22,3.96,3.96,3.89,3.89,101516603.0,445371280.0,4405328291.0,0.023044049454247584
82,2021-12-23,3.89,3.91,3.88,3.88,67862700.0,295986917.0,4405328291.0,0.015404686215699787
83,2021-12-24,3.88,3.89,3.85,3.85,87025648.0,376478309.0,4405328291.0,0.01975463399124912
84,2021-12-27,3.85,3.88,3.84,3.86,61368267.0,265013716.0,4405328291.0,0.013930463962328114
85,2021-12-28,3.86,3.87,3.84,3.86,45236903.0,194947710.0,4405328291.0,0.010268679202051323
86,2021-12-29,3.86,3.86,3.84,3.85,35787095.0,154206702.0,4405328291.0,0.008123593211682394
87,2021-12-30,3.85,3.88,3.84,3.85,45510844.0,196612694.0,4405328291.0,0.01033086321693159
88,2021-12-31,3.86,3.88,3.85,3.87,48703707.0,210624747.0,4405328291.0,0.011055636216601774
89,2022-01-04,3.86,3.93,3.86,3.91,123273192.0,537585468.0,4405328291.0,0.027982748130677283
90,2022-01-05,3.89,3.89,3.84,3.84,145210563.0,627077132.0,4405328291.0,0.03296248393034915
91,2022-01-06,3.84,3.86,3.82,3.84,76037027.0,326584669.0,4405328291.0,0.017260240776003497
92,2022-01-07,3.83,3.87,3.83,3.83,73837180.0,317826451.0,4405328291.0,0.016760880261942775
93,2022-01-10,3.83,3.88,3.83,3.86,97150111.0,419457557.0,4405328291.0,0.022052865208360473
94,2022-01-11,3.86,3.87,3.84,3.85,70170093.0,302969847.0,4405328291.0,0.015928459439301296
95,2022-01-12,3.85,3.86,3.84,3.85,38055898.0,163985884.0,4405328291.0,0.008638606588695662
96,2022-01-13,3.86,3.88,3.84,3.84,71834965.0,310070975.0,4405328291.0,0.016306381784703183
97,2022-01-14,3.84,3.85,3.8,3.8,91742675.0,392745514.0,4405328291.0,0.020825388924459613
98,2022-01-17,3.8,3.82,3.8,3.81,49411805.0,210672460.0,4405328291.0,0.011216372932057607
99,2022-01-18,3.81,3.85,3.8,3.83,66871847.0,286391942.0,4405328291.0,0.015179764726415029
100,2022-01-19,3.82,3.82,3.8,3.8,46798118.0,199747624.0,4405328291.0,0.010623071632506401
101,2022-01-20,3.82,3.84,3.81,3.82,60206506.0,257733577.0,4405328291.0,0.013666746726458666
102,2022-01-21,3.82,3.82,3.8,3.81,45785571.0,195406262.0,4405328291.0,0.010393225652112927
103,2022-01-24,3.81,3.83,3.8,3.82,57095606.0,244017463.0,4405328291.0,0.012960579150626575
104,2022-01-25,3.81,3.82,3.74,3.75,87692900.0,370836292.0,4405328291.0,0.019906098752993026
105,2022-01-26,3.75,3.78,3.75,3.76,40425668.0,170136456.0,4405328291.0,0.009176539256470138
106,2022-01-27,3.77,3.77,3.71,3.71,62497105.0,260904814.0,4405328291.0,0.014186707748360177
107,2022-01-28,3.71,3.73,3.71,3.71,43075097.0,179425714.0,4405328291.0,0.0097779539127655
108,2022-02-07,3.73,3.77,3.72,3.76,47537168.0,199736306.0,4405328291.0,0.010790834385059908
109,2022-02-08,3.76,3.87,3.75,3.83,155000348.0,665685250.0,4405328291.0,0.03518474396486244
110,2022-02-09,3.82,3.99,3.81,3.94,365676546.0,1607185122.0,4405328291.0,0.08300778553713467
111,2022-02-10,3.9,3.91,3.84,3.86,178249188.0,771994476.0,4405328291.0,0.04046218039281196
112,2022-02-11,3.85,3.88,3.84,3.85,88643407.0,382911239.0,4405328291.0,0.020121861787485113
113,2022-02-14,3.84,3.85,3.79,3.8,96647559.0,412244297.0,4405328291.0,0.021938786990619765
114,2022-02-15,3.8,3.8,3.78,3.79,42035209.0,178331100.0,4405328291.0,0.009541901584469225
115,2022-02-16,3.8,3.8,3.78,3.8,53418895.0,226703772.0,4405328291.0,0.01212597370078724
116,2022-02-17,3.79,3.8,3.77,3.77,39390698.0,166755576.0,4405328291.0,0.008941603303543672
117,2022-02-18,3.77,3.8,3.77,3.8,50132721.0,212946329.0,4405328291.0,0.01138001930580751
118,2022-02-21,3.75,3.77,3.7,3.74,477608828.0,1991650359.0,5391556378.0,0.08858459311468225
119,2022-02-22,3.71,3.73,3.7,3.71,197596113.0,821223049.0,5391556378.0,0.036649178668757304
120,2022-02-23,3.71,3.73,3.71,3.73,113603349.0,473545127.0,5391556378.0,0.021070603928682503
121,2022-02-24,3.72,3.72,3.68,3.69,188477794.0,780877752.0,5391556378.0,0.034957956624375675
122,2022-02-25,3.69,3.71,3.69,3.7,91649697.0,379676068.0,5391556378.0,0.016998745923157255
123,2022-02-28,3.7,3.7,3.66,3.68,101461399.0,417941239.0,5391556378.0,0.018818573318459327
124,2022-03-01,3.68,3.69,3.67,3.69,59536641.0,245238003.0,5391556378.0,0.011042570424179658
125,2022-03-02,3.68,3.69,3.67,3.69,72925121.0,300071247.0,5391556378.0,0.01352580143603202
126,2022-03-03,3.68,3.71,3.68,3.7,93391460.0,386342160.0,5391556378.0,0.017321799764735763
127,2022-03-04,3.69,3.69,3.66,3.68,105817338.0,435542439.0,5391556378.0,0.019626491977675097
128,2022-03-07,3.67,3.67,3.63,3.63,126244416.0,515305077.0,5391556378.0,0.023415208364533584
129,2022-03-08,3.63,3.65,3.57,3.58,120029748.0,484124212.0,5391556378.0,0.022262541571442324
130,2022-03-09,3.58,3.59,3.41,3.53,150975445.0,594676059.0,5391556378.0,0.02800220092588634
131,2022-03-10,3.55,3.56,3.51,3.56,98732878.0,391076486.0,5391556378.0,0.018312500339025484
132,2022-03-11,3.53,3.55,3.48,3.54,73156319.0,287644203.0,5391556378.0,0.013568682931427932
133,2022-03-14,3.51,3.55,3.5,3.55,88700302.0,350702025.0,5391556378.0,0.01645170629429705
134,2022-03-15,3.52,3.53,3.46,3.48,121067904.0,472749990.0,5391556378.0,0.022455093763650895
135,2022-03-16,3.49,3.53,3.43,3.52,92905260.0,362845293.0,5391556378.0,0.017231621722272196
136,2022-03-17,3.53,3.61,3.52,3.61,133782465.0,531642433.0,5391556378.0,0.024813329513884572
137,2022-03-18,3.63,3.63,3.58,3.62,116138109.0,469370945.0,5391556378.0,0.02154073904780005
138,2022-03-21,3.6,3.61,3.58,3.6,65305214.0,262939552.0,5391556378.0,0.012112497657721794
139,2022-03-22,3.59,3.63,3.58,3.62,66306965.0,267969142.0,5391556378.0,0.012298297625257625
140,2022-03-23,3.62,3.63,3.61,3.62,63796583.0,258526755.0,5391556378.0,0.011832684020576887
141,2022-03-24,3.61,3.68,3.6,3.64,122287864.0,499602608.0,5391556378.0,0.02268136608920386
142,2022-03-25,3.63,3.63,3.59,3.6,71826815.0,290491998.0,5391556378.0,0.013322092910515792
143,2022-03-28,3.57,3.6,3.54,3.58,62486822.0,249209446.0,5391556378.0,0.011589755836547425
144,2022-03-29,3.58,3.6,3.56,3.58,44759474.0,179456804.0,5391556378.0,0.008301772412626342
145,2022-03-30,3.57,3.6,3.57,3.59,47260123.0,189724664.0,5391556378.0,0.008765580787181003
146,2022-03-31,3.58,3.6,3.57,3.57,44137680.0,176985831.0,5391556378.0,0.008186445045831625
147,2022-04-01,3.56,3.59,3.55,3.58,41626147.0,166578959.0,5391556378.0,0.007720617959195158
148,2022-04-06,3.58,3.61,3.57,3.6,45996450.0,184943392.0,5391556378.0,0.008531200784190335
149,2022-04-07,3.59,3.62,3.57,3.57,45691252.0,183952583.0,5391556378.0,0.008474594123960396
150,2022-04-08,3.57,3.59,3.55,3.58,52396590.0,209618880.0,5391556378.0,0.00971826803366128
151,2022-04-11,3.58,3.58,3.53,3.55,70129823.0,279390737.0,5391556378.0,0.013007342979137072
152,2022-04-12,3.54,3.57,3.53,3.57,45321040.0,180057676.0,5391556378.0,0.008405928979047765
153,2022-04-13,3.56,3.62,3.55,3.59,78372464.0,314445523.0,5391556378.0,0.014536148470930448
154,2022-04-14,3.59,3.61,3.58,3.59,53414599.0,214942852.0,5391556378.0,0.009907083457006187
155,2022-04-15,3.58,3.6,3.56,3.58,53325000.0,213855045.0,5391556378.0,0.009890465064520187
156,2022-04-18,3.57,3.58,3.54,3.55,65036445.0,258823472.0,5391556378.0,0.012062647673569408
157,2022-04-19,3.55,3.56,3.54,3.56,35423204.0,140885910.0,5391556378.0,0.006570125862829288
158,2022-04-20,3.56,3.57,3.55,3.55,42888172.0,170772163.0,5391556378.0,0.007954692299055469
159,2022-04-21,3.55,3.55,3.49,3.5,72015763.0,284315296.0,5391556378.0,0.013357138078692274
160,2022-04-22,3.49,3.56,3.48,3.54,70783766.0,279116709.0,5391556378.0,0.013128633188151372
161,2022-04-25,3.51,3.56,3.46,3.48,101169239.0,398057778.0,5391556378.0,0.01876438488389298
162,2022-04-26,3.48,3.5,3.44,3.45,63334681.0,245533500.0,5391556378.0,0.011747012654534093
163,2022-04-27,3.43,3.46,3.41,3.46,77565570.0,298352479.0,5391556378.0,0.014386489644530617
164,2022-04-28,3.45,3.46,3.42,3.44,66206728.0,254879408.0,5391556378.0,0.012279706147589133
165,2022-04-29,3.45,3.48,3.44,3.47,74731977.0,289367817.0,5391556378.0,0.01386092841483406
166,2022-05-05,3.46,3.46,3.45,3.46,80892835.0,313001869.0,5391556378.0,0.015003614787388578
167,2022-05-06,3.42,3.44,3.41,3.43,63573860.0,243835586.0,5391556378.0,0.011791374427504874
168,2022-05-09,3.42,3.45,3.42,3.44,37077199.0,142708441.0,5391556378.0,0.006876900917013836
169,2022-05-10,3.42,3.45,3.41,3.45,40208588.0,154484702.0,5391556378.0,0.0074576959195065285
170,2022-05-11,3.44,3.47,3.43,3.43,80526317.0,311065058.0,5391556378.0,0.014935634787866444
171,2022-05-12,3.43,3.45,3.42,3.43,51102695.0,196263638.0,5391556378.0,0.009478282599162316
172,2022-05-13,3.43,3.45,3.43,3.44,42695370.0,164244391.0,5391556378.0,0.007918932309456414
173,2022-05-16,3.45,3.45,3.43,3.44,37419821.0,144082456.0,5391556378.0,0.006940448801145783
174,2022-05-17,3.44,3.45,3.43,3.44,28038039.0,107880647.0,5391556378.0,0.005200360904025402
175,2022-05-18,3.45,3.45,3.43,3.45,39822218.0,153406977.0,5391556378.0,0.007386033866304866
176,2022-05-19,3.43,3.44,3.42,3.44,42849498.0,164585126.0,5391556378.0,0.007947519231152887
177,2022-05-20,3.44,3.46,3.43,3.45,77014676.0,297155626.0,5391556378.0,0.014284312469448501
178,2022-05-23,3.45,3.47,3.44,3.46,76016041.0,294002373.0,5391556378.0,0.014099090442637303
179,2022-05-24,3.46,3.46,3.43,3.43,78012003.0,300795422.0,5391556378.0,0.014469291894697499
180,2022-05-25,3.43,3.46,3.43,3.45,41914204.0,161502593.0,5391556378.0,0.007774045389014014
181,2022-05-26,3.45,3.46,3.44,3.46,41112842.0,158844091.0,5391556378.0,0.007625412611423128
182,2022-05-27,3.46,3.46,3.44,3.45,38191472.0,147601785.0,5391556378.0,0.007083570925055808
183,2022-05-30,3.46,3.46,3.44,3.45,33516807.0,129311608.0,5391556378.0,0.006216536497098278
184,2022-05-31,3.44,3.46,3.44,3.46,51171676.0,197766916.0,5391556378.0,0.009491076863965235
185,2022-06-01,3.46,3.48,3.46,3.47,68125452.0,264788932.0,5391556378.0,0.012635581866116212
186,2022-06-02,3.47,3.5,3.46,3.49,54715676.0,213029149.0,5391556378.0,0.010148400974394857
187,2022-06-06,3.49,3.49,3.47,3.49,81071842.0,316163748.0,5391556378.0,0.01503681614659729
188,2022-06-07,3.49,3.5,3.47,3.49,63830522.0,249422816.0,5391556378.0,0.011838978863405293
189,2022-06-08,3.51,3.53,3.48,3.49,122770381.0,460567571.0,5391556378.0,0.022770861026504136
190,2022-06-09,3.49,3.51,3.48,3.5,58599544.0,219108771.0,5391556378.0,0.010868762170254356
191,2022-06-10,3.49,3.53,3.48,3.53,79535006.0,298422386.0,5391556378.0,0.014751771181423413
192,2022-06-13,3.51,3.52,3.49,3.5,49254740.0,184923458.0,5391556378.0,0.009135532775096579
193,2022-06-14,3.49,3.5,3.47,3.5,54143101.0,202342015.0,5391556378.0,0.010042202511491571
194,2022-06-15,3.5,3.58,3.49,3.57,152895107.0,580699291.0,5391556378.0,0.02835825062015145
195,2022-06-16,3.55,3.56,3.52,3.52,75076394.0,284046974.0,5391556378.0,0.013924809226950831
196,2022-06-17,3.51,3.52,3.49,3.5,51714166.0,194110989.0,5391556378.0,0.009591695305462685
197,2022-06-20,3.5,3.52,3.49,3.5,55439740.0,208014244.0,5391556378.0,0.0102826968899406
198,2022-06-21,3.5,3.51,3.49,3.5,44870491.0,168324312.0,5391556378.0,0.00832236331295579
199,2022-06-22,3.51,3.51,3.48,3.48,41881978.0,156561741.0,5391556378.0,0.007768068265203996
200,2022-06-23,3.48,3.5,3.47,3.49,40486808.0,151221556.0,5391556378.0,0.007509298829778461
201,2022-06-24,3.49,3.5,3.48,3.49,36871941.0,137807996.0,5391556378.0,0.006838830648317854
202,2022-06-27,3.5,3.5,3.48,3.49,40732621.0,152424135.0,5391556378.0,0.007554891045229092
203,2022-06-28,3.49,3.5,3.48,3.5,34819323.0,130185591.0,5391556378.0,0.006458120913300408
204,2022-06-29,3.5,3.5,3.47,3.49,54544445.0,203867103.0,5391556378.0,0.01011664187034492
205,2022-06-30,3.48,3.49,3.47,3.48,63467023.0,236725123.0,5391556378.0,0.011771558813513347
206,2022-07-01,3.47,3.48,3.47,3.47,36005842.0,134046835.0,5391556378.0,0.0066781907626748
207,2022-07-04,3.47,3.48,3.46,3.48,35253069.0,131202296.0,5391556378.0,0.006538570039599055
208,2022-07-05,3.48,3.48,3.46,3.46,47360300.0,175946699.0,5391556378.0,0.008784161136337468
209,2022-07-06,3.46,3.47,3.44,3.45,51906515.0,192034416.0,5391556378.0,0.009627371274795932
210,2022-07-07,3.45,3.47,3.44,3.45,43095860.0,159571654.0,5391556378.0,0.007993213272488569
211,2022-07-08,3.46,3.47,3.45,3.46,34391473.0,127536604.0,5391556378.0,0.006378765348783672
212,2022-07-11,3.46,3.49,3.44,3.47,69466528.0,258843327.0,5391556378.0,0.012884318206048071
213,2022-07-12,3.47,3.51,3.47,3.49,79052412.0,295566735.0,5391556378.0,0.014662261962532704
214,2022-07-13,3.49,3.5,3.47,3.5,40762733.0,152397578.0,5391556378.0,0.007560476074465338
215,2022-07-14,3.5,3.5,3.47,3.47,35822629.0,133666082.0,5391556378.0,0.006644209294772953
216,2022-07-15,3.48,3.49,3.46,3.46,53736109.0,200208996.0,5391556378.0,0.009966715588706026
217,2022-07-18,3.46,3.49,3.46,3.49,34053948.0,126899623.0,5391556378.0,0.006316162831748469
218,2022-07-19,3.48,3.49,3.47,3.49,28176311.0,105160569.0,5391556378.0,0.005226006930943382
219,2022-07-20,3.49,3.5,3.48,3.48,31718661.0,118462942.0,5391556378.0,0.005883025007292245
220,2022-07-21,3.49,3.5,3.47,3.49,43347071.0,161983899.0,5391556378.0,0.008039806683071284
221,2022-07-22,3.48,3.49,3.47,3.49,27979112.0,104414354.0,5391556378.0,0.005189431406887906
222,2022-07-25,3.49,3.49,3.46,3.47,30638199.0,114088924.0,5391556378.0,0.005682626101253021
223,2022-07-26,3.48,3.5,3.46,3.49,49967309.0,186725396.0,5391556378.0,0.009267696653213036
224,2022-07-27,3.49,3.5,3.48,3.48,23580872.0,88091019.0,5391556378.0,0.004373666961217483
225,2022-07-28,3.48,3.49,3.47,3.48,33513976.0,125001073.0,5391556378.0,0.006216011416805776
226,2022-07-29,3.48,3.49,3.46,3.46,36635973.0,136194484.0,5391556378.0,0.00679506443621575
227,2022-08-01,3.46,3.48,3.45,3.46,31986487.0,118796980.0,5391556378.0,0.005932700088330598
228,2022-08-02,3.45,3.46,3.41,3.45,96184362.0,353520697.0,5391556378.0,0.01783981382305041
229,2022-08-03,3.44,3.45,3.43,3.44,30077671.0,110681635.0,5391556378.0,0.005578662058089676
230,2022-08-04,3.44,3.44,3.43,3.44,25838119.0,94984358.0,5391556378.0,0.004792330301029823
231,2022-08-05,3.44,3.45,3.43,3.45,31819335.0,117290820.0,5391556378.0,0.005901697537623337
232,2022-08-08,3.44,3.45,3.44,3.45,23352042.0,86214363.0,5391556378.0,0.004331224671096262
233,2022-08-09,3.44,3.49,3.44,3.48,58108274.0,216196493.0,5391556378.0,0.01077764376852446
234,2022-08-10,3.47,3.5,3.46,3.47,39695455.0,147910275.0,5391556378.0,0.007362522473468977
235,2022-08-11,3.48,3.5,3.47,3.49,55279825.0,206540177.0,5391556378.0,0.010253036623259066
236,2022-08-12,3.51,3.51,3.49,3.5,63108243.0,236750720.0,5391556378.0,0.01170501402109237
237,2022-08-15,3.5,3.51,3.49,3.51,50338459.0,188902756.0,5391556378.0,0.0093365357738637
238,2022-08-16,3.51,3.51,3.49,3.5,38381768.0,143865710.0,5391556378.0,0.0071188661138025106
239,2022-08-17,3.49,3.52,3.48,3.52,126263961.0,473473236.0,5391556378.0,0.023418833477326574
240,2022-08-18,3.51,3.53,3.49,3.52,71219683.0,267288565.0,5391556378.0,0.013209484981110216
241,2022-08-19,3.51,3.55,3.5,3.55,94871182.0,358810819.0,5391556378.0,0.017596251499310576
242,2022-08-22,3.53,3.58,3.52,3.58,106698099.0,406494064.0,19590425382.0,0.005446441152729432
243,2022-08-23,3.57,3.57,3.54,3.55,45691403.0,173663705.0,19590425382.0,0.0023323333776091456
244,2022-08-24,3.55,3.55,3.49,3.49,67696017.0,254676380.0,19590425382.0,0.0034555664657593497
245,2022-08-25,3.51,3.52,3.47,3.51,54473645.0,204241327.0,19590425382.0,0.0027806259403663214
246,2022-08-26,3.51,3.51,3.48,3.49,31700885.0,118721478.0,19590425382.0,0.0016181825755109578
247,2022-08-29,3.48,3.49,3.47,3.49,28414746.0,105992612.0,19590425382.0,0.0014504404802821653
248,2022-08-30,3.48,3.5,3.48,3.49,23356890.0,87346874.0,19590425382.0,0.0011922604815646672
249,2022-08-31,3.49,3.52,3.48,3.5,50319815.0,188844517.0,19590425382.0,0.002568592259677764
250,2022-09-01,3.51,3.53,3.49,3.51,54744216.0,205900012.0,19590425382.0,0.002794437330100033
251,2022-09-02,3.52,3.54,3.5,3.54,43850338.0,165455614.0,19590425382.0,0.0022383555816143943
252,2022-09-05,3.54,3.57,3.52,3.57,64701357.0,245642406.0,19590425382.0,0.0033027030163137066
253,2022-09-06,3.56,3.58,3.55,3.56,57495208.0,219322850.0,19590425382.0,0.0029348626626978466
254,2022-09-07,3.56,3.58,3.54,3.57,55939293.0,212988311.0,19590425382.0,0.0028554404465049505
255,2022-09-08,3.59,3.62,3.57,3.61,114160303.0,426707319.0,19590425382.0,0.005827351921867523
256,2022-09-09,3.61,3.66,3.6,3.66,108202910.0,409174877.0,19590425382.0,0.0055232547476696744
257,2022-09-13,3.66,3.7,3.63,3.67,93113414.0,354693214.0,19590425382.0,0.004753006235666231
258,2022-09-14,3.65,3.67,3.61,3.67,81507437.0,307943345.0,19590425382.0,0.004160575148862788
259,2022-09-15,3.65,3.68,3.63,3.64,54591232.0,207095870.0,19590425382.0,0.00278662820921486
260,2022-09-16,3.65,3.65,3.6,3.61,66443112.0,249788239.0,19590425382.0,0.0033916114992096603
261,2022-09-19,3.6,3.64,3.59,3.6,43324659.0,162136890.0,19590425382.0,0.0022115221162990876
262,2022-09-20,3.61,3.62,3.59,3.6,22244100.0,83191947.0,19590425382.0,0.0011354577333700083
263,2022-09-21,3.6,3.62,3.58,3.6,43731908.0,163305577.0,19590425382.0,0.002232310281540981
264,2022-09-22,3.6,3.62,3.59,3.62,32720465.0,122555170.0,19590425382.0,0.0016702273872043684
265,2022-09-23,3.61,3.75,3.61,3.72,237709248.0,917531785.0,19590425382.0,0.012133950303009301
266,2022-09-26,3.72,3.73,3.65,3.68,100546723.0,385653940.0,19590425382.0,0.005132442049593469
267,2022-09-27,3.66,3.72,3.66,3.71,63155029.0,242375164.0,19590425382.0,0.0032237701718324024
268,2022-09-28,3.71,3.74,3.68,3.69,77532928.0,298934270.0,19590425382.0,0.003957694970280661
269,2022-09-29,3.69,3.72,3.65,3.67,65402700.0,249659637.0,19590425382.0,0.003338503310912945
270,2022-09-30,3.67,3.71,3.65,3.69,40446274.0,154530709.0,19590425382.0,0.002064593964210838
271,2022-10-10,3.69,3.77,3.68,3.74,142168634.0,552935937.0,19590425382.0,0.007257046808724574
272,2022-10-11,3.75,3.75,3.72,3.74,53042115.0,205507670.0,19590425382.0,0.0027075529992695285
273,2022-10-12,3.74,3.81,3.73,3.8,132874063.0,521411332.0,19590425382.0,0.006782602235992631
274,2022-10-13,3.79,3.84,3.75,3.82,111224342.0,438710896.0,19590425382.0,0.005677484783061154
275,2022-10-14,3.82,3.83,3.76,3.78,107957506.0,424671836.0,19590425382.0,0.005510728016104903
276,2022-10-17,3.78,3.81,3.76,3.8,70246320.0,275206713.0,19590425382.0,0.0035857475593431194
277,2022-10-18,3.79,3.8,3.75,3.77,60000727.0,234705498.0,19590425382.0,0.003062757741602162
278,2022-10-19,3.78,3.79,3.74,3.78,53906762.0,210293511.0,19590425382.0,0.0027516892027025816
279,2022-10-20,3.77,3.8,3.75,3.78,56245720.0,220449475.0,19590425382.0,0.0028710821180881287
280,2022-10-21,3.75,3.78,3.73,3.75,59493752.0,231319712.0,19590425382.0,0.003036879028398425
281,2022-10-24,3.75,3.77,3.71,3.71,73183974.0,284480561.0,19590425382.0,0.003735701117916644
282,2022-10-25,3.71,3.75,3.7,3.73,56091746.0,217031011.0,19590425382.0,0.0028632224623125336
283,2022-10-26,3.74,3.74,3.72,3.73,47951843.0,185441459.0,19590425382.0,0.0024477183146854446
284,2022-10-27,3.73,3.83,3.72,3.81,118800493.0,466018744.0,19590425382.0,0.006064212015996131
285,2022-10-28,3.8,3.82,3.76,3.77,53047600.0,208704198.0,19590425382.0,0.002707832982980604
286,2022-10-31,3.76,3.81,3.75,3.79,65049546.0,255463114.0,19590425382.0,0.003320476443547192
287,2022-11-01,3.79,3.84,3.78,3.82,65111357.0,257973632.0,19590425382.0,0.0033236316072965608
288,2022-11-02,3.82,4.0,3.78,3.88,170252326.0,683885828.0,19590425382.0,0.008690588523740305
289,2022-11-03,3.85,3.86,3.79,3.81,92225502.0,365268279.0,19590425382.0,0.004707682462308261
290,2022-11-04,3.79,3.83,3.78,3.83,78045716.0,307997177.0,19590425382.0,0.00398387041006826
291,2022-11-07,3.81,3.82,3.8,3.81,55629917.0,219544380.0,19590425382.0,0.0028396482422027277
292,2022-11-08,3.81,3.82,3.79,3.8,44801236.0,176598812.0,19590425382.0,0.00228689449700077
293,2022-11-09,3.8,3.82,3.79,3.8,31610571.0,124723685.0,19590425382.0,0.0016135724663255298
294,2022-11-10,3.8,3.83,3.79,3.82,44448534.0,175840459.0,19590425382.0,0.0022688907021304414
295,2022-11-11,3.86,3.86,3.83,3.84,53271725.0,212338346.0,19590425382.0,0.0027192735206733654
296,2022-11-14,3.85,3.85,3.78,3.78,71670665.0,282905243.0,19590425382.0,0.0036584537396442737
297,2022-11-15,3.78,3.8,3.73,3.76,104776339.0,409331057.0,19590425382.0,0.005348344252711848
298,2022-11-16,3.75,3.78,3.74,3.76,50851571.0,198386900.0,19590425382.0,0.0025957359275477114
299,2022-11-17,3.76,3.77,3.74,3.77,34836655.0,135701360.0,19590425382.0,0.001778249033428773
300,2022-11-18,3.78,3.8,3.76,3.78,75951190.0,297865088.0,19590425382.0,0.0038769546101732524
301,2022-11-21,3.76,3.77,3.75,3.75,36168481.0,140998047.0,19590425382.0,0.0018462325495612864
302,2022-11-22,3.76,4.0,3.75,3.88,295193201.0,1193974010.0,19590425382.0,0.015068238450361997
303,2022-11-23,3.86,3.93,3.83,3.88,146279833.0,589371608.0,19590425382.0,0.007466904375359009
304,2022-11-24,3.87,3.91,3.85,3.87,71428747.0,287132834.0,19590425382.0,0.0036461049521482004
305,2022-11-25,3.86,4.11,3.86,4.04,425726918.0,1774843854.0,19590425382.0,0.0217313769200318
306,2022-11-28,3.97,4.1,3.95,4.05,197635021.0,828409684.0,19590425382.0,0.010088347605845776
307,2022-11-29,4.05,4.09,4.0,4.03,131215606.0,549259680.0,19590425382.0,0.00669794572814958
308,2022-11-30,4.03,4.23,4.02,4.18,351669285.0,1517523759.0,19590425382.0,0.017951079578043233
309,2022-12-01,4.15,4.49,4.13,4.22,412805480.0,1843509501.0,19590425382.0,0.021071797674148126
310,2022-12-02,4.19,4.26,4.14,4.18,177526513.0,772362602.0,19590425382.0,0.009061901900461754
311,2022-12-05,4.25,4.49,4.22,4.42,544696113.0,2481203193.0,19590425382.0,0.027804200387627907
312,2022-12-06,4.35,4.4,4.29,4.34,261048238.0,1178133504.0,19590425382.0,0.013325297072918863
313,2022-12-07,4.33,4.34,4.17,4.23,267630499.0,1178943483.0,19590425382.0,0.01366129084904421
314,2022-12-08,4.22,4.23,4.16,4.2,172720691.0,751974315.0,19590425382.0,0.008816587063938824
315,2022-12-09,4.19,4.32,4.17,4.24,277695328.0,1226523866.0,19590425382.0,0.014175053506247546
316,2022-12-12,4.22,4.43,4.21,4.31,253952195.0,1146623814.0,19590425382.0,0.01296307711793412
317,2022-12-13,4.31,4.33,4.22,4.27,94870128.0,420675402.0,19590425382.0,0.004842678305860995
318,2022-12-14,4.27,4.32,4.18,4.19,120893569.0,528963621.0,19590425382.0,0.006171053800142542
319,2022-12-15,4.21,4.23,4.17,4.18,104352744.0,454263145.0,19590425382.0,0.005326721700279208
320,2022-12-16,4.15,4.2,4.15,4.16,90549474.0,392057701.0,19590425382.0,0.004622129036728233
321,2022-12-19,4.16,4.18,3.98,4.02,141287381.0,594859215.0,19590425382.0,0.007212062946311372
322,2022-12-20,4.03,4.08,3.99,4.02,75513599.0,315741977.0,19590425382.0,0.00385461762710794
323,2022-12-21,4.02,4.05,3.96,3.99,80343246.0,332815814.0,19590425382.0,0.00410114861894835
324,2022-12-22,4.0,4.08,3.95,3.98,109004528.0,452857466.0,19590425382.0,0.005564173614124537
325,2022-12-23,3.96,4.1,3.96,4.08,108021029.0,453817384.0,19590425382.0,0.005513970569482962
326,2022-12-26,4.07,4.14,4.04,4.06,71139477.0,300721798.0,19590425382.0,0.003631339065529639
327,2022-12-27,4.07,4.11,4.05,4.09,72790804.0,308878759.0,19590425382.0,0.0037156316200709642
328,2022-12-28,4.09,4.14,4.04,4.08,81099341.0,343499672.0,19590425382.0,0.004139743748214645
329,2022-12-29,4.07,4.09,4.01,4.05,73526446.0,308322902.0,19590425382.0,0.003753182718919278
330,2022-12-30,4.06,4.08,4.01,4.04,59333375.0,248544491.0,19590425382.0,0.00302869252928609
331,2023-01-03,4.03,4.26,4.0,4.19,188696184.0,815469529.0,19590425382.0,0.009632061597466745
332,2023-01-04,4.17,4.25,4.16,4.22,121721565.0,533315064.0,19590425382.0,0.006213319140677759
333,2023-01-05,4.22,4.32,4.19,4.2,116206004.0,511274776.0,19590425382.0,0.005931775432848536
334,2023-01-06,4.19,4.2,4.12,4.14,112133503.0,481886635.0,19590425382.0,0.005723893218930819
335,2023-01-09,4.14,4.2,4.12,4.19,104959185.0,453710168.0,19590425382.0,0.0053576776896553865
336,2023-01-10,4.18,4.2,4.14,4.15,70322203.0,303876271.0,19590425382.0,0.003589621033171295
337,2023-01-11,4.15,4.22,4.14,4.19,120521250.0,524344881.0,19590425382.0,0.006152048648761699
338,2023-01-12,4.17,4.27,4.15,4.24,127922894.0,559001572.0,19590425382.0,0.0065298681118755916
339,2023-01-13,4.23,4.29,4.21,4.28,130861463.0,578715372.0,19590425382.0,0.006679868376938749
340,2023-01-16,4.27,4.29,4.17,4.19,172883398.0,757801324.0,19590425382.0,0.008824892498702355
341,2023-01-17,4.18,4.21,4.13,4.14,84896231.0,366653122.0,19590425382.0,0.004333557303865593
342,2023-01-18,4.13,4.27,4.11,4.23,155285734.0,677817259.0,19590425382.0,0.007926613688678707
343,2023-01-19,4.22,4.29,4.19,4.25,122441454.0,537529608.0,19590425382.0,0.006250066122224236
344,2023-01-20,4.28,4.67,4.28,4.67,797846042.0,3791523759.0,19590425382.0,0.04072632556172434
345,2023-01-30,4.8,4.93,4.66,4.82,740630217.0,3679805491.0,19590425382.0,0.03780572410033031
346,2023-01-31,4.77,4.86,4.69,4.82,368999351.0,1827815576.0,19590425382.0,0.018835698756140464
347,2023-02-01,4.78,4.98,4.75,4.85,327291913.0,1642537027.0,19590425382.0,0.016706728241884992
348,2023-02-02,4.84,5.06,4.82,4.95,366037855.0,1883418138.0,19590425382.0,0.018684528174478614
349,2023-02-03,4.91,4.97,4.82,4.94,236712798.0,1200323231.0,19590425382.0,0.012083086170119387
350,2023-02-06,4.85,4.98,4.78,4.87,260821784.0,1319522268.0,19590425382.0,0.01331373765062025
351,2023-02-07,4.86,4.9,4.82,4.85,150392684.0,757392627.0,19590425382.0,0.007676846268901503
352,2023-02-08,4.8,4.85,4.69,4.7,261841839.0,1287352690.0,19590425382.0,0.013365806708851995
353,2023-02-09,4.66,4.94,4.64,4.85,201796707.0,1004760702.0,19590425382.0,0.010300782298755702
354,2023-02-10,4.83,4.98,4.79,4.83,150071022.0,756818645.0,19590425382.0,0.007660426921504608
355,2023-02-13,4.79,4.92,4.77,4.9,194738619.0,975786977.0,19590425382.0,0.009940499769797188
356,2023-02-14,4.9,4.96,4.83,4.89,111446149.0,564587217.0,19590425382.0,0.0056888069976468465
357,2023-02-15,4.91,5.33,4.89,5.08,312170576.0,1644991110.0,19590425382.0,0.015934854395087683
358,2023-02-16,5.08,5.59,5.04,5.49,554264034.0,3138512291.0,19590425382.0,0.02829259820510415
359,2023-02-17,5.5,5.54,5.19,5.25,405778718.0,2240730987.0,19590425382.0,0.02071311419163139
360,2023-02-20,5.4,5.78,5.25,5.78,727250588.0,4262905068.0,19590425382.0,0.037122756337297794
361,2023-02-21,5.82,5.96,5.62,5.93,662831717.0,3979828362.0,19590425382.0,0.03383447291598989
362,2023-02-22,5.79,5.79,5.46,5.47,809373630.0,4687391781.0,19590425382.0,0.0413147552550679
363,2023-02-23,5.38,5.44,5.19,5.25,726371847.0,4009878490.0,19590425382.0,0.03707790070078837
364,2023-02-24,5.23,5.41,5.16,5.33,569600714.0,3121363779.0,19590425382.0,0.029075464309384437
365,2023-02-27,5.25,5.42,5.24,5.3,467459421.0,2592239426.0,19590425382.0,0.02386162688583114
366,2023-02-28,5.51,5.73,5.43,5.64,902445694.0,5207803883.0,19590425382.0,0.04606565076576549
367,2023-03-01,5.57,6.19,5.54,6.12,981057198.0,6049024506.0,19590425382.0,0.05007840201884596
368,2023-03-02,6.02,6.15,5.92,6.05,542295399.0,3403522908.0,19590425382.0,0.027681655115986904
369,2023-03-03,5.91,6.42,5.85,6.15,667168511.0,4268597296.0,19590425382.0,0.034055846056972566
370,2023-03-06,6.22,6.42,6.05,6.19,587533000.0,3789042086.0,19590425382.0,0.029990824014461414
371,2023-03-07,6.1,6.37,5.88,5.94,653625752.0,4139303495.0,19590425382.0,0.03336455126699606
372,2023-03-08,5.94,6.22,5.89,6.22,484247663.0,3021012357.0,19590425382.0,0.024718588471536438
373,2023-03-09,6.16,6.7,6.02,6.55,693359672.0,4554134104.0,19590425382.0,0.03539278287632642
374,2023-03-10,6.44,6.78,6.33,6.39,658496360.0,4460233820.0,19590425382.0,0.03361317312716635
375,2023-03-13,6.41,7.01,6.39,7.0,790967716.0,5535545353.0,19590425382.0,0.0403752190458689
376,2023-03-14,6.86,7.24,6.79,7.02,692732110.0,4983733195.0,19590425382.0,0.035360748758242556
377,2023-03-15,7.01,7.06,6.76,6.89,459893691.0,3276174504.0,19590425382.0,0.023475431596424536
378,2023-03-16,6.82,7.04,6.7,6.79,506412545.0,3596827485.0,19590425382.0,0.025850002494856496
379,2023-03-17,6.8,6.99,6.69,6.99,620005786.0,4413142187.0,19590425382.0,0.03164840854194373
380,2023-03-20,6.95,7.02,6.29,6.29,965962033.0,6630084554.0,19590425382.0,0.04930786413078817
381,2023-03-21,6.19,6.46,6.19,6.38,582581893.0,3831159707.0,19590425382.0,0.029738093055155693
382,2023-03-22,6.31,6.6,6.25,6.46,588000306.0,3944203653.0,19590425382.0,0.030014677809919545
383,2023-03-23,6.6,6.68,6.28,6.64,891549204.0,6013650154.0,19590425382.0,0.04550943568684169
384,2023-03-24,6.53,6.55,6.27,6.39,700052198.0,4646233985.0,19590425382.0,0.03573440516729255
385,2023-03-27,6.31,6.4,5.9,6.12,895751714.0,5673965057.0,19590425382.0,0.04572395425486938
386,2023-03-28,6.07,6.32,6.01,6.19,659140418.0,4219805123.0,19590425382.0,0.03364604928924254
387,2023-03-29,6.13,6.19,5.9,6.09,612984486.0,3841735621.0,19590425382.0,0.03129000386909516
388,2023-03-30,6.06,6.17,5.81,5.86,639192746.0,3938792814.0,19590425382.0,0.03262781351278368
389,2023-03-31,5.88,6.2,5.83,6.1,602553161.0,3760384858.0,19590425382.0,0.03075753329754828
390,2023-04-03,6.04,6.38,6.0,6.28,708958197.0,4553913031.0,19590425382.0,0.03618901494866989
391,2023-04-04,6.24,6.82,6.21,6.72,931677510.0,6368237655.0,19590425382.0,0.047557798865155855
392,2023-04-06,6.56,6.77,6.39,6.67,555849093.0,3806175106.0,19590425382.0,0.028373508086798522
393,2023-04-07,6.62,6.86,6.52,6.73,401731371.0,2779516301.0,19590425382.0,0.020506515972293145
394,2023-04-10,6.67,6.98,6.62,6.64,572445573.0,4016230063.0,19590425382.0,0.029220681115274417
395,2023-04-11,6.56,6.59,6.26,6.38,547027303.0,3621943548.0,19590425382.0,0.027923196782782347
396,2023-04-12,6.34,6.86,6.32,6.77,647243963.0,4497643616.0,19590425382.0,0.033038790653045144
397,2023-04-13,6.65,6.75,6.43,6.55,433860357.0,2962670140.0,19590425382.0,0.022146551110556176
398,2023-04-14,6.57,6.78,6.5,6.64,404839165.0,2784946793.0,19590425382.0,0.020665154385671115
399,2023-04-17,6.57,6.81,6.48,6.78,496424919.0,3450897073.0,19590425382.0,0.02534018069133523
400,2023-04-18,6.66,6.89,6.58,6.82,520010908.0,3635886073.0,19590425382.0,0.02654413561013302
401,2023-04-19,6.78,6.79,6.5,6.53,502542822.0,3442010687.0,19590425382.0,0.025652471153676148
402,2023-04-20,6.55,6.63,6.41,6.57,383500618.0,2605304757.0,19590425382.0,0.019575920916570122
403,2023-04-21,6.59,6.65,6.4,6.4,406064675.0,2743647671.0,19590425382.0,0.02072771096502574
404,2023-04-24,6.38,6.58,6.31,6.42,315763100.0,2116442228.0,19590425382.0,0.01611823601799521
405,2023-04-25,6.43,6.46,6.16,6.27,357896156.0,2341217247.0,19590425382.0,0.018268932349413954
406,2023-04-26,6.21,6.31,6.05,6.26,318333369.0,2031296232.0,19590425382.0,0.016249436282914503
407,2023-04-27,6.15,6.35,6.08,6.29,290689536.0,1893564162.0,19590425382.0,0.014838347321803958
408,2023-04-28,6.3,6.47,6.27,6.45,253556967.0,1685319846.0,19590425382.0,0.012942902568770776
409,2023-05-04,6.37,6.48,6.26,6.41,260819023.0,1725996962.0,19590425382.0,0.01331359671442585
410,2023-05-05,6.41,6.57,6.26,6.37,289866803.0,1926938177.0,19590425382.0,0.01479635063291348
411,2023-05-08,6.34,6.76,6.29,6.64,467061625.0,3179833119.0,19590425382.0,0.02384132125222476
412,2023-05-09,6.6,6.71,6.38,6.41,332830469.0,2252108271.0,19590425382.0,0.016989445737396292
413,2023-05-10,6.41,6.67,6.31,6.51,287876421.0,1943876196.0,19590425382.0,0.014694750899309493
414,2023-05-11,6.48,6.48,6.26,6.31,260332117.0,1710972113.0,19590425382.0,0.013288742430228052
415,2023-05-12,6.31,6.45,6.15,6.16,234111666.0,1522988784.0,19590425382.0,0.011950310492752525
416,2023-05-15,6.13,6.15,5.8,6.01,410561665.0,2533647244.0,19590425382.0,0.02095726136591351
417,2023-05-16,5.98,6.07,5.84,5.89,221318156.0,1365199505.0,19590425382.0,0.01129726137561825
418,2023-05-17,5.83,5.83,5.53,5.64,534357591.0,3121142824.0,19590425382.0,0.027276466977127326
419,2023-05-18,5.66,5.76,5.62,5.69,282876979.0,1669839480.0,19590425382.0,0.014439552663308269
420,2023-05-19,5.63,5.73,5.54,5.63,219873591.0,1287462842.0,19590425382.0,0.011223523058464234
421,2023-05-22,5.61,5.74,5.58,5.68,174516009.0,1030426165.0,19590425382.0,0.008908229688587984
422,2023-05-23,5.67,5.71,5.48,5.49,242081637.0,1394377853.0,19590425382.0,0.012357140403006691
423,2023-05-24,5.46,5.53,5.43,5.44,174700457.0,993616404.0,19590425382.0,0.008917644900172387
424,2023-05-25,5.46,5.5,5.31,5.46,214290963.0,1200781039.0,19590425382.0,0.010938555892558311
425,2023-05-26,5.46,5.58,5.38,5.54,258146734.0,1472258546.0,19590425382.0,0.0131771888035259
426,2023-05-29,5.57,5.65,5.53,5.6,201445252.0,1169392292.0,19590425382.0,0.010282842157429167
427,2023-05-30,5.58,5.79,5.54,5.78,296249450.0,1759429596.0,19590425382.0,0.015122155043769432
428,2023-05-31,5.75,5.92,5.72,5.87,223487830.0,1357298034.0,19590425382.0,0.011408013131013696
429,2023-06-01,5.83,6.0,5.79,5.96,240015944.0,1474806387.0,19590425382.0,0.012251696393511216
430,2023-06-02,5.97,6.03,5.89,5.96,171776299.0,1061646447.0,19590425382.0,0.008768380249559607
431,2023-06-05,5.93,6.02,5.91,5.93,174897024.0,1083490889.0,19590425382.0,0.008927678730279038
432,2023-06-06,5.96,6.01,5.86,5.88,151197610.0,932888883.0,19590425382.0,0.007717933993353856
433,2023-06-07,5.87,5.94,5.82,5.9,101900373.0,621998384.0,19590425382.0,0.005201539579310397
434,2023-06-08,5.88,5.96,5.72,5.95,163050018.0,992613708.0,19590425382.0,0.008322944235290215
435,2023-06-09,5.94,6.33,5.89,6.33,254049025.0,1584376474.0,19590425382.0,0.012968019838580144
436,2023-06-12,6.18,6.23,6.1,6.13,287651221.0,1810430452.0,19590425382.0,0.01468325548787208
437,2023-06-13,6.1,6.13,5.93,6.03,223830258.0,1378397791.0,19590425382.0,0.0114254924860212
438,2023-06-14,6.02,6.03,5.87,5.9,209787364.0,1278257817.0,19590425382.0,0.010708668132992968
439,2023-06-15,5.9,5.96,5.78,5.85,222948093.0,1336629016.0,19590425382.0,0.011380462070254397
440,2023-06-16,5.84,5.86,5.78,5.82,236194478.0,1406392759.0,19590425382.0,0.01205662834748955
441,2023-06-19,5.83,5.97,5.7,5.94,354821088.0,2127193150.0,19590425382.0,0.018111964445959167
442,2023-06-20,5.91,6.03,5.86,5.91,228044008.0,1385910640.0,19590425382.0,0.011640584803713886
443,2023-06-21,5.86,5.86,5.51,5.53,395148183.0,2287624789.0,19590425382.0,0.02017047487713404
444,2023-06-26,5.45,5.64,5.4,5.51,210265387.0,1193293331.0,19590425382.0,0.010733068981401254
445,2023-06-27,5.52,5.7,5.47,5.6,245901861.0,1410722994.0,19590425382.0,0.012552145050711283
446,2023-06-28,5.57,5.59,5.44,5.48,192347549.0,1082205289.0,19590425382.0,0.009818446779452377
447,2023-06-29,5.46,5.56,5.46,5.53,150914826.0,853155214.0,19590425382.0,0.007703499186835575
448,2023-06-30,5.52,5.58,5.46,5.49,186626338.0,1051356886.0,19590425382.0,0.009526405596658218
449,2023-07-03,5.5,5.63,5.45,5.6,255816899.0,1453669202.0,19590425382.0,0.013058261574812394
450,2023-07-04,5.58,5.69,5.57,5.66,174758837.0,1009417891.0,19590425382.0,0.00892062492734697
451,2023-07-05,5.69,5.74,5.62,5.65,128182100.0,744017451.0,19590425382.0,0.006543099371276327
452,2023-07-06,5.64,5.69,5.61,5.65,94257324.0,545859504.0,19590425382.0,0.004811397514961832
453,2023-07-07,5.62,5.67,5.54,5.59,96799800.0,554468201.0,19590425382.0,0.004941179076639205
454,2023-07-10,5.61,5.65,5.56,5.59,74454778.0,427288754.0,19590425382.0,0.0038005697450760947
455,2023-07-11,5.59,5.6,5.51,5.56,160520984.0,911575205.0,19590425382.0,0.008193848825125017
456,2023-07-12,5.56,5.57,5.33,5.34,288360823.0,1604485207.0,19590425382.0,0.014719477365966264
457,2023-07-13,5.39,5.46,5.35,5.44,226500123.0,1254129012.0,19590425382.0,0.011561776663007632
458,2023-07-14,5.42,5.87,5.39,5.77,481754498.0,2810519868.0,19590425382.0,0.024591324006810175
459,2023-07-17,5.71,5.85,5.66,5.72,227060938.0,1337063722.0,19590425382.0,0.011590403657524827
460,2023-07-18,5.68,5.74,5.63,5.64,124221868.0,721495302.0,19590425382.0,0.006340947967068498
461,2023-07-19,5.62,5.71,5.6,5.7,117496705.0,681133742.0,19590425382.0,0.005997659709214782
462,2023-07-20,5.69,5.73,5.59,5.61,114751427.0,664173694.0,19590425382.0,0.005857526049711788
463,2023-07-21,5.61,5.64,5.56,5.61,112311205.0,645046126.0,19590425382.0,0.0057329640786255385
464,2023-07-24,5.59,5.73,5.55,5.65,115680189.0,670089406.0,19590425382.0,0.005904935025366464
465,2023-07-25,5.72,5.78,5.63,5.68,134024067.0,778698171.0,19590425382.0,0.006841304585613719
466,2023-07-26,5.68,5.68,5.55,5.57,125430461.0,718977211.0,19590425382.0,0.006402641012341036
467,2023-07-27,5.57,5.58,5.46,5.48,128327253.0,725318640.0,19590425382.0,0.006550508756073728
468,2023-07-28,5.46,5.74,5.45,5.68,226103613.0,1303419904.0,19590425382.0,0.01154153667371346
469,2023-07-31,5.7,5.77,5.5,5.54,296827268.0,1705439866.0,19590425382.0,0.015151649962268287
470,2023-08-01,5.56,5.63,5.52,5.59,124170823.0,710529786.0,19590425382.0,0.0063383423574911325
471,2023-08-02,5.58,5.58,5.51,5.53,106361200.0,602980807.0,19590425382.0,0.005429244027428133
472,2023-08-03,5.5,5.55,5.46,5.5,135909245.0,766066773.0,19590425382.0,0.006937534144862195
473,2023-08-04,5.52,5.85,5.51,5.74,425008898.0,2489057715.0,19590425382.0,0.021694725342233
474,2023-08-07,5.67,5.76,5.62,5.64,163265551.0,946380395.0,19590425382.0,0.008333946191388525
475,2023-08-08,5.63,5.69,5.61,5.66,99536115.0,576557015.0,19590425382.0,0.0050808552167251764
476,2023-08-09,5.69,5.7,5.59,5.6,125455555.0,723283146.0,19590425382.0,0.0064039219441998745
477,2023-08-10,5.61,5.76,5.6,5.71,163840529.0,956982915.0,19590425382.0,0.008363296141110817
478,2023-08-11,5.7,5.95,5.69,5.71,366102003.0,2184304745.0,19590425382.0,0.018687802631196588
479,2023-08-14,5.67,5.94,5.63,5.86,282795835.0,1685579410.0,19590425382.0,0.014435410639926042
480,2023-08-15,5.85,5.86,5.73,5.8,171881224.0,1019387415.0,19590425382.0,0.008773736182264182
481,2023-08-16,5.79,5.82,5.56,5.63,167545958.0,971620215.0,19590425382.0,0.008552441038566928
482,2023-08-17,5.58,5.63,5.5,5.62,120479302.0,688009993.0,19590425382.0,0.006149907398677434
483,2023-08-18,5.61,5.61,5.48,5.48,133442385.0,757795675.0,19590425382.0,0.006811612427906186
484,2023-08-21,5.48,5.65,5.46,5.54,136078465.0,777368998.0,19590425382.0,0.006946172037950288
485,2023-08-22,5.57,5.86,5.57,5.85,399836669.0,2364084987.0,19590425382.0,0.02040980025718974
486,2023-08-23,5.79,5.92,5.78,5.79,200906362.0,1202114684.0,19590425382.0,0.010255334332076118
487,2023-08-24,5.82,5.86,5.63,5.66,196549524.0,1148367238.0,19590425382.0,0.010032938038221103
488,2023-08-25,5.61,5.74,5.55,5.65,167528194.0,969487135.0,19590425382.0,0.008551534269078589
489,2023-08-28,5.93,5.97,5.73,5.81,215158916.0,1281965077.0,19590425382.0,0.010982860851898167
490,2023-08-29,5.76,5.91,5.75,5.86,199888237.0,1197699130.0,19590425382.0,0.010203363791358024
491,2023-08-30,5.86,5.92,5.76,5.79,174097112.0,1039213935.0,19590425382.0,0.008886846947180803
492,2023-08-31,5.82,5.85,5.68,5.76,154141144.0,887601521.0,19590425382.0,0.007868187698549281
493,2023-09-01,5.77,5.79,5.66,5.72,113400027.0,648041286.0,19590425382.0,0.005788543372018546
494,2023-09-04,5.75,5.93,5.71,5.91,223057346.0,1308432579.0,19590425382.0,0.011386038927207201
495,2023-09-05,5.88,5.93,5.78,5.79,121557200.0,709467320.0,19590425382.0,0.006204929072734108
496,2023-09-06,5.78,5.84,5.72,5.83,90606108.0,524567758.0,19590425382.0,0.004625019938732436
497,2023-09-07,5.82,5.92,5.79,5.85,121610946.0,713040926.0,19590425382.0,0.006207672555785241
498,2023-09-08,5.84,5.94,5.77,5.91,139246736.0,817906820.0,19590425382.0,0.007107897520588918
499,2023-09-11,5.92,5.95,5.85,5.91,120537841.0,710233407.0,19590425382.0,0.006152895542061691
500,2023-09-12,5.88,6.02,5.86,6.0,171064117.0,1018073236.0,19590425382.0,0.008732026674478262
501,2023-09-13,5.99,6.06,5.94,6.02,192598276.0,1155477832.0,19590425382.0,0.009831245225382519
502,2023-09-14,6.0,6.24,5.98,6.2,256553099.0,1581675938.0,19590425382.0,0.01309584115696258
503,2023-09-15,6.19,6.26,6.12,6.14,177805771.0,1097063428.0,19590425382.0,0.009076156721097585
504,2023-09-18,6.11,6.12,5.98,6.01,154786660.0,931969326.0,19590425382.0,0.007901138284736813
505,2023-09-19,5.99,6.07,5.98,6.03,88942661.0,536468220.0,19590425382.0,0.00454010871462352
506,2023-09-20,6.01,6.06,5.95,5.95,98196506.0,587881994.0,19590425382.0,0.005012474414681395
507,2023-09-21,5.93,6.02,5.91,6.0,96005109.0,573219629.0,19590425382.0,0.004900613801281265
508,2023-09-22,5.98,6.05,5.95,6.04,111822011.0,670412152.0,19590425382.0,0.005707993002680987
509,2023-09-25,6.02,6.03,5.94,5.98,72974808.0,435689950.0,19590425382.0,0.0037250241675226936
510,2023-09-26,5.97,5.98,5.8,5.83,154578220.0,906324216.0,19590425382.0,0.007890498393262505
511,2023-09-27,5.82,5.88,5.81,5.86,98905247.0,577997632.0,19590425382.0,0.005048652342734515
512,2023-09-28,5.87,5.88,5.77,5.79,137911076.0,799315457.0,19590425382.0,0.007039718296608042
513,2023-10-09,5.78,5.9,5.72,5.86,172272975.0,1003471834.0,19590425382.0,0.008793733246766923
514,2023-10-10,5.85,5.89,5.79,5.83,94465565.0,550318284.0,19590425382.0,0.004822027248412711
515,2023-10-11,5.81,5.87,5.78,5.79,78579461.0,456900126.0,19590425382.0,0.004011115607127147
516,2023-10-12,5.83,5.97,5.79,5.9,167551821.0,987111929.0,19590425382.0,0.008552740317417984
517,2023-10-13,5.85,5.94,5.81,5.9,106829088.0,629453198.0,19590425382.0,0.00545312753127639
518,2023-10-16,5.9,5.98,5.85,5.95,126129463.0,748808394.0,19590425382.0,0.006438321809790297
519,2023-10-17,5.94,6.18,5.93,6.11,193741729.0,1179285999.0,19590425382.0,0.009889613176955976
520,2023-10-18,6.07,6.14,6.03,6.12,136508094.0,833297255.0,19590425382.0,0.006968102597987783
521,2023-10-19,6.09,6.14,5.96,5.97,105553458.0,636345560.0,19590425382.0,0.005388012559287468
522,2023-10-20,5.95,5.96,5.71,5.74,167705732.0,971955906.0,19590425382.0,0.008560596757336916
523,2023-10-23,5.74,5.78,5.61,5.68,117262880.0,667327899.0,19590425382.0,0.005985724031686572
524,2023-10-24,5.69,5.71,5.53,5.59,166725605.0,934081510.0,19590425382.0,0.008510565837594838
525,2023-10-25,5.61,5.63,5.35,5.4,267548674.0,1459072872.0,19590425382.0,0.013657114063782814
526,2023-10-26,5.36,5.43,5.31,5.42,127992973.0,688954578.0,19590425382.0,0.006533445318528
527,2023-10-27,5.38,5.45,5.37,5.42,136456500.0,738523299.0,19590425382.0,0.006965468964516638
528,2023-10-30,5.41,5.42,5.2,5.31,210009842.0,1111411410.0,19590425382.0,0.010720024599004391
529,2023-10-31,5.28,5.38,5.26,5.33,146271558.0,779674162.0,19590425382.0,0.007466481975138563
530,2023-11-01,5.33,5.34,5.27,5.32,98519182.0,522594515.0,19590425382.0,0.0050289455220569644
531,2023-11-02,5.32,5.38,5.32,5.33,88002183.0,470192381.0,19590425382.0,0.0044921016917201725
532,2023-11-03,5.32,5.36,5.3,5.34,99554854.0,530628875.0,19590425382.0,0.00508181175542378
533,2023-11-06,5.35,5.37,5.23,5.28,245098837.0,1290100682.0,19590425382.0,0.012511154414502953
534,2023-11-07,5.27,5.28,5.22,5.26,145755938.0,764885625.0,19590425382.0,0.007440161974937151
535,2023-11-08,5.24,5.25,5.21,5.24,123978996.0,648816482.0,19590425382.0,0.006328550482314382
536,2023-11-09,5.24,5.27,5.23,5.26,107000300.0,561742189.0,19590425382.0,0.005461867106689455
537,2023-11-10,5.25,5.27,5.2,5.23,99677165.0,521624613.0,19590425382.0,0.005088055162476716
538,2023-11-13,5.25,5.28,5.21,5.28,122107949.0,641790471.0,19590425382.0,0.0062330422448200005
539,2023-11-14,5.27,5.3,5.25,5.27,91475561.0,481688290.0,19590425382.0,0.004669401466088083
540,2023-11-15,5.29,5.3,5.23,5.24,111775120.0,586796957.0,19590425382.0,0.0057055994354620184
541,2023-11-16,5.24,5.24,5.12,5.13,197488068.0,1019034782.0,19590425382.0,0.010080846339429425
542,2023-11-17,5.1,5.1,4.99,5.06,235768974.0,1184230768.0,19590425382.0,0.012034908349495482
543,2023-11-20,5.04,5.08,5.0,5.06,114952547.0,581113815.0,19590425382.0,0.005867792289269036
544,2023-11-21,5.06,5.1,5.05,5.06,115258683.0,585096563.0,19590425382.0,0.00588341910665715
545,2023-11-22,5.06,5.25,5.05,5.17,247064118.0,1277838575.0,19590425382.0,0.012611472858930696
546,2023-11-23,5.16,5.19,5.12,5.18,96124018.0,495490397.0,19590425382.0,0.004906683552074387
547,2023-11-24,5.18,5.21,5.15,5.16,87307654.0,451864431.0,19590425382.0,0.0044566492200939995
548,2023-11-27,5.16,5.17,5.05,5.1,87909432.0,447900266.0,19590425382.0,0.0044873671850317555
549,2023-11-28,5.08,5.1,5.06,5.07,72960392.0,370220072.0,19590425382.0,0.003724288297845599
550,2023-11-29,5.07,5.11,5.02,5.08,109308597.0,554383016.0,19590425382.0,0.005579694920786892
551,2023-11-30,5.08,5.23,5.06,5.19,158266800.0,819981642.0,19590425382.0,0.00807878322771991
552,2023-12-01,5.18,5.29,5.14,5.27,175162477.0,916651880.0,19590425382.0,0.008941228869942872
553,2023-12-04,5.28,5.29,5.23,5.24,80763128.0,424555297.0,19590425382.0,0.004122581640019235
554,2023-12-05,5.23,5.26,5.17,5.17,84576809.0,441836882.0,19590425382.0,0.0043172522980389465
555,2023-12-06,5.17,5.18,5.08,5.12,84232230.0,430541052.0,19590425382.0,0.004299663144496798
556,2023-12-07,5.1,5.12,5.04,5.06,122472428.0,621558620.0,19590425382.0,0.006251647200704975
557,2023-12-08,5.07,5.18,5.06,5.16,127791065.0,656010585.0,19590425382.0,0.00652313885523979
558,2023-12-11,5.15,5.2,5.08,5.19,106675238.0,548413815.0,19590425382.0,0.005445274205123434
559,2023-12-12,5.17,5.28,5.16,5.25,119868328.0,629185745.0,19590425382.0,0.006118720020757536
560,2023-12-13,5.25,5.26,5.18,5.18,62134207.0,323506893.0,19590425382.0,0.003171661961821917
561,2023-12-14,5.19,5.26,5.17,5.17,65543600.0,341075587.0,19590425382.0,0.0033456955998629064
562,2023-12-15,5.17,5.22,5.14,5.16,70415829.0,363907410.0,19590425382.0,0.003594400204535589
563,2023-12-18,5.16,5.17,5.11,5.13,66498300.0,341496788.0,19590425382.0,0.0033944285896466402
564,2023-12-19,5.12,5.19,5.11,5.19,81425695.0,420517481.0,19590425382.0,0.004156402600364934
565,2023-12-20,5.18,5.2,5.12,5.13,68270914.0,352920710.0,19590425382.0,0.0034849122808087883
566,2023-12-21,5.11,5.18,5.1,5.16,70256509.0,361875263.0,19590425382.0,0.0035862676603517153
567,2023-12-22,5.16,5.22,5.14,5.18,99336209.0,515218412.0,19590425382.0,0.005070650946215375
568,2023-12-25,5.19,5.2,5.14,5.15,61053447.0,314773276.0,19590425382.0,0.003116494195991114
569,2023-12-26,5.15,5.27,5.14,5.21,101165953.0,526548138.0,19590425382.0,0.005164050857872281
570,2023-12-27,5.21,5.37,5.2,5.35,208141095.0,1104821147.0,19590425382.0,0.01062463376580089
571,2023-12-28,5.35,5.44,5.3,5.35,166150739.0,890744673.0,19590425382.0,0.008481221604951059
572,2023-12-29,5.32,5.42,5.3,5.41,141716395.0,760851150.0,19590425382.0,0.007233962113462391
573,2024-01-02,5.4,5.42,5.36,5.37,89578037.0,482458585.0,19590425382.0,0.004572541701024305
574,2024-01-03,5.35,5.41,5.35,5.39,71645247.0,385632219.0,19590425382.0,0.0036571562690940244
575,2024-01-04,5.38,5.42,5.27,5.34,115021178.0,613212812.0,19590425382.0,0.005871295582263534
576,2024-01-05,5.33,5.38,5.3,5.34,94900690.0,506470096.0,19590425382.0,0.004844238353660064
577,2024-01-08,5.31,5.39,5.29,5.35,124923711.0,668014732.0,19590425382.0,0.006376773784339667
578,2024-01-09,5.34,5.35,5.26,5.29,108131287.0,572260219.0,19590425382.0,0.0055195987270063454
579,2024-01-10,5.28,5.29,5.17,5.19,95723728.0,500023327.0,19590425382.0,0.00488625061138042
580,2024-01-11,5.17,5.18,5.03,5.11,133625533.0,681142217.0,19590425382.0,0.006820961280543571
581,2024-01-12,5.08,5.14,5.08,5.11,60071199.0,307182489.0,19590425382.0,0.003066355009074708
582,2024-01-15,5.1,5.29,5.1,5.23,112238682.0,586638074.0,19590425382.0,0.005729262117152735
583,2024-01-16,5.25,5.25,5.16,5.25,100641370.0,524512140.0,19590425382.0,0.005137273338253845
584,2024-01-17,5.23,5.3,5.2,5.2,100081868.0,526558734.0,19590425382.0,0.005108713366273141
585,2024-01-18,5.18,5.3,5.07,5.28,146977141.0,760092248.0,19590425382.0,0.00750249870199577
586,2024-01-19,5.27,5.32,5.22,5.29,110427792.0,582352281.0,19590425382.0,0.005636824614408978
587,2024-01-22,5.28,5.36,5.25,5.31,194977641.0,1037694417.0,19590425382.0,0.009952700729977441
588,2024-01-23,5.27,5.3,5.17,5.25,106556734.0,558270077.0,19590425382.0,0.005439225127694575
589,2024-01-24,5.25,5.4,5.24,5.39,130515397.0,696620803.0,19590425382.0,0.006662203318970279
590,2024-01-25,5.41,5.78,5.39,5.77,348461980.0,1968188167.0,19590425382.0,0.017787361591452347
591,2024-01-26,5.68,5.8,5.6,5.75,232886987.0,1327509976.0,19590425382.0,0.011887796332078645
592,2024-01-29,5.73,5.98,5.7,5.79,232768031.0,1361168660.0,19590425382.0,0.011881724182154363
593,2024-01-30,5.76,5.9,5.74,5.79,151660926.0,884345330.0,19590425382.0,0.007741584117889983
594,2024-01-31,5.75,5.84,5.66,5.75,163986443.0,944468338.0,19590425382.0,0.008370744371414895
595,2024-02-01,5.7,5.8,5.68,5.71,116001670.0,665901544.0,19590425382.0,0.005921345133556121
596,2024-02-02,5.71,5.85,5.5,5.83,192848484.0,1108507556.0,19590425382.0,0.009844017178779196
597,2024-02-05,5.75,5.9,5.73,5.87,198811296.0,1161746582.0,19590425382.0,0.010148390967695426
598,2024-02-06,5.84,5.93,5.77,5.85,177765579.0,1040880380.0,19590425382.0,0.009074105106637137
599,2024-02-07,5.85,5.88,5.68,5.87,220296354.0,1276379021.0,19590425382.0,0.011245103141170781
600,2024-02-08,5.85,5.87,5.73,5.84,176590943.0,1022821581.0,19590425382.0,0.009014145408106074
601,2024-02-19,5.82,6.0,5.69,6.0,247215595.0,1450199766.0,19590425382.0,0.01261920505448267
602,2024-02-20,5.96,6.12,5.93,6.02,192678182.0,1161572549.0,19590425382.0,0.009835324054629046
603,2024-02-21,5.98,6.09,5.96,5.98,155689155.0,936088680.0,19590425382.0,0.007947206452344303
604,2024-02-22,6.12,6.23,6.09,6.15,217748588.0,1338655051.0,19590425382.0,0.011115051549624385
605,2024-02-23,6.14,6.17,6.0,6.03,209774040.0,1270404534.0,19590425382.0,0.01070798800483137
606,2024-02-26,6.03,6.03,5.83,5.85,221890845.0,1309410136.0,19590425382.0,0.011326494482548445
607,2024-02-27,5.81,5.94,5.78,5.89,165925118.0,973915861.0,19590425382.0,0.008469704703423881
608,2024-02-28,5.87,5.92,5.78,5.83,196597314.0,1148539687.0,19590425382.0,0.010035377495204202
609,2024-02-29,5.8,5.87,5.79,5.85,147280305.0,859128735.0,19590425382.0,0.007517973812621931
610,2024-03-01,5.84,5.89,5.81,5.86,143041263.0,836363772.0,19590425382.0,0.007301590456092323
