,date,open,high,low,close,volume
0,2017-08-07,75.8552,75.8752,75.8452,75.8752,425395.0
1,2017-08-08,75.8752,75.8752,75.8352,75.8752,622427.0
2,2017-08-09,75.9152,75.9452,75.8652,75.8652,734280.0
3,2017-08-10,75.8952,75.9252,75.8952,75.8952,959713.0
4,2017-08-11,75.9252,76.0052,75.9252,76.0052,737062.0
5,2017-08-14,75.9752,75.9852,75.9252,75.9352,405539.0
6,2017-08-15,75.9052,75.9152,75.8852,75.8952,432274.0
7,2017-08-16,75.8752,75.9552,75.8752,75.9452,655493.0
8,2017-08-17,75.9452,75.9852,75.9252,75.9652,581413.0
9,2017-08-18,76.0052,76.0152,75.9552,75.9552,673998.0
10,2017-08-21,75.9652,76.0052,75.9652,75.9752,928711.0
11,2017-08-22,75.9752,75.9752,75.9352,75.9652,1012124.0
12,2017-08-23,75.9652,76.0452,75.9652,76.0452,438313.0
13,2017-08-24,75.9852,75.9852,75.9452,75.9652,494806.0
14,2017-08-25,75.9652,75.9952,75.9352,75.9952,513667.0
15,2017-08-28,75.9852,75.9952,75.9552,75.9652,866272.0
16,2017-08-29,76.0452,76.0452,75.9952,76.0052,1181851.0
17,2017-08-30,76.0052,76.0252,75.9852,76.0252,665667.0
18,2017-08-31,76.0152,76.0252,75.9952,76.0252,582496.0
19,2017-09-01,76.0172,76.0372,75.9672,76.0072,943567.0
20,2017-09-05,76.0472,76.0972,76.0372,76.0872,853808.0
21,2017-09-06,76.0772,76.0972,76.0472,76.0772,1118713.0
22,2017-09-07,76.1072,76.1372,76.0872,76.1272,482988.0
23,2017-09-08,76.1172,76.1372,76.0972,76.1072,486795.0
24,2017-09-11,76.0772,76.0872,76.0272,76.0272,1052482.0
25,2017-09-12,76.0172,76.0372,75.9872,75.9872,1752616.0
26,2017-09-13,76.0072,76.0072,75.9672,75.9672,568334.0
27,2017-09-14,75.9472,75.9872,75.9372,75.9772,849210.0
28,2017-09-15,75.9772,75.9772,75.9372,75.9672,581637.0
29,2017-09-18,75.9172,75.9472,75.9172,75.9172,621676.0
30,2017-09-19,75.9372,75.9472,75.9172,75.9272,433255.0
31,2017-09-20,75.9572,75.9672,75.8572,75.8572,830928.0
32,2017-09-21,75.8672,75.8972,75.8372,75.8372,949785.0
33,2017-09-22,75.8872,75.9172,75.8572,75.8572,529845.0
34,2017-09-25,75.8872,75.9372,75.8772,75.9072,587744.0
35,2017-09-26,75.9072,75.9172,75.8872,75.8872,922432.0
36,2017-09-27,75.8572,75.8772,75.8572,75.8772,462413.0
37,2017-09-28,75.8872,75.9072,75.8672,75.8872,290848.0
38,2017-09-29,75.8972,75.9172,75.8372,75.8672,880728.0
39,2017-10-02,75.8698,75.9298,75.8198,75.9298,1087358.0
40,2017-10-03,75.8598,75.8998,75.8398,75.8798,1170211.0
41,2017-10-04,75.8698,76.0398,75.8398,76.0398,1180590.0
42,2017-10-05,75.8498,75.8698,75.8298,75.8598,2329445.0
43,2017-10-06,75.7898,75.8598,75.7798,75.8298,699225.0
44,2017-10-09,75.8798,75.9098,75.8198,75.8298,504002.0
45,2017-10-10,75.8198,75.8698,75.8198,75.8498,700797.0
46,2017-10-11,75.8298,75.8498,75.8098,75.8398,1205176.0
47,2017-10-12,75.8198,75.8498,75.8198,75.8298,1248884.0
48,2017-10-13,75.8598,75.8798,75.8398,75.8798,667768.0
49,2017-10-16,75.8298,75.8498,75.7898,75.7998,586703.0
50,2017-10-17,75.7798,75.8098,75.7798,75.8098,818847.0
51,2017-10-18,75.7498,75.7898,75.7398,75.7798,500094.0
52,2017-10-19,75.7998,75.8398,75.7898,75.8298,524290.0
53,2017-10-20,75.7898,75.8098,75.7598,75.7798,437067.0
54,2017-10-23,75.7798,75.8098,75.7798,75.7798,582185.0
55,2017-10-24,75.7898,75.7898,75.7598,75.7598,2554600.0
56,2017-10-25,75.7398,75.7898,75.7398,75.7398,1726879.0
57,2017-10-26,75.7598,75.7798,75.7298,75.7398,554076.0
58,2017-10-27,75.7398,75.8098,75.7298,75.7998,698156.0
59,2017-10-30,75.8298,75.8398,75.7898,75.8398,432429.0
60,2017-10-31,75.8398,75.8398,75.7698,75.7898,626077.0
61,2017-11-01,75.7382,75.7782,75.7382,75.7782,840321.0
62,2017-11-02,75.7982,75.8082,75.7482,75.7982,1821042.0
63,2017-11-03,75.7982,75.7982,75.7482,75.7482,1300377.0
64,2017-11-06,75.7582,75.7982,75.7582,75.7982,947406.0
65,2017-11-07,75.7982,75.7982,75.7582,75.7582,747214.0
66,2017-11-08,75.7482,75.7882,75.7382,75.7482,726515.0
67,2017-11-09,75.7482,75.7882,75.7282,75.7382,769174.0
68,2017-11-10,75.7782,75.7782,75.7082,75.7082,619259.0
69,2017-11-13,75.7282,75.7382,75.6982,75.6982,632779.0
70,2017-11-14,75.6982,75.7182,75.6882,75.7182,2678026.0
71,2017-11-15,75.7482,75.7482,75.6782,75.6882,3980979.0
72,2017-11-16,75.6682,75.6982,75.6482,75.6982,3046747.0
73,2017-11-17,75.7082,75.7082,75.6482,75.6482,1339785.0
74,2017-11-20,75.6782,75.6782,75.6182,75.6182,557558.0
75,2017-11-21,75.6382,75.6382,75.5882,75.5982,584563.0
76,2017-11-22,75.6482,75.6882,75.6282,75.6682,900945.0
77,2017-11-24,75.7282,75.7282,75.6482,75.6682,626024.0
78,2017-11-27,75.6582,75.6882,75.6382,75.6682,1078997.0
79,2017-11-28,75.6982,75.6982,75.6482,75.6782,564261.0
80,2017-11-29,75.6482,75.6582,75.6182,75.6482,670572.0
81,2017-11-30,75.6782,75.6782,75.5882,75.6082,1010738.0
82,2017-12-01,75.6267,75.6867,75.5667,75.6267,1133004.0
83,2017-12-04,75.6167,75.6167,75.5567,75.5767,2441158.0
84,2017-12-05,75.6067,75.6067,75.5367,75.5667,1422181.0
85,2017-12-06,75.6767,75.6767,75.5867,75.6067,1175617.0
86,2017-12-07,75.6267,75.6267,75.5867,75.6167,1168237.0
87,2017-12-08,75.6367,75.6467,75.6067,75.6167,922962.0
88,2017-12-11,75.6267,75.6267,75.5667,75.5767,2432036.0
89,2017-12-12,75.5767,75.5867,75.5467,75.5767,992470.0
90,2017-12-13,75.6467,75.7167,75.5767,75.6667,1112435.0
91,2017-12-14,75.6467,75.6467,75.5967,75.6367,1471872.0
92,2017-12-15,75.6067,75.6067,75.5567,75.5967,983754.0
93,2017-12-18,75.6067,75.6167,75.5767,75.5967,664914.0
94,2017-12-19,75.5867,75.5867,75.5467,75.5567,759984.0
95,2017-12-20,75.5567,75.5867,75.5467,75.5667,840081.0
96,2017-12-21,75.5808,75.5808,75.5408,75.5608,964470.0
97,2017-12-22,75.5408,75.5608,75.5308,75.5308,1050903.0
98,2017-12-26,75.5108,75.5508,75.5108,75.5208,1185511.0
99,2017-12-27,75.5408,75.5608,75.5308,75.5608,1122278.0
100,2017-12-28,75.5508,75.5808,75.5408,75.5708,1108246.0
101,2017-12-29,75.6008,75.6108,75.5808,75.5908,1210743.0
102,2018-01-02,75.5908,75.5908,75.5308,75.5608,1786046.0
103,2018-01-03,75.5508,75.5808,75.5308,75.5608,1040937.0
104,2018-01-04,75.5108,75.5408,75.4908,75.5208,955446.0
105,2018-01-05,75.5108,75.5308,75.5008,75.5208,850599.0
106,2018-01-08,75.5408,75.5408,75.5008,75.5208,597787.0
107,2018-01-09,75.5408,75.5408,75.4908,75.4908,1551131.0
108,2018-01-10,75.5208,75.5208,75.4808,75.5208,789546.0
109,2018-01-11,75.5108,75.5308,75.4908,75.4908,1047876.0
110,2018-01-12,75.5408,75.5408,75.4608,75.4808,904967.0
111,2018-01-16,75.4008,75.4908,75.4008,75.4708,2707733.0
112,2018-01-17,75.4608,75.4608,75.4208,75.4408,2950768.0
113,2018-01-18,75.4208,75.4408,75.4008,75.4208,1090678.0
114,2018-01-19,75.4408,75.4508,75.4008,75.4508,1052061.0
115,2018-01-22,75.4208,75.4208,75.3908,75.4108,973549.0
116,2018-01-23,75.4208,75.4608,75.4208,75.4608,885609.0
117,2018-01-24,75.4508,75.4508,75.4108,75.4408,865652.0
118,2018-01-25,75.4308,75.4408,75.3808,75.4208,757205.0
119,2018-01-26,75.4508,75.4508,75.3608,75.3708,990699.0
120,2018-01-29,75.3508,75.3608,75.3208,75.3408,1440058.0
121,2018-01-30,75.3908,75.3908,75.3308,75.3508,1708637.0
122,2018-01-31,75.3808,75.3808,75.3008,75.3508,2078654.0
123,2018-02-01,75.347,75.357,75.297,75.317,2243803.0
124,2018-02-02,75.307,75.347,75.267,75.327,1825540.0
125,2018-02-05,75.277,75.507,75.277,75.477,2019772.0
126,2018-02-06,75.337,75.477,75.337,75.417,2386681.0
127,2018-02-07,75.347,75.407,75.317,75.357,2053983.0
128,2018-02-08,75.357,75.397,75.307,75.367,1178608.0
129,2018-02-09,75.367,75.527,75.347,75.437,3159919.0
130,2018-02-12,75.417,75.417,75.367,75.397,1592814.0
131,2018-02-13,75.377,75.397,75.357,75.397,1292877.0
132,2018-02-14,75.327,75.327,75.257,75.277,953396.0
133,2018-02-15,75.267,75.287,75.227,75.247,1452820.0
134,2018-02-16,75.197,75.297,75.197,75.267,728338.0
135,2018-02-20,75.237,75.267,75.237,75.257,1448475.0
136,2018-02-21,75.257,75.277,75.207,75.267,1540741.0
137,2018-02-22,75.277,75.287,75.237,75.277,839306.0
138,2018-02-23,75.297,75.327,75.277,75.297,753813.0
139,2018-02-26,75.337,75.367,75.307,75.307,1445777.0
140,2018-02-27,75.357,75.357,75.237,75.247,852344.0
141,2018-02-28,75.277,75.297,75.257,75.267,3721301.0
142,2018-03-01,75.3033,75.4033,75.2733,75.3833,2049917.0
143,2018-03-02,75.3633,75.3633,75.3133,75.3433,1716636.0
144,2018-03-05,75.3633,75.3833,75.3133,75.3433,1112239.0
145,2018-03-06,75.3433,75.3633,75.3133,75.3233,737314.0
146,2018-03-07,75.3333,75.3633,75.3133,75.3233,1230960.0
147,2018-03-08,75.3333,75.3533,75.3233,75.3433,608889.0
148,2018-03-09,75.3033,75.3433,75.2933,75.3033,668970.0
149,2018-03-12,75.3433,75.3533,75.3033,75.3433,1281180.0
150,2018-03-13,75.3633,75.3833,75.3433,75.3633,609891.0
151,2018-03-14,75.3333,75.4033,75.3133,75.3533,1525844.0
152,2018-03-15,75.3433,75.3833,75.3333,75.3633,1106584.0
153,2018-03-16,75.3633,75.3633,75.3233,75.3233,878523.0
154,2018-03-19,75.3133,75.3633,75.3033,75.3233,834896.0
155,2018-03-20,75.3033,75.3133,75.2733,75.2933,1074682.0
156,2018-03-21,75.2633,75.3633,75.2433,75.3533,2404467.0
157,2018-03-22,75.3533,75.4233,75.3533,75.3933,1954888.0
158,2018-03-23,75.3933,75.4333,75.3733,75.4133,1202847.0
159,2018-03-26,75.3933,75.4133,75.3633,75.3733,1729368.0
160,2018-03-27,75.3733,75.4533,75.3733,75.4333,1732617.0
161,2018-03-28,75.4533,75.4833,75.4033,75.4433,1899270.0
162,2018-03-29,75.4133,75.4733,75.4133,75.4733,2998890.0
163,2018-04-02,75.4578,75.5378,75.4278,75.4978,3047693.0
164,2018-04-03,75.4778,75.4878,75.4278,75.4578,3418567.0
165,2018-04-04,75.4778,75.4778,75.4078,75.4078,1717588.0
166,2018-04-05,75.4078,75.4378,75.4078,75.4278,1109600.0
167,2018-04-06,75.4778,75.4978,75.4478,75.4978,1097435.0
168,2018-04-09,75.4478,75.4878,75.4378,75.4878,1737990.0
169,2018-04-10,75.4378,75.4678,75.4178,75.4478,1218506.0
170,2018-04-11,75.4478,75.4678,75.4278,75.4478,985647.0
171,2018-04-12,75.4178,75.4178,75.3878,75.3978,791078.0
172,2018-04-13,75.3778,75.3978,75.3678,75.3778,1040927.0
173,2018-04-16,75.3578,75.3778,75.3378,75.3678,1155907.0
174,2018-04-17,75.3578,75.3678,75.3378,75.3678,892312.0
175,2018-04-18,75.3078,75.3178,75.2878,75.2978,971745.0
176,2018-04-19,75.3078,75.3178,75.2778,75.2978,1410798.0
177,2018-04-20,75.2778,75.2978,75.2578,75.2678,904797.0
178,2018-04-23,75.2678,75.2678,75.2278,75.2578,1861066.0
179,2018-04-24,75.2278,75.2778,75.2178,75.2778,1999369.0
180,2018-04-25,75.2378,75.2778,75.2378,75.2678,2176421.0
181,2018-04-26,75.2978,75.2978,75.2578,75.2878,2538650.0
182,2018-04-27,75.2778,75.3078,75.2778,75.3078,1443706.0
183,2018-04-30,75.2878,75.3078,75.2778,75.2778,1944705.0
184,2018-05-01,75.2809,75.2909,75.2409,75.2409,2027792.0
185,2018-05-02,75.2609,75.2809,75.2409,75.2709,1688925.0
186,2018-05-03,75.3109,75.3409,75.3109,75.3309,2961476.0
187,2018-05-04,75.3309,75.3509,75.2909,75.3009,1348068.0
188,2018-05-07,75.3209,75.3309,75.3009,75.3009,7560352.0
189,2018-05-08,75.3009,75.3109,75.2909,75.3009,9734936.0
190,2018-05-09,75.2809,75.2909,75.2709,75.2709,1009597.0
191,2018-05-10,75.3009,75.3109,75.2709,75.2709,937867.0
192,2018-05-11,75.2909,75.2909,75.2709,75.2709,710177.0
193,2018-05-14,75.2809,75.2809,75.2609,75.2709,1024705.0
194,2018-05-15,75.2309,75.2509,75.2009,75.2209,1086994.0
195,2018-05-16,75.2109,75.2309,75.2109,75.2209,704695.0
196,2018-05-17,75.2509,75.2509,75.2309,75.2409,1015776.0
197,2018-05-18,75.2909,75.3109,75.2809,75.2809,922763.0
198,2018-05-21,75.2709,75.2809,75.2609,75.2809,1286494.0
199,2018-05-22,75.2709,75.2909,75.2609,75.2809,793012.0
200,2018-05-23,75.3109,75.3809,75.3009,75.3509,1179594.0
201,2018-05-24,75.4109,75.4409,75.4009,75.4009,1384770.0
202,2018-05-25,75.4609,75.4909,75.4609,75.4709,612037.0
203,2018-05-29,75.5409,75.7509,75.5409,75.7109,2137546.0
204,2018-05-30,75.6509,75.6509,75.5809,75.6109,1674664.0
205,2018-05-31,75.6009,75.6109,75.5409,75.5709,5749294.0
206,2018-06-01,75.5173,75.5373,75.4873,75.5073,3230685.0
207,2018-06-04,75.4773,75.4973,75.4373,75.4373,1146336.0
208,2018-06-05,75.4773,75.5273,75.4473,75.4873,16965753.0
209,2018-06-06,75.4573,75.4773,75.4473,75.4573,4984660.0
210,2018-06-07,75.4473,75.5773,75.4473,75.5373,4350996.0
211,2018-06-08,75.5173,75.5473,75.4973,75.5173,2375980.0
212,2018-06-11,75.4673,75.4973,75.4473,75.4873,3758978.0
213,2018-06-12,75.4473,75.4673,75.4473,75.4473,3024743.0
214,2018-06-13,75.4473,75.4673,75.3773,75.4073,2351572.0
215,2018-06-14,75.4273,75.4473,75.4173,75.4373,1737412.0
216,2018-06-15,75.4773,75.5073,75.4673,75.4773,2663668.0
217,2018-06-18,75.4773,75.4973,75.4673,75.4973,1027046.0
218,2018-06-19,75.5373,75.5373,75.5073,75.5273,2348523.0
219,2018-06-20,75.5173,75.5273,75.4773,75.4873,1369250.0
220,2018-06-21,75.4973,75.5473,75.4973,75.5373,825383.0
221,2018-06-22,75.5373,75.5473,75.5173,75.5473,1154315.0
222,2018-06-25,75.5573,75.5873,75.5473,75.5773,721344.0
223,2018-06-26,75.5773,75.5873,75.5573,75.5773,3127723.0
224,2018-06-27,75.6173,75.6373,75.5873,75.6273,4012229.0
225,2018-06-28,75.6473,75.6473,75.5973,75.6273,1049975.0
226,2018-06-29,75.5973,75.6173,75.5873,75.6073,4905004.0
227,2018-07-02,75.6271,75.6271,75.5671,75.5971,3517797.0
228,2018-07-03,75.5971,75.6271,75.5771,75.6271,1330618.0
229,2018-07-05,75.6171,75.6371,75.5871,75.6171,1892567.0
230,2018-07-06,75.6371,75.6371,75.6171,75.6371,3113182.0
231,2018-07-09,75.6071,75.6171,75.5871,75.5871,1378696.0
232,2018-07-10,75.5971,75.5971,75.5671,75.5771,2161787.0
233,2018-07-11,75.5971,75.6071,75.5671,75.6071,953314.0
234,2018-07-12,75.5771,75.5971,75.5671,75.5971,1298971.0
235,2018-07-13,75.6171,75.6271,75.5971,75.6171,1241435.0
236,2018-07-16,75.5871,75.5971,75.5671,75.5971,1530694.0
237,2018-07-17,75.6071,75.6071,75.5771,75.5871,2830639.0
238,2018-07-18,75.5971,75.5971,75.5671,75.5771,972797.0
239,2018-07-19,75.5771,75.6571,75.5771,75.6171,1185255.0
240,2018-07-20,75.6471,75.6571,75.6071,75.6171,1730787.0
241,2018-07-23,75.6071,75.6171,75.5671,75.5671,1083088.0
242,2018-07-24,75.5771,75.5771,75.5471,75.5771,1563389.0
243,2018-07-25,75.5771,75.5871,75.5471,75.5471,682784.0
244,2018-07-26,75.5671,75.5771,75.5171,75.5471,2208519.0
245,2018-07-27,75.5571,75.5771,75.5471,75.5571,1425339.0
246,2018-07-30,75.5571,75.5671,75.5471,75.5571,4199587.0
247,2018-07-31,75.5771,75.5771,75.5571,75.5571,2525735.0
248,2018-08-01,75.5552,75.5752,75.5452,75.5652,9125550.0
249,2018-08-02,75.5952,75.6152,75.5852,75.6152,1911300.0
250,2018-08-03,75.6052,75.6452,75.6052,75.6252,1371156.0
251,2018-08-06,75.6552,75.6552,75.6352,75.6452,1148229.0
252,2018-08-07,75.6352,75.6352,75.5952,75.6152,927514.0
253,2018-08-08,75.6352,75.6352,75.6152,75.6252,1438258.0
254,2018-08-09,75.6452,75.6752,75.6452,75.6752,660690.0
255,2018-08-10,75.7252,75.7652,75.7152,75.7552,1496558.0
256,2018-08-13,75.7252,75.7552,75.7152,75.7352,1577408.0
257,2018-08-14,75.7352,75.7352,75.7152,75.7352,1285475.0
258,2018-08-15,75.7552,75.7952,75.7352,75.7752,775015.0
259,2018-08-16,75.7552,75.7752,75.7352,75.7552,987976.0
260,2018-08-17,75.7752,75.7952,75.7652,75.7852,783350.0
261,2018-08-20,75.8152,75.8352,75.7952,75.8352,761675.0
262,2018-08-21,75.7952,75.8152,75.7952,75.8152,1449884.0
263,2018-08-22,75.8252,75.8452,75.8152,75.8352,609773.0
264,2018-08-23,75.8352,75.8452,75.8152,75.8252,702726.0
265,2018-08-24,75.7952,75.8352,75.7952,75.8352,2277157.0
266,2018-08-27,75.7952,75.8152,75.7952,75.8052,952799.0
267,2018-08-28,75.7752,75.7952,75.7652,75.7752,931844.0
268,2018-08-29,75.7852,75.7852,75.7452,75.7652,582219.0
269,2018-08-30,75.7852,75.8252,75.7852,75.8252,1657127.0
270,2018-08-31,75.8452,75.8552,75.8352,75.8452,4047499.0
271,2018-09-04,75.8364,75.8564,75.7964,75.8264,1358683.0
272,2018-09-05,75.8264,75.8364,75.8064,75.8264,846298.0
273,2018-09-06,75.8464,75.8864,75.8364,75.8564,5085853.0
274,2018-09-07,75.8064,75.8064,75.7664,75.7664,835522.0
275,2018-09-10,75.7764,75.7864,75.7664,75.7764,623814.0
276,2018-09-11,75.7264,75.7464,75.7064,75.7264,763703.0
277,2018-09-12,75.7464,75.7464,75.7064,75.7264,687552.0
278,2018-09-13,75.7364,75.7464,75.7164,75.7364,687203.0
279,2018-09-14,75.6864,75.7164,75.6864,75.7064,718481.0
280,2018-09-17,75.6964,75.7164,75.6864,75.6864,2312938.0
281,2018-09-18,75.7064,75.7064,75.6564,75.6764,860424.0
282,2018-09-19,75.6564,75.6664,75.6364,75.6564,659836.0
283,2018-09-20,75.6364,75.6864,75.6364,75.6864,945281.0
284,2018-09-21,75.6664,75.6964,75.6564,75.6664,1873330.0
285,2018-09-24,75.6664,75.6964,75.6564,75.6664,777060.0
286,2018-09-25,75.6564,75.6764,75.6464,75.6764,1217491.0
287,2018-09-26,75.6664,75.7064,75.6664,75.6864,1325876.0
288,2018-09-27,75.7064,75.7064,75.6864,75.6864,901893.0
289,2018-09-28,75.7264,75.7464,75.7264,75.7264,2340290.0
290,2018-10-01,75.7334,75.7434,75.7034,75.7034,3392332.0
291,2018-10-02,75.7234,75.7634,75.7234,75.7334,3058552.0
292,2018-10-03,75.7134,75.7334,75.6634,75.6934,1468215.0
293,2018-10-04,75.6434,75.6734,75.6434,75.6734,1245360.0
294,2018-10-05,75.6534,75.6634,75.6334,75.6634,1692130.0
295,2018-10-08,75.6634,75.6934,75.6434,75.6434,1601939.0
296,2018-10-09,75.6734,75.6834,75.6534,75.6734,2939012.0
297,2018-10-10,75.6434,75.7034,75.6434,75.6934,1956802.0
298,2018-10-11,75.7334,75.7734,75.7034,75.7234,2116117.0
299,2018-10-12,75.7534,75.7834,75.7234,75.7234,2273934.0
300,2018-10-15,75.7634,75.7634,75.7334,75.7534,1770920.0
301,2018-10-16,75.7434,75.7434,75.7134,75.7234,2148784.0
302,2018-10-17,75.7434,75.7634,75.6934,75.7134,1607414.0
303,2018-10-18,75.7034,75.7834,75.6934,75.7734,1329377.0
304,2018-10-19,75.7634,75.7634,75.7134,75.7234,4101009.0
305,2018-10-22,75.7134,75.7434,75.7034,75.7034,2027983.0
306,2018-10-23,75.8034,75.8234,75.7534,75.7534,2864711.0
307,2018-10-24,75.7934,75.8834,75.7934,75.8834,2957270.0
308,2018-10-25,75.8634,75.8734,75.8334,75.8534,2680103.0
309,2018-10-26,75.9134,75.9634,75.8934,75.9034,3797349.0
310,2018-10-29,75.8834,75.9434,75.8734,75.9334,4785446.0
311,2018-10-30,75.9034,75.9034,75.8634,75.8934,5203691.0
312,2018-10-31,75.8434,75.8734,75.8234,75.8534,12635754.0
313,2018-11-01,75.8789,75.9089,75.8589,75.8989,3623641.0
314,2018-11-02,75.8489,75.8589,75.7989,75.7989,3723833.0
315,2018-11-05,75.8389,75.8389,75.8089,75.8289,2360996.0
316,2018-11-06,75.7989,75.8189,75.7889,75.8089,4431487.0
317,2018-11-07,75.7889,75.7989,75.7689,75.7789,1675014.0
318,2018-11-08,75.7989,75.7989,75.7489,75.7689,1332802.0
319,2018-11-09,75.7789,75.8389,75.7789,75.8089,1229474.0
320,2018-11-12,75.8389,75.8989,75.8389,75.8689,994296.0
321,2018-11-13,75.8689,75.8989,75.8689,75.8789,2990072.0
322,2018-11-14,75.8889,75.9889,75.8789,75.9389,3329790.0
323,2018-11-15,76.0089,76.0289,75.9589,75.9789,1952428.0
324,2018-11-16,76.0389,76.0589,76.0189,76.0389,1293168.0
325,2018-11-19,76.0389,76.1189,76.0289,76.1089,1547730.0
326,2018-11-20,76.0989,76.1189,76.0789,76.0889,2307648.0
327,2018-11-21,76.0989,76.0989,76.0689,76.0889,9309915.0
328,2018-11-23,76.1189,76.1189,76.0689,76.0689,1666242.0
329,2018-11-26,76.0689,76.0789,76.0489,76.0789,1764042.0
330,2018-11-27,76.0689,76.0989,76.0589,76.0889,1555150.0
331,2018-11-28,76.0789,76.1389,76.0589,76.1189,2986099.0
332,2018-11-29,76.1589,76.1689,76.1189,76.1389,2217281.0
333,2018-11-30,76.1389,76.1889,76.1289,76.1689,4712684.0
334,2018-12-03,76.1212,76.1512,76.1012,76.1012,2828848.0
335,2018-12-04,76.1312,76.2012,76.1312,76.1612,4062035.0
336,2018-12-06,76.2812,76.3612,76.2412,76.2412,4012187.0
337,2018-12-07,76.2512,76.3412,76.2412,76.3312,2079347.0
338,2018-12-10,76.3212,76.3912,76.3012,76.3312,9725081.0
339,2018-12-11,76.2912,76.3212,76.2412,76.2512,5675489.0
340,2018-12-12,76.2412,76.2712,76.2412,76.2412,4565494.0
341,2018-12-13,76.2912,76.3212,76.2812,76.3212,7531870.0
342,2018-12-14,76.3312,76.3812,76.3212,76.3712,4449241.0
343,2018-12-17,76.3812,76.4512,76.3612,76.4512,5815253.0
344,2018-12-18,76.4599,76.5099,76.4399,76.4999,6567020.0
345,2018-12-19,76.5199,76.5599,76.4499,76.5199,12279171.0
346,2018-12-20,76.5299,76.5399,76.4899,76.5099,7297257.0
347,2018-12-21,76.5099,76.5699,76.4999,76.5699,5548838.0
348,2018-12-24,76.5799,76.6399,76.5799,76.6399,4049118.0
349,2018-12-26,76.6599,76.6899,76.5599,76.5599,6207737.0
350,2018-12-27,76.6399,76.7199,76.6399,76.6499,4207682.0
351,2018-12-28,76.6899,76.7699,76.6799,76.7699,6740101.0
352,2018-12-31,76.7499,76.8499,76.7299,76.7999,4892319.0
353,2019-01-02,76.8099,76.8199,76.7799,76.8099,5380228.0
354,2019-01-03,76.8199,77.0099,76.8099,76.9799,5284577.0
355,2019-01-04,76.8499,76.8599,76.7999,76.7999,5969520.0
356,2019-01-07,76.8299,76.8499,76.7399,76.7399,3632610.0
357,2019-01-08,76.7099,76.7399,76.6799,76.6899,2061642.0
358,2019-01-09,76.6899,76.7599,76.6899,76.7299,4161931.0
359,2019-01-10,76.7899,76.8099,76.7299,76.7399,4037274.0
360,2019-01-11,76.7899,76.8099,76.7799,76.7899,2057091.0
361,2019-01-14,76.8099,76.8299,76.6099,76.7899,1872813.0
362,2019-01-15,76.8299,76.8399,76.7899,76.8199,3311318.0
363,2019-01-16,76.7799,76.8099,76.7599,76.7999,3262194.0
364,2019-01-17,76.7999,76.8099,76.7599,76.7899,2507667.0
365,2019-01-18,76.7599,76.7699,76.6999,76.7199,4135295.0
366,2019-01-22,76.7599,76.7899,76.7499,76.7899,4049826.0
367,2019-01-23,76.7599,76.7999,76.7399,76.7699,7921724.0
368,2019-01-24,76.8299,76.8599,76.8099,76.8399,2012982.0
369,2019-01-25,76.8099,76.8199,76.7699,76.7799,1603503.0
370,2019-01-28,76.7799,76.8199,76.7699,76.7899,5781018.0
371,2019-01-29,76.8099,76.8399,76.8099,76.8299,4065748.0
372,2019-01-30,76.8299,76.9399,76.8099,76.9399,3634997.0
373,2019-01-31,76.9699,77.0299,76.9699,77.0099,7267052.0
374,2019-02-01,76.9722,76.9922,76.9122,76.9122,7391198.0
375,2019-02-04,76.9222,76.9322,76.8922,76.9122,9052478.0
376,2019-02-05,76.9022,76.9422,76.9022,76.9122,3074174.0
377,2019-02-06,76.9622,76.9722,76.9322,76.9522,2689783.0
378,2019-02-07,77.0022,77.0322,76.9822,77.0122,2483148.0
379,2019-02-08,77.0622,77.0822,77.0422,77.0422,2459486.0
380,2019-02-11,77.0122,77.0322,77.0022,77.0122,3230701.0
381,2019-02-12,77.0122,77.0222,76.9922,77.0022,2366038.0
382,2019-02-13,76.9522,76.9822,76.9422,76.9422,3539179.0
383,2019-02-14,77.0422,77.0522,77.0022,77.0522,5773784.0
384,2019-02-15,77.0322,77.0322,77.0122,77.0122,3556359.0
385,2019-02-19,77.0522,77.0722,77.0322,77.0722,8248452.0
386,2019-02-20,77.0622,77.0922,77.0422,77.0522,2679753.0
387,2019-02-21,77.0422,77.0422,77.0222,77.0322,2136655.0
388,2019-02-22,77.0522,77.1122,77.0522,77.0922,2640774.0
389,2019-02-25,77.0622,77.0822,77.0422,77.0822,2964288.0
390,2019-02-26,77.1022,77.1222,77.0822,77.1222,4570655.0
391,2019-02-27,77.0922,77.1022,77.0622,77.1022,2463535.0
392,2019-02-28,77.0822,77.0922,77.0522,77.0822,4136790.0
393,2019-03-01,77.0465,77.0565,77.0065,77.0265,3697815.0
394,2019-03-04,77.0265,77.0665,77.0165,77.0465,6418777.0
395,2019-03-05,77.0265,77.0565,77.0065,77.0565,6175908.0
396,2019-03-06,77.0565,77.1165,77.0565,77.1165,4167312.0
397,2019-03-07,77.1365,77.1965,77.1365,77.1865,3215516.0
398,2019-03-08,77.1965,77.2265,77.1765,77.2165,2626921.0
399,2019-03-11,77.2065,77.2065,77.1765,77.1965,2213579.0
400,2019-03-12,77.1965,77.2365,77.1965,77.2265,3665601.0
401,2019-03-13,77.2165,77.2365,77.2065,77.2365,1174194.0
402,2019-03-14,77.2365,77.2565,77.2165,77.2565,1173305.0
403,2019-03-15,77.2765,77.2965,77.2665,77.2865,1570371.0
404,2019-03-18,77.2665,77.2865,77.2565,77.2665,1092048.0
405,2019-03-19,77.2465,77.2665,77.2265,77.2565,1000106.0
406,2019-03-20,77.2665,77.3865,77.2665,77.3765,2459405.0
407,2019-03-21,77.3965,77.3965,77.3565,77.3765,1371112.0
408,2019-03-22,77.4365,77.5365,77.4365,77.5165,3113557.0
409,2019-03-25,77.5465,77.6565,77.5265,77.6065,3572729.0
410,2019-03-26,77.5665,77.6165,77.5465,77.5965,2374644.0
411,2019-03-27,77.6565,77.6965,77.6365,77.6665,1872516.0
412,2019-03-28,77.6565,77.6665,77.6165,77.6565,1322746.0
413,2019-03-29,77.5865,77.6165,77.5665,77.6065,2277145.0
414,2019-04-01,77.5603,77.5803,77.5003,77.5203,4381749.0
415,2019-04-02,77.5403,77.5703,77.5303,77.5603,2662153.0
416,2019-04-03,77.5303,77.5403,77.5103,77.5203,5005553.0
417,2019-04-04,77.5303,77.5503,77.5203,77.5403,1481193.0
418,2019-04-05,77.5203,77.5403,77.5103,77.5303,6617118.0
419,2019-04-08,77.5303,77.5503,77.5003,77.5103,2756407.0
420,2019-04-09,77.5403,77.5603,77.5203,77.5203,3661933.0
421,2019-04-10,77.5603,77.5903,77.5603,77.5903,2364326.0
422,2019-04-11,77.5503,77.5703,77.5403,77.5403,3379211.0
423,2019-04-12,77.4903,77.5103,77.4803,77.4903,1213279.0
424,2019-04-15,77.4803,77.5103,77.4803,77.5003,1021426.0
425,2019-04-16,77.4903,77.5003,77.4603,77.4903,1335681.0
426,2019-04-17,77.4903,77.5203,77.4903,77.5203,1600604.0
427,2019-04-18,77.5503,77.5603,77.5303,77.5403,1076791.0
428,2019-04-22,77.5503,77.5603,77.5403,77.5503,6156360.0
429,2019-04-23,77.5703,77.6003,77.5703,77.5903,1824560.0
430,2019-04-24,77.6403,77.6603,77.6303,77.6403,3424353.0
431,2019-04-25,77.6603,77.6703,77.6403,77.6403,903033.0
432,2019-04-26,77.7203,77.7303,77.7103,77.7303,2275785.0
433,2019-04-29,77.7003,77.7203,77.6903,77.7003,1009342.0
434,2019-04-30,77.7103,77.7603,77.6903,77.7603,1876007.0
435,2019-05-01,77.7366,77.8566,77.6766,77.6866,1313637.0
436,2019-05-02,77.6866,77.6966,77.6466,77.6466,2138766.0
437,2019-05-03,77.6766,77.7066,77.6566,77.6766,1332337.0
438,2019-05-06,77.7366,77.7466,77.7166,77.7266,1312194.0
439,2019-05-07,77.7566,77.7866,77.7566,77.7666,2815199.0
440,2019-05-08,77.7866,77.8066,77.7466,77.7566,1474535.0
441,2019-05-09,77.8266,77.8666,77.7966,77.8066,1297012.0
442,2019-05-10,77.8366,77.8766,77.8066,77.8266,1558687.0
443,2019-05-13,77.9166,77.9566,77.9066,77.9266,2720845.0
444,2019-05-14,77.9266,77.9366,77.8966,77.9266,3785705.0
445,2019-05-15,78.0166,78.0166,77.9466,77.9866,1521814.0
446,2019-05-16,77.9466,77.9566,77.9266,77.9366,1046621.0
447,2019-05-17,77.9866,77.9966,77.9266,77.9566,1067880.0
448,2019-05-20,77.9466,77.9666,77.9166,77.9166,1095917.0
449,2019-05-21,77.8966,77.9066,77.8666,77.8766,1161519.0
450,2019-05-22,77.9266,77.9366,77.9066,77.9166,2067741.0
451,2019-05-23,77.9766,78.0966,77.9766,78.0666,2773757.0
452,2019-05-24,78.0466,78.0566,78.0166,78.0366,1019645.0
453,2019-05-28,78.0666,78.1066,78.0466,78.1066,1130365.0
454,2019-05-29,78.1566,78.1866,78.1066,78.1166,2631956.0
455,2019-05-30,78.1366,78.1966,78.1066,78.1866,1929384.0
456,2019-05-31,78.2666,78.3966,78.2666,78.3666,11965456.0
457,2019-06-03,78.4453,78.5653,78.4053,78.5253,4621997.0
458,2019-06-04,78.4153,78.4853,78.3953,78.4653,3320420.0
459,2019-06-05,78.5753,78.6053,78.4953,78.5053,14752956.0
460,2019-06-06,78.5153,78.5453,78.4453,78.4553,20687723.0
461,2019-06-07,78.5953,78.6153,78.5153,78.5453,13622531.0
462,2019-06-10,78.4953,78.4953,78.4553,78.4653,7611271.0
463,2019-06-11,78.4253,78.4553,78.4153,78.4353,2211777.0
464,2019-06-12,78.4853,78.5253,78.4753,78.5053,1147896.0
465,2019-06-13,78.5453,78.6153,78.5253,78.5953,2450348.0
466,2019-06-14,78.5453,78.5853,78.5353,78.5653,1992182.0
467,2019-06-17,78.5753,78.5753,78.5253,78.5253,2105272.0
468,2019-06-18,78.6253,78.6353,78.5353,78.5353,5589161.0
469,2019-06-19,78.5153,78.7253,78.4953,78.7153,1893203.0
470,2019-06-20,78.7853,78.8253,78.7453,78.7553,1790067.0
471,2019-06-21,78.6853,78.7153,78.6653,78.7153,8008943.0
472,2019-06-24,78.7353,78.7953,78.7353,78.7653,1715959.0
473,2019-06-25,78.7753,78.8253,78.7353,78.7853,1742673.0
474,2019-06-26,78.7453,78.7453,78.6753,78.6853,1221959.0
475,2019-06-27,78.7353,78.7553,78.7053,78.7553,1276334.0
476,2019-06-28,78.7453,78.7753,78.7253,78.7553,4134206.0
477,2019-07-01,78.7613,78.7613,78.6713,78.7013,4213856.0
478,2019-07-02,78.7213,78.7713,78.7113,78.7513,4841213.0
479,2019-07-03,78.7613,78.7813,78.7513,78.7713,2176428.0
480,2019-07-05,78.6413,78.6413,78.5713,78.6013,1759453.0
481,2019-07-08,78.6213,78.6313,78.5613,78.5613,1587171.0
482,2019-07-09,78.5913,78.5913,78.5313,78.5313,1457305.0
483,2019-07-10,78.6313,78.6813,78.6013,78.6813,1704788.0
484,2019-07-11,78.6713,78.6813,78.6213,78.6413,1227299.0
485,2019-07-12,78.6313,78.6713,78.6213,78.6513,871640.0
486,2019-07-15,78.6713,78.6913,78.6613,78.6713,1385775.0
487,2019-07-16,78.6313,78.6613,78.6113,78.6413,1350075.0
488,2019-07-17,78.6513,78.7213,78.6413,78.7213,1457492.0
489,2019-07-18,78.7113,78.8313,78.6913,78.8213,1438856.0
490,2019-07-19,78.7513,78.7713,78.7113,78.7313,863979.0
491,2019-07-22,78.7613,78.7713,78.7413,78.7413,823315.0
492,2019-07-23,78.7313,78.7513,78.7113,78.7213,1026891.0
493,2019-07-24,78.7413,78.7713,78.7213,78.7413,1364767.0
494,2019-07-25,78.7213,78.7213,78.6613,78.6913,1093756.0
495,2019-07-26,78.6913,78.7013,78.6513,78.7013,1002976.0
496,2019-07-29,78.7013,78.7313,78.7013,78.7013,930572.0
497,2019-07-30,78.7213,78.7313,78.7013,78.7113,933455.0
498,2019-07-31,78.7513,78.7813,78.5613,78.7013,2313402.0
499,2019-08-01,78.7413,79.0013,78.7313,78.9413,3098981.0
500,2019-08-02,78.9313,78.9813,78.9213,78.9613,2626460.0
501,2019-08-05,79.1113,79.1913,79.0913,79.1313,3154513.0
502,2019-08-06,79.1413,79.1713,79.1013,79.1713,3277777.0
503,2019-08-07,79.2813,79.3213,79.1513,79.1813,2352447.0
504,2019-08-08,79.1513,79.1613,79.0913,79.1513,1499003.0
505,2019-08-09,79.1513,79.1913,79.1013,79.1013,1833595.0
506,2019-08-12,79.1713,79.2213,79.1613,79.1913,2403478.0
507,2019-08-13,79.1813,79.1913,79.0513,79.0913,1839466.0
508,2019-08-14,79.1713,79.2313,79.1613,79.2013,3312842.0
509,2019-08-15,79.2413,79.3913,79.2413,79.3813,4823023.0
510,2019-08-16,79.3313,79.3813,79.2913,79.3713,1886567.0
511,2019-08-19,79.2913,79.3213,79.2613,79.2813,1485600.0
512,2019-08-20,79.3313,79.3713,79.3213,79.3413,2015666.0
513,2019-08-21,79.2913,79.3313,79.2513,79.2613,2082451.0
514,2019-08-22,79.2413,79.2913,79.2113,79.2213,956165.0
515,2019-08-23,79.2513,79.3813,79.2313,79.3613,2448864.0
516,2019-08-26,79.3513,79.3813,79.2913,79.3213,1768689.0
517,2019-08-27,79.2913,79.3713,79.2913,79.3513,2179560.0
518,2019-08-28,79.3713,79.3913,79.3513,79.3713,1944372.0
519,2019-08-29,79.3613,79.3713,79.3213,79.3313,3270587.0
520,2019-08-30,79.3313,79.3713,79.3113,79.3613,2542982.0
521,2019-09-03,79.3775,79.4975,79.3575,79.4275,4574286.0
522,2019-09-04,79.4275,79.4975,79.4275,79.4975,1455937.0
523,2019-09-05,79.3875,79.3875,79.2675,79.3075,2145249.0
524,2019-09-06,79.3275,79.3575,79.2975,79.3175,2485471.0
525,2019-09-09,79.2575,79.2775,79.2275,79.2275,2423874.0
526,2019-09-10,79.2175,79.2275,79.0775,79.0875,2262303.0
527,2019-09-11,79.0875,79.1375,79.0875,79.0875,3004985.0
528,2019-09-12,79.1375,79.1475,79.0375,79.0675,3319684.0
529,2019-09-13,78.9975,79.0175,78.9075,78.9275,1951373.0
530,2019-09-16,78.9775,78.9975,78.9575,78.9975,3034060.0
531,2019-09-17,78.9875,79.0575,78.9775,79.0375,1397702.0
532,2019-09-18,79.0875,79.1375,78.9775,78.9875,3278011.0
533,2019-09-19,79.0675,79.0675,78.9975,78.9975,2399308.0
534,2019-09-20,79.0375,79.1175,79.0175,79.0875,2383323.0
535,2019-09-23,79.1475,79.2175,79.1375,79.1375,1537135.0
536,2019-09-24,79.1475,79.2675,79.1475,79.2275,3693090.0
537,2019-09-25,79.2175,79.2375,79.1175,79.1175,2729990.0
538,2019-09-26,79.1775,79.2175,79.1575,79.1575,871488.0
539,2019-09-27,79.1675,79.2375,79.1675,79.2075,1691671.0
540,2019-09-30,79.1975,79.2475,79.1875,79.2475,2325556.0
541,2019-10-01,79.1825,79.3725,79.1825,79.3425,4668917.0
542,2019-10-02,79.4025,79.4725,79.3925,79.4325,2613032.0
543,2019-10-03,79.4925,79.6325,79.4825,79.6125,2441581.0
544,2019-10-04,79.5725,79.6125,79.5525,79.6025,1760774.0
545,2019-10-07,79.5525,79.5625,79.4925,79.5125,1611695.0
546,2019-10-08,79.5725,79.6025,79.5025,79.5625,2153282.0
547,2019-10-09,79.5625,79.5825,79.4925,79.5125,1472532.0
548,2019-10-10,79.5225,79.5225,79.4125,79.4125,3566867.0
549,2019-10-11,79.3525,79.3625,79.2725,79.3325,2933815.0
550,2019-10-14,79.3425,79.3625,79.3225,79.3425,1336666.0
551,2019-10-15,79.3725,79.3825,79.2925,79.3225,2469983.0
552,2019-10-16,79.3625,79.3825,79.3325,79.3625,1840704.0
553,2019-10-17,79.3625,79.4125,79.3425,79.3625,1641211.0
554,2019-10-18,79.3825,79.4325,79.3825,79.3925,1901614.0
555,2019-10-21,79.3825,79.3925,79.3325,79.3525,985532.0
556,2019-10-22,79.3725,79.3925,79.3225,79.3825,1192305.0
557,2019-10-23,79.4025,79.4125,79.3625,79.3725,1578624.0
558,2019-10-24,79.3925,79.4325,79.3725,79.3725,1229111.0
559,2019-10-25,79.3925,79.3925,79.3025,79.3225,982862.0
560,2019-10-28,79.2925,79.3025,79.2625,79.2925,2045014.0
561,2019-10-29,79.3225,79.3325,79.2925,79.3125,1768728.0
562,2019-10-30,79.3125,79.3725,79.2725,79.3625,1622520.0
563,2019-10-31,79.4125,79.5225,79.4125,79.5125,2719252.0
564,2019-11-01,79.4821,79.5121,79.4221,79.4621,3436219.0
565,2019-11-04,79.4221,79.4221,79.3921,79.4021,2540441.0
566,2019-11-05,79.3721,79.3721,79.3121,79.3421,2078543.0
567,2019-11-06,79.3921,79.4121,79.3621,79.3921,1237093.0
568,2019-11-07,79.3321,79.3321,79.2421,79.2921,2284942.0
569,2019-11-08,79.2921,79.3521,79.2921,79.3021,2300498.0
570,2019-11-11,79.3221,79.3321,79.2921,79.3221,1329557.0
571,2019-11-12,79.3121,79.3421,79.2921,79.3321,2647807.0
572,2019-11-13,79.3821,79.3921,79.3521,79.3721,1679807.0
573,2019-11-14,79.4421,79.4821,79.4321,79.4521,2754468.0
574,2019-11-15,79.4121,79.4421,79.4121,79.4221,2456123.0
575,2019-11-18,79.4621,79.4721,79.4421,79.4621,1049900.0
576,2019-11-19,79.4321,79.4621,79.4321,79.4521,1630744.0
577,2019-11-20,79.4721,79.5121,79.4621,79.4921,1767097.0
578,2019-11-21,79.4621,79.4821,79.4421,79.4521,1288043.0
579,2019-11-22,79.4621,79.4721,79.4221,79.4421,3148137.0
580,2019-11-25,79.4421,79.4621,79.4221,79.4521,3597072.0
581,2019-11-26,79.4921,79.5021,79.4721,79.4921,1792204.0
582,2019-11-27,79.4721,79.4721,79.4321,79.4421,1090079.0
583,2019-11-29,79.4321,79.4721,79.4221,79.4721,1220152.0
584,2019-12-02,79.4262,79.5162,79.4062,79.4462,4211493.0
585,2019-12-03,79.5562,79.6162,79.5462,79.5662,2036800.0
586,2019-12-04,79.5462,79.5562,79.4962,79.5262,2018068.0
587,2019-12-05,79.4862,79.5262,79.4762,79.4862,1965936.0
588,2019-12-06,79.4362,79.4862,79.4262,79.4562,2024444.0
589,2019-12-09,79.4762,79.4762,79.4462,79.4562,1482224.0
590,2019-12-10,79.4662,79.4762,79.4162,79.4162,1214057.0
591,2019-12-11,79.4262,79.4962,79.4262,79.4862,1223112.0
592,2019-12-12,79.5062,79.5062,79.3562,79.4062,1627420.0
593,2019-12-13,79.4762,79.5262,79.4362,79.5062,1630474.0
594,2019-12-16,79.4762,79.4762,79.4262,79.4562,1568755.0
595,2019-12-17,79.4862,79.4962,79.4662,79.4762,1764027.0
596,2019-12-18,79.4662,79.4862,79.4462,79.4862,1677418.0
597,2019-12-19,79.4827,79.5227,79.4827,79.5027,1464475.0
598,2019-12-20,79.4927,79.5127,79.4727,79.5027,1413579.0
599,2019-12-23,79.4827,79.4927,79.4627,79.4827,2008618.0
600,2019-12-24,79.4427,79.5127,79.4427,79.4927,895507.0
601,2019-12-26,79.5327,79.5327,79.5027,79.5227,1156886.0
602,2019-12-27,79.5527,79.5927,79.5427,79.5827,1388343.0
603,2019-12-30,79.5727,79.6327,79.5727,79.6127,1630793.0
604,2019-12-31,79.6127,79.6427,79.5827,79.6027,3025577.0
605,2020-01-02,79.6427,79.6827,79.6127,79.6427,2665249.0
606,2020-01-03,79.6927,79.7327,79.6627,79.7127,2039864.0
607,2020-01-06,79.7027,79.7127,79.6527,79.6827,1132074.0
608,2020-01-07,79.6927,79.7027,79.6727,79.6827,1103652.0
609,2020-01-08,79.6927,79.7127,79.6327,79.6427,1864334.0
610,2020-01-09,79.6227,79.6727,79.6127,79.6527,1424364.0
611,2020-01-10,79.6627,79.6927,79.6627,79.6727,1065931.0
612,2020-01-13,79.6727,79.6727,79.6427,79.6627,1275636.0
613,2020-01-14,79.6627,79.7027,79.6627,79.6727,2323419.0
614,2020-01-15,79.7027,79.7127,79.6827,79.7127,2467908.0
615,2020-01-16,79.7027,79.7127,79.6827,79.7127,1995066.0
616,2020-01-17,79.7027,79.7427,79.6927,79.7427,1592584.0
617,2020-01-21,79.7527,79.7727,79.7527,79.7627,2814623.0
618,2020-01-22,79.7627,79.7927,79.7627,79.7827,1878403.0
619,2020-01-23,79.8127,79.8527,79.7927,79.8127,6874173.0
620,2020-01-24,79.8227,79.8727,79.8127,79.8427,3717512.0
621,2020-01-27,79.9427,79.9427,79.9127,79.9327,1915484.0
622,2020-01-28,79.9327,79.9427,79.8827,79.8927,1233417.0
623,2020-01-29,79.9227,79.9727,79.9027,79.9727,1269063.0
624,2020-01-30,80.0027,80.0427,79.9727,79.9827,1348276.0
625,2020-01-31,80.0227,80.1127,80.0227,80.0927,4298922.0
626,2020-02-03,80.0676,80.0876,80.0176,80.0676,4133898.0
627,2020-02-04,79.9876,79.9976,79.9476,79.9776,1575547.0
628,2020-02-05,79.9276,79.9476,79.9176,79.9176,2229279.0
629,2020-02-06,79.9176,79.9376,79.9076,79.9376,1505777.0
630,2020-02-07,79.9776,80.0076,79.9676,79.9876,1408168.0
631,2020-02-10,80.0376,80.0576,80.0076,80.0276,982748.0
632,2020-02-11,79.9976,80.0076,79.9676,79.9876,1911184.0
633,2020-02-12,79.9576,79.9676,79.9476,79.9476,1400470.0
634,2020-02-13,79.9776,79.9976,79.9576,79.9676,1700698.0
635,2020-02-14,80.0076,80.0176,79.9976,80.0076,1560047.0
636,2020-02-18,80.0376,80.0576,80.0176,80.0376,1669419.0
637,2020-02-19,80.0176,80.0476,79.9976,80.0476,1422834.0
638,2020-02-20,80.0376,80.0876,80.0376,80.0676,2051793.0
639,2020-02-21,80.1076,80.1876,80.0976,80.1376,1798828.0
640,2020-02-24,80.2776,80.3076,80.2676,80.2776,2725232.0
641,2020-02-25,80.2976,80.4076,80.2976,80.3676,3026990.0
642,2020-02-26,80.3476,80.4576,80.3276,80.4276,3688178.0
643,2020-02-27,80.5476,80.6076,80.4676,80.5276,6008760.0
644,2020-02-28,80.7576,80.8776,80.7276,80.8376,9558329.0
645,2020-03-02,80.9526,81.0326,80.8026,80.8026,14995960.0
646,2020-03-03,80.8626,81.2526,80.8426,81.1426,7232343.0
647,2020-03-04,81.2026,81.2826,81.1526,81.1526,5711925.0
648,2020-03-05,81.3426,81.3726,81.3026,81.3326,3797271.0
649,2020-03-06,81.5426,81.6026,81.4026,81.4326,4378295.0
650,2020-03-09,81.7726,81.9026,81.6026,81.9026,44360024.0
651,2020-03-10,81.5326,81.6026,81.3826,81.5226,11970240.0
652,2020-03-11,81.5326,81.5526,81.4126,81.4226,7873170.0
653,2020-03-12,81.5326,81.7726,81.4026,81.4026,12312320.0
654,2020-03-13,81.2826,81.5526,81.1826,81.5126,9422433.0
655,2020-03-16,81.8126,81.9626,81.6326,81.6526,12123866.0
656,2020-03-17,81.7226,81.7626,81.3626,81.4526,10487838.0
657,2020-03-18,81.4526,82.0126,81.3426,81.3426,11907525.0
658,2020-03-19,81.4526,81.7626,81.4526,81.4926,12898427.0
659,2020-03-20,81.6126,81.8626,81.6126,81.7226,10683738.0
660,2020-03-23,81.9426,81.9626,81.7926,81.8226,9471996.0
661,2020-03-24,81.7326,81.8026,81.7026,81.7026,8366404.0
662,2020-03-25,81.7226,81.8626,81.7226,81.8026,6098016.0
663,2020-03-26,81.8226,81.9426,81.8126,81.9026,8381033.0
664,2020-03-27,81.9326,81.9326,81.7526,81.8826,37087863.0
665,2020-03-30,81.9626,81.9926,81.8926,81.9226,5650832.0
666,2020-03-31,81.9526,82.0126,81.9026,81.9026,5677868.0
667,2020-04-01,81.9586,82.0086,81.9186,81.9586,6923871.0
668,2020-04-02,81.9786,82.0086,81.9586,81.9786,5879706.0
669,2020-04-03,81.9486,82.0386,81.9186,81.9586,5018134.0
670,2020-04-06,81.9186,81.9486,81.8886,81.8986,4869086.0
671,2020-04-07,81.8486,81.9086,81.8286,81.8786,7881246.0
672,2020-04-08,81.8786,81.9586,81.8786,81.9286,4890633.0
673,2020-04-09,81.9286,81.9886,81.9186,81.9586,5400997.0
674,2020-04-13,81.9686,81.9686,81.9286,81.9686,3356174.0
675,2020-04-14,81.9586,81.9886,81.9286,81.9686,4712243.0
676,2020-04-15,82.0186,82.0386,81.9886,81.9986,4270044.0
677,2020-04-16,82.0186,82.0386,81.9986,82.0186,2383565.0
678,2020-04-17,81.9986,82.0286,81.9886,81.9886,3282747.0
679,2020-04-20,82.0086,82.0286,81.9886,81.9886,5969410.0
680,2020-04-21,82.0186,82.0286,81.9886,82.0086,3610356.0
681,2020-04-22,81.9986,81.9986,81.9786,81.9786,4836958.0
682,2020-04-23,81.9786,81.9986,81.9586,81.9686,3010011.0
683,2020-04-24,81.9786,81.9986,81.9686,81.9686,3117641.0
684,2020-04-27,81.9686,81.9786,81.9386,81.9686,4928828.0
685,2020-04-28,82.0086,82.0186,81.9886,81.9986,3706978.0
686,2020-04-29,82.0186,82.0286,81.9886,81.9886,4285717.0
687,2020-04-30,81.9986,82.1386,81.9986,82.1386,9557260.0
688,2020-05-01,82.0309,82.0309,81.9809,82.0109,5135002.0
689,2020-05-04,81.9909,82.0509,81.9909,82.0109,5813434.0
690,2020-05-05,82.0209,82.0309,82.0009,82.0009,4334026.0
691,2020-05-06,82.0109,82.0309,82.0009,82.0309,2007285.0
692,2020-05-07,82.0309,82.1109,82.0209,82.0909,2455580.0
693,2020-05-08,82.1009,82.1409,82.0609,82.0709,2690005.0
694,2020-05-11,82.0809,82.0809,82.0109,82.0409,4067638.0
695,2020-05-12,82.0309,82.0609,82.0109,82.0609,2670398.0
696,2020-05-13,82.0709,82.0909,82.0509,82.0609,3829446.0
697,2020-05-14,82.0709,82.1009,82.0409,82.0409,2284601.0
698,2020-05-15,82.1009,82.1109,82.0809,82.0909,1942895.0
699,2020-05-18,82.0809,82.0809,82.0209,82.0209,2762100.0
700,2020-05-19,82.0309,82.0709,82.0309,82.0709,2976457.0
701,2020-05-20,82.0409,82.0809,82.0409,82.0709,3497882.0
702,2020-05-21,82.0609,82.0709,82.0509,82.0509,3246339.0
703,2020-05-22,82.0709,82.0809,82.0509,82.0509,2592499.0
704,2020-05-26,82.0409,82.0609,82.0309,82.0509,4356165.0
705,2020-05-27,82.0409,82.0809,82.0309,82.0309,3507628.0
706,2020-05-28,82.0409,82.0709,82.0309,82.0709,3433392.0
707,2020-05-29,82.0509,82.0909,82.0509,82.0709,6906736.0
708,2020-06-01,82.061,82.081,82.041,82.061,6995489.0
709,2020-06-02,82.061,82.071,82.041,82.061,3869304.0
710,2020-06-03,82.041,82.041,81.991,81.991,4476420.0
711,2020-06-04,82.001,82.021,81.981,82.011,4350037.0
712,2020-06-05,81.971,81.981,81.951,81.981,4391336.0
713,2020-06-08,81.961,81.991,81.941,81.961,4200221.0
714,2020-06-09,81.971,82.001,81.971,81.991,7839894.0
715,2020-06-10,82.021,82.061,82.011,82.041,3146570.0
716,2020-06-11,82.051,82.061,82.001,82.001,3244689.0
717,2020-06-12,82.021,82.041,82.011,82.031,3355977.0
718,2020-06-15,82.031,82.051,82.011,82.011,3245974.0
719,2020-06-16,82.011,82.041,82.001,82.001,5306440.0
720,2020-06-17,82.011,82.031,82.011,82.031,3369564.0
721,2020-06-18,82.041,82.041,82.021,82.021,2027071.0
722,2020-06-19,82.031,82.061,82.021,82.041,3477557.0
723,2020-06-22,82.041,82.051,82.021,82.021,2597914.0
724,2020-06-23,82.031,82.041,82.021,82.041,2792100.0
725,2020-06-24,82.031,82.051,82.021,82.051,2111002.0
726,2020-06-25,82.041,82.061,82.041,82.051,1716773.0
727,2020-06-26,82.051,82.091,82.051,82.081,4109942.0
728,2020-06-29,82.081,82.101,82.071,82.101,2766179.0
729,2020-06-30,82.111,82.111,82.081,82.091,4443443.0
730,2020-07-01,82.1016,82.1016,82.0616,82.0616,4789354.0
731,2020-07-02,82.0816,82.1016,82.0616,82.1016,2662838.0
732,2020-07-06,82.0816,82.0916,82.0716,82.0716,3406720.0
733,2020-07-07,82.0816,82.0916,82.0716,82.0916,2938978.0
734,2020-07-08,82.0916,82.1016,82.0816,82.0916,3454852.0
735,2020-07-09,82.0916,82.1116,82.0816,82.1116,2508862.0
736,2020-07-10,82.1216,82.1216,82.0816,82.0816,2447414.0
737,2020-07-13,82.0816,82.0916,82.0716,82.0816,2332086.0
738,2020-07-14,82.1016,82.1116,82.0816,82.0916,2112529.0
739,2020-07-15,82.0816,82.1016,82.0716,82.1016,4553240.0
740,2020-07-16,82.1116,82.1216,82.1016,82.1016,1750084.0
741,2020-07-17,82.1116,82.1216,82.0916,82.1216,2016218.0
742,2020-07-20,82.1216,82.1216,82.0916,82.1016,3534555.0
743,2020-07-21,82.0916,82.1216,82.0916,82.1216,4017934.0
744,2020-07-22,82.1216,82.1216,82.1016,82.1116,3776567.0
745,2020-07-23,82.1116,82.1216,82.1016,82.1116,2263147.0
746,2020-07-24,82.1116,82.1216,82.1016,82.1216,3056043.0
747,2020-07-27,82.1216,82.1216,82.0816,82.0916,2250869.0
748,2020-07-28,82.1016,82.1216,82.1016,82.1116,3804525.0
749,2020-07-29,82.1216,82.1416,82.1116,82.1316,2551304.0
750,2020-07-30,82.1416,82.1616,82.1416,82.1616,2016890.0
751,2020-07-31,82.1716,82.1716,82.1516,82.1716,3229790.0
752,2020-08-03,82.1521,82.1721,82.1321,82.1721,2979843.0
753,2020-08-04,82.1721,82.1821,82.1621,82.1821,2871042.0
754,2020-08-05,82.1621,82.1721,82.1521,82.1621,3037492.0
755,2020-08-06,82.1621,82.1821,82.1521,82.1621,1793433.0
756,2020-08-07,82.1521,82.1621,82.1421,82.1521,3944486.0
757,2020-08-10,82.1521,82.1521,82.1221,82.1321,2089867.0
758,2020-08-11,82.1121,82.1221,82.0821,82.1121,3345702.0
759,2020-08-12,82.0921,82.1021,82.0821,82.0921,4246913.0
760,2020-08-13,82.0821,82.0921,82.0721,82.0821,2073844.0
761,2020-08-14,82.0921,82.1121,82.0821,82.0921,2548612.0
762,2020-08-17,82.1121,82.1121,82.0921,82.1021,2655078.0
763,2020-08-18,82.1021,82.1221,82.1021,82.1121,2106596.0
764,2020-08-19,82.1221,82.1221,82.1021,82.1121,2065128.0
765,2020-08-20,82.1221,82.1321,82.1121,82.1121,2121038.0
766,2020-08-21,82.1221,82.1321,82.1021,82.1021,3337635.0
767,2020-08-24,82.1121,82.1221,82.0921,82.0921,2834055.0
768,2020-08-25,82.0821,82.1021,82.0721,82.1021,1986558.0
769,2020-08-26,82.1021,82.1021,82.0821,82.1021,2983266.0
770,2020-08-27,82.1221,82.1321,82.0821,82.0921,2608987.0
771,2020-08-28,82.1121,82.1421,82.1121,82.1221,3445506.0
772,2020-08-31,82.1221,82.1521,82.1221,82.1521,2357174.0
773,2020-09-01,82.1312,82.1412,82.1212,82.1312,3093554.0
774,2020-09-02,82.1212,82.1412,82.1212,82.1412,3682630.0
775,2020-09-03,82.1412,82.1612,82.1312,82.1312,2547328.0
776,2020-09-04,82.1312,82.1412,82.0912,82.1012,2904359.0
777,2020-09-08,82.1212,82.1312,82.1112,82.1112,2014693.0
778,2020-09-09,82.1112,82.1212,82.1012,82.1212,3009068.0
779,2020-09-10,82.1012,82.1312,82.1012,82.1112,2909980.0
780,2020-09-11,82.1212,82.1512,82.1212,82.1312,2109783.0
781,2020-09-14,82.1412,82.1412,82.1212,82.1212,1993045.0
782,2020-09-15,82.1212,82.1312,82.1212,82.1312,2013059.0
783,2020-09-16,82.1312,82.1412,82.1112,82.1412,2551223.0
784,2020-09-17,82.1412,82.1512,82.1212,82.1212,2494688.0
785,2020-09-18,82.1412,82.1512,82.1212,82.1312,2334170.0
786,2020-09-21,82.1412,82.1412,82.1212,82.1212,3969181.0
787,2020-09-22,82.1312,82.1412,82.1212,82.1412,2108452.0
788,2020-09-23,82.1312,82.1412,82.1212,82.1412,3298330.0
789,2020-09-24,82.1312,82.1412,82.1212,82.1312,2955171.0
790,2020-09-25,82.1412,82.1512,82.1412,82.1412,1786147.0
791,2020-09-28,82.1512,82.1512,82.1312,82.1512,2777709.0
792,2020-09-29,82.1512,82.1612,82.1412,82.1412,2568922.0
793,2020-09-30,82.1512,82.1512,82.1312,82.1512,3112042.0
794,2020-10-01,82.1313,82.1513,82.1313,82.1313,3890777.0
795,2020-10-02,82.1413,82.1513,82.1213,82.1413,3081296.0
796,2020-10-05,82.1313,82.1313,82.1013,82.1113,3139826.0
797,2020-10-06,82.1113,82.1213,82.1013,82.1113,2618210.0
798,2020-10-07,82.0813,82.1013,82.0813,82.1013,3613434.0
799,2020-10-08,82.1013,82.1113,82.0913,82.1013,1996740.0
800,2020-10-09,82.1113,82.1113,82.0913,82.1013,1977719.0
801,2020-10-12,82.1013,82.1213,82.0913,82.1213,2400888.0
802,2020-10-13,82.1113,82.1313,82.1013,82.1113,5330575.0
803,2020-10-14,82.1113,82.1313,82.1113,82.1113,8129592.0
804,2020-10-15,82.1213,82.1413,82.1113,82.1313,6851519.0
805,2020-10-16,82.1213,82.1313,82.1113,82.1213,1562138.0
806,2020-10-19,82.1013,82.1213,82.0913,82.1213,2499188.0
807,2020-10-20,82.1113,82.1213,82.1013,82.1113,1991795.0
808,2020-10-21,82.1013,82.1113,82.0913,82.1113,1788722.0
809,2020-10-22,82.1013,82.1113,82.0813,82.0813,3063285.0
810,2020-10-23,82.1013,82.1113,82.0913,82.0913,2014396.0
811,2020-10-26,82.1013,82.1113,82.0913,82.1013,2319209.0
812,2020-10-27,82.1113,82.1213,82.1013,82.1013,1981998.0
813,2020-10-28,82.1113,82.1213,82.1013,82.1013,4930214.0
814,2020-10-29,82.1113,82.1213,82.1013,82.1213,3688786.0
815,2020-10-30,82.1213,82.1213,82.0913,82.1113,3562349.0
816,2020-11-02,82.0999,82.1099,82.0899,82.1099,3642472.0
817,2020-11-03,82.0899,82.0999,82.0699,82.0899,1739617.0
818,2020-11-04,82.1099,82.1299,82.0999,82.1099,4432569.0
819,2020-11-05,82.1099,82.1199,82.0899,82.0899,4645998.0
820,2020-11-06,82.1099,82.1099,82.0899,82.0999,2479203.0
821,2020-11-09,82.0599,82.0699,82.0399,82.0699,5418552.0
822,2020-11-10,82.0399,82.0599,82.0399,82.0599,3162195.0
823,2020-11-11,82.0399,82.0499,82.0299,82.0399,2643226.0
824,2020-11-12,82.0699,82.0799,82.0499,82.0499,3915821.0
825,2020-11-13,82.0699,82.0799,82.0499,82.0499,3156801.0
826,2020-11-16,82.0599,82.0799,82.0499,82.0699,3752942.0
827,2020-11-17,82.0599,82.0799,82.0599,82.0599,3457886.0
828,2020-11-18,82.0699,82.0799,82.0599,82.0599,2325192.0
829,2020-11-19,82.0699,82.0899,82.0699,82.0799,1900692.0
830,2020-11-20,82.0999,82.0999,82.0899,82.0899,1784746.0
831,2020-11-23,82.0899,82.0999,82.0899,82.0899,1640515.0
832,2020-11-24,82.0899,82.0999,82.0899,82.0999,2649502.0
833,2020-11-25,82.0999,82.1099,82.0999,82.1099,2449882.0
834,2020-11-27,82.1099,82.1199,82.1099,82.1099,1378931.0
835,2020-11-30,82.1299,82.1299,82.1099,82.1299,3375332.0
836,2020-12-01,82.0927,82.1027,82.0727,82.0827,6173937.0
837,2020-12-02,82.0827,82.1027,82.0727,82.1027,2297115.0
838,2020-12-03,82.1127,82.1227,82.1027,82.1227,2751896.0
839,2020-12-04,82.1027,82.1127,82.0927,82.1127,2825229.0
840,2020-12-07,82.1127,82.1327,82.1127,82.1327,3213923.0
841,2020-12-08,82.1227,82.1327,82.1127,82.1127,2559782.0
842,2020-12-09,82.1127,82.1127,82.1027,82.1027,2828977.0
843,2020-12-10,82.1327,82.1427,82.1127,82.1227,2977702.0
844,2020-12-11,82.1627,82.1727,82.1527,82.1727,1802218.0
845,2020-12-14,82.1527,82.1727,82.1527,82.1627,2805366.0
846,2020-12-15,82.1627,82.1727,82.1527,82.1627,1969271.0
847,2020-12-16,82.1527,82.1627,82.1527,82.1627,1444744.0
848,2020-12-17,82.1747,82.1747,82.1447,82.1647,2541198.0
849,2020-12-18,82.1547,82.1647,82.1547,82.1547,2924189.0
850,2020-12-21,82.1547,82.1647,82.1447,82.1547,2249128.0
851,2020-12-22,82.1547,82.1747,82.1547,82.1547,1928380.0
852,2020-12-23,82.1547,82.1747,82.1547,82.1747,2821599.0
853,2020-12-24,82.1547,82.1747,82.1547,82.1547,1039535.0
854,2020-12-28,82.1447,82.1647,82.1447,82.1647,1836388.0
855,2020-12-29,82.1647,82.1647,82.1547,82.1647,2010588.0
856,2020-12-30,82.1547,82.1747,82.1547,82.1747,1327546.0
857,2020-12-31,82.1647,82.1747,82.1447,82.1647,1949873.0
858,2021-01-04,82.1547,82.1847,82.1547,82.1747,2989295.0
859,2021-01-05,82.1747,82.1847,82.1547,82.1747,2529355.0
860,2021-01-06,82.1447,82.1547,82.1047,82.1247,2082064.0
861,2021-01-07,82.1347,82.1447,82.1147,82.1447,4207981.0
862,2021-01-08,82.1147,82.1347,82.1147,82.1347,2760350.0
863,2021-01-11,82.1247,82.1347,82.1147,82.1247,2545698.0
864,2021-01-12,82.1047,82.1247,82.1047,82.1247,4048413.0
865,2021-01-13,82.1147,82.1247,82.1147,82.1147,2021798.0
866,2021-01-14,82.1247,82.1347,82.1147,82.1247,3343987.0
867,2021-01-15,82.1247,82.1447,82.1247,82.1347,3148317.0
868,2021-01-19,82.1247,82.1647,82.1247,82.1647,3019485.0
869,2021-01-20,82.1547,82.1647,82.1447,82.1547,2392297.0
870,2021-01-21,82.1647,82.1747,82.1447,82.1647,1574739.0
871,2021-01-22,82.1647,82.1747,82.1647,82.1647,4095825.0
872,2021-01-25,82.1647,82.1747,82.1647,82.1747,2037463.0
873,2021-01-26,82.1847,82.1847,82.1647,82.1647,2015507.0
874,2021-01-27,82.1847,82.1947,82.1647,82.1647,3786772.0
875,2021-01-28,82.1747,82.1747,82.1547,82.1547,2429739.0
876,2021-01-29,82.1747,82.1847,82.1647,82.1847,3238033.0
877,2021-02-01,82.1948,82.1948,82.1748,82.1948,3266406.0
878,2021-02-02,82.1848,82.1848,82.1648,82.1648,2245466.0
879,2021-02-03,82.1648,82.1748,82.1648,82.1748,2219030.0
880,2021-02-04,82.1648,82.1748,82.1648,82.1748,1848156.0
881,2021-02-05,82.1848,82.1948,82.1748,82.1948,1495925.0
882,2021-02-08,82.1748,82.1848,82.1748,82.1848,2193173.0
883,2021-02-09,82.1748,82.1848,82.1648,82.1648,1930692.0
884,2021-02-10,82.1848,82.1848,82.1648,82.1748,3016105.0
885,2021-02-11,82.1748,82.1848,82.1748,82.1748,2348631.0
886,2021-02-12,82.1748,82.1948,82.1748,82.1848,3364626.0
887,2021-02-16,82.1648,82.1748,82.1448,82.1548,3364180.0
888,2021-02-17,82.1548,82.1748,82.1548,82.1748,2307583.0
889,2021-02-18,82.1748,82.1848,82.1548,82.1748,2362284.0
890,2021-02-19,82.1648,82.1848,82.1648,82.1848,2113893.0
891,2021-02-22,82.1748,82.1748,82.1648,82.1648,3801620.0
892,2021-02-23,82.1548,82.1748,82.1548,82.1748,9025877.0
893,2021-02-24,82.1448,82.1548,82.1348,82.1448,2530053.0
894,2021-02-25,82.0948,82.0948,81.9848,82.0248,4956102.0
895,2021-02-26,82.0848,82.1348,82.0448,82.1348,5187495.0
896,2021-03-01,82.1268,82.1368,82.1068,82.1268,3366650.0
897,2021-03-02,82.1268,82.1468,82.1268,82.1468,5519172.0
898,2021-03-03,82.1268,82.1268,82.0868,82.0968,2406121.0
899,2021-03-04,82.1068,82.1168,82.0868,82.0968,2566125.0
900,2021-03-05,82.0768,82.0968,82.0668,82.0968,4413562.0
901,2021-03-08,82.0868,82.0868,82.0568,82.0668,2729744.0
902,2021-03-09,82.0668,82.0668,82.0468,82.0668,3255495.0
903,2021-03-10,82.0568,82.0968,82.0568,82.0968,2859968.0
904,2021-03-11,82.1068,82.1068,82.0868,82.0968,3578472.0
905,2021-03-12,82.0768,82.0868,82.0668,82.0868,1824701.0
906,2021-03-15,82.0768,82.0968,82.0768,82.0968,2273724.0
907,2021-03-16,82.0868,82.0968,82.0768,82.0968,1853629.0
908,2021-03-17,82.0868,82.1468,82.0768,82.1168,3413308.0
909,2021-03-18,82.0868,82.1068,82.0668,82.1068,4692063.0
910,2021-03-19,82.0968,82.1268,82.0768,82.1068,3276263.0
911,2021-03-22,82.1068,82.1068,82.0968,82.0968,2118497.0
912,2021-03-23,82.1168,82.1168,82.1068,82.1068,3241298.0
913,2021-03-24,82.1268,82.1368,82.1168,82.1268,2322782.0
914,2021-03-25,82.1368,82.1468,82.1168,82.1368,2771615.0
915,2021-03-26,82.1268,82.1468,82.1268,82.1368,3068507.0
916,2021-03-29,82.1268,82.1368,82.1068,82.1168,2181979.0
917,2021-03-30,82.1068,82.1168,82.0968,82.1168,2213821.0
918,2021-03-31,82.1068,82.1068,82.0868,82.0868,4480991.0
919,2021-04-01,82.0862,82.1062,82.0862,82.0862,3614332.0
920,2021-04-05,82.0462,82.0762,82.0362,82.0662,3118189.0
921,2021-04-06,82.0762,82.0962,82.0762,82.0862,2497050.0
922,2021-04-07,82.1062,82.1162,82.0962,82.0962,3509128.0
923,2021-04-08,82.1162,82.1262,82.1062,82.1262,2109839.0
924,2021-04-09,82.0862,82.1162,82.0862,82.0962,2496235.0
925,2021-04-12,82.0862,82.0962,82.0662,82.0762,1687139.0
926,2021-04-13,82.0862,82.1062,82.0762,82.1062,1237093.0
927,2021-04-14,82.0962,82.1062,82.0962,82.1062,1413992.0
928,2021-04-15,82.1062,82.1262,82.1062,82.1262,1843415.0
929,2021-04-16,82.0962,82.1162,82.0962,82.1162,1674902.0
930,2021-04-19,82.0962,82.1162,82.0962,82.1062,2063912.0
931,2021-04-20,82.1162,82.1362,82.1062,82.1262,2012682.0
932,2021-04-21,82.1462,82.1462,82.1262,82.1462,2061005.0
933,2021-04-22,82.1262,82.1362,82.1162,82.1362,4373501.0
934,2021-04-23,82.1462,82.1462,82.1162,82.1162,1535169.0
935,2021-04-26,82.1162,82.1162,82.0962,82.0962,1265841.0
936,2021-04-27,82.1062,82.1062,82.0862,82.0862,1473029.0
937,2021-04-28,82.0962,82.1162,82.0862,82.1062,2032696.0
938,2021-04-29,82.1062,82.1262,82.0962,82.1262,1552872.0
939,2021-04-30,82.1162,82.1362,82.1162,82.1362,2367555.0
940,2021-05-03,82.1284,82.1384,82.1184,82.1284,2910393.0
941,2021-05-04,82.1284,82.1484,82.1284,82.1284,1972896.0
942,2021-05-05,82.1284,82.1484,82.1284,82.1484,1301938.0
943,2021-05-06,82.1584,82.1584,82.1384,82.1484,1981393.0
944,2021-05-07,82.1784,82.1884,82.1684,82.1784,1950378.0
945,2021-05-10,82.1584,82.1684,82.1484,82.1484,2483740.0
946,2021-05-11,82.1484,82.1584,82.1384,82.1384,2629953.0
947,2021-05-12,82.1084,82.1284,82.1084,82.1284,4113077.0
948,2021-05-13,82.1384,82.1484,82.1284,82.1484,5497188.0
949,2021-05-14,82.1484,82.1584,82.1484,82.1484,3836409.0
950,2021-05-17,82.1384,82.1584,82.1384,82.1484,3860982.0
951,2021-05-18,82.1584,82.1584,82.1484,82.1584,3419218.0
952,2021-05-19,82.1684,82.1684,82.1284,82.1284,5213506.0
953,2021-05-20,82.1484,82.1684,82.1384,82.1684,4010986.0
954,2021-05-21,82.1684,82.1684,82.1484,82.1484,1822359.0
955,2021-05-24,82.1584,82.1684,82.1484,82.1684,2565564.0
956,2021-05-25,82.1684,82.1784,82.1584,82.1684,2403859.0
957,2021-05-26,82.1884,82.1884,82.1784,82.1884,1810651.0
958,2021-05-27,82.1784,82.1884,82.1684,82.1884,1257851.0
959,2021-05-28,82.1884,82.1984,82.1784,82.1884,2054734.0
960,2021-06-01,82.1705,82.1905,82.1705,82.1705,2265796.0
961,2021-06-02,82.1905,82.1905,82.1705,82.1805,1235014.0
962,2021-06-03,82.1605,82.1705,82.1505,82.1505,1607825.0
963,2021-06-04,82.1705,82.1805,82.1705,82.1805,2060560.0
964,2021-06-07,82.1705,82.1705,82.1605,82.1705,1240316.0
965,2021-06-08,82.1805,82.1905,82.1805,82.1905,1504358.0
966,2021-06-09,82.2005,82.2005,82.1705,82.1705,2283981.0
967,2021-06-10,82.1705,82.2005,82.1605,82.2005,1736345.0
968,2021-06-11,82.2005,82.2005,82.1805,82.1805,1661231.0
969,2021-06-14,82.1705,82.1805,82.1505,82.1505,3526825.0
970,2021-06-15,82.1605,82.1605,82.1405,82.1405,12066422.0
971,2021-06-16,82.1505,82.1605,82.0505,82.0605,2094794.0
972,2021-06-17,82.0805,82.0805,82.0505,82.0605,2527062.0
973,2021-06-18,82.0005,82.0105,81.9405,81.9905,4317706.0
974,2021-06-21,81.9705,82.0105,81.9605,82.0105,5551353.0
975,2021-06-22,82.0305,82.0605,82.0205,82.0605,2681291.0
976,2021-06-23,82.0505,82.0505,82.0005,82.0005,2761196.0
977,2021-06-24,82.0205,82.0205,82.0005,82.0105,1273539.0
978,2021-06-25,82.0205,82.0205,82.0005,82.0005,1344306.0
979,2021-06-28,82.0205,82.0305,82.0105,82.0305,1484889.0
980,2021-06-29,82.0105,82.0305,82.0105,82.0205,1691246.0
981,2021-06-30,82.0405,82.0405,82.0205,82.0405,2586099.0
982,2021-07-01,82.0337,82.0337,82.0137,82.0237,2227140.0
983,2021-07-02,82.0537,82.0637,82.0337,82.0637,1863438.0
984,2021-07-06,82.0637,82.1037,82.0537,82.0937,3158587.0
985,2021-07-07,82.0837,82.1037,82.0737,82.1037,1722987.0
986,2021-07-08,82.1237,82.1537,82.1237,82.1437,1440827.0
987,2021-07-09,82.1237,82.1337,82.1037,82.1137,1258041.0
988,2021-07-12,82.1037,82.1137,82.0737,82.0937,1270986.0
989,2021-07-13,82.0537,82.0537,82.0237,82.0237,2683316.0
990,2021-07-14,82.0637,82.0837,82.0637,82.0837,1695972.0
991,2021-07-15,82.0937,82.0937,82.0737,82.0937,1396395.0
992,2021-07-16,82.0637,82.1037,82.0537,82.0837,1851597.0
993,2021-07-19,82.1337,82.1737,82.1237,82.1237,9352529.0
994,2021-07-20,82.1737,82.1837,82.1437,82.1637,2405339.0
995,2021-07-21,82.1437,82.1537,82.1237,82.1337,2789486.0
996,2021-07-22,82.1337,82.1537,82.1237,82.1437,2295730.0
997,2021-07-23,82.1337,82.1537,82.1337,82.1537,1386845.0
998,2021-07-26,82.1537,82.1537,82.1337,82.1337,2259181.0
999,2021-07-27,82.1637,82.1637,82.1537,82.1537,1387036.0
1000,2021-07-28,82.1537,82.1737,82.1137,82.1637,2438484.0
1001,2021-07-29,82.1437,82.1637,82.1437,82.1637,1197552.0
1002,2021-07-30,82.1737,82.1837,82.1637,82.1837,2019256.0
1003,2021-08-02,82.1961,82.2261,82.1961,82.2161,3399904.0
1004,2021-08-03,82.2161,82.2261,82.2061,82.2161,1221668.0
1005,2021-08-04,82.2261,82.2461,82.1661,82.1861,1878733.0
1006,2021-08-05,82.1461,82.1561,82.1261,82.1461,1399990.0
1007,2021-08-06,82.1161,82.1261,82.1161,82.1161,2313651.0
1008,2021-08-09,82.1261,82.1361,82.0861,82.0861,1862762.0
1009,2021-08-10,82.0861,82.0961,82.0561,82.0561,1198399.0
1010,2021-08-11,82.0761,82.1061,82.0761,82.0961,1837290.0
1011,2021-08-12,82.0861,82.0961,82.0761,82.0961,1792771.0
1012,2021-08-13,82.0861,82.1161,82.0861,82.1061,1332961.0
1013,2021-08-16,82.1261,82.1461,82.1161,82.1261,1797140.0
1014,2021-08-17,82.1161,82.1361,82.1061,82.1061,1579563.0
1015,2021-08-18,82.1061,82.1261,82.0861,82.1061,2310092.0
1016,2021-08-19,82.1261,82.1261,82.0961,82.1061,1780792.0
1017,2021-08-20,82.1061,82.1161,82.0961,82.1061,1685275.0
1018,2021-08-23,82.0961,82.1061,82.0861,82.1061,1532509.0
1019,2021-08-24,82.1061,82.1061,82.0861,82.0961,1249913.0
1020,2021-08-25,82.1061,82.1061,82.0761,82.0861,1319602.0
1021,2021-08-26,82.0861,82.1061,82.0761,82.0861,2078581.0
1022,2021-08-27,82.0961,82.1461,82.0761,82.1461,2774897.0
1023,2021-08-30,82.1461,82.1761,82.1361,82.1661,1438050.0
1024,2021-08-31,82.1661,82.1661,82.1561,82.1561,2052190.0
1025,2021-09-01,82.1589,82.1589,82.1389,82.1489,1324639.0
1026,2021-09-02,82.1489,82.1589,82.1389,82.1489,1640139.0
1027,2021-09-03,82.1489,82.1589,82.1489,82.1489,1136620.0
1028,2021-09-07,82.1389,82.1389,82.1189,82.1189,1468731.0
1029,2021-09-08,82.1389,82.1489,82.1289,82.1389,1607170.0
1030,2021-09-09,82.1289,82.1589,82.1289,82.1589,1600716.0
1031,2021-09-10,82.1289,82.1489,82.1289,82.1289,1380158.0
1032,2021-09-13,82.1389,82.1489,82.1389,82.1489,1095911.0
1033,2021-09-14,82.1589,82.1689,82.1489,82.1589,1422921.0
1034,2021-09-15,82.1489,82.1589,82.1389,82.1589,1790457.0
1035,2021-09-16,82.1289,82.1389,82.1189,82.1289,1095336.0
1036,2021-09-17,82.1189,82.1189,82.1089,82.1089,2904965.0
1037,2021-09-20,82.1289,82.1389,82.1189,82.1289,2407385.0
1038,2021-09-21,82.1389,82.1589,82.1389,82.1489,1931394.0
1039,2021-09-22,82.1289,82.1389,82.0789,82.0989,1606060.0
1040,2021-09-23,82.0689,82.0789,82.0489,82.0489,2855784.0
1041,2021-09-24,82.0489,82.0589,82.0189,82.0189,1462760.0
1042,2021-09-27,82.0189,82.0289,82.0089,82.0089,1835271.0
1043,2021-09-28,82.0189,82.0289,82.0089,82.0189,2489469.0
1044,2021-09-29,82.0289,82.0489,82.0289,82.0489,3552126.0
1045,2021-09-30,82.0289,82.0689,82.0289,82.0689,4498622.0
1046,2021-10-01,82.0896,82.1096,82.0796,82.1096,3991692.0
1047,2021-10-04,82.0796,82.0896,82.0696,82.0696,12146846.0
1048,2021-10-05,82.0596,82.0696,82.0496,82.0596,3590889.0
1049,2021-10-06,82.0496,82.0496,82.0296,82.0496,3850157.0
1050,2021-10-07,82.0296,82.0296,82.0096,82.0196,2452065.0
1051,2021-10-08,82.0296,82.0296,81.9796,81.9896,1969594.0
1052,2021-10-11,81.9496,81.9696,81.9196,81.9196,2012130.0
1053,2021-10-12,81.9596,81.9696,81.9296,81.9596,1945920.0
1054,2021-10-13,81.9096,81.9396,81.9096,81.9296,2764255.0
1055,2021-10-14,81.9396,81.9496,81.8696,81.9296,3496539.0
1056,2021-10-15,81.8996,81.9196,81.8596,81.8796,2839755.0
1057,2021-10-18,81.8196,81.8496,81.7996,81.8196,2968836.0
1058,2021-10-19,81.8496,81.8696,81.8496,81.8496,1838627.0
1059,2021-10-20,81.8696,81.8796,81.8696,81.8796,2360744.0
1060,2021-10-21,81.8096,81.8196,81.7696,81.7796,2117443.0
1061,2021-10-22,81.7496,81.7596,81.6996,81.7596,3414922.0
1062,2021-10-25,81.7696,81.8096,81.7696,81.7996,1990429.0
1063,2021-10-26,81.7796,81.7896,81.7596,81.7796,2870262.0
1064,2021-10-27,81.7896,81.7996,81.6996,81.7596,4373573.0
1065,2021-10-28,81.7296,81.8096,81.7196,81.7696,2969950.0
1066,2021-10-29,81.7096,81.8096,81.6896,81.7796,3957908.0
1067,2021-11-01,81.7306,81.7606,81.7106,81.7406,5050509.0
1068,2021-11-02,81.8006,81.8406,81.7806,81.8306,2187840.0
1069,2021-11-03,81.8106,81.8306,81.7306,81.8106,3242378.0
1070,2021-11-04,81.8606,81.9306,81.8606,81.8906,3545790.0
1071,2021-11-05,81.8706,81.9406,81.8606,81.9306,2946729.0
1072,2021-11-08,81.8906,81.9006,81.8206,81.8306,2293136.0
1073,2021-11-09,81.8806,81.9006,81.8706,81.8806,1938726.0
1074,2021-11-10,81.7606,81.7806,81.7106,81.7106,5382411.0
1075,2021-11-11,81.6906,81.7006,81.6506,81.6506,1839212.0
1076,2021-11-12,81.7206,81.7406,81.6906,81.7206,3130827.0
1077,2021-11-15,81.7306,81.7306,81.6806,81.7106,2433502.0
1078,2021-11-16,81.6906,81.7206,81.6106,81.7106,1722500.0
1079,2021-11-17,81.7006,81.7406,81.6906,81.7406,1445867.0
1080,2021-11-18,81.7206,81.7506,81.7106,81.7306,1620343.0
1081,2021-11-19,81.8006,81.8206,81.7106,81.7106,2791093.0
1082,2021-11-22,81.6306,81.6506,81.5906,81.6106,3126588.0
1083,2021-11-23,81.6206,81.6406,81.6006,81.6106,2892316.0
1084,2021-11-24,81.5806,81.6006,81.5606,81.5906,1613406.0
1085,2021-11-26,81.7706,81.8306,81.7606,81.7606,2842685.0
1086,2021-11-29,81.7506,81.8006,81.7306,81.8006,3767877.0
1087,2021-11-30,81.8506,81.9006,81.7006,81.7306,6358623.0
1088,2021-12-01,81.6605,81.7405,81.6005,81.7405,10046173.0
1089,2021-12-02,81.6705,81.6805,81.6005,81.6305,4117874.0
1090,2021-12-03,81.5905,81.7005,81.5705,81.6805,2931593.0
1091,2021-12-06,81.6505,81.6605,81.5905,81.6105,4120371.0
1092,2021-12-07,81.5405,81.5505,81.5005,81.5005,4194570.0
1093,2021-12-08,81.4805,81.5305,81.4705,81.5305,2396752.0
1094,2021-12-09,81.5205,81.5505,81.5005,81.5005,1829284.0
1095,2021-12-10,81.5305,81.6005,81.5105,81.5405,1854604.0
1096,2021-12-13,81.5405,81.6105,81.5305,81.5905,2589394.0
1097,2021-12-14,81.5405,81.5705,81.5405,81.5405,3931711.0
1098,2021-12-15,81.5305,81.5705,81.4605,81.5705,5859777.0
1099,2021-12-16,81.5886,81.6386,81.5886,81.6386,2523491.0
1100,2021-12-17,81.6286,81.6586,81.5786,81.5986,2459279.0
1101,2021-12-20,81.6486,81.6786,81.6186,81.6186,5130629.0
1102,2021-12-21,81.5786,81.5886,81.5386,81.5686,2031688.0
1103,2021-12-22,81.5686,81.5786,81.5386,81.5586,3726037.0
1104,2021-12-23,81.5586,81.5586,81.5286,81.5486,1919845.0
1105,2021-12-27,81.4986,81.5186,81.4886,81.5186,2270689.0
1106,2021-12-28,81.5186,81.5386,81.5086,81.5186,3464825.0
1107,2021-12-29,81.5086,81.5286,81.4986,81.5086,3110290.0
1108,2021-12-30,81.5186,81.5586,81.5086,81.5586,1619090.0
1109,2021-12-31,81.5686,81.5786,81.5186,81.5486,2649465.0
1110,2022-01-03,81.4586,81.4686,81.4286,81.4486,5301662.0
1111,2022-01-04,81.4486,81.4986,81.4486,81.4986,2759359.0
1112,2022-01-05,81.4686,81.4686,81.3786,81.3886,2851916.0
1113,2022-01-06,81.3386,81.3486,81.2986,81.3186,3526928.0
1114,2022-01-07,81.2886,81.3286,81.2686,81.2986,2657971.0
1115,2022-01-10,81.2786,81.2886,81.2486,81.2486,4347337.0
1116,2022-01-11,81.1986,81.2786,81.1886,81.2786,15869293.0
1117,2022-01-12,81.2886,81.2886,81.2486,81.2486,7286233.0
1118,2022-01-13,81.2686,81.2986,81.2586,81.2886,3739129.0
1119,2022-01-14,81.2586,81.2586,81.1786,81.1786,2064754.0
1120,2022-01-18,81.0986,81.1086,81.0386,81.0486,3259277.0
1121,2022-01-19,81.0786,81.1286,81.0786,81.0886,3753507.0
1122,2022-01-20,81.0786,81.0886,81.0586,81.0686,2762389.0
1123,2022-01-21,81.1586,81.1786,81.1286,81.1386,5322832.0
1124,2022-01-24,81.1786,81.2486,81.1586,81.1886,7835751.0
1125,2022-01-25,81.1986,81.2186,81.1486,81.1486,4657143.0
1126,2022-01-26,81.1586,81.1886,80.9786,80.9986,10878921.0
1127,2022-01-27,80.9286,80.9686,80.9086,80.9286,7524880.0
1128,2022-01-28,80.9286,80.9786,80.9186,80.9586,4613203.0
1129,2022-01-31,80.9386,80.9786,80.9086,80.9586,7218464.0
1130,2022-02-01,80.9719,80.9819,80.9019,80.9519,13138482.0
1131,2022-02-02,80.9719,81.0019,80.9619,80.9719,5491978.0
1132,2022-02-03,80.9319,80.9319,80.8819,80.9019,3620762.0
1133,2022-02-04,80.7819,80.7819,80.6919,80.7319,9404747.0
1134,2022-02-07,80.7519,80.7619,80.7119,80.7519,3555672.0
1135,2022-02-08,80.7119,80.7219,80.6619,80.6619,14355624.0
1136,2022-02-09,80.6919,80.7019,80.6419,80.6519,2976858.0
1137,2022-02-10,80.4819,80.4919,80.2219,80.2219,5892030.0
1138,2022-02-11,80.3619,80.4819,80.2819,80.4819,5432391.0
1139,2022-02-14,80.3119,80.3619,80.2519,80.3019,4375551.0
1140,2022-02-15,80.3019,80.3519,80.2819,80.3319,2127656.0
1141,2022-02-16,80.3619,80.4519,80.3419,80.4419,3335203.0
1142,2022-02-17,80.4419,80.4919,80.4319,80.4919,4442939.0
1143,2022-02-18,80.5219,80.5519,80.4719,80.5019,2459411.0
1144,2022-02-22,80.4519,80.4719,80.3919,80.4219,3487307.0
1145,2022-02-23,80.3919,80.4219,80.3519,80.3719,4258702.0
1146,2022-02-24,80.5519,80.5719,80.4219,80.4419,4573638.0
1147,2022-02-25,80.4019,80.4419,80.3519,80.4419,4279075.0
1148,2022-02-28,80.5919,80.6619,80.5819,80.5919,5265329.0
1149,2022-03-01,80.7673,80.9173,80.7473,80.7873,7383625.0
1150,2022-03-02,80.6573,80.6673,80.4873,80.5073,5250814.0
1151,2022-03-03,80.4973,80.5473,80.4573,80.5073,6877437.0
1152,2022-03-04,80.5873,80.6573,80.5773,80.5973,2880559.0
1153,2022-03-07,80.5173,80.5673,80.4873,80.4873,6302925.0
1154,2022-03-08,80.4373,80.4673,80.3573,80.3773,5585666.0
1155,2022-03-09,80.3173,80.3473,80.2873,80.3273,4988869.0
1156,2022-03-10,80.2573,80.2673,80.2173,80.2573,4780295.0
1157,2022-03-11,80.2273,80.2373,80.1773,80.2273,2620755.0
1158,2022-03-14,80.0873,80.1073,80.0073,80.0073,3874949.0
1159,2022-03-15,80.1373,80.1473,80.0273,80.0373,4999891.0
1160,2022-03-16,80.0173,80.0373,79.8173,79.9573,5365115.0
1161,2022-03-17,79.9173,79.9573,79.8973,79.9273,4453353.0
1162,2022-03-18,79.8873,79.9273,79.8773,79.9073,4946591.0
1163,2022-03-21,79.7973,79.8173,79.6173,79.6273,5342635.0
1164,2022-03-22,79.5373,79.5973,79.5173,79.5673,2931532.0
1165,2022-03-23,79.6173,79.6673,79.5773,79.6373,4184426.0
1166,2022-03-24,79.6073,79.6273,79.5573,79.6173,3311324.0
1167,2022-03-25,79.4973,79.4973,79.3273,79.3873,4601848.0
1168,2022-03-28,79.3373,79.3773,79.3073,79.3073,2991200.0
1169,2022-03-29,79.3373,79.3973,79.2873,79.3473,4640391.0
1170,2022-03-30,79.3373,79.4273,79.3273,79.4073,5826578.0
1171,2022-03-31,79.4373,79.4773,79.3973,79.4073,5328845.0
1172,2022-04-01,79.2236,79.2836,79.2036,79.2336,10292290.0
1173,2022-04-04,79.2636,79.2936,79.2136,79.2836,5015497.0
1174,2022-04-05,79.2336,79.2336,79.1136,79.1336,4694608.0
1175,2022-04-06,79.1036,79.2836,79.0836,79.1936,7479724.0
1176,2022-04-07,79.2536,79.3036,79.2136,79.2536,6184464.0
1177,2022-04-08,79.1436,79.2136,79.1436,79.1536,4539486.0
1178,2022-04-11,79.1236,79.2036,79.1136,79.1736,6705364.0
1179,2022-04-12,79.3036,79.4036,79.2836,79.3836,5658788.0
1180,2022-04-13,79.4536,79.5536,79.4036,79.4236,4808149.0
1181,2022-04-14,79.3536,79.3736,79.2536,79.2736,4336224.0
1182,2022-04-18,79.2936,79.3036,79.2536,79.2736,4100176.0
1183,2022-04-19,79.1736,79.2036,79.0636,79.0836,5810975.0
1184,2022-04-20,79.0936,79.1436,79.0736,79.1336,6121816.0
1185,2022-04-21,79.0436,79.0436,78.9136,78.9936,7119572.0
1186,2022-04-22,78.8536,79.0136,78.8536,78.9736,5425972.0
1187,2022-04-25,79.1436,79.2536,79.0836,79.1036,5772388.0
1188,2022-04-26,79.2336,79.2736,79.1936,79.2536,6670631.0
1189,2022-04-27,79.3036,79.3136,79.1736,79.2136,8770879.0
1190,2022-04-28,79.1436,79.1636,79.0736,79.1536,4676407.0
1191,2022-04-29,78.9836,79.0736,78.9836,78.9936,8047379.0
1192,2022-05-02,79.0072,79.0272,78.9672,78.9872,10907534.0
1193,2022-05-03,79.0172,79.0372,78.9172,78.9472,7556831.0
1194,2022-05-04,78.8572,79.1772,78.8072,79.1672,11388116.0
1195,2022-05-05,79.0672,79.0872,78.9772,79.0272,6415686.0
1196,2022-05-06,79.0272,79.1372,78.9972,79.0172,6375093.0
1197,2022-05-09,79.1372,79.2472,79.1272,79.2272,6956201.0
1198,2022-05-10,79.2472,79.2672,79.1672,79.1772,10070054.0
1199,2022-05-11,79.1172,79.2272,79.0572,79.1872,7797949.0
1200,2022-05-12,79.2772,79.3772,79.2472,79.3072,5231402.0
1201,2022-05-13,79.2472,79.2772,79.2072,79.2772,5002605.0
1202,2022-05-16,79.3072,79.3672,79.2972,79.3272,4515807.0
1203,2022-05-17,79.1672,79.2472,79.1272,79.1472,3569194.0
1204,2022-05-18,79.1172,79.2472,79.1072,79.1872,3613849.0
1205,2022-05-19,79.3572,79.3572,79.2772,79.3072,4523470.0
1206,2022-05-20,79.3172,79.4272,79.2972,79.3672,4869598.0
1207,2022-05-23,79.3572,79.3772,79.2972,79.3272,3648104.0
1208,2022-05-24,79.3972,79.5572,79.3872,79.5172,4830058.0
1209,2022-05-25,79.6072,79.6172,79.5272,79.5772,3377227.0
1210,2022-05-26,79.6472,79.6672,79.5672,79.5972,5493244.0
1211,2022-05-27,79.6272,79.6372,79.5772,79.6172,6058594.0
1212,2022-05-31,79.5272,79.5272,79.4572,79.4872,8198071.0
1213,2022-06-01,79.4419,79.4719,79.3019,79.3319,10980923.0
1214,2022-06-02,79.3619,79.3819,79.3119,79.3519,5243187.0
1215,2022-06-03,79.3019,79.3419,79.3019,79.3219,3223994.0
1216,2022-06-06,79.2819,79.2819,79.2119,79.2119,3584906.0
1217,2022-06-07,79.2519,79.2819,79.2119,79.2219,3944931.0
1218,2022-06-08,79.1919,79.2119,79.1619,79.1619,4133134.0
1219,2022-06-09,79.1319,79.1619,79.0819,79.1019,5332587.0
1220,2022-06-10,78.9219,78.9419,78.7519,78.7519,6124187.0
1221,2022-06-13,78.5119,78.5419,78.2119,78.3319,8794531.0
1222,2022-06-14,78.3519,78.3819,78.1419,78.1719,8106250.0
1223,2022-06-15,78.3319,78.5419,78.2019,78.4919,9018311.0
1224,2022-06-16,78.3919,78.6319,78.3619,78.6019,8076511.0
1225,2022-06-17,78.6319,78.6419,78.4919,78.5819,8188856.0
1226,2022-06-21,78.5319,78.5619,78.5119,78.5519,5443795.0
1227,2022-06-22,78.7319,78.7919,78.7119,78.7919,4110740.0
1228,2022-06-23,78.9419,79.0619,78.8519,78.8619,6229397.0
1229,2022-06-24,78.8119,78.9319,78.7919,78.8419,6103315.0
1230,2022-06-27,78.7519,78.8219,78.6819,78.7519,7376450.0
1231,2022-06-28,78.7119,78.7419,78.6919,78.7319,4399549.0
1232,2022-06-29,78.7319,78.8419,78.7219,78.8319,4170781.0
1233,2022-06-30,78.9619,79.0519,78.9419,78.9919,16742622.0
1234,2022-07-01,79.2009,79.3509,79.1709,79.2409,9559309.0
1235,2022-07-05,79.2509,79.2909,79.2109,79.2309,9888833.0
1236,2022-07-06,79.2509,79.2509,78.9909,79.0009,4883847.0
1237,2022-07-07,79.0009,79.0009,78.8909,78.9409,4906256.0
1238,2022-07-08,78.8609,78.8709,78.8009,78.8409,3249139.0
1239,2022-07-11,78.9209,78.9709,78.8609,78.8709,16663803.0
1240,2022-07-12,78.9709,79.0109,78.9009,78.9109,6373119.0
1241,2022-07-13,78.7209,78.9209,78.7109,78.8209,11769769.0
1242,2022-07-14,78.6609,78.8509,78.6209,78.7909,6656828.0
1243,2022-07-15,78.7809,78.9109,78.7709,78.8509,5961533.0
1244,2022-07-18,78.8009,78.8209,78.7509,78.8009,2608178.0
1245,2022-07-19,78.8109,78.8209,78.7009,78.7109,9115181.0
1246,2022-07-20,78.7909,78.7909,78.6909,78.7009,5453773.0
1247,2022-07-21,78.8209,78.9509,78.8009,78.9309,5850141.0
1248,2022-07-22,79.1009,79.2309,79.0909,79.1409,6038120.0
1249,2022-07-25,79.0709,79.1109,79.0509,79.0709,20449493.0
1250,2022-07-26,79.1509,79.1609,79.0309,79.0309,2854610.0
1251,2022-07-27,79.0509,79.1909,79.0109,79.1609,7051604.0
1252,2022-07-28,79.3609,79.3809,79.2909,79.3409,5573729.0
1253,2022-07-29,79.2809,79.3709,79.2609,79.3309,5546072.0
1254,2022-08-01,79.3292,79.3492,79.2692,79.3292,6463002.0
1255,2022-08-02,79.3192,79.3392,79.0392,79.0392,14265332.0
1256,2022-08-03,79.0192,79.0692,78.8792,79.0692,6485460.0
1257,2022-08-04,79.0892,79.1992,79.0592,79.1792,5411514.0
1258,2022-08-05,78.8692,78.9092,78.8192,78.8392,5049734.0
1259,2022-08-08,78.8992,78.9292,78.8792,78.9192,6868912.0
1260,2022-08-09,78.8492,78.8592,78.8092,78.8392,3742069.0
1261,2022-08-10,79.0392,79.0892,78.9092,78.9192,6821137.0
1262,2022-08-11,79.0292,79.0592,78.8892,78.8892,4071464.0
1263,2022-08-12,78.9792,78.9892,78.8792,78.9092,4782933.0
1264,2022-08-15,78.9892,79.0192,78.9592,78.9792,17015904.0
1265,2022-08-16,78.9592,78.9592,78.8992,78.9092,3249314.0
1266,2022-08-17,78.7892,78.8592,78.7592,78.8392,4162356.0
1267,2022-08-18,78.9292,78.9792,78.8892,78.9592,3648304.0
1268,2022-08-19,78.8792,78.9092,78.8492,78.8992,4519402.0
1269,2022-08-22,78.8292,78.8592,78.7692,78.7892,3739665.0
1270,2022-08-23,78.8092,78.9392,78.7792,78.8292,4227567.0
1271,2022-08-24,78.7992,78.8192,78.7392,78.7392,4551754.0
1272,2022-08-25,78.8092,78.8292,78.7692,78.7892,3026428.0
1273,2022-08-26,78.7792,78.8192,78.7092,78.7692,4304031.0
1274,2022-08-29,78.7492,78.7592,78.6992,78.7092,3656122.0
1275,2022-08-30,78.6892,78.7292,78.6192,78.6692,4626174.0
1276,2022-08-31,78.6792,78.7192,78.6392,78.6592,5424183.0
1277,2022-09-01,78.6097,78.6597,78.5397,78.5997,6728667.0
1278,2022-09-02,78.7597,78.8097,78.7097,78.7797,4105999.0
1279,2022-09-06,78.6597,78.6697,78.5997,78.5997,4991782.0
1280,2022-09-07,78.6497,78.7197,78.6297,78.7197,4425388.0
1281,2022-09-08,78.6697,78.6897,78.6097,78.6197,4979988.0
1282,2022-09-09,78.6197,78.6497,78.5197,78.5497,4072276.0
1283,2022-09-12,78.5997,78.6097,78.5197,78.5397,3139529.0
1284,2022-09-13,78.2897,78.3197,78.2097,78.2597,6543635.0
1285,2022-09-14,78.1897,78.2597,78.1797,78.1897,4744769.0
1286,2022-09-15,78.1397,78.1597,78.0997,78.0997,3592065.0
1287,2022-09-16,78.0697,78.1697,78.0597,78.1397,4366214.0
1288,2022-09-19,78.0197,78.0697,77.9997,78.0497,4378218.0
1289,2022-09-20,78.0097,78.1397,77.9797,78.0097,15975377.0
1290,2022-09-21,78.0097,78.0197,77.7897,77.9397,4475828.0
1291,2022-09-22,77.8497,77.8597,77.7497,77.7897,6605144.0
1292,2022-09-23,77.7897,77.8097,77.6697,77.6897,10192885.0
1293,2022-09-26,77.6497,77.6697,77.4697,77.5097,6145811.0
1294,2022-09-27,77.5797,77.5897,77.4797,77.5097,15088336.0
1295,2022-09-28,77.7697,77.8597,77.6997,77.8597,7793393.0
1296,2022-09-29,77.7197,77.7797,77.6697,77.7497,4735025.0
1297,2022-09-30,77.7597,77.8197,77.6497,77.6797,8447051.0
1298,2022-10-03,77.8477,77.9877,77.8077,77.8577,8906618.0
1299,2022-10-04,77.9077,77.9877,77.8677,77.8877,6219934.0
1300,2022-10-05,77.8077,77.8377,77.7377,77.8077,7175990.0
1301,2022-10-06,77.8077,77.8177,77.7077,77.7077,5100225.0
1302,2022-10-07,77.6377,77.6577,77.6077,77.6077,4619019.0
1303,2022-10-10,77.6177,77.6277,77.5377,77.5777,2934870.0
1304,2022-10-11,77.6477,77.6977,77.6177,77.6177,3836480.0
1305,2022-10-12,77.6377,77.7077,77.6277,77.6977,8787628.0
1306,2022-10-13,77.3777,77.5577,77.3677,77.4577,5751582.0
1307,2022-10-14,77.5577,77.5677,77.3977,77.4177,5509629.0
1308,2022-10-17,77.5577,77.5677,77.4977,77.5077,4013758.0
1309,2022-10-18,77.5877,77.5977,77.4977,77.5477,7012036.0
1310,2022-10-19,77.4277,77.4577,77.3877,77.3977,4349128.0
1311,2022-10-20,77.3477,77.3977,77.3077,77.3077,5797367.0
1312,2022-10-21,77.4077,77.5677,77.3777,77.5177,5180332.0
1313,2022-10-24,77.4777,77.5477,77.4477,77.4977,3680136.0
1314,2022-10-25,77.6177,77.6677,77.5577,77.5777,5113377.0
1315,2022-10-26,77.5977,77.6877,77.5877,77.6477,6040310.0
1316,2022-10-27,77.7377,77.8277,77.6977,77.8177,4010979.0
1317,2022-10-28,77.7177,77.7677,77.6677,77.6977,4464054.0
1318,2022-10-31,77.5877,77.6077,77.5377,77.5777,6845902.0
1319,2022-11-01,77.6984,77.7084,77.4984,77.4984,5349712.0
1320,2022-11-02,77.5484,77.6784,77.4084,77.4584,5714675.0
1321,2022-11-03,77.2784,77.3584,77.2784,77.3084,4834041.0
1322,2022-11-04,77.3484,77.4284,77.2884,77.3984,4347219.0
1323,2022-11-07,77.3584,77.3584,77.3184,77.3284,4391384.0
1324,2022-11-08,77.3684,77.4284,77.3584,77.4084,7092232.0
1325,2022-11-09,77.4384,77.5584,77.4184,77.5384,4587821.0
1326,2022-11-10,77.8884,78.0084,77.8784,77.9784,6631597.0
1327,2022-11-11,77.9084,77.9984,77.8884,77.9584,4246001.0
1328,2022-11-14,77.8784,77.8884,77.8284,77.8884,7192136.0
1329,2022-11-15,77.9684,77.9784,77.8984,77.9684,21231256.0
1330,2022-11-16,78.0084,78.0184,77.9584,77.9784,8253337.0
1331,2022-11-17,77.9084,77.9084,77.8384,77.8784,5450031.0
1332,2022-11-18,77.8684,77.8984,77.7884,77.7884,4372572.0
1333,2022-11-21,77.8484,77.8584,77.7584,77.7684,3436027.0
1334,2022-11-22,77.8184,77.8384,77.7784,77.8284,3421519.0
1335,2022-11-23,77.8184,77.9184,77.7984,77.8984,4070983.0
1336,2022-11-25,77.8784,77.9184,77.8684,77.9084,1539026.0
1337,2022-11-28,77.9284,77.9684,77.9084,77.9284,4330165.0
1338,2022-11-29,77.9284,77.9484,77.8984,77.8984,4708505.0
1339,2022-11-30,77.8584,78.1384,77.8284,78.1384,10368915.0
1340,2022-12-01,78.1838,78.3138,78.1538,78.3138,23602259.0
1341,2022-12-02,78.1738,78.3038,78.1238,78.2938,5163373.0
1342,2022-12-05,78.2038,78.2138,78.0638,78.0638,6591465.0
1343,2022-12-06,78.1138,78.1738,78.0938,78.1538,4237259.0
1344,2022-12-07,78.2538,78.3338,78.2338,78.3238,5160379.0
1345,2022-12-08,78.2738,78.3038,78.2338,78.2438,4121093.0
1346,2022-12-09,78.2338,78.2838,78.2038,78.2038,4623409.0
1347,2022-12-12,78.2438,78.2538,78.1238,78.1538,4593832.0
1348,2022-12-13,78.4738,78.5038,78.3738,78.3938,5790798.0
1349,2022-12-14,78.4638,78.5038,78.3138,78.4038,5651652.0
1350,2022-12-15,78.4545,78.4645,78.3745,78.4145,6163276.0
1351,2022-12-16,78.3645,78.5445,78.3545,78.4945,3987731.0
1352,2022-12-19,78.4645,78.4645,78.3945,78.3945,4845797.0
1353,2022-12-20,78.3545,78.4145,78.3345,78.3945,3735582.0
1354,2022-12-21,78.4845,78.4945,78.4445,78.4745,5219359.0
1355,2022-12-22,78.4545,78.5145,78.4245,78.4245,6612801.0
1356,2022-12-23,78.3745,78.4045,78.3645,78.3845,2737223.0
1357,2022-12-27,78.3145,78.3245,78.2245,78.2745,3969636.0
1358,2022-12-28,78.2945,78.3145,78.2745,78.2745,4308903.0
1359,2022-12-29,78.3245,78.3445,78.2945,78.3345,4149238.0
1360,2022-12-30,78.2645,78.3345,78.2245,78.2345,6051634.0
1361,2023-01-03,78.3545,78.3645,78.2745,78.3045,7190486.0
1362,2023-01-04,78.4245,78.4445,78.3445,78.3845,4098487.0
1363,2023-01-05,78.2445,78.3145,78.2145,78.2745,4879267.0
1364,2023-01-06,78.3545,78.5945,78.3245,78.5845,6357598.0
1365,2023-01-09,78.5945,78.6845,78.5945,78.6645,6204760.0
1366,2023-01-10,78.5945,78.6145,78.5445,78.5945,3993045.0
1367,2023-01-11,78.5945,78.6745,78.5845,78.6645,6779692.0
1368,2023-01-12,78.8045,78.8545,78.7445,78.8445,5571066.0
1369,2023-01-13,78.7845,78.8245,78.6845,78.7045,4546529.0
1370,2023-01-17,78.7245,78.7845,78.7145,78.7545,5843408.0
1371,2023-01-18,78.9245,78.9545,78.8945,78.9345,4551591.0
1372,2023-01-19,78.9245,78.9445,78.8845,78.9145,4791768.0
1373,2023-01-20,78.8345,78.8545,78.7945,78.8445,4042219.0
1374,2023-01-23,78.7945,78.8145,78.7445,78.7645,5559304.0
1375,2023-01-24,78.7645,78.8245,78.7345,78.7945,4179169.0
1376,2023-01-25,78.8245,78.8745,78.8145,78.8445,3169430.0
1377,2023-01-26,78.8245,78.8445,78.7845,78.7945,5417000.0
1378,2023-01-27,78.7745,78.7945,78.7545,78.7945,3822679.0
1379,2023-01-30,78.7345,78.7345,78.7045,78.7145,6446172.0
1380,2023-01-31,78.8045,78.8645,78.7545,78.8645,7241118.0
1381,2023-02-01,78.8569,79.0069,78.7469,79.0069,8447441.0
1382,2023-02-02,79.0669,79.0769,78.9869,79.0169,10328777.0
1383,2023-02-03,78.8169,78.8469,78.7169,78.7169,7167469.0
1384,2023-02-06,78.5669,78.5969,78.4869,78.4869,4078961.0
1385,2023-02-07,78.5469,78.6369,78.4869,78.5269,4899954.0
1386,2023-02-08,78.5469,78.5769,78.5069,78.5569,5112674.0
1387,2023-02-09,78.5969,78.6069,78.4769,78.4969,4328568.0
1388,2023-02-10,78.5269,78.5369,78.4569,78.4569,5046285.0
1389,2023-02-13,78.4269,78.4769,78.4269,78.4769,4916346.0
1390,2023-02-14,78.3769,78.4169,78.3069,78.3069,7889637.0
1391,2023-02-15,78.3169,78.3569,78.2969,78.3169,5026263.0
1392,2023-02-16,78.3369,78.3869,78.2969,78.3269,6081591.0
1393,2023-02-17,78.3169,78.3969,78.2969,78.3969,3773902.0
1394,2023-02-21,78.2969,78.3169,78.2369,78.2369,6391392.0
1395,2023-02-22,78.2969,78.3269,78.2569,78.2769,3889568.0
1396,2023-02-23,78.3069,78.3369,78.2669,78.3269,4072877.0
1397,2023-02-24,78.1969,78.2069,78.1269,78.1569,4189647.0
1398,2023-02-27,78.2169,78.2269,78.1869,78.2269,3246623.0
1399,2023-02-28,78.1769,78.2269,78.1469,78.2069,3978259.0
1400,2023-03-01,78.1392,78.1692,78.0492,78.0592,5386141.0
1401,2023-03-02,78.0392,78.0992,78.0192,78.0892,6634436.0
1402,2023-03-03,78.1492,78.1492,78.0592,78.1392,6045081.0
1403,2023-03-06,78.1792,78.1792,78.0892,78.0992,3862477.0
1404,2023-03-07,78.1292,78.1392,77.9192,77.9292,6748749.0
1405,2023-03-08,77.9692,78.0092,77.8592,77.8892,7627859.0
1406,2023-03-09,78.0292,78.1692,78.0092,78.1492,6480303.0
1407,2023-03-10,78.4692,78.5992,78.3792,78.5892,10588619.0
1408,2023-03-13,79.2292,79.4292,79.0692,79.3992,12061390.0
1409,2023-03-14,79.0592,79.1892,78.8692,79.0892,18453087.0
1410,2023-03-15,79.6292,79.7892,79.3892,79.5692,13411610.0
1411,2023-03-16,79.6192,79.6692,79.1992,79.2392,8525355.0
1412,2023-03-17,79.3892,79.7492,79.3792,79.6492,8629668.0
1413,2023-03-20,79.7292,79.7492,79.4692,79.5492,4907862.0
1414,2023-03-21,79.2892,79.3792,79.2192,79.2392,4840908.0
1415,2023-03-22,79.2092,79.6392,79.1592,79.6192,8003583.0
1416,2023-03-23,79.6792,79.8992,79.6192,79.8592,4930753.0
1417,2023-03-24,80.0792,80.1192,79.8492,79.8992,8638814.0
1418,2023-03-27,79.6092,79.6692,79.5292,79.5492,3942522.0
1419,2023-03-28,79.4892,79.5192,79.4292,79.4592,9564942.0
1420,2023-03-29,79.3792,79.4792,79.3692,79.4292,4047538.0
1421,2023-03-30,79.3492,79.4392,79.3492,79.4392,4077273.0
1422,2023-03-31,79.4092,79.5392,79.3892,79.5392,6451523.0
1423,2023-04-03,79.4594,79.6394,79.4294,79.6394,9610777.0
1424,2023-04-04,79.5594,79.8594,79.5594,79.8294,4905457.0
1425,2023-04-05,79.9994,80.1694,79.9294,79.9394,7535529.0
1426,2023-04-06,79.9494,79.9994,79.8894,79.9094,4666766.0
1427,2023-04-10,79.6594,79.6794,79.6094,79.6194,3702256.0
1428,2023-04-11,79.6594,79.6594,79.5394,79.6094,2725396.0
1429,2023-04-12,79.7394,79.7594,79.6394,79.6994,6091323.0
1430,2023-04-13,79.8194,79.8594,79.7294,79.7494,3350603.0
1431,2023-04-14,79.6094,79.6094,79.5194,79.5594,3160990.0
1432,2023-04-17,79.4894,79.4994,79.4094,79.4394,3293305.0
1433,2023-04-18,79.4394,79.4994,79.3994,79.4194,3581232.0
1434,2023-04-19,79.3994,79.4094,79.3394,79.3494,5923218.0
1435,2023-04-20,79.5194,79.5594,79.4994,79.5494,4592456.0
1436,2023-04-21,79.6294,79.6394,79.4894,79.4994,3348285.0
1437,2023-04-24,79.5494,79.6094,79.5494,79.5894,1906015.0
1438,2023-04-25,79.7394,79.9394,79.7294,79.9094,3373412.0
1439,2023-04-26,79.9094,79.9194,79.7494,79.8094,4804208.0
1440,2023-04-27,79.7094,79.7394,79.6094,79.6494,3452234.0
1441,2023-04-28,79.7194,79.7394,79.6594,79.7394,4325276.0
1442,2023-05-01,79.6506,79.6506,79.5506,79.5606,3339703.0
1443,2023-05-02,79.5906,79.8906,79.5806,79.8306,5394075.0
1444,2023-05-03,79.8906,80.0406,79.8606,80.0306,4568795.0
1445,2023-05-04,80.0306,80.3506,80.0306,80.1606,8624945.0
1446,2023-05-05,80.0206,80.0306,79.9206,79.9606,3375175.0
1447,2023-05-08,79.8506,79.9206,79.8306,79.8306,3166686.0
1448,2023-05-09,79.8306,79.8406,79.7706,79.8106,4479296.0
1449,2023-05-10,79.9306,80.0606,79.9106,80.0106,4931833.0
1450,2023-05-11,80.1706,80.1806,80.0406,80.0606,7866510.0
1451,2023-05-12,80.0406,80.0606,79.9106,79.9206,8635320.0
1452,2023-05-15,79.9206,79.9406,79.9006,79.9306,3605129.0
1453,2023-05-16,79.8706,79.8906,79.7706,79.8306,6905300.0
1454,2023-05-17,79.8106,79.8206,79.7006,79.7406,4660258.0
1455,2023-05-18,79.6406,79.6706,79.5706,79.5906,4385677.0
1456,2023-05-19,79.5306,79.6906,79.4706,79.5306,5650339.0
1457,2023-05-22,79.5506,79.6106,79.4806,79.5006,4024306.0
1458,2023-05-23,79.4506,79.5206,79.4106,79.4906,8964030.0
1459,2023-05-24,79.5006,79.5106,79.3706,79.3906,5761402.0
1460,2023-05-25,79.3206,79.3706,79.2006,79.2106,7552796.0
1461,2023-05-26,79.1606,79.2006,79.0806,79.1906,3728673.0
1462,2023-05-30,79.2206,79.3606,79.1906,79.3506,4441842.0
1463,2023-05-31,79.3906,79.4706,79.3406,79.4306,7230436.0
1464,2023-06-01,79.4976,79.5876,79.4876,79.5576,5119302.0
1465,2023-06-02,79.4676,79.4776,79.2876,79.3276,9465259.0
1466,2023-06-05,79.2576,79.4376,79.2276,79.3476,5934141.0
1467,2023-06-06,79.3476,79.3676,79.2876,79.3076,4313384.0
1468,2023-06-07,79.2976,79.3276,79.1976,79.2476,6869424.0
1469,2023-06-08,79.3576,79.4176,79.3276,79.3776,4306569.0
1470,2023-06-09,79.2976,79.2976,79.2276,79.2276,4022447.0
1471,2023-06-12,79.2876,79.2976,79.2276,79.2976,3825100.0
1472,2023-06-13,79.3876,79.3876,79.1176,79.1476,4872372.0
1473,2023-06-14,79.2376,79.2576,78.9876,79.0976,6175913.0
1474,2023-06-15,79.2376,79.2776,79.1976,79.2676,6384579.0
1475,2023-06-16,79.1276,79.1876,79.0676,79.1576,5079927.0
1476,2023-06-20,79.1676,79.2476,79.1676,79.1876,4788576.0
1477,2023-06-21,79.1376,79.2276,79.1276,79.1876,20688492.0
1478,2023-06-22,79.1676,79.2076,79.0876,79.0976,4198741.0
1479,2023-06-23,79.2476,79.2776,79.1376,79.1676,3892852.0
1480,2023-06-26,79.2376,79.2476,79.1776,79.2276,3101525.0
1481,2023-06-27,79.2176,79.2576,79.0876,79.1076,3574268.0
1482,2023-06-28,79.1476,79.1976,79.0976,79.1976,4298898.0
1483,2023-06-29,79.0076,79.0176,78.9676,78.9976,4646447.0
1484,2023-06-30,79.0276,79.0376,78.9776,79.0276,6958746.0
1485,2023-07-03,78.9736,79.0636,78.9236,78.9336,3600003.0
1486,2023-07-05,78.9936,78.9936,78.9036,78.9136,6045824.0
1487,2023-07-06,78.7936,78.8736,78.7036,78.8636,8591950.0
1488,2023-07-07,78.9236,79.0236,78.9136,78.9536,3944092.0
1489,2023-07-10,78.9936,79.0936,78.9836,79.0736,2857982.0
1490,2023-07-11,79.0636,79.0936,79.0436,79.0636,3659394.0
1491,2023-07-12,79.2736,79.3336,79.2536,79.3036,5069027.0
1492,2023-07-13,79.4736,79.5336,79.4336,79.5336,4954767.0
1493,2023-07-14,79.4236,79.4536,79.3236,79.3236,4248948.0
1494,2023-07-17,79.3636,79.3836,79.3236,79.3536,4027909.0
1495,2023-07-18,79.4336,79.4636,79.3436,79.3536,2590749.0
1496,2023-07-19,79.4036,79.4236,79.3436,79.3836,7015793.0
1497,2023-07-20,79.2836,79.3036,79.2236,79.2836,8745735.0
1498,2023-07-21,79.2936,79.3136,79.2536,79.2936,3891857.0
1499,2023-07-24,79.3036,79.3236,79.1936,79.1936,4127302.0
1500,2023-07-25,79.1636,79.1936,79.1436,79.1836,3275705.0
1501,2023-07-26,79.2136,79.2936,79.1436,79.2636,4339683.0
1502,2023-07-27,79.2236,79.2436,79.1336,79.1436,5591581.0
1503,2023-07-28,79.2336,79.2736,79.2036,79.2536,6008612.0
1504,2023-07-31,79.2336,79.3036,79.2336,79.2736,4074260.0
1505,2023-08-01,79.2355,79.2755,79.1955,79.2055,4958075.0
1506,2023-08-02,79.2455,79.2655,79.1755,79.2455,4046444.0
1507,2023-08-03,79.2555,79.3055,79.2255,79.2755,4110097.0
1508,2023-08-04,79.3655,79.4555,79.3655,79.4355,3590389.0
1509,2023-08-07,79.4355,79.4855,79.4255,79.4655,10383840.0
1510,2023-08-08,79.4855,79.5255,79.4655,79.5055,3016999.0
1511,2023-08-09,79.4955,79.5255,79.4455,79.4555,3198250.0
1512,2023-08-10,79.4955,79.5455,79.4155,79.4155,3867878.0
1513,2023-08-11,79.3455,79.3955,79.3255,79.3355,3596078.0
1514,2023-08-14,79.2855,79.3155,79.2555,79.2655,3217260.0
1515,2023-08-15,79.2955,79.3655,79.2755,79.2955,4782054.0
1516,2023-08-16,79.3255,79.3555,79.2555,79.2555,3794252.0
1517,2023-08-17,79.3455,79.3655,79.2755,79.3455,6059391.0
1518,2023-08-18,79.3755,79.4155,79.3555,79.3755,3090613.0
1519,2023-08-21,79.3255,79.3355,79.2855,79.2855,2642387.0
1520,2023-08-22,79.2755,79.2955,79.2455,79.2455,2734522.0
1521,2023-08-23,79.3455,79.4255,79.3455,79.3955,5508952.0
1522,2023-08-24,79.3455,79.4055,79.3355,79.3455,3653069.0
1523,2023-08-25,79.3155,79.3655,79.2455,79.2955,4682313.0
1524,2023-08-28,79.3055,79.3455,79.2755,79.3455,2798341.0
1525,2023-08-29,79.3055,79.5255,79.3055,79.5255,5272162.0
1526,2023-08-30,79.5755,79.5855,79.5155,79.5255,4512400.0
1527,2023-08-31,79.5655,79.6155,79.5355,79.6055,3948690.0
1528,2023-09-01,79.7013,79.7013,79.5513,79.5613,4157540.0
1529,2023-09-05,79.5313,79.5513,79.4513,79.4613,4130025.0
1530,2023-09-06,79.4913,79.4913,79.3613,79.3713,5001147.0
1531,2023-09-07,79.4513,79.5213,79.4413,79.5213,3130760.0
1532,2023-09-08,79.5513,79.5713,79.4813,79.4813,3582633.0
1533,2023-09-11,79.4813,79.5013,79.4713,79.5013,2750626.0
1534,2023-09-12,79.4813,79.4813,79.4513,79.4613,3358425.0
1535,2023-09-13,79.4713,79.5513,79.4713,79.5313,3489477.0
1536,2023-09-14,79.5713,79.5813,79.5013,79.5113,3349274.0
1537,2023-09-15,79.4913,79.5313,79.4713,79.4713,4055926.0
1538,2023-09-18,79.4613,79.4813,79.4413,79.4613,2676709.0
1539,2023-09-19,79.4413,79.4613,79.4013,79.4013,3162974.0
1540,2023-09-20,79.4813,79.5013,79.3413,79.3513,3583674.0
1541,2023-09-21,79.3613,79.4213,79.3613,79.3913,5170770.0
1542,2023-09-22,79.4313,79.5013,79.4213,79.4713,3907958.0
1543,2023-09-25,79.4513,79.4813,79.4413,79.4413,3439073.0
1544,2023-09-26,79.4613,79.4713,79.4213,79.4513,14216344.0
1545,2023-09-27,79.4813,79.4813,79.3513,79.3913,5777619.0
1546,2023-09-28,79.4613,79.5313,79.4313,79.5313,4522562.0
1547,2023-09-29,79.5913,79.6113,79.5413,79.5413,6015169.0
1548,2023-10-02,79.4703,79.5003,79.4503,79.4603,5670966.0
1549,2023-10-03,79.4803,79.5103,79.4003,79.4003,6707633.0
1550,2023-10-04,79.5003,79.5803,79.4603,79.5803,5927028.0
1551,2023-10-05,79.6603,79.6703,79.6403,79.6603,4665580.0
1552,2023-10-06,79.5503,79.6003,79.5303,79.5903,3456825.0
1553,2023-10-09,79.7303,79.8303,79.7303,79.8303,4119313.0
1554,2023-10-10,79.7403,79.8103,79.7203,79.7803,5135738.0
1555,2023-10-11,79.7303,79.7603,79.7003,79.7603,3131523.0
1556,2023-10-12,79.6903,79.7003,79.6503,79.6603,5361989.0
1557,2023-10-13,79.7403,79.7403,79.6903,79.7103,3506301.0
1558,2023-10-16,79.6803,79.6803,79.6503,79.6603,2967881.0
1559,2023-10-17,79.5503,79.5503,79.4603,79.4803,4245164.0
1560,2023-10-18,79.5003,79.5303,79.4503,79.4803,5232789.0
1561,2023-10-19,79.5003,79.6003,79.4903,79.5903,5556676.0
1562,2023-10-20,79.6703,79.7503,79.6653,79.7203,3660463.0
1563,2023-10-23,79.7003,79.7703,79.6803,79.7703,4261548.0
1564,2023-10-24,79.7403,79.7703,79.6903,79.7503,13761326.0
1565,2023-10-25,79.7103,79.7203,79.6503,79.6603,4773411.0
1566,2023-10-26,79.7403,79.8403,79.7403,79.8203,4710795.0
1567,2023-10-27,79.8503,79.8803,79.8203,79.8703,3457463.0
1568,2023-10-30,79.8103,79.8503,79.7904,79.8403,4816503.0
1569,2023-10-31,79.7903,79.8303,79.7903,79.8103,3917356.0
1570,2023-11-01,79.8107,80.0207,79.8107,79.9907,7362836.0
1571,2023-11-02,80.0707,80.0907,79.9707,80.0007,7828354.0
1572,2023-11-03,80.1907,80.2597,80.1207,80.2207,8024339.0
1573,2023-11-06,80.1407,80.1407,80.0707,80.0707,6061353.0
1574,2023-11-07,80.0907,80.1707,80.0807,80.1307,4546581.0
1575,2023-11-08,80.1207,80.1507,80.1107,80.1107,4421966.0
1576,2023-11-09,80.1307,80.1357,79.9907,79.9907,6032915.0
1577,2023-11-10,80.0807,80.0807,79.9707,80.0107,3917140.0
1578,2023-11-13,79.9707,80.0407,79.9507,80.0407,7360273.0
1579,2023-11-14,80.3107,80.3607,80.2708,80.3607,7956444.0
1580,2023-11-15,80.2507,80.2607,80.1807,80.2107,5069368.0
1581,2023-11-16,80.3407,80.3907,80.3407,80.3507,4086473.0
1582,2023-11-17,80.3257,80.3357,80.2707,80.2907,3381730.0
1583,2023-11-20,80.3007,80.3107,80.2807,80.3007,6247275.0
1584,2023-11-21,80.3507,80.3907,80.3307,80.3507,2590383.0
1585,2023-11-22,80.3907,80.3907,80.3107,80.3607,4803317.0
1586,2023-11-24,80.3207,80.3307,80.2907,80.3007,1573458.0
1587,2023-11-27,80.3407,80.4107,80.3307,80.4007,4004068.0
1588,2023-11-28,80.4207,80.5707,80.4007,80.5507,20920981.0
1589,2023-11-29,80.6807,80.7507,80.6608,80.7107,4423103.0
1590,2023-11-30,80.6807,80.6907,80.6207,80.6607,5204018.0
1591,2023-12-01,80.6777,80.9077,80.6677,80.8977,11831136.0
1592,2023-12-04,80.7877,80.8377,80.7377,80.7777,4431078.0
1593,2023-12-05,80.8177,80.9077,80.7977,80.8777,12175118.0
1594,2023-12-06,80.8977,80.8977,80.8477,80.8577,6794606.0
1595,2023-12-07,80.9177,80.9533,80.9077,80.9177,4977743.0
1596,2023-12-08,80.7677,80.8132,80.7077,80.7377,3367512.0
1597,2023-12-11,80.6977,80.7577,80.6677,80.7577,2963881.0
1598,2023-12-12,80.7377,80.7877,80.7277,80.7677,3268590.0
1599,2023-12-13,80.8277,81.1927,80.7995,81.1777,10843744.0
1600,2023-12-14,81.2974,81.3774,81.2774,81.3174,9304193.0
1601,2023-12-15,81.2524,81.2974,81.1974,81.2274,7178184.0
1602,2023-12-18,81.2474,81.2524,81.2074,81.2174,3576886.0
1603,2023-12-19,81.2174,81.2674,81.2174,81.2474,5159312.0
1604,2023-12-20,81.3274,81.3774,81.2874,81.3574,5163930.0
1605,2023-12-21,81.4874,81.4974,81.4074,81.4374,6662906.0
1606,2023-12-22,81.4674,81.4774,81.4274,81.4674,3387900.0
1607,2023-12-26,81.4124,81.4674,81.4074,81.4274,2503071.0
1608,2023-12-27,81.4774,81.5474,81.4674,81.5274,2584666.0
1609,2023-12-28,81.5474,81.5574,81.5074,81.5174,2408557.0
1610,2023-12-29,81.4974,81.5874,81.4974,81.5574,5074999.0
1611,2024-01-02,81.4574,81.4874,81.4474,81.4574,4983503.0
1612,2024-01-03,81.4274,81.5024,81.3974,81.4774,4336455.0
1613,2024-01-04,81.4274,81.4574,81.4074,81.4274,2923735.0
1614,2024-01-05,81.3774,81.5324,81.3574,81.4074,8105416.0
1615,2024-01-08,81.4474,81.5643,81.4374,81.4774,4654884.0
1616,2024-01-09,81.4674,81.5074,81.4574,81.4974,5227438.0
1617,2024-01-10,81.5474,81.5474,81.4874,81.4974,6432242.0
1618,2024-01-11,81.5574,81.6974,81.5574,81.6874,4904095.0
1619,2024-01-12,81.8474,81.8874,81.8074,81.8574,6809875.0
1620,2024-01-16,81.7874,81.8374,81.6974,81.7274,8427158.0
1621,2024-01-17,81.5974,81.5974,81.5374,81.5674,6717390.0
1622,2024-01-18,81.6174,81.6274,81.5774,81.6074,4490325.0
1623,2024-01-19,81.5474,81.5724,81.5086,81.5474,5469110.0
1624,2024-01-22,81.5774,81.6073,81.5674,81.5874,4607562.0
1625,2024-01-23,81.5574,81.5874,81.5374,81.5774,3355571.0
1626,2024-01-24,81.6674,81.6774,81.5374,81.5374,4708415.0
1627,2024-01-25,81.6374,81.7074,81.6274,81.6874,5493102.0
1628,2024-01-26,81.6574,81.6574,81.6174,81.6374,4654791.0
1629,2024-01-29,81.6774,81.7274,81.6774,81.7174,3344661.0
1630,2024-01-30,81.7374,81.7474,81.6174,81.6674,2345397.0
1631,2024-01-31,81.7874,81.9074,81.738,81.8174,7413096.0
1632,2024-02-01,81.9395,82.0195,81.8695,81.9395,8288058.0
1633,2024-02-02,81.6895,81.7245,81.6295,81.6795,8260672.0
1634,2024-02-05,81.5895,81.5995,81.5195,81.5195,5968536.0
1635,2024-02-06,81.5595,81.6795,81.5545,81.6495,3603406.0
1636,2024-02-07,81.6295,81.7095,81.6125,81.6195,3044038.0
1637,2024-02-08,81.6195,81.6387,81.5895,81.5995,2233403.0
1638,2024-02-09,81.5495,81.5795,81.5495,81.5695,2523852.0
1639,2024-02-12,81.5995,81.6095,81.5695,81.5795,2730536.0
1640,2024-02-13,81.4095,81.4295,81.3095,81.3195,5284847.0
1641,2024-02-14,81.3795,81.4695,81.3745,81.4395,5431537.0
1642,2024-02-15,81.5395,81.5595,81.4795,81.5195,3474861.0
1643,2024-02-16,81.3695,81.4195,81.3595,81.4195,7850423.0
1644,2024-02-20,81.4995,81.5295,81.4695,81.4695,6172631.0
1645,2024-02-21,81.5095,81.5095,81.3995,81.3995,8591058.0
1646,2024-02-22,81.3995,81.4495,81.3595,81.3895,15501417.0
1647,2024-02-23,81.3795,81.4395,81.3695,81.4295,3869301.0
1648,2024-02-26,81.4095,81.4195,81.3495,81.3695,4547159.0
1649,2024-02-27,81.3895,81.4095,81.3495,81.3695,3432521.0
1650,2024-02-28,81.4195,81.4595,81.4095,81.4495,3239318.0
1651,2024-02-29,81.4995,81.5395,81.4795,81.4995,8834034.0
1652,2024-03-01,81.54,81.68,81.49,81.66,4883048.0
