,date,open,high,low,close,volume
0,2017-03-02,24.0,26.05,23.5,24.48,216982484.0
1,2017-03-03,26.39,29.44,26.06,27.09,148107532.0
2,2017-03-06,28.17,28.25,23.77,23.77,72820500.0
3,2017-03-07,22.21,22.5,20.64,21.44,71829291.0
4,2017-03-08,22.03,23.43,21.31,22.81,49793654.0
5,2017-03-09,23.15,23.68,22.51,22.71,25769824.0
6,2017-03-10,23.36,23.4,22.0,22.07,18310606.0
7,2017-03-13,22.05,22.15,20.96,21.09,20564152.0
8,2017-03-14,20.9,20.98,20.15,20.58,20005902.0
9,2017-03-15,20.08,21.4,20.05,20.77,24971641.0
10,2017-03-16,20.65,20.69,19.75,19.89,25565527.0
11,2017-03-17,19.8,19.85,18.9,19.54,34181574.0
12,2017-03-20,19.94,20.43,19.72,19.93,20969959.0
13,2017-03-21,20.04,20.54,19.55,20.38,20006102.0
14,2017-03-22,20.65,22.25,20.52,21.82,47403085.0
15,2017-03-23,22.69,23.3,22.22,23.13,40540348.0
16,2017-03-24,23.05,23.1,22.34,22.74,17251878.0
17,2017-03-27,23.09,24.4,22.6,23.83,48323139.0
18,2017-03-28,23.31,23.36,22.17,22.21,49765328.0
19,2017-03-29,21.77,22.71,21.33,22.55,31436485.0
20,2017-03-30,22.55,22.85,22.0,22.23,17079315.0
21,2017-03-31,22.05,22.62,22.0,22.53,15059950.0
22,2017-04-03,22.7,22.9,22.11,22.35,12507410.0
23,2017-04-04,22.21,22.67,21.88,22.14,16304012.0
24,2017-04-05,22.15,22.22,20.67,20.7,26052131.0
25,2017-04-06,20.76,20.76,20.03,20.57,21911399.0
26,2017-04-07,20.68,21.08,20.6,20.82,10572122.0
27,2017-04-10,21.09,21.27,20.7,20.97,8611639.0
28,2017-04-11,21.01,21.2,20.34,20.7,13304275.0
29,2017-04-12,20.7,20.83,20.18,20.22,9342566.0
30,2017-04-13,20.2,20.37,19.81,20.19,13591657.0
31,2017-04-17,20.09,20.21,19.8,19.94,11704895.0
32,2017-04-18,19.83,20.89,19.73,20.55,15957553.0
33,2017-04-19,20.5,20.91,20.41,20.62,8731912.0
34,2017-04-20,20.63,21.26,20.62,21.15,10015535.0
35,2017-04-21,21.37,21.49,20.71,20.93,7740183.0
36,2017-04-24,21.2,21.3,21.01,21.2,5924496.0
37,2017-04-25,21.08,21.4,20.56,21.34,9582357.0
38,2017-04-26,21.25,21.65,21.08,21.58,10131915.0
39,2017-04-27,21.58,22.12,21.58,22.01,10752019.0
40,2017-04-28,22.05,22.59,22.01,22.55,9022318.0
41,2017-05-01,22.66,22.84,22.11,22.21,7946471.0
42,2017-05-02,22.37,22.37,21.75,21.99,8123218.0
43,2017-05-03,21.8,22.21,21.63,21.82,7056128.0
44,2017-05-04,22.18,23.22,21.9,22.59,18985667.0
45,2017-05-05,23.08,23.25,22.51,23.19,12815686.0
46,2017-05-08,23.17,23.57,22.22,22.46,18078606.0
47,2017-05-09,22.7,23.44,22.67,23.32,17898384.0
48,2017-05-10,23.11,23.32,22.87,22.98,45599250.0
49,2017-05-11,17.96,18.9,17.59,18.05,131660899.0
50,2017-05-12,18.44,19.48,18.16,19.14,68865476.0
51,2017-05-15,19.57,20.95,19.49,20.74,69731710.0
52,2017-05-16,20.54,20.88,20.15,20.78,40893539.0
53,2017-05-17,20.56,20.59,19.69,19.9,29178335.0
54,2017-05-18,19.86,20.58,19.86,20.27,15969070.0
55,2017-05-19,20.42,20.64,19.93,20.0,18928924.0
56,2017-05-22,20.14,20.34,20.01,20.08,9139534.0
57,2017-05-23,20.14,20.3,19.9,20.03,8235082.0
58,2017-05-24,20.2,20.62,20.0,20.53,13788355.0
59,2017-05-25,20.16,21.94,20.11,21.93,24307019.0
60,2017-05-26,21.66,21.7,21.07,21.22,13364041.0
61,2017-05-30,21.3,21.58,21.01,21.45,9505001.0
62,2017-05-31,21.5,21.75,21.09,21.21,9494753.0
63,2017-06-01,21.32,21.45,21.19,21.34,7140715.0
64,2017-06-02,21.34,21.45,21.0,21.09,9583690.0
65,2017-06-05,20.52,20.89,20.14,20.21,15195339.0
66,2017-06-06,20.22,20.44,20.13,20.36,6664868.0
67,2017-06-07,20.37,20.48,19.45,19.56,16909596.0
68,2017-06-08,19.4,19.4,18.18,18.85,32624503.0
69,2017-06-09,18.41,18.46,17.88,18.08,31081068.0
70,2017-06-12,18.05,18.43,17.56,18.2,16155567.0
71,2017-06-13,18.38,18.58,18.08,18.1,11887851.0
72,2017-06-14,18.25,18.29,17.76,17.88,9445106.0
73,2017-06-15,17.72,17.75,17.0,17.0,22933938.0
74,2017-06-16,17.14,17.88,17.0,17.54,18940823.0
75,2017-06-19,17.85,18.34,17.03,17.88,28839409.0
76,2017-06-20,17.82,17.89,17.23,17.31,13947757.0
77,2017-06-21,17.27,17.43,17.13,17.27,8672832.0
78,2017-06-22,17.45,17.8,17.21,17.64,9866929.0
79,2017-06-23,17.82,17.82,17.47,17.54,7067096.0
80,2017-06-26,17.7,17.73,17.23,17.29,9857828.0
81,2017-06-27,17.21,17.48,17.2,17.34,7714891.0
82,2017-06-28,17.34,17.78,17.33,17.76,10452111.0
83,2017-06-29,17.69,18.13,17.67,17.89,12186602.0
84,2017-06-30,18.03,18.08,17.62,17.77,5986691.0
85,2017-07-03,17.91,17.92,17.45,17.59,3285663.0
86,2017-07-05,17.57,17.59,17.22,17.32,6032164.0
87,2017-07-06,17.25,17.38,17.23,17.31,6185119.0
88,2017-07-07,17.33,17.38,17.15,17.18,4540576.0
89,2017-07-10,17.16,17.21,16.95,16.99,8563854.0
90,2017-07-11,16.36,16.36,15.44,15.5,22481653.0
91,2017-07-12,15.55,15.75,15.21,15.25,11370236.0
92,2017-07-13,15.77,15.97,15.56,15.72,12141928.0
93,2017-07-14,15.45,15.59,15.27,15.29,8403021.0
94,2017-07-17,15.33,15.43,15.12,15.16,6643281.0
95,2017-07-18,15.15,15.25,14.63,14.75,10465584.0
96,2017-07-19,14.86,15.24,14.8,14.97,14385541.0
97,2017-07-20,15.05,15.14,14.72,14.89,6968465.0
98,2017-07-21,14.8,14.84,14.34,14.49,8398325.0
99,2017-07-24,14.46,14.48,14.02,14.08,8296477.0
100,2017-07-25,14.03,14.11,13.65,13.89,8444016.0
101,2017-07-26,13.72,13.82,13.4,13.4,12296059.0
102,2017-07-27,13.15,14.1,13.14,14.0,27157121.0
103,2017-07-28,13.9,14.03,13.5,13.82,9044993.0
104,2017-07-31,13.42,13.98,13.1,13.67,48950131.0
105,2017-08-01,13.75,13.77,13.07,13.1,14146347.0
106,2017-08-02,13.23,13.25,12.52,12.65,14207904.0
107,2017-08-03,12.6,13.14,11.91,12.93,33412047.0
108,2017-08-04,13.17,13.69,12.83,13.55,28932587.0
109,2017-08-07,13.85,14.06,13.24,13.39,17988089.0
110,2017-08-08,13.28,13.29,12.82,13.03,15679541.0
111,2017-08-09,12.96,13.65,12.78,13.56,26821751.0
112,2017-08-10,13.58,13.96,13.26,13.77,57445584.0
113,2017-08-11,12.0,12.34,11.77,11.83,83835685.0
114,2017-08-14,11.49,13.14,11.28,12.6,84766443.0
115,2017-08-15,13.05,13.3,12.66,12.74,43512368.0
116,2017-08-16,12.5,13.25,12.48,13.12,33247781.0
117,2017-08-17,12.95,13.5,12.95,13.35,36175158.0
118,2017-08-18,13.3,14.25,13.26,14.01,46179578.0
119,2017-08-21,14.27,14.59,13.35,13.58,44252425.0
120,2017-08-22,13.85,14.56,13.81,14.53,38072521.0
121,2017-08-23,14.55,15.13,14.38,15.09,65721439.0
122,2017-08-24,15.24,15.34,14.43,14.53,30650839.0
123,2017-08-25,14.62,14.85,14.45,14.78,23037321.0
124,2017-08-28,14.8,15.26,14.77,15.19,27987447.0
125,2017-08-29,15.05,15.31,14.88,14.99,20694844.0
126,2017-08-30,14.92,15.11,14.76,14.96,22472705.0
127,2017-08-31,14.98,15.05,14.51,14.51,23072521.0
128,2017-09-01,14.5,14.5,14.01,14.27,26052194.0
129,2017-09-05,14.28,14.57,14.08,14.49,21338337.0
130,2017-09-06,14.42,14.54,14.17,14.5,23116996.0
131,2017-09-07,14.43,15.58,14.4,15.15,45541614.0
132,2017-09-08,15.17,15.8,15.1,15.34,36574838.0
133,2017-09-11,15.25,15.57,14.89,15.27,32988157.0
134,2017-09-12,15.25,15.75,15.01,15.13,48936763.0
135,2017-09-13,15.2,15.33,14.86,15.03,24115114.0
136,2017-09-14,14.95,15.18,14.82,14.91,16319624.0
137,2017-09-15,14.99,15.31,14.93,15.25,34139792.0
138,2017-09-18,15.32,15.33,14.81,14.92,20927871.0
139,2017-09-19,14.9,14.9,14.46,14.72,23442870.0
140,2017-09-20,14.68,14.7,14.05,14.16,24851727.0
141,2017-09-21,13.99,14.11,13.51,13.77,25228886.0
142,2017-09-22,13.72,13.92,13.62,13.7,12302255.0
143,2017-09-25,13.5,13.51,13.07,13.22,18437821.0
144,2017-09-26,13.33,13.98,13.3,13.91,20062261.0
145,2017-09-27,14.0,14.25,13.83,14.12,16664413.0
146,2017-09-28,14.2,14.59,13.97,14.45,17557111.0
147,2017-09-29,14.43,14.7,14.3,14.54,20577391.0
148,2017-10-02,14.6,15.04,14.41,14.88,21211436.0
149,2017-10-03,14.87,15.1,14.59,14.64,16729928.0
150,2017-10-04,14.84,14.9,14.35,14.53,15684260.0
151,2017-10-05,14.3,14.56,14.1,14.48,13148754.0
152,2017-10-06,14.38,14.84,14.32,14.79,11939437.0
153,2017-10-09,14.81,14.92,14.67,14.71,9183338.0
154,2017-10-10,14.71,14.87,14.32,14.34,13775068.0
155,2017-10-11,14.64,15.98,14.47,15.98,40908094.0
156,2017-10-12,16.07,16.86,15.82,16.55,63193078.0
157,2017-10-13,16.48,16.88,16.22,16.5,24513431.0
158,2017-10-16,16.68,16.73,15.91,16.07,20894928.0
159,2017-10-17,16.29,16.61,16.05,16.09,15090970.0
160,2017-10-18,16.3,16.35,15.69,15.75,18329969.0
161,2017-10-19,15.47,15.59,15.18,15.25,19244600.0
162,2017-10-20,15.39,15.57,15.21,15.56,12876979.0
163,2017-10-23,15.58,15.69,14.89,14.97,19585379.0
164,2017-10-24,14.87,15.08,14.58,14.59,15448258.0
165,2017-10-25,14.7,14.93,13.96,14.16,22943880.0
166,2017-10-26,14.35,14.76,14.11,14.39,17071219.0
167,2017-10-27,14.27,15.48,14.22,15.44,23767576.0
168,2017-10-30,15.13,16.27,15.05,15.68,23657796.0
169,2017-10-31,15.65,15.73,15.17,15.34,13008916.0
170,2017-11-01,15.45,15.52,14.39,14.51,20443841.0
171,2017-11-02,14.45,14.87,14.4,14.55,11810548.0
172,2017-11-03,14.64,15.28,14.6,15.27,12784357.0
173,2017-11-06,15.19,15.29,14.8,14.83,17736885.0
174,2017-11-07,14.87,15.53,14.73,15.12,40978251.0
175,2017-11-08,13.47,14.09,12.1,12.91,162744709.0
176,2017-11-09,12.64,12.74,12.23,12.38,51695840.0
177,2017-11-10,12.5,12.84,12.31,12.76,32141043.0
178,2017-11-13,12.83,12.95,12.35,12.4,19251268.0
179,2017-11-14,12.41,12.7,12.25,12.57,13962597.0
180,2017-11-15,12.32,12.75,12.17,12.46,14410375.0
181,2017-11-16,12.5,12.68,12.38,12.56,15701689.0
182,2017-11-17,12.6,13.01,12.51,12.99,17563767.0
183,2017-11-20,13.1,13.11,12.29,12.41,30676066.0
184,2017-11-21,12.52,12.59,12.32,12.34,19010319.0
185,2017-11-22,12.35,12.64,12.35,12.62,14022076.0
186,2017-11-24,12.67,13.02,12.67,12.97,12772779.0
187,2017-11-27,12.87,13.38,12.86,13.06,19341806.0
188,2017-11-28,13.37,13.74,13.02,13.61,23774060.0
189,2017-11-29,13.54,13.99,13.25,13.7,30098478.0
190,2017-11-30,13.41,14.0,13.36,13.78,26854988.0
191,2017-12-01,13.67,13.9,13.41,13.87,19266925.0
192,2017-12-04,13.95,14.0,13.09,13.57,28799237.0
193,2017-12-05,14.4,15.1,14.02,14.94,51515768.0
194,2017-12-06,14.58,15.05,14.36,14.6,25883088.0
195,2017-12-07,14.65,14.77,14.28,14.7,16367100.0
196,2017-12-08,14.64,15.14,14.59,15.07,20226087.0
197,2017-12-11,15.14,16.3,15.07,16.22,34900125.0
198,2017-12-12,16.0,16.12,15.53,15.93,22254326.0
199,2017-12-13,15.8,16.18,15.79,15.96,14183714.0
200,2017-12-14,15.92,16.45,15.76,16.04,24942473.0
201,2017-12-15,16.0,16.04,15.63,15.75,19450444.0
202,2017-12-18,15.95,16.37,15.93,16.1,20227811.0
203,2017-12-19,15.91,16.04,15.65,15.77,12419194.0
204,2017-12-20,15.69,15.89,15.47,15.5,10167284.0
205,2017-12-21,15.33,15.68,15.2,15.37,12107131.0
206,2017-12-22,15.05,15.38,14.92,15.15,12087059.0
207,2017-12-26,15.02,15.13,14.84,15.01,6755329.0
208,2017-12-27,14.83,15.05,14.83,14.84,6726173.0
209,2017-12-28,14.82,15.06,14.77,14.85,8072901.0
210,2017-12-29,14.84,14.89,14.55,14.61,9518403.0
211,2018-01-02,14.69,15.01,14.61,14.95,9970989.0
212,2018-01-03,15.0,15.38,14.72,15.31,15921429.0
213,2018-01-04,14.76,15.0,14.27,14.59,27231995.0
214,2018-01-05,14.51,14.75,14.38,14.5,18828045.0
215,2018-01-08,14.21,14.28,13.58,14.06,27033592.0
216,2018-01-09,14.15,14.28,14.01,14.1,14929119.0
217,2018-01-10,14.07,14.67,13.92,14.65,14725775.0
218,2018-01-11,14.58,14.93,14.48,14.6,12497491.0
219,2018-01-12,14.17,14.32,13.92,14.11,21011262.0
220,2018-01-16,14.11,14.11,13.4,13.5,26654386.0
221,2018-01-17,13.61,13.82,13.35,13.52,14576964.0
222,2018-01-18,13.66,14.02,13.62,14.01,16316872.0
223,2018-01-19,14.01,14.24,13.82,14.04,16123860.0
224,2018-01-22,13.92,14.2,13.67,14.17,12479737.0
225,2018-01-23,14.19,14.67,14.13,14.25,13418836.0
226,2018-01-24,14.31,14.77,14.28,14.44,11979574.0
227,2018-01-25,14.28,14.3,13.7,13.71,23551647.0
228,2018-01-26,13.75,13.79,13.43,13.56,17366168.0
229,2018-01-29,13.54,13.67,13.37,13.47,13584217.0
230,2018-01-30,13.3,13.4,13.15,13.26,12413611.0
231,2018-01-31,13.31,13.62,13.26,13.52,13587041.0
232,2018-02-01,13.43,14.0,13.4,13.92,13306049.0
233,2018-02-02,13.59,13.89,13.51,13.71,18123306.0
234,2018-02-05,13.35,14.03,13.32,13.85,20637725.0
235,2018-02-06,13.5,14.2,13.47,14.06,45110182.0
236,2018-02-07,17.15,21.22,16.96,20.75,232325074.0
237,2018-02-08,20.74,20.9,18.69,19.39,119751685.0
238,2018-02-09,19.07,19.65,18.12,18.8,50072813.0
239,2018-02-12,18.84,19.38,18.52,18.63,30537263.0
240,2018-02-13,18.39,19.11,18.32,18.58,28873293.0
241,2018-02-14,18.35,19.85,18.21,19.56,38743349.0
242,2018-02-15,19.66,20.57,19.58,19.75,40746054.0
243,2018-02-16,19.84,20.75,19.75,20.42,33917697.0
244,2018-02-20,19.31,19.8,18.57,18.93,42723117.0
245,2018-02-21,18.9,19.19,18.38,18.64,31691311.0
246,2018-02-22,18.48,18.53,17.05,17.51,51776404.0
247,2018-02-23,17.6,17.94,17.33,17.45,24231405.0
248,2018-02-26,17.45,17.59,17.0,17.09,26423221.0
249,2018-02-27,17.06,17.45,16.31,16.32,30022426.0
250,2018-02-28,16.77,17.65,16.7,17.32,34520652.0
251,2018-03-01,17.5,17.63,16.66,17.21,25979088.0
252,2018-03-02,16.83,18.08,16.73,18.01,31631377.0
253,2018-03-05,17.82,18.42,17.58,18.25,22898457.0
254,2018-03-06,18.29,18.4,17.94,18.01,18427299.0
255,2018-03-07,17.85,18.51,17.81,18.02,27119093.0
256,2018-03-08,18.08,18.26,17.53,17.65,19249531.0
257,2018-03-09,17.98,18.12,17.56,17.88,18175962.0
258,2018-03-12,17.83,18.35,17.78,18.11,17055843.0
259,2018-03-13,18.1,18.23,17.22,17.51,17667510.0
260,2018-03-14,17.52,17.97,17.49,17.85,14665438.0
261,2018-03-15,17.86,17.88,16.91,17.2,22147238.0
262,2018-03-16,17.2,17.24,16.79,17.01,22292233.0
263,2018-03-19,17.01,17.1,16.11,16.42,24708720.0
264,2018-03-20,16.4,16.48,15.62,16.0,27101526.0
265,2018-03-21,16.17,16.86,16.12,16.57,22924148.0
266,2018-03-22,16.32,16.85,16.14,16.57,20098592.0
267,2018-03-23,16.67,16.74,16.13,16.36,16427972.0
268,2018-03-26,16.45,16.55,15.9,16.25,13650257.0
269,2018-03-27,16.26,16.75,16.06,16.2,24737590.0
270,2018-03-28,16.03,16.08,15.55,15.95,20652697.0
271,2018-03-29,15.94,16.12,15.65,15.87,15434487.0
272,2018-04-02,15.67,15.73,14.45,14.46,30885467.0
273,2018-04-03,14.8,14.9,13.8,14.08,33231754.0
274,2018-04-04,13.69,14.78,13.62,14.59,20131765.0
275,2018-04-05,14.7,14.96,14.2,14.39,17015408.0
276,2018-04-06,14.35,14.57,13.98,14.25,13533877.0
277,2018-04-09,14.28,14.47,14.04,14.15,12383904.0
278,2018-04-10,14.29,14.58,14.18,14.48,16351816.0
279,2018-04-11,14.44,14.98,14.42,14.8,17711174.0
280,2018-04-12,15.24,15.5,14.77,14.92,21276192.0
281,2018-04-13,14.95,15.12,14.36,14.88,18063598.0
282,2018-04-16,14.86,14.89,14.46,14.58,11767630.0
283,2018-04-17,14.63,14.98,14.57,14.88,14023182.0
284,2018-04-18,14.85,14.88,14.54,14.65,9877781.0
285,2018-04-19,14.65,15.04,14.58,14.84,12387266.0
286,2018-04-20,15.0,15.42,14.94,15.2,20481339.0
287,2018-04-23,15.35,15.6,15.2,15.54,19132846.0
288,2018-04-24,15.51,15.96,15.4,15.63,19801820.0
289,2018-04-25,15.62,15.67,14.16,14.54,46884358.0
290,2018-04-26,14.88,15.14,14.48,14.7,22736751.0
291,2018-04-27,14.75,14.82,14.16,14.23,21763112.0
292,2018-04-30,14.36,14.44,14.09,14.33,21573812.0
293,2018-05-01,14.34,14.55,13.75,14.13,50003887.0
294,2018-05-02,11.3,11.7,10.96,11.03,159209399.0
295,2018-05-03,11.12,11.3,10.51,10.97,67506976.0
296,2018-05-04,10.86,10.93,10.57,10.79,39865009.0
297,2018-05-07,10.76,10.9,10.61,10.74,24743822.0
298,2018-05-08,10.95,11.43,10.75,10.97,35536436.0
299,2018-05-09,10.98,11.18,10.91,11.01,19856549.0
300,2018-05-10,11.01,11.18,10.93,11.01,19069074.0
301,2018-05-11,11.0,11.05,10.85,11.04,16929900.0
302,2018-05-14,11.0,11.05,10.85,10.98,19105833.0
303,2018-05-15,10.95,10.96,10.51,10.65,29277860.0
304,2018-05-16,10.6,10.75,10.55,10.58,19836025.0
305,2018-05-17,10.65,10.87,10.5,10.57,26982873.0
306,2018-05-18,10.56,10.86,10.52,10.58,18448399.0
307,2018-05-21,10.75,11.02,10.71,10.71,20462255.0
308,2018-05-22,10.79,10.83,10.7,10.74,13562163.0
309,2018-05-23,10.68,10.73,10.56,10.65,17088984.0
310,2018-05-24,10.63,10.68,10.51,10.6,13841012.0
311,2018-05-25,10.66,10.72,10.61,10.71,10501709.0
312,2018-05-29,10.68,10.7,10.52,10.55,11533803.0
313,2018-05-30,10.57,11.15,10.55,10.97,28700074.0
314,2018-05-31,11.17,11.79,11.11,11.39,62892093.0
315,2018-06-01,11.71,11.96,11.21,11.63,46870870.0
316,2018-06-04,11.81,12.4,11.7,12.32,50689631.0
317,2018-06-05,12.41,12.98,12.3,12.93,47018980.0
318,2018-06-06,13.33,13.65,12.9,13.13,49268989.0
319,2018-06-07,13.03,13.05,12.37,12.73,38066383.0
320,2018-06-08,12.56,13.35,12.42,13.08,34598344.0
321,2018-06-11,13.11,13.24,12.92,13.17,19680216.0
322,2018-06-12,13.21,13.95,13.14,13.42,38903683.0
323,2018-06-13,13.56,14.06,13.53,13.62,34414405.0
324,2018-06-14,13.71,13.99,13.63,13.87,30680684.0
325,2018-06-15,13.72,14.17,13.72,14.02,27423165.0
326,2018-06-18,14.04,14.47,13.68,14.05,34045600.0
327,2018-06-19,13.61,13.61,12.66,13.31,59696124.0
328,2018-06-20,12.85,13.09,12.69,12.8,32770632.0
329,2018-06-21,12.75,13.42,12.71,13.24,25279369.0
330,2018-06-22,13.25,13.3,12.94,13.2,13579458.0
331,2018-06-25,13.01,13.2,12.9,13.1,12363072.0
332,2018-06-26,13.11,13.22,12.93,13.0,12985409.0
333,2018-06-27,13.04,13.54,12.81,12.82,21567081.0
334,2018-06-28,12.8,13.41,12.8,13.4,18033129.0
335,2018-06-29,13.41,13.57,13.09,13.09,13972256.0
336,2018-07-02,13.05,13.23,13.0,13.15,10283800.0
337,2018-07-03,13.15,13.23,12.92,13.15,8219502.0
338,2018-07-05,13.13,13.22,12.85,13.21,14734687.0
339,2018-07-06,13.17,13.67,13.11,13.53,14929709.0
340,2018-07-09,13.66,14.14,13.24,13.65,28755388.0
341,2018-07-10,13.73,13.76,13.25,13.31,14821158.0
342,2018-07-11,13.1,13.42,13.05,13.4,10444615.0
343,2018-07-12,13.43,13.66,13.41,13.65,11783955.0
344,2018-07-13,13.6,13.69,13.3,13.36,12217938.0
345,2018-07-16,13.25,13.48,12.9,13.07,18175856.0
346,2018-07-17,12.95,13.54,12.91,13.42,16781314.0
347,2018-07-18,13.4,13.5,13.17,13.35,10726537.0
348,2018-07-19,13.3,13.61,13.29,13.43,13457760.0
349,2018-07-20,13.45,13.46,13.21,13.27,8765506.0
350,2018-07-23,13.2,13.41,13.11,13.39,8894480.0
351,2018-07-24,13.45,13.45,12.96,13.14,15870255.0
352,2018-07-25,13.32,13.44,13.16,13.39,16573305.0
353,2018-07-26,13.07,13.4,12.77,13.37,20037343.0
354,2018-07-27,13.14,13.18,12.52,12.83,28307108.0
355,2018-07-30,12.74,12.75,12.0,12.27,27156920.0
356,2018-07-31,12.26,12.58,12.15,12.5,14874482.0
357,2018-08-01,12.55,12.61,12.21,12.38,11227969.0
358,2018-08-02,12.31,12.75,12.18,12.7,11731874.0
359,2018-08-03,12.71,13.01,12.66,12.73,11512895.0
360,2018-08-06,12.73,13.13,12.71,13.05,17656627.0
361,2018-08-07,13.01,13.37,12.78,13.12,50201987.0
362,2018-08-08,12.83,12.84,12.04,12.23,61183639.0
363,2018-08-09,12.15,12.67,12.07,12.31,24307314.0
364,2018-08-10,12.14,12.5,12.09,12.31,15886300.0
365,2018-08-13,12.24,12.77,12.24,12.57,15733715.0
366,2018-08-14,12.65,12.73,12.31,12.34,13042661.0
367,2018-08-15,12.27,12.3,12.11,12.18,13643579.0
368,2018-08-16,12.3,12.58,12.1,12.17,14652907.0
369,2018-08-17,12.16,12.17,11.63,11.89,22444564.0
370,2018-08-20,11.8,11.86,11.57,11.73,13977799.0
371,2018-08-21,11.75,11.83,11.34,11.44,22078053.0
372,2018-08-22,11.41,11.62,11.41,11.44,12082684.0
373,2018-08-23,11.5,11.64,11.4,11.4,11070326.0
374,2018-08-24,11.47,11.7,11.41,11.63,10543217.0
375,2018-08-27,11.65,11.84,11.64,11.81,11306432.0
376,2018-08-28,11.76,11.8,11.19,11.29,24457260.0
377,2018-08-29,11.24,11.38,11.15,11.17,13067779.0
378,2018-08-30,11.15,11.25,10.88,11.08,19603268.0
379,2018-08-31,10.98,11.09,10.88,10.9,14124115.0
380,2018-09-04,10.92,10.96,10.43,10.59,26081337.0
381,2018-09-05,10.5,10.51,10.06,10.11,24701508.0
382,2018-09-06,10.11,10.18,9.62,9.8,33118904.0
383,2018-09-07,9.75,10.19,9.63,9.93,26510859.0
384,2018-09-10,9.78,9.9,9.55,9.74,29031901.0
385,2018-09-11,9.85,10.15,9.85,9.89,31651748.0
386,2018-09-12,9.29,9.43,8.9,9.2,52102682.0
387,2018-09-13,9.17,9.42,9.1,9.35,24790723.0
388,2018-09-14,9.45,9.84,9.26,9.29,30549918.0
389,2018-09-17,9.28,9.37,9.09,9.18,22146397.0
390,2018-09-18,9.15,9.38,9.08,9.13,18051952.0
391,2018-09-19,9.08,9.21,9.02,9.16,33333100.0
392,2018-09-20,9.03,9.24,8.67,9.21,26550371.0
393,2018-09-21,9.18,9.31,9.01,9.14,51966572.0
394,2018-09-24,9.05,9.41,8.86,8.95,34747391.0
395,2018-09-25,9.19,9.42,9.03,9.05,37268895.0
396,2018-09-26,9.09,9.11,8.88,8.99,21160827.0
397,2018-09-27,9.02,9.06,8.77,8.8,18060358.0
398,2018-09-28,8.75,8.78,8.4,8.48,31800421.0
399,2018-10-01,8.5,8.57,8.23,8.36,23025451.0
400,2018-10-02,8.32,8.36,8.01,8.18,25429322.0
401,2018-10-03,8.17,8.33,8.13,8.23,14961141.0
402,2018-10-04,7.95,7.99,7.56,7.8,36960004.0
403,2018-10-05,7.99,8.04,7.6,7.77,31032322.0
404,2018-10-08,7.7,7.7,7.27,7.48,27870371.0
405,2018-10-09,7.24,7.4,6.84,7.0,41259274.0
406,2018-10-10,7.0,7.02,6.59,6.59,38929914.0
407,2018-10-11,6.49,7.0,6.46,6.81,31180385.0
408,2018-10-12,7.18,7.39,7.05,7.18,36249489.0
409,2018-10-15,7.19,7.46,7.12,7.4,22050848.0
410,2018-10-16,7.41,7.47,7.05,7.25,28702709.0
411,2018-10-17,7.19,7.32,6.93,7.06,20946010.0
412,2018-10-18,6.96,7.02,6.76,6.81,16946005.0
413,2018-10-19,6.89,6.97,6.67,6.81,19113724.0
414,2018-10-22,6.85,6.98,6.72,6.84,12651402.0
415,2018-10-23,6.84,6.93,6.68,6.82,24667350.0
416,2018-10-24,6.84,6.99,6.59,6.59,22133548.0
417,2018-10-25,6.71,7.09,6.69,6.99,44154393.0
418,2018-10-26,6.13,6.28,5.77,6.28,79790775.0
419,2018-10-29,6.35,6.59,5.89,5.99,32096514.0
420,2018-10-30,5.93,6.54,5.91,6.43,35878702.0
421,2018-10-31,6.57,6.65,6.45,6.61,27680871.0
422,2018-11-01,6.6,7.29,6.46,7.2,31642826.0
423,2018-11-02,7.1,7.18,6.66,6.82,26902721.0
424,2018-11-05,6.9,6.94,6.7,6.9,14674815.0
425,2018-11-06,6.86,7.2,6.85,7.09,15681573.0
426,2018-11-07,7.09,7.29,7.08,7.2,14356549.0
427,2018-11-08,7.15,7.23,6.99,7.02,10764701.0
428,2018-11-09,6.9,6.96,6.66,6.79,14369880.0
429,2018-11-12,6.75,6.87,6.47,6.65,15064839.0
430,2018-11-13,6.73,6.76,6.45,6.71,10896315.0
431,2018-11-14,6.45,6.69,6.39,6.48,15690540.0
432,2018-11-15,6.42,6.87,6.42,6.82,12643513.0
433,2018-11-16,6.77,6.8,6.28,6.49,19479349.0
434,2018-11-19,6.41,6.44,6.02,6.05,20800644.0
435,2018-11-20,5.86,6.23,5.8,6.09,18838879.0
436,2018-11-21,6.21,6.48,6.17,6.35,15437390.0
437,2018-11-23,6.28,6.43,6.17,6.2,5271157.0
438,2018-11-26,6.27,6.52,6.24,6.5,10384511.0
439,2018-11-27,6.47,6.53,6.31,6.4,12720074.0
440,2018-11-28,6.49,6.54,6.27,6.51,10049292.0
441,2018-11-29,6.47,6.54,6.33,6.4,9346680.0
442,2018-11-30,6.4,6.54,6.31,6.51,10397845.0
443,2018-12-03,6.61,6.67,6.28,6.36,22929770.0
444,2018-12-04,6.3,6.45,6.21,6.21,16869273.0
445,2018-12-06,6.07,6.16,5.81,5.97,16932332.0
446,2018-12-07,5.98,6.13,5.75,5.8,15265193.0
447,2018-12-10,5.77,5.91,5.57,5.67,16389565.0
448,2018-12-11,5.76,5.9,5.73,5.75,12305937.0
449,2018-12-12,5.8,6.13,5.78,5.91,14847769.0
450,2018-12-13,5.96,5.99,5.71,5.86,13728073.0
451,2018-12-14,5.78,6.01,5.76,5.92,13901041.0
452,2018-12-17,5.92,5.96,5.51,5.58,20843099.0
453,2018-12-18,5.61,5.84,5.61,5.65,13822958.0
454,2018-12-19,5.65,5.74,5.35,5.41,12965350.0
455,2018-12-20,5.35,5.45,4.96,5.07,25179251.0
456,2018-12-21,5.12,5.14,4.82,4.99,31629876.0
457,2018-12-24,4.96,5.35,4.96,5.18,15131330.0
458,2018-12-26,5.12,5.43,5.02,5.42,16763800.0
459,2018-12-27,5.3,5.41,5.08,5.35,13089002.0
460,2018-12-28,5.35,5.76,5.35,5.71,19169738.0
461,2018-12-31,5.76,5.86,5.42,5.51,15324788.0
462,2019-01-02,5.38,5.87,5.35,5.79,15253363.0
463,2019-01-03,5.67,5.87,5.63,5.68,16429216.0
464,2019-01-04,5.67,5.99,5.63,5.95,18200350.0
465,2019-01-07,6.0,6.21,5.92,6.21,14726239.0
466,2019-01-08,6.3,6.45,6.21,6.4,16035381.0
467,2019-01-09,6.2,6.31,5.84,6.28,30170276.0
468,2019-01-10,6.37,6.4,6.11,6.22,15413432.0
469,2019-01-11,6.21,6.42,6.2,6.28,11728613.0
470,2019-01-14,6.46,6.5,6.24,6.31,10735556.0
471,2019-01-15,6.47,6.57,6.38,6.54,15133286.0
472,2019-01-16,5.73,5.94,5.63,5.64,65799505.0
473,2019-01-17,5.72,5.84,5.65,5.74,27651550.0
474,2019-01-18,5.83,6.19,5.74,6.18,37966966.0
475,2019-01-22,6.07,6.24,5.88,5.93,20962448.0
476,2019-01-23,6.01,6.1,5.87,5.99,13145140.0
477,2019-01-24,5.94,6.2,5.91,6.17,15691832.0
478,2019-01-25,6.24,6.44,6.2,6.4,19936589.0
479,2019-01-28,6.27,6.4,6.2,6.34,12143089.0
480,2019-01-29,6.42,6.5,6.29,6.43,14387117.0
481,2019-01-30,6.47,6.6,6.31,6.57,16419275.0
482,2019-01-31,6.68,6.81,6.65,6.68,19115160.0
483,2019-02-01,6.78,7.15,6.73,6.91,22653019.0
484,2019-02-04,6.93,6.98,6.7,6.93,37550651.0
485,2019-02-05,7.02,7.05,6.8,7.04,58790957.0
486,2019-02-06,8.61,9.09,8.35,8.59,148568030.0
487,2019-02-07,8.36,8.69,8.04,8.57,53561876.0
488,2019-02-08,8.37,9.19,8.3,9.1,55131767.0
489,2019-02-11,9.03,9.2,8.85,8.99,38495665.0
490,2019-02-12,9.02,9.17,8.77,8.8,39187054.0
491,2019-02-13,8.75,9.23,8.67,9.07,37645682.0
492,2019-02-14,9.05,9.32,9.01,9.19,32451037.0
493,2019-02-15,9.2,9.23,9.04,9.12,19959810.0
494,2019-02-19,9.05,9.34,9.05,9.28,22961347.0
495,2019-02-20,9.25,9.33,9.14,9.24,21677196.0
496,2019-02-21,9.14,9.4,9.13,9.39,20051621.0
497,2019-02-22,9.39,9.8,9.32,9.71,30180703.0
498,2019-02-25,9.9,10.29,9.85,10.12,44870258.0
499,2019-02-26,10.12,10.42,9.83,10.08,30998766.0
500,2019-02-27,10.08,10.1,9.68,9.81,21923335.0
501,2019-02-28,9.85,9.93,9.63,9.8,16476279.0
502,2019-03-01,9.86,10.16,9.76,9.8,21821757.0
503,2019-03-04,9.9,10.05,9.64,9.92,21506852.0
504,2019-03-05,9.91,10.11,9.83,10.08,19276447.0
505,2019-03-06,10.0,10.06,9.77,9.87,18320334.0
506,2019-03-07,9.85,9.86,9.16,9.49,28694498.0
507,2019-03-08,9.22,9.56,9.18,9.48,15665028.0
508,2019-03-11,9.6,10.07,9.43,9.96,21696302.0
509,2019-03-12,10.04,10.04,9.68,9.88,16308382.0
510,2019-03-13,9.88,10.06,9.77,10.05,14360956.0
511,2019-03-14,10.6,11.38,10.55,11.28,80897288.0
512,2019-03-15,11.56,11.67,10.93,11.16,51649522.0
513,2019-03-18,11.04,11.26,10.71,10.94,25751146.0
514,2019-03-19,10.89,11.04,10.57,10.63,23380891.0
515,2019-03-20,10.52,11.04,10.45,10.94,19052076.0
516,2019-03-21,10.86,11.02,10.76,11.01,14582407.0
517,2019-03-22,11.0,11.47,10.68,10.73,26372674.0
518,2019-03-25,10.68,10.85,10.46,10.72,13166322.0
519,2019-03-26,10.83,10.94,10.7,10.76,10066432.0
520,2019-03-27,10.75,10.84,10.43,10.64,11232535.0
521,2019-03-28,10.61,10.92,10.58,10.79,10308195.0
522,2019-03-29,10.86,11.06,10.77,11.02,13316971.0
523,2019-04-01,11.14,11.53,10.92,11.36,22120002.0
524,2019-04-02,11.01,11.3,10.93,11.22,20786542.0
525,2019-04-03,11.29,11.51,11.11,11.16,16793375.0
526,2019-04-04,11.23,11.54,10.98,11.28,28867742.0
527,2019-04-05,11.64,12.05,11.45,11.84,58510718.0
528,2019-04-08,12.31,12.63,12.19,12.27,42413410.0
529,2019-04-09,12.16,12.47,12.06,12.35,26261311.0
530,2019-04-10,11.84,12.2,11.57,12.02,45526033.0
531,2019-04-11,12.1,12.37,11.79,11.9,20186014.0
532,2019-04-12,11.98,12.03,11.7,11.97,15400515.0
533,2019-04-15,11.9,12.02,11.79,11.85,10578909.0
534,2019-04-16,11.8,11.85,11.48,11.69,19741078.0
535,2019-04-17,11.76,11.83,11.52,11.75,14681621.0
536,2019-04-18,11.18,11.71,11.18,11.67,24285199.0
537,2019-04-22,11.55,11.7,11.23,11.53,20725500.0
538,2019-04-23,11.94,12.2,11.67,11.99,63113347.0
539,2019-04-24,12.35,12.42,11.06,11.26,106430642.0
540,2019-04-25,11.13,11.15,10.51,10.79,51272563.0
541,2019-04-26,10.73,11.13,10.69,10.91,23725546.0
542,2019-04-29,11.1,11.29,11.06,11.22,21473820.0
543,2019-04-30,11.16,11.37,11.02,11.14,17017903.0
544,2019-05-01,11.2,11.36,11.14,11.2,13589920.0
545,2019-05-02,11.23,11.25,10.99,11.24,12005039.0
546,2019-05-03,11.25,11.84,11.25,11.8,19211736.0
547,2019-05-06,11.39,11.86,11.38,11.77,12552518.0
548,2019-05-07,11.66,11.78,11.07,11.17,20793150.0
549,2019-05-08,11.24,11.27,10.79,10.82,21362077.0
550,2019-05-09,10.71,11.1,10.65,10.98,15840653.0
551,2019-05-10,10.92,10.92,10.28,10.49,23159715.0
552,2019-05-13,10.05,10.34,10.04,10.11,15911862.0
553,2019-05-14,10.23,10.65,10.2,10.49,19956276.0
554,2019-05-15,10.45,10.73,10.4,10.66,12390524.0
555,2019-05-16,10.72,11.54,10.72,11.42,36343789.0
556,2019-05-17,11.24,11.64,11.09,11.49,24816973.0
557,2019-05-20,11.27,11.3,10.98,11.19,19753883.0
558,2019-05-21,11.3,11.56,11.3,11.54,18344771.0
559,2019-05-22,11.42,11.6,11.19,11.31,19407374.0
560,2019-05-23,11.05,11.36,10.76,11.12,24490372.0
561,2019-05-24,11.45,11.81,11.4,11.56,29187156.0
562,2019-05-28,11.58,11.6,11.22,11.57,46617075.0
563,2019-05-29,11.31,11.69,11.24,11.68,18806844.0
564,2019-05-30,11.72,12.19,11.63,11.99,28743950.0
565,2019-05-31,11.99,12.1,11.76,11.89,29254279.0
566,2019-06-03,11.88,12.37,11.53,11.69,33333276.0
567,2019-06-04,11.85,12.95,11.85,12.95,53352510.0
568,2019-06-05,12.99,13.14,12.6,12.94,30010815.0
569,2019-06-06,13.0,14.13,12.56,13.82,57526807.0
570,2019-06-07,13.91,14.11,13.82,13.87,28549256.0
571,2019-06-10,13.95,14.07,13.7,13.77,25589844.0
572,2019-06-11,13.93,13.97,13.39,13.54,21897992.0
573,2019-06-12,13.71,13.98,13.48,13.75,17515758.0
574,2019-06-13,13.85,14.31,13.75,14.11,25002972.0
575,2019-06-14,14.15,14.15,13.65,13.96,24189742.0
576,2019-06-17,14.17,14.18,13.4,13.55,26879846.0
577,2019-06-18,14.14,14.98,14.12,14.86,56473196.0
578,2019-06-19,14.85,14.85,14.46,14.67,26536722.0
579,2019-06-20,14.83,15.0,14.63,14.84,18753973.0
580,2019-06-21,14.79,14.82,14.53,14.56,13530765.0
581,2019-06-24,14.68,15.01,14.64,14.76,27563119.0
582,2019-06-25,14.69,15.0,14.28,14.53,25231137.0
583,2019-06-26,14.75,14.93,14.64,14.71,18330753.0
584,2019-06-27,14.76,14.81,14.56,14.58,13184951.0
585,2019-06-28,14.76,14.78,14.18,14.3,20060073.0
586,2019-07-01,14.73,14.81,14.34,14.35,18527848.0
587,2019-07-02,14.46,14.48,13.98,14.1,17823895.0
588,2019-07-03,14.1,14.77,14.08,14.76,15065242.0
589,2019-07-05,14.66,15.29,14.55,15.23,26456119.0
590,2019-07-08,15.12,15.36,15.01,15.14,14292931.0
591,2019-07-09,15.3,15.57,14.8,15.25,26250621.0
592,2019-07-10,15.26,15.36,14.97,15.26,17194511.0
593,2019-07-11,15.61,15.94,15.39,15.57,26709648.0
594,2019-07-12,16.16,16.24,15.53,15.61,39198847.0
595,2019-07-15,15.59,15.73,15.28,15.5,16919612.0
596,2019-07-16,15.5,15.53,14.89,15.0,24522972.0
597,2019-07-17,14.9,15.14,14.56,14.93,13471276.0
598,2019-07-18,14.72,14.94,14.43,14.55,19050845.0
599,2019-07-19,14.62,14.65,13.96,14.02,30424354.0
600,2019-07-22,14.02,14.47,13.98,14.15,26770029.0
601,2019-07-23,14.66,14.93,14.25,14.83,78779016.0
602,2019-07-24,16.22,17.61,16.08,17.61,143867644.0
603,2019-07-25,17.23,18.0,17.12,17.69,88040544.0
604,2019-07-26,17.7,18.36,17.62,17.89,55913056.0
605,2019-07-29,18.01,18.12,17.44,17.5,25542301.0
606,2019-07-30,17.23,17.33,16.9,16.93,33597174.0
607,2019-07-31,16.98,17.32,16.48,16.8,30566771.0
608,2019-08-01,16.83,17.45,16.59,16.68,35265436.0
609,2019-08-02,16.54,17.23,16.46,17.03,23809371.0
610,2019-08-05,16.57,16.63,16.03,16.46,26598609.0
611,2019-08-06,16.2,16.63,16.16,16.29,30305926.0
612,2019-08-07,15.61,16.08,15.52,15.91,204300.0
613,2019-08-08,16.1,16.82,15.9,16.76,35592717.0
614,2019-08-09,16.88,17.19,16.63,16.98,27503290.0
615,2019-08-12,16.85,16.97,16.36,16.81,17905171.0
616,2019-08-13,16.8,17.11,16.65,17.0,22496800.0
617,2019-08-14,16.62,16.89,16.29,16.36,18094850.0
618,2019-08-15,16.46,16.5,15.85,15.99,18199953.0
619,2019-08-16,16.13,16.19,15.47,15.98,25843920.0
620,2019-08-19,16.07,16.2,15.85,16.16,18707497.0
621,2019-08-20,15.99,16.44,15.95,16.08,17837393.0
622,2019-08-21,16.3,16.34,15.97,16.14,15828526.0
623,2019-08-22,16.25,16.74,16.02,16.08,25040436.0
624,2019-08-23,15.95,16.07,15.52,15.55,19967482.0
625,2019-08-26,15.64,16.21,15.57,16.11,23655982.0
626,2019-08-27,16.21,16.3,15.03,15.51,31454157.0
627,2019-08-28,15.3,15.71,15.25,15.55,19134926.0
628,2019-08-29,15.81,16.08,15.75,15.78,14749471.0
629,2019-08-30,15.93,15.97,15.55,15.83,10603810.0
630,2019-09-03,16.09,16.4,15.57,15.93,30209466.0
631,2019-09-04,16.03,16.12,15.77,15.8,18326323.0
632,2019-09-05,15.93,16.09,15.83,15.87,20776868.0
633,2019-09-06,15.97,16.64,15.9,16.62,29128689.0
634,2019-09-09,16.35,16.63,15.16,15.31,49568131.0
635,2019-09-10,15.13,15.2,14.57,15.02,28741217.0
636,2019-09-11,15.28,15.39,14.83,15.31,17825052.0
637,2019-09-12,15.25,15.94,15.2,15.77,17944494.0
638,2019-09-13,15.82,16.13,15.66,16.0,15916010.0
639,2019-09-16,15.84,16.0,15.51,15.76,15548621.0
640,2019-09-17,16.01,16.9,15.98,16.83,40407384.0
641,2019-09-18,16.63,17.04,16.38,16.9,33298350.0
642,2019-09-19,16.87,16.97,16.23,16.88,31799504.0
643,2019-09-20,16.88,17.14,16.86,17.04,31987246.0
644,2019-09-23,17.05,17.32,16.94,17.12,24325717.0
645,2019-09-24,17.7,18.17,16.82,17.04,49417912.0
646,2019-09-25,17.21,17.21,16.48,17.11,29375758.0
647,2019-09-26,17.03,17.04,16.66,17.0,22024085.0
648,2019-09-27,16.98,17.1,15.7,16.02,35289534.0
649,2019-09-30,16.0,16.02,15.4,15.8,20773177.0
650,2019-10-01,16.04,16.46,15.46,15.52,27745701.0
651,2019-10-02,15.28,15.34,14.71,14.8,33225226.0
652,2019-10-03,14.58,14.64,13.68,14.3,58435966.0
653,2019-10-04,14.9,15.17,14.42,14.52,33704707.0
654,2019-10-07,14.47,14.68,14.34,14.47,21590975.0
655,2019-10-08,14.3,14.59,14.05,14.15,23736528.0
656,2019-10-09,14.3,14.33,14.04,14.21,15560115.0
657,2019-10-10,14.19,14.38,14.01,14.08,15524722.0
658,2019-10-11,14.24,14.57,14.1,14.16,27746480.0
659,2019-10-14,14.19,14.22,13.64,13.76,20694392.0
660,2019-10-15,13.87,14.15,13.86,14.09,22110784.0
661,2019-10-16,14.02,14.04,13.62,13.67,22875460.0
662,2019-10-17,13.73,14.12,13.69,13.78,21096490.0
663,2019-10-18,14.15,14.28,13.42,13.52,39057300.0
664,2019-10-21,13.76,14.63,13.73,14.58,45431543.0
665,2019-10-22,15.0,15.03,13.91,14.0,84611238.0
666,2019-10-23,13.91,14.38,12.93,13.18,112851367.0
667,2019-10-24,13.18,13.65,12.71,13.52,54563108.0
668,2019-10-25,13.41,14.01,13.32,13.96,28339759.0
669,2019-10-28,14.04,14.73,14.01,14.68,37665903.0
670,2019-10-29,14.5,14.95,14.37,14.64,21062538.0
671,2019-10-30,14.71,14.9,14.43,14.86,19134644.0
672,2019-10-31,14.82,15.17,14.55,15.06,21633739.0
673,2019-11-01,15.09,15.38,14.93,15.18,19915881.0
674,2019-11-04,15.31,15.38,15.15,15.35,17392660.0
675,2019-11-05,15.32,15.35,14.81,14.83,18667043.0
676,2019-11-06,14.87,14.88,14.23,14.41,23041331.0
677,2019-11-07,14.41,14.7,14.14,14.16,17196476.0
678,2019-11-08,14.18,14.52,14.09,14.19,14253176.0
679,2019-11-11,14.13,14.41,13.96,14.39,13129984.0
680,2019-11-12,14.38,14.64,14.32,14.38,13020959.0
681,2019-11-13,14.38,14.64,14.34,14.47,8472354.0
682,2019-11-14,14.42,14.59,14.21,14.37,16352590.0
683,2019-11-15,14.48,14.6,13.5,13.94,33510296.0
684,2019-11-18,14.08,14.74,14.04,14.69,33326636.0
685,2019-11-19,14.58,15.26,14.39,15.16,24848960.0
686,2019-11-20,15.07,15.52,15.01,15.31,21039055.0
687,2019-11-21,15.33,15.63,15.06,15.08,21572404.0
688,2019-11-22,15.18,15.5,15.01,15.26,20997304.0
689,2019-11-25,15.59,15.9,15.49,15.5,25680682.0
690,2019-11-26,15.46,15.55,15.16,15.46,20548404.0
691,2019-11-27,15.53,15.53,15.23,15.35,11531678.0
692,2019-11-29,15.23,15.36,15.19,15.25,6311184.0
693,2019-12-02,15.25,15.28,14.54,14.6,25337287.0
694,2019-12-03,14.22,14.98,14.16,14.92,19249866.0
695,2019-12-04,14.99,15.08,14.81,15.0,11210520.0
696,2019-12-05,15.05,15.16,14.66,14.68,11987612.0
697,2019-12-06,14.86,14.95,14.7,14.74,11223678.0
698,2019-12-09,14.64,14.89,14.21,14.23,20272418.0
699,2019-12-10,14.23,14.33,13.97,14.09,20385733.0
700,2019-12-11,14.01,14.25,13.96,14.23,11705627.0
701,2019-12-12,14.16,14.47,14.07,14.45,16450799.0
702,2019-12-13,14.75,15.19,14.58,15.09,27837454.0
703,2019-12-16,15.21,15.24,14.85,15.11,27311109.0
704,2019-12-17,15.1,15.42,15.05,15.1,23302878.0
705,2019-12-18,15.07,15.39,15.06,15.11,16838355.0
706,2019-12-19,15.05,15.47,15.0,15.46,21127027.0
707,2019-12-20,15.54,15.74,15.29,15.55,24978375.0
708,2019-12-23,15.55,15.59,15.23,15.49,19972575.0
709,2019-12-24,15.53,15.65,15.39,15.61,8907875.0
710,2019-12-26,15.6,16.18,15.5,15.97,22710032.0
711,2019-12-27,16.08,16.18,15.78,16.03,15000091.0
712,2019-12-30,16.05,16.17,15.68,15.89,15615250.0
713,2019-12-31,15.78,16.35,15.77,16.33,18055249.0
714,2020-01-02,16.62,16.95,16.46,16.78,26096264.0
715,2020-01-03,16.43,17.1,16.35,16.75,19783629.0
716,2020-01-06,16.65,16.79,16.41,16.78,15980488.0
717,2020-01-07,16.87,17.07,16.55,17.03,21450918.0
718,2020-01-08,16.98,17.01,16.65,16.67,15611796.0
719,2020-01-09,17.29,17.93,17.04,17.36,62798221.0
720,2020-01-10,17.66,17.73,17.28,17.41,25643260.0
721,2020-01-13,17.48,18.0,17.3,18.0,22446606.0
722,2020-01-14,17.99,18.09,17.66,17.99,25409139.0
723,2020-01-15,18.0,18.52,17.97,18.19,23381323.0
724,2020-01-16,18.02,18.41,17.78,18.25,27082291.0
725,2020-01-17,19.1,19.29,18.76,19.11,46317283.0
726,2020-01-21,19.02,19.25,18.77,19.0,24782452.0
727,2020-01-22,19.23,19.53,19.06,19.1,23406856.0
728,2020-01-23,19.18,19.43,18.91,19.25,25071472.0
729,2020-01-24,19.71,19.75,18.84,19.05,32866666.0
730,2020-01-27,18.47,18.77,18.27,18.62,19065276.0
731,2020-01-28,18.8,19.11,18.7,18.99,23612442.0
732,2020-01-29,19.15,19.27,18.93,19.14,18193542.0
733,2020-01-30,18.81,18.97,18.58,18.88,17175638.0
734,2020-01-31,18.73,18.79,18.18,18.38,24963067.0
735,2020-02-03,18.65,18.85,18.2,18.23,30530308.0
736,2020-02-04,18.48,19.04,18.23,18.98,56952072.0
737,2020-02-05,18.02,18.08,16.11,16.19,109380411.0
738,2020-02-06,16.36,17.14,16.28,17.0,40145608.0
739,2020-02-07,16.96,17.18,16.68,17.13,28828805.0
740,2020-02-10,17.05,17.6,17.0,17.6,22060282.0
741,2020-02-11,17.65,17.8,17.44,17.61,18698551.0
742,2020-02-12,17.66,17.66,17.19,17.4,17627945.0
743,2020-02-13,17.22,17.74,17.17,17.59,13770422.0
744,2020-02-14,17.54,17.86,17.43,17.56,15255436.0
745,2020-02-18,17.44,17.53,16.74,17.17,29742603.0
746,2020-02-19,17.23,17.33,17.1,17.2,16805112.0
747,2020-02-20,17.09,17.39,16.6,16.92,22831614.0
748,2020-02-21,16.83,16.91,16.5,16.7,14460339.0
749,2020-02-24,15.69,16.41,15.56,16.15,23185427.0
750,2020-02-25,16.31,16.35,15.76,15.89,20380580.0
751,2020-02-26,15.93,16.5,15.43,15.67,21304330.0
752,2020-02-27,15.18,15.28,14.63,14.66,30827817.0
753,2020-02-28,13.86,14.28,13.63,14.17,40967280.0
754,2020-03-02,14.35,14.53,13.75,14.39,27697224.0
755,2020-03-03,14.5,14.74,13.35,13.55,29756245.0
756,2020-03-04,13.82,13.85,13.21,13.63,34396616.0
757,2020-03-05,13.68,14.21,13.53,13.85,43604115.0
758,2020-03-06,13.46,13.55,12.67,13.0,41636811.0
759,2020-03-09,11.25,12.13,11.0,11.45,37469794.0
760,2020-03-10,11.91,11.99,10.99,11.99,35774933.0
761,2020-03-11,11.57,11.67,10.57,10.81,37349282.0
762,2020-03-12,10.07,11.13,9.71,10.42,38258071.0
763,2020-03-13,11.09,11.35,10.78,11.35,28720598.0
764,2020-03-16,9.61,10.2,9.03,9.06,46692966.0
765,2020-03-17,9.19,9.37,8.21,8.91,40532044.0
766,2020-03-18,8.03,9.08,7.89,8.37,52321725.0
767,2020-03-19,8.3,9.68,8.1,9.47,39237658.0
768,2020-03-20,9.98,10.4,9.65,10.09,53853466.0
769,2020-03-23,10.12,10.95,10.05,10.65,32488230.0
770,2020-03-24,11.32,11.58,10.68,11.0,27699628.0
771,2020-03-25,11.15,11.65,10.47,11.23,31723574.0
772,2020-03-26,11.31,12.07,11.26,11.95,20008309.0
773,2020-03-27,11.59,12.41,11.32,12.18,30817811.0
774,2020-03-30,12.05,12.27,11.59,11.85,32480145.0
775,2020-03-31,11.65,12.6,11.63,11.89,32326855.0
776,2020-04-01,11.32,11.69,10.98,11.21,25550766.0
777,2020-04-02,11.18,11.82,11.02,11.27,19925153.0
778,2020-04-03,11.3,11.45,10.85,11.06,16545881.0
779,2020-04-06,11.47,12.25,11.32,12.16,23954180.0
780,2020-04-07,12.6,12.73,12.01,12.1,26238670.0
781,2020-04-08,12.57,13.45,12.5,13.22,29895918.0
782,2020-04-09,13.52,13.87,13.21,13.61,30755026.0
783,2020-04-13,13.69,13.82,13.16,13.54,16725812.0
784,2020-04-14,13.7,14.09,13.55,13.78,18277674.0
785,2020-04-15,13.46,13.69,13.37,13.58,17873427.0
786,2020-04-16,13.63,13.65,12.63,13.02,32030511.0
787,2020-04-17,13.2,13.47,12.84,12.98,21355361.0
788,2020-04-20,12.77,13.34,12.52,12.92,25989099.0
789,2020-04-21,12.71,13.04,12.44,12.44,46695338.0
790,2020-04-22,15.18,17.15,14.85,17.01,171234803.0
791,2020-04-23,16.51,16.86,16.03,16.06,89404289.0
792,2020-04-24,15.94,16.22,15.58,16.0,65433686.0
793,2020-04-27,16.25,17.0,16.1,16.91,43135563.0
794,2020-04-28,17.03,17.26,16.15,16.41,28909901.0
795,2020-04-29,16.8,17.87,16.6,17.83,41753629.0
796,2020-04-30,17.5,17.99,17.23,17.61,30870826.0
797,2020-05-01,17.0,17.3,16.53,16.79,27128401.0
798,2020-05-04,16.6,17.19,16.53,17.1,17655650.0
799,2020-05-05,17.17,17.75,17.12,17.51,25580185.0
800,2020-05-06,17.02,17.82,17.01,17.33,25366154.0
801,2020-05-07,17.6,18.17,17.53,18.15,31858527.0
802,2020-05-08,18.18,18.26,17.76,18.23,20377261.0
803,2020-05-11,18.1,18.46,18.01,18.09,17924377.0
804,2020-05-12,18.2,18.27,17.38,17.38,18419621.0
805,2020-05-13,17.4,17.59,16.43,16.77,21877519.0
806,2020-05-14,16.65,17.15,16.42,16.93,19518581.0
807,2020-05-15,16.8,17.23,16.62,17.1,21957686.0
808,2020-05-18,17.5,18.2,17.45,17.49,28773981.0
809,2020-05-19,17.28,17.88,17.25,17.48,13718657.0
810,2020-05-20,17.67,18.25,17.67,18.23,20380912.0
811,2020-05-21,18.2,18.39,17.52,17.55,16285485.0
812,2020-05-22,17.67,17.68,17.29,17.67,12321577.0
813,2020-05-26,18.0,18.03,17.38,17.41,16956132.0
814,2020-05-27,17.39,17.39,16.51,17.0,23493546.0
815,2020-05-28,16.9,18.38,16.84,18.25,46457583.0
816,2020-05-29,18.29,19.01,17.93,18.94,58897011.0
817,2020-06-01,19.0,19.59,18.72,19.55,36198604.0
818,2020-06-02,19.66,19.87,19.18,19.75,25398007.0
819,2020-06-03,19.83,19.83,18.91,19.73,38326375.0
820,2020-06-04,19.49,20.03,19.06,19.26,47137181.0
821,2020-06-05,19.45,20.34,19.32,20.33,36127164.0
822,2020-06-08,20.3,20.76,20.06,20.65,20878102.0
823,2020-06-09,20.46,21.14,20.42,21.09,27319483.0
824,2020-06-10,21.24,21.36,20.3,21.2,33715601.0
825,2020-06-11,20.05,20.95,19.61,19.71,39308164.0
826,2020-06-12,20.42,20.44,19.64,20.18,24757025.0
827,2020-06-15,19.81,20.79,19.74,20.75,16289443.0
828,2020-06-16,21.3,21.45,20.64,20.9,20842997.0
829,2020-06-17,21.0,21.95,20.86,21.82,24852057.0
830,2020-06-18,21.81,22.01,21.66,21.99,17778054.0
831,2020-06-19,22.41,22.7,21.95,22.66,33297123.0
832,2020-06-22,22.84,23.6,22.71,23.2,26305019.0
833,2020-06-23,23.46,23.92,23.08,23.67,26578340.0
834,2020-06-24,23.52,23.95,22.88,23.63,26026554.0
835,2020-06-25,23.51,24.5,23.45,24.48,26016495.0
836,2020-06-26,24.84,24.9,23.05,23.07,34806286.0
837,2020-06-29,22.86,23.2,22.03,23.09,29191736.0
838,2020-06-30,23.06,23.67,22.68,23.49,21714983.0
839,2020-07-01,23.65,24.23,23.59,23.72,21733776.0
840,2020-07-02,24.01,24.12,23.11,23.22,18493874.0
841,2020-07-06,23.51,23.97,23.36,23.42,18706027.0
842,2020-07-07,23.73,25.58,23.55,24.81,41802606.0
843,2020-07-08,25.28,26.5,25.14,26.41,39698930.0
844,2020-07-09,26.05,26.76,25.25,25.94,21725922.0
845,2020-07-10,25.92,25.93,24.91,25.53,23809095.0
846,2020-07-13,25.82,26.28,24.23,24.27,21231331.0
847,2020-07-14,24.0,24.27,23.02,23.74,30313368.0
848,2020-07-15,24.15,24.65,23.69,24.54,24478515.0
849,2020-07-16,24.18,24.42,23.44,23.9,20179592.0
850,2020-07-17,23.94,24.68,23.79,24.54,17438892.0
851,2020-07-20,24.86,25.32,24.46,25.27,20237596.0
852,2020-07-21,25.58,25.74,24.58,24.74,51942046.0
853,2020-07-22,23.49,23.79,22.46,23.2,83824274.0
854,2020-07-23,22.78,23.09,21.8,21.97,47380172.0
855,2020-07-24,21.88,22.45,21.53,22.15,22471837.0
856,2020-07-27,22.34,22.85,22.2,22.84,21434859.0
857,2020-07-28,22.66,22.99,22.42,22.59,15210794.0
858,2020-07-29,22.85,23.01,22.62,22.9,13132395.0
859,2020-07-30,22.7,22.9,22.35,22.41,17607567.0
860,2020-07-31,22.83,23.96,22.05,22.42,51528936.0
861,2020-08-03,21.89,21.89,20.61,21.22,56421567.0
862,2020-08-04,21.19,22.27,21.18,21.76,25185238.0
863,2020-08-05,21.78,22.14,21.51,21.7,17260737.0
864,2020-08-06,21.8,21.9,21.13,21.35,28055779.0
865,2020-08-07,21.36,22.2,21.28,21.58,30708509.0
866,2020-08-10,21.7,22.29,21.21,22.02,21486217.0
867,2020-08-11,21.83,22.5,21.55,21.6,16382857.0
868,2020-08-12,21.84,22.29,21.71,21.86,13428170.0
869,2020-08-13,22.0,22.33,21.63,21.9,12412684.0
870,2020-08-14,21.9,22.05,21.46,21.69,9311703.0
871,2020-08-17,21.83,21.98,21.26,21.79,16250445.0
872,2020-08-18,21.94,22.13,21.58,21.77,13052748.0
873,2020-08-19,21.71,22.44,21.54,21.92,17048472.0
874,2020-08-20,21.76,21.97,21.58,21.83,8692852.0
875,2020-08-21,21.9,21.99,21.55,21.6,10525416.0
876,2020-08-24,21.76,21.76,20.77,20.87,22641761.0
877,2020-08-25,20.9,21.19,20.68,21.12,18686392.0
878,2020-08-26,21.15,21.41,21.01,21.36,12894652.0
879,2020-08-27,21.5,22.2,20.87,21.74,23754063.0
880,2020-08-28,21.79,22.35,21.4,22.31,22074931.0
881,2020-08-31,22.83,23.19,22.29,22.59,21587707.0
882,2020-09-01,22.76,22.76,21.8,22.41,25392569.0
883,2020-09-02,22.52,23.56,22.39,23.53,40138885.0
884,2020-09-03,23.25,23.41,22.42,23.2,30099690.0
885,2020-09-04,22.9,23.58,21.44,22.44,23886360.0
886,2020-09-08,21.7,23.09,21.53,22.69,19532378.0
887,2020-09-09,23.08,24.02,22.88,23.65,26486910.0
888,2020-09-10,24.17,24.38,23.04,23.31,20539063.0
889,2020-09-11,23.73,24.42,23.7,24.19,37826000.0
890,2020-09-14,23.59,24.16,23.21,24.13,24503151.0
891,2020-09-15,24.49,24.88,23.97,24.47,25063235.0
892,2020-09-16,24.49,25.22,24.42,24.86,26937243.0
893,2020-09-17,24.23,24.67,23.93,24.3,21249168.0
894,2020-09-18,24.75,24.75,23.2,23.82,23854120.0
895,2020-09-21,23.11,24.3,23.06,23.88,16678162.0
896,2020-09-22,24.1,25.49,24.09,25.47,32627345.0
897,2020-09-23,25.67,25.93,24.92,25.37,22750654.0
898,2020-09-24,24.85,24.95,24.02,24.32,19425752.0
899,2020-09-25,24.4,24.73,24.13,24.69,11036574.0
900,2020-09-28,25.35,25.84,25.21,25.74,19124429.0
901,2020-09-29,25.83,26.36,25.77,25.99,15903014.0
902,2020-09-30,25.87,26.47,25.82,26.11,13109287.0
903,2020-10-01,26.28,27.02,26.19,26.78,17177430.0
904,2020-10-02,26.23,26.99,26.13,26.64,14950584.0
905,2020-10-05,26.95,27.64,26.91,27.54,14193515.0
906,2020-10-06,27.5,27.79,26.51,26.73,14543928.0
907,2020-10-07,27.1,27.13,26.62,26.67,8622870.0
908,2020-10-08,27.0,27.13,26.81,27.05,9753118.0
909,2020-10-09,27.16,27.47,26.9,27.0,10984734.0
910,2020-10-12,27.36,27.67,26.95,26.96,11117842.0
911,2020-10-13,27.27,27.38,26.91,27.0,11848957.0
912,2020-10-14,27.22,27.44,26.69,27.32,13559134.0
913,2020-10-15,27.05,28.1,26.88,28.06,18957019.0
914,2020-10-16,28.5,28.56,27.52,27.83,21636168.0
915,2020-10-19,28.25,29.08,28.25,28.66,31479309.0
916,2020-10-20,28.28,28.95,27.91,28.45,47067912.0
917,2020-10-21,34.97,38.89,34.52,36.5,254363125.0
918,2020-10-22,36.94,39.19,36.86,38.97,124632448.0
919,2020-10-23,39.43,43.19,39.17,43.17,206472869.0
920,2020-10-26,43.19,44.18,40.91,41.27,138808570.0
921,2020-10-27,41.55,42.34,40.8,41.54,63646871.0
922,2020-10-28,40.31,43.4,40.12,42.86,78827794.0
923,2020-10-29,43.3,43.6,41.51,42.22,38288044.0
924,2020-10-30,42.06,42.12,38.79,39.39,52777589.0
925,2020-11-02,39.53,40.95,38.67,40.79,37493805.0
926,2020-11-03,40.7,41.69,40.35,41.17,22719781.0
927,2020-11-04,41.56,42.54,41.06,41.99,23314755.0
928,2020-11-05,42.29,42.53,41.22,41.55,25087438.0
929,2020-11-06,41.68,45.6,41.14,45.38,45874563.0
930,2020-11-09,43.2,44.53,41.09,41.1,35135792.0
931,2020-11-10,40.67,40.68,37.35,38.54,42098245.0
932,2020-11-11,39.59,40.15,38.34,38.46,31819418.0
933,2020-11-12,39.52,41.8,39.15,40.3,36542232.0
934,2020-11-13,40.45,40.96,39.24,40.43,18618501.0
935,2020-11-16,39.03,41.31,38.7,39.08,27157169.0
936,2020-11-17,39.01,39.77,38.51,39.27,25704928.0
937,2020-11-18,39.31,40.98,39.19,40.63,18370840.0
938,2020-11-19,40.6,42.42,39.96,42.29,28472658.0
939,2020-11-20,42.62,44.32,42.22,44.29,28635846.0
940,2020-11-23,47.1,47.27,45.11,45.26,37072544.0
941,2020-11-24,45.6,45.69,43.36,44.29,24445736.0
942,2020-11-25,44.12,45.69,43.7,45.56,17817623.0
943,2020-11-27,45.82,46.34,45.17,46.03,7690656.0
944,2020-11-30,46.02,46.25,43.26,44.42,18893279.0
945,2020-12-01,44.9,45.2,43.38,44.5,17089787.0
946,2020-12-02,44.43,47.5,43.53,47.49,24355687.0
947,2020-12-03,47.05,48.6,46.22,47.95,21367555.0
948,2020-12-04,47.99,48.6,47.4,48.1,13089388.0
949,2020-12-07,48.0,49.65,47.8,49.45,18759954.0
950,2020-12-08,49.33,50.43,49.18,50.0,12446520.0
951,2020-12-09,50.0,50.98,48.46,49.15,18354711.0
952,2020-12-10,48.85,53.27,48.6,53.15,31519725.0
953,2020-12-11,52.88,53.85,51.88,53.33,26837740.0
954,2020-12-14,53.68,53.73,51.28,51.6,18931196.0
955,2020-12-15,51.79,52.65,51.13,51.35,14553256.0
956,2020-12-16,52.11,52.52,50.29,51.65,27167733.0
957,2020-12-17,52.56,54.71,51.9,53.25,25356112.0
958,2020-12-18,53.56,54.29,52.42,52.99,24450166.0
959,2020-12-21,52.38,53.24,51.86,52.36,10785219.0
960,2020-12-22,52.59,53.31,50.8,52.09,16253269.0
961,2020-12-23,52.14,53.79,51.5,51.74,12929281.0
962,2020-12-24,51.92,51.98,49.88,50.15,9450369.0
963,2020-12-28,50.77,50.83,47.82,48.26,13711156.0
964,2020-12-29,51.48,53.78,50.46,51.23,49966075.0
965,2020-12-30,51.37,51.83,49.32,49.35,17746242.0
966,2020-12-31,49.5,50.45,49.03,50.07,15597018.0
967,2021-01-04,50.44,50.7,48.1,49.59,18843645.0
968,2021-01-05,49.35,50.64,49.26,50.31,8863435.0
969,2021-01-06,49.11,51.08,48.47,49.82,15054123.0
970,2021-01-07,50.35,53.82,50.35,52.44,20559787.0
971,2021-01-08,53.43,53.68,52.18,52.73,11944201.0
972,2021-01-11,51.86,55.79,51.09,54.38,17815978.0
973,2021-01-12,55.22,56.65,54.25,56.45,19234840.0
974,2021-01-13,56.75,57.39,53.43,53.43,14848196.0
975,2021-01-14,53.3,54.44,48.71,49.03,31962674.0
976,2021-01-15,50.7,51.07,49.05,50.31,22625728.0
977,2021-01-19,51.34,51.49,49.12,50.39,21063908.0
978,2021-01-20,50.61,52.23,49.95,52.2,15595052.0
979,2021-01-21,53.96,54.85,53.01,54.4,19747398.0
980,2021-01-22,53.9,54.43,53.15,53.57,16258705.0
981,2021-01-25,54.9,55.34,50.91,53.65,14822811.0
982,2021-01-26,54.12,54.44,52.4,53.29,13339968.0
983,2021-01-27,51.76,52.15,48.14,48.95,24099059.0
984,2021-01-28,50.81,54.78,50.28,53.13,25526693.0
985,2021-01-29,52.6,53.31,50.76,52.94,15104844.0
986,2021-02-01,54.0,56.91,52.9,56.85,21208787.0
987,2021-02-02,57.35,59.41,56.95,58.87,18725907.0
988,2021-02-03,60.35,60.52,57.9,59.26,22390867.0
989,2021-02-04,60.13,60.33,58.31,58.31,32019178.0
990,2021-02-05,56.39,64.44,55.51,63.64,85645975.0
991,2021-02-08,63.34,63.78,61.4,63.78,28520453.0
992,2021-02-09,63.16,65.32,62.33,62.8,17318198.0
993,2021-02-10,63.43,63.78,61.05,62.6,10264579.0
994,2021-02-11,63.94,65.42,61.72,62.23,16315103.0
995,2021-02-12,62.06,63.29,60.88,61.97,11618117.0
996,2021-02-16,62.28,64.29,61.18,62.81,18670989.0
997,2021-02-17,62.03,63.22,61.07,62.72,14343039.0
998,2021-02-18,61.98,64.0,61.4,62.87,12937375.0
999,2021-02-19,63.92,65.79,63.73,65.52,24490634.0
1000,2021-02-22,66.35,67.5,63.08,63.41,22511630.0
1001,2021-02-23,61.05,72.95,56.83,70.45,76106349.0
1002,2021-02-24,70.91,73.59,68.5,69.47,40732260.0
1003,2021-02-25,69.4,70.9,62.71,63.26,25413627.0
1004,2021-02-26,64.86,66.32,62.0,65.66,29438356.0
1005,2021-03-01,66.93,67.7,63.32,66.67,22141104.0
1006,2021-03-02,67.0,68.88,64.2,64.51,18762167.0
1007,2021-03-03,64.52,64.7,58.93,60.02,22914637.0
1008,2021-03-04,60.01,61.08,55.93,57.71,25453765.0
1009,2021-03-05,57.9,57.95,51.32,57.43,28930653.0
1010,2021-03-08,57.8,58.57,52.0,52.89,26807593.0
1011,2021-03-09,55.41,57.29,54.51,56.3,20760998.0
1012,2021-03-10,57.41,58.43,55.01,55.07,19773747.0
1013,2021-03-11,56.75,59.97,56.25,59.62,22780037.0
1014,2021-03-12,58.33,64.36,57.09,62.69,23441313.0
1015,2021-03-15,62.5,63.97,61.39,63.74,16843782.0
1016,2021-03-16,64.4,65.13,60.92,62.23,18260210.0
1017,2021-03-17,60.82,64.3,59.58,63.95,17473592.0
1018,2021-03-18,63.17,63.23,58.22,58.49,22571182.0
1019,2021-03-19,58.65,59.4,57.42,58.36,20748641.0
1020,2021-03-22,57.19,58.69,54.6,58.16,27575401.0
1021,2021-03-23,58.1,58.19,55.21,55.26,17510715.0
1022,2021-03-24,55.7,56.36,49.51,50.51,25471886.0
1023,2021-03-25,49.27,51.75,48.32,51.41,21692137.0
1024,2021-03-26,51.5,51.85,49.86,51.6,15199558.0
1025,2021-03-29,51.01,51.75,48.9,49.57,17896523.0
1026,2021-03-30,49.07,50.57,47.92,49.61,17599927.0
1027,2021-03-31,50.57,53.29,49.97,52.29,26444605.0
1028,2021-04-01,53.69,54.72,53.35,54.49,16155755.0
1029,2021-04-05,55.18,55.28,52.69,54.11,12737412.0
1030,2021-04-06,56.78,58.13,55.97,56.88,27868853.0
1031,2021-04-07,57.12,61.13,56.9,60.23,38682305.0
1032,2021-04-08,61.04,63.21,60.53,63.2,28898742.0
1033,2021-04-09,62.68,64.07,62.15,63.27,17271031.0
1034,2021-04-12,62.81,63.32,60.92,62.44,11311883.0
1035,2021-04-13,63.48,63.64,61.46,62.44,8829211.0
1036,2021-04-14,64.01,65.86,61.73,62.01,20883219.0
1037,2021-04-15,62.51,64.77,61.61,63.89,15303265.0
1038,2021-04-16,63.72,63.79,60.11,61.25,19777877.0
1039,2021-04-19,60.47,60.63,58.12,60.44,17192899.0
1040,2021-04-20,59.69,59.91,57.12,58.49,18048091.0
1041,2021-04-21,57.65,59.09,56.7,58.3,13115968.0
1042,2021-04-22,59.11,59.25,56.39,57.05,30856639.0
1043,2021-04-23,62.01,63.2,57.32,61.3,104579365.0
1044,2021-04-26,60.97,61.44,58.58,60.02,38422231.0
1045,2021-04-27,58.73,62.75,58.36,60.51,65967715.0
1046,2021-04-28,59.85,62.14,57.86,62.04,42222800.0
1047,2021-04-29,62.52,64.25,60.58,62.28,37436587.0
1048,2021-04-30,60.86,63.39,60.83,61.82,25053887.0
1049,2021-05-03,62.04,62.84,58.64,59.17,22347083.0
1050,2021-05-04,57.95,58.11,53.09,55.78,40725701.0
1051,2021-05-05,56.75,57.0,53.83,54.07,17967749.0
1052,2021-05-06,53.33,54.06,51.47,52.59,25201514.0
1053,2021-05-07,53.84,55.46,53.54,54.7,20012342.0
1054,2021-05-10,53.18,53.2,50.4,52.14,23674490.0
1055,2021-05-11,50.61,53.65,50.14,53.29,21201513.0
1056,2021-05-12,52.2,53.15,50.7,51.56,18791573.0
1057,2021-05-13,52.01,52.7,49.9,50.96,13140965.0
1058,2021-05-14,51.36,53.43,51.25,52.99,11479092.0
1059,2021-05-17,52.66,54.06,51.64,53.91,14408459.0
1060,2021-05-18,54.17,55.59,53.35,53.36,14819596.0
1061,2021-05-19,51.61,54.25,51.16,53.91,12949173.0
1062,2021-05-20,54.25,57.37,54.09,57.07,24206487.0
1063,2021-05-21,57.21,58.2,56.17,56.61,19871168.0
1064,2021-05-24,57.35,60.82,57.15,60.12,18676607.0
1065,2021-05-25,60.42,60.78,59.01,59.15,11633497.0
1066,2021-05-26,59.97,61.37,59.7,60.59,13851985.0
1067,2021-05-27,60.3,61.28,59.53,61.07,11570845.0
1068,2021-05-28,61.08,62.65,61.08,62.12,11239184.0
1069,2021-06-01,62.9,63.84,61.86,63.69,18210055.0
1070,2021-06-02,62.76,63.69,61.13,62.79,16490782.0
1071,2021-06-03,61.78,62.06,59.88,60.6,15009068.0
1072,2021-06-04,61.0,61.56,60.43,61.0,11817681.0
1073,2021-06-07,60.99,61.57,59.71,61.37,9017128.0
1074,2021-06-08,61.7,62.12,59.26,60.15,13150076.0
1075,2021-06-09,60.53,62.86,59.98,61.77,16440647.0
1076,2021-06-10,61.2,62.75,60.8,62.63,10696915.0
1077,2021-06-11,62.95,65.07,62.33,64.09,22211220.0
1078,2021-06-14,64.56,65.66,63.23,63.57,14734594.0
1079,2021-06-15,63.06,63.39,62.06,62.28,11037462.0
1080,2021-06-16,62.41,63.29,59.44,60.2,18611837.0
1081,2021-06-17,59.63,63.06,59.62,62.29,12760387.0
1082,2021-06-18,61.8,64.63,61.65,63.17,19813146.0
1083,2021-06-21,63.06,64.12,61.11,63.6,11216790.0
1084,2021-06-22,63.62,64.59,62.28,62.93,13034309.0
1085,2021-06-23,63.2,67.07,63.1,66.35,25658723.0
1086,2021-06-24,67.94,69.35,66.66,67.65,27664085.0
1087,2021-06-25,68.11,68.52,66.68,67.67,11112489.0
1088,2021-06-28,67.76,67.9,65.76,66.22,13671602.0
1089,2021-06-29,66.52,68.17,66.14,67.57,10093728.0
1090,2021-06-30,66.85,68.83,66.6,68.14,11060113.0
1091,2021-07-01,68.58,69.29,66.68,67.66,14710450.0
1092,2021-07-02,68.12,69.03,67.68,68.49,10762022.0
1093,2021-07-06,69.69,70.24,68.13,69.06,16369267.0
1094,2021-07-07,69.61,69.94,65.1,65.13,17460301.0
1095,2021-07-08,62.92,64.39,61.6,61.96,17680880.0
1096,2021-07-09,62.5,65.89,62.43,65.81,17119701.0
1097,2021-07-12,65.9,66.25,64.24,64.79,8624006.0
1098,2021-07-13,64.75,65.47,63.42,63.95,9182042.0
1099,2021-07-14,64.51,64.81,62.08,62.47,11786337.0
1100,2021-07-15,61.64,62.63,59.75,60.5,14524496.0
1101,2021-07-16,61.22,62.26,58.26,59.31,22747548.0
1102,2021-07-19,57.88,60.32,57.48,59.58,13686692.0
1103,2021-07-20,60.59,63.06,59.23,62.33,16588678.0
1104,2021-07-21,62.09,63.64,61.82,63.39,11132551.0
1105,2021-07-22,62.82,63.74,61.81,62.97,28021786.0
1106,2021-07-23,74.14,79.18,74.0,77.97,116232820.0
1107,2021-07-26,77.24,78.74,74.27,76.32,50598499.0
1108,2021-07-27,75.56,76.95,71.83,73.97,33077179.0
1109,2021-07-28,74.5,76.61,72.63,76.16,20878526.0
1110,2021-07-29,75.88,77.38,74.71,74.92,15786203.0
1111,2021-07-30,74.01,75.87,73.62,74.42,16173674.0
1112,2021-08-02,74.3,75.35,73.29,73.5,10369496.0
1113,2021-08-03,73.86,75.69,71.87,73.38,17770519.0
1114,2021-08-04,73.0,77.35,72.38,76.9,19408645.0
1115,2021-08-05,75.82,78.11,74.55,77.32,17293982.0
1116,2021-08-06,76.39,78.55,75.6,75.98,10733583.0
1117,2021-08-09,75.7,78.28,74.79,78.15,12418954.0
1118,2021-08-10,78.35,80.85,75.5,75.8,19735544.0
1119,2021-08-11,76.41,77.78,75.67,76.53,10099145.0
1120,2021-08-12,76.38,76.88,75.01,75.26,8038462.0
1121,2021-08-13,75.29,75.85,74.06,74.62,7148855.0
1122,2021-08-16,74.03,74.79,69.9,72.44,19358106.0
1123,2021-08-17,71.09,72.61,70.05,71.81,12077439.0
1124,2021-08-18,71.29,73.38,71.0,71.96,8067627.0
1125,2021-08-19,70.5,72.55,70.4,70.86,8874468.0
1126,2021-08-20,71.2,72.97,70.8,72.72,8615044.0
1127,2021-08-23,74.01,75.93,73.67,75.5,11055928.0
1128,2021-08-24,75.82,76.37,73.72,74.63,9663823.0
1129,2021-08-25,74.31,74.98,73.49,74.69,7901376.0
1130,2021-08-26,74.72,74.95,71.51,71.61,19872363.0
1131,2021-08-27,72.18,73.88,71.66,73.12,10123753.0
1132,2021-08-30,73.3,75.0,71.78,74.51,8825255.0
1133,2021-08-31,74.86,77.88,74.1,76.11,18475208.0
1134,2021-09-01,75.98,77.25,73.69,74.17,15642339.0
1135,2021-09-02,74.6,76.2,73.6,73.92,12180175.0
1136,2021-09-03,73.92,75.47,72.93,75.08,9241093.0
1137,2021-09-07,75.83,76.84,74.05,76.49,11741251.0
1138,2021-09-08,76.22,76.7,73.23,74.13,11538930.0
1139,2021-09-09,74.11,75.67,73.54,74.62,10564282.0
1140,2021-09-10,75.25,75.99,74.28,74.5,9219246.0
1141,2021-09-13,75.61,75.61,69.82,71.26,19913384.0
1142,2021-09-14,71.69,72.79,70.81,71.31,11082990.0
1143,2021-09-15,71.33,73.62,70.37,73.62,10890142.0
1144,2021-09-16,73.29,73.41,71.52,72.48,16878499.0
1145,2021-09-17,72.42,75.63,72.4,74.76,20939332.0
1146,2021-09-20,72.38,73.14,70.11,71.73,13834883.0
1147,2021-09-21,72.76,76.37,72.6,76.09,18129598.0
1148,2021-09-22,74.37,79.64,74.02,78.6,26999240.0
1149,2021-09-23,78.97,80.1,77.46,79.37,20944593.0
1150,2021-09-24,78.94,83.34,78.11,83.11,29039000.0
1151,2021-09-27,82.0,82.61,79.32,80.08,18493258.0
1152,2021-09-28,78.54,79.41,73.89,74.42,23531889.0
1153,2021-09-29,75.3,76.09,71.56,71.76,18633723.0
1154,2021-09-30,72.92,75.25,72.24,73.87,17174750.0
1155,2021-10-01,74.82,75.89,73.44,75.25,11689733.0
1156,2021-10-04,74.03,74.2,69.97,71.23,18142552.0
1157,2021-10-05,72.18,73.91,71.79,73.41,11896491.0
1158,2021-10-06,72.37,74.5,71.32,73.13,10927331.0
1159,2021-10-07,74.36,77.41,74.1,76.28,15547412.0
1160,2021-10-08,76.91,77.41,74.74,75.0,8909211.0
1161,2021-10-11,74.65,75.6,73.5,73.53,8990840.0
1162,2021-10-12,74.12,75.98,73.53,75.26,13691128.0
1163,2021-10-13,76.15,76.31,74.3,74.95,9998856.0
1164,2021-10-14,77.06,77.23,75.72,76.64,12957113.0
1165,2021-10-15,76.81,78.73,75.87,77.34,20414437.0
1166,2021-10-18,78.6,79.3,72.61,75.8,33053931.0
1167,2021-10-19,75.12,78.18,73.9,76.43,18720652.0
1168,2021-10-20,76.57,77.52,74.67,75.65,15739326.0
1169,2021-10-21,74.81,75.95,73.89,75.11,44450944.0
1170,2021-10-22,58.75,60.78,55.03,55.14,153827453.0
1171,2021-10-25,55.96,56.15,53.77,54.5,62506785.0
1172,2021-10-26,55.24,57.18,54.88,55.39,52905745.0
1173,2021-10-27,55.05,55.23,51.66,52.02,52581304.0
1174,2021-10-28,52.68,54.96,51.99,54.39,34748751.0
1175,2021-10-29,53.97,53.99,52.21,52.58,32465494.0
1176,2021-11-01,52.99,54.11,52.25,53.98,22666653.0
1177,2021-11-02,53.57,53.66,51.87,52.2,24120388.0
1178,2021-11-03,51.95,52.97,51.47,52.94,16319258.0
1179,2021-11-04,53.08,53.38,51.76,52.26,16371717.0
1180,2021-11-05,52.15,53.57,52.07,53.17,17458733.0
1181,2021-11-08,53.36,55.13,52.85,54.9,20154579.0
1182,2021-11-09,55.3,55.65,54.2,54.82,12489032.0
1183,2021-11-10,53.91,54.17,52.02,52.88,14812395.0
1184,2021-11-11,53.46,54.59,53.2,53.29,13322031.0
1185,2021-11-12,53.82,54.07,52.82,53.7,12972455.0
1186,2021-11-15,54.14,57.14,54.12,55.53,22192030.0
1187,2021-11-16,55.78,55.81,53.67,55.11,20754570.0
1188,2021-11-17,54.45,55.67,53.86,54.56,15005304.0
1189,2021-11-18,54.51,54.77,52.55,53.47,13069935.0
1190,2021-11-19,53.93,53.93,50.76,51.32,18095040.0
1191,2021-11-22,51.52,51.52,47.46,49.26,34273736.0
1192,2021-11-23,48.57,51.03,47.86,50.67,21262514.0
1193,2021-11-24,49.0,50.27,48.8,49.66,14813863.0
1194,2021-11-26,48.77,50.25,48.57,49.76,10487273.0
1195,2021-11-29,51.1,51.12,48.48,48.85,16171014.0
1196,2021-11-30,48.78,49.4,46.3,47.61,25772952.0
1197,2021-12-01,49.13,50.98,46.8,47.26,28552840.0
1198,2021-12-02,47.24,48.29,46.51,47.91,14418111.0
1199,2021-12-03,47.77,48.67,45.46,46.79,19611005.0
1200,2021-12-06,46.21,48.33,44.92,47.92,15738486.0
1201,2021-12-07,49.38,51.68,49.29,50.4,20782630.0
1202,2021-12-08,50.62,54.84,50.2,53.42,26768002.0
1203,2021-12-09,52.79,54.89,52.11,52.36,19408129.0
1204,2021-12-10,52.63,53.31,50.06,50.82,13416881.0
1205,2021-12-13,50.32,50.44,46.46,48.14,21235131.0
1206,2021-12-14,47.6,48.32,46.38,46.85,16496647.0
1207,2021-12-15,46.35,46.67,44.08,46.41,23804756.0
1208,2021-12-16,47.41,48.02,44.07,44.7,21512159.0
1209,2021-12-17,43.64,45.89,42.96,45.29,23105432.0
1210,2021-12-20,44.22,45.15,43.38,44.42,12921554.0
1211,2021-12-21,44.89,46.2,43.9,46.1,15203212.0
1212,2021-12-22,45.99,47.21,45.46,46.77,12055007.0
1213,2021-12-23,47.35,49.07,45.96,48.68,18546369.0
1214,2021-12-27,48.45,49.25,48.02,48.64,8163934.0
1215,2021-12-28,48.5,49.23,47.43,47.71,8991657.0
1216,2021-12-29,47.6,47.92,46.56,47.06,7693696.0
1217,2021-12-30,46.81,48.74,46.81,48.03,10170150.0
1218,2021-12-31,47.8,48.45,47.01,47.03,8310743.0
1219,2022-01-03,47.63,47.71,45.99,46.59,7940701.0
1220,2022-01-04,46.85,46.99,42.46,44.03,26659092.0
1221,2022-01-05,43.5,44.49,41.01,41.33,22163322.0
1222,2022-01-06,41.25,42.43,39.82,41.68,17882280.0
1223,2022-01-07,41.54,43.28,41.05,41.36,15715932.0
1224,2022-01-10,40.74,41.78,38.51,41.71,20895913.0
1225,2022-01-11,42.06,43.72,41.78,43.31,17386614.0
1226,2022-01-12,43.81,44.34,42.06,42.73,12637515.0
1227,2022-01-13,40.64,41.46,38.26,38.38,32180462.0
1228,2022-01-14,37.72,38.33,36.56,38.04,25556054.0
1229,2022-01-18,36.98,36.99,35.62,35.7,37050284.0
1230,2022-01-19,36.03,36.48,34.76,35.05,23941977.0
1231,2022-01-20,35.8,37.11,34.92,34.99,21672724.0
1232,2022-01-21,34.0,34.62,32.0,32.12,37648406.0
1233,2022-01-24,30.16,31.81,28.02,31.8,46611189.0
1234,2022-01-25,31.01,32.09,30.09,30.66,26893818.0
1235,2022-01-26,31.38,31.91,28.16,28.63,35467302.0
1236,2022-01-27,29.63,30.67,28.17,28.3,35331878.0
1237,2022-01-28,28.63,30.48,28.13,30.42,28380470.0
1238,2022-01-31,30.65,32.63,30.65,32.54,25872919.0
1239,2022-02-01,34.13,34.2,32.21,33.66,28108855.0
1240,2022-02-02,34.15,34.25,31.73,32.07,41654631.0
1241,2022-02-03,25.74,26.49,24.32,24.5,149336033.0
1242,2022-02-04,35.27,40.65,34.1,38.91,308602512.0
1243,2022-02-07,38.51,39.59,37.52,37.88,96743332.0
1244,2022-02-08,35.51,37.76,34.87,37.56,85621130.0
1245,2022-02-09,37.74,40.33,37.11,40.28,67166842.0
1246,2022-02-10,38.51,41.97,38.51,40.62,65264309.0
1247,2022-02-11,40.38,41.97,39.07,39.49,42826896.0
1248,2022-02-14,39.96,41.89,39.5,39.62,37579849.0
1249,2022-02-15,40.16,41.46,39.94,41.43,26091583.0
1250,2022-02-16,38.96,40.6,38.96,40.01,35643451.0
1251,2022-02-17,40.45,40.82,39.17,39.45,24624407.0
1252,2022-02-18,39.61,40.4,37.94,38.01,23064203.0
1253,2022-02-22,37.75,38.47,36.37,36.87,25433105.0
1254,2022-02-23,37.19,38.15,36.16,36.98,24429892.0
1255,2022-02-24,34.95,39.05,34.95,38.83,26703639.0
1256,2022-02-25,38.84,39.57,38.1,39.15,19173456.0
1257,2022-02-28,39.49,40.96,38.84,39.94,23393049.0
1258,2022-03-01,39.81,41.32,37.46,37.84,28341883.0
1259,2022-03-02,38.12,38.12,35.75,37.37,30985498.0
1260,2022-03-03,37.3,37.42,35.01,35.66,23087657.0
1261,2022-03-04,36.39,36.72,32.89,33.09,22236855.0
1262,2022-03-07,33.15,33.34,30.19,30.22,32356665.0
1263,2022-03-08,30.01,32.72,29.58,31.22,28109575.0
1264,2022-03-09,32.0,34.23,31.78,33.68,26986366.0
1265,2022-03-10,32.75,32.76,31.06,31.74,21145733.0
1266,2022-03-11,32.38,32.41,29.75,30.05,23181898.0
1267,2022-03-14,29.53,30.14,27.67,28.0,32917781.0
1268,2022-03-15,28.85,30.16,28.58,29.58,38242691.0
1269,2022-03-16,30.86,32.62,30.23,32.56,34041892.0
1270,2022-03-17,31.17,34.32,30.92,33.97,25439800.0
1271,2022-03-18,33.21,36.03,33.02,36.0,28400235.0
1272,2022-03-21,35.49,35.77,34.2,35.17,19114701.0
1273,2022-03-22,35.2,36.92,34.97,36.24,24395069.0
1274,2022-03-23,35.69,37.19,35.12,35.88,16911442.0
1275,2022-03-24,36.21,37.07,35.18,37.05,16601222.0
1276,2022-03-25,37.05,37.25,34.75,35.4,22761575.0
1277,2022-03-28,35.21,36.62,34.86,36.23,15152394.0
1278,2022-03-29,36.73,38.27,36.33,37.87,18989220.0
1279,2022-03-30,37.55,38.3,36.5,36.84,16516153.0
1280,2022-03-31,36.75,36.87,35.77,35.99,15777676.0
1281,2022-04-01,36.2,38.6,36.2,37.39,25281479.0
1282,2022-04-04,38.25,39.57,37.37,39.34,25413308.0
1283,2022-04-05,39.5,39.8,37.82,38.25,22261211.0
1284,2022-04-06,37.37,37.74,35.64,36.47,21554039.0
1285,2022-04-07,36.39,37.3,34.58,36.25,21490374.0
1286,2022-04-08,35.88,36.83,35.41,35.67,21718400.0
1287,2022-04-11,34.65,35.75,34.05,34.4,20890421.0
1288,2022-04-12,34.72,35.95,33.19,33.57,19538493.0
1289,2022-04-13,33.66,34.92,33.34,34.68,18160843.0
1290,2022-04-14,35.35,35.39,33.17,33.19,17741879.0
1291,2022-04-18,33.19,33.35,31.6,32.64,22468142.0
1292,2022-04-19,32.37,34.24,32.32,33.63,29558193.0
1293,2022-04-20,32.93,33.18,30.7,30.76,38448259.0
1294,2022-04-21,31.36,31.75,28.76,29.42,69311466.0
1295,2022-04-22,28.67,31.21,28.56,29.76,77506114.0
1296,2022-04-25,29.28,30.79,28.91,29.91,42647811.0
1297,2022-04-26,29.52,29.72,28.15,28.69,34701794.0
1298,2022-04-27,27.97,28.99,26.56,27.09,40794882.0
1299,2022-04-28,27.91,28.96,26.44,28.81,44665167.0
1300,2022-04-29,29.07,30.37,28.4,28.46,39033210.0
1301,2022-05-02,28.26,29.54,28.06,29.52,23474655.0
1302,2022-05-03,29.41,29.73,28.48,28.93,24795148.0
1303,2022-05-04,28.85,30.19,27.2,30.16,30175397.0
1304,2022-05-05,29.65,29.65,26.94,27.27,27858951.0
1305,2022-05-06,27.11,27.2,24.81,24.92,31983176.0
1306,2022-05-09,24.98,25.12,23.18,23.39,31604518.0
1307,2022-05-10,24.01,24.09,22.0,22.89,36436143.0
1308,2022-05-11,22.81,23.88,21.7,21.84,35183395.0
1309,2022-05-12,21.54,23.8,20.95,22.77,37016198.0
1310,2022-05-13,23.32,24.8,23.2,24.75,35684662.0
1311,2022-05-16,24.29,24.7,23.34,23.42,25171875.0
1312,2022-05-17,24.09,24.7,23.33,24.54,28440963.0
1313,2022-05-18,24.05,24.75,22.65,22.73,29460386.0
1314,2022-05-19,22.73,23.74,22.28,23.2,30700773.0
1315,2022-05-20,23.59,24.16,22.3,23.26,29598707.0
1316,2022-05-23,23.31,23.31,21.71,22.47,43386343.0
1317,2022-05-24,14.49,14.57,12.55,12.79,286479888.0
1318,2022-05-25,12.91,14.57,12.86,14.16,162922328.0
1319,2022-05-26,13.75,14.94,13.63,14.81,80386355.0
1320,2022-05-27,14.85,15.64,14.61,15.58,66159067.0
1321,2022-05-31,15.37,15.42,14.09,14.11,98324767.0
1322,2022-06-01,14.11,14.71,13.48,13.93,80420417.0
1323,2022-06-02,13.54,15.12,13.54,14.9,58590950.0
1324,2022-06-03,14.59,14.87,14.2,14.49,34347365.0
1325,2022-06-06,14.61,15.4,13.88,15.15,64278222.0
1326,2022-06-07,14.81,15.48,14.7,15.28,36646943.0
1327,2022-06-08,15.4,15.87,15.14,15.17,36326099.0
1328,2022-06-09,15.26,15.26,14.06,14.1,36966068.0
1329,2022-06-10,13.83,13.97,13.15,13.28,42462490.0
1330,2022-06-13,12.84,13.02,11.92,12.02,43722260.0
1331,2022-06-14,12.08,12.52,11.9,11.91,40211395.0
1332,2022-06-15,11.98,13.43,11.88,13.2,58398114.0
1333,2022-06-16,12.65,12.78,12.14,12.22,38524997.0
1334,2022-06-17,12.32,12.62,12.03,12.42,48608029.0
1335,2022-06-21,12.47,13.24,12.32,12.85,37130617.0
1336,2022-06-22,12.63,13.49,12.58,13.08,31299932.0
1337,2022-06-23,13.16,14.0,13.03,13.94,32057848.0
1338,2022-06-24,14.11,14.72,13.98,14.7,37302197.0
1339,2022-06-27,15.11,15.28,14.38,14.56,29269383.0
1340,2022-06-28,14.36,14.79,13.7,13.73,24445321.0
1341,2022-06-29,13.76,13.98,13.36,13.96,25595757.0
1342,2022-06-30,13.73,13.78,12.83,13.13,32767227.0
1343,2022-07-01,13.18,13.46,12.8,13.17,23318902.0
1344,2022-07-05,12.97,14.4,12.66,14.38,28853186.0
1345,2022-07-06,14.35,14.61,14.06,14.28,23266266.0
1346,2022-07-07,14.4,15.12,14.28,15.1,25460942.0
1347,2022-07-08,14.75,15.3,14.61,14.96,21290728.0
1348,2022-07-11,14.59,14.84,14.0,14.06,21539726.0
1349,2022-07-12,14.24,14.59,13.76,14.04,24850912.0
1350,2022-07-13,13.74,14.25,13.42,13.83,24333666.0
1351,2022-07-14,13.79,13.87,13.15,13.17,24256668.0
1352,2022-07-15,13.5,14.09,13.45,13.65,38346822.0
1353,2022-07-18,13.87,14.55,13.8,13.92,44254873.0
1354,2022-07-19,13.97,14.22,13.46,14.15,34902354.0
1355,2022-07-20,14.52,15.64,14.41,15.51,47768366.0
1356,2022-07-21,15.54,16.55,15.47,16.35,116754651.0
1357,2022-07-22,11.1,11.11,9.91,9.96,330993904.0
1358,2022-07-25,9.73,10.13,9.66,9.95,137819174.0
1359,2022-07-26,9.78,9.93,9.63,9.63,94591194.0
1360,2022-07-27,9.71,9.84,9.38,9.55,120729262.0
1361,2022-07-28,9.55,9.92,9.34,9.67,97531247.0
1362,2022-07-29,9.67,9.93,9.47,9.88,74531443.0
1363,2022-08-01,9.81,9.82,9.5,9.54,50125564.0
1364,2022-08-02,9.55,10.13,9.51,9.87,66355619.0
1365,2022-08-03,9.92,10.49,9.92,10.32,61691372.0
1366,2022-08-04,10.33,10.56,10.1,10.25,48277994.0
1367,2022-08-05,10.08,10.35,9.98,10.18,37576023.0
1368,2022-08-08,10.25,10.8,10.17,10.41,49276029.0
1369,2022-08-09,10.24,10.3,10.02,10.16,33603602.0
1370,2022-08-10,10.46,10.87,10.4,10.57,50989838.0
1371,2022-08-11,10.84,11.8,10.82,11.11,67195966.0
1372,2022-08-12,11.31,11.64,11.13,11.62,40840880.0
1373,2022-08-15,11.61,12.39,11.56,12.24,63880269.0
1374,2022-08-16,12.4,12.73,12.0,12.61,67364862.0
1375,2022-08-17,12.25,12.32,11.64,12.09,69571330.0
1376,2022-08-18,12.02,12.78,11.83,12.56,62750425.0
1377,2022-08-19,12.2,12.26,11.51,11.56,46400993.0
1378,2022-08-22,11.04,11.35,10.89,11.01,41173220.0
1379,2022-08-23,11.03,11.16,10.54,10.6,34913739.0
1380,2022-08-24,10.68,11.02,10.63,10.86,27794619.0
1381,2022-08-25,11.03,11.24,10.8,11.21,31252692.0
1382,2022-08-26,11.23,11.34,10.56,10.67,35219519.0
1383,2022-08-29,10.49,10.83,10.27,10.27,29417530.0
1384,2022-08-30,10.43,10.59,9.85,10.01,59438159.0
1385,2022-08-31,11.25,11.6,10.2,10.88,199520675.0
1386,2022-09-01,10.94,11.67,10.78,11.64,80012360.0
1387,2022-09-02,11.75,11.78,11.18,11.22,45734924.0
1388,2022-09-06,11.27,11.28,10.67,10.77,38114756.0
1389,2022-09-07,10.82,11.66,10.7,11.46,59443031.0
1390,2022-09-08,11.32,12.68,11.31,12.53,84685247.0
1391,2022-09-09,12.45,12.91,12.36,12.65,54653533.0
1392,2022-09-12,12.69,12.94,12.44,12.65,32375101.0
1393,2022-09-13,11.95,12.17,11.58,11.77,34931444.0
1394,2022-09-14,11.66,11.72,11.27,11.52,32801202.0
1395,2022-09-15,11.43,12.25,11.31,11.9,46012535.0
1396,2022-09-16,11.7,11.7,11.27,11.3,42384869.0
1397,2022-09-19,11.13,11.41,10.9,11.35,32212491.0
1398,2022-09-20,11.19,11.38,11.01,11.12,25296260.0
1399,2022-09-21,11.21,11.49,10.84,10.85,30721603.0
1400,2022-09-22,10.85,11.0,10.35,10.46,28336750.0
1401,2022-09-23,10.32,10.56,10.15,10.32,24400260.0
1402,2022-09-26,10.3,10.6,10.1,10.18,23510798.0
1403,2022-09-27,10.36,10.73,10.19,10.45,22067405.0
1404,2022-09-28,10.42,10.79,10.4,10.76,18536690.0
1405,2022-09-29,10.54,10.61,10.0,10.19,22950026.0
1406,2022-09-30,10.16,10.33,9.81,9.82,29121853.0
1407,2022-10-03,9.96,10.03,9.42,9.98,27802799.0
1408,2022-10-04,10.3,10.82,10.25,10.82,34439906.0
1409,2022-10-05,10.85,11.22,10.57,11.2,28941995.0
1410,2022-10-06,11.3,11.85,11.27,11.35,31833674.0
1411,2022-10-07,10.98,11.08,10.51,10.66,22935497.0
1412,2022-10-10,10.62,10.66,10.33,10.41,19463818.0
1413,2022-10-11,10.37,10.6,9.83,10.31,32994231.0
1414,2022-10-12,10.3,10.56,10.01,10.51,31567865.0
1415,2022-10-13,10.08,10.65,9.63,10.58,40447910.0
1416,2022-10-14,10.83,11.02,9.97,9.99,27528539.0
1417,2022-10-17,10.28,10.88,10.27,10.59,40747298.0
1418,2022-10-18,10.96,11.14,10.54,10.6,38453894.0
1419,2022-10-19,10.82,11.4,10.66,10.86,52275628.0
1420,2022-10-20,10.9,11.36,10.62,10.79,125477838.0
1421,2022-10-21,7.76,8.15,7.33,7.76,244675854.0
1422,2022-10-24,7.58,8.57,7.49,8.31,161717547.0
1423,2022-10-25,8.3,9.8,8.26,9.6,142016404.0
1424,2022-10-26,9.3,10.04,9.26,9.58,104774021.0
1425,2022-10-27,9.57,9.85,9.35,9.56,80703958.0
1426,2022-10-28,9.65,10.1,9.6,10.08,54030304.0
1427,2022-10-31,10.04,10.33,9.7,9.91,33479349.0
1428,2022-11-01,10.23,10.65,9.8,10.25,78222290.0
1429,2022-11-02,10.26,10.3,9.51,9.54,53841396.0
1430,2022-11-03,9.4,9.54,9.13,9.16,32201610.0
1431,2022-11-04,9.34,9.43,8.88,9.14,33927036.0
1432,2022-11-07,9.4,10.02,9.34,10.01,37935982.0
1433,2022-11-08,10.01,10.3,9.82,10.28,33869945.0
1434,2022-11-09,10.25,10.25,9.33,9.56,34557798.0
1435,2022-11-10,10.06,10.83,9.77,10.73,54710905.0
1436,2022-11-11,10.7,11.82,10.53,11.58,51036869.0
1437,2022-11-14,11.45,11.65,11.2,11.29,31516885.0
1438,2022-11-15,11.76,11.96,11.47,11.78,41978092.0
1439,2022-11-16,11.6,11.78,11.0,11.07,31818270.0
1440,2022-11-17,10.75,11.02,10.67,10.92,18704252.0
1441,2022-11-18,11.06,11.12,10.5,10.52,23502588.0
1442,2022-11-21,10.41,10.45,9.84,9.96,28990825.0
1443,2022-11-22,9.97,10.0,9.7,9.91,25742779.0
1444,2022-11-23,9.98,10.48,9.92,10.32,21053697.0
1445,2022-11-25,10.14,10.37,10.12,10.18,8242501.0
1446,2022-11-28,10.08,10.14,9.75,9.84,25209846.0
1447,2022-11-29,9.89,9.99,9.73,9.82,15519566.0
1448,2022-11-30,9.84,10.32,9.65,10.31,45284278.0
1449,2022-12-01,10.31,11.07,10.27,10.87,46607903.0
1450,2022-12-02,10.54,10.75,10.32,10.5,32239395.0
1451,2022-12-05,10.41,10.69,10.04,10.1,19332881.0
1452,2022-12-06,10.07,10.07,9.15,9.42,43349626.0
1453,2022-12-07,9.36,9.63,9.29,9.3,26051647.0
1454,2022-12-08,9.49,9.74,9.35,9.4,17793986.0
1455,2022-12-09,9.16,9.62,9.01,9.45,19248309.0
1456,2022-12-12,9.47,9.69,9.26,9.46,25264855.0
1457,2022-12-13,9.94,10.19,9.4,9.41,51001967.0
1458,2022-12-14,9.44,9.92,9.33,9.54,30008670.0
1459,2022-12-15,9.16,9.2,8.58,8.76,49291677.0
1460,2022-12-16,8.79,9.01,8.36,8.47,32739509.0
1461,2022-12-19,8.4,8.45,8.13,8.19,20680503.0
1462,2022-12-20,8.09,8.51,8.05,8.21,19249949.0
1463,2022-12-21,8.26,8.69,8.14,8.64,24570716.0
1464,2022-12-22,8.45,8.7,8.22,8.68,29281956.0
1465,2022-12-23,8.67,8.76,8.51,8.58,16985967.0
1466,2022-12-27,8.4,8.69,8.27,8.56,26829300.0
1467,2022-12-28,8.44,8.71,8.39,8.55,18172717.0
1468,2022-12-29,8.64,8.96,8.53,8.81,30669922.0
1469,2022-12-30,8.57,8.95,8.52,8.95,16248843.0
1470,2023-01-03,9.15,9.28,8.69,8.85,15548377.0
1471,2023-01-04,9.15,9.31,9.0,9.3,26092702.0
1472,2023-01-05,9.15,9.37,8.92,9.14,21043997.0
1473,2023-01-06,9.22,9.45,8.9,9.22,24456909.0
1474,2023-01-09,9.39,9.52,9.2,9.2,16666167.0
1475,2023-01-10,9.12,9.44,9.09,9.42,18594054.0
1476,2023-01-11,9.46,9.75,9.3,9.66,24151823.0
1477,2023-01-12,9.75,9.91,9.36,9.64,21738612.0
1478,2023-01-13,9.5,9.82,9.4,9.8,16051037.0
1479,2023-01-17,9.73,9.8,9.3,9.67,29736167.0
1480,2023-01-18,9.77,9.85,9.25,9.41,23576536.0
1481,2023-01-19,9.33,9.75,9.31,9.62,23414566.0
1482,2023-01-20,9.69,10.0,9.48,9.99,23493418.0
1483,2023-01-23,9.96,10.37,9.8,10.2,21301009.0
1484,2023-01-24,10.17,10.47,10.02,10.26,21399113.0
1485,2023-01-25,10.0,10.07,9.51,9.67,43033276.0
1486,2023-01-26,9.99,10.34,9.89,10.19,29750598.0
1487,2023-01-27,10.2,11.01,10.1,10.91,52512148.0
1488,2023-01-30,10.8,11.16,10.69,11.09,41466408.0
1489,2023-01-31,11.26,11.57,11.18,11.56,73903209.0
1490,2023-02-01,10.07,10.47,9.85,10.37,118212417.0
1491,2023-02-02,10.8,11.68,10.62,11.4,81750228.0
1492,2023-02-03,10.87,11.61,10.78,11.0,44759901.0
1493,2023-02-06,10.91,12.17,10.87,12.07,64353020.0
1494,2023-02-07,12.21,12.44,11.82,12.21,53492269.0
1495,2023-02-08,12.17,12.29,11.55,11.56,33392460.0
1496,2023-02-09,11.8,11.83,10.89,10.98,34700508.0
1497,2023-02-10,10.8,10.94,10.48,10.65,25603783.0
1498,2023-02-13,10.8,11.15,10.63,10.71,25883272.0
1499,2023-02-14,10.64,11.1,10.54,10.85,29261654.0
1500,2023-02-15,10.85,11.28,10.82,11.26,23132782.0
1501,2023-02-16,10.94,11.39,10.69,10.73,50141462.0
1502,2023-02-17,10.58,10.68,10.17,10.36,35737478.0
1503,2023-02-21,10.14,10.26,9.79,9.81,28713248.0
1504,2023-02-22,9.86,9.99,9.75,9.9,17750226.0
1505,2023-02-23,10.05,10.24,9.88,10.1,23914793.0
1506,2023-02-24,9.85,9.94,9.68,9.81,20102150.0
1507,2023-02-27,10.08,10.25,9.82,9.88,26116528.0
1508,2023-02-28,9.97,10.25,9.93,10.15,32572909.0
1509,2023-03-01,10.15,10.33,10.03,10.14,22501930.0
1510,2023-03-02,9.9,10.14,9.88,10.1,17610115.0
1511,2023-03-03,10.19,10.7,10.17,10.65,24543010.0
1512,2023-03-06,10.87,12.18,10.83,11.66,81523971.0
1513,2023-03-07,11.71,12.67,11.69,11.72,67925807.0
1514,2023-03-08,11.28,11.49,10.98,11.05,36499491.0
1515,2023-03-09,11.08,11.35,10.58,10.66,25967083.0
1516,2023-03-10,10.65,10.7,10.22,10.34,23700967.0
1517,2023-03-13,10.19,10.51,9.95,10.23,27246631.0
1518,2023-03-14,10.55,10.7,10.19,10.37,26552904.0
1519,2023-03-15,10.13,10.37,9.86,10.34,22619528.0
1520,2023-03-16,10.75,11.18,10.38,11.09,52589457.0
1521,2023-03-17,10.87,10.95,10.4,10.7,34496173.0
1522,2023-03-20,10.75,10.92,10.47,10.66,17665605.0
1523,2023-03-21,10.75,11.47,10.73,11.38,23426522.0
1524,2023-03-22,11.35,11.7,11.02,11.05,21179586.0
1525,2023-03-23,11.56,12.11,11.16,11.39,39608906.0
1526,2023-03-24,11.45,11.74,11.32,11.56,19236663.0
1527,2023-03-27,11.65,12.09,11.56,11.74,25453292.0
1528,2023-03-28,11.61,11.7,10.88,11.06,31806330.0
1529,2023-03-29,11.18,11.19,10.64,10.78,38808232.0
1530,2023-03-30,10.85,11.0,10.67,10.91,22164168.0
1531,2023-03-31,10.92,11.26,10.81,11.21,22284205.0
1532,2023-04-03,11.07,11.31,10.98,11.24,15085383.0
1533,2023-04-04,11.34,11.47,10.88,11.0,18604093.0
1534,2023-04-05,10.85,10.9,10.33,10.39,21294505.0
1535,2023-04-06,10.35,10.69,10.23,10.56,16512787.0
1536,2023-04-10,10.36,10.42,10.16,10.36,18457472.0
1537,2023-04-11,10.4,10.73,10.39,10.56,19691792.0
1538,2023-04-12,10.69,10.78,10.36,10.62,21840297.0
1539,2023-04-13,10.79,11.02,10.71,10.74,18569680.0
1540,2023-04-14,10.67,10.95,10.55,10.69,19894848.0
1541,2023-04-17,10.6,10.88,10.57,10.88,20609359.0
1542,2023-04-18,11.15,11.34,11.01,11.04,26453052.0
1543,2023-04-19,10.85,11.4,10.85,10.98,28011599.0
1544,2023-04-20,10.8,10.88,10.12,10.14,34102819.0
1545,2023-04-21,10.2,10.34,9.98,10.01,26418570.0
1546,2023-04-24,10.02,10.27,9.92,10.22,15394572.0
1547,2023-04-25,10.19,10.33,10.13,10.16,18736750.0
1548,2023-04-26,10.4,10.4,9.81,9.88,37987634.0
1549,2023-04-27,10.14,10.7,9.87,10.5,107216577.0
1550,2023-04-28,8.62,8.71,8.41,8.71,95969872.0
1551,2023-05-01,8.78,8.93,8.53,8.73,42409911.0
1552,2023-05-02,8.58,8.67,8.27,8.31,41246424.0
1553,2023-05-03,8.28,8.35,8.02,8.07,40353934.0
1554,2023-05-04,8.04,8.09,7.86,7.91,29079577.0
1555,2023-05-05,8.03,8.31,7.9,8.23,30314793.0
1556,2023-05-08,8.31,8.5,8.19,8.42,21828090.0
1557,2023-05-09,8.26,8.36,8.15,8.27,21062740.0
1558,2023-05-10,8.49,8.73,8.42,8.7,38351345.0
1559,2023-05-11,8.67,8.8,8.56,8.75,19587014.0
1560,2023-05-12,8.75,8.81,8.45,8.55,17644845.0
1561,2023-05-15,8.49,8.74,8.44,8.7,16590345.0
1562,2023-05-16,8.59,8.69,8.4,8.61,20332750.0
1563,2023-05-17,8.73,9.39,8.7,9.37,37859035.0
1564,2023-05-18,9.21,9.75,9.2,9.69,32407429.0
1565,2023-05-19,9.58,9.73,9.48,9.72,19546381.0
1566,2023-05-22,9.73,9.97,9.67,9.76,17640569.0
1567,2023-05-23,9.68,9.92,9.62,9.8,14442495.0
1568,2023-05-24,9.68,9.93,9.61,9.8,13300459.0
1569,2023-05-25,9.92,10.07,9.77,9.78,18990989.0
1570,2023-05-26,9.87,10.4,9.84,10.28,20385422.0
1571,2023-05-30,10.39,10.54,10.13,10.22,20578322.0
1572,2023-05-31,10.05,10.23,9.83,10.2,30412373.0
1573,2023-06-01,10.06,10.46,10.01,10.33,16856544.0
1574,2023-06-02,10.47,10.59,10.29,10.41,20859544.0
1575,2023-06-05,10.32,10.7,10.3,10.51,15119821.0
1576,2023-06-06,10.43,10.63,10.34,10.51,16523188.0
1577,2023-06-07,10.56,10.64,10.09,10.19,18951933.0
1578,2023-06-08,10.19,10.21,10.02,10.04,16868277.0
1579,2023-06-09,10.15,10.58,10.02,10.09,26631555.0
1580,2023-06-12,10.21,10.24,10.02,10.23,18653161.0
1581,2023-06-13,10.39,10.43,10.14,10.32,17588565.0
1582,2023-06-14,10.3,10.39,10.07,10.25,17098926.0
1583,2023-06-15,9.98,10.69,9.96,10.66,30121512.0
1584,2023-06-16,10.76,10.84,10.42,10.68,28859538.0
1585,2023-06-20,10.58,10.76,10.38,10.58,21910107.0
1586,2023-06-21,10.55,10.62,10.15,10.23,21488116.0
1587,2023-06-22,10.17,10.64,10.16,10.64,20672647.0
1588,2023-06-23,10.4,11.15,10.39,10.82,27763588.0
1589,2023-06-26,10.73,11.4,10.7,11.21,34008177.0
1590,2023-06-27,11.36,11.62,11.12,11.48,31107056.0
1591,2023-06-28,11.56,11.7,11.42,11.65,27254998.0
1592,2023-06-29,11.95,12.04,11.58,11.68,23006694.0
1593,2023-06-30,11.78,12.1,11.75,11.84,23685466.0
1594,2023-07-03,11.9,12.02,11.84,12.02,8881951.0
1595,2023-07-05,11.91,12.35,11.88,12.12,20616583.0
1596,2023-07-06,11.97,12.14,11.76,11.91,22906822.0
1597,2023-07-07,11.91,12.05,11.64,11.68,24289380.0
1598,2023-07-10,11.77,11.98,11.66,11.78,20146437.0
1599,2023-07-11,11.94,13.08,11.91,12.74,43989798.0
1600,2023-07-12,13.06,13.62,12.95,13.37,40584310.0
1601,2023-07-13,13.58,13.89,13.5,13.51,40065253.0
1602,2023-07-14,13.49,13.63,13.0,13.15,27022937.0
1603,2023-07-17,13.14,13.64,12.97,13.47,28982265.0
1604,2023-07-18,13.49,13.51,12.87,13.37,33108106.0
1605,2023-07-19,13.43,13.53,13.08,13.11,28630855.0
1606,2023-07-20,12.94,13.27,12.83,12.93,20442843.0
1607,2023-07-21,13.06,13.06,12.68,12.74,21404268.0
1608,2023-07-24,12.86,12.93,12.55,12.68,23715489.0
1609,2023-07-25,12.52,12.67,12.35,12.51,68993656.0
1610,2023-07-26,10.36,10.73,9.99,10.73,137880039.0
1611,2023-07-27,10.9,10.92,10.18,10.33,65311796.0
1612,2023-07-28,10.3,10.75,10.29,10.68,49135039.0
1613,2023-07-31,10.66,11.38,10.66,11.36,37947832.0
1614,2023-08-01,11.26,11.33,11.04,11.28,19675339.0
1615,2023-08-02,10.99,11.22,10.88,10.97,31209438.0
1616,2023-08-03,10.9,11.0,10.69,10.79,23740423.0
1617,2023-08-04,10.93,11.06,10.72,10.75,19986846.0
1618,2023-08-07,10.76,10.8,10.5,10.57,16688217.0
1619,2023-08-08,10.41,10.6,10.19,10.54,22353018.0
1620,2023-08-09,10.54,10.58,10.39,10.44,14402031.0
1621,2023-08-10,10.6,10.7,10.21,10.22,15646230.0
1622,2023-08-11,10.1,10.23,10.02,10.03,16037001.0
1623,2023-08-14,9.99,9.99,9.81,9.94,23922108.0
1624,2023-08-15,9.86,9.9,9.5,9.56,21223075.0
1625,2023-08-16,9.51,9.59,9.15,9.16,30289454.0
1626,2023-08-17,9.17,9.28,9.03,9.04,20527935.0
1627,2023-08-18,8.91,9.19,8.86,9.18,14782275.0
1628,2023-08-21,9.24,9.39,9.14,9.36,13634027.0
1629,2023-08-22,9.41,9.47,9.19,9.25,14963599.0
1630,2023-08-23,9.19,9.33,9.19,9.24,10358941.0
1631,2023-08-24,9.38,9.46,9.06,9.37,20443889.0
1632,2023-08-25,9.39,9.41,9.0,9.25,19434876.0
1633,2023-08-28,9.34,9.55,9.33,9.45,11979105.0
1634,2023-08-29,9.48,9.9,9.43,9.89,18276490.0
1635,2023-08-30,9.82,10.17,9.75,10.12,30608907.0
1636,2023-08-31,10.13,10.44,10.13,10.35,20863626.0
1637,2023-09-01,10.41,10.54,10.31,10.44,17971265.0
1638,2023-09-05,10.27,10.6,10.23,10.46,20595150.0
1639,2023-09-06,10.27,10.29,9.57,9.63,40061445.0
1640,2023-09-07,9.45,9.82,9.42,9.72,17158280.0
1641,2023-09-08,9.68,9.74,9.39,9.39,21044834.0
1642,2023-09-11,9.48,9.64,9.43,9.44,16848031.0
1643,2023-09-12,9.36,9.63,9.36,9.58,13528624.0
1644,2023-09-13,9.49,9.54,9.28,9.29,12832445.0
1645,2023-09-14,9.37,9.4,9.15,9.16,12847585.0
1646,2023-09-15,9.19,9.25,9.04,9.16,16283745.0
1647,2023-09-18,9.08,9.1,8.81,8.89,20619751.0
1648,2023-09-19,8.82,9.01,8.62,9.0,20107921.0
1649,2023-09-20,9.06,9.38,8.95,9.03,24692103.0
1650,2023-09-21,8.86,8.98,8.61,8.63,21616326.0
1651,2023-09-22,8.72,8.89,8.67,8.69,11432549.0
1652,2023-09-25,8.6,8.71,8.55,8.6,10074727.0
1653,2023-09-26,8.43,8.49,8.28,8.34,25839896.0
1654,2023-09-27,8.39,8.61,8.37,8.49,14303941.0
1655,2023-09-28,8.42,8.66,8.34,8.56,16715358.0
1656,2023-09-29,8.74,8.93,8.67,8.91,21165591.0
1657,2023-10-02,8.87,8.92,8.56,8.74,15763220.0
1658,2023-10-03,8.58,8.77,8.47,8.54,17300047.0
1659,2023-10-04,8.56,8.72,8.5,8.69,16226468.0
1660,2023-10-05,8.66,8.84,8.55,8.74,11503371.0
1661,2023-10-06,8.57,8.64,8.4,8.63,22566860.0
1662,2023-10-09,8.54,8.68,8.5,8.61,13059803.0
1663,2023-10-10,8.7,9.11,8.66,8.82,22342581.0
1664,2023-10-11,8.85,9.13,8.82,9.11,18773808.0
1665,2023-10-12,9.06,9.33,9.01,9.11,29718224.0
1666,2023-10-13,9.1,9.14,8.67,8.68,27922226.0
1667,2023-10-16,9.02,9.75,8.96,9.72,56297832.0
1668,2023-10-17,9.56,9.77,9.54,9.69,24836029.0
1669,2023-10-18,9.6,9.76,9.51,9.6,19250446.0
1670,2023-10-19,9.55,9.87,9.46,9.65,21177197.0
1671,2023-10-20,9.6,9.67,9.31,9.44,29382616.0
1672,2023-10-23,9.35,9.88,9.3,9.49,37569209.0
1673,2023-10-24,9.63,9.98,9.58,9.71,71921441.0
1674,2023-10-25,10.37,10.87,9.1,9.19,94403213.0
1675,2023-10-26,9.11,9.52,8.91,9.3,42454181.0
1676,2023-10-27,9.33,9.55,9.18,9.3,24606549.0
1677,2023-10-30,9.34,9.81,9.29,9.7,25083829.0
1678,2023-10-31,9.79,10.055,9.6,10.01,28796674.0
1679,2023-11-01,9.95,10.0799,9.81,9.99,19548127.0
1680,2023-11-02,10.14,10.59,10.1,10.43,30659253.0
1681,2023-11-03,10.52,10.915,10.52,10.72,22876555.0
1682,2023-11-06,10.74,10.87,10.62,10.73,18754926.0
1683,2023-11-07,10.72,11.02,10.68,10.96,15836853.0
1684,2023-11-08,11.04,11.25,10.8603,11.23,21448623.0
1685,2023-11-09,11.22,11.73,11.18,11.24,26971491.0
1686,2023-11-10,10.95,11.37,10.92,11.32,19159836.0
1687,2023-11-13,11.33,11.435,11.15,11.3,12118727.0
1688,2023-11-14,12.05,12.425,12.04,12.15,38147375.0
1689,2023-11-15,12.12,12.32,11.94,12.2,21312714.0
1690,2023-11-16,12.13,12.34,11.8,12.07,22969497.0
1691,2023-11-17,11.91,11.995,11.5,11.89,22116270.0
1692,2023-11-20,11.88,12.3,11.87,12.15,14560596.0
1693,2023-11-21,11.98,12.15,11.89,12.06,10266411.0
1694,2023-11-22,12.17,12.32,12.03,12.31,10119851.0
1695,2023-11-24,12.24,12.56,12.24,12.52,10548298.0
1696,2023-11-27,12.41,12.8,12.41,12.68,16203013.0
1697,2023-11-28,12.605,12.87,12.58,12.84,14906985.0
1698,2023-11-29,12.94,13.085,12.82,12.98,15299648.0
1699,2023-11-30,13.49,14.23,13.485,13.83,51167389.0
1700,2023-12-01,13.75,14.24,13.615,14.14,23416159.0
1701,2023-12-04,14.06,14.38,13.965,14.3,21274297.0
1702,2023-12-05,14.16,14.66,14.1101,14.6,18141057.0
1703,2023-12-06,14.83,15.36,14.77,14.77,27154521.0
1704,2023-12-07,14.74,14.85,14.54,14.76,15148724.0
1705,2023-12-08,14.7,15.305,14.68,15.09,20718093.0
1706,2023-12-11,15.82,15.95,15.52,15.75,32187067.0
1707,2023-12-12,15.63,16.06,15.445,15.85,27396280.0
1708,2023-12-13,16.0,16.54,15.84,16.45,26639113.0
1709,2023-12-14,16.67,17.23,16.57,16.94,39763749.0
1710,2023-12-15,17.04,17.22,16.53,16.92,35572512.0
1711,2023-12-18,17.44,17.9,16.8,17.02,49763573.0
1712,2023-12-19,16.54,17.255,16.17,17.18,52580293.0
1713,2023-12-20,16.98,17.3,16.59,16.6,28279648.0
1714,2023-12-21,16.94,17.29,16.7,17.23,34281572.0
1715,2023-12-22,17.2,17.32,16.89,17.05,21576624.0
1716,2023-12-26,17.06,17.1,16.68,16.78,13944251.0
1717,2023-12-27,16.73,16.99,16.68,16.95,15975360.0
1718,2023-12-28,16.92,17.2,16.82,17.05,13845160.0
1719,2023-12-29,17.03,17.21,16.83,16.93,16693352.0
1720,2024-01-02,16.52,16.555,15.93,16.14,29686979.0
1721,2024-01-03,15.52,16.04,15.27,15.78,28495866.0
1722,2024-01-04,15.75,16.28,15.685,16.2,15922855.0
1723,2024-01-05,16.12,16.6775,16.102,16.55,21581021.0
1724,2024-01-08,16.67,17.33,16.46,17.31,20267486.0
1725,2024-01-09,17.38,17.75,16.97,17.05,35648979.0
1726,2024-01-10,17.18,17.45,16.82,17.37,19372527.0
1727,2024-01-11,17.3,17.62,16.81,17.09,22803616.0
1728,2024-01-12,17.0,17.01,16.3707,16.43,19056173.0
1729,2024-01-16,16.21,16.21,15.43,15.54,35778050.0
1730,2024-01-17,15.53,15.59,15.18,15.5,20971523.0
1731,2024-01-18,15.63,16.2692,15.5,16.21,21257560.0
1732,2024-01-19,16.4,16.57,16.17,16.42,15300279.0
1733,2024-01-22,16.59,17.14,16.445,16.61,19540613.0
1734,2024-01-23,16.64,16.64,16.17,16.33,17034439.0
1735,2024-01-24,16.67,16.72,16.22,16.32,17403892.0
1736,2024-01-25,16.47,16.51,16.205,16.29,14222988.0
1737,2024-01-26,16.98,16.99,16.24,16.25,27636353.0
1738,2024-01-29,16.3,16.9,16.095,16.89,18698126.0
1739,2024-01-30,16.7,16.845,16.33,16.47,36009365.0
1740,2024-01-31,16.03,16.6,15.82,15.89,14822076.0
1741,2024-02-01,16.09,16.11,15.77,15.87,16179122.0
1742,2024-02-02,16.675,17.11,16.11,17.05,35712489.0
1743,2024-02-05,17.2,17.495,16.3,16.75,37737591.0
1744,2024-02-06,16.78,17.5,16.77,17.45,92636378.0
1745,2024-02-07,12.03,12.39,11.0812,11.41,185977642.0
1746,2024-02-08,11.29,11.5,10.82,11.1,87847215.0
1747,2024-02-09,11.26,11.28,10.93,11.11,54218116.0
1748,2024-02-12,11.28,12.08,11.2,11.64,65823297.0
1749,2024-02-13,11.24,11.62,11.015,11.14,40428105.0
1750,2024-02-14,11.34,11.45,11.18,11.4,24167931.0
1751,2024-02-15,11.42,11.8,11.38,11.6,24335765.0
1752,2024-02-16,11.34,11.44,10.99,11.17,43403871.0
