,date,open,high,low,close,volume
0,2021-06-01,21.97,22.9,20.43,22.65,9159412.0
1,2021-06-02,23.66,24.95,22.65,23.21,14678906.0
2,2021-06-03,22.84,23.5,22.35,22.68,5878965.0
3,2021-06-04,22.87,22.87,20.0,20.82,13434192.0
4,2021-06-07,20.7,21.47,20.31,21.21,4755359.0
5,2021-06-08,21.02,24.2,20.65,23.89,11306944.0
6,2021-06-09,24.25,24.46,22.23,22.71,9407273.0
7,2021-06-10,22.83,23.4,21.43,23.02,6526517.0
8,2021-06-11,23.1,23.3,22.16,22.4,2769374.0
9,2021-06-14,22.25,22.58,21.39,21.82,4099761.0
10,2021-06-15,21.59,21.68,20.69,20.8,3531161.0
11,2021-06-16,21.21,22.64,21.1,21.83,9596000.0
12,2021-06-17,22.0,23.27,21.4,22.7,7359620.0
13,2021-06-18,22.72,23.68,22.22,23.04,5991468.0
14,2021-06-21,22.82,23.2,22.22,22.51,3590288.0
15,2021-06-22,22.66,22.82,21.09,21.2,6586293.0
16,2021-06-23,21.33,21.7,20.9,21.4,5328526.0
17,2021-06-24,21.52,21.65,20.81,20.87,6475128.0
18,2021-06-25,19.77,19.9,18.5,18.5,36679200.0
19,2021-06-28,18.17,19.97,17.65,19.26,56820953.0
20,2021-06-29,20.52,20.99,18.64,18.87,57158301.0
21,2021-06-30,19.33,19.8,19.0,19.17,27479590.0
22,2021-07-01,19.23,19.24,18.16,18.25,19956831.0
23,2021-07-02,18.27,18.58,17.75,18.08,25749499.0
24,2021-07-06,18.09,18.09,17.22,17.35,20245518.0
25,2021-07-07,17.56,17.58,16.8,16.94,17529988.0
26,2021-07-08,16.3,16.8,16.1,16.62,18443672.0
27,2021-07-09,16.92,17.3,16.43,16.45,17662998.0
28,2021-07-12,16.51,16.84,16.22,16.42,14070972.0
29,2021-07-13,16.38,16.62,15.8,16.0,16623011.0
30,2021-07-14,16.05,16.21,15.37,15.52,19069006.0
31,2021-07-15,15.62,16.42,15.45,15.99,16185950.0
32,2021-07-16,16.1,16.19,15.22,15.3,14214582.0
33,2021-07-19,15.0,15.53,14.87,15.17,14780944.0
34,2021-07-20,15.18,15.29,14.94,15.06,11683025.0
35,2021-07-21,15.14,16.65,15.1,16.56,27892403.0
36,2021-07-22,16.49,16.6,15.71,16.05,18833283.0
37,2021-07-23,15.89,16.05,15.44,15.7,10369990.0
38,2021-07-26,15.76,16.09,15.48,15.51,8994913.0
39,2021-07-27,15.49,15.5,14.72,14.92,16735407.0
40,2021-07-28,15.12,15.48,15.08,15.37,10131615.0
41,2021-07-29,15.87,16.24,15.51,15.6,12748306.0
42,2021-07-30,15.36,15.79,15.35,15.44,6653691.0
43,2021-08-02,15.58,16.32,15.41,15.73,15097636.0
44,2021-08-03,15.77,16.05,15.01,15.11,16166804.0
45,2021-08-04,15.23,16.58,15.2,16.39,25718482.0
46,2021-08-05,16.61,16.73,15.88,16.06,14501528.0
47,2021-08-06,16.06,16.94,16.06,16.71,13993713.0
48,2021-08-09,16.99,17.32,16.56,16.91,15571348.0
49,2021-08-10,17.02,17.27,16.56,16.99,12830221.0
50,2021-08-11,17.16,17.27,16.52,16.9,17104651.0
51,2021-08-12,16.97,17.52,16.74,17.46,36817117.0
52,2021-08-13,15.35,15.53,14.91,14.99,59983497.0
53,2021-08-16,15.01,15.14,14.18,14.29,26227173.0
54,2021-08-17,14.08,14.7,13.56,13.75,31924957.0
55,2021-08-18,13.98,14.58,13.85,14.22,20754545.0
56,2021-08-19,13.99,14.12,13.77,13.82,15576723.0
57,2021-08-20,13.98,14.27,13.9,14.04,17617968.0
58,2021-08-23,14.27,14.5,14.22,14.43,13277123.0
59,2021-08-24,14.48,14.93,14.47,14.76,13649869.0
60,2021-08-25,14.8,15.08,14.51,14.85,13785302.0
61,2021-08-26,14.76,14.79,14.2,14.36,16743847.0
62,2021-08-27,14.31,14.41,14.04,14.04,19756406.0
63,2021-08-30,14.18,14.38,14.01,14.19,15445674.0
64,2021-08-31,14.18,14.25,13.97,14.18,14530694.0
65,2021-09-01,14.14,14.69,14.11,14.57,16856454.0
66,2021-09-02,14.6,15.2,14.4,15.06,19577967.0
67,2021-09-03,15.02,15.53,14.92,15.16,18898034.0
68,2021-09-07,15.5,16.13,15.46,15.84,21664634.0
69,2021-09-08,15.81,16.01,15.14,15.47,15621429.0
70,2021-09-09,15.31,15.84,15.26,15.69,18395844.0
71,2021-09-10,15.77,15.91,15.23,15.29,17029524.0
72,2021-09-13,15.33,15.39,14.67,15.01,20253138.0
73,2021-09-14,15.02,15.33,14.38,14.5,24475728.0
74,2021-09-15,14.84,15.5,14.63,15.45,34831980.0
75,2021-09-16,15.47,15.66,15.23,15.5,24121286.0
76,2021-09-17,15.52,15.58,15.06,15.09,55126327.0
77,2021-09-20,14.58,14.91,14.42,14.57,27954604.0
78,2021-09-21,14.62,15.28,14.56,15.17,23601545.0
79,2021-09-22,15.86,17.09,15.61,16.84,55383320.0
80,2021-09-23,17.2,17.35,16.67,17.14,29369467.0
81,2021-09-24,16.86,17.79,16.62,17.64,22922963.0
82,2021-09-27,17.66,18.08,16.85,17.7,35517597.0
83,2021-09-28,17.4,17.67,16.8,17.04,25569467.0
84,2021-09-29,16.35,17.17,16.01,16.01,38323164.0
85,2021-09-30,15.9,16.06,15.3,15.88,38688777.0
86,2021-10-01,15.88,16.49,15.75,16.45,18850301.0
87,2021-10-04,16.29,16.68,15.88,16.09,21849738.0
88,2021-10-05,16.14,16.76,16.08,16.25,13941176.0
89,2021-10-06,16.0,16.64,15.92,16.62,11896359.0
90,2021-10-07,16.94,17.09,16.34,16.4,15267783.0
91,2021-10-08,16.53,16.65,16.17,16.21,11054406.0
92,2021-10-11,16.9,18.51,16.83,18.39,69669569.0
93,2021-10-12,18.17,19.02,17.84,18.97,47239712.0
94,2021-10-13,19.0,19.31,18.49,18.92,31335891.0
95,2021-10-14,19.8,19.81,18.95,19.62,33917700.0
96,2021-10-15,19.56,19.86,19.32,19.38,22190294.0
97,2021-10-18,19.18,21.0,19.12,20.85,48538220.0
98,2021-10-19,21.04,21.08,20.18,20.22,26292179.0
99,2021-10-20,20.36,21.19,19.87,21.05,25757098.0
100,2021-10-21,20.89,21.77,20.77,20.99,24771685.0
101,2021-10-22,20.86,21.06,20.2,20.58,18994501.0
102,2021-10-25,20.62,21.08,20.1,20.69,15053118.0
103,2021-10-26,20.95,20.97,19.46,19.96,26725452.0
104,2021-10-27,20.0,20.48,19.14,19.25,17585735.0
105,2021-10-28,19.55,20.2,19.48,19.91,15070737.0
106,2021-10-29,19.8,20.16,19.69,20.09,11537990.0
107,2021-11-01,20.53,22.81,20.28,22.62,52780203.0
108,2021-11-02,22.67,22.93,21.6,22.68,35482291.0
109,2021-11-03,22.67,23.63,22.44,22.96,26468770.0
110,2021-11-04,23.18,23.55,22.83,23.29,18496827.0
111,2021-11-05,22.89,23.22,22.24,22.57,19635293.0
112,2021-11-08,22.63,23.07,22.45,22.74,16884909.0
113,2021-11-09,23.14,23.25,21.61,22.14,24572965.0
114,2021-11-10,21.14,21.85,19.85,20.42,46108752.0
115,2021-11-11,23.99,24.65,22.6,22.97,72680129.0
116,2021-11-12,23.17,23.6,22.17,22.76,29275453.0
117,2021-11-15,22.98,24.12,22.75,22.92,30384268.0
118,2021-11-16,22.6,22.63,21.42,21.67,41386826.0
119,2021-11-17,21.85,22.04,21.02,21.12,18998311.0
120,2021-11-18,21.2,21.32,20.2,20.57,25447516.0
121,2021-11-19,20.11,21.1,19.94,20.37,25321177.0
122,2021-11-22,20.52,20.6,18.32,18.75,39765950.0
123,2021-11-23,18.53,18.66,17.38,17.81,31341659.0
124,2021-11-24,17.45,18.58,17.35,18.33,28778552.0
125,2021-11-26,17.88,18.32,17.8,18.21,13253059.0
126,2021-11-29,18.58,18.69,17.87,18.43,23366894.0
127,2021-11-30,18.25,18.54,17.13,17.2,67190100.0
128,2021-12-01,17.41,17.91,16.23,16.39,34620746.0
129,2021-12-02,16.41,16.63,15.96,16.43,27033830.0
130,2021-12-03,16.43,16.44,14.62,15.19,64350690.0
131,2021-12-06,15.06,15.84,14.5,15.72,34134776.0
132,2021-12-07,16.14,16.72,16.12,16.62,30846576.0
133,2021-12-08,16.79,17.16,16.25,16.94,25262614.0
134,2021-12-09,16.66,16.91,15.55,15.66,32398875.0
135,2021-12-10,15.79,15.87,14.87,15.01,41344197.0
136,2021-12-13,14.89,15.25,14.02,14.58,40507489.0
137,2021-12-14,14.27,14.72,14.16,14.48,26707766.0
138,2021-12-15,14.44,15.28,14.03,15.16,33540357.0
139,2021-12-16,15.36,15.44,14.18,14.27,43017956.0
140,2021-12-17,14.08,14.77,13.66,14.65,44408693.0
141,2021-12-20,14.48,15.21,14.28,14.59,31658626.0
142,2021-12-21,14.87,15.17,14.72,14.97,27695629.0
143,2021-12-22,14.86,15.37,14.73,14.99,24332110.0
144,2021-12-23,14.98,15.19,14.73,15.09,19824000.0
145,2021-12-27,15.11,15.49,14.85,15.39,19826708.0
146,2021-12-28,15.28,15.49,14.67,14.85,24049692.0
147,2021-12-29,14.83,14.83,14.18,14.47,20899600.0
148,2021-12-30,14.51,16.35,14.5,15.95,41348737.0
149,2021-12-31,15.93,16.49,15.74,15.81,30798226.0
150,2022-01-03,16.1,16.13,15.45,15.68,27561493.0
151,2022-01-04,15.61,15.86,14.59,15.05,34175862.0
152,2022-01-05,14.88,15.23,14.04,14.1,35103099.0
153,2022-01-06,14.02,14.27,13.01,13.78,46269403.0
154,2022-01-07,13.82,14.4,13.62,13.74,28716248.0
155,2022-01-10,13.46,13.49,12.82,13.37,37040302.0
156,2022-01-11,13.3,14.14,13.25,13.94,24517437.0
157,2022-01-12,14.3,14.42,13.75,13.86,24842446.0
158,2022-01-13,14.0,14.04,13.06,13.09,29900817.0
159,2022-01-14,13.0,13.32,12.66,13.2,32460687.0
160,2022-01-18,12.8,13.11,12.02,12.06,58153538.0
161,2022-01-19,14.37,14.39,13.37,13.71,186755829.0
162,2022-01-20,14.27,16.47,14.01,15.0,268936016.0
163,2022-01-21,14.99,14.99,13.64,13.89,135687439.0
164,2022-01-24,13.01,13.35,11.83,13.3,137506039.0
165,2022-01-25,12.75,13.45,12.58,12.76,72818267.0
166,2022-01-26,13.14,13.86,12.45,12.58,83653955.0
167,2022-01-27,12.72,12.79,11.27,11.36,83981842.0
168,2022-01-28,11.34,11.34,10.51,11.1,78767734.0
169,2022-01-31,11.2,12.5,11.05,12.48,73077056.0
170,2022-02-01,12.68,13.55,12.37,13.27,89022381.0
171,2022-02-02,13.03,13.06,11.9,12.16,73581222.0
172,2022-02-03,11.77,12.22,11.38,11.57,55485611.0
173,2022-02-04,11.54,12.08,11.16,11.89,46870849.0
174,2022-02-07,11.93,12.4,11.66,11.72,37906180.0
175,2022-02-08,11.72,12.15,11.53,12.13,32936108.0
176,2022-02-09,12.41,12.99,12.19,12.86,47536708.0
177,2022-02-10,12.43,13.41,12.29,12.39,57391379.0
178,2022-02-11,12.73,13.25,12.29,12.4,76947111.0
179,2022-02-14,12.59,12.87,11.92,12.0,73358573.0
180,2022-02-15,12.26,12.64,11.97,12.58,51170338.0
181,2022-02-16,12.61,13.28,12.6,13.08,58488156.0
182,2022-02-17,12.91,13.17,12.15,12.18,44690019.0
183,2022-02-18,12.17,12.23,11.17,11.39,59994499.0
184,2022-02-22,11.03,11.16,10.19,10.26,76018719.0
185,2022-02-23,10.68,10.69,9.82,9.82,62010003.0
186,2022-02-24,8.86,10.38,8.82,10.33,76026491.0
187,2022-02-25,10.47,10.72,9.97,10.67,46588118.0
188,2022-02-28,10.68,11.76,10.67,11.45,64380524.0
189,2022-03-01,11.96,11.98,11.2,11.2,107850262.0
190,2022-03-02,12.95,13.0,11.51,11.58,147527024.0
191,2022-03-03,11.49,11.51,10.61,10.69,70875684.0
192,2022-03-04,10.64,11.01,9.92,10.0,63475677.0
193,2022-03-07,9.98,10.22,9.59,9.62,54287701.0
194,2022-03-08,9.51,10.09,9.28,9.72,50878192.0
195,2022-03-09,9.96,10.09,9.65,9.87,53891065.0
196,2022-03-10,9.71,9.82,9.18,9.41,47638370.0
197,2022-03-11,9.51,9.54,8.52,8.55,71568476.0
198,2022-03-14,8.45,8.45,7.74,7.93,75632727.0
199,2022-03-15,7.96,8.29,7.79,8.2,52317434.0
200,2022-03-16,8.08,8.76,8.05,8.57,84406687.0
201,2022-03-17,8.55,9.08,8.38,8.91,67654054.0
202,2022-03-18,8.92,9.98,8.82,9.87,66667082.0
203,2022-03-21,9.82,9.93,9.33,9.57,39791722.0
204,2022-03-22,9.56,10.06,9.25,9.72,56998432.0
205,2022-03-23,9.6,9.78,9.33,9.37,38946307.0
206,2022-03-24,9.4,9.51,9.07,9.47,30175795.0
207,2022-03-25,9.42,9.42,8.91,9.01,42524744.0
208,2022-03-28,9.03,9.28,8.84,9.25,33300875.0
209,2022-03-29,9.25,10.21,9.22,10.14,72805135.0
210,2022-03-30,10.03,10.57,9.63,9.77,59785673.0
211,2022-03-31,9.82,9.87,9.42,9.45,33702782.0
212,2022-04-01,9.47,9.62,9.21,9.33,29654474.0
213,2022-04-04,9.42,10.03,9.4,9.77,34448041.0
214,2022-04-05,9.83,10.1,9.09,9.12,47197072.0
215,2022-04-06,8.98,9.03,8.46,8.75,56769374.0
216,2022-04-07,8.28,8.39,7.64,8.12,109248307.0
217,2022-04-08,8.07,8.1,7.78,7.87,39037827.0
218,2022-04-11,7.7,7.93,7.56,7.72,37461604.0
219,2022-04-12,7.81,8.09,7.37,7.48,58650254.0
220,2022-04-13,7.45,7.68,7.24,7.61,39309450.0
221,2022-04-14,7.66,7.66,7.22,7.26,42198035.0
222,2022-04-18,7.26,7.32,6.97,7.13,50207841.0
223,2022-04-19,7.11,7.58,7.05,7.41,39488905.0
224,2022-04-20,7.36,7.36,6.93,6.95,56574322.0
225,2022-04-21,7.03,7.11,6.48,6.6,66530873.0
226,2022-04-22,6.6,6.68,6.32,6.39,45591899.0
227,2022-04-25,6.27,6.61,6.23,6.55,37571453.0
228,2022-04-26,6.5,6.5,6.14,6.29,49526080.0
229,2022-04-27,6.25,6.46,6.09,6.15,42697461.0
230,2022-04-28,6.3,6.54,6.02,6.45,46069045.0
231,2022-04-29,6.37,6.75,6.1,6.12,33526800.0
232,2022-05-02,6.11,6.34,6.01,6.33,43738421.0
233,2022-05-03,6.28,6.42,6.18,6.4,27381677.0
234,2022-05-04,6.36,7.17,6.2,7.14,77128293.0
235,2022-05-05,7.05,7.11,6.57,6.83,46638685.0
236,2022-05-06,6.82,6.87,6.35,6.44,50526801.0
237,2022-05-09,6.23,6.39,5.79,5.97,51638728.0
238,2022-05-10,5.75,5.8,4.82,5.25,125633765.0
239,2022-05-11,5.21,5.61,4.95,5.49,76698148.0
240,2022-05-12,5.31,5.79,5.05,5.66,66310027.0
241,2022-05-13,6.08,6.86,6.01,6.75,74842007.0
242,2022-05-16,7.02,7.24,6.84,6.91,60528424.0
243,2022-05-17,7.09,7.34,6.96,7.05,54578560.0
244,2022-05-18,6.93,7.56,6.8,7.23,54156930.0
245,2022-05-19,7.25,7.99,7.15,7.75,57737235.0
246,2022-05-20,8.02,8.04,7.13,7.49,56792887.0
247,2022-05-23,7.36,7.49,7.1,7.27,33054587.0
248,2022-05-24,7.07,7.15,6.62,6.72,38264639.0
249,2022-05-25,6.74,7.16,6.68,7.01,35566804.0
250,2022-05-26,7.07,7.39,6.91,7.14,35132130.0
251,2022-05-27,7.29,7.68,7.19,7.55,38264407.0
252,2022-05-31,7.5,7.7,7.26,7.48,61518918.0
253,2022-06-01,7.5,7.62,6.95,7.05,36804554.0
254,2022-06-02,7.04,7.42,6.96,7.42,28866563.0
255,2022-06-03,7.15,7.25,6.89,6.98,29389168.0
256,2022-06-06,7.08,7.27,6.77,6.86,39383967.0
257,2022-06-07,6.75,6.9,6.67,6.86,26378402.0
258,2022-06-08,6.78,6.97,6.61,6.66,30467699.0
259,2022-06-09,6.68,6.69,6.11,6.11,35450384.0
260,2022-06-10,5.97,6.25,5.85,5.94,37585172.0
261,2022-06-13,5.61,5.74,5.35,5.61,51080196.0
262,2022-06-14,5.75,6.04,5.72,5.93,39077669.0
263,2022-06-15,5.95,6.17,5.68,5.94,59845375.0
264,2022-06-16,5.71,5.84,5.44,5.47,32073677.0
265,2022-06-17,5.57,5.85,5.51,5.7,53969225.0
266,2022-06-21,5.82,5.98,5.72,5.72,32297202.0
267,2022-06-22,5.62,5.82,5.54,5.6,34540825.0
268,2022-06-23,5.65,5.92,5.62,5.78,28993750.0
269,2022-06-24,5.88,6.18,5.79,6.13,87590005.0
270,2022-06-27,6.1,6.21,5.85,5.93,26805019.0
271,2022-06-28,5.93,5.97,5.5,5.56,31642628.0
272,2022-06-29,5.52,5.55,5.34,5.54,32700561.0
273,2022-06-30,5.43,5.51,5.23,5.27,27760673.0
274,2022-07-01,5.26,5.49,5.17,5.41,21703256.0
275,2022-07-05,5.33,5.84,5.14,5.84,28362198.0
276,2022-07-06,5.8,6.1,5.78,5.9,25041460.0
277,2022-07-07,5.9,6.28,5.85,6.26,30799716.0
278,2022-07-08,6.0,6.37,5.93,6.19,26898935.0
279,2022-07-11,6.04,6.09,5.82,6.01,18740083.0
280,2022-07-12,6.02,6.23,5.9,6.04,18008288.0
281,2022-07-13,5.85,6.06,5.75,5.95,25769536.0
282,2022-07-14,5.88,5.97,5.76,5.91,17285095.0
283,2022-07-15,6.04,6.3,5.93,6.29,22335823.0
284,2022-07-18,6.33,6.6,6.31,6.35,20005831.0
285,2022-07-19,6.48,6.63,6.27,6.62,21273636.0
286,2022-07-20,6.69,7.08,6.66,6.97,24765688.0
287,2022-07-21,6.98,7.15,6.9,7.04,19858375.0
288,2022-07-22,7.05,7.06,6.52,6.62,21258172.0
289,2022-07-25,6.57,6.61,6.37,6.46,14153754.0
290,2022-07-26,6.37,6.37,6.12,6.14,16325747.0
291,2022-07-27,6.25,6.47,6.19,6.44,17437413.0
292,2022-07-28,6.45,6.56,6.09,6.3,21965889.0
293,2022-07-29,6.27,6.37,6.15,6.31,19058673.0
294,2022-08-01,6.27,6.41,6.14,6.36,21109860.0
295,2022-08-02,6.34,6.63,6.31,6.41,49460850.0
296,2022-08-03,7.28,8.42,7.05,8.23,147719787.0
297,2022-08-04,8.17,8.52,7.86,8.23,61791939.0
298,2022-08-05,8.02,8.26,7.82,7.96,43574365.0
299,2022-08-08,8.14,8.49,7.88,7.98,56810653.0
300,2022-08-09,7.7,7.76,7.25,7.39,50016955.0
301,2022-08-10,7.78,7.95,7.51,7.81,51807822.0
302,2022-08-11,8.08,8.14,7.37,7.42,65326064.0
303,2022-08-12,7.53,7.7,7.3,7.65,35779797.0
304,2022-08-15,7.57,7.7,7.39,7.62,38002963.0
305,2022-08-16,7.5,7.81,7.19,7.58,56901534.0
306,2022-08-17,7.43,7.45,6.82,6.88,75554905.0
307,2022-08-18,6.95,6.96,6.62,6.68,38842653.0
308,2022-08-19,6.52,6.53,6.27,6.33,47048203.0
309,2022-08-22,6.15,6.33,6.01,6.1,41817583.0
310,2022-08-23,6.15,6.25,6.01,6.17,55901742.0
311,2022-08-24,6.7,6.87,6.37,6.45,114013997.0
312,2022-08-25,6.63,6.72,6.39,6.69,53630788.0
313,2022-08-26,6.86,6.89,6.12,6.18,74660991.0
314,2022-08-29,6.09,6.23,5.97,6.0,55367717.0
315,2022-08-30,6.08,6.13,5.81,5.91,38113942.0
316,2022-08-31,5.97,6.08,5.87,5.92,32515885.0
317,2022-09-01,5.82,5.86,5.61,5.85,34316405.0
318,2022-09-02,5.99,6.0,5.7,5.74,29739724.0
319,2022-09-06,5.75,5.79,5.57,5.65,28734835.0
320,2022-09-07,5.6,5.85,5.57,5.82,25290240.0
321,2022-09-08,5.69,6.19,5.68,6.19,38945260.0
322,2022-09-09,6.23,6.34,6.17,6.33,31127436.0
323,2022-09-12,6.35,6.49,6.29,6.41,28634049.0
324,2022-09-13,6.02,6.14,5.79,5.84,44931918.0
325,2022-09-14,6.06,6.19,5.9,6.17,62819251.0
326,2022-09-15,6.13,6.65,6.1,6.41,58733463.0
327,2022-09-16,6.24,6.27,6.01,6.05,44028889.0
328,2022-09-19,5.95,6.1,5.89,6.08,30714133.0
329,2022-09-20,6.0,6.12,5.88,5.89,27278156.0
330,2022-09-21,5.89,6.04,5.69,5.69,36073863.0
331,2022-09-22,5.72,5.79,5.36,5.36,41535258.0
332,2022-09-23,5.26,5.37,5.16,5.31,40071925.0
333,2022-09-26,5.3,5.51,5.08,5.08,65463231.0
334,2022-09-27,5.23,5.33,5.0,5.08,35622154.0
335,2022-09-28,5.08,5.28,5.04,5.25,29843202.0
336,2022-09-29,5.12,5.16,4.79,4.84,57046743.0
337,2022-09-30,4.82,5.09,4.81,4.88,33884379.0
338,2022-10-03,4.94,5.22,4.81,5.13,33619391.0
339,2022-10-04,5.27,5.46,5.25,5.4,37930497.0
340,2022-10-05,5.27,5.32,5.07,5.28,36209268.0
341,2022-10-06,5.27,5.47,5.17,5.29,28449235.0
342,2022-10-07,5.13,5.15,4.96,5.01,27856150.0
343,2022-10-10,5.01,5.04,4.91,4.97,22211474.0
344,2022-10-11,4.95,5.17,4.77,5.0,35828885.0
345,2022-10-12,4.98,5.12,4.88,5.08,26339832.0
346,2022-10-13,4.89,5.22,4.84,5.09,32628970.0
347,2022-10-14,5.19,5.28,4.81,4.81,35776205.0
348,2022-10-17,4.95,5.1,4.85,5.07,33347880.0
349,2022-10-18,5.25,5.35,5.15,5.25,37401891.0
350,2022-10-19,5.21,5.22,4.97,4.99,35412257.0
351,2022-10-20,4.98,5.19,4.96,5.01,30718900.0
352,2022-10-21,4.97,5.16,4.9,5.15,33980025.0
353,2022-10-24,5.14,5.2,4.97,5.17,32703181.0
354,2022-10-25,5.2,5.68,5.19,5.66,49264011.0
355,2022-10-26,5.53,5.77,5.5,5.54,37736152.0
356,2022-10-27,5.62,5.66,5.34,5.35,26942689.0
357,2022-10-28,5.37,5.47,5.29,5.45,28750983.0
358,2022-10-31,5.56,5.67,5.36,5.44,61549160.0
359,2022-11-01,6.46,6.47,5.67,5.73,159097229.0
360,2022-11-02,5.68,5.7,5.03,5.12,106803795.0
361,2022-11-03,5.03,5.39,5.01,5.36,55484130.0
362,2022-11-04,5.5,5.51,5.06,5.18,53554192.0
363,2022-11-07,5.23,5.29,5.12,5.18,39915144.0
364,2022-11-08,5.18,5.3,5.05,5.1,48009714.0
365,2022-11-09,5.03,5.06,4.94,4.98,45923980.0
366,2022-11-10,5.27,5.44,5.09,5.34,69817606.0
367,2022-11-11,5.32,6.0,5.32,5.95,84353293.0
368,2022-11-14,5.89,6.05,5.72,5.86,47833199.0
369,2022-11-15,6.1,6.13,5.8,5.85,59806445.0
370,2022-11-16,5.77,5.77,5.47,5.53,43267806.0
371,2022-11-17,5.34,5.51,5.28,5.38,34036695.0
372,2022-11-18,5.48,5.49,5.16,5.18,36633917.0
373,2022-11-21,5.13,5.19,4.8,4.87,99354954.0
374,2022-11-22,4.9,4.9,4.6,4.64,76694080.0
375,2022-11-23,4.67,4.71,4.53,4.66,58395324.0
376,2022-11-25,4.67,4.67,4.51,4.6,28016481.0
377,2022-11-28,4.54,4.63,4.41,4.45,47274494.0
378,2022-11-29,4.46,4.57,4.44,4.56,40676657.0
379,2022-11-30,4.55,4.85,4.52,4.83,49235457.0
380,2022-12-01,4.86,4.91,4.67,4.74,34841966.0
381,2022-12-02,4.6,4.7,4.52,4.7,23866449.0
382,2022-12-05,4.7,4.73,4.47,4.53,28384788.0
383,2022-12-06,4.54,4.55,4.26,4.32,41048353.0
384,2022-12-07,4.3,4.37,4.24,4.3,21933359.0
385,2022-12-08,4.35,4.43,4.25,4.4,19767424.0
386,2022-12-09,4.36,4.4,4.31,4.34,16804171.0
387,2022-12-12,4.31,4.48,4.27,4.45,23353213.0
388,2022-12-13,4.69,4.77,4.35,4.43,33682351.0
389,2022-12-14,4.57,4.92,4.53,4.7,68775735.0
390,2022-12-15,4.58,4.76,4.5,4.63,37157420.0
391,2022-12-16,4.58,4.68,4.5,4.64,31419261.0
392,2022-12-19,4.66,4.66,4.4,4.43,27122376.0
393,2022-12-20,4.53,4.76,4.45,4.57,34033424.0
394,2022-12-21,4.65,4.73,4.56,4.64,24848891.0
395,2022-12-22,4.58,4.63,4.37,4.58,30665898.0
396,2022-12-23,4.55,4.62,4.46,4.61,19435283.0
397,2022-12-27,4.55,4.58,4.35,4.39,24110711.0
398,2022-12-28,4.38,4.43,4.24,4.37,35043347.0
399,2022-12-29,4.4,4.63,4.32,4.59,33261879.0
400,2022-12-30,4.49,4.65,4.45,4.61,28240228.0
401,2023-01-03,4.65,4.75,4.43,4.5,29303151.0
402,2023-01-04,4.54,4.88,4.5,4.77,48731381.0
403,2023-01-05,4.66,4.73,4.56,4.63,30512045.0
404,2023-01-06,4.66,4.7,4.49,4.62,31589482.0
405,2023-01-09,4.67,5.0,4.67,4.82,50435010.0
406,2023-01-10,4.8,5.13,4.78,5.12,42334430.0
407,2023-01-11,5.15,5.19,4.98,5.15,41602064.0
408,2023-01-12,5.19,5.38,4.99,5.36,49408775.0
409,2023-01-13,5.23,5.49,5.19,5.44,32477147.0
410,2023-01-17,5.45,5.72,5.36,5.64,37801440.0
411,2023-01-18,5.65,5.7,5.48,5.56,38396740.0
412,2023-01-19,5.41,5.53,5.31,5.41,32006544.0
413,2023-01-20,5.49,5.75,5.43,5.67,31135570.0
414,2023-01-23,5.71,5.89,5.63,5.87,39018457.0
415,2023-01-24,5.78,6.0,5.73,5.79,32563802.0
416,2023-01-25,5.64,5.87,5.54,5.79,30127768.0
417,2023-01-26,5.9,5.94,5.65,5.71,29992319.0
418,2023-01-27,5.69,6.04,5.63,5.94,48503539.0
419,2023-01-30,6.59,7.01,6.37,6.68,164184285.0
420,2023-01-31,6.66,6.95,6.51,6.93,68287069.0
421,2023-02-01,6.93,7.47,6.86,7.38,75445299.0
422,2023-02-02,7.67,8.24,7.45,7.72,106231111.0
423,2023-02-03,7.4,7.99,7.31,7.46,55989111.0
424,2023-02-06,7.35,7.64,7.26,7.41,41269907.0
425,2023-02-07,7.37,7.45,7.14,7.38,40804012.0
426,2023-02-08,7.32,7.5,7.19,7.2,25636314.0
427,2023-02-09,7.27,7.37,6.84,6.89,50352435.0
428,2023-02-10,6.76,6.89,6.64,6.81,37285265.0
429,2023-02-13,6.75,6.9,6.68,6.76,23626812.0
430,2023-02-14,6.66,6.82,6.43,6.74,28449675.0
431,2023-02-15,6.82,7.29,6.8,7.25,35757887.0
432,2023-02-16,7.07,7.28,6.95,6.98,30457990.0
433,2023-02-17,6.89,6.96,6.51,6.62,30999494.0
434,2023-02-21,6.46,6.57,6.33,6.42,26332877.0
435,2023-02-22,6.4,6.58,6.37,6.54,22778933.0
436,2023-02-23,6.65,6.69,6.39,6.55,19210151.0
437,2023-02-24,6.38,6.45,6.31,6.38,16954212.0
438,2023-02-27,6.45,6.5,6.34,6.42,19082051.0
439,2023-02-28,6.46,6.7,6.45,6.6,17430550.0
440,2023-03-01,6.58,6.62,6.43,6.44,19827311.0
441,2023-03-02,6.3,6.51,6.23,6.45,18071637.0
442,2023-03-03,6.48,6.79,6.46,6.72,25456442.0
443,2023-03-06,6.8,6.97,6.67,6.68,26214264.0
444,2023-03-07,6.71,6.71,6.42,6.51,28344304.0
445,2023-03-08,6.48,6.6,6.38,6.47,16558632.0
446,2023-03-09,6.42,6.56,6.07,6.09,27793315.0
447,2023-03-10,5.9,5.92,5.21,5.58,86809716.0
448,2023-03-13,5.46,5.57,5.1,5.49,59761295.0
449,2023-03-14,5.69,5.74,5.43,5.55,36750398.0
450,2023-03-15,5.34,5.46,5.28,5.41,34260509.0
451,2023-03-16,5.35,5.54,5.28,5.45,25307459.0
452,2023-03-17,5.47,5.54,5.33,5.46,27173162.0
453,2023-03-20,5.47,5.54,5.19,5.22,33271397.0
454,2023-03-21,5.35,5.6,5.32,5.57,29210306.0
455,2023-03-22,5.79,6.03,5.54,5.56,62273315.0
456,2023-03-23,5.65,5.88,5.57,5.78,35687787.0
457,2023-03-24,5.68,5.83,5.64,5.74,18744675.0
458,2023-03-27,5.82,5.88,5.73,5.76,24284749.0
459,2023-03-28,5.74,5.79,5.51,5.59,23185370.0
460,2023-03-29,5.69,5.92,5.65,5.75,28461838.0
461,2023-03-30,5.87,5.93,5.62,5.72,25094738.0
462,2023-03-31,5.75,6.17,5.67,6.07,41786847.0
463,2023-04-03,6.14,6.28,5.94,6.03,32121415.0
464,2023-04-04,6.1,6.1,5.84,5.89,19465241.0
465,2023-04-05,5.87,5.87,5.58,5.74,30541920.0
466,2023-04-06,5.7,5.81,5.61,5.75,25308070.0
467,2023-04-10,5.69,5.92,5.66,5.91,21151230.0
468,2023-04-11,5.91,6.02,5.86,5.97,26455375.0
469,2023-04-12,6.06,6.06,5.67,5.82,35904981.0
470,2023-04-13,5.91,5.98,5.82,5.86,20527102.0
471,2023-04-14,5.99,6.03,5.77,5.92,24085968.0
472,2023-04-17,5.89,6.0,5.81,5.96,24908149.0
473,2023-04-18,6.0,6.02,5.9,5.98,17036339.0
474,2023-04-19,5.9,6.1,5.87,6.08,18337459.0
475,2023-04-20,5.98,6.05,5.88,5.92,18844899.0
476,2023-04-21,5.9,5.99,5.85,5.94,16723226.0
477,2023-04-24,5.92,5.95,5.79,5.83,20057976.0
478,2023-04-25,5.78,5.84,5.72,5.75,21036232.0
479,2023-04-26,5.81,5.88,5.66,5.67,24210926.0
480,2023-04-27,5.77,6.19,5.75,6.06,43199861.0
481,2023-04-28,6.15,6.3,5.94,6.23,55605051.0
482,2023-05-01,6.52,6.54,5.46,5.47,125423720.0
483,2023-05-02,5.26,5.3,4.72,4.91,115499456.0
484,2023-05-03,4.97,5.08,4.75,4.85,64212823.0
485,2023-05-04,4.78,4.92,4.59,4.9,59715558.0
486,2023-05-05,5.01,5.17,4.99,5.16,40980206.0
487,2023-05-08,5.18,5.49,5.18,5.47,39933883.0
488,2023-05-09,5.35,5.55,5.34,5.41,26785187.0
489,2023-05-10,5.58,5.6,5.38,5.48,28624435.0
490,2023-05-11,5.44,5.44,5.12,5.14,36075606.0
491,2023-05-12,5.17,5.22,4.93,5.02,44765945.0
492,2023-05-15,4.68,4.84,4.45,4.77,103290718.0
493,2023-05-16,4.79,4.82,4.61,4.76,38510754.0
494,2023-05-17,4.76,4.98,4.69,4.96,42730472.0
495,2023-05-18,4.98,5.14,4.92,5.07,35183403.0
496,2023-05-19,5.07,5.13,4.91,4.93,26196409.0
497,2023-05-22,4.99,5.34,4.92,5.26,42509279.0
498,2023-05-23,5.24,5.49,5.22,5.29,43878289.0
499,2023-05-24,5.2,5.33,5.13,5.31,23887770.0
500,2023-05-25,5.39,5.4,5.09,5.21,24474946.0
501,2023-05-26,5.24,5.48,5.22,5.41,27217183.0
502,2023-05-30,5.81,6.05,5.59,6.03,68003301.0
503,2023-05-31,6.2,7.02,6.1,6.94,152429214.0
504,2023-06-01,6.71,7.26,6.63,6.82,108760591.0
505,2023-06-02,7.11,7.11,6.71,7.03,63585576.0
506,2023-06-05,7.12,7.6,7.08,7.25,69556170.0
507,2023-06-06,7.18,7.76,7.14,7.65,56839650.0
508,2023-06-07,7.86,8.0,7.64,7.74,60872229.0
509,2023-06-08,7.69,8.2,7.66,8.12,66988396.0
510,2023-06-09,8.25,8.81,8.11,8.18,84928724.0
511,2023-06-12,8.46,9.3,8.4,9.16,118310135.0
512,2023-06-13,9.54,9.61,8.89,9.54,108293476.0
513,2023-06-14,9.79,10.23,9.29,9.74,128420263.0
514,2023-06-15,9.18,9.58,8.88,9.55,97639266.0
515,2023-06-16,8.91,9.18,8.5,8.6,107556948.0
516,2023-06-20,8.31,8.64,8.2,8.59,49114935.0
517,2023-06-21,8.51,8.77,8.34,8.63,37733575.0
518,2023-06-22,8.54,8.69,8.35,8.49,30149480.0
519,2023-06-23,7.91,8.29,7.71,8.28,62332772.0
520,2023-06-26,8.24,8.66,8.14,8.2,33526570.0
521,2023-06-27,8.33,8.72,8.32,8.64,39402322.0
522,2023-06-28,8.59,9.09,8.58,8.87,36374440.0
523,2023-06-29,9.07,9.28,8.6,8.71,42722370.0
524,2023-06-30,8.92,9.41,8.32,8.34,98384634.0
525,2023-07-03,8.36,8.64,8.35,8.52,26842035.0
526,2023-07-05,8.49,8.68,8.31,8.38,26954647.0
527,2023-07-06,8.23,8.26,7.86,8.1,38186109.0
528,2023-07-07,8.09,8.3,8.03,8.05,22783911.0
529,2023-07-10,8.1,8.72,8.04,8.71,38750079.0
530,2023-07-11,8.81,9.2,8.75,9.07,52586397.0
531,2023-07-12,9.34,9.39,9.0,9.2,41158635.0
532,2023-07-13,8.92,9.24,8.77,9.16,43361058.0
533,2023-07-14,9.22,9.45,8.94,9.08,38590675.0
534,2023-07-17,9.04,9.81,8.99,9.48,48308470.0
535,2023-07-18,9.55,9.74,9.43,9.57,33895944.0
536,2023-07-19,9.76,10.13,9.65,9.85,50051480.0
537,2023-07-20,9.63,9.99,9.37,9.57,41587650.0
538,2023-07-21,9.68,9.7,9.26,9.43,34514173.0
539,2023-07-24,9.44,9.56,9.3,9.45,26693215.0
540,2023-07-25,9.4,9.78,9.31,9.33,38811116.0
541,2023-07-26,9.26,9.54,9.21,9.52,34922282.0
542,2023-07-27,9.71,9.73,8.94,9.09,45958214.0
543,2023-07-28,9.36,9.6,9.16,9.55,58205326.0
544,2023-07-31,10.39,11.7,10.3,11.45,210958903.0
545,2023-08-01,11.06,11.1,10.31,10.35,89971315.0
546,2023-08-02,10.12,10.28,9.72,10.08,62865893.0
547,2023-08-03,9.92,10.17,9.86,10.05,37846061.0
548,2023-08-04,10.08,10.1,9.47,9.5,42557551.0
549,2023-08-07,9.5,9.57,9.16,9.39,31681979.0
550,2023-08-08,9.03,9.45,9.01,9.31,28127815.0
551,2023-08-09,9.27,9.27,8.8,8.99,43368269.0
552,2023-08-10,9.09,9.24,8.72,8.72,37657753.0
553,2023-08-11,8.53,8.7,8.42,8.65,26970346.0
554,2023-08-14,8.52,8.71,8.36,8.68,27735457.0
555,2023-08-15,8.6,8.6,8.34,8.37,23709336.0
556,2023-08-16,8.23,8.43,8.21,8.26,23398937.0
557,2023-08-17,8.35,8.41,8.08,8.11,29582425.0
558,2023-08-18,7.92,8.29,7.89,8.22,27366332.0
559,2023-08-21,8.25,8.33,8.08,8.29,22676645.0
560,2023-08-22,8.4,8.47,8.11,8.15,23164705.0
561,2023-08-23,8.08,8.47,8.06,8.43,21855657.0
562,2023-08-24,8.48,8.5,8.08,8.12,26080574.0
563,2023-08-25,8.12,8.43,8.06,8.29,24163705.0
564,2023-08-28,8.38,8.42,8.17,8.23,17488704.0
565,2023-08-29,8.18,8.58,8.16,8.46,24487415.0
566,2023-08-30,8.46,8.78,8.36,8.74,26123577.0
567,2023-08-31,8.78,8.87,8.52,8.66,26175585.0
568,2023-09-01,8.77,8.93,8.72,8.79,17738832.0
569,2023-09-05,8.75,8.88,8.62,8.75,18906327.0
570,2023-09-06,8.73,8.81,8.43,8.54,23909748.0
571,2023-09-07,8.35,8.58,8.22,8.57,19320742.0
572,2023-09-08,8.54,8.67,8.45,8.55,15066681.0
573,2023-09-11,8.65,8.92,8.64,8.9,19320621.0
574,2023-09-12,8.79,9.19,8.79,9.0,25495591.0
575,2023-09-13,9.0,9.09,8.77,8.8,16819196.0
576,2023-09-14,8.89,9.18,8.86,9.05,23641996.0
577,2023-09-15,9.0,9.14,8.88,9.07,30508365.0
578,2023-09-18,9.05,9.07,8.63,8.67,22678678.0
579,2023-09-19,8.65,8.87,8.54,8.62,18091637.0
580,2023-09-20,8.67,8.79,8.31,8.32,21643907.0
581,2023-09-21,8.11,8.15,7.91,7.95,29541995.0
582,2023-09-22,8.03,8.05,7.44,7.54,38736050.0
583,2023-09-25,7.46,7.66,7.4,7.51,23107791.0
584,2023-09-26,7.4,7.59,7.37,7.4,22544869.0
585,2023-09-27,7.48,7.66,7.39,7.6,28227005.0
586,2023-09-28,7.6,7.84,7.53,7.77,23539595.0
587,2023-09-29,7.92,8.3,7.91,7.99,28779332.0
588,2023-10-02,8.08,8.16,7.8,7.84,20000293.0
589,2023-10-03,7.71,7.75,7.18,7.28,36674944.0
590,2023-10-04,7.41,7.49,7.14,7.47,23978913.0
591,2023-10-05,7.42,7.71,7.3,7.65,17072922.0
592,2023-10-06,7.51,8.03,7.5,7.99,23371296.0
593,2023-10-09,7.78,8.2,7.77,8.18,17191921.0
594,2023-10-10,8.25,8.53,8.21,8.36,20874241.0
595,2023-10-11,8.45,8.73,8.45,8.59,22512705.0
596,2023-10-12,8.64,8.67,8.28,8.39,22155442.0
597,2023-10-13,8.44,8.48,8.07,8.12,22047269.0
598,2023-10-16,8.24,8.35,8.08,8.25,16675229.0
599,2023-10-17,8.1,8.36,8.08,8.25,18473635.0
600,2023-10-18,8.19,8.26,7.69,7.77,26281257.0
601,2023-10-19,7.75,7.98,7.59,7.63,26767664.0
602,2023-10-20,7.55,7.68,7.32,7.37,27271690.0
603,2023-10-23,7.28,7.5,6.97,7.26,29747946.0
604,2023-10-24,7.4,7.575,7.26,7.38,23335868.0
605,2023-10-25,7.24,7.27,7.02,7.08,31058482.0
606,2023-10-26,7.04,7.17,6.795,6.9,47046902.0
607,2023-10-27,7.07,7.08,6.85,6.87,45332086.0
608,2023-10-30,7.6,7.88,6.68,6.94,125927131.0
609,2023-10-31,7.04,7.57,7.03,7.55,63310357.0
610,2023-11-01,7.64,7.75,7.35,7.58,42359684.0
611,2023-11-02,7.9,8.2,7.88,8.17,45933836.0
612,2023-11-03,8.28,8.48,8.0,8.01,41604109.0
613,2023-11-06,8.05,8.06,7.37,7.49,46262023.0
614,2023-11-07,7.5,7.6,7.33,7.42,34068130.0
615,2023-11-08,7.38,7.395,7.12,7.31,28150796.0
616,2023-11-09,7.16,7.17,6.57,6.85,86607344.0
617,2023-11-10,6.92,6.95,6.74,6.94,29599971.0
618,2023-11-13,6.85,7.11,6.72,7.04,33982456.0
619,2023-11-14,7.39,7.53,7.22,7.48,38408694.0
620,2023-11-15,7.39,7.5,7.22,7.37,40095877.0
621,2023-11-16,7.28,7.29,6.631,6.71,73603053.0
622,2023-11-17,6.8,6.88,6.65,6.83,30884289.0
623,2023-11-20,6.77,6.78,6.56,6.615,44741067.0
624,2023-11-21,6.54,6.725,6.41,6.72,46170173.0
625,2023-11-22,6.8,7.03,6.71,6.9,36625973.0
626,2023-11-24,6.9,6.9498,6.79,6.86,13346066.0
627,2023-11-27,6.87,7.2,6.86,7.03,40258598.0
628,2023-11-28,7.04,7.35,7.0,7.34,36138230.0
629,2023-11-29,7.44,7.73,7.31,7.35,45648254.0
630,2023-11-30,7.39,7.4,7.1,7.29,41877882.0
631,2023-12-01,7.26,7.93,7.17,7.83,68877808.0
632,2023-12-04,7.71,8.25,7.65,7.96,45245641.0
633,2023-12-05,7.89,8.03,7.75,7.99,30468390.0
634,2023-12-06,8.14,8.45,7.86,7.89,51458651.0
635,2023-12-07,7.98,8.14,7.88,7.96,30489080.0
636,2023-12-08,7.95,8.22,7.88,8.13,34626639.0
637,2023-12-11,8.12,8.27,8.0,8.07,24365614.0
638,2023-12-12,8.07,8.095,7.825,7.95,26086943.0
639,2023-12-13,7.98,8.96,7.84,8.94,75424695.0
640,2023-12-14,9.11,9.84,9.09,9.47,92753867.0
641,2023-12-15,9.53,9.57,9.14,9.35,52727278.0
642,2023-12-18,9.3,9.79,9.21,9.66,48816133.0
643,2023-12-19,9.78,9.995,9.66,9.94,51836682.0
644,2023-12-20,9.91,10.16,9.23,9.31,75814689.0
645,2023-12-21,9.53,9.67,9.39,9.64,41803016.0
646,2023-12-22,9.77,9.88,9.585,9.71,29139214.0
647,2023-12-26,9.83,9.99,9.745,9.96,26013722.0
648,2023-12-27,10.01,10.49,10.0,10.32,44253665.0
649,2023-12-28,10.28,10.39,10.185,10.28,26416410.0
650,2023-12-29,10.25,10.2988,9.81,9.95,38251055.0
651,2024-01-02,9.71,9.815,9.52,9.65,38034987.0
652,2024-01-03,8.91,9.03,8.28,8.31,82970688.0
653,2024-01-04,8.35,8.585,8.17,8.42,37398918.0
654,2024-01-05,8.27,8.5,8.16,8.22,39717975.0
655,2024-01-08,8.25,8.62,8.23,8.53,32042229.0
656,2024-01-09,8.4,8.52,8.28,8.32,26168172.0
657,2024-01-10,8.33,8.6,8.1401,8.48,39487160.0
658,2024-01-11,8.41,8.4299,8.06,8.17,46166642.0
659,2024-01-12,8.17,8.3,7.81,7.89,49259781.0
660,2024-01-16,7.77,7.85,7.61,7.72,38223298.0
661,2024-01-17,7.53,7.58,7.37,7.53,41129890.0
662,2024-01-18,7.62,7.63,7.23,7.41,47079909.0
663,2024-01-19,7.45,7.5,7.21,7.49,40056280.0
664,2024-01-22,7.83,8.33,7.72,7.92,69046659.0
665,2024-01-23,8.1,8.14,7.73,7.75,45600699.0
666,2024-01-24,7.89,7.9399,7.53,7.56,41431031.0
667,2024-01-25,7.66,7.75,7.55,7.65,49509395.0
668,2024-01-26,7.69,7.83,7.52,7.62,72565953.0
669,2024-01-29,8.82,9.45,8.62,9.16,286380915.0
670,2024-01-30,9.03,9.4,8.38,8.4,119355971.0
671,2024-01-31,8.09,8.34,7.81,7.83,110241357.0
672,2024-02-01,7.93,7.96,7.57,7.73,76525395.0
673,2024-02-02,7.58,7.95,7.47,7.88,53319062.0
674,2024-02-05,7.7,7.76,7.45,7.58,42002910.0
675,2024-02-06,7.59,7.88,7.53,7.8,44063696.0
676,2024-02-07,7.82,7.83,7.57,7.66,37544859.0
677,2024-02-08,7.7,8.14,7.66,8.08,49560527.0
678,2024-02-09,8.185,8.35,8.08,8.13,40417514.0
679,2024-02-12,8.12,8.5,8.105,8.33,44804071.0
680,2024-02-13,7.84,8.205,7.78,8.02,62894354.0
681,2024-02-14,8.15,8.43,8.1,8.42,44248038.0
682,2024-02-15,8.5,8.55,8.34,8.53,40691510.0
683,2024-02-16,8.44,8.58,8.27,8.36,50369964.0
684,2024-02-20,8.29,8.52,8.21,8.51,39814877.0
685,2024-02-21,8.34,8.35,8.1,8.11,39260225.0
686,2024-02-22,8.24,8.35,8.14,8.16,30401153.0
687,2024-02-23,8.17,8.37,8.11,8.17,27447551.0
688,2024-02-26,8.19,8.69,8.165,8.54,46576046.0
689,2024-02-27,8.75,9.17,8.7,9.15,66939337.0
690,2024-02-28,9.04,9.18,8.83,8.86,42120676.0
691,2024-02-29,9.07,9.1392,8.82,8.98,29742071.0
692,2024-03-01,8.99,9.04,8.77,8.99,26375293.0
