,date,open,high,low,close,volume
0,2017-10-16,25.5734,25.5734,25.5734,25.5734,0.0
1,2017-10-17,25.5234,25.6234,25.4934,25.4934,21456.0
2,2017-10-18,25.7034,25.7034,25.5634,25.5834,49201.0
3,2017-10-19,25.5634,25.5734,25.4234,25.5734,24347.0
4,2017-10-20,25.6734,25.7934,25.6634,25.7234,164899.0
5,2017-10-23,25.8534,25.8534,25.6134,25.6234,65503.0
6,2017-10-24,25.7734,25.7734,25.6434,25.6634,85516.0
7,2017-10-25,25.6734,25.6734,25.3734,25.5234,92589.0
8,2017-10-26,25.6534,25.6534,25.5234,25.5734,104116.0
9,2017-10-27,25.6334,25.8134,25.6334,25.7934,178269.0
10,2017-10-30,25.8034,25.8034,25.6634,25.7234,124042.0
11,2017-10-31,25.8534,25.8534,25.7134,25.7434,211626.0
12,2017-11-01,26.4134,26.4134,25.7434,25.7834,291002.0
13,2017-11-02,25.8434,25.8434,25.6634,25.7934,208637.0
14,2017-11-03,25.8934,25.8934,25.7634,25.8734,321002.0
15,2017-11-06,25.8334,25.9534,25.8334,25.9334,162179.0
16,2017-11-07,26.0234,26.0234,25.8434,25.9034,224241.0
17,2017-11-08,25.8934,25.9734,25.8634,25.9534,232838.0
18,2017-11-09,25.9034,25.9034,25.6534,25.8434,301162.0
19,2017-11-10,25.8034,25.8534,25.7634,25.8334,213331.0
20,2017-11-13,25.7634,25.8934,25.7434,25.8734,125035.0
21,2017-11-14,25.8534,25.8534,25.7234,25.8034,309633.0
22,2017-11-15,25.7534,25.7534,25.5534,25.6334,414460.0
23,2017-11-16,25.8434,25.9534,25.7734,25.9034,613480.0
24,2017-11-17,25.8734,25.8934,25.8334,25.8434,140568.0
25,2017-11-20,25.9234,25.9234,25.8534,25.8934,243286.0
26,2017-11-21,26.0734,26.1134,26.0134,26.0934,245396.0
27,2017-11-22,26.1534,26.1534,26.0434,26.0634,282882.0
28,2017-11-24,26.1934,26.1934,26.1034,26.1334,118612.0
29,2017-11-27,26.1934,26.1934,26.0834,26.1134,490038.0
30,2017-11-28,26.1734,26.4134,26.1534,26.4034,236715.0
31,2017-11-29,26.5034,26.5034,26.3334,26.4134,187794.0
32,2017-11-30,26.5534,26.7734,26.5234,26.6534,319848.0
33,2017-12-01,26.6534,26.6934,26.2234,26.6134,1277164.0
34,2017-12-04,26.8534,26.9034,26.5734,26.5834,338236.0
35,2017-12-05,26.6134,26.6834,26.4434,26.4634,2108692.0
36,2017-12-06,26.4434,26.5034,26.3834,26.4434,375762.0
37,2017-12-07,26.3334,26.5834,26.3334,26.5534,314236.0
38,2017-12-08,26.6734,26.7334,26.6434,26.7334,1540979.0
39,2017-12-11,26.8234,26.8234,26.7334,26.8234,323996.0
40,2017-12-12,26.9134,26.9134,26.8034,26.8634,253625.0
41,2017-12-13,26.8934,26.9634,26.8634,26.8734,558438.0
42,2017-12-14,26.9034,26.9034,26.7134,26.7234,1080672.0
43,2017-12-15,26.82,27.03,26.82,26.98,410778.0
44,2017-12-18,27.16,27.22,27.15,27.19,404093.0
45,2017-12-19,27.26,27.26,27.05,27.07,260183.0
46,2017-12-20,27.21,27.21,27.0,27.05,555771.0
47,2017-12-21,27.15,27.19,27.09,27.12,489854.0
48,2017-12-22,27.13,27.13,27.04,27.12,320612.0
49,2017-12-26,27.08,27.1,27.04,27.08,285210.0
50,2017-12-27,27.15,27.15,27.06,27.1,238726.0
51,2017-12-28,27.23,27.23,27.1,27.17,470860.0
52,2017-12-29,27.19,27.22,27.03,27.04,254698.0
53,2018-01-02,27.17,27.39,27.12,27.39,1013127.0
54,2018-01-03,27.2,27.48,27.2,27.46,689273.0
55,2018-01-04,27.49,27.64,27.49,27.57,624292.0
56,2018-01-05,27.75,27.79,27.64,27.79,1122065.0
57,2018-01-08,27.8,27.86,27.75,27.85,522416.0
58,2018-01-09,27.99,27.99,27.85,27.88,526025.0
59,2018-01-10,27.86,27.89,27.72,27.86,2190979.0
60,2018-01-11,27.89,28.09,27.89,28.09,706510.0
61,2018-01-12,28.16,28.31,28.11,28.29,711408.0
62,2018-01-16,28.45,28.54,28.08,28.16,882647.0
63,2018-01-17,28.36,28.52,28.19,28.47,721904.0
64,2018-01-18,28.52,28.52,28.36,28.41,1987176.0
65,2018-01-19,28.49,28.56,28.42,28.56,1223271.0
66,2018-01-22,28.65,28.81,28.55,28.81,299726.0
67,2018-01-23,28.87,28.94,28.81,28.91,380063.0
68,2018-01-24,29.08,29.08,28.74,28.89,390822.0
69,2018-01-25,29.08,29.08,28.8,28.88,446719.0
70,2018-01-26,29.05,29.27,28.98,29.27,226195.0
71,2018-01-29,29.21,29.25,29.02,29.05,470572.0
72,2018-01-30,28.78,28.86,28.66,28.69,267925.0
73,2018-01-31,28.87,28.88,28.58,28.7,435283.0
74,2018-02-01,28.64,28.85,28.54,28.7,152097.0
75,2018-02-02,28.55,28.55,28.0,28.0,324807.0
76,2018-02-05,27.72,28.03,26.59,26.8,994894.0
77,2018-02-06,26.17,27.29,26.03,27.24,1070912.0
78,2018-02-07,27.39,27.6,27.1,27.1,570703.0
79,2018-02-08,27.14,27.14,25.94,25.94,353648.0
80,2018-02-09,26.31,26.56,25.38,26.37,739115.0
81,2018-02-12,26.57,27.0,26.43,26.78,1340893.0
82,2018-02-13,26.7,26.96,26.6,26.89,328548.0
83,2018-02-14,26.78,27.34,26.73,27.31,468955.0
84,2018-02-15,27.47,27.71,27.22,27.71,574096.0
85,2018-02-16,27.72,27.96,27.64,27.72,563362.0
86,2018-02-20,27.6,27.77,27.42,27.5,224263.0
87,2018-02-21,27.63,27.86,27.36,27.36,263701.0
88,2018-02-22,27.44,27.69,27.32,27.38,113615.0
89,2018-02-23,27.56,27.89,27.51,27.89,147870.0
90,2018-02-26,28.1,28.25,27.95,28.25,401518.0
91,2018-02-27,28.28,28.35,27.85,27.85,304386.0
92,2018-02-28,27.99,28.05,27.51,27.51,545618.0
93,2018-03-01,27.55,27.67,26.91,27.12,278337.0
94,2018-03-02,26.88,27.33,26.81,27.3,205894.0
95,2018-03-05,27.13,27.73,27.13,27.66,544254.0
96,2018-03-06,27.77,27.8,27.55,27.75,390692.0
97,2018-03-07,27.42,27.78,27.42,27.73,287839.0
98,2018-03-08,27.84,27.89,27.69,27.81,156584.0
99,2018-03-09,28.04,28.41,28.03,28.4,216637.0
100,2018-03-12,28.5,28.51,28.33,28.37,183504.0
101,2018-03-13,28.5,28.57,28.11,28.18,489325.0
102,2018-03-14,28.32,28.32,27.94,27.98,210136.0
103,2018-03-15,28.09,28.12,27.88,27.96,505491.0
104,2018-03-16,28.1387,28.1387,27.9987,28.0187,361125.0
105,2018-03-19,27.9387,27.9387,27.3887,27.5987,171664.0
106,2018-03-20,27.6487,27.7187,27.5687,27.6487,221948.0
107,2018-03-21,27.6687,27.8887,27.5787,27.5987,540397.0
108,2018-03-22,27.2987,27.3987,26.7887,26.8187,220393.0
109,2018-03-23,26.9187,26.9887,26.1587,26.1887,269574.0
110,2018-03-26,26.6587,26.9987,26.3687,26.9887,160589.0
111,2018-03-27,27.0687,27.1587,26.2787,26.4487,591658.0
112,2018-03-28,26.4787,26.6687,26.2487,26.3787,111817.0
113,2018-03-29,26.4887,26.9787,26.4287,26.8087,216916.0
114,2018-04-02,26.6487,26.7387,25.7787,26.0687,1359747.0
115,2018-04-03,26.2287,26.5087,26.0287,26.4687,752757.0
116,2018-04-04,25.9887,26.8787,25.9887,26.8187,713013.0
117,2018-04-05,27.0587,27.1487,26.8987,27.0587,1316072.0
118,2018-04-06,26.7387,26.9587,26.1687,26.3787,940123.0
119,2018-04-09,26.5787,26.9487,26.4487,26.4687,218218.0
120,2018-04-10,26.8787,27.0887,26.7587,26.9987,842648.0
121,2018-04-11,26.8087,27.0487,26.6987,26.8387,485273.0
122,2018-04-12,26.9787,27.2087,26.9787,27.0887,204483.0
123,2018-04-13,27.2087,27.2387,26.8587,26.9787,334941.0
124,2018-04-16,27.1887,27.3387,27.0887,27.2387,204303.0
125,2018-04-17,27.4187,27.6487,27.4087,27.5587,480746.0
126,2018-04-18,27.6987,27.7187,27.5687,27.6087,253571.0
127,2018-04-19,27.4787,27.5387,27.2987,27.4187,489323.0
128,2018-04-20,27.4487,27.4487,27.0587,27.1687,226634.0
129,2018-04-23,27.2587,27.3187,27.0287,27.1787,166595.0
130,2018-04-24,27.3187,27.3387,26.5787,26.7787,300178.0
131,2018-04-25,26.7387,26.8887,26.5387,26.8087,733716.0
132,2018-04-26,26.9987,27.2587,26.9087,27.1487,193290.0
133,2018-04-27,27.2387,27.2487,27.0587,27.1787,202245.0
134,2018-04-30,27.3587,27.3587,26.9487,26.9487,230534.0
135,2018-05-01,26.9387,26.9987,26.6787,26.9987,283258.0
136,2018-05-02,26.9987,27.0787,26.7487,26.7987,185947.0
137,2018-05-03,26.7287,26.8187,26.3287,26.7287,175741.0
138,2018-05-04,26.6887,27.2087,26.6387,27.1287,317668.0
139,2018-05-07,27.2087,27.3587,27.1587,27.2287,121277.0
140,2018-05-08,27.2187,27.2987,27.0687,27.2487,481372.0
141,2018-05-09,27.3587,27.5787,27.2787,27.5287,232882.0
142,2018-05-10,27.6587,27.8687,27.6387,27.8287,205239.0
143,2018-05-11,27.8487,27.9487,27.7787,27.8787,136148.0
144,2018-05-14,27.9487,28.0587,27.8487,27.9187,319415.0
145,2018-05-15,27.7787,27.8287,27.5987,27.6887,309314.0
146,2018-05-16,27.7687,27.8987,27.6987,27.8287,333005.0
147,2018-05-17,27.8187,27.9587,27.7287,27.8287,198259.0
148,2018-05-18,27.8287,27.8287,27.7187,27.7487,523815.0
149,2018-05-21,27.9587,28.0587,27.9187,27.9987,215853.0
150,2018-05-22,28.0887,28.0887,27.8587,27.8987,286667.0
151,2018-05-23,27.7687,28.0087,27.6487,28.0087,177612.0
152,2018-05-24,27.9587,27.9787,27.7087,27.9487,239505.0
153,2018-05-25,27.9487,27.9487,27.7987,27.8787,200628.0
154,2018-05-29,27.6287,27.7587,27.3887,27.5187,607104.0
155,2018-05-30,27.7287,28.0087,27.6987,27.9487,270800.0
156,2018-05-31,27.9187,27.9287,27.6687,27.7387,323687.0
157,2018-06-01,27.9687,28.0887,27.9187,28.0687,272048.0
158,2018-06-04,28.1787,28.2287,28.1287,28.2187,367576.0
159,2018-06-05,28.2387,28.2887,28.1387,28.2387,511286.0
160,2018-06-06,28.3387,28.5187,28.2387,28.5087,861445.0
161,2018-06-07,28.5787,28.6087,28.3787,28.4887,850399.0
162,2018-06-08,28.4487,28.5987,28.4187,28.5987,350499.0
163,2018-06-11,28.6487,28.7187,28.6187,28.6387,690525.0
164,2018-06-12,28.6687,28.7387,28.5987,28.6987,424535.0
165,2018-06-13,28.7587,28.7587,28.5587,28.5587,130683.0
166,2018-06-14,28.6887,28.7187,28.5787,28.6487,232703.0
167,2018-06-15,28.5607,28.6407,28.4107,28.6007,494041.0
168,2018-06-18,28.4507,28.5707,28.3607,28.5607,458006.0
169,2018-06-19,28.3007,28.4307,28.1807,28.4207,988858.0
170,2018-06-20,28.5207,28.5707,28.4207,28.4907,363122.0
171,2018-06-21,28.4807,28.4807,28.2207,28.2807,443962.0
172,2018-06-22,28.4707,28.4707,28.2907,28.3207,306090.0
173,2018-06-25,28.1407,28.2107,27.6707,27.8807,783377.0
174,2018-06-26,27.9607,28.0707,27.8607,27.9607,163190.0
175,2018-06-27,28.0407,28.2207,27.6807,27.6807,330277.0
176,2018-06-28,27.6607,27.9507,27.5807,27.8707,682738.0
177,2018-06-29,28.0507,28.1807,27.8907,27.9007,690995.0
178,2018-07-02,27.7407,27.9907,27.7007,27.9807,1908522.0
179,2018-07-03,28.0707,28.1107,27.8407,27.8507,251626.0
180,2018-07-05,28.0507,28.1307,27.8807,28.1307,651914.0
181,2018-07-06,28.1507,28.4307,28.1407,28.4007,651601.0
182,2018-07-09,28.5707,28.7007,28.5307,28.7007,395325.0
183,2018-07-10,28.7607,28.8207,28.7007,28.7907,405883.0
184,2018-07-11,28.6307,28.7007,28.5207,28.5707,619705.0
185,2018-07-12,28.7607,28.8607,28.6507,28.8607,1115139.0
186,2018-07-13,28.8307,28.9107,28.7707,28.8707,608828.0
187,2018-07-16,28.8507,28.8807,28.7707,28.8407,565745.0
188,2018-07-17,28.7607,29.0307,28.7507,28.9807,450847.0
189,2018-07-18,29.0007,29.0507,28.9207,29.0407,415827.0
190,2018-07-19,28.9107,29.0007,28.8607,28.9307,530209.0
191,2018-07-20,28.9207,28.9807,28.8707,28.8807,545960.0
192,2018-07-23,28.8407,28.9607,28.8007,28.9307,602397.0
193,2018-07-24,29.1107,29.1807,28.9407,29.0507,802344.0
194,2018-07-25,29.0107,29.3807,29.0107,29.3407,1171352.0
195,2018-07-26,29.2607,29.3507,29.2407,29.2707,769843.0
196,2018-07-27,29.3407,29.3407,28.9107,29.0307,878950.0
197,2018-07-30,29.0707,29.0707,28.7607,28.8207,1007644.0
198,2018-07-31,29.0007,29.0907,28.8807,28.9707,837488.0
199,2018-08-01,29.0307,29.1007,28.8607,28.9607,1153005.0
200,2018-08-02,28.8107,29.2007,28.7707,29.1707,681646.0
201,2018-08-03,29.2107,29.3107,29.1607,29.3107,788935.0
202,2018-08-06,29.3107,29.4607,29.2707,29.4307,474111.0
203,2018-08-07,29.5207,29.5707,29.4907,29.5207,1015440.0
204,2018-08-08,29.5307,29.5607,29.4407,29.5107,207928.0
205,2018-08-09,29.6007,29.6007,29.4607,29.4807,172038.0
206,2018-08-10,29.2507,29.3607,29.1807,29.2607,235706.0
207,2018-08-13,29.3107,29.3807,29.0907,29.1307,939000.0
208,2018-08-14,29.2607,29.3707,29.1807,29.3407,1453679.0
209,2018-08-15,29.2007,29.2007,28.9207,29.0907,299089.0
210,2018-08-16,29.3007,29.4707,29.2907,29.3707,664208.0
211,2018-08-17,29.3607,29.5307,29.2807,29.4707,610637.0
212,2018-08-20,29.5607,29.5907,29.4807,29.5507,150618.0
213,2018-08-21,29.6507,29.7407,29.6207,29.6407,167977.0
214,2018-08-22,29.6107,29.6907,29.5607,29.6407,343519.0
215,2018-08-23,29.6507,29.7107,29.5407,29.5807,127878.0
216,2018-08-24,29.6807,29.8107,29.6607,29.7907,385442.0
217,2018-08-27,29.9907,30.0607,29.9507,30.0507,271591.0
218,2018-08-28,30.1207,30.1207,30.0007,30.0707,572602.0
219,2018-08-29,30.1107,30.2707,30.0707,30.2307,583147.0
220,2018-08-30,30.1907,30.2407,30.0407,30.1107,999353.0
221,2018-08-31,30.0907,30.1707,30.0107,30.1307,875191.0
222,2018-09-04,30.1107,30.1207,29.9707,30.0807,587046.0
223,2018-09-05,30.0607,30.0607,29.8407,29.9807,1027691.0
224,2018-09-06,29.9807,30.0307,29.7407,29.8607,973105.0
225,2018-09-07,29.7607,29.9307,29.7107,29.8007,1464385.0
226,2018-09-10,29.9407,29.9407,29.8307,29.8607,521871.0
227,2018-09-11,29.8107,30.0307,29.7107,29.9707,730520.0
228,2018-09-12,30.0007,30.0407,29.8707,30.0007,261773.0
229,2018-09-13,30.1707,30.2107,30.1007,30.1807,269932.0
230,2018-09-14,30.1807,30.2407,30.1007,30.2107,549661.0
231,2018-09-17,30.1907,30.2007,29.9707,30.0007,446178.0
232,2018-09-18,30.0507,30.2507,30.0207,30.1807,573416.0
233,2018-09-19,30.2107,30.2507,30.1507,30.1807,587356.0
234,2018-09-20,30.3507,30.4907,30.3407,30.4707,361923.0
235,2018-09-21,30.5892,30.5892,30.4192,30.4392,995120.0
236,2018-09-24,30.3392,30.4092,30.2592,30.3192,1647405.0
237,2018-09-25,30.3492,30.3992,30.2692,30.2992,291856.0
238,2018-09-26,30.2992,30.4492,30.1392,30.1792,839458.0
239,2018-09-27,30.2692,30.4292,30.2392,30.2892,671519.0
240,2018-09-28,30.2292,30.3592,30.2192,30.2792,627900.0
241,2018-10-01,30.4592,30.5792,30.3192,30.3992,1943120.0
242,2018-10-02,30.3992,30.4592,30.3192,30.3692,658509.0
243,2018-10-03,30.5092,30.5492,30.3492,30.3892,303790.0
244,2018-10-04,30.3592,30.3592,29.9092,30.0492,1483533.0
245,2018-10-05,30.1592,30.1992,29.7092,29.9092,2840887.0
246,2018-10-08,29.8492,29.9392,29.6192,29.8792,722574.0
247,2018-10-09,29.8092,29.9992,29.7792,29.8292,282044.0
248,2018-10-10,29.7792,29.7792,28.7392,28.7692,2190322.0
249,2018-10-11,28.6692,28.8492,27.8892,28.0692,3520742.0
250,2018-10-12,28.5692,28.6392,28.1292,28.5292,946814.0
251,2018-10-15,28.5392,28.6292,28.3192,28.3392,896573.0
252,2018-10-16,28.5392,29.0892,28.5292,29.0492,330565.0
253,2018-10-17,29.0592,29.1192,28.7392,29.0192,2085862.0
254,2018-10-18,28.9592,28.9992,28.4092,28.5792,321652.0
255,2018-10-19,28.6192,28.8992,28.4592,28.5092,771074.0
256,2018-10-22,28.6592,28.6592,28.3092,28.3992,418385.0
257,2018-10-23,27.9492,28.3592,27.6392,28.2192,979911.0
258,2018-10-24,28.2292,28.2392,27.1792,27.2492,510095.0
259,2018-10-25,27.4892,27.9792,27.3292,27.7792,390239.0
260,2018-10-26,27.2992,27.6292,26.8992,27.2492,1091475.0
261,2018-10-29,27.5492,27.8092,26.6392,27.0492,637544.0
262,2018-10-30,27.0792,27.5792,27.0592,27.5492,863914.0
263,2018-10-31,27.8892,28.1792,27.8392,27.8792,710866.0
264,2018-11-01,28.0092,28.2792,27.8492,28.2692,642477.0
265,2018-11-02,28.4192,28.4492,27.8192,28.0392,1793092.0
266,2018-11-05,28.1392,28.2792,27.9692,28.2092,367845.0
267,2018-11-06,28.2292,28.4192,28.1892,28.4092,342204.0
268,2018-11-07,28.7092,29.1192,28.6592,29.1092,661462.0
269,2018-11-08,28.9692,29.1192,28.8892,29.0092,302556.0
270,2018-11-09,28.8692,28.8692,28.4992,28.6892,506612.0
271,2018-11-12,28.6392,28.6392,27.9992,28.0492,225962.0
272,2018-11-13,28.0792,28.3792,27.9292,27.9992,299362.0
273,2018-11-14,28.2892,28.2992,27.5892,27.7892,862447.0
274,2018-11-15,27.6192,28.1792,27.4292,28.1392,502596.0
275,2018-11-16,27.9592,28.2992,27.9192,28.1892,651858.0
276,2018-11-19,28.0992,28.1192,27.5092,27.5992,280793.0
277,2018-11-20,27.1592,27.3792,26.9192,27.0392,2220219.0
278,2018-11-21,27.2592,27.4092,27.1792,27.1792,334993.0
279,2018-11-23,26.9992,27.1592,26.9692,26.9692,124178.0
280,2018-11-26,27.3192,27.4992,27.2492,27.4992,481841.0
281,2018-11-27,27.3392,27.5692,27.2892,27.5592,338148.0
282,2018-11-28,27.6192,28.3192,27.6092,28.2992,683847.0
283,2018-11-29,28.2592,28.4192,28.0692,28.2292,1605380.0
284,2018-11-30,28.2492,28.5392,28.1892,28.5192,565150.0
285,2018-12-03,28.9492,29.0192,28.6892,28.8892,1849094.0
286,2018-12-04,28.8192,28.8192,27.7892,27.8292,857210.0
287,2018-12-06,27.3492,27.8192,26.9392,27.8192,586975.0
288,2018-12-07,27.7692,27.9492,26.9392,27.0492,1276093.0
289,2018-12-10,26.9792,27.2192,26.4892,27.0992,1279134.0
290,2018-12-11,27.6192,27.6192,26.9192,27.0892,1838320.0
291,2018-12-12,27.4992,27.6692,27.2592,27.2692,1016648.0
292,2018-12-13,27.3892,27.4692,27.1092,27.2492,459500.0
293,2018-12-14,26.9592,27.0792,26.5992,26.6792,471257.0
294,2018-12-17,26.5092,26.6692,25.8292,25.9992,1651804.0
295,2018-12-18,26.2592,26.3292,25.8292,26.0292,930854.0
296,2018-12-19,26.0492,26.4992,25.3592,25.5592,1343254.0
297,2018-12-20,25.4192,25.5792,24.7592,25.0892,1852035.0
298,2018-12-21,25.1808,25.4908,24.3708,24.4708,1356163.0
299,2018-12-24,24.2508,24.3708,23.7008,23.7008,2379749.0
300,2018-12-26,23.8808,25.0908,23.6808,25.0908,3080536.0
301,2018-12-27,24.6808,25.3708,24.3008,25.3708,1865547.0
302,2018-12-28,25.5008,25.7208,25.1608,25.3008,1032284.0
303,2018-12-31,25.5208,25.6008,25.3108,25.5908,1678441.0
304,2019-01-02,25.1308,25.7108,25.1208,25.5908,2272443.0
305,2019-01-03,25.3408,25.4108,24.8408,24.9008,733634.0
306,2019-01-04,25.3208,25.9608,25.2608,25.8808,1344950.0
307,2019-01-07,25.9308,26.3308,25.8308,26.1508,772615.0
308,2019-01-08,26.5008,26.5008,26.1308,26.4608,535745.0
309,2019-01-09,26.6708,26.7308,26.4208,26.6108,934537.0
310,2019-01-10,26.4608,26.7608,26.3308,26.7508,371870.0
311,2019-01-11,26.6108,26.7508,26.5408,26.7508,399816.0
312,2019-01-14,26.5108,26.6708,26.4508,26.5708,909184.0
313,2019-01-15,26.6408,26.9308,26.6408,26.9108,802416.0
314,2019-01-16,26.9708,27.1008,26.9508,26.9808,953664.0
315,2019-01-17,26.8808,27.3408,26.8808,27.2308,565163.0
316,2019-01-18,27.4708,27.7008,27.3708,27.6408,730353.0
317,2019-01-22,27.4508,27.4608,27.0008,27.2108,1885025.0
318,2019-01-23,27.3708,27.4308,26.9508,27.2508,1162568.0
319,2019-01-24,27.2608,27.3608,27.1408,27.3208,1016474.0
320,2019-01-25,27.5508,27.6708,27.4908,27.6008,797511.0
321,2019-01-28,27.3208,27.3808,27.1408,27.3808,497542.0
322,2019-01-29,27.3708,27.4408,27.2208,27.3208,784143.0
323,2019-01-30,27.4908,27.9208,27.4208,27.8308,587710.0
324,2019-01-31,27.7908,28.1308,27.7908,28.0708,1014770.0
325,2019-02-01,28.1208,28.2308,28.0008,28.1308,723522.0
326,2019-02-04,28.1208,28.3608,28.0308,28.3608,2500374.0
327,2019-02-05,28.4208,28.5108,28.3408,28.5008,490173.0
328,2019-02-06,28.4608,28.4908,28.3508,28.4508,1962648.0
329,2019-02-07,28.2408,28.3008,27.9408,28.1608,935242.0
330,2019-02-08,27.9708,28.2108,27.8908,28.2108,337218.0
331,2019-02-11,28.3008,28.3208,28.1608,28.2308,1503933.0
332,2019-02-12,28.4608,28.6808,28.4308,28.6308,577269.0
333,2019-02-13,28.7608,28.8408,28.6808,28.7408,997163.0
334,2019-02-14,28.6108,28.8108,28.5008,28.6708,1039863.0
335,2019-02-15,28.8808,29.0308,28.8808,29.0308,584427.0
336,2019-02-19,28.9108,29.1708,28.9108,29.0708,462054.0
337,2019-02-20,29.1008,29.1808,29.0008,29.1308,614625.0
338,2019-02-21,29.0408,29.0808,28.8808,28.9908,792604.0
339,2019-02-22,29.1108,29.2408,29.0808,29.2308,477507.0
340,2019-02-25,29.4308,29.4908,29.2708,29.2908,494025.0
341,2019-02-26,29.2308,29.3608,29.2108,29.2508,745552.0
342,2019-02-27,29.1608,29.3008,29.0608,29.2608,622208.0
343,2019-02-28,29.2508,29.2908,29.1608,29.1908,741730.0
344,2019-03-01,29.4108,29.4308,29.1908,29.4008,1120457.0
345,2019-03-04,29.5308,29.5708,28.9508,29.2508,1965483.0
346,2019-03-05,29.2708,29.2708,29.1208,29.2008,543207.0
347,2019-03-06,29.2208,29.2208,28.9408,28.9808,399822.0
348,2019-03-07,28.9308,28.9408,28.6108,28.7108,351013.0
349,2019-03-08,28.4808,28.6508,28.3908,28.6508,520286.0
350,2019-03-11,28.7408,29.1308,28.7408,29.1108,288222.0
351,2019-03-12,29.1908,29.2708,29.1508,29.2208,320613.0
352,2019-03-13,29.3508,29.5708,29.3308,29.4508,304819.0
353,2019-03-14,29.4208,29.5008,29.3608,29.4208,507660.0
354,2019-03-15,29.4988,29.6688,29.4588,29.5888,485641.0
355,2019-03-18,29.5988,29.7488,29.5888,29.7288,316011.0
356,2019-03-19,29.8188,29.9388,29.5988,29.7288,839813.0
357,2019-03-20,29.6988,29.8288,29.4488,29.5988,498187.0
358,2019-03-21,29.5288,30.0488,29.5288,29.9988,318625.0
359,2019-03-22,29.8188,29.8788,29.3088,29.3088,761248.0
360,2019-03-25,29.2888,29.4388,29.1388,29.3088,711605.0
361,2019-03-26,29.5488,29.6788,29.3788,29.5488,341055.0
362,2019-03-27,29.5688,29.6288,29.1688,29.3888,723186.0
363,2019-03-28,29.4488,29.5688,29.3288,29.5188,2417434.0
364,2019-03-29,29.7288,29.7788,29.5988,29.7588,745203.0
365,2019-04-01,30.0188,30.1588,29.9688,30.1488,801599.0
366,2019-04-02,30.1388,30.1888,30.0488,30.1488,635861.0
367,2019-04-03,30.3188,30.3688,30.1388,30.2488,539615.0
368,2019-04-04,30.2388,30.3288,30.1388,30.2888,1796194.0
369,2019-04-05,30.3788,30.4688,30.3488,30.4688,447468.0
370,2019-04-08,30.4288,30.4988,30.2988,30.4988,304701.0
371,2019-04-09,30.3588,30.3988,30.2388,30.3088,326276.0
372,2019-04-10,30.3688,30.4488,30.3188,30.4488,360521.0
373,2019-04-11,30.5088,30.5088,30.3588,30.4288,326681.0
374,2019-04-12,30.6488,30.6888,30.5488,30.6588,347508.0
375,2019-04-15,30.6788,30.6788,30.5388,30.6388,568775.0
376,2019-04-16,30.7588,30.7588,30.5688,30.6588,843191.0
377,2019-04-17,30.7988,30.7988,30.4888,30.5488,567644.0
378,2019-04-18,30.6488,30.6488,30.4588,30.6188,276054.0
379,2019-04-22,30.5188,30.6688,30.5088,30.6688,1623724.0
380,2019-04-23,30.7188,30.9988,30.6988,30.9788,658453.0
381,2019-04-24,30.9788,31.0188,30.8888,30.9188,1598713.0
382,2019-04-25,30.9288,30.9488,30.7188,30.8588,395126.0
383,2019-04-26,30.8788,31.0288,30.7688,31.0188,610936.0
384,2019-04-29,31.0488,31.1488,31.0288,31.0688,344927.0
385,2019-04-30,31.0688,31.1488,30.8788,31.1088,889448.0
386,2019-05-01,31.1988,31.2288,30.8588,30.8688,736013.0
387,2019-05-02,30.8488,30.9588,30.5888,30.7888,634861.0
388,2019-05-03,31.0188,31.1688,30.9688,31.1488,561271.0
389,2019-05-06,30.5688,31.0688,30.5688,31.0188,549886.0
390,2019-05-07,30.7288,30.7688,30.1788,30.4388,499081.0
391,2019-05-08,30.3988,30.5788,30.3088,30.3888,397940.0
392,2019-05-09,30.1088,30.3488,29.8988,30.2788,622322.0
393,2019-05-10,30.1588,30.5288,29.7788,30.4388,392045.0
394,2019-05-13,29.7888,29.8688,29.4688,29.5888,597138.0
395,2019-05-14,29.7188,30.0788,29.6888,29.8888,434304.0
396,2019-05-15,29.6888,30.1688,29.6588,30.0888,727763.0
397,2019-05-16,30.1888,30.5488,30.1888,30.3888,506726.0
398,2019-05-17,30.1088,30.4788,30.1088,30.1888,540252.0
399,2019-05-20,29.9688,30.1088,29.8588,29.9588,333856.0
400,2019-05-21,30.1588,30.2988,30.1488,30.2388,325068.0
401,2019-05-22,30.1388,30.2588,30.0888,30.1488,282539.0
402,2019-05-23,29.8588,29.8588,29.5388,29.7288,930279.0
403,2019-05-24,29.8988,29.9488,29.7088,29.7888,416731.0
404,2019-05-28,29.8588,29.9588,29.4988,29.5088,550407.0
405,2019-05-29,29.3688,29.3888,29.0888,29.2788,787609.0
406,2019-05-30,29.3788,29.4688,29.2088,29.3488,514053.0
407,2019-05-31,28.9888,29.1288,28.8988,28.9388,955265.0
408,2019-06-03,28.7188,29.0788,28.6588,28.8288,1392796.0
409,2019-06-04,29.1288,29.5588,29.0788,29.5588,443659.0
410,2019-06-05,29.7588,29.8588,29.5488,29.8488,562687.0
411,2019-06-06,29.9188,30.1488,29.8188,30.0788,459888.0
412,2019-06-07,30.2288,30.5388,30.2088,30.4188,2540900.0
413,2019-06-10,30.6388,30.8088,30.5688,30.5888,678570.0
414,2019-06-11,30.8188,30.8388,30.4688,30.5688,371468.0
415,2019-06-12,30.5388,30.6088,30.4488,30.5088,465095.0
416,2019-06-13,30.6088,30.6888,30.5388,30.6688,1294401.0
417,2019-06-14,30.6388,30.6688,30.4988,30.5888,420321.0
418,2019-06-17,30.6188,30.7188,30.5988,30.6188,383066.0
419,2019-06-18,30.8388,31.1088,30.8388,30.9688,1932888.0
420,2019-06-19,30.9788,31.1388,30.8888,31.0888,390479.0
421,2019-06-20,31.4488,31.4588,31.1488,31.4088,569460.0
422,2019-06-21,31.3811,31.5011,31.3011,31.3611,318974.0
423,2019-06-24,31.3811,31.3811,31.2611,31.2711,1857577.0
424,2019-06-25,31.2811,31.2811,30.8911,30.9011,591538.0
425,2019-06-26,31.0411,31.0811,30.8611,30.8811,288366.0
426,2019-06-27,30.9911,31.0811,30.9511,31.0311,307018.0
427,2019-06-28,31.1511,31.2611,31.0911,31.2411,2153430.0
428,2019-07-01,31.6511,31.6811,31.3611,31.5111,985971.0
429,2019-07-02,31.5311,31.5911,31.4111,31.5911,1172790.0
430,2019-07-03,31.7011,31.8811,31.6911,31.8711,323567.0
431,2019-07-05,31.7411,31.8611,31.5611,31.8311,502736.0
432,2019-07-08,31.6811,31.7111,31.5811,31.6611,613956.0
433,2019-07-09,31.5111,31.7511,31.5111,31.7211,676697.0
434,2019-07-10,31.8711,31.9811,31.7711,31.8811,430619.0
435,2019-07-11,31.9311,31.9711,31.8111,31.9511,573849.0
436,2019-07-12,32.0111,32.1111,31.9711,32.0911,497511.0
437,2019-07-15,32.1711,32.1711,32.0411,32.1011,2162710.0
438,2019-07-16,32.0811,32.1111,31.9511,31.9811,566479.0
439,2019-07-17,32.0111,32.0111,31.7911,31.7911,590068.0
440,2019-07-18,31.7411,31.9511,31.6611,31.9211,724404.0
441,2019-07-19,32.0611,32.0611,31.6911,31.7111,306772.0
442,2019-07-22,31.7811,31.8811,31.7211,31.8211,419507.0
443,2019-07-23,31.9811,32.0611,31.8511,32.0611,601276.0
444,2019-07-24,31.9811,32.2411,31.9711,32.2411,277066.0
445,2019-07-25,32.2111,32.2311,31.9911,32.0611,1718606.0
446,2019-07-26,32.1511,32.2911,32.1211,32.2711,438326.0
447,2019-07-29,32.2711,32.2711,32.1111,32.2111,252169.0
448,2019-07-30,32.0311,32.1711,31.9811,32.1411,368830.0
449,2019-07-31,32.1711,32.2011,31.5011,31.7611,1184146.0
450,2019-08-01,31.7511,32.1511,31.3511,31.4311,1048994.0
451,2019-08-02,31.3411,31.3411,30.9611,31.1811,1346416.0
452,2019-08-05,30.6311,30.6311,29.8511,30.1411,968608.0
453,2019-08-06,30.3911,30.6011,30.1711,30.5811,2084337.0
454,2019-08-07,30.2111,30.7111,29.9311,30.6311,649592.0
455,2019-08-08,30.7911,31.2811,30.7611,31.2811,884365.0
456,2019-08-09,31.1411,31.2211,30.8411,31.0611,1494444.0
457,2019-08-12,30.8611,30.9111,30.5011,30.6111,3457776.0
458,2019-08-13,30.6011,31.3111,30.5611,31.1211,1362660.0
459,2019-08-14,30.6511,30.6611,30.1011,30.1211,1671814.0
460,2019-08-15,30.2111,30.2911,29.9211,30.1811,672178.0
461,2019-08-16,30.4111,30.7511,30.4111,30.7011,374586.0
462,2019-08-19,31.0911,31.1711,30.9811,31.0911,439212.0
463,2019-08-20,31.0511,31.0711,30.8111,30.8411,284036.0
464,2019-08-21,31.1111,31.1711,31.0411,31.1311,341220.0
465,2019-08-22,31.2311,31.3011,30.8811,31.0911,526737.0
466,2019-08-23,30.9411,31.1511,30.0811,30.2411,910399.0
467,2019-08-26,30.5511,30.5811,30.3211,30.5811,1221312.0
468,2019-08-27,30.7611,30.7911,30.3311,30.4211,489908.0
469,2019-08-28,30.3311,30.6711,30.2711,30.6611,598900.0
470,2019-08-29,30.9611,31.1711,30.8711,31.0811,2060297.0
471,2019-08-30,31.2911,31.2911,30.9711,31.1011,887479.0
472,2019-09-03,30.9111,30.9811,30.7211,30.8911,1121729.0
473,2019-09-04,31.1511,31.2611,31.0711,31.2611,264835.0
474,2019-09-05,31.5611,31.8211,31.5611,31.7111,393794.0
475,2019-09-06,31.7711,31.8111,31.6711,31.7311,551261.0
476,2019-09-09,31.8711,31.8711,31.6011,31.7311,1947813.0
477,2019-09-10,31.6411,31.7111,31.4511,31.7111,1819098.0
478,2019-09-11,31.7311,31.9611,31.6611,31.9511,442759.0
479,2019-09-12,32.0811,32.1811,31.9711,32.0511,508963.0
480,2019-09-13,32.1111,32.1511,31.9711,32.0211,793448.0
481,2019-09-16,31.9011,32.0011,31.8611,31.9611,303094.0
482,2019-09-17,31.9411,32.0611,31.9111,32.0611,389152.0
483,2019-09-18,31.9811,32.0711,31.7511,32.0711,275998.0
484,2019-09-19,32.1311,32.2311,32.0211,32.0711,1068731.0
485,2019-09-20,32.1412,32.1812,31.8312,31.8912,314092.0
486,2019-09-23,31.7912,31.9812,31.7912,31.9012,260159.0
487,2019-09-24,32.0512,32.0812,31.4912,31.6112,389245.0
488,2019-09-25,31.6312,31.8612,31.4912,31.8212,642472.0
489,2019-09-26,31.8412,31.8412,31.5712,31.7412,1898078.0
490,2019-09-27,31.8412,31.8412,31.3312,31.5312,506318.0
491,2019-09-30,31.6212,31.8012,31.6112,31.7212,878476.0
492,2019-10-01,31.8012,31.8912,31.2612,31.2712,2627656.0
493,2019-10-02,31.1012,31.1012,30.5312,30.6812,1191280.0
494,2019-10-03,30.6412,30.9712,30.3212,30.9612,1417131.0
495,2019-10-04,31.0712,31.4612,31.0712,31.4412,581268.0
496,2019-10-07,31.3612,31.5312,31.2612,31.2812,2644671.0
497,2019-10-08,31.0812,31.1312,30.7612,30.7612,1037972.0
498,2019-10-09,31.0412,31.1912,30.9412,31.0812,949812.0
499,2019-10-10,31.0712,31.4112,31.0412,31.3112,692846.0
500,2019-10-11,31.6712,31.9412,31.6612,31.6712,789190.0
501,2019-10-14,31.6112,31.7112,31.6012,31.6412,462957.0
502,2019-10-15,31.7812,32.0612,31.7612,31.9612,539806.0
503,2019-10-16,31.9212,31.9712,31.8312,31.8912,360392.0
504,2019-10-17,32.0112,32.1112,31.9112,31.9812,1945378.0
505,2019-10-18,31.9612,32.0012,31.7112,31.8512,412616.0
506,2019-10-21,32.0112,32.0912,31.9512,32.0912,564180.0
507,2019-10-22,32.1812,32.2012,31.9512,31.9712,573391.0
508,2019-10-23,31.9412,32.0612,31.9312,32.0612,393704.0
509,2019-10-24,32.1812,32.1812,32.0312,32.1612,630455.0
510,2019-10-25,32.0712,32.3612,32.0412,32.3012,710251.0
511,2019-10-28,32.4512,32.5512,32.4312,32.5012,708229.0
512,2019-10-29,32.4712,32.6012,32.4412,32.4712,325833.0
513,2019-10-30,32.5212,32.6112,32.3512,32.5912,768356.0
514,2019-10-31,32.6012,32.6012,32.3112,32.4712,1144998.0
515,2019-11-01,32.6712,32.8312,32.6612,32.8312,783358.0
516,2019-11-04,33.0312,33.0412,32.9012,32.9312,1093751.0
517,2019-11-05,32.9912,33.0012,32.8412,32.8812,751753.0
518,2019-11-06,32.9012,32.9212,32.7712,32.8912,469881.0
519,2019-11-07,33.0812,33.1612,32.9512,33.0212,774613.0
520,2019-11-08,33.0012,33.1112,32.8812,33.1112,388622.0
521,2019-11-11,32.9612,33.0812,32.9212,33.0512,258210.0
522,2019-11-12,33.0912,33.2412,33.0512,33.1112,2124000.0
523,2019-11-13,33.0312,33.2012,32.9712,33.1612,531065.0
524,2019-11-14,33.1212,33.2112,33.0512,33.1912,420798.0
525,2019-11-15,33.3612,33.4812,33.2912,33.4812,518408.0
526,2019-11-18,33.4412,33.5512,33.3912,33.5012,347153.0
527,2019-11-19,33.6012,33.6012,33.4212,33.5212,275123.0
528,2019-11-20,33.4612,33.5312,33.2112,33.4012,515412.0
529,2019-11-21,33.4212,33.4212,33.2612,33.3512,443940.0
530,2019-11-22,33.4212,33.4412,33.3012,33.4312,514017.0
531,2019-11-25,33.5612,33.7412,33.5612,33.7312,296416.0
532,2019-11-26,33.7612,33.8412,33.7012,33.8112,2040525.0
533,2019-11-27,33.9012,33.9812,33.8512,33.9612,282738.0
534,2019-11-29,33.9112,33.9512,33.8112,33.8212,310227.0
535,2019-12-02,33.8812,33.9012,33.4512,33.4912,1357473.0
536,2019-12-03,33.1412,33.2712,32.9812,33.2712,670054.0
537,2019-12-04,33.4312,33.5612,33.3712,33.4712,302614.0
538,2019-12-05,33.5712,33.5712,33.3712,33.5312,432925.0
539,2019-12-06,33.7912,33.9112,33.7812,33.8512,561292.0
540,2019-12-09,33.8312,33.8812,33.7212,33.7212,350105.0
541,2019-12-10,33.7612,33.8012,33.6412,33.6912,732619.0
542,2019-12-11,33.7512,33.8312,33.7012,33.8012,925225.0
543,2019-12-12,33.7912,34.1912,33.7612,34.0712,451127.0
544,2019-12-13,34.0512,34.2512,33.9712,34.0912,310852.0
545,2019-12-16,34.3212,34.4512,34.3212,34.3712,409881.0
546,2019-12-17,34.4312,34.4612,34.3712,34.3912,369514.0
547,2019-12-18,34.4212,34.4612,34.3812,34.3812,280219.0
548,2019-12-19,34.4412,34.5712,34.4312,34.5612,848150.0
549,2019-12-20,34.7091,34.7991,34.6791,34.7591,438751.0
550,2019-12-23,34.8591,34.9291,34.7791,34.7991,438112.0
551,2019-12-24,34.8291,34.8291,34.7491,34.7791,245537.0
552,2019-12-26,34.8691,34.9991,34.8491,34.9991,369197.0
553,2019-12-27,35.0991,35.1091,34.9291,34.9691,2036136.0
554,2019-12-30,35.0191,35.0291,34.6991,34.7891,2905084.0
555,2019-12-31,34.7091,34.8991,34.6491,34.8791,719268.0
556,2020-01-02,35.0891,35.1991,34.9491,35.1991,2746442.0
557,2020-01-03,34.8391,35.0791,34.7891,34.9591,810769.0
558,2020-01-06,34.7491,35.0891,34.6691,35.0791,590963.0
559,2020-01-07,35.0691,35.0791,34.9291,34.9791,396442.0
560,2020-01-08,35.0091,35.3491,35.0091,35.1791,723398.0
561,2020-01-09,35.3991,35.4591,35.3191,35.4591,463354.0
562,2020-01-10,35.5491,35.5591,35.2891,35.3491,697422.0
563,2020-01-13,35.4491,35.6391,35.3891,35.6391,496224.0
564,2020-01-14,35.6091,35.7091,35.4991,35.5691,742006.0
565,2020-01-15,35.5791,35.7591,35.5491,35.6491,430403.0
566,2020-01-16,35.8091,35.9891,35.8091,35.9891,584717.0
567,2020-01-17,36.0891,36.1191,35.9691,36.0891,971064.0
568,2020-01-21,35.9891,36.0991,35.9591,35.9991,1440488.0
569,2020-01-22,36.1391,36.2191,35.9891,36.0191,1122905.0
570,2020-01-23,35.9391,36.0991,35.7991,36.0891,869018.0
571,2020-01-24,36.1891,36.1891,35.5691,35.7191,962347.0
572,2020-01-27,35.0691,35.2991,35.0091,35.1091,1169454.0
573,2020-01-28,35.2891,35.6191,35.2391,35.4991,672520.0
574,2020-01-29,35.6691,35.6991,35.4491,35.4691,755649.0
575,2020-01-30,35.2091,35.6191,35.1291,35.5991,1316191.0
576,2020-01-31,35.5091,35.5291,34.7891,34.9191,2153090.0
577,2020-02-03,35.0991,35.4191,35.0791,35.1891,906914.0
578,2020-02-04,35.6491,35.8791,35.6091,35.7591,1260634.0
579,2020-02-05,36.1491,36.2291,35.9591,36.2091,923436.0
580,2020-02-06,36.3391,36.3691,36.2091,36.3391,912820.0
581,2020-02-07,36.2091,36.2891,36.0691,36.1391,1228309.0
582,2020-02-10,36.0291,36.4291,36.0191,36.4291,941649.0
583,2020-02-11,36.6091,36.6991,36.4391,36.4891,1016178.0
584,2020-02-12,36.6791,36.7691,36.6291,36.7491,1176893.0
585,2020-02-13,36.5491,36.8191,36.5291,36.7091,17852636.0
586,2020-02-14,36.7591,36.7691,36.6091,36.7691,1034987.0
587,2020-02-18,36.6491,36.7191,36.4891,36.6691,1326239.0
588,2020-02-19,36.7991,36.9391,36.7591,36.8491,1006986.0
589,2020-02-20,36.7891,36.8891,36.3091,36.6891,2767384.0
590,2020-02-21,36.5291,36.5491,36.1791,36.2891,1862750.0
591,2020-02-24,35.0691,35.3791,34.8491,34.9691,5996183.0
592,2020-02-25,35.1491,35.2391,33.7191,33.8391,7567931.0
593,2020-02-26,34.0091,34.4691,33.6091,33.6891,6277470.0
594,2020-02-27,32.9691,33.4791,32.0491,32.0591,9245997.0
595,2020-02-28,30.9891,31.8791,30.6391,31.8691,20646171.0
596,2020-03-02,32.1091,33.4191,31.6891,33.4191,9728077.0
597,2020-03-03,33.4591,33.9591,32.0491,32.3791,10964034.0
598,2020-03-04,33.0591,33.8791,32.7391,33.8791,5057998.0
599,2020-03-05,32.9091,33.3291,32.3491,32.6291,4368088.0
600,2020-03-06,31.5191,32.1791,31.1891,32.0491,5187538.0
601,2020-03-09,29.5691,30.4591,29.2191,29.3391,10590102.0
602,2020-03-10,30.5291,30.9791,29.2291,30.9791,9342631.0
603,2020-03-11,30.0591,30.1991,28.9191,29.3291,10046093.0
604,2020-03-12,27.0391,28.3591,23.7791,26.1891,9513373.0
605,2020-03-13,28.0391,28.9291,26.3991,28.9191,9880221.0
606,2020-03-16,25.4591,27.2391,24.6091,25.1991,7884565.0
607,2020-03-17,25.7991,27.1291,24.9191,26.9691,8819933.0
608,2020-03-18,25.0091,25.9491,23.8791,25.3991,7350003.0
609,2020-03-19,25.1791,26.1191,24.3591,25.4191,5691422.0
610,2020-03-20,25.7291,25.9391,24.0791,24.1391,5970971.0
611,2020-03-23,24.0569,24.1369,22.8569,23.3769,9345466.0
612,2020-03-24,24.7469,25.9069,24.7069,25.8669,4917377.0
613,2020-03-25,26.0069,27.3369,25.3869,26.2369,5868513.0
614,2020-03-26,26.5669,28.0969,26.4969,27.9269,8010132.0
615,2020-03-27,26.9569,27.8669,26.7269,27.0269,9619804.0
616,2020-03-30,27.2469,28.0469,27.0369,27.9769,8519633.0
617,2020-03-31,27.8369,28.1569,27.3269,27.4869,4716281.0
618,2020-04-01,26.3769,26.7569,25.8869,26.1369,6137726.0
619,2020-04-02,26.0169,26.8869,25.9569,26.8069,6947350.0
620,2020-04-03,26.6869,26.9669,26.0369,26.3969,2952856.0
621,2020-04-06,27.5269,28.5769,27.3869,28.3669,4602804.0
622,2020-04-07,29.4569,29.5569,28.3469,28.3569,9414524.0
623,2020-04-08,28.7169,29.5769,28.4369,29.4369,5083731.0
624,2020-04-09,29.8269,30.2669,29.5869,29.9169,25739697.0
625,2020-04-13,29.7869,29.8169,29.1169,29.6069,4121340.0
626,2020-04-14,30.2469,30.6669,30.1069,30.5669,4418773.0
627,2020-04-15,29.8369,30.0669,29.5869,29.8569,5151641.0
628,2020-04-16,30.0069,30.1169,29.6169,30.0269,6743505.0
629,2020-04-17,30.7369,30.9769,30.4069,30.8969,4606123.0
630,2020-04-20,30.4269,30.8569,30.2869,30.3169,7406402.0
631,2020-04-21,29.7369,29.8869,29.1869,29.3069,5143310.0
632,2020-04-22,29.9369,30.2369,29.7669,30.0069,3134234.0
633,2020-04-23,30.1869,30.5769,29.9769,29.9969,3502933.0
634,2020-04-24,30.1969,30.5469,29.9469,30.4769,2308095.0
635,2020-04-27,30.7369,31.0769,30.6569,30.9669,2105066.0
636,2020-04-28,31.4069,31.4569,30.7569,30.8069,3569302.0
637,2020-04-29,31.4869,31.8669,31.3469,31.6769,4308246.0
638,2020-04-30,31.5069,31.5569,31.1269,31.3469,3578468.0
639,2020-05-01,30.7269,30.8269,30.3069,30.4469,3567464.0
640,2020-05-04,30.2169,30.5669,30.0369,30.5669,2055270.0
641,2020-05-05,30.8869,31.2069,30.8069,30.8569,1985410.0
642,2020-05-06,31.0569,31.1169,30.6169,30.6169,2463165.0
643,2020-05-07,31.0169,31.2669,30.9669,31.0169,2480479.0
644,2020-05-08,31.4269,31.6269,31.2869,31.5869,2331579.0
645,2020-05-11,31.3369,31.7669,31.2869,31.6069,2160102.0
646,2020-05-12,31.7469,31.7869,30.8969,30.9069,4327987.0
647,2020-05-13,30.8169,30.9569,29.9969,30.3169,4560135.0
648,2020-05-14,30.0069,30.7169,29.6969,30.7169,4289081.0
649,2020-05-15,30.4069,30.8569,30.2769,30.8369,3216238.0
650,2020-05-18,31.6269,32.0769,31.6169,31.8869,2407706.0
651,2020-05-19,31.8169,32.0269,31.5269,31.5369,3542642.0
652,2020-05-20,31.9869,32.2269,31.9569,32.1069,2026103.0
653,2020-05-21,32.1069,32.1969,31.7369,31.8569,3188111.0
654,2020-05-22,31.8469,31.9569,31.6769,31.9369,2313116.0
655,2020-05-26,32.7069,32.7269,32.3269,32.3969,3994771.0
656,2020-05-27,32.7369,32.8969,32.1169,32.8969,3847393.0
657,2020-05-28,33.0469,33.2769,32.7469,32.8369,3920281.0
658,2020-05-29,32.7669,33.0669,32.4369,32.9669,3920241.0
659,2020-06-01,32.9169,33.2069,32.8469,33.1369,2172308.0
660,2020-06-02,33.2569,33.4369,33.0869,33.4369,2065577.0
661,2020-06-03,33.6769,34.0269,33.6569,33.9169,2429913.0
662,2020-06-04,33.7969,34.0069,33.5569,33.8069,2524128.0
663,2020-06-05,34.5369,34.9769,34.5069,34.7469,2803972.0
664,2020-06-08,34.8769,35.2269,34.7969,35.2269,2016432.0
665,2020-06-09,34.8869,35.1169,34.7669,34.9369,2734525.0
666,2020-06-10,34.9969,35.1169,34.6369,34.7169,3587242.0
667,2020-06-11,33.8169,33.8969,32.4869,32.5469,4935475.0
668,2020-06-12,33.4569,33.5469,32.3169,32.9969,7187529.0
669,2020-06-15,32.2369,33.4469,32.1069,33.3169,5001774.0
670,2020-06-16,34.3169,34.3169,33.3969,34.0069,5930491.0
671,2020-06-17,34.1569,34.1769,33.7669,33.8369,2372646.0
672,2020-06-18,33.6769,33.9269,33.6069,33.8769,1621511.0
673,2020-06-19,34.3169,34.3269,33.4969,33.6669,3070038.0
674,2020-06-22,33.5749,33.9449,33.4449,33.9049,3148386.0
675,2020-06-23,34.2349,34.3549,34.0249,34.0549,1843144.0
676,2020-06-24,33.8049,33.8849,32.8949,33.1349,2982116.0
677,2020-06-25,33.0449,33.5349,32.7949,33.5049,2399656.0
678,2020-06-26,33.3649,33.3849,32.5849,32.6449,3963741.0
679,2020-06-29,32.7949,33.1649,32.5249,33.1649,2988368.0
680,2020-06-30,33.1249,33.8349,33.1049,33.6549,2905584.0
681,2020-07-01,33.7849,34.0349,33.7149,33.8949,4180180.0
682,2020-07-02,34.3249,34.4849,34.0049,34.0649,1877972.0
683,2020-07-06,34.5849,34.6749,34.4749,34.6449,2742566.0
684,2020-07-07,34.4649,34.7049,34.2249,34.2549,2004753.0
685,2020-07-08,34.3549,34.5549,34.1449,34.5449,1767469.0
686,2020-07-09,34.6349,34.6449,33.9049,34.3249,3238735.0
687,2020-07-10,34.3049,34.7449,34.1549,34.7249,3710766.0
688,2020-07-13,35.0249,35.3049,34.3149,34.3749,4002188.0
689,2020-07-14,34.1949,34.9149,34.0649,34.8849,4758207.0
690,2020-07-15,35.2949,35.3449,34.9049,35.2049,3182946.0
691,2020-07-16,34.9649,35.1449,34.8949,35.0849,3052168.0
692,2020-07-17,35.2249,35.2949,34.9649,35.1849,2499860.0
693,2020-07-20,35.1749,35.5949,35.0749,35.4949,1974339.0
694,2020-07-21,35.7549,35.8049,35.4649,35.5949,2321431.0
695,2020-07-22,35.5449,35.8349,35.5349,35.8049,1983667.0
696,2020-07-23,35.7649,35.8449,35.1749,35.3349,4221020.0
697,2020-07-24,35.1149,35.2249,34.9149,35.0949,2013146.0
698,2020-07-27,35.1849,35.3949,35.0849,35.3649,1964345.0
699,2020-07-28,35.2849,35.4249,35.0949,35.1349,1944668.0
700,2020-07-29,35.2449,35.6649,35.2449,35.5849,1764038.0
701,2020-07-30,35.2149,35.5049,34.9549,35.4749,4836666.0
702,2020-07-31,35.6949,35.7649,35.1549,35.7649,2882523.0
703,2020-08-03,35.9749,36.1249,35.9149,36.0249,2187485.0
704,2020-08-04,35.9249,36.1849,35.9249,36.1849,1493322.0
705,2020-08-05,36.3549,36.4549,36.3149,36.4249,3900891.0
706,2020-08-06,36.3449,36.7249,36.3149,36.6749,1765887.0
707,2020-08-07,36.5649,36.7249,36.4449,36.7049,2092910.0
708,2020-08-10,36.7549,36.8449,36.5249,36.8249,2267019.0
709,2020-08-11,36.9949,37.0549,36.4149,36.4949,3576827.0
710,2020-08-12,36.8249,37.1449,36.8149,37.0349,1795311.0
711,2020-08-13,36.9549,37.1449,36.8649,36.9749,2766985.0
712,2020-08-14,36.9149,37.0449,36.8349,36.9849,1559984.0
713,2020-08-17,37.1149,37.1549,37.0549,37.0949,1905266.0
714,2020-08-18,37.1549,37.2349,36.9549,37.1949,2084399.0
715,2020-08-19,37.2549,37.3049,36.9549,37.0349,2349041.0
716,2020-08-20,36.7949,37.2149,36.7949,37.1549,972492.0
717,2020-08-21,37.1249,37.3149,37.0749,37.2949,1332825.0
718,2020-08-24,37.5849,37.6949,37.4849,37.6849,1204900.0
719,2020-08-25,37.7549,37.8449,37.6249,37.8249,1494085.0
720,2020-08-26,37.9149,38.2749,37.8449,38.2449,823140.0
721,2020-08-27,38.3649,38.5149,38.1249,38.3249,1682196.0
722,2020-08-28,38.4649,38.6249,38.3149,38.6049,1963809.0
723,2020-08-31,38.5549,38.6849,38.4349,38.4549,2030241.0
724,2020-09-01,38.5549,38.8449,38.4449,38.8249,2302142.0
725,2020-09-02,39.0649,39.5449,38.9349,39.4349,2073718.0
726,2020-09-03,39.2249,39.2849,37.6649,37.9749,5568284.0
727,2020-09-04,38.0649,38.2649,36.7449,37.6449,6967222.0
728,2020-09-08,36.9549,37.1149,36.5149,36.5549,4997732.0
729,2020-09-09,37.0749,37.6349,36.9549,37.3349,4519184.0
730,2020-09-10,37.5749,37.6549,36.5149,36.6249,6477328.0
731,2020-09-11,36.8649,36.9849,36.2949,36.6649,6597420.0
732,2020-09-14,37.0649,37.3949,36.9949,37.1749,2097452.0
733,2020-09-15,37.4949,37.5949,37.2449,37.3749,1259806.0
734,2020-09-16,37.5249,37.7049,37.1849,37.2149,1949441.0
735,2020-09-17,36.6049,37.0749,36.5249,36.8549,3093505.0
736,2020-09-18,36.9649,36.9649,36.1049,36.4149,3504397.0
737,2020-09-21,35.8347,35.9847,35.3647,35.9847,3739500.0
738,2020-09-22,36.1447,36.4347,35.8547,36.3647,1681751.0
739,2020-09-23,36.4447,36.4747,35.4047,35.4747,2603132.0
740,2020-09-24,35.2947,35.9547,35.1347,35.5647,3505752.0
741,2020-09-25,35.4647,36.2747,35.3547,36.1747,2788980.0
742,2020-09-28,36.7047,36.9047,36.5847,36.8247,3184753.0
743,2020-09-29,36.8047,36.8847,36.5247,36.6147,2261614.0
744,2020-09-30,36.7047,37.2947,36.6747,36.9047,3560518.0
745,2020-10-01,37.2347,37.3647,36.9247,37.1447,3494180.0
746,2020-10-02,36.5147,37.0147,36.4747,36.7747,3514893.0
747,2020-10-05,37.0347,37.4947,37.0347,37.4747,3033630.0
748,2020-10-06,37.5047,37.7547,36.8547,36.9047,3443243.0
749,2020-10-07,37.2747,37.6947,37.2747,37.5847,2700432.0
750,2020-10-08,37.8547,37.9547,37.7347,37.9447,1744314.0
751,2020-10-09,38.1747,38.3647,38.0847,38.3247,3607652.0
752,2020-10-12,38.6147,39.1547,38.5847,38.9547,1947071.0
753,2020-10-13,38.9347,38.9547,38.6047,38.6947,2100766.0
754,2020-10-14,38.7847,38.9047,38.3547,38.4547,2203865.0
755,2020-10-15,37.9247,38.4447,37.8847,38.3947,3271865.0
756,2020-10-16,38.5647,38.7647,38.3447,38.3647,1701182.0
757,2020-10-19,38.5147,38.6047,37.6447,37.7347,2383955.0
758,2020-10-20,37.9247,38.3047,37.8047,37.9147,3859763.0
759,2020-10-21,37.8947,38.1647,37.7947,37.8147,2238120.0
760,2020-10-22,37.8447,38.1247,37.5947,38.0647,2050567.0
761,2020-10-23,38.2047,38.2147,37.8847,38.1947,1935604.0
762,2020-10-26,37.7747,37.8547,37.0047,37.4447,2962174.0
763,2020-10-27,37.4747,37.5247,37.2747,37.2947,1710036.0
764,2020-10-28,36.5947,36.6647,35.8747,35.9247,3939887.0
765,2020-10-29,35.9947,36.7247,35.7547,36.3347,3701506.0
766,2020-10-30,36.1147,36.2847,35.4747,35.9347,4269196.0
767,2020-11-02,36.3347,36.6047,36.0147,36.3747,3363073.0
768,2020-11-03,36.7847,37.3047,36.7147,37.0447,2928349.0
769,2020-11-04,37.6247,38.4347,37.4747,37.9347,4642497.0
770,2020-11-05,38.6047,38.9347,38.5547,38.7247,3745632.0
771,2020-11-06,38.6847,38.8547,38.4147,38.7047,2059269.0
772,2020-11-09,40.3347,40.3647,39.1747,39.2347,5753727.0
773,2020-11-10,39.1047,39.2947,38.7647,39.1547,3272998.0
774,2020-11-11,39.4247,39.5747,39.2847,39.4847,1939490.0
775,2020-11-12,39.3247,39.4447,38.8447,39.0847,2337973.0
776,2020-11-13,39.3047,39.7347,39.2447,39.6447,1606274.0
777,2020-11-16,39.9947,40.1547,39.8247,40.1447,1970276.0
778,2020-11-17,39.8647,40.0847,39.6747,39.9447,2306865.0
779,2020-11-18,39.9647,40.0447,39.4247,39.4247,2228932.0
780,2020-11-19,39.3647,39.6547,39.1947,39.6147,1686124.0
781,2020-11-20,39.5847,39.5947,39.3147,39.3247,1127596.0
782,2020-11-23,39.5547,39.7147,39.2647,39.5747,1990402.0
783,2020-11-24,39.8747,40.3147,39.7847,40.2347,4919989.0
784,2020-11-25,40.2547,40.2547,40.0547,40.1947,1372369.0
785,2020-11-27,40.3247,40.3547,40.1847,40.2847,661878.0
786,2020-11-30,40.2047,40.2347,39.7747,40.0947,1702652.0
787,2020-12-01,40.5347,40.7747,40.4447,40.5847,2408317.0
788,2020-12-02,40.4447,40.6847,40.3647,40.6547,1659867.0
789,2020-12-03,40.6547,40.8347,40.5247,40.6547,2168445.0
790,2020-12-04,40.7247,41.0347,40.7247,41.0347,1756610.0
791,2020-12-07,40.9447,41.0047,40.7847,40.9547,1626211.0
792,2020-12-08,40.7747,41.1347,40.7647,41.0647,800571.0
793,2020-12-09,41.1547,41.1747,40.5747,40.6947,2066690.0
794,2020-12-10,40.5147,40.7947,40.3947,40.6747,1353542.0
795,2020-12-11,40.4547,40.6447,40.2647,40.6247,1118994.0
796,2020-12-14,40.9047,41.0247,40.4047,40.4247,5525277.0
797,2020-12-15,40.7547,41.0047,40.5747,41.0047,1384468.0
798,2020-12-16,41.0447,41.1847,40.9147,41.0547,1124879.0
799,2020-12-17,41.2647,41.3347,41.1747,41.3247,1238824.0
800,2020-12-18,41.3947,41.3947,40.8947,41.1447,1770568.0
801,2020-12-21,40.6559,41.0959,40.3059,41.0159,2674979.0
802,2020-12-22,41.0459,41.0459,40.7759,40.9159,1860475.0
803,2020-12-23,41.0459,41.1959,40.9259,40.9259,2127485.0
804,2020-12-24,40.9859,41.1259,40.9359,41.1259,483786.0
805,2020-12-28,41.4559,41.5459,41.3659,41.4859,966053.0
806,2020-12-29,41.6859,41.6959,41.3359,41.3959,1635899.0
807,2020-12-30,41.5159,41.5859,41.4159,41.4659,858127.0
808,2020-12-31,41.4659,41.7659,41.3859,41.6959,1663317.0
809,2021-01-04,41.8659,41.8659,40.6359,41.0959,3208129.0
810,2021-01-05,41.0259,41.5159,41.0259,41.3959,1929297.0
811,2021-01-06,41.1959,42.0459,41.1359,41.6359,3306334.0
812,2021-01-07,41.9459,42.3959,41.9359,42.2859,1535074.0
813,2021-01-08,42.4959,42.5859,42.0759,42.5659,2278044.0
814,2021-01-11,42.1559,42.4759,42.1459,42.2759,3002534.0
815,2021-01-12,42.2759,42.3959,41.9859,42.2859,1769584.0
816,2021-01-13,42.2659,42.5159,42.1659,42.3759,1363968.0
817,2021-01-14,42.4959,42.5459,42.1859,42.2359,1756142.0
818,2021-01-15,42.0059,42.1259,41.6759,41.8959,1795373.0
819,2021-01-19,42.2059,42.3259,42.0359,42.2359,1916417.0
820,2021-01-20,42.5459,42.9759,42.4959,42.8759,2706853.0
821,2021-01-21,42.9759,42.9959,42.7959,42.9159,1729496.0
822,2021-01-22,42.6759,42.8959,42.6359,42.7359,1105663.0
823,2021-01-25,42.8459,42.9759,42.2359,42.9259,2272334.0
824,2021-01-26,43.0459,43.0959,42.8359,42.8459,1621627.0
825,2021-01-27,42.4259,42.4359,41.4759,41.7759,3592279.0
826,2021-01-28,41.9859,42.6459,41.9359,42.1359,3434891.0
827,2021-01-29,41.8959,42.0159,41.0459,41.2859,4629327.0
828,2021-02-01,41.6659,42.1059,41.4159,41.9759,2136776.0
829,2021-02-02,42.3659,42.7959,42.3659,42.5759,2603233.0
830,2021-02-03,42.7159,42.8459,42.4859,42.6159,2275405.0
831,2021-02-04,42.7459,43.1559,42.7459,43.1559,1953319.0
832,2021-02-05,43.4059,43.4059,43.1859,43.3359,1111709.0
833,2021-02-08,43.5159,43.6759,43.4159,43.6759,1317642.0
834,2021-02-09,43.5659,43.6959,43.4959,43.6159,1860276.0
835,2021-02-10,43.8559,43.8659,43.3059,43.5959,1976804.0
836,2021-02-11,43.7359,43.7859,43.3659,43.6759,1372198.0
837,2021-02-12,43.5559,43.9359,43.5559,43.9159,1541867.0
838,2021-02-16,44.0459,44.0859,43.7859,43.8659,1770584.0
839,2021-02-17,43.6459,43.9059,43.5259,43.8959,1966429.0
840,2021-02-18,43.5659,43.7659,43.3259,43.6859,1961553.0
841,2021-02-19,43.8559,43.8659,43.5459,43.6059,2042436.0
842,2021-02-22,43.2659,43.5559,43.2259,43.2659,3084031.0
843,2021-02-23,42.9859,43.4759,42.4459,43.2859,5589945.0
844,2021-02-24,43.1459,43.8559,43.0459,43.8159,3406721.0
845,2021-02-25,43.6359,43.8159,42.5159,42.7159,6155956.0
846,2021-02-26,42.9559,43.0759,42.2159,42.4759,7005910.0
847,2021-03-01,43.0959,43.7059,43.0859,43.5359,2104336.0
848,2021-03-02,43.5959,43.6059,43.1559,43.1959,4114236.0
849,2021-03-03,43.1159,43.2259,42.5759,42.5759,6202829.0
850,2021-03-04,42.5559,42.8759,41.4759,42.0259,8076294.0
851,2021-03-05,42.4759,42.9759,41.5659,42.8359,8263330.0
852,2021-03-08,42.9759,43.3159,42.5959,42.6359,5318211.0
853,2021-03-09,43.0959,43.5959,43.0559,43.2459,4359452.0
854,2021-03-10,43.5759,43.7659,43.3959,43.5459,5140548.0
855,2021-03-11,43.8559,44.2659,43.8159,44.0259,2378045.0
856,2021-03-12,43.8359,44.0959,43.7459,44.0859,3879183.0
857,2021-03-15,44.1159,44.3959,43.8459,44.3659,2957567.0
858,2021-03-16,44.4459,44.5259,44.1959,44.3159,3060001.0
859,2021-03-17,44.1459,44.5559,43.9859,44.4559,4078124.0
860,2021-03-18,44.1359,44.3959,43.7059,43.7559,4134347.0
861,2021-03-19,43.7559,43.9259,43.4259,43.7059,4767572.0
862,2021-03-22,43.7592,44.2292,43.7592,44.0592,2994801.0
863,2021-03-23,43.9792,44.1592,43.5992,43.7092,3207176.0
864,2021-03-24,43.8692,44.0792,43.4592,43.4692,3572103.0
865,2021-03-25,43.2892,43.8192,43.0392,43.7192,5363065.0
866,2021-03-26,43.8792,44.4992,43.7992,44.4492,3990079.0
867,2021-03-29,44.2892,44.5392,44.0892,44.4192,3480845.0
868,2021-03-30,44.2892,44.3892,44.1092,44.3092,3065237.0
869,2021-03-31,44.3992,44.6992,44.3892,44.5192,3843541.0
870,2021-04-01,44.7292,45.0092,44.7192,44.9892,2672768.0
871,2021-04-05,45.3392,45.7392,45.3392,45.6792,3230824.0
872,2021-04-06,45.6192,45.7792,45.5792,45.6292,2400254.0
873,2021-04-07,45.6292,45.7492,45.5692,45.7192,1976459.0
874,2021-04-08,45.8592,45.9392,45.7492,45.9392,2199773.0
875,2021-04-09,45.9092,46.2992,45.8992,46.2892,2455127.0
876,2021-04-12,46.2192,46.3292,46.1392,46.2892,1804938.0
877,2021-04-13,46.2992,46.5192,46.2392,46.4192,2563596.0
878,2021-04-14,46.4492,46.5692,46.2092,46.2892,3655948.0
879,2021-04-15,46.5592,46.8292,46.5492,46.8092,2603943.0
880,2021-04-16,46.9792,47.0292,46.7892,46.9692,2020125.0
881,2021-04-19,46.8492,46.8992,46.5592,46.7092,3275729.0
882,2021-04-20,46.5692,46.6492,46.1792,46.3792,3091826.0
883,2021-04-21,46.2692,46.8392,46.2692,46.8392,1492102.0
884,2021-04-22,46.8192,46.8992,46.2492,46.3692,2834795.0
885,2021-04-23,46.4592,47.0692,46.4392,46.9092,1308432.0
886,2021-04-26,46.9692,47.0792,46.9392,46.9892,1481655.0
887,2021-04-27,47.0492,47.0692,46.8592,46.9892,2252834.0
888,2021-04-28,47.0192,47.1592,46.9392,46.9792,1354590.0
889,2021-04-29,47.3392,47.3592,46.8692,47.2792,2095041.0
890,2021-04-30,46.9992,47.1092,46.8592,46.9492,1990966.0
891,2021-05-03,47.2192,47.2692,47.0192,47.0592,1647979.0
892,2021-05-04,46.8192,46.8792,46.3192,46.7692,2934535.0
893,2021-05-05,46.9992,47.0092,46.7892,46.7892,1152050.0
894,2021-05-06,46.8092,47.1892,46.5492,47.1792,2604635.0
895,2021-05-07,47.2892,47.6192,47.1992,47.5292,2468744.0
896,2021-05-10,47.5692,47.5992,47.0392,47.0492,1943206.0
897,2021-05-11,46.4892,46.7292,46.1192,46.6292,4380528.0
898,2021-05-12,46.2592,46.4092,45.5092,45.5892,4716434.0
899,2021-05-13,45.7792,46.3892,45.7692,46.1292,3711061.0
900,2021-05-14,46.4892,46.9992,46.4892,46.8792,1751598.0
901,2021-05-17,46.7292,46.8592,46.5192,46.7592,1979271.0
902,2021-05-18,46.8092,46.8292,46.3292,46.3592,1534535.0
903,2021-05-19,45.7592,46.2392,45.5592,46.2292,4209403.0
904,2021-05-20,46.3392,46.8892,46.3092,46.7392,1924305.0
905,2021-05-21,46.9392,47.0692,46.6392,46.6892,2287471.0
906,2021-05-24,46.9792,47.3292,46.9492,47.1792,1203830.0
907,2021-05-25,47.3392,47.3692,47.0192,47.0892,1990298.0
908,2021-05-26,47.1692,47.2492,47.0292,47.1892,1148938.0
909,2021-05-27,47.3192,47.3692,47.1892,47.2092,1314228.0
910,2021-05-28,47.4092,47.4392,47.2692,47.2792,1939132.0
911,2021-06-01,47.5992,47.5992,47.1992,47.2592,1899569.0
912,2021-06-02,47.3392,47.4292,47.2092,47.3392,1328587.0
913,2021-06-03,47.0392,47.2892,46.8592,47.1692,1756919.0
914,2021-06-04,47.3992,47.6292,47.3792,47.5992,1237715.0
915,2021-06-07,47.6092,47.6092,47.4392,47.5392,1032199.0
916,2021-06-08,47.6692,47.6692,47.3392,47.5592,1142711.0
917,2021-06-09,47.6492,47.6692,47.4592,47.4792,2124230.0
918,2021-06-10,47.6292,47.8292,47.4792,47.7192,1114948.0
919,2021-06-11,47.7992,47.8092,47.6292,47.7892,1098035.0
920,2021-06-14,47.8192,47.9192,47.6592,47.9192,1246889.0
921,2021-06-15,47.9492,47.9492,47.7092,47.8292,1242928.0
922,2021-06-16,47.8492,47.8492,47.2792,47.5492,2054789.0
923,2021-06-17,47.4992,47.6392,47.2192,47.5292,1508437.0
924,2021-06-18,47.1292,47.1792,46.8392,46.8692,2206187.0
925,2021-06-21,47.0862,47.5762,46.9762,47.5562,2741743.0
926,2021-06-22,47.5662,47.9162,47.4662,47.8162,1428713.0
927,2021-06-23,47.8262,47.9262,47.7562,47.7662,1110470.0
928,2021-06-24,48.0062,48.1062,47.9962,48.0462,1028451.0
929,2021-06-25,48.1562,48.2762,48.1062,48.2062,942019.0
930,2021-06-28,48.2862,48.3462,48.1462,48.3362,1127805.0
931,2021-06-29,48.3962,48.4462,48.2962,48.3562,810629.0
932,2021-06-30,48.3062,48.4762,48.3062,48.4062,1831668.0
933,2021-07-01,48.5062,48.6862,48.4862,48.6862,1471766.0
934,2021-07-02,48.8262,49.1062,48.7862,49.0662,2292938.0
935,2021-07-06,49.0562,49.0862,48.6262,48.9662,1269121.0
936,2021-07-07,49.0562,49.1862,48.8062,49.1562,1299554.0
937,2021-07-08,48.4662,48.8362,48.3462,48.7462,1845725.0
938,2021-07-09,48.9062,49.3062,48.8962,49.2762,1298831.0
939,2021-07-12,49.2562,49.4862,49.2162,49.4762,1327306.0
940,2021-07-13,49.3762,49.5462,49.2562,49.3062,1747589.0
941,2021-07-14,49.5062,49.5662,49.2062,49.3662,1283212.0
942,2021-07-15,49.1862,49.2762,48.9562,49.1962,1731949.0
943,2021-07-16,49.3262,49.3362,48.7362,48.7962,2453581.0
944,2021-07-19,48.1862,48.2362,47.6862,48.0262,3032450.0
945,2021-07-20,48.1362,48.9162,48.0262,48.7562,4570661.0
946,2021-07-21,48.8862,49.1862,48.8862,49.1662,3974666.0
947,2021-07-22,49.1962,49.3062,49.0662,49.2862,990661.0
948,2021-07-23,49.5262,49.8362,49.4362,49.7962,1376786.0
949,2021-07-26,49.7362,49.9262,49.7162,49.9062,1438976.0
950,2021-07-27,49.7962,49.7962,49.3362,49.6962,3433726.0
951,2021-07-28,49.7762,49.8462,49.4962,49.6762,1884686.0
952,2021-07-29,49.7962,50.0162,49.7962,49.8762,1291470.0
953,2021-07-30,49.5662,49.8062,49.5462,49.6362,1320630.0
954,2021-08-02,49.8562,49.9062,49.4862,49.5262,1608706.0
955,2021-08-03,49.6262,49.9462,49.3462,49.9262,1347902.0
956,2021-08-04,49.7862,49.8562,49.6662,49.6962,2115303.0
957,2021-08-05,49.8462,50.0262,49.8062,49.9962,1956005.0
958,2021-08-06,50.0662,50.1462,50.0262,50.1062,1011113.0
959,2021-08-09,50.0762,50.1262,49.9762,50.0662,1095524.0
960,2021-08-10,50.1262,50.2162,50.0262,50.1262,4482789.0
961,2021-08-11,50.2662,50.2662,50.1162,50.2362,884423.0
962,2021-08-12,50.2362,50.4262,50.1262,50.4162,942730.0
963,2021-08-13,50.4762,50.5162,50.4162,50.5162,885873.0
964,2021-08-16,50.3262,50.6462,50.1462,50.6462,1197792.0
965,2021-08-17,50.3162,50.3962,49.9162,50.2662,2158528.0
966,2021-08-18,50.1662,50.3462,49.6762,49.7262,4645082.0
967,2021-08-19,49.3562,49.9362,49.3462,49.7962,2765079.0
968,2021-08-20,49.8462,50.2462,49.7762,50.2062,1179866.0
969,2021-08-23,50.3962,50.7762,50.3962,50.6462,896830.0
970,2021-08-24,50.7562,50.8162,50.6762,50.7462,1259193.0
971,2021-08-25,50.7862,50.9262,50.7262,50.8462,955814.0
972,2021-08-26,50.8462,50.8562,50.5362,50.5562,1540959.0
973,2021-08-27,50.6562,51.0662,50.6462,51.0162,2052427.0
974,2021-08-30,51.0862,51.3462,51.0762,51.2362,1181615.0
975,2021-08-31,51.2562,51.2762,51.0962,51.1662,1647139.0
976,2021-09-01,51.3062,51.3562,51.1762,51.1862,1867231.0
977,2021-09-02,51.3862,51.4662,51.2162,51.3662,1172734.0
978,2021-09-03,51.2562,51.4062,51.1762,51.3362,2370042.0
979,2021-09-07,51.2962,51.3062,51.0762,51.1662,2476333.0
980,2021-09-08,51.0762,51.1762,50.8562,51.1062,2397631.0
981,2021-09-09,51.0662,51.2862,50.8362,50.8662,1673526.0
982,2021-09-10,51.0862,51.1562,50.4362,50.4662,2349209.0
983,2021-09-13,50.8062,50.8562,50.2862,50.5662,2134750.0
984,2021-09-14,50.7662,50.7862,50.1862,50.3062,3154956.0
985,2021-09-15,50.3662,50.7962,50.2162,50.7162,2263834.0
986,2021-09-16,50.6762,50.7862,50.2862,50.6562,1291744.0
987,2021-09-17,50.5362,50.6062,50.0962,50.1562,1550656.0
988,2021-09-20,49.3705,49.5705,48.6705,49.2705,2803902.0
989,2021-09-21,49.5805,49.7205,49.1705,49.2405,1775063.0
990,2021-09-22,49.5305,49.9805,49.4005,49.7305,1946908.0
991,2021-09-23,49.9705,50.5505,49.9405,50.3605,1649217.0
992,2021-09-24,50.1505,50.5205,50.1305,50.4505,2450675.0
993,2021-09-27,50.2905,50.4505,50.2005,50.3005,1324242.0
994,2021-09-28,49.9305,49.9705,49.1605,49.2505,2223684.0
995,2021-09-29,49.4205,49.6205,49.2505,49.3105,3852389.0
996,2021-09-30,49.5105,49.6005,48.6805,48.6905,4512307.0
997,2021-10-01,48.9305,49.5005,48.4705,49.3005,3806816.0
998,2021-10-04,49.1605,49.2505,48.3805,48.6605,4162152.0
999,2021-10-05,48.8505,49.4505,48.7305,49.1705,3545219.0
1000,2021-10-06,48.7205,49.4105,48.5205,49.3705,3907529.0
1001,2021-10-07,49.7905,50.1705,49.7605,49.8005,1910297.0
1002,2021-10-08,49.9205,49.9605,49.6505,49.7305,1577256.0
1003,2021-10-11,49.6605,50.0105,49.3505,49.3605,1828911.0
1004,2021-10-12,49.4805,49.5205,49.1305,49.2305,3808113.0
1005,2021-10-13,49.3505,49.5105,48.9905,49.3905,2708848.0
1006,2021-10-14,49.8605,50.2905,49.8105,50.2605,3073390.0
1007,2021-10-15,50.5505,50.7105,50.4605,50.6705,1263731.0
1008,2021-10-18,50.4505,50.8605,50.3705,50.8405,2994073.0
1009,2021-10-19,51.0405,51.2505,50.9605,51.2505,1710637.0
1010,2021-10-20,51.2705,51.4705,51.2705,51.4205,1666007.0
1011,2021-10-21,51.3705,51.6105,51.3105,51.5905,1706735.0
1012,2021-10-22,51.5405,51.7005,51.2705,51.5405,1450156.0
1013,2021-10-25,51.6505,51.8505,51.4405,51.8105,3011730.0
1014,2021-10-26,52.0005,52.1605,51.8205,51.8605,1825322.0
1015,2021-10-27,51.9305,51.9905,51.6205,51.6205,2183842.0
1016,2021-10-28,51.8105,52.1405,51.8005,52.1405,1752082.0
1017,2021-10-29,51.8405,52.2805,51.8105,52.2205,2399837.0
1018,2021-11-01,52.3805,52.4105,52.1205,52.3505,1840822.0
1019,2021-11-02,52.3505,52.5905,52.3405,52.5405,2237012.0
1020,2021-11-03,52.5005,52.9305,52.4405,52.9005,2563085.0
1021,2021-11-04,52.9605,53.1605,52.9205,53.1305,2510455.0
1022,2021-11-05,53.4305,53.5805,53.1505,53.3205,3405418.0
1023,2021-11-08,53.4805,53.5305,53.3005,53.3705,1925676.0
1024,2021-11-09,53.4105,53.4505,53.0205,53.2105,3720196.0
1025,2021-11-10,52.9805,53.2005,52.5705,52.7705,2826326.0
1026,2021-11-11,52.9405,52.9405,52.7705,52.7905,1631456.0
1027,2021-11-12,52.9405,53.2605,52.8105,53.1905,1085565.0
1028,2021-11-15,53.3505,53.3605,53.0705,53.2105,2039445.0
1029,2021-11-16,53.1805,53.5705,53.1705,53.4105,2228446.0
1030,2021-11-17,53.3905,53.4105,53.2205,53.2905,1684534.0
1031,2021-11-18,53.4305,53.5105,53.0805,53.4805,2155386.0
1032,2021-11-19,53.4705,53.6105,53.3405,53.3905,1601623.0
1033,2021-11-22,53.6105,53.9205,53.2005,53.2205,1799337.0
1034,2021-11-23,53.1905,53.4005,52.8605,53.3105,2776229.0
1035,2021-11-24,53.0605,53.4505,52.9505,53.4405,2513722.0
1036,2021-11-26,52.6205,52.7805,52.0805,52.2305,2659684.0
1037,2021-11-29,52.8105,53.1005,52.5405,52.8805,1876738.0
1038,2021-11-30,52.5705,52.8005,51.7805,51.8505,3890729.0
1039,2021-12-01,52.5005,52.8805,51.1905,51.2305,3341861.0
1040,2021-12-02,51.2405,52.2105,51.2005,52.0305,5303352.0
1041,2021-12-03,52.2405,52.3605,51.0305,51.5705,5979891.0
1042,2021-12-06,51.8705,52.4205,51.5805,52.1805,4411002.0
1043,2021-12-07,52.8705,53.3705,52.8505,53.2905,2898285.0
1044,2021-12-08,53.3705,53.5105,53.1405,53.4705,2688839.0
1045,2021-12-09,53.3105,53.4005,53.0605,53.0905,3473652.0
1046,2021-12-10,53.4305,53.6105,53.1005,53.6105,2933601.0
1047,2021-12-13,53.5105,53.5705,53.0805,53.1205,2311904.0
1048,2021-12-14,52.7005,53.0005,52.3605,52.7205,2577043.0
1049,2021-12-15,52.7405,53.6205,52.4305,53.5905,3538589.0
1050,2021-12-16,53.8205,53.8405,52.9005,53.1005,3366829.0
1051,2021-12-17,52.7105,53.0805,52.3005,52.5305,5473168.0
1052,2021-12-20,51.8636,51.9836,51.4836,51.9536,4484431.0
1053,2021-12-21,52.3736,52.9036,52.0936,52.8936,4269737.0
1054,2021-12-22,52.8536,53.4436,52.8436,53.4436,2494247.0
1055,2021-12-23,53.5536,53.9536,53.5536,53.7836,2626706.0
1056,2021-12-27,53.9436,54.5636,53.9436,54.5636,2394430.0
1057,2021-12-28,54.6136,54.7336,54.4136,54.5036,3146240.0
1058,2021-12-29,54.5436,54.7036,54.4036,54.5936,1858975.0
1059,2021-12-30,54.6236,54.7636,54.3636,54.4336,2228303.0
1060,2021-12-31,54.3536,54.5036,54.2536,54.2636,2645969.0
1061,2022-01-03,54.4336,54.6236,54.1536,54.6236,3421952.0
1062,2022-01-04,54.7836,54.8736,54.3536,54.6036,2883148.0
1063,2022-01-05,54.5436,54.6436,53.4936,53.5136,3652027.0
1064,2022-01-06,53.4636,53.7936,53.1736,53.4636,4308580.0
1065,2022-01-07,53.4736,53.6036,53.0736,53.2536,3464710.0
1066,2022-01-10,52.8536,53.2036,52.1336,53.1636,6008682.0
1067,2022-01-11,53.1536,53.6736,52.7736,53.6736,6481307.0
1068,2022-01-12,53.8736,54.0736,53.5836,53.8436,3360314.0
1069,2022-01-13,53.9536,54.0336,52.9336,53.0736,4012966.0
1070,2022-01-14,52.6436,53.1136,52.5236,53.0636,4151576.0
1071,2022-01-18,52.5036,52.5136,51.9836,52.1036,6877742.0
1072,2022-01-19,52.3036,52.4736,51.5236,51.5736,4901668.0
1073,2022-01-20,51.7736,52.3836,50.9136,50.9836,5698477.0
1074,2022-01-21,50.8236,51.1236,49.9436,49.9436,9519401.0
1075,2022-01-24,49.2236,50.2136,47.9236,50.1436,18043722.0
1076,2022-01-25,49.3736,50.1436,48.6736,49.5436,10486282.0
1077,2022-01-26,50.2836,50.6436,48.8736,49.4036,9382410.0
1078,2022-01-27,49.9736,50.3536,48.9436,49.1536,10307831.0
1079,2022-01-28,49.3036,50.4136,48.7536,50.4136,6808763.0
1080,2022-01-31,50.3236,51.3836,50.1536,51.3436,9717685.0
1081,2022-02-01,51.4536,51.7836,51.0036,51.7436,6749309.0
1082,2022-02-02,52.0136,52.3136,51.7236,52.2136,4513489.0
1083,2022-02-03,51.4836,51.7036,50.8636,50.9836,5351801.0
1084,2022-02-04,50.9536,51.6736,50.6436,51.2236,4477676.0
1085,2022-02-07,51.3136,51.4636,50.8736,51.0136,3321653.0
1086,2022-02-08,50.9836,51.5736,50.8036,51.4636,4226210.0
1087,2022-02-09,51.9736,52.2836,51.9536,52.2336,5798007.0
1088,2022-02-10,51.5236,52.2536,51.0336,51.2736,5123443.0
1089,2022-02-11,51.2736,51.5436,50.0636,50.2436,5862497.0
1090,2022-02-14,50.1536,50.3636,49.6236,50.0736,6618895.0
1091,2022-02-15,50.5936,50.9136,50.5636,50.8736,3364004.0
1092,2022-02-16,50.6636,51.1136,50.4136,50.9636,4252836.0
1093,2022-02-17,50.5836,50.6236,49.7636,49.8536,4989742.0
1094,2022-02-18,49.8636,50.0236,49.2236,49.4936,5618969.0
1095,2022-02-22,49.2436,49.6436,48.5236,48.9536,6146486.0
1096,2022-02-23,49.3136,49.3836,47.9936,48.0536,13954041.0
1097,2022-02-24,46.7536,48.8536,46.7236,48.7836,17030204.0
1098,2022-02-25,48.9636,49.9236,48.7636,49.8936,9471281.0
1099,2022-02-28,49.2736,49.9636,49.0936,49.7736,12255882.0
1100,2022-03-01,49.6136,49.8436,48.6836,48.9936,12446646.0
1101,2022-03-02,49.2836,50.1236,49.1936,49.9236,7741689.0
1102,2022-03-03,50.2536,50.3036,49.4636,49.6936,6436094.0
1103,2022-03-04,49.2336,49.3936,48.7536,49.2836,5536615.0
1104,2022-03-07,49.2036,49.2136,47.7536,47.7836,6213163.0
1105,2022-03-08,47.7836,48.6736,47.2536,47.4136,8524886.0
1106,2022-03-09,48.4136,48.9436,48.1636,48.6736,6298901.0
1107,2022-03-10,48.1436,48.5836,47.8836,48.4936,4553426.0
1108,2022-03-11,48.7936,48.8536,47.7836,47.8536,5614629.0
1109,2022-03-14,47.9136,48.3536,47.3436,47.4936,6662909.0
1110,2022-03-15,47.7936,48.6336,47.6436,48.5636,5058320.0
1111,2022-03-16,48.9936,49.6636,48.3936,49.6436,6244619.0
1112,2022-03-17,49.4236,50.3236,49.3836,50.3236,4968539.0
1113,2022-03-18,50.1336,50.9136,50.0236,50.8536,3931376.0
1114,2022-03-21,50.8309,51.1009,50.4309,50.8509,5058827.0
1115,2022-03-22,51.0409,51.5809,51.0409,51.4609,3238927.0
1116,2022-03-23,51.1509,51.3409,50.8009,50.8109,4123786.0
1117,2022-03-24,51.0409,51.5709,50.9109,51.5509,3678724.0
1118,2022-03-25,51.6709,51.8709,51.3409,51.8509,4832062.0
1119,2022-03-28,51.7609,52.2109,51.5309,52.2109,3015417.0
1120,2022-03-29,52.6809,52.9409,52.3709,52.9009,4204061.0
1121,2022-03-30,52.7509,52.8309,52.2809,52.5309,2723955.0
1122,2022-03-31,52.4609,52.5509,51.7109,51.7309,3738249.0
1123,2022-04-01,51.9309,51.9309,51.4309,51.8809,3016879.0
1124,2022-04-04,51.9109,52.3309,51.8009,52.3309,2356963.0
1125,2022-04-05,52.1309,52.4409,51.5109,51.6409,4880713.0
1126,2022-04-06,51.1609,51.3909,50.7609,51.1309,3910417.0
1127,2022-04-07,51.0209,51.6009,50.7709,51.3809,5717380.0
1128,2022-04-08,51.2709,51.5909,51.0509,51.2409,4071455.0
1129,2022-04-11,50.8409,50.9309,50.2709,50.3509,2229416.0
1130,2022-04-12,50.6909,51.0109,49.9609,50.1509,3704886.0
1131,2022-04-13,50.1309,50.8209,50.1009,50.7609,3680492.0
1132,2022-04-14,50.7509,50.9009,50.0809,50.1109,3571872.0
1133,2022-04-18,49.9909,50.3209,49.8409,50.0909,3628149.0
1134,2022-04-19,50.0809,51.0309,50.0809,50.9309,3031181.0
1135,2022-04-20,51.1209,51.2309,50.7609,50.8809,3804668.0
1136,2022-04-21,51.3309,51.5209,50.0109,50.1309,4810512.0
1137,2022-04-22,49.9909,50.0109,48.6409,48.7009,4639350.0
1138,2022-04-25,48.4109,49.0109,47.8609,49.0009,5581640.0
1139,2022-04-26,48.6709,48.7009,47.5409,47.5609,6541887.0
1140,2022-04-27,47.6709,48.3309,47.4209,47.6809,8893346.0
1141,2022-04-28,48.2809,49.1209,47.7209,48.9309,8412602.0
1142,2022-04-29,48.4309,48.6809,46.9709,47.0509,7286912.0
1143,2022-05-02,47.0509,47.5109,46.2409,47.3609,7378967.0
1144,2022-05-03,47.3909,47.8609,47.2209,47.5709,7337496.0
1145,2022-05-04,47.6709,49.1209,47.2609,49.0609,10007520.0
1146,2022-05-05,48.5409,48.5409,46.7609,47.2609,10974139.0
1147,2022-05-06,46.9609,47.3809,46.3209,47.0009,9168926.0
1148,2022-05-09,46.2309,46.3909,45.2409,45.4509,7835126.0
1149,2022-05-10,46.1809,46.3509,45.0309,45.5509,10032391.0
1150,2022-05-11,45.3909,46.1109,44.7009,44.7709,12263911.0
1151,2022-05-12,44.4009,45.1409,43.9009,44.7609,10549137.0
1152,2022-05-13,45.2309,46.0109,45.1309,45.8209,9365960.0
1153,2022-05-16,45.6209,46.1009,45.3709,45.6809,3769647.0
1154,2022-05-17,46.4209,46.6309,45.9509,46.6009,6517136.0
1155,2022-05-18,46.0309,46.0809,44.5409,44.7109,5406722.0
1156,2022-05-19,44.3109,44.9409,44.1409,44.4209,9740400.0
1157,2022-05-20,44.8509,44.9109,43.3609,44.4309,8109039.0
1158,2022-05-23,44.7909,45.3809,44.5209,45.3009,5138571.0
1159,2022-05-24,44.7609,45.0709,44.1209,44.9409,5017891.0
1160,2022-05-25,44.7209,45.5809,44.7009,45.3609,6187516.0
1161,2022-05-26,45.4909,46.4709,45.4809,46.2809,2596918.0
1162,2022-05-27,46.5909,47.4609,46.5609,47.4609,2828098.0
1163,2022-05-31,47.2209,47.5909,46.8309,47.1809,8261989.0
1164,2022-06-01,47.4109,47.5609,46.4709,46.8009,8033368.0
1165,2022-06-02,46.7409,47.7009,46.4709,47.7009,3740270.0
1166,2022-06-03,47.1109,47.2909,46.7809,46.9109,2770800.0
1167,2022-06-06,47.4109,47.6109,46.9009,47.0409,2484550.0
1168,2022-06-07,46.6109,47.5609,46.5509,47.5009,2510553.0
1169,2022-06-08,47.2709,47.5109,46.8809,46.9709,2534156.0
1170,2022-06-09,46.7509,47.0209,45.8309,45.8409,3129398.0
1171,2022-06-10,45.0609,45.1409,44.4509,44.4609,6356248.0
1172,2022-06-13,43.2709,43.4909,42.5009,42.6809,15160996.0
1173,2022-06-14,42.9209,43.0409,42.1809,42.5609,7616907.0
1174,2022-06-15,42.9909,43.7409,42.3609,43.1709,7524086.0
1175,2022-06-16,42.1809,42.2109,41.4209,41.7609,9912966.0
1176,2022-06-17,41.7609,42.2109,41.3809,41.8109,7268593.0
1177,2022-06-21,42.4947,43.0647,42.4947,42.8947,4581459.0
1178,2022-06-22,42.3647,43.3147,42.3147,42.8147,5261231.0
1179,2022-06-23,43.0847,43.3347,42.6347,43.2547,6394835.0
1180,2022-06-24,43.6447,44.6447,43.6347,44.6347,4205064.0
1181,2022-06-27,44.7647,44.8047,44.3347,44.4947,3264772.0
1182,2022-06-28,44.6747,44.9947,43.5347,43.5647,5682370.0
1183,2022-06-29,43.6147,43.7347,43.2847,43.5247,4269098.0
1184,2022-06-30,43.0247,43.5347,42.5947,43.1347,7669671.0
1185,2022-07-01,43.0647,43.6647,42.7447,43.5947,6358201.0
1186,2022-07-05,42.9847,43.6947,42.6447,43.6847,5422101.0
1187,2022-07-06,43.7047,44.1547,43.4247,43.8647,5248744.0
1188,2022-07-07,44.0847,44.6247,44.0747,44.5347,2187762.0
1189,2022-07-08,44.3247,44.7247,44.1447,44.5047,2766801.0
1190,2022-07-11,44.1647,44.2747,43.8847,43.9647,2964721.0
1191,2022-07-12,43.8947,44.1947,43.3547,43.5547,4614752.0
1192,2022-07-13,42.9047,43.6947,42.8347,43.3447,6808611.0
1193,2022-07-14,42.7347,43.2947,42.4247,43.2347,6136352.0
1194,2022-07-15,43.7547,44.0747,43.5347,44.0547,2412547.0
1195,2022-07-18,44.4647,44.5347,43.5547,43.6847,2255787.0
1196,2022-07-19,44.1947,44.9747,44.1047,44.9147,2720461.0
1197,2022-07-20,44.9147,45.3847,44.7747,45.2247,10748357.0
1198,2022-07-21,45.1347,45.6847,44.8447,45.6847,4180096.0
1199,2022-07-22,45.7047,45.8447,44.9747,45.2647,3427032.0
1200,2022-07-25,45.3347,45.4047,45.0247,45.3147,2279749.0
1201,2022-07-26,45.0847,45.1147,44.6447,44.7647,3269830.0
1202,2022-07-27,45.1547,46.1547,45.1247,45.9447,3148964.0
1203,2022-07-28,46.0247,46.6247,45.6047,46.5447,2225916.0
1204,2022-07-29,46.7247,47.3547,46.6247,47.2247,3087001.0
1205,2022-08-01,46.8947,47.4047,46.8147,47.1047,2775385.0
1206,2022-08-02,46.8847,47.3447,46.6347,46.7747,2758024.0
1207,2022-08-03,47.0547,47.6647,47.0047,47.5347,2368912.0
1208,2022-08-04,47.5147,47.5947,47.2947,47.4847,2533551.0
1209,2022-08-05,46.9747,47.4847,46.9547,47.4147,1495225.0
1210,2022-08-08,47.6047,47.8947,47.2247,47.3747,2638556.0
1211,2022-08-09,47.2647,47.3247,47.0347,47.1747,3350445.0
1212,2022-08-10,48.0447,48.1847,47.8047,48.1747,3762116.0
1213,2022-08-11,48.5147,48.7547,48.0947,48.1847,1947759.0
1214,2022-08-12,48.4247,49.0247,48.3047,48.9947,1490555.0
1215,2022-08-15,48.7247,49.2847,48.7247,49.2147,1751298.0
1216,2022-08-16,49.1047,49.5547,48.9947,49.3347,1729301.0
1217,2022-08-17,48.8947,49.2947,48.7247,48.9747,2061463.0
1218,2022-08-18,48.9947,49.1947,48.8247,49.1047,1503907.0
1219,2022-08-19,48.7847,48.8047,48.3147,48.4447,2451209.0
1220,2022-08-22,47.8447,47.8447,47.2847,47.4247,2083309.0
1221,2022-08-23,47.3547,47.6347,47.2147,47.2847,1486925.0
1222,2022-08-24,47.2547,47.6047,47.1647,47.4347,1916182.0
1223,2022-08-25,47.6047,48.1247,47.4947,48.1047,1566715.0
1224,2022-08-26,48.0947,48.1747,46.4447,46.4647,2890614.0
1225,2022-08-29,46.1047,46.5047,45.9747,46.1447,1359868.0
1226,2022-08-30,46.2947,46.3047,45.3547,45.6147,10522742.0
1227,2022-08-31,45.8047,45.9547,45.2447,45.2647,2584854.0
1228,2022-09-01,44.9947,45.4347,44.6647,45.4047,2929393.0
1229,2022-09-02,45.8647,46.0147,44.6947,44.9247,2221969.0
1230,2022-09-06,45.0147,45.1247,44.4647,44.7347,2880832.0
1231,2022-09-07,44.7047,45.6547,44.6747,45.5747,3682347.0
1232,2022-09-08,45.2647,45.9147,45.1347,45.8547,3013943.0
1233,2022-09-09,46.1647,46.7047,46.1247,46.6047,1673207.0
1234,2022-09-12,46.8747,47.2047,46.8247,47.1047,2169948.0
1235,2022-09-13,46.0447,46.1747,44.8747,45.0347,3074733.0
1236,2022-09-14,45.1747,45.3747,44.7847,45.1947,3150723.0
1237,2022-09-15,45.0047,45.3447,44.5147,44.6647,2597756.0
1238,2022-09-16,44.1547,44.3847,43.9147,44.3247,3679767.0
1239,2022-09-19,43.9481,44.6581,43.9281,44.6581,2504366.0
1240,2022-09-20,44.2581,44.3781,43.8081,44.1281,3007282.0
1241,2022-09-21,44.3681,44.7481,43.3581,43.3681,4192995.0
1242,2022-09-22,43.2681,43.3781,42.8981,42.9881,4079715.0
1243,2022-09-23,42.5581,42.5581,41.6981,42.2181,5733678.0
1244,2022-09-26,42.0481,42.4981,41.6581,41.8181,4914397.0
1245,2022-09-27,42.2681,42.5281,41.4181,41.6981,6505314.0
1246,2022-09-28,41.8381,42.7481,41.6081,42.5381,6684447.0
1247,2022-09-29,42.1081,42.1381,41.2781,41.6481,5423945.0
1248,2022-09-30,41.5381,41.9981,40.9581,40.9781,6767224.0
1249,2022-10-03,41.4381,42.3081,41.2181,42.0681,4036469.0
1250,2022-10-04,42.7781,43.4281,42.7581,43.4281,5586112.0
1251,2022-10-05,42.8781,43.5881,42.5981,43.3081,3956455.0
1252,2022-10-06,43.1481,43.4981,42.8081,42.8781,5053006.0
1253,2022-10-07,42.3581,42.3981,41.4181,41.6481,3524815.0
1254,2022-10-10,41.7681,41.7981,41.0381,41.3181,3120469.0
1255,2022-10-11,41.1081,41.6581,40.8081,41.0481,8575602.0
1256,2022-10-12,41.0981,41.2781,40.8781,40.9181,4139676.0
1257,2022-10-13,40.0381,42.1881,39.9081,42.0181,9170122.0
1258,2022-10-14,42.3281,42.5081,40.9581,41.0381,6746111.0
1259,2022-10-17,41.7881,42.2381,41.7781,42.1281,4990624.0
1260,2022-10-18,43.0781,43.1181,42.1981,42.6381,4216758.0
1261,2022-10-19,42.3581,42.6981,41.9581,42.3281,3185086.0
1262,2022-10-20,42.2681,42.7881,41.8581,41.9581,3964002.0
1263,2022-10-21,41.8981,43.0481,41.7381,42.9981,4362047.0
1264,2022-10-24,43.1781,43.6581,42.8581,43.5081,3722404.0
1265,2022-10-25,43.5281,44.2781,43.5181,44.2481,5189667.0
1266,2022-10-26,43.8381,44.5481,43.8281,43.8881,3242278.0
1267,2022-10-27,44.0181,44.2381,43.5881,43.6681,4890549.0
1268,2022-10-28,43.6281,44.7781,43.6281,44.7181,12275982.0
1269,2022-10-31,44.4381,44.6381,44.2881,44.4081,3363932.0
1270,2022-11-01,44.8381,44.8781,44.0581,44.2081,3463794.0
1271,2022-11-02,44.1181,44.6681,43.0581,43.0681,5013455.0
1272,2022-11-03,42.6581,42.9681,42.3481,42.6181,3176631.0
1273,2022-11-04,43.2881,43.5181,42.4881,43.2381,4173626.0
1274,2022-11-07,43.3881,43.7281,43.1381,43.6381,2917861.0
1275,2022-11-08,43.7981,44.2581,43.3981,43.9081,5464496.0
1276,2022-11-09,43.6281,43.7881,42.9081,42.9581,4132007.0
1277,2022-11-10,44.5881,45.4281,44.3281,45.3781,4860985.0
1278,2022-11-11,45.4881,45.9481,45.2681,45.8281,3312730.0
1279,2022-11-14,45.6281,46.0381,45.4181,45.4581,3106181.0
1280,2022-11-15,46.1581,46.2881,45.3781,45.8581,5291935.0
1281,2022-11-16,45.6381,45.7481,45.4081,45.4781,6677472.0
1282,2022-11-17,44.8981,45.4281,44.8581,45.3581,3422292.0
1283,2022-11-18,45.7381,45.7481,45.1981,45.5681,2262780.0
1284,2022-11-21,45.3981,45.5181,45.1581,45.3781,2272575.0
1285,2022-11-22,45.6081,46.0281,45.4481,46.0181,4163438.0
1286,2022-11-23,45.9581,46.3681,45.9481,46.2981,2448907.0
1287,2022-11-25,46.2281,46.3681,46.2081,46.2981,999708.0
1288,2022-11-28,45.9181,46.1181,45.4481,45.5581,2438167.0
1289,2022-11-29,45.5581,45.6981,45.2281,45.4681,2127575.0
1290,2022-11-30,45.4981,46.9081,45.2581,46.8881,4382675.0
1291,2022-12-01,47.0681,47.2081,46.5881,46.8781,4925918.0
1292,2022-12-02,46.2681,46.9381,46.2681,46.8381,3225893.0
1293,2022-12-05,46.4981,46.5981,45.8181,45.9881,2663561.0
1294,2022-12-06,45.9381,46.0081,45.0381,45.2881,2523171.0
1295,2022-12-07,45.1681,45.5081,45.0881,45.2281,3517324.0
1296,2022-12-08,45.4381,45.6981,45.2481,45.5781,2297465.0
1297,2022-12-09,45.4381,45.7381,45.2181,45.2481,3295308.0
1298,2022-12-12,45.3381,45.8981,45.2481,45.8981,3928015.0
1299,2022-12-13,47.2181,47.2381,45.9181,46.2581,5759094.0
1300,2022-12-14,46.2081,46.6881,45.5881,45.9681,4619535.0
1301,2022-12-15,45.3481,45.4581,44.5981,44.7981,3309481.0
1302,2022-12-16,44.4781,44.6381,43.9981,44.2781,4407249.0
1303,2022-12-19,44.2554,44.3154,43.6754,43.8854,5871413.0
1304,2022-12-20,43.7854,44.1354,43.6254,43.9454,2782092.0
1305,2022-12-21,44.2654,44.7354,44.1954,44.5854,2666465.0
1306,2022-12-22,44.2454,44.2754,43.2654,43.9454,3333222.0
1307,2022-12-23,43.8454,44.2254,43.6354,44.2254,3709408.0
1308,2022-12-27,44.1854,44.2354,43.8354,44.0354,3679829.0
1309,2022-12-28,44.0354,44.2654,43.4654,43.4954,4024844.0
1310,2022-12-29,43.8254,44.3754,43.7754,44.2754,2789593.0
1311,2022-12-30,43.9454,44.1754,43.6954,44.1754,4135393.0
1312,2023-01-03,44.3854,44.6254,43.6254,43.9754,3688279.0
1313,2023-01-04,44.2354,44.5654,43.8754,44.3254,4335811.0
1314,2023-01-05,44.0754,44.0854,43.7354,43.8054,4449438.0
1315,2023-01-06,44.1754,44.9554,43.8054,44.8154,2160602.0
1316,2023-01-09,45.0754,45.4854,44.7754,44.7954,4251681.0
1317,2023-01-10,44.7154,45.1254,44.6154,45.1254,2303398.0
1318,2023-01-11,45.2954,45.7054,45.2154,45.7054,8119415.0
1319,2023-01-12,45.8354,46.0454,45.3254,45.8754,3996921.0
1320,2023-01-13,45.4854,46.1154,45.4554,46.0654,3308808.0
1321,2023-01-17,46.0354,46.2354,45.8854,45.9554,4826650.0
1322,2023-01-18,46.1154,46.2454,45.2054,45.2454,2881791.0
1323,2023-01-19,44.9654,45.1754,44.7354,44.8854,2679126.0
1324,2023-01-20,45.0754,45.7654,44.8654,45.7554,2104467.0
1325,2023-01-23,45.8354,46.5454,45.7354,46.2954,6499897.0
1326,2023-01-24,46.0854,46.3554,45.9554,46.2654,2569928.0
1327,2023-01-25,45.7454,46.3054,45.4754,46.2754,3059930.0
1328,2023-01-26,46.5854,46.8054,46.2354,46.7954,3078881.0
1329,2023-01-27,46.6554,47.1854,46.6454,46.9154,2440685.0
1330,2023-01-30,46.5654,46.8254,46.2654,46.3054,3541868.0
1331,2023-01-31,46.3554,46.9954,46.3254,46.9954,1816382.0
1332,2023-02-01,46.8254,47.8354,46.5054,47.5054,5041730.0
1333,2023-02-02,47.9654,48.3754,47.7454,48.1854,3861131.0
1334,2023-02-03,47.5754,48.2254,47.5354,47.6954,3762163.0
1335,2023-02-06,47.3654,47.5654,47.1954,47.4054,1697963.0
1336,2023-02-07,47.2854,48.1754,47.1254,48.0354,3085772.0
1337,2023-02-08,47.7654,47.9354,47.4054,47.4954,2426612.0
1338,2023-02-09,47.9354,47.9454,46.9254,47.0754,2121766.0
1339,2023-02-10,46.9054,47.2154,46.8254,47.1654,2516928.0
1340,2023-02-13,47.2654,47.7454,47.2054,47.7254,2212902.0
1341,2023-02-14,47.5554,47.9954,47.2354,47.7354,2769603.0
1342,2023-02-15,47.4554,47.8854,47.3554,47.8854,1945613.0
1343,2023-02-16,47.2754,47.7454,47.1954,47.1954,6181341.0
1344,2023-02-17,46.9454,47.1054,46.7054,47.0754,1643820.0
1345,2023-02-21,46.5854,46.7054,46.0854,46.1154,7466358.0
1346,2023-02-22,46.1754,46.3554,45.8854,46.0454,2514126.0
1347,2023-02-23,46.4154,46.4854,45.7954,46.3054,2708800.0
1348,2023-02-24,45.7054,45.9054,45.4854,45.8154,9703401.0
1349,2023-02-27,46.2054,46.3754,45.8554,45.9654,1631865.0
1350,2023-02-28,45.9154,46.1354,45.7854,45.7954,2116250.0
1351,2023-03-01,45.7054,45.8354,45.4554,45.6154,2440965.0
1352,2023-03-02,45.3854,46.0654,45.3354,45.9654,1991273.0
1353,2023-03-03,46.1854,46.7554,46.1254,46.7254,2112672.0
1354,2023-03-06,46.8254,47.1054,46.7054,46.7354,2269735.0
1355,2023-03-07,46.7354,46.7754,45.9454,46.0254,3780544.0
1356,2023-03-08,46.0254,46.1954,45.8354,46.1054,3068658.0
1357,2023-03-09,46.1854,46.3954,45.1254,45.2254,2957264.0
1358,2023-03-10,45.1654,45.4254,44.3854,44.5854,4709001.0
1359,2023-03-13,44.0854,45.0954,43.9454,44.4954,6428501.0
1360,2023-03-14,45.1054,45.4554,44.7054,45.2554,4334585.0
1361,2023-03-15,44.5754,44.9854,44.3154,44.9754,9771933.0
1362,2023-03-16,44.6854,45.8054,44.6154,45.7654,7518565.0
1363,2023-03-17,45.6254,45.7454,45.0554,45.2354,4319647.0
1364,2023-03-20,45.3282,45.7182,45.2482,45.6682,4612376.0
1365,2023-03-21,46.0882,46.3282,45.8882,46.2582,2325391.0
1366,2023-03-22,46.2682,46.6882,45.4782,45.4982,2990725.0
1367,2023-03-23,45.8382,46.3182,45.2782,45.6182,5527723.0
1368,2023-03-24,45.4382,45.9082,45.1682,45.8982,3234277.0
1369,2023-03-27,46.1882,46.2782,45.8882,45.9982,3218208.0
1370,2023-03-28,45.9182,45.9882,45.6682,45.9082,2477615.0
1371,2023-03-29,46.3882,46.5982,46.2582,46.5682,4857654.0
1372,2023-03-30,46.8982,46.9082,46.6182,46.8482,2313341.0
1373,2023-03-31,46.9582,47.5482,46.9482,47.5282,3094079.0
1374,2023-04-03,47.4582,47.7382,47.3982,47.7082,3298552.0
1375,2023-04-04,47.7682,47.8082,47.2682,47.4382,2414842.0
1376,2023-04-05,47.3382,47.4182,47.0982,47.2882,3019512.0
1377,2023-04-06,47.2082,47.5082,47.0782,47.4982,1995984.0
1378,2023-04-10,47.1882,47.5482,47.1082,47.5482,2415012.0
1379,2023-04-11,47.5982,47.7282,47.4582,47.5382,2467628.0
1380,2023-04-12,47.7982,47.8282,47.2882,47.3682,4762263.0
1381,2023-04-13,47.4782,48.0382,47.4382,47.9782,19475662.0
1382,2023-04-14,47.9082,48.1782,47.5982,47.8882,3197749.0
1383,2023-04-17,47.8482,48.0482,47.7182,48.0482,4148930.0
1384,2023-04-18,48.2282,48.2582,47.9182,48.0782,2827407.0
1385,2023-04-19,47.8482,48.1782,47.8482,48.0882,1866018.0
1386,2023-04-20,47.7182,48.0082,47.6082,47.8082,2702858.0
1387,2023-04-21,47.8382,47.8982,47.6082,47.8482,2154852.0
1388,2023-04-24,47.8082,47.9382,47.6582,47.8982,1820503.0
1389,2023-04-25,47.6682,47.7182,47.1182,47.1282,2751575.0
1390,2023-04-26,47.2082,47.3282,46.8582,46.9382,3562884.0
1391,2023-04-27,47.2382,47.8982,47.2082,47.8482,2263457.0
1392,2023-04-28,47.7682,48.2782,47.7582,48.2782,2733945.0
1393,2023-05-01,48.2382,48.4682,48.1982,48.2482,4359240.0
1394,2023-05-02,48.1282,48.1482,47.3282,47.6882,3803634.0
1395,2023-05-03,47.7282,48.0382,47.3282,47.3382,4056175.0
1396,2023-05-04,47.2082,47.2582,46.8582,47.0182,4064218.0
1397,2023-05-05,47.4482,48.0182,47.4282,47.8882,2618361.0
1398,2023-05-08,47.9182,47.9682,47.7282,47.9182,2297224.0
1399,2023-05-09,47.7182,47.8282,47.6682,47.7082,2748532.0
1400,2023-05-10,48.0282,48.1182,47.4482,47.9182,3606693.0
1401,2023-05-11,47.8182,47.8682,47.5782,47.8382,2378822.0
1402,2023-05-12,47.9782,47.9982,47.4682,47.7582,4789843.0
1403,2023-05-15,47.8582,47.9782,47.6282,47.9482,1786055.0
1404,2023-05-16,47.8082,47.9182,47.6182,47.6182,1928467.0
1405,2023-05-17,47.8582,48.2782,47.6682,48.2082,3038748.0
1406,2023-05-18,48.1782,48.7182,48.1482,48.6582,3806259.0
1407,2023-05-19,48.7682,48.8482,48.4482,48.6182,2692382.0
1408,2023-05-22,48.5882,48.8082,48.4582,48.6282,4361942.0
1409,2023-05-23,48.4282,48.5382,48.0182,48.0782,3672279.0
1410,2023-05-24,47.8582,47.9082,47.5682,47.7282,5546524.0
1411,2023-05-25,48.1382,48.3082,47.8782,48.1382,3108953.0
1412,2023-05-26,48.2082,48.8582,48.2082,48.7882,2254720.0
1413,2023-05-30,49.0082,49.0682,48.6182,48.7682,3133296.0
1414,2023-05-31,48.5482,48.6682,48.3182,48.5182,2465639.0
1415,2023-06-01,48.5482,49.1082,48.3882,48.9582,2753441.0
1416,2023-06-02,49.2882,49.7982,49.2282,49.7082,2685427.0
1417,2023-06-05,49.7382,49.8982,49.5182,49.6082,3001792.0
1418,2023-06-06,49.5582,49.7782,49.4782,49.6982,2400019.0
1419,2023-06-07,49.7582,49.8982,49.4882,49.5482,3592635.0
1420,2023-06-08,49.5482,49.8982,49.4582,49.8182,2295897.0
1421,2023-06-09,49.9482,50.1682,49.8082,49.9182,3151896.0
1422,2023-06-12,50.0482,50.3982,49.9682,50.3782,3878125.0
1423,2023-06-13,50.5682,50.8082,50.4982,50.7182,2489432.0
1424,2023-06-14,50.7582,51.0082,50.3682,50.7782,5230804.0
1425,2023-06-15,50.6782,51.5782,50.6782,51.4082,2805236.0
1426,2023-06-16,51.6682,51.6882,51.1982,51.2582,3153520.0
1427,2023-06-20,51.0107,51.1207,50.7307,50.9907,3441092.0
1428,2023-06-21,50.8607,50.9507,50.6507,50.7207,2079943.0
1429,2023-06-22,50.5907,50.9107,50.5607,50.9107,1963939.0
1430,2023-06-23,50.4707,50.7207,50.4307,50.5307,2685123.0
1431,2023-06-26,50.4507,50.6807,50.2807,50.3207,2072334.0
1432,2023-06-27,50.4207,50.9407,50.3607,50.8507,3025172.0
1433,2023-06-28,50.7207,51.0107,50.6607,50.8907,2628494.0
1434,2023-06-29,50.8507,51.1107,50.8007,51.0807,4965499.0
1435,2023-06-30,51.4707,51.8107,51.4507,51.6907,2206830.0
1436,2023-07-03,51.6707,51.8007,51.6207,51.7907,1803131.0
1437,2023-07-05,51.5407,51.7707,51.5407,51.7007,4211954.0
1438,2023-07-06,51.2407,51.3207,50.9707,51.2807,4599452.0
1439,2023-07-07,51.1507,51.6207,51.1207,51.1407,2812179.0
1440,2023-07-10,51.0907,51.2907,51.0307,51.2807,2147718.0
1441,2023-07-11,51.3807,51.6607,51.2407,51.6207,3769327.0
1442,2023-07-12,52.0607,52.1907,51.8907,52.0207,3801362.0
1443,2023-07-13,52.2507,52.5307,52.1907,52.4507,2546464.0
1444,2023-07-14,52.5507,52.6507,52.3107,52.3907,2284417.0
1445,2023-07-17,52.3807,52.7207,52.3807,52.6007,2188153.0
1446,2023-07-18,52.5607,53.0607,52.5007,52.9707,3011272.0
1447,2023-07-19,53.0807,53.2507,53.0107,53.0907,2784302.0
1448,2023-07-20,52.9707,53.0907,52.6607,52.7607,6377464.0
1449,2023-07-21,52.9607,52.9807,52.7507,52.7607,3564054.0
1450,2023-07-24,52.9007,53.0807,52.8207,52.9907,3454189.0
1451,2023-07-25,52.9407,53.2907,52.9407,53.1407,2708573.0
1452,2023-07-26,53.0107,53.3107,52.9007,53.1307,3918420.0
1453,2023-07-27,53.5507,53.6007,52.6807,52.8007,2848350.0
1454,2023-07-28,53.2007,53.4107,53.0907,53.3107,2599039.0
1455,2023-07-31,53.3707,53.4507,53.2107,53.3907,3036040.0
1456,2023-08-01,53.2407,53.3407,53.1407,53.2707,2567449.0
1457,2023-08-02,52.8907,52.9007,52.4207,52.5307,3621786.0
1458,2023-08-03,52.2607,52.5907,52.1807,52.3407,2918135.0
1459,2023-08-04,52.5707,52.8407,52.0507,52.1307,4540939.0
1460,2023-08-07,52.3307,52.6007,52.2607,52.5907,2906761.0
1461,2023-08-08,52.2607,52.4007,51.9507,52.3607,2467383.0
1462,2023-08-09,52.3807,52.3907,51.9107,52.0007,3015638.0
1463,2023-08-10,52.2907,52.6907,51.8707,52.0007,4014815.0
1464,2023-08-11,51.7707,52.1107,51.7207,51.9607,2875086.0
1465,2023-08-14,51.8807,52.2907,51.8407,52.2907,2643444.0
1466,2023-08-15,52.0507,52.0907,51.5907,51.6807,4282761.0
1467,2023-08-16,51.5907,51.8107,51.2607,51.2607,3990285.0
1468,2023-08-17,51.4407,51.4807,50.8207,50.8907,4770919.0
1469,2023-08-18,50.5307,51.0307,50.5007,50.9207,3585119.0
1470,2023-08-21,51.0207,51.3307,50.7707,51.2607,2999162.0
1471,2023-08-22,51.4407,51.4507,51.0407,51.1107,3185375.0
1472,2023-08-23,51.2307,51.7507,51.2207,51.6907,3488789.0
1473,2023-08-24,51.8607,51.9307,50.9507,50.9707,4788779.0
1474,2023-08-25,51.1607,51.4807,50.7407,51.3307,3987236.0
1475,2023-08-28,51.5807,51.7207,51.4307,51.6607,3237935.0
1476,2023-08-29,51.6507,52.4307,51.6207,52.4207,3287279.0
1477,2023-08-30,52.4507,52.7007,52.3607,52.6407,2743887.0
1478,2023-08-31,52.6907,52.8307,52.5307,52.5507,2139779.0
1479,2023-09-01,52.8807,52.9307,52.4707,52.6607,2235208.0
1480,2023-09-05,52.5807,52.6307,52.4107,52.4307,2224883.0
1481,2023-09-06,52.3107,52.3307,51.7807,52.0707,2861502.0
1482,2023-09-07,51.6807,51.9807,51.6507,51.9007,2109893.0
1483,2023-09-08,51.9107,52.1607,51.8507,51.9807,2111322.0
1484,2023-09-11,52.2907,52.3507,52.0907,52.3407,2770333.0
1485,2023-09-12,52.1507,52.3207,51.9607,52.0207,2546472.0
1486,2023-09-13,52.0607,52.2207,51.9207,52.1007,2076131.0
1487,2023-09-14,52.3807,52.6307,52.2307,52.5607,2591257.0
1488,2023-09-15,52.3607,52.3907,51.8607,51.8807,3245562.0
1489,2023-09-18,51.8588,52.0888,51.8188,51.9388,2211210.0
1490,2023-09-19,51.8388,51.8988,51.5088,51.8388,2364802.0
1491,2023-09-20,51.9888,52.0288,51.3288,51.3588,4088513.0
1492,2023-09-21,51.0188,51.0488,50.4888,50.5188,3487381.0
1493,2023-09-22,50.6388,50.8188,50.3388,50.3788,3767722.0
1494,2023-09-25,50.2388,50.5988,50.1888,50.5988,3867218.0
1495,2023-09-26,50.2488,50.3188,49.7588,49.8688,4398833.0
1496,2023-09-27,49.9988,50.0688,49.4288,49.8788,4515562.0
1497,2023-09-28,49.7988,50.3588,49.7388,50.1788,3826627.0
1498,2023-09-29,50.5488,50.5488,49.8688,50.0388,5607072.0
1499,2023-10-02,49.9488,50.1788,49.6888,50.0188,6314037.0
1500,2023-10-03,49.7688,49.9388,49.1888,49.3488,5737110.0
1501,2023-10-04,49.3988,49.7888,49.2388,49.7288,14001050.0
1502,2023-10-05,49.6788,49.7988,49.3088,49.6988,6258555.0
1503,2023-10-06,49.3988,50.4688,49.2388,50.2688,5761968.0
1504,2023-10-09,50.0688,50.6788,49.9888,50.5988,3493067.0
1505,2023-10-10,50.6888,51.1888,50.6388,50.8788,5461745.0
1506,2023-10-11,50.9888,51.1188,50.7088,51.0788,3416072.0
1507,2023-10-12,51.1788,51.2088,50.4888,50.7888,3304236.0
1508,2023-10-13,50.9488,51.0988,50.3288,50.5088,5738732.0
1509,2023-10-16,50.7888,51.1788,50.7688,51.0388,3387129.0
1510,2023-10-17,50.6588,51.2988,50.6388,51.0588,5173070.0
1511,2023-10-18,50.8188,50.9488,50.2388,50.3588,4206052.0
1512,2023-10-19,50.4388,50.6688,49.8388,49.9388,8260161.0
1513,2023-10-20,49.8588,49.9288,49.2988,49.3188,6762934.0
1514,2023-10-23,49.1188,49.6798,48.9088,49.2388,5767225.0
1515,2023-10-24,49.4688,49.7288,49.2488,49.6088,5197226.0
1516,2023-10-25,49.3688,49.3888,48.8188,48.8788,9269350.0
1517,2023-10-26,48.7488,48.8488,48.1788,48.2888,9993637.0
1518,2023-10-27,48.4988,48.5288,47.9038,48.0688,7374702.0
1519,2023-10-30,48.3988,48.7788,48.2488,48.6388,5977408.0
1520,2023-10-31,48.7188,48.9888,48.4938,48.9688,5101715.0
1521,2023-11-01,49.0588,49.5738,49.0088,49.4988,6312178.0
1522,2023-11-02,49.9388,50.4488,49.9388,50.4388,4909698.0
1523,2023-11-03,50.6988,51.0868,50.6988,50.8988,3857213.0
1524,2023-11-06,50.9988,51.0588,50.7788,50.9888,14489065.0
1525,2023-11-07,51.0088,51.2388,50.8788,51.1388,4694344.0
1526,2023-11-08,51.2188,51.2988,50.9188,51.1988,5329619.0
1527,2023-11-09,51.3188,51.3388,50.7438,50.7988,6712193.0
1528,2023-11-10,51.0388,51.6238,50.8588,51.6088,4322026.0
1529,2023-11-13,51.4288,51.6688,51.3387,51.5488,5495124.0
1530,2023-11-14,52.2588,52.7088,52.2388,52.5588,5141309.0
1531,2023-11-15,52.6988,52.8588,52.5578,52.6688,4501170.0
1532,2023-11-16,52.5888,52.7488,52.4689,52.7388,4371861.0
1533,2023-11-17,52.7588,52.8588,52.6178,52.7888,5041105.0
1534,2023-11-20,52.7588,53.2988,52.7588,53.1888,5638418.0
1535,2023-11-21,53.0788,53.1238,52.9288,53.0988,5161010.0
1536,2023-11-22,53.2888,53.4388,53.1588,53.2888,6135789.0
1537,2023-11-24,53.2888,53.3388,53.251,53.3088,2057511.0
1538,2023-11-27,53.2488,53.3438,53.1788,53.2388,4213842.0
1539,2023-11-28,53.1688,53.4338,53.1088,53.2788,7626836.0
1540,2023-11-29,53.5288,53.6738,53.1938,53.2388,4395218.0
1541,2023-11-30,53.3488,53.4888,53.0888,53.4588,6441612.0
1542,2023-12-01,53.3888,53.8298,53.3088,53.7688,6519478.0
1543,2023-12-04,53.3688,53.5178,53.2088,53.4988,6274652.0
1544,2023-12-05,53.3088,53.5886,53.2738,53.4788,5847515.0
1545,2023-12-06,53.7388,53.7388,53.2088,53.2488,4809728.0
1546,2023-12-07,53.5088,53.7438,53.4388,53.6588,4760199.0
1547,2023-12-08,53.5888,53.9589,53.5488,53.8888,6538356.0
1548,2023-12-11,53.8388,54.1338,53.8088,54.1188,4934262.0
1549,2023-12-12,54.0688,54.3688,53.9488,54.3588,5193998.0
1550,2023-12-13,54.3988,55.1488,54.3588,55.1088,11079568.0
1551,2023-12-14,55.3588,55.4988,54.9787,55.3088,9955184.0
1552,2023-12-15,55.2188,55.3488,55.0938,55.2188,8322790.0
1553,2023-12-18,55.39,55.6297,55.38,55.53,4619193.0
1554,2023-12-19,55.59,55.86,55.57,55.86,4762867.0
1555,2023-12-20,55.76,55.98,55.02,55.02,6741593.0
1556,2023-12-21,55.45,55.63,55.145,55.61,6503727.0
1557,2023-12-22,55.73,55.92,55.48,55.69,6121028.0
1558,2023-12-26,55.75,56.0583,55.75,55.93,3998202.0
1559,2023-12-27,55.93,56.0697,55.86,56.05,6311745.0
1560,2023-12-28,56.08,56.165,56.02,56.08,4220010.0
1561,2023-12-29,56.04,56.11,55.675,55.9,6692248.0
1562,2024-01-02,55.53,55.7091,55.33,55.6,7245839.0
1563,2024-01-03,55.34,55.42,55.07,55.15,7046192.0
1564,2024-01-04,55.09,55.4,54.93,54.97,6804805.0
1565,2024-01-05,54.97,55.3362,54.87,55.06,8020816.0
1566,2024-01-08,55.09,55.84,55.085,55.82,9688106.0
1567,2024-01-09,55.52,55.86,55.445,55.75,5023281.0
1568,2024-01-10,55.76,56.1587,55.74,56.06,5849726.0
1569,2024-01-11,56.17,56.24,55.5484,56.04,9806476.0
1570,2024-01-12,56.2,56.29,55.9,56.08,5032458.0
1571,2024-01-16,55.89,56.06,55.645,55.88,7232037.0
1572,2024-01-17,55.51,55.61,55.265,55.57,6808412.0
1573,2024-01-18,55.76,56.1083,55.565,56.06,6348713.0
1574,2024-01-19,56.19,56.775,56.1,56.76,7146484.0
1575,2024-01-22,56.92,57.08,56.785,56.87,7179159.0
1576,2024-01-23,56.94,57.06,56.7984,57.02,7286231.0
1577,2024-01-24,57.37,57.49,57.05,57.09,6662758.0
1578,2024-01-25,57.34,57.4303,57.09,57.42,10246199.0
1579,2024-01-26,57.34,57.535,57.23,57.32,6314840.0
1580,2024-01-29,57.38,57.8,57.3084,57.77,6094911.0
1581,2024-01-30,57.71,57.82,57.645,57.72,5836604.0
1582,2024-01-31,57.46,57.525,56.8,56.82,13454127.0
1583,2024-02-01,57.0,57.56,56.91,57.56,10490526.0
1584,2024-02-02,57.59,58.3479,57.55,58.15,11667577.0
1585,2024-02-05,58.09,58.125,57.6684,57.95,8283416.0
1586,2024-02-06,58.06,58.14,57.88,58.12,6945637.0
1587,2024-02-07,58.37,58.6376,58.2763,58.59,11355828.0
1588,2024-02-08,58.6,58.66,58.49,58.64,4562125.0
1589,2024-02-09,58.69,59.0099,58.64,58.94,6915843.0
1590,2024-02-12,58.96,59.225,58.8444,58.92,4827693.0
1591,2024-02-13,58.15,58.3269,57.72,58.14,52263017.0
1592,2024-02-14,58.45,58.71,58.1584,58.67,11589244.0
1593,2024-02-15,58.74,59.07,58.6784,59.03,5873633.0
1594,2024-02-16,59.01,59.149,58.67,58.76,7140227.0
