,date,open,high,low,close,volume
0,2018-03-23,163.12,175.37,124.62,138.12,6915277.0
1,2018-03-26,140.745,151.245,135.62,136.87,1853955.0
2,2018-03-27,138.745,139.995,131.245,132.995,428319.0
3,2018-03-28,132.12,132.12,118.87,118.995,2818232.0
4,2018-03-29,118.62,118.87,102.495,103.12,1151703.0
5,2018-04-02,105.745,108.12,88.245,91.245,2304140.0
6,2018-04-03,103.37,104.245,93.37,103.87,2026054.0
7,2018-04-04,105.245,105.245,97.87,101.995,791663.0
8,2018-04-05,102.245,105.245,99.37,100.745,374909.0
9,2018-04-06,100.37,101.62,98.12,99.37,136012.0
10,2018-04-09,99.37,104.37,96.995,99.37,420551.0
11,2018-04-10,99.245,101.87,98.245,98.245,498965.0
12,2018-04-11,97.62,99.745,96.62,97.12,748976.0
13,2018-04-12,96.245,97.62,90.995,91.745,327398.0
14,2018-04-13,89.495,95.495,89.245,90.995,311520.0
15,2018-04-16,91.12,92.37,84.37,88.62,379894.0
16,2018-04-17,89.37,95.12,87.745,93.62,519727.0
17,2018-04-18,97.12,99.37,93.12,99.37,761792.0
18,2018-04-19,97.87,97.995,93.12,96.62,367151.0
19,2018-04-20,96.245,102.995,96.245,99.495,335846.0
20,2018-04-23,100.245,100.245,95.62,97.495,176065.0
21,2018-04-24,98.495,100.37,96.87,96.995,271501.0
22,2018-04-25,95.995,100.495,95.995,97.995,625446.0
23,2018-04-26,98.12,100.62,97.495,99.37,222757.0
24,2018-04-27,99.12,101.245,98.87,100.995,35524.0
25,2018-04-30,102.745,111.37,102.245,110.87,427782.0
26,2018-05-01,111.87,121.87,111.87,121.87,509190.0
27,2018-05-02,119.245,120.12,109.37,114.495,612452.0
28,2018-05-03,114.995,115.995,105.62,111.745,364132.0
29,2018-05-04,111.495,113.995,107.745,113.745,435078.0
30,2018-05-07,119.37,124.12,116.87,124.12,255208.0
31,2018-05-08,124.12,126.495,119.495,124.245,203356.0
32,2018-05-09,123.495,130.87,121.245,130.87,291607.0
33,2018-05-10,130.12,140.995,130.12,135.37,405842.0
34,2018-05-11,133.995,141.87,121.87,136.995,173712.0
35,2018-05-14,138.245,138.245,123.12,123.87,258660.0
36,2018-05-15,124.495,129.37,123.12,129.37,68581.0
37,2018-05-16,130.37,131.87,124.37,127.87,235918.0
38,2018-05-17,126.995,129.62,123.495,128.12,227235.0
39,2018-05-18,127.37,127.62,124.495,125.37,104614.0
40,2018-05-21,123.245,125.37,113.745,124.245,122464.0
41,2018-05-22,124.245,131.87,120.62,131.245,455288.0
42,2018-05-23,130.12,130.12,123.37,124.495,191082.0
43,2018-05-24,127.745,127.745,119.62,121.12,205809.0
44,2018-05-25,120.87,121.62,119.495,120.495,116784.0
45,2018-05-29,120.745,120.745,116.87,116.995,380991.0
46,2018-05-30,117.87,119.37,115.245,117.495,469774.0
47,2018-05-31,116.745,119.87,115.87,118.495,101481.0
48,2018-06-01,119.62,130.62,117.87,130.37,313744.0
49,2018-06-04,130.62,130.62,125.37,126.495,35254.0
50,2018-06-05,125.62,126.37,122.495,124.37,63060.0
51,2018-06-06,123.245,129.12,122.745,126.995,97382.0
52,2018-06-07,126.245,130.62,124.87,127.495,104020.0
53,2018-06-08,126.745,128.745,123.37,124.37,41519.0
54,2018-06-11,126.495,130.62,119.37,124.245,194579.0
55,2018-06-12,125.495,125.495,121.995,122.62,80729.0
56,2018-06-13,123.37,123.495,115.37,116.37,117389.0
57,2018-06-14,117.245,121.12,113.62,113.62,217528.0
58,2018-06-15,112.495,115.62,110.745,111.12,123279.0
59,2018-06-18,113.12,113.12,110.37,111.87,171002.0
60,2018-06-19,110.745,122.745,110.12,112.495,310873.0
61,2018-06-20,111.995,115.62,111.995,112.995,28540.0
62,2018-06-21,113.495,113.495,110.37,110.745,140514.0
63,2018-06-22,115.245,115.245,111.87,113.12,58252.0
64,2018-06-25,112.995,114.745,109.62,113.745,132259.0
65,2018-06-26,112.87,115.12,111.37,113.495,256382.0
66,2018-06-27,113.12,115.87,112.745,112.995,83717.0
67,2018-06-28,113.245,114.87,112.495,113.495,32006.0
68,2018-06-29,113.12,115.12,109.87,110.745,42182.0
69,2018-07-02,109.62,112.37,109.37,110.87,84509.0
70,2018-07-03,110.37,111.37,106.995,108.12,69416.0
71,2018-07-05,107.62,107.745,101.995,103.495,120509.0
72,2018-07-06,102.62,103.12,96.995,101.495,112007.0
73,2018-07-09,101.12,101.37,94.245,99.495,151485.0
74,2018-07-10,98.87,100.245,94.745,98.495,86927.0
75,2018-07-11,97.37,99.37,94.495,95.37,57710.0
76,2018-07-12,95.12,98.87,94.37,98.37,49963.0
77,2018-07-13,97.37,104.995,96.87,104.995,98354.0
78,2018-07-16,104.87,106.37,100.495,105.87,77193.0
79,2018-07-17,107.745,109.495,105.62,109.37,554780.0
80,2018-07-18,108.245,110.12,100.62,102.495,184616.0
81,2018-07-19,101.245,101.37,97.12,97.495,92219.0
82,2018-07-20,97.245,98.495,95.62,95.87,63317.0
83,2018-07-23,96.495,96.745,90.995,91.62,102171.0
84,2018-07-24,91.995,92.995,87.245,88.62,115747.0
85,2018-07-25,89.37,89.495,75.87,80.62,719710.0
86,2018-07-26,81.87,81.87,73.745,74.495,452635.0
87,2018-07-27,74.245,82.37,73.37,79.12,331181.0
88,2018-07-30,78.37,79.12,71.495,73.12,408214.0
89,2018-07-31,72.62,77.37,71.745,73.87,143615.0
90,2018-08-01,73.87,75.495,72.995,75.495,39957.0
91,2018-08-02,73.995,79.245,73.62,77.495,42036.0
92,2018-08-03,77.87,78.245,74.62,76.87,44147.0
93,2018-08-06,76.12,76.245,73.12,74.995,42147.0
94,2018-08-07,74.995,76.12,74.495,76.12,31961.0
95,2018-08-08,75.745,76.87,74.37,75.745,40228.0
96,2018-08-09,76.495,81.495,75.245,78.245,69080.0
97,2018-08-10,78.745,83.62,78.495,80.745,293590.0
98,2018-08-13,78.12,79.12,75.245,77.87,66153.0
99,2018-08-14,77.87,78.12,72.245,74.37,146081.0
100,2018-08-15,74.12,74.12,69.37,70.245,71095.0
101,2018-08-16,71.995,76.245,71.995,76.12,83389.0
102,2018-08-17,75.12,75.12,62.495,63.495,238612.0
103,2018-08-20,65.995,68.995,65.745,67.12,192634.0
104,2018-08-21,67.745,70.995,64.37,70.87,199242.0
105,2018-08-22,70.62,70.62,67.495,70.37,119006.0
106,2018-08-23,69.62,71.495,68.37,69.37,74442.0
107,2018-08-24,67.995,68.495,62.745,66.995,245258.0
108,2018-08-27,67.62,97.745,64.495,75.62,1012021.0
109,2018-08-28,74.245,96.37,69.245,76.37,676876.0
110,2018-08-29,81.12,82.745,76.995,81.87,95589.0
111,2018-08-30,82.495,82.495,78.245,78.745,82711.0
112,2018-08-31,80.12,80.37,77.495,79.12,46376.0
113,2018-09-04,78.37,87.87,78.37,79.87,116163.0
114,2018-09-05,82.87,82.87,75.995,75.995,65552.0
115,2018-09-06,76.495,76.87,72.245,73.245,76764.0
116,2018-09-07,72.495,74.495,70.12,74.495,56757.0
117,2018-09-10,73.87,74.37,71.37,73.12,53188.0
118,2018-09-11,74.995,78.12,72.745,78.12,60707.0
119,2018-09-12,77.245,80.12,76.87,77.745,81272.0
120,2018-09-13,78.12,81.37,78.12,80.62,112089.0
121,2018-09-14,82.62,82.87,77.12,77.495,113706.0
122,2018-09-17,76.995,80.995,76.995,80.37,34765.0
123,2018-09-18,80.37,80.37,77.745,79.495,13601.0
124,2018-09-19,78.87,84.745,78.745,83.995,18583.0
125,2018-09-20,86.245,86.245,82.745,83.12,59135.0
126,2018-09-21,84.37,84.37,77.745,79.37,76799.0
127,2018-09-24,79.37,80.995,76.12,76.12,48800.0
128,2018-09-25,76.495,80.37,76.495,77.745,47077.0
129,2018-09-26,78.745,79.12,74.495,74.495,50876.0
130,2018-09-27,74.495,77.62,74.495,75.62,54417.0
131,2018-09-28,74.995,76.245,71.87,74.995,52970.0
132,2018-10-01,76.87,77.87,68.745,68.995,52653.0
133,2018-10-02,69.37,71.995,65.87,66.87,55547.0
134,2018-10-03,67.995,71.995,66.995,68.745,52106.0
135,2018-10-04,68.12,72.37,66.495,69.12,37445.0
136,2018-10-05,68.87,70.495,67.62,67.62,14154.0
137,2018-10-08,66.995,68.12,51.62,54.37,195465.0
138,2018-10-09,56.245,66.87,56.245,66.245,174423.0
139,2018-10-10,66.87,67.87,58.12,61.87,56555.0
140,2018-10-11,62.495,63.62,57.745,63.12,48105.0
141,2018-10-12,62.87,64.995,61.245,61.245,33532.0
142,2018-10-15,59.995,61.87,58.12,59.495,165339.0
143,2018-10-16,60.62,61.87,58.62,60.37,275868.0
144,2018-10-17,59.995,61.87,58.745,60.87,293166.0
145,2018-10-18,61.37,62.495,59.995,61.37,32563.0
146,2018-10-19,61.87,63.37,59.495,60.245,50234.0
147,2018-10-22,61.995,62.87,60.37,61.37,52209.0
148,2018-10-23,59.495,61.87,58.12,58.995,128045.0
149,2018-10-24,59.245,61.87,57.37,58.495,101141.0
150,2018-10-25,56.87,59.62,56.37,56.37,58324.0
151,2018-10-26,56.12,60.37,56.12,57.995,40480.0
152,2018-10-29,56.995,57.995,50.745,52.245,69076.0
153,2018-10-30,52.745,54.495,52.745,52.745,42641.0
154,2018-10-31,53.37,54.995,50.62,50.62,67305.0
155,2018-11-01,51.495,57.62,51.495,55.62,101573.0
156,2018-11-02,55.995,56.995,54.37,54.995,62463.0
157,2018-11-05,54.995,55.995,54.37,54.995,58030.0
158,2018-11-06,54.745,55.87,54.37,54.37,42640.0
159,2018-11-07,55.495,56.87,54.37,54.37,73853.0
160,2018-11-08,55.495,56.495,53.495,56.245,32975.0
161,2018-11-09,54.995,54.995,50.62,50.62,48734.0
162,2018-11-12,49.87,49.87,48.37,48.995,29767.0
163,2018-11-13,49.37,54.12,46.37,50.245,109174.0
164,2018-11-14,50.245,54.87,48.87,51.87,100353.0
165,2018-11-15,51.495,55.62,51.37,53.12,75186.0
166,2018-11-16,52.12,52.37,45.745,47.37,47573.0
167,2018-11-19,47.37,49.12,46.62,46.62,58810.0
168,2018-11-20,45.62,47.12,43.745,46.62,50219.0
169,2018-11-21,47.245,51.245,46.995,49.37,56452.0
170,2018-11-23,49.37,49.37,43.995,46.62,94638.0
171,2018-11-26,46.87,49.245,46.62,47.495,47933.0
172,2018-11-27,47.495,49.87,46.62,46.745,67029.0
173,2018-11-28,46.745,48.745,46.745,48.245,56236.0
174,2018-11-29,47.995,51.745,47.245,50.245,60873.0
175,2018-11-30,50.245,50.245,46.87,48.995,45688.0
176,2018-12-03,50.87,51.37,46.495,47.37,55980.0
177,2018-12-04,48.37,50.495,46.62,46.62,35942.0
178,2018-12-06,46.245,46.995,44.995,46.995,78747.0
179,2018-12-07,46.995,46.995,45.245,46.62,55823.0
180,2018-12-10,46.87,46.87,39.495,40.37,49680.0
181,2018-12-11,43.87,44.995,41.12,41.245,46348.0
182,2018-12-12,41.87,42.995,39.995,39.995,60041.0
183,2018-12-13,40.745,41.995,40.37,41.12,59218.0
184,2018-12-14,40.245,40.37,36.62,36.62,35402.0
185,2018-12-17,36.62,37.12,32.495,32.62,50969.0
186,2018-12-18,33.12,33.62,30.62,30.62,38967.0
187,2018-12-19,30.62,31.995,29.495,30.495,63548.0
188,2018-12-20,30.245,30.245,27.495,27.62,60709.0
189,2018-12-21,29.12,33.12,27.62,29.37,95696.0
190,2018-12-24,29.12,33.12,29.12,33.12,76884.0
191,2018-12-26,33.12,34.87,31.62,34.745,60960.0
192,2018-12-27,33.62,37.495,32.87,36.245,131950.0
193,2018-12-28,35.62,37.87,34.12,37.495,77139.0
194,2018-12-31,35.62,38.87,34.745,37.37,68640.0
195,2019-01-02,37.245,40.62,36.87,40.495,34033.0
196,2019-01-03,39.995,43.12,37.245,42.995,82381.0
197,2019-01-04,43.37,44.12,41.12,43.745,36293.0
198,2019-01-07,44.37,46.62,42.37,46.12,75287.0
199,2019-01-08,45.62,46.37,44.62,45.995,47358.0
200,2019-01-09,46.12,47.12,45.12,46.87,37470.0
201,2019-01-10,47.37,47.62,45.37,47.62,40187.0
202,2019-01-11,47.62,48.745,45.12,48.745,108362.0
203,2019-01-14,47.37,48.87,44.745,44.745,32523.0
204,2019-01-15,45.745,48.12,45.745,47.62,38209.0
205,2019-01-16,47.745,48.745,46.87,48.745,15714.0
206,2019-01-17,48.745,49.37,48.12,48.12,31729.0
207,2019-01-18,49.12,53.12,49.12,52.995,56473.0
208,2019-01-22,51.745,54.12,50.87,53.245,40739.0
209,2019-01-23,53.495,56.87,53.245,56.87,30532.0
210,2019-01-24,57.87,64.37,55.12,64.37,55781.0
211,2019-01-25,64.37,68.12,64.37,67.745,40030.0
212,2019-01-28,66.87,69.37,64.495,69.37,28149.0
213,2019-01-29,67.87,70.62,66.12,68.12,26163.0
214,2019-01-30,66.87,68.495,63.12,64.995,50020.0
215,2019-01-31,63.245,68.12,62.995,68.12,31903.0
216,2019-02-01,68.245,68.745,66.495,67.495,10764.0
217,2019-02-04,68.62,69.245,65.745,68.12,25223.0
218,2019-02-05,67.37,68.87,66.87,68.745,21311.0
219,2019-02-06,68.745,68.745,65.995,65.995,19636.0
220,2019-02-07,67.37,67.37,65.37,66.245,20359.0
221,2019-02-08,66.87,68.745,65.745,67.495,23028.0
222,2019-02-11,68.245,68.245,65.995,66.87,24657.0
223,2019-02-12,68.12,68.12,65.62,65.62,31587.0
224,2019-02-13,65.87,66.995,64.37,64.37,23627.0
225,2019-02-14,65.245,66.745,61.995,61.995,24945.0
226,2019-02-15,63.745,65.62,62.495,65.12,23999.0
227,2019-02-19,64.12,66.87,61.87,61.87,27771.0
228,2019-02-20,61.495,64.12,61.495,62.995,11365.0
229,2019-02-21,62.245,64.995,61.995,64.995,18255.0
230,2019-02-22,66.745,67.745,60.37,60.495,47413.0
231,2019-02-25,60.62,63.745,43.87,49.995,404175.0
232,2019-02-26,48.745,54.245,48.745,51.62,81505.0
233,2019-02-27,51.495,53.245,51.12,52.495,30460.0
234,2019-02-28,52.87,54.62,52.12,54.37,31570.0
235,2019-03-01,54.62,55.37,48.37,49.37,89680.0
236,2019-03-04,49.62,52.745,49.37,51.495,80316.0
237,2019-03-05,52.37,54.995,50.87,52.37,63887.0
238,2019-03-06,51.995,53.745,51.62,52.995,31256.0
239,2019-03-07,54.495,54.995,53.12,54.12,44260.0
240,2019-03-08,53.995,53.995,50.37,50.87,65464.0
241,2019-03-11,49.745,53.12,49.745,51.495,37812.0
242,2019-03-12,50.995,53.62,50.995,51.87,35543.0
243,2019-03-13,52.12,56.87,52.12,56.87,46774.0
244,2019-03-14,55.87,56.245,51.245,52.495,58130.0
245,2019-03-15,52.495,54.995,52.12,52.37,39743.0
246,2019-03-18,51.245,54.245,51.245,51.495,24753.0
247,2019-03-19,53.37,53.62,51.495,51.495,37283.0
248,2019-03-20,50.62,52.745,50.62,52.245,25075.0
249,2019-03-21,50.745,53.12,50.62,53.12,35774.0
250,2019-03-22,53.37,53.37,50.62,50.62,43237.0
251,2019-03-25,49.995,52.37,48.87,48.87,35417.0
252,2019-03-26,49.87,51.245,48.12,48.745,37383.0
253,2019-03-27,49.495,50.12,44.62,44.62,39947.0
254,2019-03-28,45.62,46.87,42.37,44.12,55705.0
255,2019-03-29,45.12,46.745,43.995,44.37,54116.0
256,2019-04-01,45.245,46.87,44.745,45.745,16286.0
257,2019-04-02,44.87,47.62,44.87,45.245,37676.0
258,2019-04-03,46.495,46.87,42.495,43.12,22461.0
259,2019-04-04,43.995,46.495,43.87,44.87,19466.0
260,2019-04-05,44.495,45.37,35.745,40.495,106273.0
261,2019-04-08,40.62,45.245,40.62,42.495,43060.0
262,2019-04-09,43.12,43.62,40.995,42.37,25521.0
263,2019-04-10,42.495,44.745,41.87,42.62,21280.0
264,2019-04-11,42.495,44.62,41.12,43.12,41396.0
265,2019-04-12,43.37,43.37,41.745,42.12,14279.0
266,2019-04-15,42.495,43.745,40.745,41.62,13544.0
267,2019-04-16,41.87,46.495,41.495,43.62,43732.0
268,2019-04-17,44.245,44.37,40.495,40.745,51786.0
269,2019-04-18,40.62,40.87,38.745,38.745,34401.0
270,2019-04-22,38.495,38.495,36.37,36.37,70366.0
271,2019-04-23,36.62,38.62,36.62,38.37,45907.0
272,2019-04-24,38.62,38.745,37.12,37.495,43209.0
273,2019-04-25,37.62,37.745,35.745,37.245,25389.0
274,2019-04-26,37.245,37.495,35.87,36.12,45661.0
275,2019-04-29,36.62,37.12,36.37,36.37,48922.0
276,2019-04-30,36.495,37.12,36.12,36.495,26278.0
277,2019-05-01,36.87,37.745,36.12,37.62,15590.0
278,2019-05-02,37.745,38.745,36.245,36.245,56948.0
279,2019-05-03,37.37,37.495,36.62,36.87,21734.0
280,2019-05-06,36.62,36.745,34.87,36.12,23565.0
281,2019-05-07,36.495,36.87,35.37,36.245,25556.0
282,2019-05-08,35.495,36.87,35.495,36.245,18104.0
283,2019-05-09,34.995,36.87,34.62,35.62,19823.0
284,2019-05-10,35.12,37.62,35.12,35.62,54192.0
285,2019-05-13,35.245,36.745,34.745,36.745,16667.0
286,2019-05-14,36.745,36.745,35.245,35.87,46978.0
287,2019-05-15,34.995,36.745,34.995,35.87,30404.0
288,2019-05-16,35.87,37.495,35.87,36.495,19312.0
289,2019-05-17,36.495,36.87,35.245,35.37,28060.0
290,2019-05-20,34.995,35.62,34.245,34.37,16555.0
291,2019-05-21,33.745,35.37,33.745,33.995,13325.0
292,2019-05-22,33.37,36.245,33.37,36.12,17944.0
293,2019-05-23,33.745,35.495,32.37,34.37,44319.0
294,2019-05-24,34.87,36.245,34.87,35.37,16511.0
295,2019-05-28,33.12,36.245,33.12,36.12,13589.0
296,2019-05-29,33.745,33.745,32.87,33.745,15354.0
297,2019-05-30,34.37,34.995,34.12,34.87,8102.0
298,2019-05-31,34.62,34.62,32.62,32.87,23240.0
299,2019-06-03,33.495,33.495,32.245,33.12,6808.0
300,2019-06-04,33.12,33.12,32.37,32.37,8562.0
301,2019-06-05,32.245,32.37,31.62,31.995,10119.0
302,2019-06-06,32.245,32.37,32.12,32.12,1475.0
303,2019-06-07,32.37,32.495,31.245,31.245,32479.0
304,2019-06-10,30.87,32.245,30.62,30.62,18160.0
305,2019-06-11,30.62,31.245,27.495,27.62,28526.0
306,2019-06-12,27.495,28.495,26.245,27.245,18730.0
307,2019-06-13,26.87,26.87,25.62,25.62,10849.0
308,2019-06-14,25.495,26.495,24.62,25.12,25752.0
309,2019-06-17,25.245,25.995,25.12,25.12,8952.0
310,2019-06-18,25.745,27.995,24.495,25.245,20929.0
311,2019-06-19,25.87,27.995,25.87,27.995,13708.0
312,2019-06-20,27.995,30.37,26.995,28.745,15729.0
313,2019-06-21,28.12,28.745,26.87,28.745,10294.0
314,2019-06-24,28.745,28.745,27.995,28.745,4986.0
315,2019-06-25,28.12,28.12,27.87,27.87,7609.0
316,2019-06-26,28.12,28.12,26.745,27.87,6799.0
317,2019-06-27,27.87,30.37,27.495,29.37,12157.0
318,2019-06-28,29.995,30.12,28.995,29.245,8714.0
319,2019-07-01,29.37,29.37,28.37,29.245,4014.0
320,2019-07-02,28.62,29.37,28.37,28.37,1146.0
321,2019-07-03,28.995,29.37,28.87,29.37,2492.0
322,2019-07-05,28.62,29.37,27.995,29.37,3244.0
323,2019-07-08,29.37,29.37,28.995,28.995,5326.0
324,2019-07-09,29.37,29.37,28.995,28.995,9299.0
325,2019-07-10,29.245,29.37,27.87,29.37,10888.0
326,2019-07-11,29.37,29.37,28.745,28.995,8975.0
327,2019-07-12,29.245,29.245,27.37,27.62,15001.0
328,2019-07-15,27.62,27.62,26.37,27.495,7611.0
329,2019-07-16,26.995,27.62,26.995,27.62,3203.0
330,2019-07-17,26.87,27.495,26.495,26.495,4600.0
331,2019-07-18,26.62,26.62,23.745,25.37,45601.0
332,2019-07-19,25.62,26.62,25.37,25.495,9390.0
333,2019-07-22,25.37,26.12,25.37,25.37,5822.0
334,2019-07-23,25.995,26.245,25.995,26.245,24001.0
335,2019-07-24,25.995,26.245,25.995,25.995,6524.0
336,2019-07-25,26.245,26.245,26.12,26.245,6502.0
337,2019-07-26,25.495,26.245,25.495,26.245,4824.0
338,2019-07-29,26.245,26.245,25.37,26.245,6451.0
339,2019-07-30,26.245,27.37,26.245,27.37,6389.0
340,2019-07-31,26.87,27.37,26.62,26.745,4914.0
341,2019-08-01,27.62,27.62,27.62,27.62,103.0
342,2019-08-02,27.245,27.245,27.245,27.245,296.0
343,2019-08-05,26.87,28.12,26.87,27.87,150742.0
344,2019-08-06,28.37,29.37,27.62,27.745,7073.0
345,2019-08-07,27.245,28.37,27.245,28.245,3406.0
346,2019-08-08,28.37,28.37,28.245,28.245,6140.0
347,2019-08-09,27.995,28.37,27.62,27.62,3425.0
348,2019-08-12,28.37,28.745,25.995,27.995,23932.0
349,2019-08-13,27.12,27.12,26.495,27.12,8107.0
350,2019-08-14,26.745,30.12,26.245,30.12,7757.0
351,2019-08-15,30.12,33.995,28.495,28.495,33452.0
352,2019-08-16,28.87,28.995,28.37,28.495,21377.0
353,2019-08-19,29.245,32.62,29.245,30.495,35508.0
354,2019-08-20,30.62,31.245,30.495,30.62,7232.0
355,2019-08-21,30.495,31.87,29.87,31.87,8599.0
356,2019-08-22,31.37,32.495,30.495,30.995,16007.0
357,2019-08-23,30.245,30.37,28.12,29.12,21621.0
358,2019-08-26,28.745,29.12,28.37,29.12,13901.0
359,2019-08-27,28.87,28.87,26.995,26.995,12186.0
360,2019-08-28,27.495,27.495,26.12,26.87,19057.0
361,2019-08-29,26.245,26.87,25.12,25.995,12795.0
362,2019-08-30,25.995,26.12,25.12,25.87,10605.0
363,2019-09-03,24.995,26.12,24.995,25.995,11664.0
364,2019-09-04,26.745,29.87,24.495,26.245,38455.0
365,2019-09-05,25.995,26.995,25.87,26.495,9474.0
366,2019-09-06,26.995,28.995,25.745,26.87,15226.0
367,2019-09-09,26.37,27.745,23.745,26.62,71245.0
368,2019-09-10,27.495,28.87,26.245,28.12,15151.0
369,2019-09-11,27.995,31.12,27.995,29.37,25976.0
370,2019-09-12,29.995,31.245,28.12,30.62,28765.0
371,2019-09-13,31.62,31.995,29.12,30.37,23163.0
372,2019-09-16,30.87,30.87,30.12,30.37,12329.0
373,2019-09-17,30.37,33.745,29.87,32.87,3575.0
374,2019-09-18,32.995,32.995,31.87,32.62,7212.0
375,2019-09-19,31.62,32.37,31.62,32.37,4262.0
376,2019-09-20,31.62,32.87,31.62,32.87,1077.0
377,2019-09-23,32.245,35.62,32.12,33.995,27684.0
378,2019-09-24,34.37,36.995,33.995,34.62,17261.0
379,2019-09-25,34.37,35.37,33.62,34.745,7989.0
380,2019-09-26,34.745,35.37,33.87,34.62,7637.0
381,2019-09-27,35.37,36.12,33.745,35.62,19079.0
382,2019-09-30,34.745,36.245,34.745,36.245,7309.0
383,2019-10-01,36.245,36.245,35.62,35.62,4200.0
384,2019-10-02,35.62,35.995,35.62,35.995,829.0
385,2019-10-03,35.495,35.495,34.62,34.62,1430.0
386,2019-10-04,34.62,34.62,34.62,34.62,15.0
387,2019-10-07,33.87,33.87,31.37,32.995,4346.0
388,2019-10-08,34.12,34.12,31.12,31.12,2788.0
389,2019-10-09,32.12,34.12,31.995,33.37,5829.0
390,2019-10-10,32.62,33.87,29.745,33.495,14995.0
391,2019-10-11,33.495,36.12,33.495,35.245,6598.0
392,2019-10-14,35.745,35.87,35.37,35.495,1105.0
393,2019-10-15,35.12,35.12,33.245,33.245,3043.0
394,2019-10-16,33.37,34.745,33.37,34.745,720.0
395,2019-10-17,34.745,36.245,34.37,34.37,2347.0
396,2019-10-21,33.62,35.245,33.62,33.745,4935.0
397,2019-10-22,34.37,34.37,31.495,32.245,7900.0
398,2019-10-23,32.245,32.245,32.245,32.245,189.0
399,2019-10-24,31.495,32.62,31.37,32.62,1715.0
400,2019-10-25,31.995,31.995,29.37,29.495,16693.0
401,2019-10-28,30.12,30.12,29.62,30.12,703.0
402,2019-10-29,29.995,30.245,29.87,30.12,20943.0
403,2019-10-30,30.12,31.495,30.12,31.37,4839.0
404,2019-10-31,30.37,31.12,29.37,31.12,4500.0
405,2019-11-01,30.245,32.62,29.37,30.12,10705.0
406,2019-11-04,30.12,30.12,29.37,29.995,10287.0
407,2019-11-05,30.12,30.12,29.62,30.12,8285.0
408,2019-11-06,29.87,33.995,29.87,33.37,9950.0
409,2019-11-07,33.12,33.12,32.37,32.37,5762.0
410,2019-11-08,31.62,32.245,31.62,31.87,2985.0
411,2019-11-11,31.12,31.245,29.37,30.12,3882.0
412,2019-11-12,29.995,31.495,29.995,30.87,2920.0
413,2019-11-13,30.87,30.87,30.87,30.87,53.0
414,2019-11-14,31.495,31.495,29.62,29.995,5700.0
415,2019-11-15,30.995,32.745,30.745,31.495,2578.0
416,2019-11-18,32.12,32.745,31.245,31.245,2302.0
417,2019-11-19,31.995,32.245,31.12,31.495,2923.0
418,2019-11-20,32.62,33.745,31.87,31.87,12032.0
419,2019-11-21,32.62,34.495,31.87,31.995,29534.0
420,2019-11-22,31.995,32.12,27.745,29.995,137966.0
421,2019-11-25,29.495,30.37,28.745,30.37,6462.0
422,2019-11-26,29.37,30.995,28.495,30.995,19342.0
423,2019-11-27,31.245,34.12,31.245,34.12,15397.0
424,2019-11-29,32.245,33.245,32.245,32.495,10221.0
425,2019-12-02,32.745,32.995,29.495,32.62,9159.0
426,2019-12-03,32.495,33.62,32.495,32.87,4780.0
427,2019-12-04,32.495,32.495,32.495,32.495,533.0
428,2019-12-06,30.745,31.995,29.995,31.245,5957.0
429,2019-12-09,31.995,31.995,29.62,30.12,8075.0
430,2019-12-10,30.62,31.245,30.62,31.245,1219.0
431,2019-12-11,30.37,30.37,30.37,30.37,235.0
432,2019-12-12,30.745,31.37,30.745,31.37,6106.0
433,2019-12-13,30.495,31.87,30.495,31.62,6562.0
434,2019-12-16,31.62,31.62,31.62,31.62,203.0
435,2019-12-18,31.495,31.62,29.62,29.62,5855.0
436,2019-12-19,29.245,31.87,29.245,31.495,8995.0
437,2019-12-20,31.245,31.62,30.495,30.495,7583.0
438,2019-12-23,30.495,32.495,30.495,32.37,10281.0
439,2019-12-24,32.495,32.495,32.37,32.37,7400.0
440,2019-12-26,32.87,33.12,32.12,32.995,5475.0
441,2019-12-27,32.995,33.12,32.995,33.12,3138.0
442,2019-12-30,32.87,33.12,32.745,32.995,3510.0
443,2019-12-31,32.37,32.995,31.495,31.495,13016.0
444,2020-01-02,31.495,33.495,31.495,32.495,4123.0
445,2020-01-03,32.745,33.62,32.37,32.37,2796.0
446,2020-01-06,32.995,33.12,32.745,32.87,3371.0
447,2020-01-07,33.37,33.495,32.87,32.87,1891.0
448,2020-01-08,32.87,33.37,32.87,33.12,4203.0
449,2020-01-09,32.745,33.495,31.745,32.62,3607.0
450,2020-01-10,32.495,34.12,32.495,33.37,4574.0
451,2020-01-13,32.995,34.495,31.995,33.12,15071.0
452,2020-01-14,32.62,33.745,32.37,32.37,2933.0
453,2020-01-15,32.745,33.745,32.745,33.745,7474.0
454,2020-01-16,33.245,33.37,33.245,33.245,3298.0
455,2020-01-17,33.245,33.245,30.87,33.12,117711.0
456,2020-01-21,32.37,32.37,32.37,32.37,152000.0
457,2020-01-22,32.37,33.62,32.37,33.495,22551.0
458,2020-01-23,33.62,33.62,33.37,33.495,4155.0
459,2020-01-24,33.495,33.745,33.495,33.745,3564.0
460,2020-01-27,31.995,32.495,31.245,32.245,9260.0
461,2020-01-28,32.62,32.745,32.495,32.495,5884.0
462,2020-01-29,32.245,33.12,30.62,33.12,11247.0
463,2020-01-30,33.12,33.12,32.87,33.12,5966.0
464,2020-01-31,32.995,33.12,32.37,33.12,6600.0
465,2020-02-03,33.12,33.495,33.12,33.495,10128.0
466,2020-02-04,33.245,33.495,33.12,33.12,101871.0
467,2020-02-05,33.245,33.245,32.745,33.12,14397.0
468,2020-02-06,31.745,31.995,30.87,30.995,13826.0
469,2020-02-07,31.62,33.12,31.62,33.12,562.0
470,2020-02-10,33.745,33.745,32.245,32.62,39292.0
471,2020-02-11,32.245,33.12,30.87,31.87,37268.0
472,2020-02-12,30.995,32.37,30.995,32.37,8079.0
473,2020-02-13,32.12,33.12,31.745,32.995,32813.0
474,2020-02-14,32.995,33.12,32.62,32.995,9126.0
475,2020-02-18,32.37,32.995,31.745,31.995,11585.0
476,2020-02-19,32.87,33.245,32.745,32.995,19667.0
477,2020-02-20,33.12,33.12,33.12,33.12,7684.0
478,2020-02-21,33.12,33.245,33.12,33.245,2133.0
479,2020-02-24,33.245,33.245,31.245,31.495,16051.0
480,2020-02-25,31.87,32.12,31.495,32.12,13609.0
481,2020-02-26,32.245,32.995,31.87,32.995,9851.0
482,2020-02-27,33.12,33.12,31.495,32.87,14231.0
483,2020-02-28,31.62,32.62,31.62,32.62,10395.0
484,2020-03-02,32.12,32.495,30.495,30.495,32126.0
485,2020-03-03,30.745,31.995,30.495,30.495,27145.0
486,2020-03-04,30.495,31.12,30.495,30.87,12200.0
487,2020-03-05,30.62,30.87,30.495,30.495,7258.0
488,2020-03-06,30.62,30.87,29.995,29.995,11482.0
489,2020-03-09,29.87,29.995,29.37,29.87,13676.0
490,2020-03-10,30.62,30.62,29.12,29.37,31512.0
491,2020-03-11,29.62,29.995,29.245,29.745,12701.0
492,2020-03-12,29.37,29.37,23.495,25.62,38758.0
493,2020-03-13,26.245,29.62,25.62,28.87,15937.0
494,2020-03-16,28.12,28.12,23.12,24.37,1019652.0
495,2020-03-17,21.87,21.87,18.12,19.995,75017.0
496,2020-03-18,19.62,19.62,16.995,17.995,9567.0
497,2020-03-19,17.995,18.12,17.62,17.745,10386.0
498,2020-03-20,17.745,18.12,16.245,18.12,62481.0
499,2020-03-23,17.495,17.745,14.495,15.62,31864.0
500,2020-03-24,15.62,15.62,15.37,15.495,43970.0
501,2020-03-25,15.495,15.62,14.995,15.62,24459.0
502,2020-03-26,15.62,17.495,15.37,16.62,67513.0
503,2020-03-27,15.745,18.12,14.37,17.37,93531.0
504,2020-03-30,18.12,18.12,17.37,17.495,24591.0
505,2020-03-31,17.495,17.62,16.245,16.495,21672.0
506,2020-04-01,14.62,16.245,14.37,16.245,30280.0
507,2020-04-02,15.62,15.62,13.12,13.745,198237.0
508,2020-04-03,13.745,14.37,13.745,14.37,78731.0
509,2020-04-06,15.62,15.62,11.245,11.62,230804.0
510,2020-04-07,10.87,10.87,8.745,9.995,673177.0
511,2020-04-08,9.995,9.995,7.87,9.37,1151652.0
512,2020-04-09,9.62,10.12,8.745,9.62,1031198.0
513,2020-04-13,9.995,11.87,9.62,11.62,790064.0
514,2020-04-14,11.87,14.995,11.62,14.12,626962.0
515,2020-04-15,14.62,14.62,11.37,14.12,397241.0
516,2020-04-16,13.745,14.62,12.37,14.12,279701.0
517,2020-04-17,14.995,17.495,14.37,17.37,243771.0
518,2020-04-20,17.37,20.62,16.12,19.37,345583.0
519,2020-04-21,17.995,20.12,17.37,19.745,298005.0
520,2020-04-22,19.245,23.745,19.245,22.62,346239.0
521,2020-04-23,23.495,24.37,22.12,22.12,193084.0
522,2020-04-24,22.245,23.245,19.995,21.495,193006.0
523,2020-04-27,20.87,23.87,20.87,23.745,229060.0
524,2020-04-28,23.745,29.745,23.745,25.87,313234.0
525,2020-04-29,25.62,26.37,22.995,24.745,316227.0
526,2020-04-30,24.495,26.245,23.745,24.12,184989.0
527,2020-05-01,23.37,24.745,22.37,23.245,439321.0
528,2020-05-04,22.495,24.62,22.495,24.37,174204.0
529,2020-05-05,25.245,25.245,23.87,23.995,173878.0
530,2020-05-06,23.37,25.87,23.37,24.745,186387.0
531,2020-05-07,25.12,26.62,24.745,26.12,180167.0
532,2020-05-08,25.495,29.995,24.745,29.495,249635.0
533,2020-05-11,29.495,29.62,28.37,29.12,66055.0
534,2020-05-12,29.245,29.245,24.995,25.495,125267.0
535,2020-05-13,24.87,25.495,21.995,22.245,85056.0
536,2020-05-14,20.87,22.245,19.87,21.87,52366.0
537,2020-05-15,21.245,21.745,20.995,21.245,45742.0
538,2020-05-18,21.87,21.87,19.37,21.12,51287.0
539,2020-05-19,21.495,21.995,19.745,20.245,31042.0
540,2020-05-20,20.37,21.245,17.62,18.495,78144.0
541,2020-05-21,18.745,20.745,18.37,18.995,65116.0
542,2020-05-22,18.87,19.745,17.995,18.37,102808.0
543,2020-05-26,19.745,20.995,18.995,19.745,179023.0
544,2020-05-27,20.87,21.745,17.62,17.745,124102.0
545,2020-05-28,19.62,19.62,18.12,18.495,85540.0
546,2020-05-29,16.995,18.37,13.745,18.37,275983.0
547,2020-06-01,18.995,18.995,17.745,18.87,16042.0
548,2020-06-02,18.245,19.12,17.87,18.87,28624.0
549,2020-06-03,18.245,18.87,17.245,18.62,33851.0
550,2020-06-04,19.12,19.245,18.495,18.745,28257.0
551,2020-06-05,18.87,18.87,18.12,18.745,18918.0
552,2020-06-08,18.495,18.745,15.995,17.87,77437.0
553,2020-06-09,17.995,17.995,16.245,17.62,15761.0
554,2020-06-10,16.995,18.37,16.995,18.37,59684.0
555,2020-06-11,19.12,19.12,16.37,18.245,69751.0
556,2020-06-12,18.37,18.37,16.62,17.995,39597.0
557,2020-06-15,16.995,18.37,16.995,18.37,20305.0
558,2020-06-16,18.12,22.62,17.12,19.995,574258.0
559,2020-06-17,19.995,19.995,16.995,18.12,113840.0
560,2020-06-18,17.745,19.12,17.62,18.245,27210.0
561,2020-06-19,18.245,18.495,17.245,17.245,75827.0
562,2020-06-22,17.245,17.745,16.37,16.995,54587.0
563,2020-06-23,16.995,17.745,16.495,16.87,18513.0
564,2020-06-24,16.87,16.995,16.37,16.87,28850.0
565,2020-06-25,15.745,17.12,15.745,16.62,22914.0
566,2020-06-26,16.245,16.87,15.87,15.87,10678.0
567,2020-06-29,16.495,16.495,15.12,15.495,9426.0
568,2020-06-30,15.37,16.245,15.37,16.12,3405.0
569,2020-07-01,15.87,16.12,15.87,15.87,4699.0
570,2020-07-02,16.12,16.37,15.745,15.745,12303.0
571,2020-07-06,15.62,17.745,15.62,16.745,130075.0
572,2020-07-07,16.495,16.995,16.495,16.995,18353.0
573,2020-07-08,16.995,17.495,16.495,16.995,55462.0
574,2020-07-09,17.37,17.62,16.37,16.37,4955.0
575,2020-07-10,16.37,17.495,16.37,17.12,17394.0
576,2020-07-13,17.37,19.87,17.12,18.37,146868.0
577,2020-07-14,18.745,18.745,17.37,17.995,32100.0
578,2020-07-15,18.87,18.87,17.37,17.87,9171.0
579,2020-07-16,17.995,18.12,16.995,17.995,29552.0
580,2020-07-17,18.37,24.37,18.12,24.37,972437.0
581,2020-07-20,24.12,24.37,19.745,20.12,334183.0
582,2020-07-21,19.745,25.745,18.995,24.37,381068.0
583,2020-07-22,24.245,24.245,21.245,22.745,55304.0
584,2020-07-23,22.12,22.995,21.495,22.12,75531.0
585,2020-07-24,23.245,23.245,21.37,21.995,39239.0
586,2020-07-27,21.37,21.995,20.495,21.37,77134.0
587,2020-07-28,21.245,21.745,19.995,21.495,51637.0
588,2020-07-29,21.245,23.12,21.12,23.12,50485.0
589,2020-07-30,21.745,23.12,21.745,22.245,25475.0
590,2020-07-31,22.87,22.995,21.745,22.37,31445.0
591,2020-08-03,22.37,25.87,21.87,24.37,216504.0
592,2020-08-04,24.995,26.495,24.495,25.245,125729.0
593,2020-08-05,24.995,24.995,23.745,24.12,147376.0
594,2020-08-06,24.37,24.995,23.87,24.62,92455.0
595,2020-08-07,24.37,24.995,23.745,24.37,43688.0
596,2020-08-10,24.12,24.87,23.745,23.995,32360.0
597,2020-08-11,23.995,24.12,22.995,23.12,43212.0
598,2020-08-12,23.37,23.87,22.37,22.995,45218.0
599,2020-08-13,23.12,24.37,22.12,23.37,78045.0
600,2020-08-14,22.995,24.37,22.62,22.87,114543.0
601,2020-08-17,23.12,24.37,22.745,23.12,56414.0
602,2020-08-18,23.495,24.12,22.62,23.245,44185.0
603,2020-08-19,22.495,22.495,20.62,20.995,164062.0
604,2020-08-20,20.62,21.12,19.37,19.745,54359.0
605,2020-08-21,18.745,19.495,18.745,18.87,30958.0
606,2020-08-24,18.62,18.87,16.62,17.995,45647.0
607,2020-08-25,18.12,19.245,17.87,18.87,8389.0
608,2020-08-26,17.995,18.745,17.87,17.87,39156.0
609,2020-08-27,18.37,18.62,17.745,18.245,14336.0
610,2020-08-28,17.87,18.745,17.87,17.87,44991.0
611,2020-08-31,17.62,20.37,17.495,19.245,83646.0
612,2020-09-01,19.62,19.87,18.62,18.745,35889.0
613,2020-09-02,19.87,20.62,19.245,20.12,33912.0
614,2020-09-03,20.87,25.995,19.995,22.37,766640.0
615,2020-09-04,22.745,23.995,21.62,21.62,77966.0
616,2020-09-08,23.495,23.495,19.87,20.995,38293.0
617,2020-09-09,21.245,22.37,19.995,21.87,47929.0
618,2020-09-10,21.12,23.12,20.745,22.87,22800.0
619,2020-09-11,23.87,23.87,21.745,21.995,9974.0
620,2020-09-14,21.62,23.745,21.62,22.995,51286.0
621,2020-09-15,23.745,23.745,22.12,22.495,39033.0
622,2020-09-16,21.995,21.995,21.12,21.37,73564.0
623,2020-09-17,21.745,21.87,21.245,21.495,54580.0
624,2020-09-18,21.995,21.995,20.995,21.495,38203.0
625,2020-09-21,21.995,21.995,20.87,21.495,42742.0
626,2020-09-22,21.87,21.87,19.745,20.745,62296.0
627,2020-09-23,20.495,20.87,20.495,20.87,40581.0
628,2020-09-24,20.745,20.745,19.745,19.87,38320.0
629,2020-09-25,20.37,20.745,19.495,19.62,36658.0
630,2020-09-28,18.87,21.995,18.87,21.245,66170.0
631,2020-09-29,21.245,21.245,19.87,20.995,30486.0
632,2020-09-30,21.12,21.12,19.87,20.495,3054.0
633,2020-10-01,20.12,22.12,20.12,22.12,5557.0
634,2020-10-02,21.245,21.37,21.12,21.37,5718.0
635,2020-10-05,21.87,21.87,19.245,20.37,18612.0
636,2020-10-06,21.87,21.87,19.37,20.37,8457.0
637,2020-10-07,20.37,20.745,19.995,20.745,12815.0
638,2020-10-08,21.745,23.12,20.37,21.12,27959.0
639,2020-10-09,21.495,21.495,18.87,21.245,28520.0
640,2020-10-12,21.245,21.495,19.995,20.745,29745.0
641,2020-10-13,21.245,21.245,19.37,19.62,44434.0
642,2020-10-14,20.37,20.37,18.745,19.12,42936.0
643,2020-10-15,18.995,19.62,18.245,18.995,3742.0
644,2020-10-16,18.495,21.62,18.37,18.62,44110.0
645,2020-10-19,19.245,19.245,18.745,19.245,7221.0
646,2020-10-20,18.745,20.87,18.745,19.245,22442.0
647,2020-10-21,18.37,19.995,18.37,18.745,5187.0
648,2020-10-22,19.87,20.495,19.62,20.12,15286.0
649,2020-10-23,20.495,20.495,19.37,19.745,8344.0
650,2020-10-26,19.745,20.745,19.12,20.37,12471.0
651,2020-10-27,19.62,19.995,19.12,19.745,5138.0
652,2020-10-28,19.245,20.37,19.245,19.745,12130.0
653,2020-10-29,20.62,20.62,19.37,19.62,9744.0
654,2020-10-30,19.995,20.495,19.87,19.995,7748.0
655,2020-11-02,19.62,19.745,19.12,19.12,11760.0
656,2020-11-03,18.995,19.995,18.995,19.995,2694.0
657,2020-11-04,20.12,20.12,19.745,19.745,752.0
658,2020-11-05,19.995,19.995,18.245,18.745,8418.0
659,2020-11-06,18.995,19.12,18.495,18.495,7559.0
660,2020-11-09,18.745,19.37,17.37,18.245,21731.0
661,2020-11-10,18.245,19.245,18.245,19.12,7293.0
662,2020-11-11,18.995,19.87,18.995,19.37,9563.0
663,2020-11-12,18.62,21.12,18.245,19.245,68799.0
664,2020-11-13,19.245,19.87,19.245,19.495,7820.0
665,2020-11-16,18.245,19.37,18.245,18.87,20475.0
666,2020-11-17,19.12,20.62,18.62,20.495,49054.0
667,2020-11-18,22.37,22.37,17.745,18.245,163494.0
668,2020-11-19,18.37,20.62,18.245,18.62,118622.0
669,2020-11-20,18.495,19.12,17.745,17.995,33420.0
670,2020-11-23,17.495,18.12,15.495,16.62,101404.0
671,2020-11-24,16.12,16.87,15.495,16.87,235636.0
672,2020-11-25,16.87,16.87,15.995,16.62,43551.0
673,2020-11-27,16.87,17.245,16.745,16.87,15455.0
674,2020-11-30,14.495,16.245,14.495,15.37,90538.0
675,2020-12-01,16.745,16.995,15.62,15.745,47392.0
676,2020-12-02,15.87,16.12,15.37,15.37,13794.0
677,2020-12-03,16.12,16.245,15.12,15.37,43071.0
678,2020-12-04,15.37,15.745,15.245,15.37,40131.0
679,2020-12-07,15.995,16.12,13.37,14.745,93689.0
680,2020-12-08,14.62,14.745,14.245,14.37,9700.0
681,2020-12-09,14.62,14.62,13.12,13.245,55910.0
682,2020-12-10,13.495,13.495,12.62,12.995,26833.0
683,2020-12-11,13.37,13.87,12.745,12.87,15258.0
684,2020-12-14,12.87,13.62,12.495,12.995,33865.0
685,2020-12-15,12.87,13.12,12.62,12.745,103292.0
686,2020-12-16,13.245,13.245,12.87,13.245,12372.0
687,2020-12-17,13.12,13.245,12.87,12.87,6425.0
688,2020-12-18,13.12,13.12,12.745,12.745,4825.0
689,2020-12-21,13.245,13.245,12.62,12.745,19577.0
690,2020-12-22,12.745,12.745,12.495,12.495,98824.0
691,2020-12-23,12.37,12.87,12.37,12.495,117296.0
692,2020-12-24,13.12,13.12,12.37,12.37,19231.0
693,2020-12-28,12.62,12.87,12.37,12.62,18686.0
694,2020-12-29,12.87,12.87,12.12,12.62,26448.0
695,2020-12-30,12.245,12.745,12.245,12.495,29370.0
696,2020-12-31,13.12,13.12,12.62,12.995,13936.0
697,2021-01-04,13.12,13.12,12.495,12.745,125251.0
698,2021-01-05,12.745,12.87,12.62,12.62,34839.0
699,2021-01-06,12.62,12.87,12.37,12.495,55798.0
700,2021-01-07,13.245,13.245,12.62,12.87,605737.0
701,2021-01-08,13.62,13.62,12.745,12.995,91184.0
702,2021-01-11,13.245,13.245,12.62,13.12,46588.0
703,2021-01-12,13.245,13.37,12.995,13.245,1351957.0
704,2021-01-13,13.37,14.245,13.245,13.62,833994.0
705,2021-01-14,13.87,14.245,13.37,14.12,763171.0
706,2021-01-15,13.87,14.245,12.87,13.62,532161.0
707,2021-01-19,13.37,14.745,13.12,14.37,1771738.0
708,2021-01-20,14.495,14.87,13.495,14.12,237267.0
709,2021-01-21,13.995,14.995,13.995,14.745,265945.0
710,2021-01-22,15.12,15.87,14.62,15.87,252492.0
711,2021-01-25,16.87,16.87,14.37,15.12,397987.0
712,2021-01-26,14.995,15.12,14.245,14.62,229029.0
713,2021-01-27,13.745,14.62,13.37,14.495,291237.0
714,2021-01-28,13.745,14.37,13.62,14.245,78218.0
715,2021-01-29,14.495,14.495,13.37,13.62,270816.0
716,2021-02-01,14.12,14.62,13.87,14.12,147742.0
717,2021-02-02,14.495,14.495,13.745,13.995,56063.0
718,2021-02-03,14.37,15.87,14.245,15.62,417361.0
719,2021-02-04,16.495,16.87,14.995,16.87,938053.0
720,2021-02-05,28.995,36.245,17.37,18.495,38744031.0
721,2021-02-08,18.87,18.995,16.62,18.12,3376133.0
722,2021-02-09,18.12,19.12,17.245,18.495,1525120.0
723,2021-02-10,18.745,18.995,16.995,17.62,1335046.0
724,2021-02-11,18.37,18.495,17.37,17.745,1013301.0
725,2021-02-12,18.12,19.995,17.745,19.745,1997222.0
726,2021-02-16,20.495,21.245,18.745,20.12,1663209.0
727,2021-02-17,19.745,22.995,18.87,21.745,2644599.0
728,2021-02-18,20.62,20.995,19.12,20.495,848654.0
729,2021-02-19,19.87,20.37,18.62,19.12,782036.0
730,2021-02-22,18.245,18.87,17.245,17.245,636815.0
731,2021-02-23,16.12,16.245,14.495,15.995,722013.0
732,2021-02-24,15.87,17.12,15.745,16.495,402130.0
733,2021-02-25,16.245,16.87,14.495,14.995,568657.0
734,2021-02-26,14.87,15.495,13.37,13.745,661471.0
735,2021-03-01,14.495,14.745,14.37,14.745,243263.0
736,2021-03-02,14.745,14.87,13.995,14.245,248213.0
737,2021-03-03,13.995,14.245,13.245,13.495,393972.0
738,2021-03-04,13.245,19.245,12.245,14.245,17217342.0
739,2021-03-05,13.37,14.495,12.12,14.12,1891217.0
740,2021-03-08,13.245,13.62,12.495,12.995,1008946.0
741,2021-03-09,13.12,14.495,12.745,13.745,1438504.0
742,2021-03-10,13.62,14.37,13.12,13.745,486149.0
743,2021-03-11,14.12,15.495,13.87,14.87,779240.0
744,2021-03-12,14.62,15.745,14.37,15.12,490608.0
745,2021-03-15,15.12,15.62,14.62,15.495,433023.0
746,2021-03-16,15.495,16.37,14.87,15.62,496930.0
747,2021-03-17,15.245,15.62,14.995,14.995,346048.0
748,2021-03-18,15.995,16.87,13.995,14.495,1504351.0
749,2021-03-19,13.995,15.62,13.995,14.995,459531.0
750,2021-03-22,15.37,15.37,14.12,14.37,450610.0
751,2021-03-23,14.495,14.495,13.495,13.87,295305.0
752,2021-03-24,13.745,13.745,13.12,13.12,671434.0
753,2021-03-25,12.495,14.12,12.495,13.745,551676.0
754,2021-03-26,14.62,17.87,13.12,13.745,4974814.0
755,2021-03-29,13.12,13.495,12.37,12.62,717244.0
756,2021-03-30,12.62,13.12,11.995,12.62,454634.0
757,2021-03-31,12.87,13.37,12.495,13.12,354016.0
758,2021-04-01,13.245,13.495,12.745,13.12,265358.0
759,2021-04-05,12.995,13.37,12.745,12.745,180619.0
760,2021-04-06,12.745,13.745,12.745,13.495,381070.0
761,2021-04-07,13.495,13.495,12.495,12.62,215411.0
762,2021-04-08,12.745,13.495,12.495,12.995,262701.0
763,2021-04-09,12.745,12.87,12.37,12.37,139135.0
764,2021-04-12,12.37,12.62,10.745,11.12,554670.0
765,2021-04-13,11.37,11.745,10.87,11.495,167138.0
766,2021-04-14,11.245,11.37,10.995,11.245,155128.0
767,2021-04-15,11.245,11.745,10.87,10.87,282397.0
768,2021-04-16,11.245,11.37,10.495,10.62,256669.0
769,2021-04-19,10.62,10.87,9.995,10.745,261150.0
770,2021-04-20,10.995,10.995,10.37,10.87,103592.0
771,2021-04-21,10.995,11.245,10.495,10.995,106528.0
772,2021-04-22,11.12,11.745,11.12,11.245,112227.0
773,2021-04-23,11.12,11.87,11.12,11.745,136096.0
774,2021-04-26,11.87,12.495,11.745,12.37,123560.0
775,2021-04-27,12.62,12.62,11.745,11.745,87887.0
776,2021-04-28,11.745,12.37,11.745,12.12,150391.0
777,2021-04-29,12.37,12.37,11.745,12.12,66770.0
778,2021-04-30,11.745,12.12,11.745,11.995,143914.0
779,2021-05-03,11.745,12.62,11.745,12.245,231666.0
780,2021-05-04,12.245,12.745,11.87,12.745,365820.0
781,2021-05-05,12.37,12.745,12.245,12.245,293570.0
782,2021-05-06,11.87,12.87,11.87,12.37,321905.0
783,2021-05-07,12.495,13.245,12.245,12.87,143655.0
784,2021-05-10,12.495,13.245,12.37,12.62,186526.0
785,2021-05-11,12.245,13.495,12.12,12.995,382157.0
786,2021-05-12,12.87,13.745,12.495,13.12,273641.0
787,2021-05-13,13.245,13.37,12.62,12.745,188966.0
788,2021-05-14,12.745,13.495,12.745,12.995,186866.0
789,2021-05-17,12.87,13.245,12.87,13.12,92073.0
790,2021-05-18,12.995,13.495,12.87,13.37,175011.0
791,2021-05-19,12.995,13.62,12.745,13.12,217757.0
792,2021-05-20,12.995,13.495,12.995,13.12,138790.0
793,2021-05-21,13.12,13.745,12.995,13.12,160263.0
794,2021-05-24,13.245,13.245,11.745,11.745,255751.0
795,2021-05-25,12.12,13.495,12.12,13.495,385589.0
796,2021-05-26,13.12,13.62,12.62,12.995,179831.0
797,2021-05-27,12.87,13.495,12.87,12.995,168341.0
798,2021-05-28,12.995,13.745,12.995,13.495,99656.0
799,2021-06-01,13.745,13.745,13.12,13.37,165978.0
800,2021-06-02,13.245,13.495,12.37,13.245,340428.0
801,2021-06-03,12.995,13.12,12.37,12.37,209469.0
802,2021-06-04,12.995,13.12,12.37,12.62,103422.0
803,2021-06-07,12.995,12.995,12.12,12.245,118591.0
804,2021-06-08,12.245,12.37,11.995,12.245,149948.0
805,2021-06-09,12.495,12.495,12.12,12.245,128853.0
806,2021-06-10,12.245,12.495,11.495,11.87,324383.0
807,2021-06-11,11.745,11.995,11.495,11.87,186018.0
808,2021-06-14,11.995,12.12,11.62,11.745,415080.0
809,2021-06-15,11.745,11.745,11.37,11.37,170740.0
810,2021-06-16,11.495,11.62,11.12,11.12,97120.0
811,2021-06-17,11.245,11.745,11.12,11.12,175982.0
812,2021-06-18,11.245,11.495,11.12,11.37,121028.0
813,2021-06-21,11.37,11.37,11.12,11.245,78704.0
814,2021-06-22,11.12,11.495,10.995,10.995,88364.0
815,2021-06-23,11.12,11.37,10.995,11.12,67287.0
816,2021-06-24,11.245,11.495,11.12,11.12,79351.0
817,2021-06-25,10.87,11.245,10.87,11.12,89479.0
818,2021-06-28,11.495,11.495,10.995,11.12,123467.0
819,2021-06-29,10.995,12.87,10.995,11.37,450438.0
820,2021-06-30,11.62,11.995,11.245,11.87,437447.0
821,2021-07-01,11.245,11.87,11.245,11.87,117824.0
822,2021-07-02,11.87,11.87,10.995,11.495,396937.0
823,2021-07-06,10.995,11.37,10.995,11.12,169782.0
824,2021-07-07,11.37,11.62,10.87,10.995,177471.0
825,2021-07-08,10.87,10.995,9.995,10.62,253390.0
826,2021-07-09,10.62,10.995,10.12,10.745,150099.0
827,2021-07-12,10.495,10.995,10.495,10.745,55205.0
828,2021-07-13,10.62,10.745,10.495,10.62,90091.0
829,2021-07-14,10.62,10.995,10.245,10.245,120463.0
830,2021-07-15,10.745,10.745,10.12,10.12,116484.0
831,2021-07-16,10.62,10.745,9.37,9.745,181253.0
832,2021-07-19,9.62,9.745,9.12,9.37,168847.0
833,2021-07-20,9.37,9.495,8.495,8.745,237304.0
834,2021-07-21,8.87,9.37,8.87,8.87,151739.0
835,2021-07-22,9.12,9.495,8.87,9.245,60040.0
836,2021-07-23,9.12,9.12,8.12,8.12,611571.0
837,2021-07-26,8.12,8.495,8.12,8.12,198012.0
838,2021-07-27,8.12,8.12,6.495,6.745,735489.0
839,2021-07-28,7.12,7.62,6.87,7.495,199154.0
840,2021-07-29,7.745,7.995,7.245,7.495,117954.0
841,2021-07-30,7.745,7.745,6.495,6.745,159010.0
842,2021-08-02,7.12,7.245,6.995,7.245,180071.0
843,2021-08-03,6.995,7.37,6.745,7.37,1227705.0
844,2021-08-04,7.245,9.87,6.87,7.87,5143491.0
845,2021-08-05,7.12,7.62,7.12,7.62,588479.0
846,2021-08-06,7.37,7.62,6.995,7.37,706169.0
847,2021-08-09,7.245,7.745,7.12,7.37,465001.0
848,2021-08-10,7.495,7.995,7.37,7.495,182041.0
849,2021-08-11,7.37,7.745,7.245,7.37,131626.0
850,2021-08-12,7.37,7.745,6.995,6.995,353891.0
851,2021-08-13,6.995,6.995,6.62,6.62,151745.0
852,2021-08-16,6.87,7.245,6.745,6.87,328471.0
853,2021-08-17,6.87,6.87,6.245,6.62,245951.0
854,2021-08-18,7.12,7.12,6.37,6.745,326881.0
855,2021-08-19,6.745,7.12,6.37,6.87,340250.0
856,2021-08-20,6.495,7.12,6.37,6.87,479432.0
857,2021-08-23,6.745,6.745,5.37,6.12,960574.0
858,2021-08-24,5.745,7.245,5.745,5.995,2006014.0
859,2021-08-25,6.12,6.245,5.745,5.745,560195.0
860,2021-08-26,5.995,6.245,5.62,5.745,252728.0
861,2021-08-27,5.495,6.12,5.495,5.87,180533.0
862,2021-08-30,5.745,6.12,5.62,5.87,455340.0
863,2021-08-31,6.74,7.79,5.94,6.06,842527.0
864,2021-09-01,5.87,6.18,5.38,6.03,167044.0
865,2021-09-02,5.92,6.04,5.63,5.69,34994.0
866,2021-09-03,5.57,5.83,5.38,5.55,55794.0
867,2021-09-07,5.57,5.86,5.49,5.49,47515.0
868,2021-09-08,5.49,5.51,5.1,5.12,37327.0
869,2021-09-09,5.12,5.36,5.02,5.09,72815.0
870,2021-09-10,4.92,5.97,4.92,5.51,199134.0
871,2021-09-13,5.38,5.47,5.17,5.2,66233.0
872,2021-09-14,5.17,5.5,5.11,5.28,66673.0
873,2021-09-15,5.42,5.42,5.04,5.12,47295.0
874,2021-09-16,5.08,5.68,5.04,5.4,31816.0
875,2021-09-17,5.54,6.23,5.22,5.92,214529.0
876,2021-09-20,5.68,5.74,5.06,5.12,47153.0
877,2021-09-21,5.46,5.53,5.03,5.15,99855.0
878,2021-09-22,5.26,5.36,5.11,5.26,19463.0
879,2021-09-23,5.31,5.36,5.21,5.26,32360.0
880,2021-09-24,5.36,5.46,4.96,5.2,185234.0
881,2021-09-27,5.14,5.33,4.96,5.09,142413.0
882,2021-09-28,5.17,5.22,4.91,5.1,41735.0
883,2021-09-29,5.09,5.17,4.53,4.62,42472.0
884,2021-09-30,4.55,4.95,4.52,4.71,100713.0
885,2021-10-01,4.69,4.73,4.48,4.73,11138.0
886,2021-10-04,4.8,5.0,4.47,4.52,47856.0
887,2021-10-05,4.57,4.69,3.97,4.02,49002.0
888,2021-10-06,4.09,4.34,3.94,4.04,28988.0
889,2021-10-07,4.15,4.15,3.8,3.99,31033.0
890,2021-10-08,3.95,4.1,3.78,3.85,37012.0
891,2021-10-11,3.98,3.98,3.81,3.85,50335.0
892,2021-10-12,3.87,4.12,3.87,4.03,58287.0
893,2021-10-13,4.11,4.52,4.06,4.29,47519.0
894,2021-10-14,4.32,4.32,3.91,4.16,92157.0
895,2021-10-15,4.18,4.18,4.0,4.08,6580.0
896,2021-10-18,4.08,4.1,3.88,3.94,52747.0
897,2021-10-19,4.03,4.12,3.87,4.01,5879.0
898,2021-10-20,4.06,4.4,4.06,4.17,57068.0
899,2021-10-21,4.22,4.47,4.17,4.24,49512.0
900,2021-10-22,4.26,4.28,3.99,4.07,15009.0
901,2021-10-25,4.28,4.28,4.07,4.16,6652.0
902,2021-10-26,4.12,4.15,4.01,4.02,9030.0
903,2021-10-27,4.06,4.45,4.0,4.3,114399.0
904,2021-10-28,4.17,4.34,4.09,4.34,4448.0
905,2021-10-29,4.46,4.56,4.4,4.45,14332.0
906,2021-11-01,4.4,4.4,4.17,4.35,11532.0
907,2021-11-02,4.35,4.35,4.22,4.23,8839.0
908,2021-11-03,4.16,4.37,4.16,4.34,7231.0
909,2021-11-04,4.36,4.36,4.22,4.22,9607.0
910,2021-11-05,4.09,4.32,4.06,4.2,3391.0
911,2021-11-08,4.25,4.45,4.23,4.43,13748.0
912,2021-11-09,4.37,4.43,4.11,4.17,13590.0
913,2021-11-10,4.17,4.39,4.0,4.0,10440.0
914,2021-11-11,4.06,4.16,4.02,4.05,4318.0
915,2021-11-12,4.05,4.05,4.0,4.0,7263.0
916,2021-11-15,3.94,4.22,3.58,3.61,20745.0
917,2021-11-16,3.67,3.78,3.65,3.68,8931.0
918,2021-11-17,3.85,4.02,3.85,3.92,1388.0
919,2021-11-18,3.89,3.89,3.71,3.86,5107.0
920,2021-11-19,3.92,4.01,3.84,3.85,4594.0
921,2021-11-22,3.72,3.72,3.03,3.03,26361.0
922,2021-11-23,3.49,4.17,3.37,3.88,521576.0
923,2021-11-24,3.89,4.16,3.82,4.13,43411.0
924,2021-11-26,3.94,4.02,3.44,3.85,19451.0
925,2021-11-29,3.61,3.75,3.45,3.54,20204.0
926,2021-11-30,3.62,3.62,3.25,3.41,16998.0
927,2021-12-01,3.43,3.43,3.2,3.31,19875.0
928,2021-12-02,3.31,3.37,2.89,3.19,24323.0
929,2021-12-03,3.06,3.06,2.51,2.57,119013.0
930,2021-12-06,3.13,3.45,2.57,2.62,447723.0
931,2021-12-07,2.55,2.74,2.3,2.68,106564.0
932,2021-12-08,2.64,2.99,2.57,2.83,48273.0
933,2021-12-09,2.85,3.16,2.84,3.04,60926.0
934,2021-12-10,3.05,3.06,2.8,2.87,32506.0
935,2021-12-13,2.81,3.21,2.79,3.13,19571.0
936,2021-12-14,3.16,3.64,3.16,3.52,64246.0
937,2021-12-15,3.46,4.62,3.46,4.02,221329.0
938,2021-12-16,4.06,4.42,3.87,4.3,129200.0
939,2021-12-17,4.16,4.55,3.71,4.49,82094.0
940,2021-12-20,4.35,4.59,3.87,4.43,83223.0
941,2021-12-21,4.55,4.85,4.37,4.41,86816.0
942,2021-12-22,4.27,4.76,4.27,4.41,43706.0
943,2021-12-23,4.41,4.76,4.33,4.37,43385.0
944,2021-12-27,4.27,4.54,4.18,4.25,39502.0
945,2021-12-28,4.16,4.16,3.93,4.06,15332.0
946,2021-12-29,3.99,4.25,3.86,4.07,31109.0
947,2021-12-30,3.96,4.36,3.96,4.3,8955.0
948,2021-12-31,4.28,4.33,3.9,4.32,36791.0
949,2022-01-03,4.21,4.76,4.07,4.57,9452.0
950,2022-01-04,4.54,4.84,4.54,4.82,17921.0
951,2022-01-05,4.82,5.3,4.82,4.95,26634.0
952,2022-01-06,5.09,5.36,4.81,5.29,30990.0
953,2022-01-07,5.37,5.76,5.19,5.57,39947.0
954,2022-01-10,5.56,5.56,5.08,5.29,40997.0
955,2022-01-11,5.4,5.82,5.33,5.73,34214.0
956,2022-01-12,5.4,5.93,5.4,5.67,29843.0
957,2022-01-13,5.46,5.81,5.39,5.53,20694.0
958,2022-01-14,5.15,5.55,5.14,5.44,30035.0
959,2022-01-18,5.36,5.69,4.62,5.62,35449.0
960,2022-01-19,5.79,6.05,5.57,5.89,19135.0
961,2022-01-20,6.36,6.37,5.53,5.87,64892.0
962,2022-01-21,5.87,5.87,5.1,5.5,42091.0
963,2022-01-24,5.28,5.46,4.72,5.29,23775.0
964,2022-01-25,4.7,5.39,4.7,5.11,34895.0
965,2022-01-26,4.89,4.96,4.3,4.39,13002.0
966,2022-01-27,4.63,4.63,3.87,3.91,12319.0
967,2022-01-28,3.73,3.77,3.37,3.39,7078.0
968,2022-01-31,3.45,3.91,3.39,3.57,2313.0
969,2022-02-01,3.57,3.88,3.51,3.51,5539.0
970,2022-02-02,3.52,3.79,3.52,3.67,2167.0
971,2022-02-03,3.82,4.05,3.52,4.05,4550.0
972,2022-02-04,3.93,4.41,3.93,4.37,5778.0
973,2022-02-07,4.14,4.37,4.09,4.35,5549.0
974,2022-02-08,4.62,4.92,4.62,4.91,27822.0
975,2022-02-09,5.13,5.35,4.97,5.22,10809.0
976,2022-02-10,4.65,5.37,4.59,5.32,12715.0
977,2022-02-11,5.47,5.47,5.17,5.33,20429.0
978,2022-02-14,4.92,5.26,4.6,4.62,47465.0
979,2022-02-15,4.84,5.04,4.29,5.04,8227.0
980,2022-02-16,4.97,5.3,4.81,5.26,36552.0
981,2022-02-17,4.99,5.25,4.8,5.23,16578.0
982,2022-02-18,5.12,5.27,4.97,5.23,19313.0
983,2022-02-22,4.92,5.17,4.87,5.04,6654.0
984,2022-02-23,4.99,5.26,4.99,5.22,14937.0
985,2022-02-24,4.98,5.23,4.8,5.07,17622.0
986,2022-02-25,5.28,5.36,4.98,4.98,16391.0
987,2022-02-28,4.76,5.45,4.61,5.27,26752.0
988,2022-03-01,5.17,5.37,4.97,5.31,16797.0
989,2022-03-02,5.27,5.37,5.27,5.32,4155.0
990,2022-03-03,5.27,5.55,5.27,5.27,19165.0
991,2022-03-04,5.29,5.39,5.27,5.32,6872.0
992,2022-03-07,5.17,5.36,5.17,5.18,6919.0
993,2022-03-08,4.93,5.44,4.93,5.39,12972.0
994,2022-03-09,5.42,5.42,5.28,5.28,3753.0
995,2022-03-10,5.29,5.76,4.95,5.17,48743.0
996,2022-03-11,5.22,5.41,4.97,5.22,30052.0
997,2022-03-14,5.21,5.33,4.64,5.25,21059.0
998,2022-03-15,5.19,5.32,4.37,4.37,5149.0
999,2022-03-16,4.82,5.17,4.67,4.68,14971.0
1000,2022-03-17,4.86,5.02,4.69,4.83,2033.0
1001,2022-03-18,4.87,5.37,4.72,5.09,4187.0
1002,2022-03-21,4.98,4.98,4.47,4.47,2692.0
1003,2022-03-22,4.86,5.1,4.7,4.87,8888.0
1004,2022-03-23,4.87,5.27,4.86,5.1,2205.0
1005,2022-03-24,5.07,5.07,4.86,4.93,1330.0
1006,2022-03-25,4.93,5.37,4.6,5.01,7286.0
1007,2022-03-28,5.18,5.18,4.89,4.94,7530.0
1008,2022-03-29,5.06,5.06,4.34,4.39,23702.0
1009,2022-03-30,4.47,4.86,4.44,4.72,26437.0
1010,2022-03-31,4.87,4.87,3.67,3.67,22534.0
1011,2022-04-01,3.87,4.03,3.74,3.76,33145.0
1012,2022-04-04,3.86,4.58,3.86,4.02,43165.0
1013,2022-04-05,4.43,4.63,3.77,4.12,13654.0
1014,2022-04-06,4.11,4.33,4.11,4.29,3513.0
1015,2022-04-07,4.52,5.12,4.17,4.84,46091.0
1016,2022-04-08,4.97,4.97,4.54,4.87,17180.0
1017,2022-04-11,4.62,4.62,3.76,4.16,16577.0
1018,2022-04-12,4.07,4.07,3.42,3.72,34780.0
1019,2022-04-13,3.88,4.05,3.17,3.46,15740.0
1020,2022-04-14,3.41,3.73,3.4,3.64,19685.0
1021,2022-04-18,3.74,3.74,3.56,3.56,1697.0
1022,2022-04-19,3.53,3.56,3.42,3.56,3571.0
1023,2022-04-20,3.56,3.85,3.5,3.72,3258.0
1024,2022-04-21,3.82,3.87,3.59,3.82,5863.0
1025,2022-04-22,3.69,3.71,3.19,3.28,12050.0
1026,2022-04-25,3.25,3.51,3.25,3.51,4978.0
1027,2022-04-26,3.48,3.55,3.2,3.3,3604.0
1028,2022-04-27,3.49,3.8,3.47,3.66,2919.0
1029,2022-04-28,3.97,3.97,3.22,3.22,7915.0
1030,2022-04-29,3.47,3.47,3.37,3.37,875.0
1031,2022-05-02,3.2,3.27,3.2,3.27,1281.0
1032,2022-05-03,3.26,3.37,3.25,3.25,1655.0
1033,2022-05-04,3.27,3.31,3.25,3.31,2458.0
1034,2022-05-05,3.32,3.32,2.64,2.64,11096.0
1035,2022-05-06,2.8,2.97,2.71,2.71,1413.0
1036,2022-05-09,2.43,2.43,2.39,2.39,1169.0
1037,2022-05-10,2.44,2.49,1.53,1.82,35110.0
1038,2022-05-11,2.06,2.67,2.0,2.66,53072.0
1039,2022-05-12,2.97,3.07,2.65,2.82,21319.0
1040,2022-05-13,2.82,3.06,2.82,2.82,9051.0
1041,2022-05-16,2.94,3.05,2.86,3.05,3868.0
1042,2022-05-17,2.96,3.32,2.96,3.31,4071.0
1043,2022-05-18,3.62,4.85,3.48,4.17,71527.0
1044,2022-05-19,4.52,4.79,3.76,3.87,32768.0
1045,2022-05-20,4.37,4.63,4.01,4.14,9492.0
1046,2022-05-23,4.31,4.31,4.02,4.22,9958.0
1047,2022-05-24,4.12,4.48,4.12,4.24,6316.0
1048,2022-05-25,4.24,4.3,4.23,4.3,4799.0
1049,2022-05-26,4.27,4.67,4.19,4.57,4263.0
1050,2022-05-27,4.57,4.57,3.89,4.1,10936.0
1051,2022-05-31,4.05,4.22,4.05,4.22,1789.0
1052,2022-06-01,4.13,4.6,4.13,4.22,1043.0
1053,2022-06-02,4.11,4.22,3.77,4.0,3097.0
1054,2022-06-03,3.88,4.19,3.88,4.19,1438.0
1055,2022-06-06,4.08,4.37,4.08,4.21,6747.0
1056,2022-06-07,4.09,4.11,3.82,3.88,2263.0
1057,2022-06-08,3.98,4.37,3.88,4.34,14116.0
1058,2022-06-09,4.21,4.44,3.99,4.32,6917.0
1059,2022-06-10,4.46,4.6,4.13,4.13,10105.0
1060,2022-06-13,3.89,4.28,3.82,4.12,10572.0
1061,2022-06-14,4.32,4.42,4.32,4.39,9531.0
1062,2022-06-15,4.52,4.67,4.39,4.55,7154.0
1063,2022-06-16,4.55,4.67,4.51,4.61,7982.0
1064,2022-06-17,4.43,4.67,4.36,4.66,10235.0
1065,2022-06-21,4.76,4.76,4.34,4.64,11013.0
1066,2022-06-22,4.51,4.86,4.41,4.84,8485.0
1067,2022-06-23,4.9,5.1,4.7,4.85,6649.0
1068,2022-06-24,5.1,5.17,4.97,5.16,8889.0
1069,2022-06-27,5.27,5.76,4.89,5.54,34561.0
1070,2022-06-28,5.7,5.76,4.98,5.12,28847.0
1071,2022-06-29,5.5,5.55,5.21,5.55,24969.0
1072,2022-06-30,5.07,5.28,4.8,5.09,21187.0
1073,2022-07-01,4.63,5.08,4.63,4.97,41436.0
1074,2022-07-05,4.98,5.28,4.98,5.24,7770.0
1075,2022-07-06,5.37,5.37,5.37,5.37,618.0
1076,2022-07-07,5.35,5.35,5.05,5.3,4023.0
1077,2022-07-08,5.06,5.51,5.06,5.32,3999.0
1078,2022-07-11,5.58,5.63,5.11,5.51,17328.0
1079,2022-07-12,5.5,5.62,5.33,5.33,20770.0
1080,2022-07-13,5.48,5.56,5.17,5.45,2335.0
1081,2022-07-14,5.44,5.68,5.3,5.68,26265.0
1082,2022-07-15,5.69,5.86,5.35,5.7,22830.0
1083,2022-07-18,5.3,5.86,5.3,5.72,9907.0
1084,2022-07-19,5.76,5.84,5.52,5.61,9234.0
1085,2022-07-20,5.55,5.7,5.55,5.58,7482.0
1086,2022-07-21,5.55,5.8,5.55,5.79,2783.0
1087,2022-07-22,5.8,5.88,5.52,5.68,4856.0
1088,2022-07-25,5.79,5.92,5.52,5.8,18251.0
1089,2022-07-26,5.88,5.9,5.32,5.65,15098.0
1090,2022-07-27,5.39,5.47,5.01,5.33,17582.0
1091,2022-07-28,5.52,5.88,4.72,5.38,27533.0
1092,2022-07-29,5.15,5.38,4.88,5.16,8660.0
1093,2022-08-01,5.29,5.44,4.99,5.28,17554.0
1094,2022-08-02,5.28,5.54,4.76,5.36,22741.0
1095,2022-08-03,5.52,5.85,5.07,5.59,21528.0
1096,2022-08-04,5.3,5.59,5.3,5.58,17560.0
1097,2022-08-05,5.11,5.96,5.02,5.23,24435.0
1098,2022-08-08,5.47,5.48,5.47,5.48,588.0
1099,2022-08-09,5.45,5.45,5.35,5.4,8390.0
1100,2022-08-10,5.46,5.61,5.23,5.31,19363.0
1101,2022-08-11,5.24,5.45,5.24,5.35,6400.0
1102,2022-08-12,5.25,5.3,5.25,5.25,3928.0
1103,2022-08-15,5.17,5.37,5.17,5.24,7782.0
1104,2022-08-16,5.18,5.38,5.18,5.31,5351.0
1105,2022-08-17,5.25,5.29,5.25,5.25,5114.0
1106,2022-08-18,5.25,5.26,5.0,5.06,13669.0
1107,2022-08-19,5.02,5.07,4.89,4.89,7479.0
1108,2022-08-22,4.87,4.94,4.85,4.88,11188.0
1109,2022-08-23,4.88,4.88,4.71,4.78,8063.0
1110,2022-08-24,4.92,4.93,4.63,4.63,6129.0
1111,2022-08-25,4.63,4.84,4.43,4.6,28031.0
1112,2022-08-26,4.77,4.82,3.71,3.8,27964.0
1113,2022-08-29,3.7,4.08,3.5,3.83,11218.0
1114,2022-08-30,3.93,3.93,3.34,3.7,48665.0
1115,2022-08-31,3.71,4.12,3.71,3.86,8378.0
1116,2022-09-01,3.71,4.03,3.61,3.85,10094.0
1117,2022-09-02,3.85,3.85,3.85,3.85,121.0
1118,2022-09-06,3.62,3.98,3.6,3.83,9833.0
1119,2022-09-07,3.83,3.83,3.83,3.83,225.0
1120,2022-09-08,4.02,4.1,4.0,4.06,3486.0
1121,2022-09-09,3.98,4.47,3.82,4.25,26436.0
1122,2022-09-12,4.25,4.65,4.25,4.28,6480.0
1123,2022-09-13,4.36,4.55,4.15,4.15,5717.0
1124,2022-09-14,4.39,4.48,4.37,4.48,4603.0
1125,2022-09-15,4.46,4.58,3.76,4.19,16274.0
1126,2022-09-16,4.1,4.45,3.95,4.14,9807.0
1127,2022-09-19,4.5,4.5,3.95,4.28,11824.0
1128,2022-09-20,4.2,4.43,4.16,4.34,6477.0
1129,2022-09-21,4.02,4.4,3.96,4.33,10279.0
1130,2022-09-22,4.19,4.2,4.15,4.15,1537.0
1131,2022-09-23,4.05,4.34,3.74,4.06,4861.0
1132,2022-09-26,4.06,4.06,4.06,4.06,1118.0
1133,2022-09-27,4.07,4.08,4.07,4.08,695.0
1134,2022-09-28,4.08,4.4,4.08,4.25,4104.0
1135,2022-09-29,3.87,4.19,3.87,4.19,2298.0
1136,2022-09-30,4.12,4.41,3.91,4.19,14243.0
1137,2022-10-03,4.09,4.14,4.06,4.06,1274.0
1138,2022-10-04,4.0,4.36,4.0,4.29,4660.0
1139,2022-10-05,4.21,4.21,3.82,4.18,1659.0
1140,2022-10-06,4.22,4.22,4.22,4.22,206.0
1141,2022-10-07,4.22,4.22,4.21,4.21,2062.0
1142,2022-10-10,4.21,4.21,4.21,4.21,372.0
1143,2022-10-11,4.01,4.34,4.01,4.34,3496.0
1144,2022-10-12,4.3,4.32,4.3,4.32,1479.0
1145,2022-10-13,4.03,4.31,4.03,4.31,1576.0
1146,2022-10-14,4.31,4.31,4.31,4.31,135.0
1147,2022-10-17,4.08,4.33,4.08,4.33,1483.0
1148,2022-10-18,4.29,4.3,4.18,4.18,4424.0
1149,2022-10-19,4.3,4.3,4.16,4.16,1679.0
1150,2022-10-20,4.15,4.29,4.15,4.26,3430.0
1151,2022-10-21,4.1,4.26,4.1,4.2,2951.0
1152,2022-10-24,4.2,4.2,4.2,4.2,258.0
1153,2022-10-25,4.21,4.25,4.1,4.1,2141.0
1154,2022-10-26,3.81,3.82,3.81,3.82,838.0
1155,2022-10-27,4.21,4.21,3.6,3.96,8837.0
1156,2022-10-28,4.22,4.28,3.5,3.81,25308.0
1157,2022-10-31,3.9,4.08,3.56,3.88,18259.0
1158,2022-11-01,3.99,4.18,3.77,3.78,16870.0
1159,2022-11-02,3.85,3.88,3.77,3.82,4785.0
1160,2022-11-03,4.06,4.06,3.61,3.84,8031.0
1161,2022-11-04,4.14,4.2,3.66,3.9,10170.0
1162,2022-11-07,3.64,4.11,3.64,3.9,9307.0
1163,2022-11-08,3.95,4.2,3.73,4.01,23444.0
1164,2022-11-09,4.08,4.08,3.57,3.91,6610.0
1165,2022-11-10,3.99,4.02,3.79,3.79,25724.0
1166,2022-11-11,3.82,4.25,3.51,4.02,16139.0
1167,2022-11-14,3.98,4.23,3.54,4.0,29096.0
1168,2022-11-15,4.0,4.02,3.83,3.96,5448.0
1169,2022-11-16,3.92,3.97,3.83,3.86,6553.0
1170,2022-11-17,3.82,4.0,3.75,4.0,8537.0
1171,2022-11-18,3.99,4.18,3.9,3.99,8784.0
1172,2022-11-21,3.91,3.95,3.91,3.95,2222.0
1173,2022-11-22,4.05,4.06,3.75,3.96,8059.0
1174,2022-11-23,4.1,4.1,3.82,3.99,20102.0
1175,2022-11-25,3.99,3.99,3.99,3.99,229.0
1176,2022-11-28,3.99,4.1,3.9,3.96,26496.0
1177,2022-11-29,3.79,4.05,3.79,4.0,11226.0
1178,2022-11-30,4.0,4.5,3.9,4.5,45292.0
1179,2022-12-01,4.3,4.7,4.2,4.51,25888.0
1180,2022-12-02,4.91,6.77,4.48,6.77,385539.0
1181,2022-12-05,7.02,8.11,6.97,7.5,277972.0
1182,2022-12-06,7.5,7.7,5.9,6.95,132884.0
1183,2022-12-07,7.09,7.68,6.58,6.9,54225.0
1184,2022-12-08,6.6,7.65,6.11,7.39,192892.0
1185,2022-12-09,7.64,7.64,6.0,6.26,92796.0
1186,2022-12-12,6.51,6.52,5.85,6.02,32476.0
1187,2022-12-13,6.1,6.24,5.61,6.13,17565.0
1188,2022-12-14,6.24,6.25,5.88,6.21,12985.0
1189,2022-12-15,6.22,7.0,6.02,6.72,38567.0
1190,2022-12-16,6.86,6.99,6.65,6.65,3132.0
1191,2022-12-19,6.55,7.18,6.55,7.02,26274.0
1192,2022-12-20,6.6,7.2,6.27,7.04,34557.0
1193,2022-12-21,7.2,7.49,6.68,7.48,19617.0
1194,2022-12-22,7.61,7.61,6.96,7.03,12177.0
1195,2022-12-23,7.17,7.17,6.73,6.95,81813.0
1196,2022-12-27,6.79,6.99,6.79,6.9,5314.0
1197,2022-12-28,6.9,6.9,6.63,6.68,24839.0
1198,2022-12-29,6.51,6.99,6.5,6.83,9604.0
1199,2022-12-30,7.0,7.5,6.8,7.29,21847.0
1200,2023-01-03,7.4,7.7,6.88,7.64,11298.0
1201,2023-01-04,7.67,9.88,7.67,9.65,54100.0
1202,2023-01-05,10.0,10.0,8.86,9.52,32416.0
1203,2023-01-06,9.68,9.71,8.1,9.46,44715.0
1204,2023-01-09,9.53,9.53,9.26,9.26,6548.0
1205,2023-01-10,9.2,10.0,8.89,9.66,35558.0
1206,2023-01-11,9.89,9.97,9.4,9.88,4918.0
1207,2023-01-12,9.69,10.88,9.4,10.5,35696.0
1208,2023-01-13,11.09,11.95,10.63,11.18,52551.0
1209,2023-01-17,11.39,11.69,10.5,10.5,20935.0
1210,2023-01-18,10.5,11.05,10.27,10.67,20831.0
1211,2023-01-19,10.36,11.6,10.36,10.65,20092.0
1212,2023-01-20,10.26,10.68,9.42,10.29,20674.0
1213,2023-01-23,9.48,10.59,9.48,10.5,40588.0
1214,2023-01-24,10.1,10.84,9.63,10.62,24798.0
1215,2023-01-25,10.54,11.6,10.35,11.05,27934.0
1216,2023-01-26,10.94,11.66,10.47,11.44,44489.0
1217,2023-01-27,10.86,11.65,10.86,11.47,24599.0
1218,2023-01-30,11.68,13.93,11.1,13.49,31724.0
1219,2023-01-31,13.85,13.99,11.81,13.93,50798.0
1220,2023-02-01,14.7,15.19,13.96,14.9,46821.0
1221,2023-02-02,15.0,15.4,13.04,13.21,42205.0
1222,2023-02-03,12.11,13.85,12.11,13.69,12765.0
1223,2023-02-06,13.74,13.74,12.49,12.77,17435.0
1224,2023-02-07,12.76,13.58,12.76,13.23,12831.0
1225,2023-02-08,13.0,13.99,12.75,13.67,20836.0
1226,2023-02-09,14.01,14.85,13.6,14.4,24827.0
1227,2023-02-10,13.82,14.24,13.27,13.74,13340.0
1228,2023-02-13,13.8,15.0,12.84,13.27,16533.0
1229,2023-02-14,13.12,13.65,12.6,13.01,42410.0
1230,2023-02-15,12.67,12.67,9.8,10.47,36449.0
1231,2023-02-16,11.19,11.19,10.15,10.94,12931.0
1232,2023-02-17,11.23,11.7,11.03,11.45,10994.0
1233,2023-02-21,11.02,11.51,9.76,10.31,33180.0
1234,2023-02-22,10.21,10.21,10.03,10.14,2635.0
1235,2023-02-23,10.1,11.06,10.0,10.69,17684.0
1236,2023-02-24,9.64,10.86,9.64,9.82,16689.0
1237,2023-02-27,9.75,10.32,9.21,9.37,22928.0
1238,2023-02-28,9.42,9.9,9.39,9.88,7356.0
1239,2023-03-01,9.85,10.6,9.27,10.02,18729.0
1240,2023-03-02,9.72,10.9,9.67,10.62,15293.0
1241,2023-03-03,10.72,11.06,10.03,10.03,11569.0
1242,2023-03-06,10.26,10.67,10.19,10.56,10393.0
1243,2023-03-07,9.95,10.6,9.75,10.27,24073.0
1244,2023-03-08,10.09,10.2,9.3,9.45,23199.0
1245,2023-03-09,9.4,10.7,9.4,10.27,27879.0
1246,2023-03-10,9.87,10.09,9.4,9.7,33262.0
1247,2023-03-13,9.7,10.35,9.7,9.71,2667.0
1248,2023-03-14,9.09,10.39,9.09,9.66,22886.0
1249,2023-03-15,9.19,10.0,9.01,9.27,33607.0
1250,2023-03-16,9.16,10.0,9.05,9.37,34200.0
1251,2023-03-17,9.14,9.24,8.89,8.97,4890.0
1252,2023-03-20,8.89,9.36,8.5,9.23,24352.0
1253,2023-03-21,8.8,9.33,8.79,9.1,14370.0
1254,2023-03-22,9.03,9.58,8.86,9.25,2421.0
1255,2023-03-23,9.46,9.69,9.07,9.07,17025.0
1256,2023-03-24,9.52,9.65,8.87,8.93,11891.0
1257,2023-03-27,8.74,9.23,8.66,8.96,17779.0
1258,2023-03-28,9.0,9.83,8.99,9.58,26450.0
1259,2023-03-29,9.72,9.85,9.26,9.26,17254.0
1260,2023-03-30,9.26,9.3,8.96,9.12,1294.0
1261,2023-03-31,8.96,8.96,8.08,8.5,14309.0
1262,2023-04-03,8.1,8.99,7.64,8.91,16373.0
1263,2023-04-04,8.33,8.89,7.7,8.5,35978.0
1264,2023-04-05,8.63,8.95,8.11,8.12,16006.0
1265,2023-04-06,7.94,8.56,7.94,8.33,10371.0
1266,2023-04-10,8.53,8.76,8.36,8.75,4924.0
1267,2023-04-11,8.54,8.68,8.11,8.3,3466.0
1268,2023-04-12,8.48,9.06,8.1,9.0,19728.0
1269,2023-04-13,8.76,8.9,8.62,8.9,1145.0
1270,2023-04-14,8.75,9.49,8.6,8.64,18070.0
1271,2023-04-17,8.85,8.96,8.52,8.76,12283.0
1272,2023-04-18,8.6,9.29,8.2,8.41,21199.0
1273,2023-04-19,8.41,8.41,8.41,8.41,311.0
1274,2023-04-20,8.7,8.7,8.24,8.24,1349.0
1275,2023-04-21,8.37,8.48,8.37,8.48,740.0
1276,2023-04-24,8.24,8.44,8.2,8.2,3520.0
1277,2023-04-25,7.97,8.21,7.88,7.95,12956.0
1278,2023-04-26,8.0,8.47,7.62,7.85,22767.0
1279,2023-04-27,7.7,7.95,7.7,7.95,4574.0
1280,2023-04-28,7.65,8.3,7.3,7.3,21481.0
1281,2023-05-01,7.66,7.74,6.62,6.8,24808.0
1282,2023-05-02,7.49,7.49,6.8,7.0,19759.0
1283,2023-05-03,7.47,8.02,6.1,6.2,27928.0
1284,2023-05-04,6.25,6.4,6.1,6.38,6339.0
1285,2023-05-05,6.61,6.61,6.38,6.38,1415.0
1286,2023-05-08,6.56,6.56,6.26,6.33,1072.0
1287,2023-05-09,6.2,6.44,6.12,6.29,8607.0
1288,2023-05-10,6.11,6.24,6.0,6.12,5703.0
1289,2023-05-11,6.1,6.1,5.94,5.94,534.0
1290,2023-05-12,5.93,5.93,5.76,5.8,2482.0
1291,2023-05-15,5.79,5.79,5.03,5.3,4682.0
1292,2023-05-16,5.3,5.72,5.04,5.04,2895.0
1293,2023-05-17,5.08,5.25,4.83,5.14,4034.0
1294,2023-05-18,4.86,5.12,4.8,4.89,4500.0
1295,2023-05-19,4.97,4.97,4.77,4.77,2307.0
1296,2023-05-22,4.61,4.72,4.4,4.6,4926.0
1297,2023-05-23,4.83,4.98,4.7,4.8,8467.0
1298,2023-05-24,4.8,4.8,4.35,4.55,11582.0
1299,2023-05-25,4.55,4.57,4.55,4.56,1633.0
1300,2023-05-26,4.64,4.71,4.03,4.11,21744.0
1301,2023-05-30,3.5,4.51,2.97,3.76,62441.0
1302,2023-05-31,3.84,3.87,3.18,3.18,9396.0
1303,2023-06-01,3.28,3.71,3.28,3.4,17639.0
1304,2023-06-02,3.32,3.56,3.2,3.26,13477.0
1305,2023-06-05,3.42,3.56,3.11,3.12,19363.0
1306,2023-06-06,3.13,3.28,3.12,3.24,14856.0
1307,2023-06-07,3.1,3.46,3.1,3.36,12144.0
1308,2023-06-08,3.33,3.56,3.28,3.28,7950.0
1309,2023-06-09,3.43,3.44,3.18,3.26,11383.0
1310,2023-06-12,3.51,3.91,3.42,3.42,19669.0
1311,2023-06-13,3.48,3.49,3.37,3.45,10289.0
1312,2023-06-14,3.35,3.6,3.35,3.4,9982.0
1313,2023-06-15,3.49,3.6,3.41,3.41,34740.0
1314,2023-06-16,3.5,3.58,3.4,3.44,8029.0
1315,2023-06-20,3.6,3.7,3.5,3.53,11377.0
1316,2023-06-21,3.55,3.83,3.55,3.69,10413.0
1317,2023-06-22,3.65,4.5,3.65,4.08,33451.0
1318,2023-06-23,4.23,4.7,3.62,3.64,44900.0
1319,2023-06-26,3.93,4.08,3.55,3.65,34874.0
1320,2023-06-27,3.71,3.76,3.41,3.49,29383.0
1321,2023-06-28,3.66,3.66,3.5,3.56,4424.0
1322,2023-06-29,3.64,3.76,3.55,3.59,12311.0
1323,2023-06-30,3.5,3.89,3.5,3.69,5729.0
1324,2023-07-03,3.62,3.87,3.62,3.62,6211.0
1325,2023-07-05,3.61,3.79,3.61,3.79,2329.0
1326,2023-07-06,3.8,3.88,3.61,3.79,3875.0
1327,2023-07-07,3.61,3.71,3.61,3.71,1961.0
1328,2023-07-10,3.8,3.91,3.65,3.77,8588.0
1329,2023-07-11,3.77,3.89,3.77,3.81,1094.0
1330,2023-07-12,3.74,4.03,3.74,3.77,11616.0
1331,2023-07-13,4.29,4.29,3.99,4.2,20893.0
1332,2023-07-14,4.2,4.21,3.9,4.08,9842.0
1333,2023-07-17,4.18,4.47,4.18,4.47,11727.0
1334,2023-07-18,4.23,4.9,4.23,4.9,8369.0
1335,2023-07-19,5.0,5.0,4.3,4.3,27745.0
1336,2023-07-20,4.37,4.72,4.37,4.67,17944.0
1337,2023-07-21,4.74,4.99,4.71,4.85,7570.0
1338,2023-07-24,4.51,4.97,4.51,4.96,16452.0
1339,2023-07-25,5.0,5.04,4.76,4.99,7512.0
1340,2023-07-26,4.81,5.03,4.81,4.99,6227.0
1341,2023-07-27,4.86,4.93,4.86,4.9,2905.0
1342,2023-07-28,4.78,5.01,4.78,4.94,7115.0
1343,2023-07-31,4.79,4.81,4.77,4.77,1042.0
1344,2023-08-01,4.99,5.04,4.89,4.99,7997.0
1345,2023-08-02,4.9,5.35,4.83,5.19,6451.0
1346,2023-08-03,5.24,5.67,5.11,5.43,6803.0
1347,2023-08-04,5.4,5.46,5.04,5.46,2305.0
1348,2023-08-07,5.45,5.55,5.05,5.47,7359.0
1349,2023-08-08,5.6,5.8,5.59,5.79,12807.0
1350,2023-08-09,6.17,6.6,5.96,6.51,12477.0
1351,2023-08-10,6.19,6.88,5.58,6.75,16967.0
1352,2023-08-11,7.0,7.77,6.82,7.35,20010.0
1353,2023-08-14,7.72,7.72,6.93,7.14,11636.0
1354,2023-08-15,7.23,7.23,6.09,6.13,8824.0
1355,2023-08-16,6.14,6.78,6.14,6.35,4378.0
1356,2023-08-17,6.24,6.56,6.23,6.38,6892.0
1357,2023-08-18,6.5,6.9,6.26,6.51,3613.0
1358,2023-08-21,6.51,6.87,6.4,6.86,7065.0
1359,2023-08-22,7.35,7.35,6.62,7.18,15122.0
1360,2023-08-23,7.41,7.5,7.33,7.49,5919.0
1361,2023-08-24,7.52,7.54,7.09,7.54,5065.0
1362,2023-08-25,7.25,7.27,7.25,7.27,2430.0
1363,2023-08-28,7.32,8.64,7.32,8.4,17698.0
1364,2023-08-29,8.7,9.48,8.55,9.29,18544.0
1365,2023-08-30,9.29,9.93,9.04,9.93,19535.0
1366,2023-08-31,10.0,10.51,9.55,9.71,36268.0
1367,2023-09-01,9.34,10.02,8.97,9.83,26168.0
1368,2023-09-05,10.0,10.0,9.22,9.3,7247.0
1369,2023-09-06,9.45,9.72,8.85,9.5,25667.0
1370,2023-09-07,9.79,9.79,6.62,6.71,29627.0
1371,2023-09-08,6.74,8.43,6.74,7.61,29992.0
1372,2023-09-11,7.85,7.85,7.17,7.59,2322.0
1373,2023-09-12,7.69,7.94,7.0,7.01,3589.0
1374,2023-09-13,6.72,6.72,5.18,5.63,12674.0
1375,2023-09-14,5.7,5.95,4.56,5.03,20429.0
1376,2023-09-15,4.86,5.11,4.86,5.01,9914.0
1377,2023-09-18,4.78,4.98,4.78,4.9,5103.0
1378,2023-09-19,4.87,5.1,4.76,4.82,13256.0
1379,2023-09-20,4.89,5.43,4.82,4.98,18984.0
1380,2023-09-21,4.8,4.98,4.51,4.71,15959.0
1381,2023-09-22,4.7,4.98,4.65,4.85,5111.0
1382,2023-09-25,4.76,4.85,4.76,4.85,2857.0
1383,2023-09-26,4.99,5.12,4.99,5.12,1958.0
1384,2023-09-27,5.01,5.87,5.01,5.48,12849.0
1385,2023-09-28,5.12,5.46,5.01,5.41,5957.0
1386,2023-09-29,5.02,5.46,5.02,5.46,2517.0
1387,2023-10-02,5.43,5.43,5.21,5.22,2272.0
1388,2023-10-03,5.0,5.24,5.0,5.24,1171.0
1389,2023-10-04,5.04,5.41,5.0,5.1,3799.0
1390,2023-10-05,4.86,5.2,4.71,4.86,8590.0
1391,2023-10-06,4.76,5.17,4.76,4.97,2459.0
1392,2023-10-09,4.97,4.97,4.72,4.72,1534.0
1393,2023-10-10,4.98,4.98,4.87,4.87,1369.0
1394,2023-10-11,4.86,5.0,4.85,5.0,1217.0
1395,2023-10-12,4.81,5.07,4.81,5.05,1206.0
1396,2023-10-13,4.77,5.14,4.77,5.08,1853.0
1397,2023-10-16,5.23,5.39,5.23,5.39,4388.0
1398,2023-10-17,5.38,5.6,5.38,5.49,2042.0
1399,2023-10-18,5.19,6.0,5.16,6.0,4410.0
1400,2023-10-19,5.91,6.1,5.9,5.92,3419.0
1401,2023-10-20,5.5711,5.5711,5.51,5.55,1054.0
1402,2023-10-23,5.05,5.225,5.0,5.225,2091.0
1403,2023-10-24,5.41,5.63,5.39,5.63,2659.0
1404,2023-10-25,5.51,6.19,5.51,5.8,4808.0
1405,2023-10-26,6.09,6.17,5.69,6.115,4395.0
1406,2023-10-27,5.68,5.9,5.616,5.665,1973.0
1407,2023-10-30,5.4616,5.76,5.2,5.65,2436.0
1408,2023-10-31,5.695,5.7,5.695,5.7,596.0
1409,2023-11-01,5.54,5.62,5.23,5.25,2403.0
1410,2023-11-02,5.37,5.67,5.37,5.6,1864.0
1411,2023-11-03,5.975,5.975,5.975,5.975,587.0
1412,2023-11-06,5.45,5.8,5.03,5.79,2693.0
1413,2023-11-07,6.0,6.5,6.0,6.4999,3950.0
1414,2023-11-08,6.4087,6.61,6.4087,6.59,3621.0
1415,2023-11-09,6.8108,6.99,6.5569,6.5569,4665.0
1416,2023-11-10,6.25,6.25,6.0001,6.08,1331.0
1417,2023-11-14,6.055,6.055,5.98,5.98,1701.0
1418,2023-11-15,5.98,6.2084,5.85,6.2,5956.0
1419,2023-11-16,6.4799,6.4799,6.16,6.16,904.0
1420,2023-11-17,6.03,6.06,6.03,6.03,1921.0
1421,2023-11-20,6.2,6.2,6.1761,6.1999,2897.0
1422,2023-11-21,6.41,6.41,6.04,6.15,720.0
1423,2023-11-22,6.5,6.5,6.15,6.26,1260.0
1424,2023-11-24,6.46,6.46,6.46,6.46,154.0
1425,2023-11-28,6.3866,7.49,6.3,6.7,18996.0
1426,2023-11-29,6.7,8.78,6.7,8.78,22000.0
1427,2023-11-30,8.8,9.8,8.71,9.41,17871.0
1428,2023-12-01,8.92,8.92,8.1,8.7394,17547.0
1429,2023-12-04,8.54,9.09,8.25,8.77,4319.0
1430,2023-12-05,8.7699,8.7699,8.1911,8.5,6439.0
1431,2023-12-06,8.49,8.49,7.7,7.7,3439.0
1432,2023-12-07,8.02,8.02,7.99,8.0,4338.0
1433,2023-12-08,7.835,7.93,7.5879,7.9297,4940.0
1434,2023-12-11,8.37,8.37,8.14,8.14,5951.0
1435,2023-12-12,8.42,8.42,7.7776,8.11,2339.0
1436,2023-12-13,7.82,8.11,7.82,8.1,4782.0
1437,2023-12-14,8.43,8.43,8.1,8.1,3501.0
1438,2023-12-15,8.11,8.11,7.89,8.1,3368.0
1439,2023-12-18,7.7551,8.0,7.6001,8.0,2420.0
1440,2023-12-19,7.856,7.95,7.856,7.9,7162.0
1441,2023-12-20,8.0,8.0,7.65,7.67,6245.0
1442,2023-12-21,7.7156,7.9899,7.7156,7.8302,3646.0
1443,2023-12-22,7.79,7.79,7.79,7.79,1434.0
1444,2023-12-26,7.52,7.8,7.52,7.7999,2176.0
1445,2023-12-27,7.98,9.14,7.98,9.015,8683.0
1446,2023-12-28,9.12,10.8441,9.12,9.96,28439.0
1447,2023-12-29,10.18,10.49,9.86,10.17,8146.0
1448,2024-01-02,9.94,10.2778,9.94,10.17,5096.0
1449,2024-01-03,9.89,9.92,9.3501,9.475,8471.0
1450,2024-01-04,9.25,9.4,9.2,9.4,9480.0
1451,2024-01-05,9.01,9.46,9.01,9.32,1529.0
1452,2024-01-08,8.99,8.99,8.81,8.8355,4051.0
1453,2024-01-09,9.01,9.01,8.9188,8.9188,2287.0
1454,2024-01-10,8.54,8.94,8.53,8.9,1337.0
1455,2024-01-11,8.71,8.7366,8.6,8.73,2537.0
1456,2024-01-12,8.55,8.6485,8.02,8.6485,10897.0
1457,2024-01-16,8.395,8.643,8.0,8.643,5189.0
1458,2024-01-17,8.245,8.245,8.245,8.245,210.0
1459,2024-01-18,8.59,8.88,8.26,8.47,2580.0
1460,2024-01-22,8.39,8.4,8.36,8.36,946.0
