,date,open,high,low,close,volume,amount,outstanding_share,turnover
0,2020-09-28,174.32,199.49,169.42,185.27,17938997.0,6066478346.0,26006394.0,0.6897917873581397
1,2020-09-29,190.72,192.84,181.58,186.52,6085674.0,2109143885.0,26006394.0,0.23400683693402477
2,2020-09-30,181.4,188.21,178.03,179.9,3331983.0,1118288823.0,26006394.0,0.12812168422888617
3,2020-10-09,180.31,197.14,180.31,195.02,3924558.0,1360215543.0,26006394.0,0.15090742684279873
4,2020-10-12,194.47,207.02,193.39,206.41,3246109.0,1198765813.0,26006394.0,0.12481965012142783
5,2020-10-13,205.92,241.21,201.67,218.56,3240182.0,1300834658.0,26006394.0,0.12459174463018595
6,2020-10-14,214.21,253.31,214.09,247.32,2542849.0,1087429859.0,26006394.0,0.09777783878841488
7,2020-10-15,241.87,245.68,228.86,235.36,2103149.0,911507346.0,26006394.0,0.08087045824192313
8,2020-10-16,232.94,243.91,221.23,233.43,1785449.0,754695259.0,26006394.0,0.06865423172470586
9,2020-10-19,235.33,245.58,229.34,235.88,1545132.0,675045093.0,26006394.0,0.059413542684925866
10,2020-10-20,235.88,235.88,225.64,233.7,1293961.0,549736124.0,26006394.0,0.04975549474486928
11,2020-10-21,235.28,247.86,233.16,242.25,1490670.0,661580828.0,26006394.0,0.057319365383759084
12,2020-10-22,238.39,247.05,232.55,240.24,908348.0,399387118.0,26006394.0,0.03492787196871661
13,2020-10-23,240.24,240.66,222.29,226.07,1465139.0,620480510.0,26006394.0,0.05633764527292788
14,2020-10-26,223.41,258.69,223.35,247.86,1976005.0,878091695.0,26006394.0,0.07598150670177496
15,2020-10-27,245.69,267.48,242.97,266.97,1520382.0,709474815.0,26006394.0,0.05846185365029846
16,2020-10-28,263.12,269.88,255.87,256.8,1646427.0,792167140.0,26006394.0,0.06330854635210095
17,2020-10-29,253.86,272.54,253.86,269.19,1586244.0,773288551.0,26006394.0,0.06099438468862696
18,2020-10-30,268.56,275.65,261.59,262.57,1109920.0,546495607.0,26006394.0,0.04267873508337988
19,2020-11-02,263.14,277.83,256.65,277.77,1336278.0,658014454.0,26006394.0,0.051382671507630005
20,2020-11-03,281.09,314.59,276.29,298.02,1646051.0,886124256.0,26006394.0,0.06329408836919105
21,2020-11-04,298.48,305.5,287.09,300.16,1553116.0,847148912.0,26006394.0,0.0597205441092679
22,2020-11-05,300.16,305.06,292.53,298.74,1167098.0,641196648.0,26006394.0,0.04487734823982133
23,2020-11-06,297.01,297.98,279.02,291.44,1632925.0,862987695.0,26006394.0,0.06278936633813977
24,2020-11-09,289.33,312.69,284.5,300.6,1578729.0,865871690.0,26006394.0,0.06070541729084009
25,2020-11-10,296.89,302.33,284.91,298.53,1173820.0,632756918.0,26006394.0,0.04513582313641791
26,2020-11-11,294.17,317.05,286.9,288.22,1690078.0,934533780.0,26006394.0,0.06498701819252604
27,2020-11-12,290.37,305.06,283.82,302.63,1447105.0,780689269.0,26006394.0,0.05564420042240381
28,2020-11-13,302.72,309.42,296.0,308.82,1029265.0,573269224.0,26006394.0,0.03957738239296075
29,2020-11-16,316.78,361.72,309.92,353.55,2995627.0,1864068611.0,26006394.0,0.11518809566601199
30,2020-11-17,346.47,348.64,332.51,340.96,1502795.0,939753522.0,26006394.0,0.057785596880521
31,2020-11-18,338.29,345.92,294.17,310.79,2982440.0,1718013352.0,26006394.0,0.11468102805794606
32,2020-11-19,305.61,312.08,293.62,306.7,1650572.0,922279646.0,26006394.0,0.06346793023284966
33,2020-11-20,304.25,320.78,303.74,315.97,1173716.0,675264106.0,26006394.0,0.045131824119868366
34,2020-11-23,313.78,322.5,298.24,305.06,1624538.0,918416239.0,26006394.0,0.06246686872466825
35,2020-11-24,299.62,302.17,288.18,290.83,1804289.0,966797470.0,26006394.0,0.0693786689534889
36,2020-11-25,290.83,297.44,284.36,290.79,1130140.0,606485864.0,26006394.0,0.043456236185608815
37,2020-11-26,288.78,301.29,288.78,293.63,888150.0,480881604.0,26006394.0,0.034151216812296235
38,2020-11-27,294.71,298.76,277.81,281.09,1342620.0,704754974.0,26006394.0,0.05162653461298787
39,2020-11-30,278.38,280.6,265.84,276.52,1768827.0,888985118.0,26006394.0,0.06801508121425831
40,2020-12-01,275.13,291.99,275.13,289.76,1449463.0,761226702.0,26006394.0,0.05573487043224831
41,2020-12-02,289.86,294.11,284.91,287.09,796632.0,421826123.0,26006394.0,0.03063215915286064
42,2020-12-03,286.0,314.14,286.0,309.9,1567512.0,871786911.0,26006394.0,0.060274100284722285
43,2020-12-04,308.87,319.23,306.28,311.63,937823.0,537788078.0,26006394.0,0.03606124709177289
44,2020-12-07,309.42,330.56,302.99,324.57,1389589.0,823439991.0,26006394.0,0.05343259046217634
45,2020-12-08,324.68,336.54,320.38,324.57,1030920.0,621161326.0,26006394.0,0.03964102058901361
46,2020-12-09,324.67,325.22,309.76,309.76,1125604.0,653098747.0,26006394.0,0.0432818175407171
47,2020-12-10,308.39,317.05,306.7,316.49,1182162.0,677727152.0,26006394.0,0.04545659040619011
48,2020-12-11,314.8,332.19,312.31,326.85,1410640.0,839830653.0,26006394.0,0.054242045244719435
49,2020-12-14,328.31,345.86,323.04,344.01,1404838.0,870813217.0,26006394.0,0.05401894626375345
50,2020-12-15,340.8,342.65,325.11,330.12,1463699.0,892963486.0,26006394.0,0.05628227427454956
51,2020-12-16,330.66,335.77,325.76,333.39,862771.0,524898904.0,26006394.0,0.033175341417960524
52,2020-12-17,333.88,339.38,326.85,329.17,869734.0,527966777.0,26006394.0,0.03344308326636903
53,2020-12-18,329.16,355.68,327.39,342.66,1360969.0,857157183.0,26006394.0,0.05233209186940719
54,2020-12-21,344.58,362.81,338.95,353.66,1292238.0,833727152.0,26006394.0,0.04968924180722633
55,2020-12-22,349.73,355.18,340.47,345.38,1048741.0,666381435.0,26006394.0,0.04032627514602755
56,2020-12-23,343.2,353.93,341.48,351.91,1016077.0,646888824.0,26006394.0,0.03907027633281261
57,2020-12-24,350.92,356.32,329.6,335.62,1418057.0,883686594.0,26006394.0,0.05452724433845
58,2020-12-25,332.3,337.1,325.76,331.77,1261627.0,762621315.0,26006394.0,0.04851218511878271
59,2020-12-28,326.85,340.25,318.74,339.38,1135891.0,691657502.0,26006394.0,0.043677374110382236
60,2020-12-29,337.75,341.21,326.89,333.39,973058.0,596298428.0,26006394.0,0.03741610620834246
61,2020-12-30,330.15,348.64,329.58,345.78,967400.0,609902566.0,26006394.0,0.0371985443272143
62,2020-12-31,349.12,367.27,349.12,356.83,1475082.0,975012300.0,26006394.0,0.05671997432631375
63,2021-01-04,360.02,391.13,355.73,384.74,1469803.0,1023402283.0,26006394.0,0.05651698578434211
64,2021-01-05,380.78,406.53,380.28,392.77,1857309.0,1338302628.0,26006394.0,0.07141739835211294
65,2021-01-06,387.33,391.67,381.33,386.78,925075.0,655556516.0,26006394.0,0.03557105994779591
66,2021-01-07,390.59,402.03,386.83,397.13,973623.0,703796267.0,26006394.0,0.037437831634789503
67,2021-01-08,394.4,403.12,384.09,395.98,852391.0,613286258.0,26006394.0,0.03277620880465012
68,2021-01-11,395.98,414.19,381.88,391.19,1132911.0,824511213.0,26006394.0,0.043562786905404875
69,2021-01-12,385.13,422.19,382.43,420.66,1216834.0,901386062.0,26006394.0,0.046789801000477034
70,2021-01-13,417.56,425.81,406.39,414.56,838052.0,638106205.0,26006394.0,0.032224844397881536
71,2021-01-14,414.01,417.83,391.66,400.4,941082.0,695933619.0,26006394.0,0.03618656242768605
72,2021-01-15,396.3,399.67,381.87,391.67,954248.0,681573742.0,26006394.0,0.036692822542025626
73,2021-01-18,385.14,399.2,383.15,390.59,811920.0,583241476.0,26006394.0,0.031220014585643822
74,2021-01-19,385.75,396.18,377.0,378.65,847490.0,601475496.0,26006394.0,0.03258775514975279
75,2021-01-20,378.65,411.29,378.61,406.39,1250461.0,917358374.0,26006394.0,0.04808282916885748
76,2021-01-21,405.86,423.27,404.75,418.23,864383.0,657115055.0,26006394.0,0.03323732617447848
77,2021-01-22,419.47,454.22,418.92,446.7,1481094.0,1198360676.0,26006394.0,0.05695114824454325
78,2021-01-25,447.79,456.98,436.35,449.97,1007529.0,828470499.0,26006394.0,0.038741587934105745
79,2021-01-26,445.07,446.7,433.68,435.8,808364.0,650877501.0,26006394.0,0.031083278981315132
80,2021-01-27,433.46,439.62,411.84,429.83,928770.0,722389480.0,26006394.0,0.0357131403915514
81,2021-01-28,420.01,430.14,410.83,411.83,779339.0,600521446.0,26006394.0,0.029967207295252082
82,2021-01-29,419.47,441.25,419.46,431.72,1284108.0,1018070626.0,26006394.0,0.04937662637888206
83,2021-02-01,435.04,466.63,424.04,465.8,1208676.0,1004224592.0,26006394.0,0.04647610891383096
84,2021-02-02,460.32,473.07,454.87,467.77,810595.0,690818795.0,26006394.0,0.031169065576719324
85,2021-02-03,463.05,507.71,463.04,488.16,1457472.0,1313732724.0,26006394.0,0.05604283315864552
86,2021-02-04,491.1,511.95,478.77,506.08,1303640.0,1185390717.0,26006394.0,0.05012767244855246
87,2021-02-05,501.18,504.65,481.54,492.46,977834.0,884436352.0,26006394.0,0.03759975335296389
88,2021-02-08,495.08,532.16,490.28,494.09,1450743.0,1355386538.0,26006394.0,0.05578408909747349
89,2021-02-09,519.59,592.91,519.59,592.91,2772695.0,2889234317.0,26006394.0,0.10661589607540362
90,2021-02-10,582.89,674.41,573.66,661.88,2616759.0,2999835091.0,26006394.0,0.10061983218434667
91,2021-02-18,676.6,725.08,637.02,671.16,2432116.0,3029899401.0,26006394.0,0.09351992436936855
92,2021-02-19,668.96,668.96,572.6,618.78,3006312.0,3372328533.0,26006394.0,0.11559895616439557
93,2021-02-22,605.29,634.34,564.3,572.79,2672393.0,2920754624.0,26006394.0,0.10275907532586025
94,2021-02-23,566.27,586.7,554.02,585.07,1844674.0,1933161463.0,26006394.0,0.07093155629342537
95,2021-02-24,580.71,580.71,475.7,504.44,5289129.0,5030706140.0,26006394.0,0.20337802311231615
96,2021-02-25,495.73,504.38,472.13,487.66,2882830.0,2565577804.0,26006394.0,0.11085081614929006
97,2021-02-26,473.94,479.93,447.79,455.87,3128385.0,2666546137.0,26006394.0,0.12029291719567119
98,2021-03-01,460.32,482.35,455.99,481.02,2650875.0,2281932647.0,26006394.0,0.10193166342092641
99,2021-03-02,479.92,488.78,450.52,460.01,2507980.0,2158373851.0,26006394.0,0.09643705313393314
100,2021-03-03,452.17,474.1,441.25,473.39,1981344.0,1681901392.0,26006394.0,0.07618680236867903
101,2021-03-04,463.05,463.14,417.94,421.64,3835275.0,3068949893.0,26006394.0,0.14747430958709615
102,2021-03-05,409.12,439.06,409.11,429.81,2680309.0,2098141410.0,26006394.0,0.10306346200861219
103,2021-03-08,429.81,433.48,377.52,377.52,3755903.0,2754710099.0,26006394.0,0.14442229091814882
104,2021-03-09,378.67,393.3,368.33,374.79,3330600.0,2333722663.0,26006394.0,0.12806850499919367
105,2021-03-10,391.68,399.69,380.97,389.75,3044982.0,2179711901.0,26006394.0,0.11708589818334676
106,2021-03-11,386.79,450.51,386.79,441.84,4680850.0,3666907931.0,26006394.0,0.17998842899942222
107,2021-03-12,438.53,449.66,412.92,433.08,3174648.0,2512776377.0,26006394.0,0.1220718258748214
108,2021-03-15,427.55,427.55,386.83,409.05,3162785.0,2333677554.0,26006394.0,0.12161566882359777
109,2021-03-16,403.91,442.33,391.1,433.07,5272381.0,2237656065.0,46811509.0,0.11263001583649013
110,2021-03-17,422.63,436.01,407.38,429.53,3873411.0,1671771945.0,46811509.0,0.08274484379471723
111,2021-03-18,431.3,470.7,430.82,445.02,6056289.0,2773768370.0,46811509.0,0.12937606860740167
112,2021-03-19,425.64,448.24,425.64,435.27,3901178.0,1730128556.0,46811509.0,0.08333800988983286
113,2021-03-22,433.47,452.07,419.77,432.28,3502173.0,1542075812.0,46811509.0,0.07481435815282092
114,2021-03-23,430.51,430.51,375.34,390.81,5971951.0,2412715448.0,46811509.0,0.12757441765015523
115,2021-03-24,378.4,387.01,370.57,381.5,3461394.0,1330603068.0,46811509.0,0.07394322622669566
116,2021-03-25,374.61,376.22,353.67,364.7,3809227.0,1413447891.0,46811509.0,0.08137372798642317
117,2021-03-26,364.55,390.68,364.55,379.86,4709254.0,1803739793.0,46811509.0,0.1006003459533851
118,2021-03-29,370.43,396.03,368.58,381.66,5015034.0,1945820632.0,49378687.0,0.1015627248249837
119,2021-03-30,380.28,418.69,374.44,409.82,6198513.0,2533075412.0,49378687.0,0.12553013003363173
120,2021-03-31,402.93,415.72,400.55,405.87,3056169.0,1264200972.0,49378687.0,0.06189247194847445
121,2021-04-01,405.98,432.46,405.98,427.95,4608369.0,1972934553.0,49378687.0,0.09332708664367685
122,2021-04-02,424.37,468.93,424.31,461.05,5427528.0,2481645844.0,49378687.0,0.109916409887529
123,2021-04-06,467.96,492.58,467.45,472.79,6233562.0,3028164355.0,49378687.0,0.12623993019498472
124,2021-04-07,461.27,471.4,455.14,466.96,4037197.0,1897786300.0,49378687.0,0.08175990989796873
125,2021-04-08,463.07,527.53,458.66,517.2,6929257.0,3476986834.0,49378687.0,0.14032890343965607
126,2021-04-09,510.3,527.05,500.46,505.77,5010747.0,2604765538.0,49378687.0,0.10147590599158701
127,2021-04-12,504.4,535.04,484.58,502.43,5537036.0,2855745356.0,49378687.0,0.1121341278272547
128,2021-04-13,502.43,510.21,485.57,489.09,4495607.0,2268401664.0,49378687.0,0.09104346982737714
129,2021-04-14,484.79,515.23,482.87,512.21,4561200.0,2334937852.0,49378687.0,0.09237183645648576
130,2021-04-15,507.35,514.25,493.94,503.57,3152657.0,1611667193.0,49378687.0,0.06384651337529489
131,2021-04-16,502.41,514.55,487.7,499.14,3643821.0,1857071153.0,49378687.0,0.073793395924035
132,2021-04-19,490.61,523.98,478.92,519.97,4395881.0,2250822637.0,49378687.0,0.08902385355041943
133,2021-04-20,514.55,567.46,514.55,547.73,5412532.0,2981578607.0,49378687.0,0.10961271610968513
134,2021-04-21,545.28,606.26,542.08,600.46,6776040.0,3980594977.0,49378687.0,0.13722600602968646
135,2021-04-22,595.81,610.78,586.21,600.75,4205049.0,2552381696.0,49378687.0,0.08515919023930305
136,2021-04-23,598.97,598.97,566.46,569.19,6078666.0,3555821518.0,49378687.0,0.12310303026080868
137,2021-04-26,572.38,598.18,563.51,573.36,4902225.0,2894527080.0,49378687.0,0.09927815618102603
138,2021-04-27,579.27,591.09,541.74,578.3,5243046.0,3015352851.0,49378687.0,0.10618034456849774
139,2021-04-28,569.42,587.08,561.54,580.85,3740479.0,2190166492.0,49378687.0,0.07575088013174591
140,2021-04-29,582.2,609.79,577.79,589.22,4194633.0,2534399726.0,49378687.0,0.08494824902897884
141,2021-04-30,585.18,628.44,581.24,609.02,5024693.0,3097471556.0,49378687.0,0.10175833553451917
142,2021-05-06,610.79,612.76,539.86,556.12,6466418.0,3772964292.0,49378687.0,0.1309556489422248
143,2021-05-07,552.7,558.58,514.13,514.27,5411290.0,2928806232.0,49378687.0,0.10958756355753242
144,2021-05-10,512.29,536.79,502.43,516.02,5667515.0,2979549239.0,49378687.0,0.11477654316729807
145,2021-05-11,510.31,539.92,495.83,535.42,4897714.0,2587933070.0,49378687.0,0.09918680097751485
146,2021-05-12,527.4,568.92,523.31,568.43,4480854.0,2495503165.0,49378687.0,0.09074469720104142
147,2021-05-13,558.58,591.09,552.18,570.99,4168639.0,2421350947.0,49378687.0,0.08442182757917399
148,2021-05-14,571.39,580.75,558.25,567.45,3066174.0,1775930626.0,49378687.0,0.062095089729704636
149,2021-05-17,561.54,625.73,558.58,618.38,5719041.0,3509999181.0,49378687.0,0.11582002980354662
150,2021-05-18,623.6,633.45,605.87,622.11,3364798.0,2114509086.0,49378687.0,0.0681427191452053
151,2021-05-19,617.87,638.38,613.27,619.66,3022655.0,1915293051.0,49378687.0,0.06121375807339713
152,2021-05-20,615.97,628.12,607.85,618.55,2803806.0,1754082427.0,49378687.0,0.05678170421987932
153,2021-05-21,620.79,624.09,586.17,597.0,3696015.0,2249365286.0,49378687.0,0.07485041066401786
154,2021-05-24,597.97,610.29,597.01,608.82,2321256.0,1425902442.0,49378687.0,0.04700926940402445
155,2021-05-25,609.32,669.29,609.32,655.91,4906172.0,3208380414.0,49378687.0,0.09935808945264178
156,2021-05-26,655.76,662.91,640.35,647.25,2786133.0,1838485890.0,49378687.0,0.05642379676883672
157,2021-05-27,642.32,667.83,637.04,655.72,2888788.0,1920894429.0,49378687.0,0.058502730135371966
158,2021-05-28,656.16,675.81,631.98,646.26,3431197.0,2279503708.0,49378687.0,0.0694874086060652
159,2021-05-31,641.33,669.76,641.0,666.62,2810156.0,1880079016.0,49378687.0,0.05691030221196444
160,2021-06-01,664.98,678.73,648.79,669.87,2932326.0,1978644016.0,49378687.0,0.05938444657307312
161,2021-06-02,673.84,673.84,609.93,610.84,5486922.0,3507191389.0,49378687.0,0.11111923652404933
162,2021-06-03,600.95,633.89,600.95,625.57,3687512.0,2322493211.0,49378687.0,0.07467821086453758
163,2021-06-04,616.21,645.21,615.73,637.99,2508838.0,1612448446.0,49378687.0,0.050808114845176014
164,2021-06-07,625.57,634.85,602.91,629.72,3126890.0,1966098971.0,49378687.0,0.06332468905056143
165,2021-06-08,626.58,653.16,616.31,633.43,3532541.0,2291662792.0,49378687.0,0.07153979205643925
166,2021-06-09,631.19,635.36,611.99,627.54,2641045.0,1669638299.0,49378687.0,0.05348552504038838
167,2021-06-10,627.54,642.32,613.26,634.86,2988013.0,1906311788.0,49378687.0,0.06051220033452894
168,2021-06-11,633.67,647.83,591.36,644.29,5264891.0,3339108118.0,49378687.0,0.10662274191292288
169,2021-06-15,639.8,655.13,635.42,641.21,2319280.0,1517002199.0,49378687.0,0.046969252139085836
170,2021-06-16,641.21,643.3,602.8,604.88,2897500.0,1817572181.0,49378687.0,0.0586791625301823
171,2021-06-17,600.95,626.38,600.95,620.28,2173735.0,1364599717.0,49378687.0,0.044021725405537816
172,2021-06-18,620.32,651.18,613.75,649.22,3208764.0,2058078583.0,49378687.0,0.06498277283071541
173,2021-06-21,648.4,694.53,639.44,680.74,3591599.0,2457771646.0,49378687.0,0.07273581413778783
174,2021-06-22,679.76,693.44,672.86,683.7,2406323.0,1670752043.0,49378687.0,0.048732016709962335
175,2021-06-23,684.69,703.08,679.76,690.59,2546911.0,1792423734.0,49378687.0,0.05157915600307477
176,2021-06-24,691.59,695.98,664.98,679.91,2565052.0,1761396618.0,49378687.0,0.0519465412273923
177,2021-06-25,689.61,755.49,689.45,741.35,4377568.0,3240429150.0,49378687.0,0.08865298504190684
178,2021-06-28,769.41,783.2,744.29,762.51,3380858.0,2615039379.0,49378687.0,0.06846796068109304
179,2021-06-29,773.98,792.04,754.63,776.89,2968557.0,2340316064.0,49378687.0,0.06011818418744103
180,2021-06-30,778.29,788.12,762.51,777.17,2189714.0,1726515619.0,49378687.0,0.044345326557589514
181,2021-07-01,778.27,831.9,772.38,807.82,3316887.0,2716347535.0,49378687.0,0.06717244223200994
182,2021-07-02,797.97,801.84,763.49,777.29,3131017.0,2487516974.0,49378687.0,0.06340826761959062
183,2021-07-05,776.3,826.23,769.51,802.11,2893030.0,2360873730.0,49378687.0,0.05858863764441529
184,2021-07-06,810.95,813.74,719.16,750.68,5319932.0,4093124647.0,49378687.0,0.10773741310699493
185,2021-07-07,741.82,779.5,733.94,771.87,3236922.0,2502192511.0,49378687.0,0.06555301885609069
186,2021-07-08,775.32,784.74,740.83,748.72,2638230.0,2020730063.0,49378687.0,0.05342851663917269
187,2021-07-09,738.86,743.17,706.95,726.25,3645083.0,2668679775.0,49378687.0,0.07381895350923365
188,2021-07-12,738.86,766.45,719.17,757.58,2826344.0,2149879328.0,49378687.0,0.05723813595934619
189,2021-07-13,753.79,773.84,741.35,750.59,2026319.0,1553477161.0,49378687.0,0.04103630783054236
190,2021-07-14,744.19,792.73,733.94,784.17,3545857.0,2785061095.0,49378687.0,0.07180946305842438
191,2021-07-15,777.29,793.05,768.64,790.66,2164514.0,1722053476.0,49378687.0,0.04383498491970837
192,2021-07-16,783.2,786.15,753.64,761.71,2263432.0,1756796328.0,49378687.0,0.04583823786161021
193,2021-07-19,763.23,787.13,750.86,765.72,1718669.0,1340983230.0,49378687.0,0.03480588700141014
194,2021-07-20,757.58,771.35,754.51,758.59,1234952.0,953434184.0,49378687.0,0.02500981850732483
195,2021-07-21,763.35,791.08,756.6,787.14,2289223.0,1810223294.0,49378687.0,0.0463605482259988
196,2021-07-22,797.98,800.93,752.66,754.24,2967239.0,2327723584.0,49378687.0,0.060091492509713754
197,2021-07-23,745.27,748.62,691.58,717.19,3585224.0,2615740297.0,49378687.0,0.07260670985439528
198,2021-07-26,704.37,704.37,581.24,609.22,7071633.0,4551876281.0,49378687.0,0.1432122526870753
199,2021-07-27,609.21,627.53,592.3,609.32,4404298.0,2735808782.0,49378687.0,0.08919431170780219
200,2021-07-28,609.81,662.71,608.82,659.62,4262230.0,2768609582.0,49378687.0,0.0863171999692904
201,2021-07-29,688.62,688.62,655.13,672.17,2784674.0,1898534935.0,49378687.0,0.05639424960813559
202,2021-07-30,658.08,668.43,621.46,639.18,3153719.0,2040123054.0,49378687.0,0.06386802063003418
203,2021-08-02,619.66,645.27,571.71,632.76,4309868.0,2659075006.0,49378687.0,0.0872819481814087
204,2021-08-03,624.71,656.11,606.85,641.2,3478182.0,2253769731.0,49378687.0,0.07043893248923366
205,2021-08-04,630.51,653.16,620.67,643.98,2216951.0,1437883469.0,49378687.0,0.04489692081119937
206,2021-08-05,629.39,644.34,613.75,626.62,2378595.0,1519211566.0,49378687.0,0.04817047889507471
207,2021-08-06,620.66,640.47,613.71,616.71,1883533.0,1195445606.0,49378687.0,0.038144655405681405
208,2021-08-09,592.08,630.4,586.85,618.28,2291494.0,1430651995.0,49378687.0,0.04640653972836499
209,2021-08-10,618.12,664.46,602.1,649.12,3694518.0,2375891818.0,49378687.0,0.07482009394052945
210,2021-08-11,642.32,673.35,610.79,613.75,3832580.0,2475218885.0,49378687.0,0.07761607755993997
211,2021-08-12,601.93,620.31,601.47,607.84,1940536.0,1202240159.0,49378687.0,0.03929906034155991
212,2021-08-13,607.85,623.6,603.84,607.74,1918103.0,1192236233.0,49378687.0,0.03884475502558422
213,2021-08-16,608.82,632.97,602.91,625.77,2364789.0,1498247665.0,49378687.0,0.04789088458346412
214,2021-08-17,618.68,628.82,601.73,603.93,2008545.0,1249594084.0,49378687.0,0.04067635496261778
215,2021-08-18,602.89,611.72,571.78,576.81,3313999.0,1964922008.0,49378687.0,0.06711395546017658
216,2021-08-19,576.31,604.75,572.37,588.13,2283499.0,1368295962.0,49378687.0,0.046244627768251514
217,2021-08-20,581.34,581.44,520.16,531.97,5583332.0,3067676233.0,49378687.0,0.11307169832199061
218,2021-08-23,541.84,555.22,524.13,553.64,3056766.0,1685713321.0,49378687.0,0.06190456218489568
219,2021-08-24,581.24,584.7,535.92,579.32,3850336.0,2215561582.0,49378687.0,0.07797566589812321
220,2021-08-25,583.29,599.76,573.53,582.96,2613225.0,1552948301.0,49378687.0,0.05292212407348944
221,2021-08-26,582.83,582.95,566.74,574.74,1885425.0,1101893001.0,49378687.0,0.03818297153182708
222,2021-08-27,571.48,603.4,569.42,587.64,2326898.0,1398226542.0,49378687.0,0.0471235292262834
223,2021-08-30,561.53,571.29,530.01,560.6,3440148.0,1932538840.0,49378687.0,0.06966868114577449
224,2021-08-31,555.63,578.29,544.8,578.29,3137891.0,1801578194.0,49378687.0,0.0635474774774793
225,2021-09-01,586.17,586.17,537.3,563.47,2791184.0,1580157878.0,49378687.0,0.056526087864588216
226,2021-09-02,551.69,564.49,528.04,529.34,2667943.0,1466336765.0,49378687.0,0.0540302539838696
227,2021-09-03,526.81,526.85,501.81,507.85,2990307.0,1559657362.0,49378687.0,0.06055865762489796
228,2021-09-06,506.04,556.38,500.46,555.1,3757321.0,2051900126.0,49378687.0,0.0760919584597298
229,2021-09-07,555.12,567.38,541.83,565.17,2112499.0,1196892253.0,49378687.0,0.042781595225486656
230,2021-09-08,565.16,577.17,544.84,545.17,2069825.0,1166397386.0,49378687.0,0.041917376215370006
231,2021-09-09,545.77,552.18,530.65,538.86,1563692.0,855456942.0,49378687.0,0.03166734668339804
232,2021-09-10,539.81,545.77,530.02,534.94,1502356.0,817539281.0,49378687.0,0.03042519133811719
233,2021-09-13,530.16,552.85,525.09,528.78,1577013.0,858902303.0,49378687.0,0.031937118943644656
234,2021-09-14,526.22,538.88,523.51,525.33,1498623.0,808150944.0,49378687.0,0.030349591920092976
235,2021-09-15,525.1,536.91,509.21,521.08,1579928.0,840933864.0,49378687.0,0.03199615251009003
236,2021-09-16,513.27,536.91,505.9,530.72,2540532.0,1357027847.0,49378687.0,0.05144997071307303
237,2021-09-17,530.01,562.82,510.05,549.37,3572219.0,1951435137.0,49378687.0,0.07234333711627448
238,2021-09-22,536.84,572.26,533.07,556.12,2575117.0,1447756978.0,49378687.0,0.0521503741077603
239,2021-09-23,551.69,571.45,544.8,560.45,2395863.0,1363208047.0,49378687.0,0.04852018442693707
240,2021-09-24,558.98,596.02,547.97,577.53,4004381.0,2341953880.0,49378687.0,0.08109533167619463
241,2021-09-27,561.54,601.58,551.69,563.09,3943562.0,2320088055.0,49378687.0,0.07986364643515126
242,2021-09-28,556.64,574.2,542.13,543.52,2707615.0,1526358414.0,49378687.0,0.05483367753379104
243,2021-09-29,553.67,591.09,548.81,581.02,3330315.0,1941076925.0,88135228.0,0.03778642292727716
244,2021-09-30,580.23,590.11,568.43,584.01,2204312.0,1296272322.0,88135228.0,0.02501056671686377
245,2021-10-08,596.02,600.94,581.24,590.11,2015988.0,1209871251.0,88135228.0,0.022873804785527984
246,2021-10-11,571.34,589.22,566.47,570.42,2311736.0,1349814161.0,88135228.0,0.02622942099837763
247,2021-10-12,569.43,617.2,561.6,605.18,4159702.0,2529035756.0,88135228.0,0.04719681442249177
248,2021-10-13,601.93,650.19,593.32,641.82,3927881.0,2489887616.0,88135228.0,0.044566526792215254
249,2021-10-14,642.46,642.48,615.97,630.69,2441595.0,1561875316.0,88135228.0,0.027702827296254343
250,2021-10-15,634.46,658.27,618.57,649.41,4031207.0,2615787642.0,88135228.0,0.045738884342592274
251,2021-10-18,644.29,646.26,600.94,614.74,3386162.0,2122464997.0,88135228.0,0.03842007420687673
252,2021-10-19,614.74,634.87,610.79,621.99,1962927.0,1243783529.0,88135228.0,0.02227176402153291
253,2021-10-20,629.94,640.34,605.32,622.68,2198587.0,1386580181.0,88135228.0,0.024945609716922727
254,2021-10-21,617.69,630.25,611.78,621.98,1659006.0,1046173406.0,88135228.0,0.018823415309029437
255,2021-10-22,625.0,625.92,604.89,611.78,1697287.0,1056479653.0,88135228.0,0.019257759224268416
256,2021-10-25,609.81,622.48,601.04,619.22,1469131.0,921183601.0,88135228.0,0.016669055420155038
257,2021-10-26,613.74,627.54,607.72,615.62,1351169.0,847465145.0,88135228.0,0.015330634873946205
258,2021-10-27,610.8,623.24,607.91,615.64,1426512.0,890953544.0,88135228.0,0.016185491685572085
259,2021-10-28,611.89,618.68,592.09,595.33,2169281.0,1326699830.0,88135228.0,0.024613097954429754
260,2021-10-29,600.94,623.8,599.07,616.41,2277186.0,1414056211.0,88135228.0,0.025837409758558746
261,2021-11-01,612.76,612.76,567.45,578.95,3615372.0,2145417806.0,88135228.0,0.04102073690669978
262,2021-11-02,571.39,588.63,569.42,571.88,2100010.0,1231645233.0,88135228.0,0.023827135274444404
263,2021-11-03,582.23,583.86,564.49,573.22,1483774.0,864491619.0,88135228.0,0.01683519783939289
264,2021-11-04,571.97,577.3,563.11,564.08,1619916.0,936621445.0,88135228.0,0.01837989231729224
265,2021-11-05,563.51,568.71,547.4,555.63,1769090.0,999264392.0,88135228.0,0.020072450484839046
266,2021-11-08,561.44,572.37,553.49,565.38,1362443.0,781599776.0,88135228.0,0.015458551942476395
267,2021-11-09,563.8,570.3,555.13,560.65,1282473.0,730047337.0,88135228.0,0.014551196259457114
268,2021-11-10,562.52,568.93,551.69,558.58,993286.0,562849700.0,88135228.0,0.011270022470470037
269,2021-11-11,554.14,561.52,551.78,560.82,1016407.0,575595582.0,88135228.0,0.011532357980624955
270,2021-11-12,562.4,564.98,556.61,556.71,934325.0,531097069.0,88135228.0,0.010601039121382883
271,2021-11-15,557.6,571.39,547.76,571.39,1735202.0,992220778.0,88135228.0,0.019687950429991514
272,2021-11-16,572.39,582.11,567.51,578.92,2605830.0,1524754573.0,88135228.0,0.029566270594999767
273,2021-11-17,578.28,578.92,555.55,556.71,2237629.0,1273425027.0,88135228.0,0.0253885880910185
274,2021-11-18,552.33,555.11,541.83,552.67,1697982.0,943008632.0,88135228.0,0.019265644833868247
275,2021-11-19,551.68,561.42,549.72,557.51,990929.0,560400924.0,88135228.0,0.011243279475035794
276,2021-11-22,558.58,572.34,556.61,566.39,1477591.0,850863814.0,88135228.0,0.016765044279456565
277,2021-11-23,566.31,572.37,560.61,564.49,1160212.0,666056882.0,88135228.0,0.013163998395737968
278,2021-11-24,561.71,571.39,553.16,571.37,1745121.0,999797645.0,88135228.0,0.019800493396352252
279,2021-11-25,568.58,575.13,565.35,566.09,1240980.0,716334843.0,88135228.0,0.014080408347045973
280,2021-11-26,566.46,569.19,552.96,557.1,1545106.0,875362126.0,88135228.0,0.017531083030726376
281,2021-11-29,550.59,565.15,548.74,553.67,1369749.0,772289581.0,88135228.0,0.015541447285981946
282,2021-11-30,556.62,557.1,546.76,556.41,1463499.0,817810008.0,88135228.0,0.016605153616894255
283,2021-12-01,549.72,549.72,525.16,531.18,2408247.0,1309601688.0,88135228.0,0.027324454189872862
284,2021-12-02,530.01,534.82,525.87,525.87,1220273.0,655485668.0,88135228.0,0.013845462565774494
285,2021-12-03,523.38,550.4,523.3,547.63,2077364.0,1144905929.0,88135228.0,0.02357018920969944
286,2021-12-06,547.74,551.46,536.03,541.54,1332829.0,735506838.0,88135228.0,0.015122545550117598
287,2021-12-07,548.59,553.66,541.02,548.01,1596162.0,888542007.0,88135228.0,0.018110374661991002
288,2021-12-08,547.93,556.59,538.83,555.72,1909669.0,1066626425.0,88135228.0,0.021667488055967812
289,2021-12-09,557.6,602.91,551.84,585.08,4869559.0,2894172620.0,88135228.0,0.05525099452854425
290,2021-12-10,580.06,602.11,579.27,598.48,4860949.0,2949351523.0,88135228.0,0.055153303739113264
291,2021-12-13,600.93,609.81,593.63,600.93,2545097.0,1553029586.0,88135228.0,0.02887718177798326
292,2021-12-14,604.95,604.95,594.06,595.11,1410430.0,855998605.0,88135228.0,0.016003022083292278
293,2021-12-15,596.02,604.85,575.53,580.14,2067356.0,1233954538.0,88135228.0,0.02345663643146189
294,2021-12-16,582.23,597.49,579.78,590.11,1891040.0,1131103817.0,88135228.0,0.021456119680089782
295,2021-12-17,585.67,593.04,559.52,561.37,2344688.0,1359372575.0,88135228.0,0.026603301009217335
296,2021-12-20,556.13,569.42,542.92,543.96,1715554.0,964954016.0,88135228.0,0.01946502027543402
297,2021-12-21,551.65,556.41,542.28,549.97,1358916.0,756705906.0,88135228.0,0.015418533892032366
298,2021-12-22,551.8,555.61,545.77,546.76,1033355.0,576864364.0,88135228.0,0.011724653392852174
299,2021-12-23,550.7,552.41,531.98,541.83,1519411.0,833636613.0,88135228.0,0.017239542399549928
300,2021-12-24,546.42,552.47,539.96,540.73,1303230.0,721548265.0,88135228.0,0.014786709350771749
301,2021-12-27,543.11,548.41,529.03,536.31,1178203.0,641837366.0,88135228.0,0.013368127895465364
302,2021-12-28,536.32,540.53,529.03,539.58,1412380.0,764579490.0,88135228.0,0.016025147174975257
303,2021-12-29,538.69,542.62,526.08,527.55,1548242.0,836595595.0,88135228.0,0.017566664716632947
304,2021-12-30,526.02,541.74,525.14,534.96,1277739.0,694508556.0,88135228.0,0.014497483344571366
305,2021-12-31,533.9,539.67,526.52,528.15,1175872.0,633132585.0,88135228.0,0.01334167990125356
306,2022-01-04,528.04,530.92,512.3,518.19,1449321.0,769165219.0,88135228.0,0.016444287181057726
307,2022-01-05,518.19,525.09,508.45,517.2,1340635.0,703099221.0,88135228.0,0.015211113994054682
308,2022-01-06,514.35,521.05,474.66,478.78,3926365.0,1948192806.0,88135228.0,0.044549325951706846
309,2022-01-07,478.8,480.74,455.14,458.39,3378497.0,1586363409.0,88135228.0,0.03833310557726134
310,2022-01-10,458.09,475.83,453.39,474.84,2518257.0,1189379806.0,88135228.0,0.028572649746818606
311,2022-01-11,471.87,487.6,466.95,470.41,1633715.0,790280366.0,88135228.0,0.01853645854300167
312,2022-01-12,472.87,482.72,467.95,481.23,1277476.0,621156165.0,88135228.0,0.01449449929374438
313,2022-01-13,477.8,481.22,468.52,468.72,1005394.0,483236355.0,88135228.0,0.011407402270520024
314,2022-01-14,461.05,474.53,460.17,466.39,1403121.0,664961778.0,88135228.0,0.01592009270118414
315,2022-01-17,465.01,467.92,455.14,465.29,1269682.0,595626991.0,88135228.0,0.014406067004217656
316,2022-01-18,465.29,476.62,458.11,469.25,1392695.0,662624525.0,88135228.0,0.01580179721098583
317,2022-01-19,465.12,471.89,456.47,460.66,1229254.0,580258807.0,88135228.0,0.013947362795725678
318,2022-01-20,463.04,467.85,449.23,450.21,1507706.0,696733097.0,88135228.0,0.017106735118447756
319,2022-01-21,450.23,455.83,434.61,452.18,1555307.0,711228828.0,88135228.0,0.017646825625730497
320,2022-01-24,452.24,467.07,448.29,466.26,1854153.0,868562102.0,88135228.0,0.021037592368853917
321,2022-01-25,462.01,468.44,456.13,457.11,1382387.0,649845055.0,88135228.0,0.015684840572489357
322,2022-01-26,457.11,472.75,457.11,461.95,1108751.0,521896631.0,88135228.0,0.012580111553123798
323,2022-01-27,459.95,466.84,454.76,458.28,1039806.0,486216797.0,88135228.0,0.011797847734619804
324,2022-01-28,458.11,461.05,435.63,435.93,1439643.0,652775115.0,88135228.0,0.016334478649104988
325,2022-02-07,444.96,464.99,444.96,448.54,1471908.0,676085780.0,88135228.0,0.016700563819951768
326,2022-02-08,449.18,452.68,430.51,449.13,1728332.0,773942701.0,88135228.0,0.01961000203006226
327,2022-02-09,449.23,451.85,438.59,451.52,1081722.0,489651679.0,88135228.0,0.012273435089996024
328,2022-02-10,453.76,455.13,435.83,436.37,1160428.0,520700709.0,88135228.0,0.01316644917512439
329,2022-02-11,436.42,438.37,410.61,414.73,2319277.0,993272935.0,88135228.0,0.026314982699086
330,2022-02-14,406.87,414.58,398.99,406.49,1873774.0,773130391.0,88135228.0,0.021260216175988108
331,2022-02-15,406.87,442.14,402.93,439.78,3365135.0,1456933996.0,88135228.0,0.038181497641329075
332,2022-02-16,439.78,449.33,435.44,442.33,1902207.0,854629229.0,88135228.0,0.021582822705127624
333,2022-02-17,442.33,446.23,435.94,443.42,1233883.0,553154463.0,88135228.0,0.013999884359520804
334,2022-02-18,440.69,447.26,437.53,440.36,1006381.0,451269538.0,88135228.0,0.011418600970771868
335,2022-02-21,439.08,462.02,438.39,444.54,1799568.0,821631653.0,88135228.0,0.02041825999474353
336,2022-02-22,442.93,443.33,422.2,440.86,1373293.0,605282530.0,88135228.0,0.015581658221840647
337,2022-02-23,440.83,461.03,437.62,459.44,1736124.0,798627981.0,88135228.0,0.01969841162718726
338,2022-02-24,454.74,459.57,441.35,446.27,1862952.0,850187858.0,88135228.0,0.02113742759024802
339,2022-02-25,455.14,480.26,450.26,470.9,2933365.0,1404182675.0,88135228.0,0.03328254849468364
340,2022-02-28,468.93,479.08,464.73,477.79,1838379.0,884608927.0,88135228.0,0.020858617396439936
341,2022-03-01,478.19,483.17,473.86,478.78,1400702.0,680565502.0,88135228.0,0.015892646241296386
342,2022-03-02,473.96,481.63,465.98,480.13,1253932.0,605799390.0,88135228.0,0.014227364340624387
343,2022-03-03,488.62,488.64,466.96,468.93,1251665.0,603928899.0,88135228.0,0.014201642503267818
344,2022-03-04,461.07,478.75,461.06,468.81,1292151.0,617430671.0,88135228.0,0.014661004791409854
345,2022-03-07,464.79,467.24,452.18,462.53,1286874.0,600914963.0,88135228.0,0.014601130889455463
346,2022-03-08,451.69,477.49,451.2,466.65,2204636.0,1048292796.0,88135228.0,0.025014242885943404
347,2022-03-09,472.87,482.35,455.14,476.81,2378491.0,1139704082.0,88135228.0,0.026986836636991512
348,2022-03-10,487.65,490.6,463.13,465.98,2499518.0,1202873491.0,88135228.0,0.028360033288845635
349,2022-03-11,455.14,462.87,429.03,443.1,2867141.0,1290812796.0,88135228.0,0.03253115768872805
350,2022-03-14,435.66,436.41,419.18,421.66,2241878.0,965998031.0,88135228.0,0.025436798098485657
351,2022-03-15,417.61,426.86,401.94,402.73,2506060.0,1044267772.0,88135228.0,0.028434260134891805
352,2022-03-16,403.92,423.27,385.28,416.95,2539385.0,1036772629.0,88135228.0,0.028812372278653436
353,2022-03-17,426.57,444.11,420.49,435.34,2515822.0,1108223464.0,88135228.0,0.02854502174771704
354,2022-03-18,432.48,436.15,426.51,431.4,1123453.0,490721830.0,88135228.0,0.012746923398212574
355,2022-03-21,432.97,438.95,426.57,434.67,1138204.0,501590276.0,88135228.0,0.01291429120714364
356,2022-03-22,434.63,434.63,420.66,422.64,1027500.0,444162856.0,88135228.0,0.011658221386798931
357,2022-03-23,426.57,455.14,422.76,449.26,1913306.0,861739470.0,88135228.0,0.02170875418850678
358,2022-03-24,451.2,461.54,442.84,457.86,1795150.0,826696267.0,88135228.0,0.020368132479330513
359,2022-03-25,451.69,457.86,442.84,443.13,1181341.0,538407052.0,88135228.0,0.01340373227377366
360,2022-03-28,435.47,446.53,429.54,431.74,1185652.0,525555946.0,88135228.0,0.013452645745694332
361,2022-03-29,428.54,442.23,428.54,432.21,853475.0,378615865.0,88135228.0,0.009683698781604105
362,2022-03-30,434.46,471.77,434.46,471.77,2321071.0,1079115506.0,88135228.0,0.02633533778343434
363,2022-03-31,466.96,474.35,463.99,467.95,1430868.0,681149463.0,88576453.0,0.016154044913042523
364,2022-04-01,464.99,489.01,461.05,483.59,1943985.0,949251831.0,88576453.0,0.021946972746808905
365,2022-04-06,482.51,488.62,472.88,479.09,1445119.0,705358549.0,88576453.0,0.016314934173306758
366,2022-04-07,477.57,486.06,469.62,471.89,838973.0,405130461.0,88576453.0,0.009471738499169751
367,2022-04-08,469.18,474.84,461.54,463.32,1314653.0,622905906.0,88576453.0,0.014842014502432154
368,2022-04-11,461.44,466.96,456.14,458.09,1096980.0,511342016.0,88576453.0,0.012384555520641586
369,2022-04-12,459.08,492.58,459.08,492.56,2037767.0,991583013.0,88576453.0,0.02300574171783555
370,2022-04-13,488.74,497.31,483.22,485.73,1855514.0,923902157.0,88576453.0,0.02094816327766026
371,2022-04-14,498.5,507.35,489.54,491.8,2307197.0,1164167355.0,88576453.0,0.02604752077846242
372,2022-04-15,491.8,498.49,476.19,486.67,1407989.0,691554673.0,88576453.0,0.01589574827522163
373,2022-04-18,482.81,491.71,479.84,485.84,956166.0,470700202.0,88576453.0,0.010794810218919017
374,2022-04-19,486.76,487.76,465.84,468.0,1289271.0,615013421.0,88576453.0,0.014555459790199546
375,2022-04-20,468.96,487.26,461.04,474.89,1378953.0,661494405.0,88576453.0,0.015567941064427134
376,2022-04-21,471.92,500.06,471.04,484.19,2167326.0,1072175786.0,88576453.0,0.024468421647003635
377,2022-04-22,479.85,491.32,474.89,486.57,1443089.0,707567765.0,88576453.0,0.016292016118550152
378,2022-04-25,471.82,483.35,458.08,460.05,1535341.0,731063887.0,88576453.0,0.017333511875893246
379,2022-04-26,460.04,497.65,459.91,481.73,2425419.0,1186369810.0,88576453.0,0.027382209581140037
380,2022-04-27,482.81,504.07,479.85,499.92,2637829.0,1313672884.0,88576453.0,0.029780250965795615
381,2022-04-28,493.57,510.51,488.32,495.77,1953186.0,984407580.0,88576453.0,0.02205084911223528
382,2022-04-29,498.64,513.13,489.75,511.99,2122384.0,1081399145.0,88576453.0,0.023961040751993082
383,2022-05-05,511.75,511.75,484.93,494.67,2317079.0,1157442658.0,88576453.0,0.026159085417430297
384,2022-05-06,484.78,490.35,466.38,467.27,1968242.0,950062487.0,88576453.0,0.022220826566627137
385,2022-05-09,463.31,468.95,436.8,443.38,2076551.0,948586259.0,88576453.0,0.023443600750190346
386,2022-05-10,438.49,463.53,433.46,458.7,1918557.0,879596688.0,88576453.0,0.02165989870919758
387,2022-05-11,456.09,476.77,450.16,464.08,2077994.0,980309766.0,88576453.0,0.023459891761527185
388,2022-05-12,460.34,477.56,458.07,468.07,1434975.0,680010715.0,88576453.0,0.016200411637616603
389,2022-05-13,467.97,471.81,461.05,464.01,1130544.0,530779876.0,88576453.0,0.012763482412193678
390,2022-05-16,468.95,484.69,465.49,476.08,1801554.0,869120286.0,88576453.0,0.020338972029056074
391,2022-05-17,476.38,484.79,469.95,481.81,1517530.0,732727534.0,88576453.0,0.01713243134718885
392,2022-05-18,481.82,483.8,465.99,469.61,1566342.0,748252540.0,88576453.0,0.017683503312104856
393,2022-05-19,464.01,476.28,461.04,471.53,1221750.0,578885920.0,88576453.0,0.01379316916201194
394,2022-05-20,471.92,501.49,471.92,498.63,2569898.0,1277796698.0,88576453.0,0.029013331567928104
395,2022-05-23,498.61,500.62,488.09,493.2,1201192.0,599031000.0,88576453.0,0.013561075876452177
396,2022-05-24,490.71,491.71,479.84,481.82,1405339.0,688210952.0,88576453.0,0.015865830617534438
397,2022-05-25,480.83,488.72,471.99,479.84,1183993.0,573758059.0,88576453.0,0.013366904633221202
398,2022-05-26,484.58,484.66,468.84,479.84,1289239.0,619731360.0,88576453.0,0.01455509852037087
399,2022-05-27,480.83,497.65,480.83,484.11,1444296.0,715759605.0,88576453.0,0.01630564276490051
400,2022-05-30,490.28,511.0,487.56,498.48,2184246.0,1108088804.0,88576453.0,0.024659443068915845
401,2022-05-31,498.48,538.2,492.82,535.14,3436591.0,1815778743.0,88576453.0,0.03879802005618807
402,2022-06-01,534.8,540.56,522.83,523.37,2020567.0,1085116049.0,88576453.0,0.02281155918492243
403,2022-06-02,524.36,527.82,514.07,521.48,1448644.0,761573192.0,88576453.0,0.016354730302871802
404,2022-06-06,524.35,533.73,508.56,524.91,1951810.0,1029437276.0,88576453.0,0.02203531450960223
405,2022-06-07,524.91,533.25,517.47,522.07,1611865.0,854923248.0,88576453.0,0.018197443512442298
406,2022-06-08,526.27,542.17,520.4,529.31,2277631.0,1219130732.0,88576453.0,0.02571373003613048
407,2022-06-09,529.31,532.77,519.84,523.47,1701668.0,905304051.0,88576453.0,0.019211290838209563
408,2022-06-10,521.39,527.35,512.28,522.88,1756345.0,924091732.0,88576453.0,0.019828576788912512
409,2022-06-13,513.48,519.9,509.33,511.72,1345104.0,697709737.0,88576453.0,0.0151857966134634
410,2022-06-14,505.56,527.65,505.37,527.23,1606566.0,842372530.0,88576453.0,0.01813761948675005
411,2022-06-15,527.5,530.76,507.13,517.44,2105842.0,1101776713.0,88576453.0,0.023774286829932104
412,2022-06-16,516.44,538.21,513.48,529.9,1504285.0,805657530.0,88576453.0,0.016982899507163602
413,2022-06-17,528.81,556.21,517.53,549.09,2389326.0,1302986105.0,88576453.0,0.026974731083440426
414,2022-06-20,553.14,569.75,546.13,562.95,2209253.0,1250534319.0,88576453.0,0.02494176415034366
415,2022-06-21,562.95,574.82,551.91,557.1,1691702.0,962016500.0,88576453.0,0.019098777865941413
416,2022-06-22,559.0,563.17,539.2,541.42,1716740.0,949352497.0,88576453.0,0.019381448927515758
417,2022-06-23,542.66,555.08,537.8,554.37,1200634.0,664421442.0,88576453.0,0.013554776233814646
418,2022-06-24,555.79,565.91,549.64,558.0,1282857.0,724179341.0,88576453.0,0.014483047768914386
419,2022-06-27,561.96,590.21,559.49,578.77,1616929.0,949176113.0,88576453.0,0.018254614462830207
420,2022-06-28,588.65,588.92,559.9,570.36,1623713.0,933199006.0,88576453.0,0.01833120366650943
421,2022-06-29,565.91,579.65,558.21,571.85,1945098.0,1119101631.0,88576453.0,0.02195953816303753
422,2022-06-30,576.91,594.11,576.91,593.62,2201942.0,1317423402.0,88576453.0,0.024859225284173437
423,2022-07-01,594.6,596.58,580.75,584.67,1062204.0,630758840.0,88576453.0,0.011991945534328407
424,2022-07-04,584.71,598.01,575.18,596.28,1878713.0,1127666628.0,88576453.0,0.021210072613767905
425,2022-07-05,598.56,603.19,584.71,598.18,1480623.0,889408904.0,88576453.0,0.01671576304822231
426,2022-07-06,595.59,601.53,566.79,569.92,1964606.0,1150019550.0,88576453.0,0.022179777282343875
427,2022-07-07,569.87,572.74,550.08,565.49,1946069.0,1100770665.0,88576453.0,0.0219705004444014
428,2022-07-08,565.49,583.72,560.63,574.82,1549157.0,898708219.0,88576453.0,0.017489490124423926
429,2022-07-11,573.78,573.78,538.8,555.03,2358175.0,1311992752.0,88576453.0,0.0266230461949069
430,2022-07-12,552.26,562.74,544.64,550.31,1283390.0,717657068.0,88576453.0,0.014489065169498263
431,2022-07-13,550.35,574.7,544.64,562.45,1312733.0,745761941.0,88576453.0,0.01482033831271162
432,2022-07-14,562.45,573.77,560.57,568.57,1068262.0,612618815.0,88576453.0,0.012060338428769551
433,2022-07-15,568.46,581.25,564.92,568.94,1063074.0,615859686.0,88576453.0,0.012001767557795523
434,2022-07-18,567.56,589.41,561.96,582.73,1313457.0,766590014.0,88576453.0,0.014828512042585404
435,2022-07-19,579.42,588.16,573.83,575.98,1061619.0,622461604.0,88576453.0,0.011985341070272932
436,2022-07-20,581.74,608.46,576.78,599.52,2203020.0,1332793311.0,88576453.0,0.024871395561526944
437,2022-07-21,596.73,602.52,589.66,594.68,900213.0,541951767.0,88576453.0,0.01016311863379763
438,2022-07-22,598.44,603.51,587.23,592.82,957147.0,573757444.0,88576453.0,0.010805885397104352
439,2022-07-25,592.91,599.55,581.57,590.86,1000150.0,597111793.0,88576453.0,0.011291375598433592
440,2022-07-26,590.66,600.54,586.45,596.25,1053840.0,631219056.0,88576453.0,0.01189751863285833
441,2022-07-27,603.26,623.3,596.58,611.8,2259105.0,1399170579.0,88576453.0,0.02550457738469162
442,2022-07-28,610.43,613.03,596.97,597.59,1311329.0,802850691.0,88576453.0,0.014804487598978478
443,2022-07-29,594.61,597.54,569.08,579.76,1602668.0,940034576.0,88576453.0,0.018093612305744508
444,2022-08-01,575.6,598.07,572.63,594.11,1264304.0,754503255.0,88576453.0,0.014273590296057577
445,2022-08-02,588.67,597.57,578.77,589.02,1317308.0,784164311.0,88576453.0,0.01487198860853008
446,2022-08-03,597.57,600.54,585.65,587.57,900695.0,538691338.0,88576453.0,0.010168560260592057
447,2022-08-04,591.55,593.5,567.89,576.8,1040492.0,606533961.0,88576453.0,0.01174682395557203
448,2022-08-05,576.81,587.51,570.94,579.7,859359.0,502262379.0,88576453.0,0.009701889959400384
449,2022-08-08,576.8,576.96,564.21,569.87,896145.0,516017470.0,88576453.0,0.010117192206827249
450,2022-08-09,568.71,576.81,564.92,574.82,814242.0,471415921.0,88576453.0,0.009192533370014263
451,2022-08-10,573.82,577.69,555.04,563.04,1097612.0,624441414.0,88576453.0,0.01239169059975793
452,2022-08-11,571.62,577.77,559.98,572.84,1189110.0,686443507.0,88576453.0,0.013424673936762855
453,2022-08-12,571.71,571.71,555.04,561.16,1146119.0,649428910.0,88576453.0,0.012939319211619367
454,2022-08-15,560.97,561.36,540.27,551.86,1675280.0,932395897.0,88576453.0,0.01891337870573797
455,2022-08-16,552.01,554.04,544.23,547.12,815257.0,452697059.0,88576453.0,0.009203992397392566
456,2022-08-17,546.12,567.69,544.17,565.52,1327441.0,751678353.0,88576453.0,0.014986386957716629
457,2022-08-18,563.93,564.04,535.84,541.3,1641946.0,905129798.0,88576453.0,0.018537048441079482
458,2022-08-19,538.32,546.03,536.23,538.71,627925.0,343121973.0,88576453.0,0.007089073661597174
459,2022-08-22,534.24,552.05,526.34,549.59,1273078.0,700108066.0,88576453.0,0.01437264596720756
460,2022-08-23,548.87,553.93,537.45,541.55,860552.0,472449333.0,88576453.0,0.009715358550200694
461,2022-08-24,537.44,550.58,537.1,542.17,848060.0,467366110.0,88576453.0,0.009574327840831467
462,2022-08-25,544.15,572.03,544.15,555.41,1783187.0,1007697139.0,88576453.0,0.020131614437078442
463,2022-08-26,554.02,565.89,547.12,549.79,1198522.0,671820905.0,88576453.0,0.013530932425122058
464,2022-08-29,545.28,552.08,527.36,538.16,1220210.0,661020018.0,88576453.0,0.013775783051506929
465,2022-08-30,540.19,550.95,528.48,546.12,914941.0,499539017.0,88576453.0,0.010329393072445563
466,2022-08-31,542.17,561.96,539.65,553.05,1070697.0,600663419.0,88576453.0,0.012087828804795333
467,2022-09-01,551.87,558.48,532.28,534.31,1060889.0,580524665.0,88576453.0,0.01197709960230627
468,2022-09-02,529.81,540.2,521.39,531.65,876272.0,470037580.0,88576453.0,0.00989283235353757
469,2022-09-05,529.31,539.2,525.88,529.9,905499.0,487049647.0,88576453.0,0.010222795893621977
470,2022-09-06,530.79,533.16,512.49,520.4,1261765.0,661763846.0,88576453.0,0.014244925793088599
471,2022-09-07,517.43,521.18,509.83,519.4,1216906.0,634472439.0,88576453.0,0.013738481941696174
472,2022-09-08,516.94,526.47,512.87,519.93,730205.0,383808923.0,88576453.0,0.008243782351501477
473,2022-09-09,522.38,540.19,519.42,537.52,1274043.0,688378231.0,88576453.0,0.014383540510478557
474,2022-09-13,544.15,557.01,533.26,552.93,1358644.0,754395077.0,88576453.0,0.015338658909721753
475,2022-09-14,546.65,556.02,543.19,552.01,665415.0,369584009.0,88576453.0,0.007512323845254901
476,2022-09-15,552.07,562.74,534.75,541.18,1055945.0,583100214.0,88576453.0,0.011921283413775893
477,2022-09-16,540.67,544.13,531.22,534.25,901899.0,489796421.0,88576453.0,0.010182153037895974
478,2022-09-19,534.27,542.71,465.0,472.03,3766651.0,1857764624.0,88576453.0,0.04252429254533369
479,2022-09-20,476.87,500.42,476.87,486.44,2256080.0,1119822493.0,88576453.0,0.02547042609619963
480,2022-09-21,486.74,493.4,466.98,468.84,1566955.0,752303875.0,88576453.0,0.01769042388726042
481,2022-09-22,465.0,468.02,452.63,458.05,1714327.0,794366055.0,88576453.0,0.019354206924497193
482,2022-09-23,455.1,462.03,446.37,451.16,1296080.0,592360772.0,88576453.0,0.014632331235932421
483,2022-09-26,449.77,492.55,448.06,478.1,2637719.0,1279597040.0,88576453.0,0.029779009100759545
484,2022-09-27,481.82,489.24,467.17,485.67,1553479.0,754708713.0,88576453.0,0.017538284130659422
485,2022-09-28,483.33,497.77,480.15,482.81,1138023.0,561172506.0,88576453.0,0.012847917944964447
486,2022-09-29,490.72,497.25,475.98,482.91,1220141.0,597044033.0,88576453.0,0.013775004063438847
487,2022-09-30,482.32,499.63,477.76,485.1,1302643.0,645983253.0,88576453.0,0.014706425419857352
488,2022-10-10,485.77,489.69,466.98,468.66,1169815.0,560465210.0,88576453.0,0.01320683951975363
489,2022-10-11,468.66,474.87,456.32,465.28,982282.0,461351685.0,88576453.0,0.01108965155784687
490,2022-10-12,463.26,467.99,448.96,467.99,1013161.0,468578186.0,88576453.0,0.011438265652836652
491,2022-10-13,465.0,483.68,460.1,469.95,1092296.0,523205823.0,88576453.0,0.0123316746494692
492,2022-10-14,476.85,486.75,451.15,478.73,2357532.0,1129464448.0,88576453.0,0.026615786929286952
493,2022-10-17,469.95,479.84,455.1,468.96,2048904.0,961981938.0,88576453.0,0.0231314749078968
494,2022-10-18,469.95,473.24,463.51,469.56,1327934.0,628340226.0,88576453.0,0.014991952771014663
495,2022-10-19,469.25,472.42,455.76,457.38,1644706.0,765167131.0,88576453.0,0.01856820796380275
496,2022-10-20,455.06,473.68,450.36,467.67,1861689.0,875628223.0,88576453.0,0.0210178770649125
497,2022-10-21,465.0,466.97,446.06,447.19,1853642.0,846380754.0,88576453.0,0.02092702899268274
498,2022-10-24,435.28,439.68,406.42,422.46,3272732.0,1396137253.0,88576453.0,0.03694810402940836
499,2022-10-25,415.53,429.38,414.34,427.5,1818194.0,778982836.0,88576453.0,0.020526832339967372
500,2022-10-26,443.95,468.14,443.73,461.04,2936609.0,1366808647.0,88576453.0,0.03315338219741086
501,2022-10-27,460.45,463.02,432.88,433.71,2416085.0,1086754595.0,88576453.0,0.02727683168798823
502,2022-10-28,433.81,444.99,425.92,426.02,1448343.0,636173009.0,88576453.0,0.016351332108545825
503,2022-10-31,425.63,431.36,411.06,416.52,1845052.0,781701806.0,88576453.0,0.02083005062304764
504,2022-11-01,417.51,451.15,416.52,450.16,2583065.0,1140221785.0,88576453.0,0.029161982812745957
505,2022-11-02,450.16,479.47,443.48,464.01,2858951.0,1333593541.0,88576453.0,0.03227664806130812
506,2022-11-03,458.07,473.28,451.5,468.76,1332334.0,624970562.0,88576453.0,0.015041627372457555
507,2022-11-04,469.95,507.34,466.34,491.21,2756376.0,1365812458.0,88576453.0,0.031118608915170716
508,2022-11-07,484.94,490.43,474.91,485.29,1426860.0,694327000.0,88576453.0,0.016108795867000907
509,2022-11-08,484.09,485.77,475.88,484.59,1198892.0,582859262.0,88576453.0,0.013535109607516119
510,2022-11-09,480.84,490.69,476.87,476.97,849196.0,414196090.0,88576453.0,0.00958715291974945
511,2022-11-10,477.94,482.3,469.97,478.83,906073.0,436268380.0,88576453.0,0.010229276171173845
512,2022-11-11,502.77,509.52,485.47,487.16,1543953.0,767329263.0,88576453.0,0.01743073861853556
513,2022-11-14,486.07,493.69,463.59,469.35,1754995.0,845414652.0,88576453.0,0.01981333571801526
514,2022-11-15,469.36,479.35,453.8,475.88,1657490.0,785233911.0,88576453.0,0.018712535260358643
515,2022-11-16,473.41,487.09,473.1,479.34,1186967.0,576902085.0,88576453.0,0.013400480147923739
516,2022-11-17,474.94,482.78,466.9,472.32,998831.0,476486419.0,88576453.0,0.011276484507682871
517,2022-11-18,474.4,497.07,466.93,487.26,1737091.0,848854864.0,88576453.0,0.019611205248871277
518,2022-11-21,482.71,482.71,447.68,453.92,2682077.0,1234514575.0,88576453.0,0.030279796821396764
519,2022-11-22,452.14,457.04,442.24,445.71,1287027.0,583159563.0,88576453.0,0.014530125743463672
520,2022-11-23,445.2,453.13,439.37,448.68,1058956.0,479959756.0,88576453.0,0.011955276646717836
521,2022-11-24,449.63,452.13,442.48,442.54,761002.0,342508851.0,88576453.0,0.008591470692555277
522,2022-11-25,442.54,444.21,433.43,439.45,872182.0,387085884.0,88576453.0,0.009846657553559974
523,2022-11-28,431.53,457.07,428.4,453.0,1481795.0,663947577.0,88576453.0,0.01672899455569755
524,2022-11-29,452.15,476.87,450.73,472.89,2272483.0,1074459751.0,88576453.0,0.0256556107524423
525,2022-11-30,472.88,476.75,461.59,474.5,1668805.0,790518589.0,88576453.0,0.018840278013841895
526,2022-12-01,489.73,517.43,488.74,491.96,2878603.0,1463421954.0,88576453.0,0.03249851289484351
527,2022-12-02,492.64,501.5,486.76,490.23,1059587.0,528292143.0,88576453.0,0.011962400436152033
528,2022-12-05,502.59,514.47,492.84,505.03,2321597.0,1191585524.0,88576453.0,0.026210092201366428
529,2022-12-06,500.62,537.46,500.62,524.36,2374862.0,1259716127.0,88576453.0,0.026811437120879068
530,2022-12-07,520.4,528.02,513.28,517.9,1705326.0,894912242.0,88576453.0,0.01925258849550004
531,2022-12-08,515.46,526.36,510.01,522.92,1628459.0,855854305.0,88576453.0,0.018384784497974874
532,2022-12-09,522.65,525.74,513.59,523.3,1540423.0,808795916.0,88576453.0,0.017390886040559786
533,2022-12-12,520.4,524.36,509.72,511.6,1254129.0,652481004.0,88576453.0,0.01415871778022089
534,2022-12-13,511.49,522.64,509.58,520.9,1157376.0,605423736.0,88576453.0,0.013066407163538147
535,2022-12-14,521.27,536.23,516.71,527.05,1416538.0,755342374.0,88576453.0,0.015992263767888742
536,2022-12-15,527.03,534.26,519.51,525.33,891143.0,473055643.0,88576453.0,0.010060721216732398
537,2022-12-16,520.9,524.07,515.27,519.98,808132.0,423830914.0,88576453.0,0.00912355341210152
538,2022-12-19,521.39,532.17,509.79,512.89,955170.0,497285776.0,88576453.0,0.01078356569550149
539,2022-12-20,513.26,513.77,498.65,500.52,837971.0,426020711.0,88576453.0,0.009460426237659348
540,2022-12-21,503.58,517.32,496.07,511.39,1045103.0,539020074.0,88576453.0,0.01179888067994775
541,2022-12-22,515.46,549.59,507.66,540.99,2638780.0,1432977516.0,88576453.0,0.02979098745351657
542,2022-12-23,542.4,548.1,533.35,539.99,1421664.0,777093602.0,88576453.0,0.016050134678569708
543,2022-12-26,538.21,544.15,529.25,533.26,1304675.0,706132411.0,88576453.0,0.014729366053978251
544,2022-12-27,536.38,570.74,535.2,567.27,2238898.0,1267274373.0,88576453.0,0.02527644677756514
545,2022-12-28,562.75,567.89,558.0,559.98,1375334.0,782155611.0,88576453.0,0.015527083704740355
546,2022-12-29,558.99,565.81,554.15,558.99,1262845.0,714452205.0,88576453.0,0.014257118649806399
547,2022-12-30,562.04,564.53,551.07,560.32,1286736.0,727227642.0,88576453.0,0.014526840445959154
548,2023-01-03,558.49,565.94,526.34,549.72,3841455.0,2118401517.0,87847174.0,0.04372883981447143
549,2023-01-04,548.63,548.7,534.25,541.14,1720687.0,942571376.0,87847174.0,0.019587277787672486
550,2023-01-05,542.76,575.79,542.76,565.71,2250548.0,1283040503.0,87847174.0,0.025618900387165557
551,2023-01-06,565.91,567.12,556.32,563.13,931122.0,528074267.0,87847174.0,0.010599339257060221
552,2023-01-09,562.94,587.66,557.35,580.73,2135949.0,1239621574.0,87847174.0,0.02431437350506005
553,2023-01-10,580.73,596.71,575.82,593.85,1882829.0,1121500695.0,87847174.0,0.021433005915477712
554,2023-01-11,593.85,602.02,586.69,592.33,1180782.0,708854830.0,87847174.0,0.013441320263757148
555,2023-01-12,589.66,593.6,579.77,583.18,1197986.0,708677364.0,87847174.0,0.013637160371260207
556,2023-01-13,589.0,609.44,580.86,603.51,1777572.0,1074869056.0,87847174.0,0.020234822807162812
557,2023-01-16,603.51,639.13,602.83,618.25,2543244.0,1599637754.0,87847174.0,0.028950777631162047
558,2023-01-17,616.48,626.26,608.46,622.6,1082677.0,677246215.0,87847174.0,0.01232455127127937
559,2023-01-18,619.19,625.27,610.43,617.9,1026056.0,639747577.0,87847174.0,0.011680011470830013
560,2023-01-19,616.55,624.28,609.57,624.28,950182.0,594773284.0,87847174.0,0.010816306965093721
561,2023-01-20,624.28,638.19,603.51,605.39,2370921.0,1470833150.0,87847174.0,0.026989155052386773
562,2023-01-30,613.42,619.18,602.21,602.37,1629589.0,1003229272.0,87847174.0,0.018550272317240393
563,2023-01-31,596.35,610.86,584.71,588.68,1709792.0,1025575249.0,87847174.0,0.01946325558520528
564,2023-02-01,591.64,598.04,576.02,597.57,1828821.0,1085506019.0,87847174.0,0.02081821095349066
565,2023-02-02,597.54,602.47,587.77,592.48,1102392.0,662641353.0,87847174.0,0.012548975109887997
566,2023-02-03,591.82,597.85,579.86,589.59,894910.0,532015805.0,87847174.0,0.01018712337860749
567,2023-02-06,589.11,590.53,573.59,581.74,1297499.0,762282651.0,87847174.0,0.014769957198623146
568,2023-02-07,582.85,591.62,572.84,575.16,1174595.0,688963687.0,87847174.0,0.013370891134187197
569,2023-02-08,575.2,588.11,573.7,577.94,913868.0,537435161.0,87847174.0,0.010402929979284251
570,2023-02-09,578.0,592.62,578.0,589.66,1309923.0,778420089.0,87847174.0,0.014911384628035956
571,2023-02-10,589.66,598.56,585.3,593.59,887993.0,531585335.0,87847174.0,0.010108384363053044
572,2023-02-13,590.47,622.31,590.47,621.22,2010477.0,1248191971.0,87847174.0,0.022886074855407414
573,2023-02-14,621.31,623.1,609.33,621.31,795796.0,496609719.0,87847174.0,0.009058868530022378
574,2023-02-15,618.96,622.89,609.67,610.84,717504.0,445645062.0,87847174.0,0.008167638949888131
575,2023-02-16,609.44,618.66,601.3,605.78,890856.0,549958652.0,87847174.0,0.010140975052879902
576,2023-02-17,607.44,618.35,601.04,601.41,754509.0,464561378.0,87847174.0,0.008588881868869224
577,2023-02-20,596.59,613.42,585.71,609.92,1117645.0,678064995.0,87847174.0,0.012722606193342088
578,2023-02-21,609.74,611.31,580.56,588.78,1505426.0,898797482.0,87847174.0,0.017136874545332557
579,2023-02-22,581.75,600.34,581.74,590.65,884143.0,528836704.0,87847174.0,0.010064558252038933
580,2023-02-23,590.63,598.56,579.35,584.71,1052516.0,622481757.0,87847174.0,0.011981216379254271
581,2023-02-24,585.71,588.66,578.97,579.76,644956.0,379657378.0,87847174.0,0.007341795650705849
582,2023-02-27,578.0,590.53,572.52,583.52,1058506.0,623855113.0,87847174.0,0.012049402977948955
583,2023-02-28,585.3,593.4,577.55,582.2,1035235.0,611591948.0,87847174.0,0.011784499749530929
584,2023-03-01,579.66,586.19,569.88,583.72,799019.0,468749392.0,87847174.0,0.00909555724581419
585,2023-03-02,582.73,583.7,574.82,575.36,734405.0,428946125.0,87847174.0,0.008360029885537353
586,2023-03-03,575.71,581.78,567.22,576.0,875908.0,508298837.0,87847174.0,0.009970815908090567
587,2023-03-06,576.8,580.74,568.88,572.84,856769.0,496835022.0,87847174.0,0.009752948911025868
588,2023-03-07,572.82,572.83,542.82,545.35,2790363.0,1562215777.0,87847174.0,0.03176383340458966
589,2023-03-08,546.92,568.42,544.17,558.95,1677903.0,949655609.0,87847174.0,0.019100250168548393
590,2023-03-09,577.78,578.62,515.67,543.44,3397492.0,1865521030.0,87847174.0,0.038675028977027764
591,2023-03-10,542.44,543.36,526.9,531.44,1721279.0,925382871.0,87847174.0,0.01959401676370375
592,2023-03-13,526.41,546.1,524.41,535.24,1208116.0,658207968.0,87847174.0,0.013752474268551883
593,2023-03-14,533.39,541.15,529.33,537.68,1190899.0,645329209.0,87847174.0,0.013556486176777866
594,2023-03-15,539.57,541.61,515.46,518.51,1934396.0,1023150124.0,87847174.0,0.022020013984741273
595,2023-03-16,523.81,545.14,522.14,537.3,2568504.0,1396694228.0,87847174.0,0.029238322453036453
596,2023-03-17,536.22,542.1,516.44,517.07,2377166.0,1258345935.0,87847174.0,0.0270602444194733
597,2023-03-20,510.51,514.4,491.73,498.78,3227373.0,1632481851.0,87847174.0,0.03673849542388239
598,2023-03-21,499.63,512.39,497.64,510.51,2167944.0,1108278529.0,87847174.0,0.024678585562695504
599,2023-03-22,510.51,521.39,505.25,516.85,1793584.0,934891102.0,87847174.0,0.020417093895359683
600,2023-03-23,512.49,517.84,506.85,509.23,941882.0,487476105.0,87847174.0,0.01072182469979057
601,2023-03-24,509.52,520.4,506.15,514.64,1095930.0,570223064.0,87847174.0,0.012475415543817038
602,2023-03-27,514.12,522.95,501.66,516.87,1469048.0,763911328.0,87847174.0,0.016722769021573762
603,2023-03-28,522.38,548.11,517.43,545.67,2319631.0,1262749506.0,87847174.0,0.026405300186435138
604,2023-03-29,544.15,558.99,538.71,546.95,1564938.0,867547400.0,87847174.0,0.017814323770961604
605,2023-03-30,549.08,563.93,549.04,557.35,1434449.0,806576303.0,87847174.0,0.016328914576125123
606,2023-03-31,554.03,566.88,548.6,552.8,886540.0,498041524.0,88390024.0,0.010029864908736759
607,2023-04-03,557.01,570.86,553.05,563.44,1639005.0,934923593.0,88390024.0,0.01854287311880354
608,2023-04-04,563.94,568.75,547.12,560.78,1366875.0,768283427.0,88390024.0,0.015464132015622035
609,2023-04-06,560.8,570.13,552.06,553.64,946831.0,535180813.0,88390024.0,0.01071196677127274
610,2023-04-07,550.57,562.75,546.43,553.81,781399.0,438890174.0,88390024.0,0.008840352843438532
611,2023-04-10,552.06,569.87,549.89,568.39,1177164.0,672200568.0,88390024.0,0.013317837768660409
612,2023-04-11,566.25,588.75,558.0,563.25,1340605.0,775092287.0,88390024.0,0.015166926530079911
613,2023-04-12,561.78,573.71,547.12,547.21,1063525.0,595650284.0,88390024.0,0.012032183631944708
614,2023-04-13,547.21,558.99,540.41,557.01,974203.0,544293612.0,88390024.0,0.011021639727125767
615,2023-04-14,557.01,560.65,547.14,551.25,786438.0,438913480.0,88390024.0,0.008897361539351998
616,2023-04-17,547.12,561.99,547.07,557.72,1047923.0,589050359.0,88390024.0,0.011855670499648242
617,2023-04-18,555.03,559.79,541.31,547.38,1106578.0,614682417.0,88390024.0,0.012519263486114677
618,2023-04-19,537.22,546.13,529.32,536.23,1373229.0,745152064.0,88390024.0,0.015536017956053503
619,2023-04-20,540.19,544.03,525.72,527.38,1023413.0,549992613.0,88390024.0,0.011578376763422986
620,2023-04-21,529.31,543.79,524.88,525.87,1264399.0,679055732.0,88390024.0,0.01430477041164736
621,2023-04-24,525.88,530.74,505.77,509.78,1516753.0,787035682.0,88390024.0,0.017159775858868416
622,2023-04-25,514.86,534.15,511.03,531.29,1506460.0,805513253.0,88390024.0,0.017043326065846527
623,2023-04-26,552.36,556.02,515.46,525.25,2399490.0,1285346564.0,88390024.0,0.027146615550189237
624,2023-04-27,520.39,550.07,519.41,543.16,1639470.0,896128535.0,88390024.0,0.01854813389348101
625,2023-04-28,541.44,544.15,531.43,538.18,1077160.0,584195047.0,88390024.0,0.01218644312168079
626,2023-05-04,538.19,542.15,522.97,525.64,1063556.0,567822827.0,88390024.0,0.01203253435025654
627,2023-05-05,525.65,528.32,501.6,516.64,1764679.0,913966590.0,88390024.0,0.01996468515496726
628,2023-05-08,517.91,518.3,502.59,507.92,1536475.0,788427541.0,88390024.0,0.017382900586156647
629,2023-05-09,507.42,507.42,495.85,499.63,1408991.0,712163191.0,88390024.0,0.015940611125979557
630,2023-05-10,496.35,508.52,487.8,508.48,1397656.0,708778731.0,88390024.0,0.015812372672282565
631,2023-05-11,507.48,512.24,498.82,502.07,1059275.0,541018100.0,88390024.0,0.011984101282742044
632,2023-05-12,503.91,506.21,496.88,501.51,684126.0,346885634.0,88390024.0,0.007739855348381849
633,2023-05-15,500.41,510.86,494.45,509.42,976186.0,492061571.0,88390024.0,0.011044074385589034
634,2023-05-16,505.76,511.14,499.5,508.79,811142.0,412522651.0,88390024.0,0.00917685009339968
635,2023-05-17,505.39,507.08,496.43,499.19,791631.0,398443869.0,88390024.0,0.00895611251333069
636,2023-05-18,497.31,500.9,483.8,486.98,1408173.0,693017048.0,88390024.0,0.015931356687944785
637,2023-05-19,482.52,497.43,479.73,492.45,1276411.0,626736582.0,88390024.0,0.014440668100734988
638,2023-05-22,492.39,513.34,488.68,503.01,1519748.0,769963497.0,88390024.0,0.017193659773188884
639,2023-05-23,501.41,505.43,492.96,493.02,822065.0,411098165.0,88390024.0,0.009300427387597496
640,2023-05-24,491.98,494.94,478.13,478.22,1187304.0,576024365.0,88390024.0,0.013432556597111005
641,2023-05-25,478.22,478.22,468.41,473.31,1441699.0,684074456.0,88390024.0,0.016310652885443273
642,2023-05-26,471.57,475.48,461.06,464.4,1332963.0,624151123.0,88390024.0,0.015080468809466552
643,2023-05-29,462.71,468.53,456.64,460.21,1151650.0,533654667.0,88390024.0,0.013029185284529395
644,2023-05-30,458.63,461.88,440.72,450.32,2026204.0,915258640.0,88390024.0,0.022923446655020708
645,2023-05-31,452.76,453.53,446.66,448.28,1099693.0,496939329.0,88390024.0,0.012441370080406359
646,2023-06-01,444.96,459.62,444.82,453.26,1290624.0,589161080.0,88390024.0,0.014601466789962632
647,2023-06-02,454.21,461.4,451.38,453.87,1150045.0,526731520.0,88390024.0,0.013011027126771681
648,2023-06-05,450.17,455.41,446.85,449.53,855611.0,387573779.0,88390024.0,0.009679949854974584
649,2023-06-06,447.19,456.62,446.71,447.18,934285.0,422818116.0,88390024.0,0.010570027676426471
650,2023-06-07,448.18,449.32,432.27,432.89,1582576.0,694770363.0,88390024.0,0.01790446396982537
651,2023-06-08,431.92,439.72,427.99,431.06,1598659.0,694919797.0,88390024.0,0.01808641889270219
652,2023-06-09,431.07,434.68,414.88,424.31,2731377.0,1163348920.0,88390024.0,0.030901417110148086
653,2023-06-12,421.68,433.76,413.12,428.78,2511320.0,1072102962.0,88390024.0,0.028411803576385498
654,2023-06-13,436.62,442.59,421.81,429.78,1976746.0,852600369.0,88390024.0,0.02236390387222884
655,2023-06-14,432.76,457.61,427.79,444.7,2933312.0,1318057501.0,88390024.0,0.03318600750691051
656,2023-06-15,445.57,459.6,441.27,458.63,2767660.0,1258699967.0,88390024.0,0.03131190461041169
657,2023-06-16,461.61,461.61,452.46,459.14,1573841.0,724090680.0,88390024.0,0.017805640600346482
658,2023-06-19,459.23,459.62,442.71,445.73,1970452.0,884365309.0,88390024.0,0.022292696741433173
659,2023-06-20,445.69,450.17,440.72,442.81,1461217.0,651172217.0,88390024.0,0.016531469659969773
660,2023-06-21,440.59,445.34,435.32,439.13,1286538.0,569162111.0,88390024.0,0.014555239853764492
661,2023-06-26,432.86,443.9,425.81,439.26,1359882.0,595182771.0,88390024.0,0.015385016752569272
662,2023-06-27,442.88,444.89,436.92,439.28,1094036.0,483863013.0,88390024.0,0.012377369645244128
663,2023-06-28,438.75,443.7,434.75,441.17,1233795.0,544800785.0,88390024.0,0.013958532243412447
664,2023-06-29,438.23,443.59,434.25,436.67,934291.0,411753614.0,88390024.0,0.01057009555739005
665,2023-06-30,434.75,450.27,433.87,442.66,1169816.0,521204862.0,91307139.0,0.012811878817055039
666,2023-07-03,443.7,454.94,442.06,454.84,1687127.0,763080422.0,91307139.0,0.018477492762093883
667,2023-07-04,451.86,462.32,451.86,460.62,1350465.0,622020975.0,91307139.0,0.01479035500170474
668,2023-07-05,460.62,461.11,449.83,452.85,939769.0,428036356.0,91307139.0,0.010292393456770122
669,2023-07-06,452.66,457.91,449.71,451.37,914115.0,416944859.0,91307139.0,0.01001142966488086
670,2023-07-07,447.69,456.32,446.42,452.43,651089.0,296347990.0,91307139.0,0.00713075677467016
671,2023-07-10,453.65,458.77,444.8,445.69,1067443.0,483361262.0,91307139.0,0.011690684996712032
672,2023-07-11,445.69,447.67,437.74,446.69,1433353.0,636986402.0,91307139.0,0.015698148202847532
673,2023-07-12,445.68,447.61,442.31,444.69,591665.0,264730819.0,91307139.0,0.006479942384351786
674,2023-07-13,445.21,458.53,445.21,456.95,1501431.0,685228845.0,91307139.0,0.016443741600533558
675,2023-07-14,456.98,460.42,449.44,450.17,1028393.0,468616738.0,91307139.0,0.011263007594619737
676,2023-07-17,447.68,447.68,434.75,435.85,1235115.0,544361157.0,91307139.0,0.013527036478494852
677,2023-07-18,436.75,442.21,434.99,441.91,747775.0,330880414.0,91307139.0,0.008189666308567614
678,2023-07-19,440.62,441.68,436.94,437.75,566723.0,250013234.0,91307139.0,0.006206776449320135
679,2023-07-20,439.73,445.69,432.34,433.43,858848.0,376421507.0,91307139.0,0.009406142930401094
680,2023-07-21,432.77,446.42,430.39,445.65,1478218.0,655854326.0,91307139.0,0.01618951175329237
681,2023-07-24,442.72,444.7,438.67,442.21,558351.0,247865080.0,91307139.0,0.006115085918966315
682,2023-07-25,449.67,466.12,447.68,463.92,2035983.0,940796371.0,91307139.0,0.02229817977321576
683,2023-07-26,463.25,472.56,460.13,471.66,1608537.0,757184366.0,91307139.0,0.017616771455296613
684,2023-07-27,471.72,479.2,469.04,474.79,1392029.0,664114518.0,91307139.0,0.015245565847813936
685,2023-07-28,474.28,483.37,468.83,481.59,1438882.0,689991450.0,91307139.0,0.01575870206600165
686,2023-07-31,488.99,490.85,470.57,473.66,1876560.0,901110156.0,91307139.0,0.020552171720110517
687,2023-08-01,472.56,472.56,451.72,454.33,2247544.0,1037407642.0,91307139.0,0.024615205608402645
688,2023-08-02,454.34,456.54,441.73,442.93,2167327.0,970018678.0,91307139.0,0.023736665322522044
689,2023-08-03,441.71,447.67,438.78,444.62,1323122.0,589108739.0,91307139.0,0.014490893203870947
690,2023-08-04,467.58,477.02,460.62,471.22,4119445.0,1940262798.0,91307139.0,0.04511635174550809
691,2023-08-07,467.58,469.02,455.01,456.89,2094122.0,969634753.0,91307139.0,0.02293492078423353
692,2023-08-08,456.41,460.09,448.68,449.47,1575200.0,718989869.0,91307139.0,0.01725166309284973
693,2023-08-09,447.68,451.56,444.65,448.46,1396493.0,628063335.0,91307139.0,0.015294455781820083
694,2023-08-10,444.48,450.1,441.79,448.49,1122136.0,502399798.0,91307139.0,0.012289685256702656
695,2023-08-11,449.87,450.93,440.72,440.72,989587.0,440909808.0,91307139.0,0.010838002491787636
696,2023-08-14,434.75,438.73,426.0,438.05,1153960.0,502507962.0,91307139.0,0.012638223173327115
697,2023-08-15,435.75,438.48,427.79,429.62,1208996.0,524752421.0,91307139.0,0.013240979985146615
698,2023-08-16,426.79,432.75,426.36,429.16,852609.0,368464256.0,91307139.0,0.009337813114481662
699,2023-08-17,427.77,437.1,423.81,435.75,937045.0,406953202.0,91307139.0,0.01026256008306207
700,2023-08-18,435.86,440.9,428.19,428.5,840743.0,366379081.0,91307139.0,0.009207856134885575
701,2023-08-21,428.56,436.04,420.81,424.91,1323251.0,569407149.0,91307139.0,0.014492306017824082
702,2023-08-22,427.17,429.78,413.86,420.87,1512083.0,638999430.0,91307139.0,0.016560402796105572
703,2023-08-23,420.77,420.77,406.28,407.9,1494227.0,617733233.0,91307139.0,0.016364843060080986
704,2023-08-24,407.89,421.68,405.1,421.4,1485390.0,620622822.0,91307139.0,0.01626805982826819
705,2023-08-25,424.8,425.1,411.18,418.36,1413616.0,593669262.0,91307139.0,0.01548198766801794
706,2023-08-28,444.27,447.57,424.19,425.41,2082045.0,904670932.0,91307139.0,0.02280265292290015
707,2023-08-29,427.79,439.39,422.32,434.25,1509836.0,658112610.0,91307139.0,0.016535793548410272
708,2023-08-30,433.76,445.69,430.97,439.72,1310223.0,579799019.0,91307139.0,0.014349622760603637
709,2023-08-31,437.77,440.72,434.25,436.24,835177.0,366700884.0,91307139.0,0.00914689704602397
710,2023-09-01,437.24,442.71,434.19,436.74,699732.0,307498522.0,91307139.0,0.007663497155463386
711,2023-09-04,439.73,452.26,436.79,450.77,1960422.0,881599260.0,91307139.0,0.021470632214201785
712,2023-09-05,447.68,450.73,445.48,447.67,985875.0,443927116.0,91307139.0,0.010797348496485034
713,2023-09-06,445.7,449.67,443.7,446.69,761809.0,342099109.0,91307139.0,0.00834336732421328
714,2023-09-07,446.69,447.52,434.2,435.25,1047328.0,462208542.0,91307139.0,0.01147038458843837
715,2023-09-08,432.65,437.54,427.79,428.22,833957.0,361189037.0,91307139.0,0.009133535549723007
716,2023-09-11,427.49,442.7,425.8,441.71,1350790.0,593561156.0,91307139.0,0.014793914416702948
717,2023-09-12,439.17,442.2,434.85,438.41,695245.0,306070252.0,91307139.0,0.0076143553243958285
718,2023-09-13,438.73,440.14,427.79,430.37,879562.0,381325270.0,91307139.0,0.009633003614317605
719,2023-09-14,431.77,432.76,428.78,431.27,798387.0,345581785.0,91307139.0,0.008743971268226902
720,2023-09-15,431.28,441.71,428.19,433.96,1335423.0,584975127.0,91307139.0,0.014625614323541558
721,2023-09-18,435.75,437.23,426.67,431.46,1118180.0,485331044.0,91307139.0,0.012246358962139861
722,2023-09-19,430.37,430.37,405.78,408.78,2309969.0,957185900.0,91307139.0,0.025298887089212158
723,2023-09-20,406.4,415.2,401.92,403.41,1369986.0,558227924.0,91307139.0,0.015004149894566294
724,2023-09-21,400.93,403.4,389.98,392.36,1935638.0,767643387.0,91307139.0,0.021199196702461568
725,2023-09-22,387.99,390.88,380.09,384.0,2564547.0,989322351.0,91307139.0,0.028087037093561765
726,2023-09-25,383.02,395.51,380.21,391.97,2216129.0,869030445.0,91307139.0,0.024271147078652855
727,2023-09-26,392.96,400.38,390.02,390.38,1369057.0,543188868.0,91307139.0,0.014993975443694496
728,2023-09-27,392.97,398.38,390.32,392.68,1092266.0,432493025.0,91307139.0,0.011962547638252032
729,2023-09-28,398.65,405.7,387.04,388.26,1423914.0,560314724.0,91307139.0,0.015594771839253445
730,2023-10-09,385.51,395.37,381.61,393.37,1530385.0,599553310.0,91307139.0,0.01676084714471231
731,2023-10-10,391.47,396.45,384.1,385.67,1283529.0,501139501.0,149385482.0,0.008592059836176048
732,2023-10-11,387.99,392.97,385.21,388.14,1204063.0,470650958.0,149385482.0,0.008060107206401757
733,2023-10-12,390.15,395.95,384.02,386.29,1249090.0,487175603.0,149385482.0,0.00836152203866772
734,2023-10-13,383.02,383.64,374.28,380.0,1704003.0,648280257.0,149385482.0,0.011406751025511301
735,2023-10-16,380.04,382.02,370.32,372.08,1468183.0,552396249.0,149385482.0,0.009828150502603727
736,2023-10-17,371.07,375.17,367.1,374.05,1074486.0,401500132.0,149385482.0,0.007192706986077804
737,2023-10-18,372.08,372.17,366.11,366.16,1017586.0,376422558.0,149385482.0,0.0068118132122102736
738,2023-10-19,363.62,366.58,358.15,361.12,1447632.0,526717999.0,149385482.0,0.009690580239919165
739,2023-10-20,359.34,364.25,354.67,356.44,1198434.0,432952325.0,149385482.0,0.008022426168561681
740,2023-10-23,357.0,361.78,355.69,357.86,1002299.0,359520120.0,149385482.0,0.006709480644176654
741,2023-10-24,358.28,366.8,358.1,362.05,1371280.0,496376535.0,149385482.0,0.009179473009298186
742,2023-10-25,348.04,348.04,318.0,318.04,5239283.0,1717134934.0,149385482.0,0.03507223680544807
743,2023-10-26,318.05,331.8,316.1,321.44,2929095.0,943138479.0,149385482.0,0.019607628270061746
744,2023-10-27,318.04,329.44,317.3,326.72,2580708.0,834044778.0,149385482.0,0.017275494013534728
745,2023-10-30,325.71,333.66,324.01,327.46,2015067.0,662221898.0,149385482.0,0.013489041726290377
746,2023-10-31,327.46,330.88,324.11,329.65,1614884.0,529250755.0,149385482.0,0.010810180335998112
747,2023-11-01,334.3,334.3,323.18,323.6,1606318.0,525417177.0,149385482.0,0.01075283875309918
748,2023-11-02,323.6,325.6,317.07,317.09,1570537.0,501665656.0,149385482.0,0.010513317485563958
749,2023-11-03,316.99,328.09,316.2,326.82,1790417.0,580513193.0,149385482.0,0.01198521419906119
750,2023-11-06,328.2,331.99,319.11,331.2,2977614.0,970904845.0,149385482.0,0.01993241886785223
751,2023-11-07,330.3,330.89,326.56,329.31,1637315.0,538054596.0,149385482.0,0.010960335489629441
752,2023-11-08,329.9,334.95,327.84,330.77,1788126.0,593339545.0,149385482.0,0.011969878036742553
753,2023-11-09,332.66,338.55,329.45,330.75,1785592.0,594628786.0,149385482.0,0.011952915210328137
754,2023-11-10,328.31,328.87,325.53,326.85,981827.0,321211755.0,149385482.0,0.006572439214675493
755,2023-11-13,328.01,328.86,321.0,323.5,1333703.0,431872039.0,149385482.0,0.008927929154454246
756,2023-11-14,323.0,327.89,321.5,324.18,1282023.0,415538127.0,149385482.0,0.008581978535236777
757,2023-11-15,327.28,334.34,327.21,330.24,2119592.0,700489733.0,149385482.0,0.01418874158065775
758,2023-11-16,332.86,332.86,324.01,324.08,1307989.0,427947762.0,149385482.0,0.008755797300302582
759,2023-11-17,321.52,328.3,321.52,326.38,1103236.0,359650687.0,149385482.0,0.007385162100290308
760,2023-11-20,326.54,338.0,322.0,334.45,2062804.0,681389703.0,149385482.0,0.013808597544974283
761,2023-11-21,334.93,335.0,329.0,330.77,1344438.0,445653561.0,149385482.0,0.008999790220578462
762,2023-11-22,329.77,330.76,325.45,325.54,979251.0,321084050.0,149385482.0,0.006555195236442052
763,2023-11-23,325.0,328.8,322.56,327.3,977903.0,318591717.0,149385482.0,0.0065461716018695845
764,2023-11-24,326.0,327.99,323.16,326.0,879497.0,285842279.0,149385482.0,0.005887432889897561
765,2023-11-27,325.0,325.34,311.36,315.0,1790253.0,568533033.0,149385482.0,0.011984116368148813
766,2023-11-28,314.38,317.5,312.28,315.85,1263873.0,397942427.0,149385482.0,0.008460480784873058
767,2023-11-29,315.64,315.88,310.89,311.58,1275160.0,398672805.0,149385482.0,0.008536036989190154
768,2023-11-30,311.33,311.8,303.99,304.54,1932144.0,592028933.0,149385482.0,0.012933947624174082
769,2023-12-01,303.31,308.0,295.02,298.0,2187554.0,652466427.0,149385482.0,0.014643685388383324
770,2023-12-04,297.65,299.88,290.0,290.0,2217166.0,651642746.0,149385482.0,0.014841910808976738
771,2023-12-05,288.86,292.88,277.38,277.68,2780197.0,786505965.0,149385482.0,0.01861089151889606
772,2023-12-06,275.99,286.55,275.87,282.46,2470682.0,696238684.0,149385482.0,0.016538969964966208
773,2023-12-07,282.99,284.28,277.56,280.58,2029677.0,569038140.0,149385482.0,0.013586842394764974
774,2023-12-08,280.76,281.98,276.88,281.07,1951418.0,545352159.0,149385482.0,0.013062969532742144
775,2023-12-11,280.0,281.89,275.16,280.15,1584756.0,440424978.0,149385482.0,0.010608500764485267
776,2023-12-12,279.0,280.0,275.11,275.64,1605731.0,445336565.0,149385482.0,0.01074890932172378
777,2023-12-13,274.76,275.37,268.03,268.48,2057026.0,557206967.0,149385482.0,0.013769919087585767
778,2023-12-14,269.98,277.77,269.3,269.38,2075474.0,567224052.0,149385482.0,0.013893411677046368
779,2023-12-15,271.0,285.82,271.0,278.39,3636472.0,1016635146.0,149385482.0,0.02434287422923735
780,2023-12-18,279.0,287.77,274.52,279.52,3158252.0,888065718.0,149385482.0,0.021141626065108523
781,2023-12-19,279.0,280.01,271.17,273.8,1928438.0,528516294.0,149385482.0,0.012909139323190724
782,2023-12-20,275.0,283.36,270.87,272.03,1894996.0,520488426.0,149385482.0,0.01268527553433874
783,2023-12-21,270.88,285.88,269.68,281.1,3162030.0,882699423.0,149385482.0,0.02116691634063878
784,2023-12-22,279.95,281.99,272.4,276.06,2560285.0,706827973.0,149385482.0,0.017138780594489096
785,2023-12-25,275.66,280.5,274.38,278.42,1249747.0,346860794.0,149385482.0,0.008365920056408158
786,2023-12-26,278.44,279.36,269.85,270.45,1628751.0,443527266.0,149385482.0,0.010903007294912366
787,2023-12-27,270.45,271.69,263.21,266.8,1942796.0,517000234.0,149385482.0,0.01300525308075118
788,2023-12-28,266.0,302.0,265.58,301.81,6165219.0,1778526775.0,149385482.0,0.04127053658400352
789,2023-12-29,301.0,301.06,292.38,294.33,2974018.0,880671699.0,149385482.0,0.01990834691687108
790,2024-01-02,294.32,295.0,284.03,285.99,2630611.0,755667131.0,149385482.0,0.017609549233171134
791,2024-01-03,285.0,293.5,282.2,285.51,2453774.0,704274759.0,149385482.0,0.016425786275536466
792,2024-01-04,285.0,286.0,273.01,276.35,2735584.0,757937386.0,149385482.0,0.018312248040274755
793,2024-01-05,276.0,280.33,269.65,271.39,2154884.0,590136667.0,149385482.0,0.014424989437728627
794,2024-01-08,277.44,296.0,273.51,283.11,5641227.0,1613997767.0,149385482.0,0.03776288648986653
795,2024-01-09,281.08,300.32,274.0,298.92,6305691.0,1827039835.0,149385482.0,0.04221086892500035
796,2024-01-10,295.5,323.13,293.28,315.41,7359040.0,2287812114.0,149385482.0,0.049262082911109124
797,2024-01-11,314.02,320.5,308.35,320.5,4917496.0,1550885930.0,149385482.0,0.03291816536763593
798,2024-01-12,316.85,320.5,307.84,309.08,4180176.0,1309935504.0,149385482.0,0.027982478243769364
799,2024-01-15,309.0,322.32,306.09,313.5,4005933.0,1264106424.0,149385482.0,0.026816079758004863
800,2024-01-16,308.91,314.0,304.5,314.0,3477530.0,1073627854.0,149385482.0,0.023278902028779476
801,2024-01-17,311.0,321.85,308.56,308.56,3691572.0,1161433151.0,149385482.0,0.024711718639432445
802,2024-01-18,305.55,329.96,305.22,328.39,6393591.0,2037410375.0,149385482.0,0.042799279517670936
803,2024-01-19,325.02,326.96,318.5,319.64,3959196.0,1275253406.0,149385482.0,0.02650321803025009
804,2024-01-22,317.23,317.23,301.5,305.0,4479454.0,1378829350.0,149385482.0,0.029985872388857707
805,2024-01-23,303.8,315.56,302.0,310.02,3698671.0,1144949246.0,149385482.0,0.024759239990938344
806,2024-01-24,311.0,314.99,295.23,309.45,4269450.0,1303622383.0,149385482.0,0.02858008651737657
807,2024-01-25,307.64,307.64,295.5,305.55,4920756.0,1486084296.0,149385482.0,0.03293998810406489
808,2024-01-26,302.5,311.48,294.5,294.5,3783533.0,1144101762.0,149385482.0,0.025327313935366223
809,2024-01-29,294.4,294.96,282.58,282.66,3712528.0,1072536510.0,149385482.0,0.024852000008943307
810,2024-01-30,281.0,288.0,279.8,283.0,2900398.0,823859017.0,149385482.0,0.019415527942668483
811,2024-01-31,282.0,284.21,270.33,270.88,3550503.0,974488288.0,149385482.0,0.023767389926150923
812,2024-02-01,270.0,285.85,267.58,282.38,3635479.0,1015684510.0,149385482.0,0.024336226996944724
813,2024-02-02,279.58,289.77,274.18,286.15,3587281.0,1004726793.0,149385482.0,0.024013585202342487
814,2024-02-05,286.0,306.88,279.99,301.7,5620336.0,1651306478.0,149385482.0,0.037623040236266066
815,2024-02-06,298.33,322.22,296.73,320.5,5059107.0,1573496446.0,149385482.0,0.03386612227820104
