,date,open,high,low,close,volume
0,2018-11-20,450.0,475.8,432.0,469.8,202790.0
1,2018-11-21,471.0,473.4,465.6,468.6,81702.0
2,2018-11-23,465.0,469.8,453.6,459.6,59087.0
3,2018-11-26,459.6,459.6,416.4,420.0,77696.0
4,2018-11-27,416.4,416.4,393.0,402.0,77144.0
5,2018-11-28,404.4,431.4,386.4,429.0,91279.0
6,2018-11-29,420.0,435.0,414.0,430.2,41373.0
7,2018-11-30,423.6,448.2,411.0,444.0,44063.0
8,2018-12-03,444.0,450.0,433.2,449.4,34853.0
9,2018-12-04,432.0,443.4,408.0,421.8,28802.0
10,2018-12-06,405.6,426.0,405.6,423.0,59314.0
11,2018-12-07,420.0,420.0,409.8,413.4,115451.0
12,2018-12-10,412.8,420.0,412.8,414.0,147046.0
13,2018-12-11,414.0,418.2,411.0,414.0,44068.0
14,2018-12-12,412.8,423.0,412.8,414.0,63681.0
15,2018-12-13,413.4,420.0,408.6,414.0,66468.0
16,2018-12-14,422.4,425.4,411.0,414.0,34312.0
17,2018-12-17,414.0,423.6,408.6,414.0,58157.0
18,2018-12-18,414.0,435.0,408.0,414.0,113541.0
19,2018-12-19,412.8,414.6,409.8,411.6,66559.0
20,2018-12-20,412.8,420.0,411.0,413.4,63806.0
21,2018-12-21,420.6,420.6,408.0,411.0,48907.0
22,2018-12-24,408.0,411.6,407.4,410.4,34810.0
23,2018-12-26,412.8,415.2,408.0,409.8,46823.0
24,2018-12-27,411.6,420.0,384.6,406.8,66387.0
25,2018-12-28,403.2,408.0,402.0,403.8,42489.0
26,2018-12-31,409.8,409.8,392.4,405.0,58900.0
27,2019-01-02,403.8,404.4,393.0,399.0,45435.0
28,2019-01-03,396.6,396.6,367.2,376.8,40420.0
29,2019-01-04,369.6,396.6,369.6,396.6,38516.0
30,2019-01-07,381.0,391.8,381.0,382.8,48147.0
31,2019-01-08,378.0,382.8,360.6,372.6,40956.0
32,2019-01-09,370.8,394.2,366.0,394.2,63237.0
33,2019-01-10,380.4,406.2,380.4,400.8,47171.0
34,2019-01-11,401.4,401.4,393.0,401.4,37876.0
35,2019-01-14,400.8,430.2,395.4,430.2,30187.0
36,2019-01-15,420.0,429.6,403.8,405.0,45820.0
37,2019-01-16,402.0,402.0,386.4,386.4,49063.0
38,2019-01-17,377.4,394.8,377.4,388.2,54936.0
39,2019-01-18,381.0,388.8,363.0,381.0,48383.0
40,2019-01-22,366.6,385.8,364.2,378.0,45661.0
41,2019-01-23,379.8,388.2,376.2,378.0,54258.0
42,2019-01-24,375.0,402.0,375.0,390.0,60562.0
43,2019-01-25,390.0,390.0,378.6,381.0,41838.0
44,2019-01-28,373.8,389.4,372.0,372.6,53703.0
45,2019-01-29,375.0,393.6,375.0,378.6,46094.0
46,2019-01-30,390.0,400.8,386.4,386.4,68608.0
47,2019-01-31,386.4,408.6,373.8,390.0,43610.0
48,2019-02-01,380.4,384.6,366.0,366.0,29275.0
49,2019-02-04,361.8,385.2,361.8,381.0,41371.0
50,2019-02-05,379.8,390.0,366.6,386.4,40703.0
51,2019-02-06,387.0,390.0,387.0,388.2,47210.0
52,2019-02-07,387.0,387.6,386.4,387.6,42597.0
53,2019-02-08,387.0,387.6,386.4,387.6,42144.0
54,2019-02-11,387.0,389.4,386.4,387.6,42031.0
55,2019-02-12,387.0,389.4,386.4,388.8,48556.0
56,2019-02-13,389.4,390.0,385.8,386.4,43195.0
57,2019-02-14,384.0,388.8,384.0,388.8,41005.0
58,2019-02-15,384.0,384.0,381.0,382.8,46204.0
59,2019-02-19,378.0,378.0,367.8,372.6,35919.0
60,2019-02-20,375.6,384.0,373.2,378.0,36385.0
61,2019-02-21,381.0,384.0,381.0,381.0,52873.0
62,2019-02-22,382.2,384.0,379.8,379.8,61994.0
63,2019-02-25,381.6,384.0,380.4,382.2,65109.0
64,2019-02-26,381.6,384.0,381.0,382.2,55061.0
65,2019-02-27,387.0,387.0,367.2,369.0,39087.0
66,2019-02-28,374.4,375.0,366.0,371.4,37952.0
67,2019-03-01,370.2,378.0,361.2,370.2,44399.0
68,2019-03-04,376.2,378.0,372.0,376.8,46496.0
69,2019-03-05,377.4,378.0,373.8,378.0,51876.0
70,2019-03-06,376.8,378.0,374.4,378.0,58885.0
71,2019-03-07,377.4,378.0,372.6,378.0,54816.0
72,2019-03-08,373.8,378.0,373.8,378.0,59497.0
73,2019-03-11,377.4,377.4,375.6,375.6,59471.0
74,2019-03-12,378.0,378.0,374.4,378.0,27045.0
75,2019-03-13,377.4,378.0,373.8,378.0,70652.0
76,2019-03-14,377.4,378.0,374.4,378.0,48246.0
77,2019-03-15,377.4,378.0,372.6,378.0,42021.0
78,2019-03-18,377.4,377.4,374.4,377.4,27908.0
79,2019-03-19,377.4,378.0,374.4,378.0,70646.0
80,2019-03-20,376.2,378.0,374.4,378.0,49710.0
81,2019-03-21,383.4,405.6,381.0,401.4,46812.0
82,2019-03-22,404.4,406.8,393.0,399.0,72759.0
83,2019-03-25,401.4,412.8,393.0,408.0,80790.0
84,2019-03-26,419.4,419.4,393.6,408.0,79681.0
85,2019-03-27,409.2,420.0,405.0,415.8,83926.0
86,2019-03-28,417.6,420.0,408.0,411.6,87136.0
87,2019-03-29,414.0,414.6,394.2,397.2,52249.0
88,2019-04-01,409.2,409.2,396.0,396.0,44800.0
89,2019-04-02,402.0,403.2,393.0,393.0,50832.0
90,2019-04-03,394.2,411.0,394.2,402.6,46056.0
91,2019-04-04,403.2,418.2,381.6,394.2,53800.0
92,2019-04-05,397.8,420.0,397.8,406.2,52179.0
93,2019-04-08,408.0,420.0,396.0,415.2,87578.0
94,2019-04-09,412.2,468.0,410.4,444.6,122545.0
95,2019-04-10,451.2,468.0,426.6,450.0,106343.0
96,2019-04-11,448.2,468.0,435.6,444.0,105862.0
97,2019-04-12,451.2,456.0,436.2,441.0,84416.0
98,2019-04-15,435.6,456.6,435.6,447.0,72138.0
99,2019-04-16,451.2,456.6,441.0,448.2,73861.0
100,2019-04-17,453.6,459.6,428.4,445.2,85424.0
101,2019-04-18,451.2,458.4,433.2,435.0,80652.0
102,2019-04-22,435.6,442.8,399.0,415.8,89046.0
103,2019-04-23,409.8,426.0,402.6,406.8,81860.0
104,2019-04-24,415.8,421.2,412.8,414.0,92166.0
105,2019-04-25,408.6,431.4,402.0,405.0,93519.0
106,2019-04-26,402.6,421.2,399.6,408.0,87469.0
107,2019-04-29,411.0,418.8,407.4,412.8,88545.0
108,2019-04-30,415.8,420.0,413.4,420.0,90857.0
109,2019-05-01,417.0,427.8,411.6,413.4,104475.0
110,2019-05-02,413.4,420.0,407.4,414.0,88816.0
111,2019-05-03,414.6,420.0,413.4,413.4,81661.0
112,2019-05-06,417.0,420.0,414.0,414.0,102030.0
113,2019-05-07,415.8,423.0,414.6,420.0,49524.0
114,2019-05-08,424.2,429.0,420.0,423.6,59226.0
115,2019-05-09,417.0,432.0,411.6,418.8,69384.0
116,2019-05-10,417.0,428.4,412.2,412.2,45101.0
117,2019-05-13,410.4,420.0,410.4,417.6,39460.0
118,2019-05-14,417.6,426.0,415.8,419.4,38369.0
119,2019-05-15,420.0,428.4,396.0,396.0,43719.0
120,2019-05-16,408.6,408.6,400.8,403.8,60756.0
121,2019-05-17,409.2,428.4,390.0,399.0,71558.0
122,2019-05-20,379.2,408.0,357.6,376.8,89527.0
123,2019-05-21,378.0,378.6,348.0,348.0,47266.0
124,2019-05-22,352.8,366.0,338.4,348.0,73793.0
125,2019-05-23,346.8,357.0,330.0,336.0,49502.0
126,2019-05-24,336.0,351.6,332.4,336.0,55720.0
127,2019-05-28,322.2,342.6,318.0,318.0,110632.0
128,2019-05-29,318.0,318.6,252.6,254.4,201166.0
129,2019-05-30,261.0,291.0,252.6,253.2,101723.0
130,2019-05-31,252.0,267.0,234.0,267.0,156543.0
131,2019-06-03,258.0,260.4,235.8,239.4,84063.0
132,2019-06-04,241.8,241.8,226.2,228.0,73932.0
133,2019-06-05,226.2,231.6,195.6,202.2,104725.0
134,2019-06-06,199.8,205.8,162.6,177.6,70036.0
135,2019-06-07,180.6,193.8,180.6,192.0,101257.0
136,2019-06-10,192.0,195.0,183.6,193.2,68600.0
137,2019-06-11,193.8,205.2,191.4,199.2,139480.0
138,2019-06-12,196.2,205.8,187.8,189.0,201929.0
139,2019-06-13,192.0,199.2,155.4,161.4,110352.0
140,2019-06-14,178.8,182.4,177.0,177.6,57808.0
141,2019-06-17,186.0,189.6,123.0,127.8,181974.0
142,2019-06-18,150.6,154.8,124.8,151.2,222602.0
143,2019-06-19,152.4,168.6,136.8,165.6,109583.0
144,2019-06-20,169.2,195.0,160.8,181.8,120749.0
145,2019-06-21,180.0,202.8,174.0,188.4,141333.0
146,2019-06-24,187.2,207.0,185.4,190.8,146739.0
147,2019-06-25,189.0,205.2,173.4,173.4,201771.0
148,2019-06-26,176.4,193.2,171.6,181.2,100573.0
149,2019-06-27,181.2,197.4,178.8,191.4,151089.0
150,2019-06-28,188.4,198.6,180.6,183.6,90399.0
151,2019-07-01,187.2,197.4,182.4,193.2,99325.0
152,2019-07-02,194.4,222.0,181.2,211.8,106483.0
153,2019-07-03,226.2,250.8,216.0,240.0,56748.0
154,2019-07-05,232.2,276.0,232.2,253.8,40646.0
155,2019-07-08,251.4,311.4,226.8,285.0,93372.0
156,2019-07-09,291.0,335.4,290.4,317.4,97944.0
157,2019-07-10,321.0,327.6,290.4,300.0,103185.0
158,2019-07-11,297.0,300.0,272.4,285.6,60003.0
159,2019-07-12,283.2,298.2,276.0,282.0,56688.0
160,2019-07-15,282.6,336.0,282.6,305.4,69940.0
161,2019-07-16,303.0,323.4,291.0,300.6,63831.0
162,2019-07-17,300.6,313.8,276.6,300.6,60626.0
163,2019-07-18,300.6,312.0,294.0,294.6,52438.0
164,2019-07-19,286.8,304.8,284.4,303.6,43974.0
165,2019-07-22,300.6,300.6,276.0,276.0,41312.0
166,2019-07-23,277.8,288.0,254.4,268.8,26425.0
167,2019-07-24,278.4,281.4,252.0,252.0,12342.0
168,2019-07-25,250.2,270.0,245.4,264.6,4059.0
169,2019-07-26,270.0,276.0,243.0,267.0,4473.0
170,2019-07-29,255.6,282.0,243.0,282.0,6108.0
171,2019-07-30,296.4,296.4,260.4,273.6,12000.0
172,2019-07-31,286.8,286.8,259.2,274.8,8009.0
173,2019-08-01,280.2,280.2,256.8,267.6,17949.0
174,2019-08-02,259.2,269.4,237.6,237.6,2541.0
175,2019-08-05,260.4,260.4,240.0,259.8,8245.0
176,2019-08-06,265.8,297.0,253.8,297.0,4456.0
177,2019-08-07,281.4,295.2,244.2,282.0,9747.0
178,2019-08-08,285.0,300.0,276.0,287.4,5036.0
179,2019-08-09,285.0,288.0,244.8,285.0,4757.0
180,2019-08-12,282.0,282.0,259.2,259.2,1663.0
181,2019-08-13,274.2,282.0,243.0,255.0,9157.0
182,2019-08-14,265.8,265.8,248.4,248.4,10975.0
183,2019-08-15,255.6,264.0,243.0,246.0,8919.0
184,2019-08-16,256.8,279.6,204.6,204.6,17127.0
185,2019-08-19,202.2,223.2,189.0,207.0,15836.0
186,2019-08-20,228.6,241.2,216.0,237.6,2316.0
187,2019-08-21,246.0,246.0,202.8,218.4,3565.0
188,2019-08-22,213.0,228.0,195.6,228.0,695.0
189,2019-08-23,207.6,207.6,133.8,156.6,141651.0
190,2019-08-26,153.6,157.2,143.4,151.8,19717.0
191,2019-08-27,142.2,151.8,139.2,141.0,11870.0
192,2019-08-28,139.2,152.4,138.6,138.6,21348.0
193,2019-08-29,141.0,152.4,141.0,152.4,12133.0
194,2019-08-30,148.2,153.0,141.6,150.0,15000.0
195,2019-09-03,151.2,175.8,145.8,172.2,22919.0
196,2019-09-04,174.0,174.0,142.8,154.8,27802.0
197,2019-09-05,159.0,180.0,144.6,162.0,19792.0
198,2019-09-06,170.4,170.4,150.6,160.8,7232.0
199,2019-09-09,165.0,169.2,154.2,163.2,10059.0
200,2019-09-10,165.0,167.4,162.0,164.4,6360.0
201,2019-09-11,168.0,168.0,160.8,165.0,10702.0
202,2019-09-12,162.0,174.0,153.0,160.2,9993.0
203,2019-09-13,163.2,165.0,159.0,160.2,3233.0
204,2019-09-16,163.2,168.0,155.4,159.6,9344.0
205,2019-09-17,161.4,166.8,156.0,156.6,10804.0
206,2019-09-18,156.6,157.2,153.0,157.2,6759.0
207,2019-09-19,156.0,157.2,148.2,156.0,12984.0
208,2019-09-20,154.8,159.0,145.2,147.6,21268.0
209,2019-09-23,142.2,151.2,139.2,139.2,14532.0
210,2019-09-24,148.8,153.0,143.4,148.8,4845.0
211,2019-09-25,144.0,148.8,138.6,146.4,10692.0
212,2019-09-26,145.2,145.8,133.2,140.4,15397.0
213,2019-09-27,138.0,142.2,128.4,141.0,7146.0
214,2019-09-30,131.4,136.8,120.6,133.2,28502.0
215,2019-10-01,139.2,142.2,133.2,140.4,8492.0
216,2019-10-02,144.0,153.0,130.8,153.0,12683.0
217,2019-10-03,153.0,178.8,153.0,168.6,46532.0
218,2019-10-04,177.6,180.0,163.2,174.6,11085.0
219,2019-10-07,175.2,175.2,151.2,168.6,8433.0
220,2019-10-08,166.2,174.0,147.6,171.0,6257.0
221,2019-10-09,170.4,172.8,151.8,162.0,3950.0
222,2019-10-10,163.2,165.0,159.6,163.2,3541.0
223,2019-10-11,165.0,165.0,139.2,163.2,10484.0
224,2019-10-14,162.6,165.0,156.6,165.0,2589.0
225,2019-10-15,162.6,165.0,156.0,156.0,14968.0
226,2019-10-16,157.2,162.6,146.4,162.6,8220.0
227,2019-10-17,160.8,162.0,151.8,155.4,10409.0
228,2019-10-18,160.8,171.0,142.8,169.8,3718.0
229,2019-10-21,162.0,166.2,160.2,163.2,12698.0
230,2019-10-22,162.0,163.8,159.6,162.6,5007.0
231,2019-10-23,159.6,161.4,148.8,156.0,7826.0
232,2019-10-24,160.2,163.2,156.6,157.8,4267.0
233,2019-10-25,159.6,161.4,156.0,156.0,5987.0
234,2019-10-28,156.0,158.4,153.6,155.4,7484.0
235,2019-10-29,159.0,161.4,157.2,160.2,2292.0
236,2019-10-30,159.0,162.0,153.0,154.2,7887.0
237,2019-10-31,156.6,158.4,147.0,155.4,3227.0
238,2019-11-01,154.2,156.0,150.0,156.0,3150.0
239,2019-11-04,156.0,161.4,156.0,160.2,4529.0
240,2019-11-05,157.8,157.8,154.8,155.4,4203.0
241,2019-11-06,154.8,157.8,154.2,157.2,3310.0
242,2019-11-07,155.4,162.6,150.0,162.0,6059.0
243,2019-11-08,162.6,164.4,156.6,163.2,4105.0
244,2019-11-11,159.6,160.2,153.6,153.6,3234.0
245,2019-11-12,150.0,156.0,149.4,156.0,3367.0
246,2019-11-13,156.0,157.2,153.0,153.6,1049.0
247,2019-11-14,154.8,156.0,154.8,156.0,1304.0
248,2019-11-15,153.6,154.2,144.6,150.0,6157.0
249,2019-11-18,147.0,149.4,147.0,147.0,2556.0
250,2019-11-19,150.0,152.4,150.0,152.4,1285.0
251,2019-11-20,149.4,149.4,148.8,149.4,675.0
252,2019-11-21,148.8,151.8,133.2,151.2,12249.0
253,2019-11-22,149.4,162.0,147.0,150.0,16144.0
254,2019-11-25,157.2,157.2,149.4,149.4,12823.0
255,2019-11-26,153.0,157.2,150.0,151.8,14402.0
256,2019-11-27,154.8,154.8,147.6,151.8,1995.0
257,2019-11-29,148.8,152.4,138.0,138.0,5532.0
258,2019-12-02,138.6,142.8,135.0,138.6,5928.0
259,2019-12-03,138.0,138.6,133.8,137.4,7743.0
260,2019-12-04,133.2,137.4,124.8,136.2,11877.0
261,2019-12-05,135.6,135.6,132.0,132.0,1904.0
262,2019-12-06,131.4,138.0,131.4,138.0,8461.0
263,2019-12-09,135.0,135.6,114.0,135.6,637279.0
264,2019-12-10,125.4,129.0,114.6,119.4,61706.0
265,2019-12-11,121.8,123.0,105.0,111.0,19300.0
266,2019-12-12,114.6,120.6,106.8,117.0,7100.0
267,2019-12-13,114.0,119.4,102.0,105.6,56139.0
268,2019-12-16,94.8,106.2,94.8,100.8,25129.0
269,2019-12-17,97.2,105.6,97.2,105.6,16739.0
270,2019-12-18,107.4,112.8,103.2,112.2,33183.0
271,2019-12-19,112.2,114.0,102.0,113.4,34067.0
272,2019-12-20,113.4,114.0,100.2,113.4,5479.0
273,2019-12-23,117.0,120.0,108.6,116.4,12701.0
274,2019-12-24,111.0,120.0,108.6,111.6,45306.0
275,2019-12-26,108.0,111.0,105.0,109.8,4641.0
276,2019-12-27,107.4,113.4,100.8,102.0,22212.0
277,2019-12-30,102.0,102.0,90.6,97.8,62117.0
278,2019-12-31,96.0,97.2,81.0,85.8,251884.0
279,2020-01-02,87.0,108.0,86.4,103.2,77322.0
280,2020-01-03,103.2,103.2,89.4,91.2,81008.0
281,2020-01-06,90.0,93.0,89.4,90.6,28918.0
282,2020-01-07,94.8,94.8,85.8,91.2,10321.0
283,2020-01-08,94.8,94.8,90.0,90.0,5366.0
284,2020-01-09,90.6,92.4,86.4,90.0,12013.0
285,2020-01-10,87.6,91.8,87.0,89.4,11684.0
286,2020-01-13,88.2,89.4,85.2,89.4,16052.0
287,2020-01-14,99.0,99.0,84.6,94.2,60931.0
288,2020-01-15,90.0,98.4,88.8,96.0,14317.0
289,2020-01-16,98.4,98.4,91.2,96.6,31690.0
290,2020-01-17,99.0,99.0,92.4,93.0,12054.0
291,2020-01-21,94.2,94.8,93.0,94.2,2016.0
292,2020-01-22,93.6,93.6,93.0,93.0,793.0
293,2020-01-23,94.2,105.6,91.8,105.0,9406.0
294,2020-01-24,102.6,104.4,89.4,96.6,22366.0
295,2020-01-27,93.0,93.0,90.6,90.6,2783.0
296,2020-01-28,85.2,85.2,85.2,85.2,807.0
297,2020-01-29,86.4,86.4,84.6,84.6,10781.0
298,2020-01-30,85.2,94.8,85.2,87.0,5013.0
299,2020-01-31,87.0,88.2,85.2,85.2,3165.0
300,2020-02-03,85.8,85.8,75.6,77.4,17520.0
301,2020-02-04,73.8,74.4,73.8,74.4,7387.0
302,2020-02-05,70.2,75.0,70.2,74.4,2369.0
303,2020-02-06,74.4,74.4,70.2,73.8,1172.0
304,2020-02-07,70.8,70.8,67.8,67.8,2663.0
305,2020-02-10,72.0,73.8,72.0,73.8,1180.0
306,2020-02-11,75.0,75.0,73.2,73.2,5256.0
307,2020-02-12,75.0,87.6,73.8,83.4,10896.0
308,2020-02-13,87.6,96.0,81.0,93.6,9125.0
309,2020-02-14,92.4,98.4,67.2,87.0,14736.0
310,2020-02-18,92.4,93.0,84.0,90.0,5047.0
311,2020-02-19,93.0,93.0,90.6,93.0,13323.0
312,2020-02-20,78.6,93.0,67.2,92.4,18570.0
313,2020-02-21,96.0,98.4,91.8,91.8,4663.0
314,2020-02-24,90.6,92.4,90.0,90.0,6875.0
315,2020-02-25,91.2,93.6,90.0,90.0,3036.0
316,2020-02-26,97.8,98.4,90.0,90.0,6271.0
317,2020-02-27,90.0,90.6,87.0,90.6,1316.0
318,2020-02-28,90.6,90.6,90.0,90.0,525.0
319,2020-03-02,90.6,92.4,90.6,92.4,1959.0
320,2020-03-03,91.8,92.4,90.6,90.6,2688.0
321,2020-03-04,92.4,93.0,91.8,93.0,6557.0
322,2020-03-05,92.4,95.4,88.8,90.6,8947.0
323,2020-03-06,90.0,90.6,88.8,88.8,3227.0
324,2020-03-09,90.0,90.0,90.0,90.0,394.0
325,2020-03-10,93.6,93.6,78.6,88.8,23134.0
326,2020-03-11,84.0,95.4,78.0,95.4,4305.0
327,2020-03-12,99.0,99.0,73.8,90.0,5798.0
328,2020-03-13,94.2,97.8,76.2,89.4,7521.0
329,2020-03-16,67.8,85.8,67.8,81.6,1486.0
330,2020-03-17,84.0,95.4,77.4,87.0,6958.0
331,2020-03-18,97.2,97.2,83.4,84.0,4812.0
332,2020-03-19,90.0,90.6,84.0,85.2,5525.0
333,2020-03-20,84.0,84.0,84.0,84.0,528.0
334,2020-03-23,96.0,96.0,69.6,79.8,5480.0
335,2020-03-24,87.6,87.6,84.0,84.6,13547.0
336,2020-03-25,97.2,98.4,90.0,97.8,7912.0
337,2020-03-26,98.4,100.2,85.2,90.6,17956.0
338,2020-03-27,87.0,87.0,84.0,84.0,5973.0
339,2020-03-30,84.0,102.0,84.0,96.0,12163.0
340,2020-03-31,81.6,97.8,81.6,97.8,10078.0
341,2020-04-01,102.0,106.2,83.4,90.6,7396.0
342,2020-04-02,88.8,102.0,87.0,88.8,6932.0
343,2020-04-03,86.4,90.0,85.8,90.0,3994.0
344,2020-04-06,100.8,102.0,84.0,92.4,11055.0
345,2020-04-07,91.8,92.4,83.4,90.0,5928.0
346,2020-04-08,90.0,90.0,81.0,84.6,8033.0
347,2020-04-09,84.6,84.6,84.0,84.6,8016.0
348,2020-04-13,91.8,96.0,80.4,96.0,5443.0
349,2020-04-14,84.6,95.4,84.0,84.0,6257.0
350,2020-04-15,90.0,100.8,87.0,96.0,60910.0
351,2020-04-16,95.4,101.4,85.2,101.4,22743.0
352,2020-04-17,100.2,100.8,87.0,99.6,10666.0
353,2020-04-20,97.8,101.4,87.0,91.2,11266.0
354,2020-04-21,100.8,105.0,96.0,99.0,5568.0
355,2020-04-22,99.0,99.0,95.4,95.4,1267.0
356,2020-04-23,96.0,96.0,96.0,96.0,1406.0
357,2020-04-24,93.0,96.0,91.2,95.4,3307.0
358,2020-04-27,89.4,94.8,89.4,94.8,2533.0
359,2020-04-28,96.6,96.6,96.0,96.0,935.0
360,2020-04-29,96.0,97.2,96.0,97.2,1847.0
361,2020-04-30,94.8,95.4,91.2,95.4,997.0
362,2020-05-01,96.0,96.0,94.8,94.8,797.0
363,2020-05-04,99.0,99.0,88.2,99.0,14730.0
364,2020-05-05,97.8,97.8,93.0,95.4,1549.0
365,2020-05-06,95.4,96.0,86.4,93.6,4454.0
366,2020-05-07,88.8,93.0,86.4,91.2,2610.0
367,2020-05-08,93.0,93.0,90.0,91.8,885.0
368,2020-05-11,90.0,90.0,81.0,86.4,11766.0
369,2020-05-12,82.2,84.0,81.0,84.0,12916.0
370,2020-05-13,87.6,92.4,87.6,87.6,904.0
371,2020-05-14,90.0,91.2,89.4,89.4,1346.0
372,2020-05-15,87.6,87.6,87.0,87.0,940.0
373,2020-05-18,87.0,87.0,86.4,86.4,562.0
374,2020-05-19,85.2,85.2,85.2,85.2,1541.0
375,2020-05-20,87.6,87.6,87.6,87.6,244.0
376,2020-05-21,87.0,87.0,84.6,84.6,1725.0
377,2020-05-22,88.2,88.2,81.0,85.8,7445.0
378,2020-05-26,81.0,84.0,81.0,81.6,6727.0
379,2020-05-27,84.0,91.8,75.0,82.2,14416.0
380,2020-05-28,79.8,80.4,77.4,80.4,1430.0
381,2020-05-29,81.0,81.0,75.0,78.0,5714.0
382,2020-06-01,79.8,80.4,77.4,79.2,1364.0
383,2020-06-02,79.2,79.2,78.6,78.6,332.0
384,2020-06-03,79.2,82.8,75.0,82.8,4696.0
385,2020-06-04,81.6,90.0,78.0,84.0,24475.0
386,2020-06-05,75.0,84.0,75.0,82.2,11342.0
387,2020-06-08,82.2,82.2,81.6,82.2,1116.0
388,2020-06-09,82.8,87.0,81.6,83.4,6718.0
389,2020-06-10,84.0,96.0,80.4,89.4,26696.0
390,2020-06-11,91.2,100.8,85.8,92.4,108407.0
391,2020-06-12,102.0,114.0,87.0,114.0,272751.0
392,2020-06-15,102.0,111.0,92.4,105.0,51739.0
393,2020-06-16,103.2,105.0,92.4,96.6,30564.0
394,2020-06-17,94.8,99.0,81.0,87.6,87522.0
395,2020-06-18,82.8,88.8,82.8,85.8,20595.0
396,2020-06-19,85.8,90.0,84.0,86.4,18366.0
397,2020-06-22,90.6,90.6,82.8,88.2,22449.0
398,2020-06-23,88.2,92.4,84.0,92.4,67849.0
399,2020-06-24,84.0,93.6,84.0,92.4,31502.0
400,2020-06-25,92.4,93.0,85.8,93.0,14751.0
401,2020-06-26,93.6,95.4,87.6,94.2,14008.0
402,2020-06-29,89.4,95.4,87.0,92.4,7450.0
403,2020-06-30,92.4,95.4,86.4,95.4,14269.0
404,2020-07-01,91.2,94.2,91.2,91.8,17868.0
405,2020-07-02,92.4,94.2,86.4,87.0,21645.0
406,2020-07-06,86.4,93.0,86.4,91.2,21343.0
407,2020-07-07,90.0,93.0,90.0,93.0,23862.0
408,2020-07-08,91.8,93.0,90.0,92.4,9045.0
409,2020-07-09,91.2,93.0,90.0,91.8,11304.0
410,2020-07-10,93.6,102.0,93.0,101.4,21170.0
411,2020-07-13,99.6,103.2,96.6,96.6,17967.0
412,2020-07-14,94.8,96.0,88.2,88.8,14047.0
413,2020-07-15,96.0,96.0,90.6,94.2,2985.0
414,2020-07-16,93.6,98.4,92.4,98.4,21355.0
415,2020-07-17,99.0,99.0,88.8,97.8,31723.0
416,2020-07-20,100.8,101.4,94.8,97.2,14856.0
417,2020-07-21,94.8,98.4,93.6,97.2,4243.0
418,2020-07-22,94.8,100.2,93.0,96.6,5625.0
419,2020-07-23,96.0,99.0,91.8,92.4,9576.0
420,2020-07-24,91.8,95.4,90.0,93.0,3794.0
421,2020-07-27,91.2,92.4,91.2,92.4,1697.0
422,2020-07-28,92.4,92.4,91.2,92.4,1351.0
423,2020-07-29,92.4,92.4,88.8,90.0,2223.0
424,2020-07-30,90.0,92.4,85.8,90.0,18125.0
425,2020-07-31,88.8,91.2,87.0,91.2,7100.0
426,2020-08-03,89.4,89.4,87.0,87.6,2006.0
427,2020-08-04,87.0,87.0,86.4,86.4,1837.0
428,2020-08-05,88.8,88.8,86.4,88.8,1176.0
429,2020-08-06,88.8,90.0,87.0,88.2,1603.0
430,2020-08-07,88.8,90.0,85.8,88.2,8097.0
431,2020-08-10,90.0,90.6,85.8,90.6,2063.0
432,2020-08-11,89.4,92.4,89.4,91.8,4533.0
433,2020-08-12,90.6,91.2,90.0,91.2,1764.0
434,2020-08-13,90.0,92.4,88.8,89.4,4088.0
435,2020-08-14,85.8,87.6,85.8,87.6,2896.0
436,2020-08-17,87.6,87.6,82.8,85.8,3391.0
437,2020-08-18,85.8,88.8,83.4,85.8,3121.0
438,2020-08-19,85.8,87.0,85.8,87.0,1892.0
439,2020-08-20,85.2,87.0,77.4,77.4,28057.0
440,2020-08-21,82.2,87.0,80.4,86.4,6760.0
441,2020-08-24,86.4,86.4,77.4,78.0,14029.0
442,2020-08-25,81.0,81.0,77.4,77.4,6830.0
443,2020-08-26,77.4,82.2,75.0,81.0,36085.0
444,2020-08-27,76.8,81.6,70.2,78.0,20633.0
445,2020-08-28,80.4,81.0,76.8,81.0,5078.0
446,2020-08-31,81.0,81.0,64.8,73.2,10990.0
447,2020-09-01,74.4,76.2,70.8,72.6,2721.0
448,2020-09-02,70.2,72.0,68.4,68.4,4059.0
449,2020-09-03,72.6,72.6,66.6,68.4,9135.0
450,2020-09-04,69.6,71.4,67.8,70.2,16518.0
451,2020-09-08,71.4,71.4,67.8,67.8,1085.0
452,2020-09-09,72.0,72.0,63.0,67.8,4714.0
453,2020-09-10,67.8,69.0,65.4,68.4,5358.0
454,2020-09-11,66.6,66.6,60.6,64.2,19806.0
455,2020-09-14,60.0,60.0,55.2,56.4,21189.0
456,2020-09-15,55.8,60.0,55.2,58.2,7849.0
457,2020-09-16,55.2,57.0,55.2,57.0,7132.0
458,2020-09-17,57.0,58.8,55.2,56.4,34625.0
459,2020-09-18,55.8,70.8,51.6,57.0,556904.0
460,2020-09-21,58.2,58.2,49.8,54.0,212498.0
461,2020-09-22,50.4,52.8,50.4,52.8,95574.0
462,2020-09-23,51.0,52.2,46.8,47.4,46659.0
463,2020-09-24,45.0,50.4,42.6,48.6,45767.0
464,2020-09-25,51.0,51.0,43.2,46.2,9302.0
465,2020-09-28,46.2,46.8,43.8,45.6,40168.0
466,2020-09-29,48.0,48.0,43.8,48.0,33179.0
467,2020-09-30,48.0,48.0,41.4,45.6,39805.0
468,2020-10-01,45.6,46.2,40.2,46.2,18089.0
469,2020-10-02,46.2,50.4,43.2,49.8,38347.0
470,2020-10-05,49.8,49.8,45.6,48.0,9662.0
471,2020-10-06,47.4,48.0,43.8,47.4,4703.0
472,2020-10-07,43.2,49.8,42.0,49.2,20474.0
473,2020-10-08,49.2,49.8,45.0,49.8,19116.0
474,2020-10-09,49.8,49.8,42.6,49.2,6991.0
475,2020-10-12,45.6,50.4,45.6,49.8,102419.0
476,2020-10-13,48.0,50.4,43.8,49.8,20985.0
477,2020-10-14,46.8,49.8,45.6,48.0,23638.0
478,2020-10-15,49.2,49.2,44.4,49.2,20601.0
479,2020-10-16,49.2,49.2,45.6,47.4,22456.0
480,2020-10-19,47.4,64.8,47.4,57.0,536115.0
481,2020-10-20,60.0,73.8,51.0,59.4,1069176.0
482,2020-10-21,62.4,62.4,43.2,45.6,580718.0
483,2020-10-22,48.75,99.75,48.45,90.45,5537415.0
484,2020-10-23,68.55,79.5,65.55,67.2,416160.0
485,2020-10-26,60.9,61.5,51.0,52.2,200118.0
486,2020-10-27,55.2,74.7,53.25,61.2,1157584.0
487,2020-10-28,57.45,71.7,57.45,63.3,590812.0
488,2020-10-29,62.4,65.55,55.8,57.3,216674.0
489,2020-10-30,55.5,58.2,46.8,49.2,177870.0
490,2020-11-02,50.4,54.3,48.15,48.3,133841.0
491,2020-11-03,48.6,50.7,46.65,49.65,72507.0
492,2020-11-04,49.8,51.45,48.0,48.15,57666.0
493,2020-11-05,48.9,50.85,47.55,48.6,62787.0
494,2020-11-06,48.75,50.25,46.05,47.55,43343.0
495,2020-11-09,47.1,49.5,45.45,46.2,46175.0
496,2020-11-10,46.5,47.25,42.15,43.8,42245.0
497,2020-11-11,44.55,44.7,42.0,43.35,56995.0
498,2020-11-12,42.75,44.4,41.25,41.55,53892.0
499,2020-11-13,42.0,43.95,39.15,41.1,64346.0
500,2020-11-16,40.5,42.3,39.9,40.8,41814.0
501,2020-11-17,40.95,46.5,40.95,43.65,128846.0
502,2020-11-18,45.3,46.95,42.45,44.4,91759.0
503,2020-11-19,45.9,48.75,45.15,47.1,36896.0
504,2020-11-20,46.65,53.55,46.65,51.75,69957.0
505,2020-11-23,52.35,61.65,51.75,59.55,186811.0
506,2020-11-24,61.95,63.75,54.0,61.35,122093.0
507,2020-11-25,58.95,63.6,55.05,60.15,138792.0
508,2020-11-27,58.95,65.7,55.95,58.65,188214.0
509,2020-11-30,57.9,58.35,51.0,54.0,159008.0
510,2020-12-01,52.2,58.05,52.2,54.75,222744.0
511,2020-12-02,54.75,57.0,52.8,56.25,34091.0
512,2020-12-03,58.8,59.85,54.15,56.1,79332.0
513,2020-12-04,56.25,58.95,54.75,56.1,17119.0
514,2020-12-07,55.8,56.25,51.15,53.4,37570.0
515,2020-12-08,54.3,61.65,51.75,54.0,34937.0
516,2020-12-09,54.45,55.95,52.5,53.25,9825.0
517,2020-12-10,52.5,55.95,51.15,54.3,7635.0
518,2020-12-11,53.4,59.1,51.3,58.5,56362.0
519,2020-12-14,57.6,58.8,55.65,57.6,40839.0
520,2020-12-15,57.6,66.75,54.75,63.6,44143.0
521,2020-12-16,61.8,69.75,61.5,64.05,38390.0
522,2020-12-17,62.4,90.75,62.4,85.5,268716.0
523,2020-12-18,75.9,78.45,69.0,76.5,209714.0
524,2020-12-21,74.7,75.0,70.35,73.35,23278.0
525,2020-12-22,61.65,70.65,61.65,70.65,73034.0
526,2020-12-23,63.75,65.85,57.45,57.6,55457.0
527,2020-12-24,55.8,57.0,52.5,54.45,31915.0
528,2020-12-28,52.95,54.45,49.35,50.55,79846.0
529,2020-12-29,53.7,54.0,48.75,49.35,38107.0
530,2020-12-30,49.2,53.4,49.2,51.15,33412.0
531,2020-12-31,51.45,52.5,49.35,50.25,5722.0
532,2021-01-04,49.5,49.8,48.75,49.35,10814.0
533,2021-01-05,49.5,52.95,49.35,49.35,16481.0
534,2021-01-06,50.4,52.2,49.05,50.55,21614.0
535,2021-01-07,50.85,51.6,50.25,50.55,10655.0
536,2021-01-08,51.0,56.1,51.0,55.2,64413.0
537,2021-01-11,57.3,59.55,53.55,56.4,36784.0
538,2021-01-12,54.0,57.45,54.0,56.4,23723.0
539,2021-01-13,57.75,59.1,55.95,57.3,24207.0
540,2021-01-14,58.35,58.35,55.5,57.45,16462.0
541,2021-01-15,57.0,57.15,52.5,54.75,26542.0
542,2021-01-19,54.6,54.6,52.2,52.65,34220.0
543,2021-01-20,53.25,55.05,52.2,52.2,46157.0
544,2021-01-21,55.8,59.4,54.75,58.5,236628.0
545,2021-01-22,55.8,58.2,55.8,57.45,30782.0
546,2021-01-25,58.8,58.8,57.15,57.6,37120.0
547,2021-01-26,58.5,58.65,57.0,58.05,25465.0
548,2021-01-27,57.0,57.75,57.0,57.0,27487.0
549,2021-01-28,57.3,57.75,56.55,56.7,15494.0
550,2021-01-29,56.25,57.3,55.5,55.65,18936.0
551,2021-02-01,56.4,57.75,56.4,56.4,13067.0
552,2021-02-02,56.4,57.75,56.25,57.6,13281.0
553,2021-02-03,55.95,62.7,55.95,59.85,125583.0
554,2021-02-04,60.3,61.35,57.3,58.8,68300.0
555,2021-02-05,61.05,61.5,59.25,59.4,77019.0
556,2021-02-08,61.5,62.25,60.0,62.25,43538.0
557,2021-02-09,62.25,63.6,59.55,61.65,51972.0
558,2021-02-10,62.85,63.9,61.65,62.85,38836.0
559,2021-02-11,63.0,63.75,60.15,62.25,23394.0
560,2021-02-12,64.05,67.5,61.2,64.35,72982.0
561,2021-02-16,67.5,69.15,65.7,67.35,50041.0
562,2021-02-17,68.4,69.75,64.8,64.8,26227.0
563,2021-02-18,64.8,64.8,60.15,61.5,23842.0
564,2021-02-19,62.55,64.95,61.95,63.0,20992.0
565,2021-02-22,62.1,62.4,60.15,60.15,17625.0
566,2021-02-23,59.4,60.75,56.1,57.75,31818.0
567,2021-02-24,58.35,60.45,58.05,59.85,6695.0
568,2021-02-25,60.75,63.0,58.5,59.85,21836.0
569,2021-02-26,59.1,59.25,57.0,58.35,47976.0
570,2021-03-01,58.5,61.5,58.5,60.0,35802.0
571,2021-03-02,59.25,61.35,59.25,60.15,6616.0
572,2021-03-03,60.6,61.35,60.0,60.0,17095.0
573,2021-03-04,59.4,61.05,57.75,60.6,17000.0
574,2021-03-05,60.3,60.6,57.0,57.6,26149.0
575,2021-03-08,57.3,57.75,57.0,57.0,13288.0
576,2021-03-09,58.5,58.5,57.0,57.0,6413.0
577,2021-03-10,57.75,57.75,55.95,56.1,10203.0
578,2021-03-11,57.15,58.65,56.1,58.65,9840.0
579,2021-03-12,58.8,58.8,57.6,57.75,3923.0
580,2021-03-15,58.65,58.65,57.75,57.75,16439.0
581,2021-03-16,58.5,59.25,57.0,57.45,52758.0
582,2021-03-17,58.8,64.65,57.45,62.7,318601.0
583,2021-03-18,62.25,68.85,62.25,63.15,101693.0
584,2021-03-19,62.7,66.0,60.9,63.0,23073.0
585,2021-03-22,63.0,66.0,62.55,62.55,13163.0
586,2021-03-23,60.3,62.7,60.3,60.6,4557.0
587,2021-03-24,60.0,63.3,58.2,58.5,21277.0
588,2021-03-25,58.95,59.55,57.15,58.95,22544.0
589,2021-03-26,60.9,60.9,57.9,57.9,1775.0
590,2021-03-29,57.75,58.5,57.75,58.5,2958.0
591,2021-03-30,57.45,58.65,57.45,58.65,4139.0
592,2021-03-31,58.65,62.25,58.65,60.0,28663.0
593,2021-04-01,60.0,61.8,58.05,58.65,16679.0
594,2021-04-05,59.85,62.25,58.8,60.0,8989.0
595,2021-04-06,60.6,62.85,60.6,62.1,12734.0
596,2021-04-07,61.95,62.1,60.0,61.35,12506.0
597,2021-04-08,61.8,62.7,60.3,62.7,11474.0
598,2021-04-09,61.35,62.4,60.3,60.45,11090.0
599,2021-04-12,59.85,60.75,57.75,60.15,28495.0
600,2021-04-13,59.7,59.85,58.05,59.85,6022.0
601,2021-04-14,59.7,60.15,59.25,59.55,14480.0
602,2021-04-15,58.5,62.7,58.5,60.3,19836.0
603,2021-04-16,59.55,60.0,58.65,59.85,29001.0
604,2021-04-19,59.7,61.05,59.7,61.05,8781.0
605,2021-04-20,59.1,60.75,59.1,60.3,27290.0
606,2021-04-21,59.55,60.0,58.8,59.7,1536.0
607,2021-04-22,59.25,60.75,59.25,59.55,42335.0
608,2021-04-23,59.55,60.0,59.4,60.0,46383.0
609,2021-04-26,59.85,61.2,58.5,59.85,32890.0
610,2021-04-27,61.5,61.5,59.7,60.0,16514.0
611,2021-04-28,60.6,61.5,59.55,60.0,12739.0
612,2021-04-29,59.85,60.45,59.55,59.85,16007.0
613,2021-04-30,59.85,59.85,59.1,59.55,7847.0
614,2021-05-03,59.1,59.4,58.5,58.5,21813.0
615,2021-05-04,58.05,58.65,57.0,57.0,8684.0
616,2021-05-05,57.6,57.6,57.3,57.6,1874.0
617,2021-05-06,58.05,58.05,54.15,54.15,53022.0
618,2021-05-07,55.95,58.2,45.45,46.8,109002.0
619,2021-05-10,47.1,49.35,42.15,45.0,67757.0
620,2021-05-11,43.95,46.35,43.95,46.2,7329.0
621,2021-05-12,46.2,47.55,44.7,47.55,29028.0
622,2021-05-13,47.1,48.9,43.2,43.95,185566.0
623,2021-05-14,43.95,46.05,43.95,45.75,5309.0
624,2021-05-17,45.75,45.75,44.85,45.0,18835.0
625,2021-05-18,46.05,46.2,45.6,46.2,5631.0
626,2021-05-19,45.75,46.2,45.3,45.9,16023.0
627,2021-05-20,46.2,47.4,46.2,47.1,5451.0
628,2021-05-21,47.55,47.55,46.95,47.25,3770.0
629,2021-05-24,48.45,49.2,48.0,49.05,10830.0
630,2021-05-25,49.35,54.0,48.3,52.8,111065.0
631,2021-05-26,53.25,53.55,48.75,49.5,37871.0
632,2021-05-27,49.2,52.35,48.0,49.05,19630.0
633,2021-05-28,49.5,49.5,45.75,47.4,11412.0
634,2021-06-01,48.0,48.0,45.0,45.9,27461.0
635,2021-06-02,46.5,47.25,45.6,46.5,19302.0
636,2021-06-03,46.5,47.55,46.2,46.8,10674.0
637,2021-06-04,46.35,46.8,46.35,46.8,2505.0
638,2021-06-07,46.8,46.95,46.5,46.8,3504.0
639,2021-06-08,47.25,50.25,46.65,49.05,13207.0
640,2021-06-09,50.25,67.35,48.0,51.75,334192.0
641,2021-06-10,50.55,51.3,46.65,47.1,23572.0
642,2021-06-11,47.7,47.7,46.65,47.4,4522.0
643,2021-06-14,48.0,49.5,47.25,48.0,9530.0
644,2021-06-15,48.0,48.45,47.25,47.55,11215.0
645,2021-06-16,48.0,48.0,47.25,47.25,889.0
646,2021-06-17,47.4,47.7,46.5,47.7,5597.0
647,2021-06-18,47.25,47.55,45.15,45.75,27916.0
648,2021-06-21,46.35,46.35,45.6,45.6,1982.0
649,2021-06-22,45.45,45.45,45.0,45.3,6505.0
650,2021-06-23,45.6,48.9,45.6,48.15,11041.0
651,2021-06-24,48.0,48.0,45.45,46.35,4687.0
652,2021-06-25,46.95,46.95,46.65,46.8,2039.0
653,2021-06-28,45.9,46.5,45.9,46.2,2771.0
654,2021-06-29,46.2,46.5,46.2,46.2,5455.0
655,2021-06-30,46.95,47.7,45.0,45.0,21438.0
656,2021-07-01,45.3,45.6,44.55,44.85,19286.0
657,2021-07-02,45.0,48.6,44.85,46.65,153648.0
658,2021-07-06,45.3,47.7,44.4,47.7,56109.0
659,2021-07-07,45.3,46.5,45.3,45.45,2818.0
660,2021-07-08,45.0,47.4,45.0,45.45,16041.0
661,2021-07-09,45.3,51.15,45.3,47.55,30565.0
662,2021-07-12,47.85,51.9,47.25,48.6,75736.0
663,2021-07-13,51.75,52.05,49.5,50.7,40232.0
664,2021-07-14,49.8,50.7,49.65,50.1,15910.0
665,2021-07-15,49.95,50.1,48.0,48.3,2463.0
666,2021-07-16,47.7,51.3,47.4,47.85,33303.0
667,2021-07-19,48.45,50.1,46.5,48.9,7424.0
668,2021-07-20,47.7,49.5,47.4,49.5,2681.0
669,2021-07-21,49.2,49.5,48.9,49.5,3751.0
670,2021-07-22,49.05,49.35,46.65,49.35,8986.0
671,2021-07-23,48.75,48.75,46.05,46.05,11941.0
672,2021-07-26,47.7,48.15,42.6,42.6,39557.0
673,2021-07-27,43.2,47.55,40.5,40.5,9097.0
674,2021-07-28,42.6,42.6,41.25,41.55,7507.0
675,2021-07-29,42.0,42.75,41.7,42.15,7758.0
676,2021-07-30,42.0,46.05,41.25,41.25,54039.0
677,2021-08-02,42.9,44.85,41.85,42.15,27377.0
678,2021-08-03,41.4,41.55,40.05,41.4,3643.0
679,2021-08-04,41.4,41.4,40.8,40.8,2034.0
680,2021-08-05,39.15,41.7,35.55,39.6,16123.0
681,2021-08-06,39.6,42.45,38.25,39.6,112200.0
682,2021-08-09,41.85,41.85,39.0,40.8,10012.0
683,2021-08-10,40.65,41.85,36.15,39.0,29538.0
684,2021-08-11,39.45,39.45,38.55,39.3,2283.0
685,2021-08-12,38.85,39.3,38.25,38.25,495.0
686,2021-08-13,38.1,38.1,36.0,37.8,16236.0
687,2021-08-16,36.6,39.0,31.5,37.95,48152.0
688,2021-08-17,36.3,36.3,27.6,27.75,193373.0
689,2021-08-18,27.9,29.7,27.9,28.5,13937.0
690,2021-08-19,28.5,28.5,27.15,27.15,12591.0
691,2021-08-20,27.45,30.0,26.85,26.85,39024.0
692,2021-08-23,26.7,29.85,26.25,29.55,162218.0
693,2021-08-24,29.7,31.5,27.45,30.15,84433.0
694,2021-08-25,29.7,30.0,28.95,29.25,8688.0
695,2021-08-26,30.0,31.5,29.4,30.3,6161.0
696,2021-08-27,30.15,31.05,29.7,29.7,8004.0
697,2021-08-30,29.85,31.65,29.85,30.45,4438.0
698,2021-08-31,30.45,32.4,29.25,30.3,5251.0
699,2021-09-01,30.9,34.95,30.9,30.9,20532.0
700,2021-09-02,32.7,32.7,30.75,30.75,2994.0
701,2021-09-03,30.45,30.45,29.25,29.25,1456.0
702,2021-09-07,32.7,33.75,30.3,32.85,26551.0
703,2021-09-08,31.95,34.05,30.15,31.2,57493.0
704,2021-09-09,31.05,33.15,30.9,32.85,32160.0
705,2021-09-10,31.65,32.85,31.5,32.1,12011.0
706,2021-09-13,31.8,33.45,31.8,32.25,24693.0
707,2021-09-14,32.7,32.85,30.9,32.7,51127.0
708,2021-09-15,33.0,33.15,31.2,32.55,54809.0
709,2021-09-16,33.15,34.5,31.2,32.7,25744.0
710,2021-09-17,32.4,32.4,31.5,31.5,7752.0
711,2021-09-20,31.8,35.25,31.5,31.5,28465.0
712,2021-09-21,31.65,32.85,31.65,32.85,1716.0
713,2021-09-22,35.55,35.55,33.9,34.8,14392.0
714,2021-09-23,36.0,44.7,36.0,41.1,355719.0
715,2021-09-24,39.45,41.85,36.45,38.85,83399.0
716,2021-09-27,38.85,44.7,37.2,40.5,96656.0
717,2021-09-28,42.75,42.75,37.95,37.95,37385.0
718,2021-09-29,38.4,40.8,34.35,36.75,89464.0
719,2021-09-30,36.75,36.75,33.0,33.0,5446.0
720,2021-10-01,33.15,36.15,33.0,36.15,11858.0
721,2021-10-04,34.35,34.95,33.0,33.3,12810.0
722,2021-10-05,33.45,35.7,33.15,33.15,23190.0
723,2021-10-06,32.85,33.3,30.0,30.45,14931.0
724,2021-10-07,30.0,33.3,30.0,31.2,5211.0
725,2021-10-08,31.95,31.95,30.9,31.2,662.0
726,2021-10-11,31.5,36.45,30.75,31.05,17113.0
727,2021-10-12,32.4,34.05,29.25,31.65,7487.0
728,2021-10-13,33.9,33.9,31.65,32.85,4994.0
729,2021-10-14,34.5,36.3,33.0,36.3,10803.0
730,2021-10-15,35.85,36.0,32.55,35.1,9540.0
731,2021-10-18,33.15,33.75,29.85,33.3,13102.0
732,2021-10-19,31.8,32.7,31.65,31.95,11302.0
733,2021-10-20,32.4,33.3,32.4,32.7,8515.0
734,2021-10-21,32.7,33.15,32.1,32.7,23537.0
735,2021-10-22,32.7,36.3,31.95,35.25,72000.0
736,2021-10-25,35.55,35.55,32.7,32.85,10537.0
737,2021-10-26,33.6,34.35,33.0,33.0,1884.0
738,2021-10-27,34.5,34.5,33.45,34.35,3884.0
739,2021-10-28,35.1,36.45,34.5,34.8,12502.0
740,2021-10-29,38.25,38.25,35.4,35.55,4388.0
741,2021-11-01,35.55,36.3,35.25,35.25,2073.0
742,2021-11-02,36.15,36.9,34.65,35.85,115256.0
743,2021-11-03,36.45,37.05,33.0,34.2,44101.0
744,2021-11-04,33.75,33.75,32.55,33.15,3274.0
745,2021-11-05,33.75,33.75,30.0,30.3,10528.0
746,2021-11-08,31.35,31.5,30.6,31.5,24209.0
747,2021-11-09,31.8,32.1,31.5,31.5,6078.0
748,2021-11-10,32.7,32.7,32.25,32.25,642.0
749,2021-11-11,32.85,32.85,31.8,31.95,3583.0
750,2021-11-12,31.8,35.7,30.75,34.65,71099.0
751,2021-11-15,35.25,35.4,34.5,34.5,16144.0
752,2021-11-16,34.65,34.65,32.25,33.3,26026.0
753,2021-11-17,33.9,34.35,33.0,33.15,9658.0
754,2021-11-18,33.75,33.75,28.2,29.1,40654.0
755,2021-11-19,29.55,30.15,27.6,27.6,13758.0
756,2021-11-22,28.8,28.8,26.7,26.7,5073.0
757,2021-11-23,27.9,28.2,26.55,27.45,23167.0
758,2021-11-24,26.25,27.9,26.25,27.15,7486.0
759,2021-11-26,27.6,27.9,25.5,25.5,23096.0
760,2021-11-29,25.95,29.25,25.65,27.75,103213.0
761,2021-11-30,27.0,31.95,27.0,30.15,123084.0
762,2021-12-01,31.35,32.1,29.1,31.95,35803.0
763,2021-12-02,32.25,34.35,29.1,34.2,48384.0
764,2021-12-03,34.2,49.5,31.35,49.5,354346.0
765,2021-12-06,43.2,59.25,39.0,41.85,412142.0
766,2021-12-07,41.7,45.6,40.65,41.25,53433.0
767,2021-12-08,40.65,43.5,40.5,41.1,21827.0
768,2021-12-09,41.7,42.45,40.8,41.55,4799.0
769,2021-12-10,40.8,43.2,40.8,42.75,10806.0
770,2021-12-13,42.9,42.9,40.5,41.7,12673.0
771,2021-12-14,40.8,42.0,40.5,40.95,10281.0
772,2021-12-15,40.5,42.15,40.5,41.1,15472.0
773,2021-12-16,43.8,43.8,41.1,41.4,6101.0
774,2021-12-17,41.25,43.95,38.7,39.0,19958.0
775,2021-12-20,39.0,42.9,38.55,39.9,12326.0
776,2021-12-21,40.2,42.0,39.9,39.9,32666.0
777,2021-12-22,37.35,42.6,37.35,39.75,10961.0
778,2021-12-23,39.75,41.85,37.65,39.9,12963.0
779,2021-12-27,40.35,41.7,40.35,41.25,2431.0
780,2021-12-28,42.0,43.5,41.25,42.45,31912.0
781,2021-12-29,43.2,43.2,40.5,41.7,26667.0
782,2021-12-30,42.3,42.45,41.7,42.45,26803.0
783,2021-12-31,42.3,47.25,41.7,42.45,68636.0
784,2022-01-03,43.5,46.5,43.5,43.95,45339.0
785,2022-01-04,43.95,46.5,43.95,45.3,10005.0
786,2022-01-05,48.0,49.95,45.0,45.0,46606.0
787,2022-01-06,45.15,46.35,44.7,44.7,31744.0
788,2022-01-07,45.3,45.6,44.7,44.85,17580.0
789,2022-01-10,45.75,45.75,44.55,44.85,9715.0
790,2022-01-11,44.85,45.45,40.95,42.45,82361.0
791,2022-01-12,43.35,43.95,42.75,43.05,15715.0
792,2022-01-13,42.45,42.9,40.35,40.65,12655.0
793,2022-01-14,41.25,41.4,40.35,41.4,5222.0
794,2022-01-18,42.0,43.5,40.8,41.4,10046.0
795,2022-01-19,42.0,42.15,40.8,41.25,15097.0
796,2022-01-20,40.35,40.95,39.9,40.2,14431.0
797,2022-01-21,40.2,40.2,37.5,37.5,13887.0
798,2022-01-24,37.5,37.5,29.7,30.3,32376.0
799,2022-01-25,37.2,37.2,31.05,32.55,13518.0
800,2022-01-26,34.05,41.55,30.75,31.5,147029.0
801,2022-01-27,32.7,33.75,31.65,31.65,10629.0
802,2022-01-28,32.4,32.7,30.75,32.7,4550.0
803,2022-01-31,33.0,33.9,31.65,31.65,4182.0
804,2022-02-01,32.4,33.3,31.65,31.8,17679.0
805,2022-02-02,31.8,32.7,31.8,32.4,1806.0
806,2022-02-03,32.4,32.7,31.95,32.25,1064.0
807,2022-02-04,33.0,33.0,31.8,31.8,2628.0
808,2022-02-07,33.0,33.0,30.75,31.8,9030.0
809,2022-02-08,31.5,32.55,31.5,32.25,10423.0
810,2022-02-09,31.95,32.55,31.8,32.4,4052.0
811,2022-02-10,31.95,32.4,31.95,32.1,2342.0
812,2022-02-11,32.55,32.55,31.95,31.95,3155.0
813,2022-02-14,31.95,32.55,31.5,32.1,4647.0
814,2022-02-15,32.4,32.55,31.35,31.95,8553.0
815,2022-02-16,32.4,36.15,31.8,33.0,15977.0
816,2022-02-17,33.75,34.2,32.85,33.75,7210.0
817,2022-02-18,33.15,35.85,33.0,35.85,3461.0
818,2022-02-22,35.7,35.7,33.9,34.2,14415.0
819,2022-02-23,34.2,34.65,33.0,34.65,3994.0
820,2022-02-24,34.65,35.7,33.9,33.9,15774.0
821,2022-02-25,35.1,35.1,33.9,33.9,3501.0
822,2022-02-28,34.95,34.95,33.75,34.5,5468.0
823,2022-03-01,34.8,34.8,34.05,34.65,3134.0
824,2022-03-02,34.65,39.15,34.65,35.85,22132.0
825,2022-03-03,36.15,37.5,36.0,36.9,4625.0
826,2022-03-04,36.9,39.0,36.15,36.15,17112.0
827,2022-03-07,36.15,37.2,36.15,37.2,8188.0
828,2022-03-08,37.5,37.5,34.95,34.95,4515.0
829,2022-03-09,35.7,37.5,35.7,37.5,3615.0
830,2022-03-10,37.5,37.65,36.75,36.9,4623.0
831,2022-03-11,37.2,37.35,34.65,37.2,3950.0
832,2022-03-14,37.2,37.5,34.65,37.5,3784.0
833,2022-03-15,36.0,36.0,34.65,35.25,3152.0
834,2022-03-16,35.25,37.05,34.65,35.85,65128.0
835,2022-03-17,35.7,36.3,35.4,35.7,15703.0
836,2022-03-18,35.7,36.75,35.7,35.7,21896.0
837,2022-03-21,35.7,36.15,35.7,36.0,13455.0
838,2022-03-22,35.85,35.85,35.25,35.25,2265.0
839,2022-03-23,35.55,36.45,35.25,36.45,3226.0
840,2022-03-24,34.65,38.7,34.65,36.15,130953.0
841,2022-03-25,36.75,36.75,33.15,36.15,22141.0
842,2022-03-28,31.8,34.8,31.8,34.8,6876.0
843,2022-03-29,30.9,35.1,30.15,30.3,33585.0
844,2022-03-30,30.0,31.5,30.0,30.45,3335.0
845,2022-03-31,30.75,31.35,30.6,30.75,2581.0
846,2022-04-01,30.75,31.35,30.75,30.75,2537.0
847,2022-04-04,30.9,31.5,30.0,31.5,3935.0
848,2022-04-05,31.05,33.0,31.05,31.35,9896.0
849,2022-04-06,32.7,32.7,32.1,32.7,7651.0
850,2022-04-07,31.35,32.7,30.9,32.7,9908.0
851,2022-04-08,32.4,32.7,32.4,32.7,2569.0
852,2022-04-11,32.25,33.0,32.25,33.0,6234.0
853,2022-04-12,33.45,35.1,33.45,33.75,8718.0
854,2022-04-13,34.5,36.0,34.35,34.35,5732.0
855,2022-04-14,34.5,35.25,33.45,33.45,1229.0
856,2022-04-18,34.05,36.15,34.05,35.7,2419.0
857,2022-04-19,35.7,35.7,35.7,35.7,8.0
858,2022-04-20,37.35,37.35,34.5,34.5,295.0
859,2022-04-21,37.35,37.35,36.15,36.3,3053.0
860,2022-04-22,36.9,37.2,32.7,36.9,4579.0
861,2022-04-25,36.6,37.35,32.7,36.0,2300.0
862,2022-04-26,33.3,35.85,32.7,35.85,743.0
863,2022-04-27,35.25,35.25,35.1,35.1,685.0
864,2022-04-28,33.6,33.6,33.3,33.3,1406.0
865,2022-04-29,35.25,35.25,31.8,31.8,1861.0
866,2022-05-02,33.3,33.3,33.3,33.3,240.0
867,2022-05-03,34.65,34.65,32.4,32.55,918.0
868,2022-05-04,32.55,32.55,32.55,32.55,340.0
869,2022-05-05,33.0,35.1,32.55,35.1,1157.0
870,2022-05-06,34.5,34.5,32.25,34.05,1805.0
871,2022-05-09,33.15,33.15,32.25,32.25,841.0
872,2022-05-10,33.6,33.6,29.55,32.7,3743.0
873,2022-05-11,32.4,32.55,30.15,32.1,2087.0
874,2022-05-12,32.7,32.7,29.4,31.8,3089.0
875,2022-05-13,32.1,32.1,29.55,32.1,1117.0
876,2022-05-16,30.0,32.7,30.0,32.55,2013.0
877,2022-05-17,32.4,32.55,30.0,32.1,1152.0
878,2022-05-18,32.1,32.1,30.0,30.0,442.0
879,2022-05-19,31.95,32.25,30.15,30.15,935.0
880,2022-05-20,31.35,34.5,30.15,33.0,4636.0
881,2022-05-23,34.5,34.5,32.25,33.0,4658.0
882,2022-05-24,33.75,34.5,28.8,28.8,3359.0
883,2022-05-25,31.65,34.5,31.5,33.75,73670.0
884,2022-05-26,30.75,34.5,29.25,34.2,2768.0
885,2022-05-27,34.05,34.5,31.2,34.2,1387.0
886,2022-05-31,34.2,35.25,31.95,31.95,5681.0
887,2022-06-01,30.75,35.25,30.0,35.25,2063.0
888,2022-06-02,35.1,35.4,34.05,34.05,11283.0
889,2022-06-03,35.25,36.0,31.35,31.35,3926.0
890,2022-06-06,35.25,36.0,34.35,36.0,2547.0
891,2022-06-07,36.0,36.75,33.6,34.95,8357.0
892,2022-06-08,33.15,35.4,31.5,35.4,12139.0
893,2022-06-09,32.25,34.8,31.05,34.8,2462.0
894,2022-06-10,34.35,34.95,32.7,32.7,1633.0
895,2022-06-13,33.75,36.45,33.0,35.1,1859.0
896,2022-06-14,34.2,36.9,33.3,36.3,8647.0
897,2022-06-15,36.45,36.75,34.35,36.0,12459.0
898,2022-06-16,36.3,36.75,30.75,35.4,6759.0
899,2022-06-17,32.7,35.1,30.0,34.05,5154.0
900,2022-06-21,33.3,35.25,33.0,33.0,1551.0
901,2022-06-22,31.5,31.5,28.5,29.25,14871.0
902,2022-06-23,29.25,32.25,28.65,31.65,7641.0
903,2022-06-24,31.65,31.65,31.65,31.65,57.0
904,2022-06-27,31.65,32.1,31.65,31.95,3645.0
905,2022-06-28,33.0,34.5,31.35,31.5,29118.0
906,2022-06-29,33.0,33.75,30.6,30.6,17261.0
907,2022-06-30,31.5,33.6,30.75,30.75,2977.0
908,2022-07-01,32.55,32.55,30.75,31.05,638.0
909,2022-07-05,34.05,34.2,30.15,31.35,3234.0
910,2022-07-06,31.95,31.95,30.0,30.0,525.0
911,2022-07-07,31.35,31.35,29.25,30.6,3408.0
912,2022-07-08,31.5,33.0,31.5,32.1,960.0
913,2022-07-11,33.75,33.75,32.1,32.1,333.0
914,2022-07-12,30.3,33.9,30.3,32.85,652.0
915,2022-07-13,30.0,33.0,30.0,33.0,367.0
916,2022-07-14,30.6,33.6,30.6,30.75,819.0
917,2022-07-15,32.85,32.85,32.85,32.85,903.0
918,2022-07-18,30.9,33.3,30.75,32.25,2397.0
919,2022-07-19,30.6,31.35,30.0,30.0,9119.0
920,2022-07-20,32.1,32.1,29.55,31.2,2273.0
921,2022-07-21,29.4,31.05,29.4,31.05,412.0
922,2022-07-22,30.75,30.75,30.75,30.75,340.0
923,2022-07-25,29.25,29.25,27.0,27.15,8946.0
924,2022-07-26,27.75,27.75,25.95,25.95,6639.0
925,2022-07-27,25.5,25.5,21.3,23.55,8390.0
926,2022-07-28,21.75,22.65,21.3,21.45,2607.0
927,2022-07-29,22.35,27.3,22.35,27.3,21817.0
928,2022-08-01,26.55,27.3,24.0,27.3,5750.0
929,2022-08-02,26.7,29.55,26.7,28.95,7160.0
930,2022-08-03,29.4,32.7,29.1,32.7,4335.0
931,2022-08-04,31.2,32.85,31.2,32.7,1352.0
932,2022-08-05,30.6,30.6,28.65,28.65,326.0
933,2022-08-08,31.5,33.3,26.7,33.0,8460.0
934,2022-08-09,34.2,36.6,34.2,34.8,16007.0
935,2022-08-10,34.35,36.3,32.4,32.4,3863.0
936,2022-08-11,32.25,35.7,32.25,35.7,20039.0
937,2022-08-12,35.1,39.45,34.8,36.0,18876.0
938,2022-08-15,33.6,35.55,33.3,35.55,2196.0
939,2022-08-16,35.4,36.0,35.25,35.7,2039.0
940,2022-08-17,36.0,36.15,35.25,35.4,5760.0
941,2022-08-18,34.8,36.6,31.5,36.0,8535.0
942,2022-08-19,35.7,37.5,35.7,36.75,9834.0
943,2022-08-22,38.25,39.0,36.0,38.4,20652.0
944,2022-08-23,36.0,39.0,33.45,35.1,14804.0
945,2022-08-24,37.5,39.0,37.2,37.8,12165.0
946,2022-08-25,39.0,40.35,34.5,40.35,23771.0
947,2022-08-26,39.15,39.3,36.45,39.0,18783.0
948,2022-08-29,37.5,52.5,37.5,46.5,109549.0
949,2022-08-30,42.75,47.25,42.15,44.7,56012.0
950,2022-08-31,52.05,52.5,40.5,49.05,147225.0
951,2022-09-01,49.2,49.65,37.8,44.85,33582.0
952,2022-09-02,44.85,45.0,37.5,39.3,91038.0
953,2022-09-06,40.5,45.75,40.5,40.65,75836.0
954,2022-09-07,42.15,43.95,30.75,34.95,53557.0
955,2022-09-08,36.0,40.35,32.85,39.15,79480.0
956,2022-09-09,40.05,42.0,37.05,40.5,43885.0
957,2022-09-12,42.45,48.0,39.0,48.0,45274.0
958,2022-09-13,39.6,49.05,39.3,46.35,49371.0
959,2022-09-14,51.9,52.35,43.5,45.75,53582.0
960,2022-09-15,43.95,45.0,39.9,42.75,61511.0
961,2022-09-16,40.5,42.15,36.45,37.2,67735.0
962,2022-09-19,35.85,39.0,35.85,37.5,85498.0
963,2022-09-20,39.75,39.9,36.0,36.75,70673.0
964,2022-09-21,35.85,39.75,35.85,38.55,70523.0
965,2022-09-22,39.75,43.05,33.45,35.55,75962.0
966,2022-09-23,35.7,36.75,34.5,36.0,71748.0
967,2022-09-26,38.25,39.9,33.15,36.9,71625.0
968,2022-09-27,38.55,38.85,35.7,36.75,73767.0
969,2022-09-28,37.5,37.8,36.15,36.75,61867.0
970,2022-09-29,36.0,47.85,36.0,46.05,557068.0
971,2022-09-30,45.0,53.7,44.85,53.7,98325.0
972,2022-10-03,53.7,62.7,52.5,60.45,749419.0
973,2022-10-04,58.5,63.75,52.5,60.75,607643.0
974,2022-10-05,61.35,76.8,61.35,74.1,468656.0
975,2022-10-06,73.95,82.35,69.0,80.25,223334.0
976,2022-10-07,77.25,81.0,66.9,73.35,77977.0
977,2022-10-10,67.8,71.25,66.6,69.0,47484.0
978,2022-10-11,67.35,78.6,66.45,76.5,1008509.0
979,2022-10-12,71.85,78.0,65.55,68.7,927282.0
980,2022-10-13,67.5,71.7,63.0,65.1,151199.0
981,2022-10-14,63.45,69.45,63.45,69.0,94521.0
982,2022-10-17,67.5,73.05,66.6,70.2,121438.0
983,2022-10-18,68.55,76.05,68.55,76.05,267712.0
984,2022-10-19,76.35,96.75,73.2,92.4,291917.0
985,2022-10-20,90.0,100.8,81.0,99.15,320198.0
986,2022-10-21,94.05,119.4,92.85,118.05,425206.0
987,2022-10-24,118.2,126.45,106.2,116.25,281587.0
988,2022-10-25,111.9,111.9,90.0,94.8,285424.0
989,2022-10-26,89.4,117.15,88.2,111.6,307872.0
990,2022-10-27,106.5,126.0,106.5,123.45,293265.0
991,2022-10-28,123.9,127.35,114.75,126.0,289253.0
992,2022-10-31,126.0,128.85,121.05,122.55,286193.0
993,2022-11-01,120.3,128.7,116.25,118.65,299664.0
994,2022-11-02,118.35,126.3,106.8,110.25,364262.0
995,2022-11-03,110.55,111.75,100.5,108.75,304186.0
996,2022-11-04,111.15,116.85,105.0,106.95,386912.0
997,2022-11-07,105.3,122.85,105.0,121.5,304105.0
998,2022-11-08,121.65,132.0,114.75,130.65,330381.0
999,2022-11-09,130.5,137.25,121.5,135.9,355203.0
1000,2022-11-10,129.45,154.05,129.45,151.35,439441.0
1001,2022-11-11,144.75,161.1,144.75,148.8,344070.0
1002,2022-11-14,144.15,148.05,112.5,112.65,318039.0
1003,2022-11-15,118.65,123.75,113.7,118.8,290166.0
1004,2022-11-16,116.4,130.35,112.8,127.5,538420.0
1005,2022-11-17,122.4,140.25,118.5,139.5,561596.0
1006,2022-11-18,121.8,121.8,75.6,104.55,700112.0
1007,2022-11-21,42.0,42.15,19.5,20.7,4775212.0
1008,2022-11-22,20.4,20.4,16.95,18.0,1711722.0
1009,2022-11-23,18.45,18.6,16.8,17.55,774010.0
1010,2022-11-25,17.55,18.3,16.8,16.95,526357.0
1011,2022-11-28,16.95,17.4,15.45,15.6,931472.0
1012,2022-11-29,15.75,15.75,13.95,14.25,1368465.0
1013,2022-11-30,14.1,15.0,13.65,14.55,460797.0
1014,2022-12-01,14.25,14.85,13.8,14.25,159836.0
1015,2022-12-02,14.25,15.9,13.95,14.55,468143.0
1016,2022-12-05,15.0,15.3,14.25,14.4,199715.0
1017,2022-12-06,15.0,15.0,13.35,13.8,232961.0
1018,2022-12-07,13.8,14.25,12.3,12.45,273079.0
1019,2022-12-08,12.75,12.9,12.6,12.6,127317.0
1020,2022-12-09,12.3,12.6,11.7,12.0,194831.0
1021,2022-12-12,12.0,12.3,11.85,12.3,68293.0
1022,2022-12-13,12.15,12.45,11.4,11.7,118472.0
1023,2022-12-14,11.55,12.15,11.55,12.0,60203.0
1024,2022-12-15,11.55,11.85,10.65,11.7,152972.0
1025,2022-12-16,10.95,13.5,10.95,13.05,261381.0
1026,2022-12-19,13.35,13.8,13.2,13.65,151532.0
1027,2022-12-20,13.35,14.1,13.35,13.65,121504.0
1028,2022-12-21,13.35,13.8,12.3,12.9,63564.0
1029,2022-12-22,12.9,13.2,12.0,12.45,89184.0
1030,2022-12-23,13.05,13.05,12.3,13.05,88676.0
1031,2022-12-27,12.45,12.9,12.0,12.45,65555.0
1032,2022-12-28,12.15,12.3,11.7,12.3,37081.0
1033,2022-12-29,12.3,12.3,11.7,12.3,26317.0
1034,2022-12-30,12.0,12.75,11.85,12.6,31462.0
1035,2023-01-03,12.6,15.45,12.0,14.4,408322.0
1036,2023-01-04,14.85,16.2,14.55,16.2,306499.0
1037,2023-01-05,15.3,16.2,13.95,13.95,633559.0
1038,2023-01-06,14.1,14.7,11.25,11.25,614813.0
1039,2023-01-09,11.25,12.0,11.25,11.55,64802.0
1040,2023-01-10,11.55,12.15,11.25,11.7,75251.0
1041,2023-01-11,11.7,12.15,11.1,11.55,198966.0
1042,2023-01-12,12.15,12.15,11.1,11.25,170543.0
1043,2023-01-13,11.7,12.6,11.25,12.0,166480.0
1044,2023-01-17,12.3,12.3,11.25,11.55,79777.0
1045,2023-01-18,12.0,12.0,10.95,11.4,98594.0
1046,2023-01-19,11.25,11.7,11.1,11.55,26168.0
1047,2023-01-20,11.1,11.7,11.1,11.7,38250.0
1048,2023-01-23,11.25,11.7,11.25,11.4,30067.0
1049,2023-01-24,11.1,11.7,11.1,11.25,70328.0
1050,2023-01-25,11.25,11.55,11.25,11.55,31566.0
1051,2023-01-26,11.25,11.85,11.25,11.4,46912.0
1052,2023-01-27,11.4,11.7,11.25,11.25,37131.0
1053,2023-01-30,11.25,12.75,11.25,12.15,72262.0
1054,2023-01-31,12.15,12.75,12.0,12.75,53130.0
1055,2023-02-01,12.45,12.75,11.7,12.6,53463.0
1056,2023-02-02,12.15,12.75,12.0,12.15,50781.0
1057,2023-02-03,12.15,12.6,11.7,12.15,88806.0
1058,2023-02-06,11.85,12.0,11.25,11.85,53389.0
1059,2023-02-07,11.7,12.15,11.55,11.55,33358.0
1060,2023-02-08,11.55,12.0,11.25,11.4,34046.0
1061,2023-02-09,11.55,11.7,10.95,10.95,61227.0
1062,2023-02-10,10.65,11.25,10.65,10.8,20339.0
1063,2023-02-13,10.8,10.8,10.65,10.65,44417.0
1064,2023-02-14,10.65,11.25,10.5,10.65,35578.0
1065,2023-02-15,10.5,11.7,10.5,10.65,43361.0
1066,2023-02-16,11.1,11.1,10.5,10.5,38917.0
1067,2023-02-17,10.5,11.1,10.05,10.05,40108.0
1068,2023-02-21,11.1,11.1,9.75,9.9,39444.0
1069,2023-02-22,10.35,10.35,9.45,9.45,35664.0
1070,2023-02-23,9.45,9.6,9.15,9.15,37562.0
1071,2023-02-24,9.15,9.75,9.15,9.45,38106.0
1072,2023-02-27,9.9,9.9,9.15,9.15,43855.0
1073,2023-02-28,9.3,9.75,8.7,8.7,37435.0
1074,2023-03-01,9.0,9.75,8.55,8.85,60438.0
1075,2023-03-02,10.2,10.2,8.85,9.45,28692.0
1076,2023-03-03,9.15,9.9,8.85,9.15,53613.0
1077,2023-03-06,9.0,9.15,8.55,8.55,47162.0
1078,2023-03-07,8.55,8.7,8.55,8.55,24196.0
1079,2023-03-08,8.7,8.85,8.55,8.55,45904.0
1080,2023-03-09,9.0,9.0,8.25,8.55,49536.0
1081,2023-03-10,8.25,8.85,7.8,8.1,15939.0
1082,2023-03-13,8.1,9.0,8.1,8.7,19836.0
1083,2023-03-14,9.0,9.0,8.25,8.25,4722.0
1084,2023-03-15,8.25,8.7,8.25,8.7,5174.0
1085,2023-03-16,9.0,9.0,8.4,9.0,17617.0
1086,2023-03-17,8.25,9.3,8.25,9.15,7379.0
1087,2023-03-20,8.55,9.15,7.8,8.1,24647.0
1088,2023-03-21,8.4,8.4,7.95,8.4,12200.0
1089,2023-03-22,8.7,8.7,7.95,8.7,2200.0
1090,2023-03-23,8.1,9.0,7.95,9.0,51950.0
1091,2023-03-24,8.55,9.0,8.55,9.0,2626.0
1092,2023-03-27,8.85,8.85,7.8,8.55,11654.0
1093,2023-03-28,8.25,8.55,7.95,8.55,2881.0
1094,2023-03-29,8.55,9.0,8.4,9.0,57056.0
1095,2023-03-30,8.85,8.85,8.4,8.85,6753.0
1096,2023-03-31,8.85,9.0,7.95,8.7,7532.0
1097,2023-04-03,9.0,9.0,7.95,8.4,4981.0
1098,2023-04-04,8.1,8.7,8.1,8.7,7124.0
1099,2023-04-05,8.4,9.0,8.25,8.7,13152.0
1100,2023-04-06,8.55,10.05,8.1,10.05,66196.0
1101,2023-04-10,9.75,9.75,9.0,9.6,12975.0
1102,2023-04-11,9.6,9.6,9.15,9.15,7613.0
1103,2023-04-12,9.15,9.3,8.7,8.7,14195.0
1104,2023-04-13,9.0,9.0,8.7,9.0,3254.0
1105,2023-04-14,9.0,9.15,8.4,8.4,6667.0
1106,2023-04-17,8.4,9.75,8.4,9.6,9867.0
1107,2023-04-18,9.6,9.6,8.25,8.25,35934.0
1108,2023-04-19,9.15,9.6,8.25,8.7,32025.0
1109,2023-04-20,9.0,9.45,8.4,8.7,33040.0
1110,2023-04-21,8.55,9.0,8.55,8.7,13905.0
1111,2023-04-24,8.7,9.45,8.55,8.7,10499.0
1112,2023-04-25,8.55,9.15,8.55,8.55,7041.0
1113,2023-04-26,8.55,8.85,8.4,8.55,8871.0
1114,2023-04-27,8.55,9.3,8.1,9.0,12571.0
1115,2023-04-28,9.6,9.9,9.15,9.75,71871.0
1116,2023-05-01,8.85,13.05,8.7,12.9,3150782.0
1117,2023-05-02,12.75,15.75,9.15,10.5,2658729.0
1118,2023-05-03,10.65,10.65,8.7,9.3,695331.0
1119,2023-05-04,9.45,11.1,8.55,9.45,517815.0
1120,2023-05-05,8.7,9.15,8.4,9.15,218297.0
1121,2023-05-08,9.15,9.45,8.55,9.3,145663.0
1122,2023-05-09,9.3,9.3,8.7,9.0,46900.0
1123,2023-05-10,8.85,9.15,8.4,9.15,53016.0
1124,2023-05-11,9.0,9.0,7.5,8.25,192917.0
1125,2023-05-12,8.25,8.25,7.65,7.8,61966.0
1126,2023-05-15,8.1,8.25,7.65,7.95,58877.0
1127,2023-05-16,7.95,8.1,7.65,7.8,36195.0
1128,2023-05-17,7.65,8.1,7.5,7.95,19236.0
1129,2023-05-18,7.8,7.95,7.5,7.8,24368.0
1130,2023-05-19,7.65,7.95,7.5,7.65,12998.0
1131,2023-05-22,7.65,7.8,7.5,7.5,38090.0
1132,2023-05-23,7.5,7.8,7.5,7.8,9424.0
1133,2023-05-24,7.8,7.8,7.5,7.8,7340.0
1134,2023-05-25,7.65,7.8,7.5,7.8,24178.0
1135,2023-05-26,7.95,7.95,7.65,7.65,14588.0
1136,2023-05-30,7.5,7.95,7.5,7.65,68076.0
1137,2023-05-31,7.2,7.65,6.75,7.65,16680.0
1138,2023-06-01,7.65,7.95,7.65,7.95,8570.0
1139,2023-06-02,8.25,8.25,7.05,7.5,54229.0
1140,2023-06-05,7.8,8.1,7.5,7.5,44263.0
1141,2023-06-06,7.5,9.45,7.35,7.95,129410.0
1142,2023-06-07,7.65,7.8,7.2,7.65,41442.0
1143,2023-06-08,7.95,7.95,7.2,7.65,7151.0
1144,2023-06-09,7.5,8.1,7.2,7.8,79940.0
1145,2023-06-12,8.25,8.25,7.2,8.1,57816.0
1146,2023-06-13,8.1,8.4,7.8,8.25,38238.0
1147,2023-06-14,8.1,8.25,7.8,7.8,14198.0
1148,2023-06-15,8.25,8.25,7.5,8.25,12906.0
1149,2023-06-16,8.1,8.1,7.35,8.1,62809.0
1150,2023-06-20,7.8,7.8,7.65,7.65,1455.0
1151,2023-06-21,7.5,8.25,7.5,7.8,22633.0
1152,2023-06-22,7.95,8.25,7.35,7.65,30371.0
1153,2023-06-23,7.5,8.4,7.5,7.65,28075.0
1154,2023-06-26,7.5,7.8,7.5,7.8,6141.0
1155,2023-06-27,7.8,7.8,7.5,7.8,7388.0
1156,2023-06-28,7.8,7.8,7.5,7.8,19993.0
1157,2023-06-29,7.8,7.8,7.5,7.8,11504.0
1158,2023-06-30,7.5,8.1,7.05,7.5,47504.0
1159,2023-07-03,7.65,7.8,7.05,7.5,13738.0
1160,2023-07-05,7.05,7.5,7.05,7.2,20458.0
1161,2023-07-06,7.35,7.5,7.05,7.2,24499.0
1162,2023-07-07,7.2,7.35,7.2,7.2,2480.0
1163,2023-07-10,7.35,7.35,7.2,7.35,4243.0
1164,2023-07-11,7.35,8.1,7.2,7.8,42247.0
1165,2023-07-12,8.1,8.1,7.65,7.65,17838.0
1166,2023-07-13,7.8,7.95,7.35,7.5,30929.0
1167,2023-07-14,7.8,7.8,7.2,7.5,49018.0
1168,2023-07-17,7.5,8.4,7.5,7.8,41776.0
1169,2023-07-18,7.8,8.4,7.65,7.95,21136.0
1170,2023-07-19,7.95,7.95,7.65,7.8,44156.0
1171,2023-07-20,8.1,8.7,8.1,8.55,80876.0
1172,2023-07-21,8.55,9.0,8.4,9.0,29538.0
1173,2023-07-24,9.0,9.75,8.7,9.45,64727.0
1174,2023-07-25,9.6,10.2,9.45,9.9,39677.0
1175,2023-07-26,9.9,10.65,9.0,10.05,132384.0
1176,2023-07-27,9.75,10.65,9.75,10.35,99984.0
1177,2023-07-28,10.05,11.1,10.05,10.8,205393.0
1178,2023-07-31,11.1,11.25,10.35,10.35,130180.0
1179,2023-08-01,9.9,10.5,9.0,9.45,70686.0
1180,2023-08-02,9.45,9.9,9.3,9.3,18434.0
1181,2023-08-03,9.6,9.6,9.3,9.3,3348.0
1182,2023-08-04,9.3,9.3,8.7,8.7,19566.0
1183,2023-08-07,8.7,9.3,8.7,8.85,2266.0
1184,2023-08-08,9.3,9.3,7.65,7.65,148016.0
1185,2023-08-09,7.65,7.95,7.5,7.65,23467.0
1186,2023-08-10,7.65,7.8,7.65,7.8,4460.0
1187,2023-08-11,7.65,7.65,7.5,7.65,3244.0
1188,2023-08-14,7.65,8.7,7.5,8.55,98166.0
1189,2023-08-15,9.0,9.45,8.4,9.0,35399.0
1190,2023-08-16,8.7,9.45,8.55,9.45,28438.0
1191,2023-08-17,9.15,9.15,9.0,9.0,6654.0
1192,2023-08-18,8.7,8.7,8.4,8.4,3968.0
1193,2023-08-21,7.8,7.95,7.8,7.95,13201.0
1194,2023-08-22,8.4,8.7,7.8,8.7,78559.0
1195,2023-08-23,7.95,8.25,7.8,8.1,398938.0
1196,2023-08-24,7.5,7.8,7.5,7.8,22658.0
1197,2023-08-25,7.8,8.1,7.8,7.8,12524.0
1198,2023-08-28,7.8,7.95,7.8,7.95,6705.0
1199,2023-08-29,7.8,7.95,7.8,7.8,5806.0
1200,2023-08-30,7.8,7.8,7.8,7.8,1147.0
1201,2023-08-31,7.5,7.95,7.5,7.95,1746.0
1202,2023-09-01,7.8,8.1,7.8,7.8,13650.0
1203,2023-09-05,7.8,7.8,7.5,7.5,4323.0
1204,2023-09-06,7.5,8.25,7.05,7.65,256759.0
1205,2023-09-07,7.65,7.8,7.35,7.8,200457.0
1206,2023-09-08,7.5,7.95,7.05,7.65,51826.0
1207,2023-09-11,7.5,7.95,7.05,7.8,13830.0
1208,2023-09-12,8.1,8.1,7.35,7.35,3129.0
1209,2023-09-13,7.5,7.65,7.35,7.35,2524.0
1210,2023-09-14,7.8,7.8,7.05,7.05,7703.0
1211,2023-09-15,7.05,7.2,7.05,7.2,5772.0
1212,2023-09-18,7.05,7.5,7.05,7.05,18043.0
1213,2023-09-19,7.5,7.5,7.05,7.35,8929.0
1214,2023-09-20,7.5,7.5,7.5,7.5,9177.0
1215,2023-09-21,7.5,7.8,7.2,7.8,2876.0
1216,2023-09-22,7.2,8.1,7.2,7.5,2842.0
1217,2023-09-25,7.2,8.4,7.2,7.5,2476.0
1218,2023-09-26,7.8,8.1,7.5,8.1,3209.0
1219,2023-09-27,7.5,8.1,7.2,8.1,4503.0
1220,2023-09-28,7.2,8.1,7.2,7.5,772.0
1221,2023-09-29,7.65,7.8,7.65,7.8,356.0
1222,2023-10-02,7.95,7.95,7.05,7.95,8348.0
1223,2023-10-03,7.65,7.65,7.5,7.65,840.0
1224,2023-10-04,7.65,8.1,7.65,8.1,10892.0
1225,2023-10-05,7.8,8.25,7.8,7.8,2680.0
1226,2023-10-06,8.1,8.25,7.8,8.25,5154.0
1227,2023-10-09,7.8,8.4,7.8,8.4,6306.0
1228,2023-10-10,8.1,8.25,8.1,8.25,664.0
1229,2023-10-11,8.25,8.25,7.8,8.25,7841.0
1230,2023-10-12,8.1,8.4,8.1,8.4,1217.0
1231,2023-10-13,7.8,8.4,7.65,8.1,2518.0
1232,2023-10-16,8.1,8.1,8.1,8.1,14713.0
1233,2023-10-17,7.95,8.7,7.8,8.1,700119.0
1234,2023-10-18,7.35,7.8,6.6,7.2,85480.0
1235,2023-10-19,6.75,7.05,6.75,6.9,9384.0
1236,2023-10-20,6.768,7.0605,6.4575,6.468,37777.0
1237,2023-10-23,6.4725,6.4725,5.925,5.9415,53027.0
1238,2023-10-24,5.9415,5.9985,5.634,5.634,29967.0
1239,2023-10-25,5.61,5.9985,5.5515,5.5575,13233.0
1240,2023-10-26,5.64,6.0,5.64,5.7015,5919.0
1241,2023-10-27,5.643,6.15,5.553,5.553,3033.0
1242,2023-10-30,5.5515,6.0,5.5515,5.85,9122.0
1243,2023-10-31,5.5515,6.015,5.5515,5.7,6773.0
1244,2023-11-01,5.8515,6.132,5.85,5.85,9087.0
1245,2023-11-02,5.85,6.6,5.85,5.8515,11497.0
1246,2023-11-03,5.8515,5.9235,5.3895,5.7465,22093.0
1247,2023-11-06,5.565,5.85,5.565,5.85,894.0
1248,2023-11-07,5.565,5.64,4.9995,5.0265,25830.0
1249,2023-11-08,5.115,5.355,5.115,5.34,1791.0
1250,2023-11-09,4.7655,5.4615,4.7655,4.995,16790.0
1251,2023-11-10,4.7265,5.1135,4.527,4.74,14471.0
1252,2023-11-13,4.9605,5.0985,4.7385,4.7385,15052.0
1253,2023-11-14,4.7385,4.8465,4.7385,4.7385,3705.0
1254,2023-11-15,4.7385,5.1,4.7385,4.7385,3810.0
1255,2023-11-16,4.7385,5.0235,4.5,4.545,21946.0
1256,2023-11-17,4.5,5.0475,4.5,4.5,31875.0
1257,2023-11-20,4.5,4.95,4.5,4.782,44123.0
1258,2023-11-21,4.8,5.4,4.515,5.3235,104464.0
1259,2023-11-22,5.25,5.4,4.5,4.5255,254026.0
1260,2023-11-24,4.5,4.8,4.5,4.683,14103.0
1261,2023-11-27,4.764,4.95,4.65,4.65,11533.0
1262,2023-11-28,4.7325,4.8,4.65,4.68,4467.0
1263,2023-11-29,4.68,4.95,4.605,4.8345,12823.0
1264,2023-11-30,4.575,4.6875,4.353,4.356,26151.0
1265,2023-12-01,4.5,4.575,4.0665,4.1265,20853.0
1266,2023-12-04,4.2,4.2,3.75,3.99,25048.0
1267,2023-12-05,4.02,4.1985,3.87,4.05,11314.0
1268,2023-12-06,4.05,4.203,4.05,4.2,18245.0
1269,2023-12-07,4.2,4.2015,3.99,3.99,3364.0
1270,2023-12-08,3.705,4.0485,3.66,3.765,20395.0
1271,2023-12-11,3.8085,3.9,3.3,3.3015,26499.0
1272,2023-12-12,3.21,3.45,3.0885,3.1725,27653.0
1273,2023-12-13,3.003,3.2325,3.003,3.18,18680.0
1274,2023-12-14,3.003,3.3,3.003,3.15,81981.0
1275,2023-12-15,3.003,3.2145,3.003,3.06,12565.0
1276,2023-12-18,3.003,3.372,3.003,3.132,41548.0
1277,2023-12-19,3.15,3.747,3.03,3.732,1103455.0
1278,2023-12-20,3.555,3.6,3.15,3.45,287600.0
1279,2023-12-21,3.402,3.45,3.03,3.375,95948.0
1280,2023-12-22,3.3,3.753,3.075,3.27,105769.0
1281,2023-12-26,3.1755,3.399,3.075,3.3,30897.0
1282,2023-12-27,3.303,3.366,3.1215,3.339,49663.0
1283,2023-12-28,3.18,3.3,3.0315,3.225,26395.0
1284,2023-12-29,3.0885,3.3,3.0465,3.0495,36175.0
1285,2024-01-02,3.0495,3.3,3.045,3.1875,18752.0
1286,2024-01-03,3.39,3.705,3.39,3.5865,104426.0
1287,2024-01-04,3.45,3.45,3.3,3.45,35813.0
1288,2024-01-05,3.3045,3.45,3.3045,3.4275,15334.0
1289,2024-01-08,3.3405,3.45,3.2265,3.3,25056.0
1290,2024-01-09,3.3,3.3,3.24,3.3,10550.0
1291,2024-01-10,3.27,3.3,3.2265,3.3,7546.0
1292,2024-01-11,3.3825,3.3825,3.03,3.0465,28364.0
1293,2024-01-12,3.15,3.15,3.045,3.105,2793.0
1294,2024-01-16,3.084,3.1485,2.763,2.7675,79960.0
1295,2024-01-17,2.763,2.8845,2.7,2.8275,7219.0
1296,2024-01-18,2.8275,2.997,2.763,2.8335,5969.0
1297,2024-01-19,2.91,2.91,2.5605,2.5605,51991.0
1298,2024-01-22,2.625,2.625,2.409,2.4435,21598.0
1299,2024-01-23,2.55,2.6535,2.1,2.1375,142240.0
1300,2024-01-24,2.241,2.241,1.95,2.0985,157715.0
1301,2024-01-25,2.649,2.649,1.9815,2.1345,984141.0
1302,2024-01-26,2.2,2.58,1.77,2.36,96256.0
1303,2024-01-29,2.97,3.03,1.8,2.34,1852119.0
