,date,open,high,low,close,volume
0,2024-01-10,1.2,1.37,0.9001,1.36,1059457.0
1,2024-01-11,1.21,1.3,1.12,1.3,25553.0
2,2024-01-12,1.2,1.3,1.15,1.18,6528.0
3,2024-01-16,1.14,1.21,1.0657,1.18,10690.0
4,2024-01-17,1.24,1.24,1.1,1.19,2685.0
5,2024-01-18,1.2023,1.24,1.2,1.24,2033.0
6,2024-01-19,1.24,1.24,1.11,1.195,3889.0
7,2024-01-22,1.16,1.19,1.0336,1.0501,16942.0
8,2024-01-23,1.08,1.09,1.01,1.01,10991.0
9,2024-01-24,1.06,1.2007,1.0287,1.0287,4999.0
10,2024-01-25,1.03,1.055,1.01,1.055,5008.0
11,2024-01-26,1.05,1.09,1.05,1.09,1041.0
12,2024-01-29,1.02,1.11,1.0,1.02,3270.0
