,date,open,high,low,close,volume
0,2019-12-09,47.22,47.22,46.52,46.98,8382003.0
1,2019-12-10,46.64,47.52,46.53,47.38,7020624.0
2,2019-12-11,47.38,47.52,45.93,45.94,7421517.0
3,2019-12-12,46.23,48.45,46.1,48.34,8978026.0
4,2019-12-13,48.37,48.92,47.9,48.28,7674364.0
5,2019-12-16,48.79,49.01,48.37,48.48,9003022.0
6,2019-12-17,48.54,49.03,48.29,48.93,6770544.0
7,2019-12-18,49.06,49.18,48.5,48.58,10230007.0
8,2019-12-19,48.64,48.78,48.11,48.4,6140168.0
9,2019-12-20,46.55,48.86,46.55,48.56,11611300.0
10,2019-12-23,48.82,48.84,48.36,48.46,4842619.0
11,2019-12-24,48.56,48.61,48.3,48.42,1785054.0
12,2019-12-26,48.54,49.0,48.45,48.98,2833558.0
13,2019-12-27,49.03,49.07,48.6,48.74,3232850.0
14,2019-12-30,48.96,49.1,48.58,48.68,3547406.0
15,2019-12-31,48.7,48.85,48.33,48.58,4090806.0
16,2020-01-02,48.67,48.94,48.14,48.93,5154451.0
17,2020-01-03,48.41,48.56,47.92,48.46,4434306.0
18,2020-01-06,47.75,48.06,47.41,47.99,9678754.0
19,2020-01-07,47.93,47.93,47.35,47.75,5272865.0
20,2020-01-08,47.68,48.08,47.57,47.87,6232660.0
21,2020-01-09,48.17,48.48,47.97,48.44,5700635.0
22,2020-01-10,48.64,48.76,47.99,48.22,5032565.0
23,2020-01-13,48.06,48.49,47.95,48.48,6121867.0
24,2020-01-14,48.44,48.75,48.17,48.62,5214113.0
25,2020-01-15,48.17,48.38,47.16,47.39,5899943.0
26,2020-01-16,47.45,48.13,47.45,48.12,4493814.0
27,2020-01-17,48.56,48.64,48.11,48.55,5789279.0
28,2020-01-21,48.31,48.79,48.1,48.54,6698609.0
29,2020-01-22,48.76,48.76,48.39,48.6,3952782.0
30,2020-01-23,48.25,48.65,47.5,48.62,4256439.0
31,2020-01-24,48.56,48.61,47.28,47.74,5520177.0
32,2020-01-27,46.78,47.23,46.6,46.94,5952307.0
33,2020-01-28,47.27,47.65,47.0,47.22,4390287.0
34,2020-01-29,47.35,47.51,45.91,46.12,5487490.0
35,2020-01-30,45.11,45.36,41.63,44.39,13251608.0
36,2020-01-31,44.12,44.14,43.5,43.83,7724865.0
37,2020-02-03,44.24,45.2,44.23,44.76,5448581.0
38,2020-02-04,45.66,46.17,45.35,45.42,4517119.0
39,2020-02-05,46.08,46.94,46.04,46.69,4895969.0
40,2020-02-06,46.91,47.14,46.06,46.44,4377001.0
41,2020-02-07,45.93,46.66,45.59,46.53,4123181.0
42,2020-02-10,46.1,46.68,46.1,46.59,2885002.0
43,2020-02-11,46.63,47.38,46.63,47.07,3769260.0
44,2020-02-12,47.45,47.73,46.47,46.7,4264505.0
45,2020-02-13,46.67,47.62,46.5,47.53,4162662.0
46,2020-02-14,47.51,47.68,47.1,47.65,4074171.0
47,2020-02-18,47.34,47.51,46.25,46.72,4265811.0
48,2020-02-19,46.97,47.36,46.76,47.32,3414644.0
49,2020-02-20,47.1,48.15,46.94,48.02,5185592.0
50,2020-02-21,47.54,47.81,46.95,47.56,5640328.0
51,2020-02-24,46.36,47.05,45.98,46.48,7350918.0
52,2020-02-25,46.46,46.49,43.86,44.02,7233299.0
53,2020-02-26,44.42,44.92,43.36,43.41,6856782.0
54,2020-02-27,42.5,42.94,40.25,40.26,7471655.0
55,2020-02-28,38.76,39.62,37.63,38.85,10747242.0
56,2020-03-02,40.81,41.53,38.32,41.52,8156663.0
57,2020-03-03,41.1,42.11,39.15,39.6,10348505.0
58,2020-03-04,39.95,40.31,38.57,40.09,9533194.0
59,2020-03-05,38.13,38.22,35.73,36.32,12104129.0
60,2020-03-06,34.2,35.2,32.26,33.38,13966399.0
61,2020-03-09,29.17,30.66,26.6,27.22,15081824.0
62,2020-03-10,28.94,29.58,26.64,29.05,14818147.0
63,2020-03-11,27.79,28.2,26.02,26.37,11488070.0
64,2020-03-12,23.03,25.87,21.65,22.93,12378589.0
65,2020-03-13,25.49,26.85,23.35,26.54,12391376.0
66,2020-03-16,21.18,23.03,16.72,20.08,12016840.0
67,2020-03-17,20.99,22.45,18.65,21.98,14132562.0
68,2020-03-18,19.94,22.18,18.75,21.03,11291563.0
69,2020-03-19,20.32,24.71,19.23,22.68,10763116.0
70,2020-03-20,23.02,23.4,20.71,22.75,15605695.0
71,2020-03-23,20.71,21.84,18.22,18.4,12832477.0
72,2020-03-24,19.64,23.1,18.94,22.83,10396825.0
73,2020-03-25,22.75,24.71,21.56,23.38,13398767.0
74,2020-03-26,23.54,27.38,23.25,26.99,10238447.0
75,2020-03-27,25.2,27.47,24.97,25.98,8639477.0
76,2020-03-30,25.87,26.24,24.39,25.27,7813051.0
77,2020-03-31,24.52,25.14,22.92,23.55,8326838.0
78,2020-04-01,21.31,22.0,20.8,21.18,9102295.0
79,2020-04-02,21.0,22.32,20.34,21.19,8909146.0
80,2020-04-03,20.95,21.28,19.12,19.92,9002033.0
81,2020-04-06,21.86,23.1,21.17,22.48,11721412.0
82,2020-04-07,24.63,25.04,23.13,23.3,11735734.0
83,2020-04-08,23.75,25.65,23.59,25.41,8369451.0
84,2020-04-09,26.43,28.83,26.26,28.82,9661001.0
85,2020-04-13,28.77,28.85,26.4,26.65,7753350.0
86,2020-04-14,27.44,27.91,25.5,26.07,6447412.0
87,2020-04-15,24.4,24.83,23.86,24.02,8380605.0
88,2020-04-16,24.23,24.23,21.95,22.35,5858791.0
89,2020-04-17,23.61,26.21,23.55,26.11,8133176.0
90,2020-04-20,26.21,27.79,25.48,26.84,8271306.0
91,2020-04-21,26.62,27.28,25.8,26.74,7740918.0
92,2020-04-22,27.27,27.85,26.39,26.71,7738864.0
93,2020-04-23,26.77,27.89,26.77,27.0,4777643.0
94,2020-04-24,27.3,28.52,26.94,28.19,6264290.0
95,2020-04-27,28.31,30.45,27.95,30.18,6374987.0
96,2020-04-28,31.56,32.35,30.17,30.23,7587698.0
97,2020-04-29,31.37,32.49,30.55,31.91,7180661.0
98,2020-04-30,30.62,30.95,29.68,30.03,5546881.0
99,2020-05-01,28.9,29.09,27.68,28.15,5396081.0
100,2020-05-04,27.59,28.36,26.97,28.27,5903224.0
101,2020-05-05,28.78,29.5,27.9,27.96,5608111.0
102,2020-05-06,28.24,28.41,27.0,27.02,4437130.0
103,2020-05-07,27.46,29.28,27.46,27.95,5356230.0
104,2020-05-08,28.99,29.31,28.27,28.95,4282638.0
105,2020-05-11,28.35,28.35,26.7,27.13,4972574.0
106,2020-05-12,27.3,27.68,25.69,25.77,6982517.0
107,2020-05-13,25.42,25.62,23.32,24.34,9941405.0
108,2020-05-14,23.85,25.51,23.03,25.22,8855112.0
109,2020-05-15,24.69,25.29,24.35,24.51,7437464.0
110,2020-05-18,26.21,27.59,26.06,27.31,6456814.0
111,2020-05-19,26.64,26.94,25.48,25.5,5837590.0
112,2020-05-20,26.24,27.12,26.21,26.93,5373582.0
113,2020-05-21,26.48,27.32,26.44,26.63,4933858.0
114,2020-05-22,26.65,26.98,25.92,26.45,4227476.0
115,2020-05-26,28.35,30.1,27.96,29.35,7618514.0
116,2020-05-27,32.52,32.9,30.99,32.66,8391806.0
117,2020-05-28,33.38,33.46,30.92,31.31,8038730.0
118,2020-05-29,30.59,30.9,29.45,29.94,8674730.0
119,2020-06-01,30.23,31.6,30.0,31.22,6065961.0
120,2020-06-02,31.72,32.03,30.41,30.77,7844571.0
121,2020-06-03,32.16,33.39,31.67,33.13,5781003.0
122,2020-06-04,32.82,35.04,32.52,35.03,6255761.0
123,2020-06-05,38.36,38.96,36.57,37.47,10788133.0
124,2020-06-08,38.52,39.69,38.43,39.53,10430295.0
125,2020-06-09,37.77,38.57,37.23,37.84,9148635.0
126,2020-06-10,37.41,37.7,34.66,34.67,9845226.0
127,2020-06-11,31.46,32.43,30.61,30.64,11823830.0
128,2020-06-12,33.25,33.25,30.73,32.63,7954462.0
129,2020-06-15,30.66,33.05,30.56,32.99,7428662.0
130,2020-06-16,35.01,35.12,32.95,34.23,6766483.0
131,2020-06-17,34.56,34.64,33.36,33.44,3942184.0
132,2020-06-18,32.84,34.27,32.67,33.66,3813958.0
133,2020-06-19,34.61,34.61,32.35,32.5,13506946.0
134,2020-06-22,31.89,32.95,31.75,32.69,4237888.0
135,2020-06-23,33.36,34.03,32.98,33.2,4378533.0
136,2020-06-24,32.27,32.52,30.68,30.82,7135366.0
137,2020-06-25,30.59,32.01,30.38,31.71,5934488.0
138,2020-06-26,30.7,30.83,28.82,29.11,9393053.0
139,2020-06-29,29.86,30.54,29.34,29.9,4903524.0
140,2020-06-30,29.49,31.03,29.49,30.71,7230496.0
141,2020-07-01,30.98,31.05,29.49,29.57,6076352.0
142,2020-07-02,30.7,31.25,29.55,29.58,5578498.0
143,2020-07-06,30.63,31.09,29.53,29.85,3787812.0
144,2020-07-07,29.26,29.29,28.22,28.46,6080306.0
145,2020-07-08,28.29,29.01,27.79,28.48,5016745.0
146,2020-07-09,28.17,28.28,26.63,26.77,4815799.0
147,2020-07-10,26.77,28.42,26.77,28.36,4393163.0
148,2020-07-13,28.79,29.23,27.91,28.77,6138754.0
149,2020-07-14,28.65,29.18,27.8,28.34,6329508.0
150,2020-07-15,29.44,30.36,29.06,30.09,6954504.0
151,2020-07-16,30.11,31.1,29.24,30.38,5062372.0
152,2020-07-17,30.31,30.41,29.45,29.46,4440616.0
153,2020-07-20,29.32,29.42,28.75,28.88,2793223.0
154,2020-07-21,29.1,30.71,29.1,30.41,5086367.0
155,2020-07-22,29.58,30.38,29.4,30.33,5834196.0
156,2020-07-23,30.08,31.23,30.0,31.06,4311541.0
157,2020-07-24,31.32,31.49,30.57,30.9,3966269.0
158,2020-07-27,30.41,30.64,29.51,29.83,4229917.0
159,2020-07-28,29.53,30.35,29.5,30.03,3362142.0
160,2020-07-29,29.88,31.57,29.65,31.5,4405997.0
161,2020-07-30,30.27,30.51,29.35,30.4,3519051.0
162,2020-07-31,30.28,30.66,29.73,30.62,5053019.0
163,2020-08-03,30.56,31.2,30.02,30.93,4142130.0
164,2020-08-04,30.94,31.12,29.94,30.34,4716568.0
165,2020-08-05,30.66,31.09,30.54,30.82,3480734.0
166,2020-08-06,30.51,31.01,30.3,30.71,3110640.0
167,2020-08-07,30.39,32.27,30.16,32.22,3777807.0
168,2020-08-10,32.34,33.24,32.28,32.58,3803856.0
169,2020-08-11,34.36,35.2,33.61,33.86,7344222.0
170,2020-08-12,34.77,34.95,33.28,33.97,10482802.0
171,2020-08-13,33.3,33.49,32.15,32.43,4911381.0
172,2020-08-14,32.11,33.56,31.91,33.11,3620317.0
173,2020-08-17,32.75,33.0,32.13,32.35,3264099.0
174,2020-08-18,32.47,32.5,31.39,31.52,2638618.0
175,2020-08-19,31.76,32.38,31.4,31.56,3700640.0
176,2020-08-20,30.93,31.35,30.5,30.82,2921700.0
177,2020-08-21,30.76,31.14,30.37,30.52,3193892.0
178,2020-08-24,30.69,32.28,30.49,32.26,4001441.0
179,2020-08-25,32.94,33.14,31.94,32.43,3363349.0
180,2020-08-26,32.07,32.19,31.47,31.48,3158990.0
181,2020-08-27,31.53,33.07,31.43,32.82,3525119.0
182,2020-08-28,33.19,33.24,32.61,33.2,2979866.0
183,2020-08-31,33.13,33.19,32.32,32.42,3807304.0
184,2020-09-01,32.36,33.17,31.74,32.78,4673306.0
185,2020-09-02,32.48,33.33,32.23,33.02,6730587.0
186,2020-09-03,33.43,34.65,32.05,32.22,7440813.0
187,2020-09-04,33.36,33.71,32.19,32.77,8359568.0
188,2020-09-08,32.3,32.39,30.77,31.52,7760253.0
189,2020-09-09,31.81,31.97,31.05,31.44,5423278.0
190,2020-09-10,31.62,32.07,30.78,30.82,4210906.0
191,2020-09-11,30.93,31.85,30.66,31.84,4706057.0
192,2020-09-14,32.09,33.5,31.97,33.37,5402583.0
193,2020-09-15,33.27,33.35,32.55,33.02,5804602.0
194,2020-09-16,32.83,34.27,32.59,33.86,5211175.0
195,2020-09-17,33.14,33.65,32.62,32.87,5512235.0
196,2020-09-18,32.6,33.24,32.46,32.77,6460026.0
197,2020-09-21,31.61,31.93,30.39,30.95,6251704.0
198,2020-09-22,30.75,31.31,29.54,29.86,4628326.0
199,2020-09-23,30.19,30.76,29.04,29.04,4605014.0
200,2020-09-24,29.42,29.95,28.7,29.08,4114598.0
201,2020-09-25,28.62,29.84,28.47,29.78,3570263.0
202,2020-09-28,30.43,31.41,30.34,31.06,5055716.0
203,2020-09-29,30.91,30.91,29.85,30.62,5172931.0
204,2020-09-30,30.65,31.85,30.61,31.66,7952488.0
205,2020-10-01,31.79,32.47,31.47,32.36,8545373.0
206,2020-10-02,31.74,33.85,31.55,33.59,6899779.0
207,2020-10-05,34.03,35.01,34.02,34.85,5296723.0
208,2020-10-06,35.24,36.28,34.26,34.43,5845833.0
209,2020-10-07,35.04,36.29,35.04,35.64,6073672.0
210,2020-10-08,35.98,36.77,35.66,36.67,4893648.0
211,2020-10-09,36.97,37.07,36.11,36.82,5933331.0
212,2020-10-12,36.64,37.23,36.44,37.07,5250783.0
213,2020-10-13,36.72,36.95,35.99,36.21,5186595.0
214,2020-10-14,36.46,36.72,35.71,35.84,6382461.0
215,2020-10-15,36.58,36.61,34.61,35.72,6180189.0
216,2020-10-16,35.69,35.81,34.55,35.26,4698737.0
217,2020-10-19,35.43,35.94,34.99,35.18,3578700.0
218,2020-10-20,35.63,36.81,35.57,35.7,4306486.0
219,2020-10-21,35.33,35.8,35.16,35.51,5700366.0
220,2020-10-22,35.41,37.14,35.38,37.06,3896222.0
221,2020-10-23,37.5,38.01,36.78,37.55,3534281.0
222,2020-10-26,36.74,36.92,36.14,36.64,4871257.0
223,2020-10-27,36.39,36.53,35.32,35.34,4024451.0
224,2020-10-28,34.17,35.38,34.13,34.73,7172170.0
225,2020-10-29,34.4,35.73,33.66,35.46,4418807.0
226,2020-10-30,35.31,35.79,34.83,35.73,5415089.0
227,2020-11-02,36.37,37.38,35.7,37.09,6477969.0
228,2020-11-03,38.34,38.79,37.8,38.37,5812330.0
229,2020-11-04,36.87,37.5,35.59,36.29,5209499.0
230,2020-11-05,36.31,38.82,36.27,38.54,6606366.0
231,2020-11-06,38.81,38.81,36.42,36.6,4892630.0
232,2020-11-09,41.03,43.33,41.01,42.13,10476520.0
233,2020-11-10,41.05,42.93,40.59,42.65,6279320.0
234,2020-11-11,42.81,42.89,41.52,42.43,5777061.0
235,2020-11-12,41.33,41.69,39.69,40.39,4603672.0
236,2020-11-13,40.57,41.71,40.56,41.25,4788314.0
237,2020-11-16,43.06,43.21,42.13,42.63,5958609.0
238,2020-11-17,41.68,42.38,41.13,42.23,5144912.0
239,2020-11-18,42.39,42.94,41.5,41.51,5332027.0
240,2020-11-19,40.76,41.09,40.21,40.96,6360962.0
241,2020-11-20,40.79,40.95,40.13,40.27,6018975.0
242,2020-11-23,41.06,41.3,40.51,41.04,4683057.0
243,2020-11-24,42.16,43.21,42.06,43.03,6588095.0
244,2020-11-25,42.44,42.86,41.7,42.57,4010252.0
245,2020-11-27,42.67,43.09,42.23,42.56,2898483.0
246,2020-11-30,42.24,42.55,40.42,40.48,6850338.0
247,2020-12-01,41.91,42.32,41.36,41.58,6260143.0
248,2020-12-02,41.2,41.78,40.89,41.62,5015891.0
249,2020-12-03,41.71,41.84,41.02,41.47,4782360.0
250,2020-12-04,41.71,42.37,41.47,42.29,4872022.0
251,2020-12-07,41.73,42.2,41.2,41.92,3857994.0
252,2020-12-08,41.65,42.12,41.28,41.77,3797378.0
253,2020-12-09,42.25,42.38,41.64,41.94,5539907.0
254,2020-12-10,41.25,42.19,41.12,42.01,8441504.0
255,2020-12-11,41.2,41.37,40.75,41.07,4503116.0
256,2020-12-14,41.74,41.74,39.85,39.97,6202742.0
257,2020-12-15,40.33,41.0,39.78,40.78,5146307.0
258,2020-12-16,40.78,41.33,40.46,41.29,7242078.0
259,2020-12-17,41.17,41.35,40.36,41.16,7794709.0
260,2020-12-18,41.05,41.16,39.62,39.96,10492718.0
261,2020-12-21,40.15,40.68,39.5,40.38,6891052.0
262,2020-12-22,40.73,40.82,40.02,40.09,4527162.0
263,2020-12-23,40.66,41.63,40.37,41.35,5170929.0
264,2020-12-24,41.56,41.56,40.76,41.05,2276226.0
265,2020-12-28,41.38,41.9,41.08,41.59,3532662.0
266,2020-12-29,41.61,41.72,40.64,40.78,2791870.0
267,2020-12-30,41.02,41.58,40.89,41.43,2931943.0
268,2020-12-31,41.47,42.06,41.03,41.99,3559589.0
269,2021-01-04,42.31,42.42,40.77,41.24,6314896.0
270,2021-01-05,41.34,42.02,40.77,41.56,6814489.0
271,2021-01-06,43.26,45.14,42.71,44.06,12915641.0
272,2021-01-07,44.06,45.74,44.04,45.55,8188519.0
273,2021-01-08,45.5,45.5,43.93,44.71,4703195.0
274,2021-01-11,44.18,45.05,43.69,45.0,5008923.0
275,2021-01-12,45.49,46.54,45.07,46.31,4739336.0
276,2021-01-13,46.0,46.34,45.21,46.14,4781100.0
277,2021-01-14,46.48,47.55,46.37,47.2,6217365.0
278,2021-01-15,46.25,46.66,45.46,46.03,4901957.0
279,2021-01-19,46.36,46.46,45.68,46.21,6604299.0
280,2021-01-20,46.04,46.06,45.28,45.69,6584120.0
281,2021-01-21,45.36,46.53,44.78,45.13,6040217.0
282,2021-01-22,44.28,45.47,44.19,45.24,4132830.0
283,2021-01-25,45.06,45.33,44.07,45.11,5261465.0
284,2021-01-26,45.66,45.76,44.29,44.3,3623866.0
285,2021-01-27,43.27,43.58,42.32,42.45,5679651.0
286,2021-01-28,43.14,43.93,42.67,43.21,5337072.0
287,2021-01-29,42.94,43.67,41.75,42.04,6970380.0
288,2021-02-01,42.37,42.57,41.77,42.44,5428177.0
289,2021-02-02,43.12,44.66,42.9,44.27,4874749.0
290,2021-02-03,43.85,45.7,43.76,45.58,6100866.0
291,2021-02-04,45.89,47.66,45.79,47.43,5085851.0
292,2021-02-05,47.91,48.06,46.67,46.75,5194581.0
293,2021-02-08,46.96,47.13,46.54,47.03,5902968.0
294,2021-02-09,46.79,47.56,46.53,47.43,3552239.0
295,2021-02-10,47.73,48.51,47.46,47.77,4526009.0
296,2021-02-11,47.8,48.24,46.73,47.29,3569529.0
297,2021-02-12,47.11,48.62,47.0,48.52,4555181.0
298,2021-02-16,49.08,50.53,48.76,50.16,6221328.0
299,2021-02-17,49.57,50.52,49.57,50.16,4215101.0
300,2021-02-18,49.77,50.45,49.53,50.34,5346096.0
301,2021-02-19,50.76,52.27,50.56,52.09,6427252.0
302,2021-02-22,52.01,53.78,51.99,53.58,8987202.0
303,2021-02-23,54.31,54.4,52.56,53.24,7391170.0
304,2021-02-24,53.51,55.31,53.42,54.68,7776924.0
305,2021-02-25,55.51,55.77,52.94,53.14,5775977.0
306,2021-02-26,52.75,53.12,51.37,51.47,10838141.0
307,2021-03-01,52.77,53.79,52.57,53.32,4814111.0
308,2021-03-02,52.94,53.54,52.67,52.77,5087634.0
309,2021-03-03,53.01,54.13,52.86,53.0,6178937.0
310,2021-03-04,52.83,53.31,50.8,51.89,5960941.0
311,2021-03-05,53.53,53.73,51.34,53.23,6149004.0
312,2021-03-08,54.09,55.17,53.49,54.22,6833154.0
313,2021-03-09,53.33,53.78,52.04,52.76,5807652.0
314,2021-03-10,52.89,53.78,52.59,53.31,6963792.0
315,2021-03-11,52.8,53.64,52.38,53.42,9149884.0
316,2021-03-12,54.51,54.79,53.89,54.43,4388138.0
317,2021-03-15,54.37,54.51,53.16,53.99,6236696.0
318,2021-03-16,52.39,53.19,51.82,52.75,5585217.0
319,2021-03-17,53.42,53.88,52.43,53.09,5411394.0
320,2021-03-18,53.99,55.42,53.57,53.84,6257111.0
321,2021-03-19,52.76,53.76,51.58,53.05,14524356.0
322,2021-03-22,52.37,52.58,51.52,51.98,5349913.0
323,2021-03-23,51.42,51.95,50.47,50.59,5296571.0
324,2021-03-24,51.28,51.81,50.31,50.33,7360988.0
325,2021-03-25,50.46,52.18,49.79,52.0,7007319.0
326,2021-03-26,53.11,54.05,52.79,53.86,9944702.0
327,2021-03-29,52.95,53.05,51.52,51.82,5700835.0
328,2021-03-30,52.39,53.56,52.34,53.29,5178002.0
329,2021-03-31,53.12,53.53,52.64,52.83,6100265.0
330,2021-04-01,52.81,53.57,52.62,53.56,4654420.0
331,2021-04-05,54.22,54.64,53.28,53.66,4866258.0
332,2021-04-06,53.48,53.87,53.03,53.64,3359106.0
333,2021-04-07,53.87,54.18,53.35,53.94,3245100.0
334,2021-04-08,53.4,53.93,52.58,53.76,4523985.0
335,2021-04-09,54.22,54.78,54.02,54.53,4247383.0
336,2021-04-12,54.62,54.93,54.36,54.7,4200246.0
337,2021-04-13,54.18,54.29,53.0,53.49,4393474.0
338,2021-04-14,53.13,54.83,53.13,54.2,4817608.0
339,2021-04-15,53.47,53.62,51.03,51.73,9229129.0
340,2021-04-16,52.31,52.61,51.6,52.35,5864423.0
341,2021-04-19,52.67,52.67,51.79,51.91,4857839.0
342,2021-04-20,51.44,51.63,50.0,50.26,6985288.0
343,2021-04-21,49.87,51.31,49.67,51.28,6078364.0
344,2021-04-22,51.23,51.33,50.34,50.37,6466624.0
345,2021-04-23,50.28,52.46,50.17,52.13,6461741.0
346,2021-04-26,52.53,53.16,52.16,52.23,4354915.0
347,2021-04-27,52.34,52.93,52.14,52.81,4840581.0
348,2021-04-28,53.04,53.74,52.93,53.45,4543650.0
349,2021-04-29,54.16,54.72,53.97,54.44,5050930.0
350,2021-04-30,54.02,54.53,53.56,53.82,5683839.0
351,2021-05-03,54.52,54.73,53.53,53.7,4265616.0
352,2021-05-04,53.29,54.64,52.78,54.51,8276333.0
353,2021-05-05,54.49,55.4,54.01,55.11,5004332.0
354,2021-05-06,55.51,55.61,54.42,55.56,4109548.0
355,2021-05-07,54.43,56.17,54.24,56.08,3926587.0
356,2021-05-10,56.08,56.61,55.39,55.4,4527501.0
357,2021-05-11,55.11,56.12,54.59,55.0,5025323.0
358,2021-05-12,55.63,55.94,53.96,54.12,5269529.0
359,2021-05-13,53.71,55.93,53.65,55.53,4901816.0
360,2021-05-14,55.95,56.77,55.53,56.6,4229565.0
361,2021-05-17,56.45,57.11,56.2,56.98,5156710.0
362,2021-05-18,57.01,57.65,56.11,56.15,5024820.0
363,2021-05-19,55.55,55.7,54.48,55.34,10376670.0
364,2021-05-20,55.29,55.61,54.34,55.22,4587976.0
365,2021-05-21,55.62,56.38,55.38,55.84,4110250.0
366,2021-05-24,56.19,56.53,55.66,56.17,3280876.0
367,2021-05-25,56.34,56.94,54.96,55.02,4050318.0
368,2021-05-26,55.61,55.94,54.83,55.58,4775656.0
369,2021-05-27,56.5,57.3,56.09,57.1,14972136.0
370,2021-05-28,56.79,56.99,55.79,56.74,6162088.0
371,2021-06-01,57.16,57.55,56.4,56.46,6068742.0
372,2021-06-02,56.6,56.74,55.72,55.74,5667241.0
373,2021-06-03,55.86,56.57,55.43,55.76,6215191.0
374,2021-06-04,55.68,55.72,54.57,55.15,7870997.0
375,2021-06-07,55.34,55.47,54.62,55.02,6097245.0
376,2021-06-08,54.57,55.11,54.05,54.79,5060504.0
377,2021-06-09,54.31,54.32,53.37,53.41,5201714.0
378,2021-06-10,54.12,54.3,52.75,52.79,6417470.0
379,2021-06-11,52.91,53.34,52.71,52.95,4164846.0
380,2021-06-14,52.81,53.0,51.28,51.65,7444253.0
381,2021-06-15,51.94,52.5,51.33,52.17,5578284.0
382,2021-06-16,51.72,53.28,51.13,52.76,6412790.0
383,2021-06-17,53.18,53.18,49.24,49.29,8196835.0
384,2021-06-18,48.18,48.59,47.57,47.77,13044606.0
385,2021-06-21,48.31,49.51,48.17,49.46,5459984.0
386,2021-06-22,49.54,49.79,48.81,49.32,4839680.0
387,2021-06-23,49.55,49.92,49.3,49.59,3702927.0
388,2021-06-24,49.77,50.56,49.39,50.28,4773419.0
389,2021-06-25,50.61,51.28,50.33,51.09,4074728.0
390,2021-06-28,50.77,50.93,49.9,50.17,5718738.0
391,2021-06-29,50.72,51.25,49.98,50.26,4638916.0
392,2021-06-30,49.96,50.83,49.96,50.46,4720038.0
393,2021-07-01,50.79,51.29,50.53,51.26,4138778.0
394,2021-07-02,51.09,51.16,50.57,50.99,3093167.0
395,2021-07-06,50.55,50.72,49.29,49.38,4914162.0
396,2021-07-07,48.41,49.33,48.4,48.64,4521149.0
397,2021-07-08,47.99,48.53,47.21,47.94,6131646.0
398,2021-07-09,49.18,50.24,48.68,50.17,5192864.0
399,2021-07-12,49.31,50.69,48.95,50.56,4026654.0
400,2021-07-13,50.3,50.53,49.48,49.67,4636828.0
401,2021-07-14,49.69,50.42,48.74,49.39,6275832.0
402,2021-07-15,48.96,51.2,48.73,50.82,6293640.0
403,2021-07-16,51.16,51.2,49.18,49.35,5342949.0
404,2021-07-19,48.45,48.75,46.83,47.14,7131918.0
405,2021-07-20,47.06,49.89,46.89,49.03,6274912.0
406,2021-07-21,49.62,50.69,49.46,50.24,4352609.0
407,2021-07-22,49.98,50.1,49.03,49.29,3307694.0
408,2021-07-23,49.87,50.2,49.12,49.42,3186439.0
409,2021-07-26,49.57,50.14,49.47,49.86,3488821.0
410,2021-07-27,49.16,50.29,48.84,49.91,5234691.0
411,2021-07-28,50.52,50.58,49.2,50.04,4884300.0
412,2021-07-29,50.51,50.79,49.79,50.28,3248095.0
413,2021-07-30,50.05,50.81,49.28,49.39,5808430.0
414,2021-08-02,49.69,50.93,49.07,49.1,4496754.0
415,2021-08-03,49.46,50.45,48.21,50.27,4018273.0
416,2021-08-04,49.51,50.39,49.26,49.55,4029000.0
417,2021-08-05,50.13,50.56,49.96,50.51,3526336.0
418,2021-08-06,51.32,52.1,51.03,51.56,4179497.0
419,2021-08-09,51.37,52.16,50.8,51.68,3892389.0
420,2021-08-10,51.49,52.94,51.37,52.92,5999754.0
421,2021-08-11,52.91,53.9,52.27,53.82,6605742.0
422,2021-08-12,53.8,54.26,53.38,53.95,4436265.0
423,2021-08-13,54.08,54.3,52.72,52.82,4773185.0
424,2021-08-16,52.44,52.54,51.51,52.51,3415783.0
425,2021-08-17,51.94,52.36,50.92,51.63,3553354.0
426,2021-08-18,51.32,52.1,50.94,51.0,3134548.0
427,2021-08-19,50.19,51.02,49.9,50.48,4371821.0
428,2021-08-20,50.33,51.04,50.06,51.02,3354906.0
429,2021-08-23,51.44,51.81,51.35,51.52,2687327.0
430,2021-08-24,51.51,52.26,51.49,52.15,2409231.0
431,2021-08-25,52.44,53.51,52.14,53.0,2691030.0
432,2021-08-26,53.06,53.33,52.35,52.42,3041260.0
433,2021-08-27,52.59,53.54,52.47,53.41,3758377.0
434,2021-08-30,53.44,53.54,52.15,52.23,3196520.0
435,2021-08-31,52.41,52.77,51.87,52.5,5612935.0
436,2021-09-01,52.84,52.84,51.4,51.66,5519923.0
437,2021-09-02,51.68,52.37,51.56,52.04,3529061.0
438,2021-09-03,52.08,52.27,51.56,51.89,2580696.0
439,2021-09-07,51.99,52.6,51.4,51.46,4190346.0
440,2021-09-08,51.27,51.63,50.75,51.08,2824387.0
441,2021-09-09,51.03,52.01,50.8,51.17,3379104.0
442,2021-09-10,51.62,51.63,50.57,50.64,3196841.0
443,2021-09-13,51.07,51.79,50.94,51.67,4310311.0
444,2021-09-14,51.66,51.95,49.79,50.07,6008649.0
445,2021-09-15,50.09,51.3,50.09,51.02,4920274.0
446,2021-09-16,51.39,51.71,50.61,50.72,5272069.0
447,2021-09-17,50.59,51.52,50.55,50.77,19623651.0
448,2021-09-20,49.31,49.68,48.07,49.12,9463442.0
449,2021-09-21,49.44,49.68,48.86,49.11,4029263.0
450,2021-09-22,49.96,50.72,49.79,50.18,4933910.0
451,2021-09-23,50.82,52.78,50.81,52.53,6262407.0
452,2021-09-24,52.73,53.77,52.47,53.44,5608382.0
453,2021-09-27,54.24,55.97,54.12,55.59,5994477.0
454,2021-09-28,55.77,56.18,54.43,54.63,6925412.0
455,2021-09-29,54.88,55.14,54.41,54.86,3821096.0
456,2021-09-30,55.27,55.51,54.05,54.09,6660920.0
457,2021-10-01,54.54,56.1,54.03,55.66,5105978.0
458,2021-10-04,55.69,56.6,55.27,55.49,4096277.0
459,2021-10-05,55.13,56.2,55.13,55.72,3988927.0
460,2021-10-06,55.36,55.63,54.21,55.57,3994011.0
461,2021-10-07,56.09,56.48,55.7,55.96,3370848.0
462,2021-10-08,56.05,56.58,55.62,56.27,2678431.0
463,2021-10-11,56.7,56.84,55.65,55.67,2844478.0
464,2021-10-12,55.44,55.93,55.14,55.67,2622525.0
465,2021-10-13,55.42,55.64,53.9,55.36,4692669.0
466,2021-10-14,56.04,56.08,55.1,56.08,4505472.0
467,2021-10-15,56.67,57.41,55.85,56.78,5277480.0
468,2021-10-18,56.72,57.91,56.67,57.2,6523526.0
469,2021-10-19,57.49,58.14,57.29,58.01,4086891.0
470,2021-10-20,57.82,59.33,57.64,59.32,4236270.0
471,2021-10-21,59.32,59.75,58.67,59.02,3704167.0
472,2021-10-22,59.24,60.22,59.24,59.88,4156858.0
473,2021-10-25,60.21,60.36,59.84,60.01,3360637.0
474,2021-10-26,60.11,60.35,59.66,59.88,4164977.0
475,2021-10-27,59.52,59.93,58.44,58.45,4640224.0
476,2021-10-28,58.81,59.44,58.76,59.33,4121758.0
477,2021-10-29,59.41,59.63,58.88,58.91,4994781.0
478,2021-11-01,59.44,60.03,59.27,59.87,3412239.0
479,2021-11-02,59.62,60.27,59.48,59.74,4159145.0
480,2021-11-03,59.55,60.86,59.25,60.58,4515326.0
481,2021-11-04,60.16,60.4,58.63,59.2,3963833.0
482,2021-11-05,59.89,60.37,59.37,59.73,3552155.0
483,2021-11-08,59.89,60.39,59.85,60.21,4851869.0
484,2021-11-09,59.75,60.58,59.75,60.18,4232634.0
485,2021-11-10,60.44,60.82,59.76,59.81,4484959.0
486,2021-11-11,59.69,60.02,59.3,59.36,2830354.0
487,2021-11-12,59.29,59.39,58.23,58.62,6044032.0
488,2021-11-15,58.89,59.3,58.68,59.2,3138132.0
489,2021-11-16,59.36,59.78,58.96,59.47,2939119.0
490,2021-11-17,59.24,59.35,58.17,58.35,3247745.0
491,2021-11-18,58.3,58.56,57.38,57.79,3293029.0
492,2021-11-19,57.15,57.22,55.89,56.56,4654536.0
493,2021-11-22,57.48,58.74,57.16,58.04,3907320.0
494,2021-11-23,58.56,58.91,58.33,58.83,3771743.0
495,2021-11-24,58.66,59.4,58.4,58.81,3114882.0
496,2021-11-26,56.36,56.62,54.72,56.0,5189624.0
497,2021-11-29,58.0,59.01,56.09,56.98,6465335.0
498,2021-11-30,55.87,56.28,54.97,55.23,7545751.0
499,2021-12-01,56.81,57.34,54.22,54.27,5346911.0
500,2021-12-02,54.91,56.84,54.69,56.3,4901782.0
501,2021-12-03,56.29,56.45,54.05,54.4,6796693.0
502,2021-12-06,55.48,56.21,54.8,55.42,7772978.0
503,2021-12-07,55.91,56.94,55.67,56.5,5396346.0
504,2021-12-08,56.56,56.85,55.65,55.68,4300923.0
505,2021-12-09,55.28,55.92,54.81,55.54,3973951.0
506,2021-12-10,56.01,56.07,54.77,55.31,3162620.0
507,2021-12-13,54.98,55.22,53.7,53.92,6036295.0
508,2021-12-14,54.24,55.35,54.14,54.58,5715387.0
509,2021-12-15,54.84,55.18,53.72,54.49,4855334.0
510,2021-12-16,55.23,56.3,54.92,55.1,5427206.0
511,2021-12-17,54.95,55.03,52.68,53.03,9614053.0
512,2021-12-20,52.13,52.3,50.65,51.59,5968149.0
513,2021-12-21,52.34,53.27,52.22,53.04,4589723.0
514,2021-12-22,52.86,53.37,52.66,53.26,3935851.0
515,2021-12-23,53.76,54.31,53.52,53.69,3189063.0
516,2021-12-27,53.92,54.38,53.3,54.38,2597824.0
517,2021-12-28,54.29,54.84,54.11,54.62,2736454.0
518,2021-12-29,54.99,55.05,54.45,54.7,2623489.0
519,2021-12-30,54.89,55.26,54.36,54.42,2786977.0
520,2021-12-31,54.2,54.8,54.19,54.47,2863216.0
521,2022-01-03,55.25,56.39,55.22,56.32,5677811.0
522,2022-01-04,57.11,58.78,57.06,58.27,5741678.0
523,2022-01-05,58.4,59.03,57.54,57.59,5194879.0
524,2022-01-06,58.71,59.91,58.07,59.9,7388051.0
525,2022-01-07,59.64,61.11,59.33,60.92,7178820.0
526,2022-01-10,61.69,61.9,60.31,61.21,5931431.0
527,2022-01-11,61.44,61.67,60.61,61.58,5031665.0
528,2022-01-12,61.69,62.27,61.49,62.25,6632409.0
529,2022-01-13,62.51,63.39,62.34,62.69,7665067.0
530,2022-01-14,61.54,63.53,61.05,63.33,6997992.0
531,2022-01-18,63.17,64.87,62.69,63.09,8638818.0
532,2022-01-19,63.61,63.75,60.4,60.5,7110458.0
533,2022-01-20,60.2,60.87,58.95,59.04,5876182.0
534,2022-01-21,58.92,59.0,57.06,57.39,6635985.0
535,2022-01-24,56.97,58.32,55.3,58.22,10083493.0
536,2022-01-25,57.76,59.53,56.53,58.95,8014806.0
537,2022-01-26,59.61,60.1,57.8,58.79,8914367.0
538,2022-01-27,59.73,60.48,57.44,57.83,9684275.0
539,2022-01-28,57.65,58.56,56.82,58.5,5973043.0
540,2022-01-31,57.83,59.18,56.96,58.74,6712731.0
541,2022-02-01,58.68,60.08,58.22,59.94,5492832.0
542,2022-02-02,59.59,60.57,59.3,60.49,5164334.0
543,2022-02-03,60.92,60.92,59.06,59.23,5370130.0
544,2022-02-04,59.31,60.39,59.26,59.9,9017066.0
545,2022-02-07,60.3,60.65,59.47,60.13,4799250.0
546,2022-02-08,61.26,62.02,60.99,61.77,6527258.0
547,2022-02-09,61.61,61.97,61.25,61.42,3711109.0
548,2022-02-10,61.29,62.24,60.71,61.02,5761444.0
549,2022-02-11,60.55,61.6,59.52,59.98,6068627.0
550,2022-02-14,60.26,60.71,58.64,59.4,6146879.0
551,2022-02-15,60.06,61.27,59.97,61.2,5054254.0
552,2022-02-16,60.46,61.76,60.46,61.11,3877449.0
553,2022-02-17,60.26,60.57,58.82,58.95,4675138.0
554,2022-02-18,58.92,59.63,58.48,58.72,4008515.0
555,2022-02-22,59.28,59.29,57.96,58.58,4939560.0
556,2022-02-23,58.66,59.18,56.8,57.0,5640342.0
557,2022-02-24,54.95,55.84,53.57,55.61,10624409.0
558,2022-02-25,56.58,59.48,56.42,59.37,8405082.0
559,2022-02-28,56.89,58.93,56.35,58.62,8099473.0
560,2022-03-01,57.68,57.9,53.87,54.55,8964062.0
561,2022-03-02,55.46,57.64,55.25,57.09,6482952.0
562,2022-03-03,57.39,57.67,56.12,56.95,4755569.0
563,2022-03-04,55.25,55.62,54.74,55.36,8031302.0
564,2022-03-07,54.94,55.25,52.59,52.63,8460022.0
565,2022-03-08,53.8,55.1,52.66,53.25,6575829.0
566,2022-03-09,55.3,56.02,54.52,54.92,6243236.0
567,2022-03-10,54.11,54.71,53.35,54.05,4919776.0
568,2022-03-11,54.56,55.21,53.49,53.54,5046525.0
569,2022-03-14,54.45,55.36,53.9,54.29,5249882.0
570,2022-03-15,54.77,55.26,53.61,54.42,6405523.0
571,2022-03-16,55.25,56.37,55.08,56.11,9414836.0
572,2022-03-17,55.18,55.25,53.98,55.24,9084466.0
573,2022-03-18,55.23,55.26,53.41,54.96,16014758.0
574,2022-03-21,55.5,56.01,54.41,55.02,6689931.0
575,2022-03-22,55.95,56.68,55.54,56.11,5183765.0
576,2022-03-23,55.6,55.9,54.38,54.58,4964507.0
577,2022-03-24,54.87,55.2,54.29,55.19,5929081.0
578,2022-03-25,55.33,56.6,55.03,56.51,7369312.0
579,2022-03-28,55.63,55.99,54.47,55.96,8356550.0
580,2022-03-29,57.1,57.5,56.46,56.96,7414307.0
581,2022-03-30,56.96,57.05,54.77,55.14,4995613.0
582,2022-03-31,54.87,55.47,53.1,53.1,7428957.0
583,2022-04-01,53.4,53.9,51.44,51.73,6637357.0
584,2022-04-04,51.3,52.03,50.45,51.67,5407482.0
585,2022-04-05,51.45,52.4,51.22,51.76,5845485.0
586,2022-04-06,51.25,51.68,50.85,51.14,5755493.0
587,2022-04-07,51.28,51.47,49.58,50.28,5393636.0
588,2022-04-08,50.23,50.9,49.81,50.27,4688524.0
589,2022-04-11,49.81,51.09,49.51,50.04,4734757.0
590,2022-04-12,49.9,50.57,48.8,49.09,5413100.0
591,2022-04-13,48.57,49.04,48.06,48.4,10198641.0
592,2022-04-14,48.44,49.2,48.08,48.54,8407105.0
593,2022-04-18,48.38,49.34,48.3,49.06,8065515.0
594,2022-04-19,48.4,48.77,46.69,48.41,10759568.0
595,2022-04-20,48.6,49.89,48.51,48.97,8541420.0
596,2022-04-21,49.48,50.03,48.29,48.51,6896108.0
597,2022-04-22,48.69,48.76,47.19,47.29,7082981.0
598,2022-04-25,46.65,47.31,45.32,47.24,12589357.0
599,2022-04-26,46.53,47.65,46.31,46.93,10290066.0
600,2022-04-27,46.98,47.46,46.61,46.93,7917818.0
601,2022-04-28,46.54,46.98,45.91,46.65,13012488.0
602,2022-04-29,46.71,47.04,44.62,44.75,10699045.0
603,2022-05-02,45.6,45.68,44.38,45.34,11638131.0
604,2022-05-03,45.88,46.6,45.66,46.01,11034648.0
605,2022-05-04,45.96,47.18,45.56,47.16,16563643.0
606,2022-05-05,46.44,46.59,44.95,45.85,8162529.0
607,2022-05-06,45.87,45.93,44.57,45.46,9088749.0
608,2022-05-09,45.18,45.59,44.55,44.97,8961075.0
609,2022-05-10,45.4,45.65,43.26,43.86,9444277.0
610,2022-05-11,43.98,45.24,43.18,43.25,7184532.0
611,2022-05-12,43.15,43.62,42.39,43.35,7684621.0
612,2022-05-13,43.76,43.88,42.75,43.19,8455879.0
613,2022-05-16,43.23,43.51,42.4,43.0,7753386.0
614,2022-05-17,43.98,44.9,43.75,44.77,10602779.0
615,2022-05-18,44.27,44.42,43.1,43.24,7114904.0
616,2022-05-19,42.79,43.5,42.62,43.0,7637090.0
617,2022-05-20,43.25,43.6,41.73,42.56,9730275.0
618,2022-05-23,43.58,44.65,43.27,44.15,6484725.0
619,2022-05-24,44.06,44.25,42.63,43.69,6402375.0
620,2022-05-25,43.52,44.81,43.52,44.5,7799975.0
621,2022-05-26,44.87,45.67,44.83,45.29,5331535.0
622,2022-05-27,45.32,46.02,45.22,46.01,5361634.0
623,2022-05-31,45.38,46.96,45.21,46.62,9984098.0
624,2022-06-01,46.78,46.89,45.2,45.8,7190358.0
625,2022-06-02,45.76,46.66,45.46,46.63,5355067.0
626,2022-06-03,46.25,46.7,45.9,45.97,5701028.0
627,2022-06-06,46.58,47.28,46.2,46.38,4415792.0
628,2022-06-07,45.87,46.77,45.62,46.64,3970396.0
629,2022-06-08,46.08,46.33,45.47,45.93,4064606.0
630,2022-06-09,45.78,45.89,44.56,44.59,5511359.0
631,2022-06-10,43.55,43.97,42.65,42.83,6902906.0
632,2022-06-13,41.85,44.15,41.63,43.52,15682668.0
633,2022-06-14,43.64,44.53,42.63,43.12,9928433.0
634,2022-06-15,43.66,44.16,42.87,43.46,7076019.0
635,2022-06-16,42.71,42.99,42.01,42.72,7801255.0
636,2022-06-17,42.9,43.76,42.6,43.17,13955583.0
637,2022-06-21,44.18,44.55,43.51,43.93,5355060.0
638,2022-06-22,43.47,44.26,43.28,44.11,6129844.0
639,2022-06-23,43.85,44.19,42.99,43.74,5791511.0
640,2022-06-24,43.95,46.16,43.95,46.1,6054009.0
641,2022-06-27,46.2,46.38,44.97,45.45,8440652.0
642,2022-06-28,45.78,46.57,45.06,45.25,4886931.0
643,2022-06-29,45.33,45.47,44.23,44.28,5352974.0
644,2022-06-30,43.37,44.7,42.75,44.31,5683061.0
645,2022-07-01,44.19,45.25,43.64,45.08,5086420.0
646,2022-07-05,44.13,45.52,43.63,45.52,4957992.0
647,2022-07-06,45.28,45.58,44.32,44.53,8800184.0
648,2022-07-07,45.0,45.34,44.76,44.89,4905287.0
649,2022-07-08,45.18,45.32,44.42,44.58,3922019.0
650,2022-07-11,44.11,44.66,43.94,44.28,6672759.0
651,2022-07-12,43.67,44.94,43.59,44.09,3948172.0
652,2022-07-13,43.51,43.66,42.54,42.99,4792600.0
653,2022-07-14,42.01,42.28,41.56,42.08,6074210.0
654,2022-07-15,42.78,44.45,42.48,44.29,6939512.0
655,2022-07-18,44.9,45.48,43.73,43.98,6735439.0
656,2022-07-19,45.61,45.61,43.98,45.19,8117441.0
657,2022-07-20,44.82,45.17,44.38,44.9,5055144.0
658,2022-07-21,44.71,45.31,44.27,45.23,5015503.0
659,2022-07-22,45.34,45.61,44.6,45.02,4636084.0
660,2022-07-25,45.6,46.41,45.1,45.99,3559303.0
661,2022-07-26,45.71,46.3,45.17,45.35,4540403.0
662,2022-07-27,45.56,46.81,45.37,46.43,5415225.0
663,2022-07-28,46.3,46.61,45.59,46.44,4961150.0
664,2022-07-29,46.5,47.49,46.49,47.35,6341113.0
665,2022-08-01,46.83,47.52,46.43,47.18,6086157.0
666,2022-08-02,47.05,47.3,46.34,46.5,4124085.0
667,2022-08-03,46.88,47.52,46.47,47.28,4527102.0
668,2022-08-04,47.15,47.35,46.0,46.15,4386469.0
669,2022-08-05,45.89,47.16,45.89,46.98,3685578.0
670,2022-08-08,47.21,47.38,46.58,46.63,4002216.0
671,2022-08-09,46.82,46.93,46.25,46.67,3433547.0
672,2022-08-10,47.47,48.25,47.3,47.78,3963035.0
673,2022-08-11,48.4,48.68,48.09,48.42,3387311.0
674,2022-08-12,48.69,49.17,48.3,49.15,3512056.0
675,2022-08-15,48.5,48.99,48.3,48.82,4134850.0
676,2022-08-16,48.7,49.62,48.59,49.41,3360598.0
677,2022-08-17,48.72,49.05,48.42,48.6,4090113.0
678,2022-08-18,48.7,48.9,48.36,48.85,3011396.0
679,2022-08-19,48.55,48.66,47.68,48.03,3910285.0
680,2022-08-22,47.25,47.6,46.55,46.75,4253323.0
681,2022-08-23,46.88,47.1,46.6,46.67,3314015.0
682,2022-08-24,46.5,46.85,46.25,46.51,2544947.0
683,2022-08-25,46.51,47.24,46.33,47.03,2519957.0
684,2022-08-26,47.17,47.38,45.57,45.59,4500730.0
685,2022-08-29,45.3,45.8,45.03,45.34,4850415.0
686,2022-08-30,45.66,45.93,44.66,44.79,5315782.0
687,2022-08-31,44.94,45.14,44.2,44.24,8062460.0
688,2022-09-01,44.34,44.43,43.6,44.27,5484408.0
689,2022-09-02,44.88,45.27,43.6,43.89,5011168.0
690,2022-09-06,44.15,44.15,42.88,43.42,5921861.0
691,2022-09-07,43.18,44.71,43.02,44.5,4383146.0
692,2022-09-08,44.31,45.49,44.02,45.45,4727725.0
693,2022-09-09,45.78,46.11,45.65,45.88,4070640.0
694,2022-09-12,46.37,47.21,46.26,46.94,5574339.0
695,2022-09-13,46.0,46.12,44.44,44.51,7416131.0
696,2022-09-14,44.74,45.19,44.04,44.75,5477154.0
697,2022-09-15,44.94,46.01,44.78,45.52,5275438.0
698,2022-09-16,45.14,45.63,44.59,45.02,17268415.0
699,2022-09-19,44.4,45.45,44.29,45.39,9313170.0
700,2022-09-20,45.01,45.19,44.35,44.69,4126520.0
701,2022-09-21,44.74,44.93,43.39,43.4,5109572.0
702,2022-09-22,43.62,43.73,42.11,42.2,5199347.0
703,2022-09-23,41.66,42.01,40.94,41.74,7158785.0
704,2022-09-26,41.28,41.84,40.67,40.82,6548237.0
705,2022-09-27,41.05,41.37,39.96,40.44,5511855.0
706,2022-09-28,40.96,41.94,40.61,41.65,6901939.0
707,2022-09-29,41.13,41.72,40.89,41.37,5190877.0
708,2022-09-30,41.58,42.06,40.88,40.94,6455508.0
709,2022-10-03,41.54,42.43,40.86,42.11,5618802.0
710,2022-10-04,42.6,44.0,42.58,43.96,6581997.0
711,2022-10-05,43.25,43.79,43.08,43.26,4977946.0
712,2022-10-06,42.86,43.06,42.09,42.28,6052226.0
713,2022-10-07,42.0,42.14,40.78,40.93,6177973.0
714,2022-10-10,41.17,41.37,40.38,40.71,4851884.0
715,2022-10-11,40.38,40.78,39.63,39.83,7539592.0
716,2022-10-12,39.67,40.17,39.27,39.47,5951260.0
717,2022-10-13,38.88,41.79,38.47,41.48,7415783.0
718,2022-10-14,41.72,42.59,40.28,40.4,9560129.0
719,2022-10-17,41.4,42.08,41.31,41.83,8780091.0
720,2022-10-18,40.16,42.09,39.3,40.77,10932052.0
721,2022-10-19,40.25,40.99,39.59,39.84,9860272.0
722,2022-10-20,39.7,40.17,37.68,37.82,10601455.0
723,2022-10-21,37.73,39.06,37.41,38.91,11680171.0
724,2022-10-24,39.11,40.28,38.93,40.06,7350989.0
725,2022-10-25,39.78,41.29,39.66,41.25,10352223.0
726,2022-10-26,41.31,42.03,41.31,41.61,6010738.0
727,2022-10-27,42.11,42.39,41.46,41.58,5305767.0
728,2022-10-28,41.9,42.46,41.71,42.45,4813942.0
729,2022-10-31,42.28,42.65,41.97,42.19,8686567.0
730,2022-11-01,42.59,42.66,41.85,42.22,5814481.0
731,2022-11-02,41.77,42.73,41.29,41.32,9174098.0
732,2022-11-03,40.77,40.98,39.54,40.06,8659225.0
733,2022-11-04,40.66,41.34,40.47,41.06,6816093.0
734,2022-11-07,41.49,41.61,40.93,41.38,5209103.0
735,2022-11-08,41.51,42.07,41.36,41.89,5232791.0
736,2022-11-09,41.67,41.88,40.47,40.61,7675718.0
737,2022-11-10,42.01,44.06,42.01,43.96,8539497.0
738,2022-11-11,44.23,45.38,44.03,45.18,8322967.0
739,2022-11-14,44.76,45.19,43.93,43.97,6852613.0
740,2022-11-15,44.77,45.39,43.38,44.25,6245002.0
741,2022-11-16,44.32,44.5,43.43,43.45,7217223.0
742,2022-11-17,42.76,43.14,42.48,43.04,3819472.0
743,2022-11-18,43.8,44.07,43.12,43.58,4539746.0
744,2022-11-21,43.64,44.2,43.5,44.05,4563394.0
745,2022-11-22,44.5,44.86,44.19,44.34,3798628.0
746,2022-11-23,44.2,44.65,44.14,44.35,4930102.0
747,2022-11-25,44.58,44.99,44.43,44.84,1651033.0
748,2022-11-28,44.35,44.57,43.15,43.24,5783803.0
749,2022-11-29,43.31,43.88,43.16,43.83,7471369.0
750,2022-11-30,43.65,44.77,41.97,44.73,9633835.0
751,2022-12-01,44.98,45.38,43.91,44.14,7945658.0
752,2022-12-02,43.53,43.79,42.79,42.98,9505058.0
753,2022-12-05,42.42,42.71,40.22,40.51,12280947.0
754,2022-12-06,40.45,40.54,39.3,39.81,10523593.0
755,2022-12-07,39.66,40.14,39.22,39.76,7448287.0
756,2022-12-08,39.89,40.14,39.5,39.98,9584739.0
757,2022-12-09,39.84,40.31,39.76,40.0,10891034.0
758,2022-12-12,39.86,41.53,39.45,41.38,11615655.0
759,2022-12-13,42.48,42.95,40.83,41.11,9604898.0
760,2022-12-14,41.07,41.31,39.87,40.14,9994842.0
761,2022-12-15,39.52,39.82,39.18,39.41,10415896.0
762,2022-12-16,39.06,39.32,38.47,39.22,24293198.0
763,2022-12-19,39.21,39.55,38.72,39.04,7229615.0
764,2022-12-20,38.94,39.64,38.85,39.04,5364712.0
765,2022-12-21,39.63,39.84,39.42,39.67,5144512.0
766,2022-12-22,39.32,40.43,39.06,40.4,8405728.0
767,2022-12-23,40.42,40.71,40.3,40.51,4387034.0
768,2022-12-27,40.57,40.99,40.26,40.76,3951756.0
769,2022-12-28,40.82,40.99,40.41,40.47,3986743.0
770,2022-12-29,40.61,41.2,40.52,41.12,4666228.0
771,2022-12-30,40.78,41.21,40.66,40.95,4189259.0
772,2023-01-03,41.34,41.9,40.93,41.55,7269714.0
773,2023-01-04,42.04,43.15,41.47,42.77,8611437.0
774,2023-01-05,42.06,42.74,41.68,42.36,7688890.0
775,2023-01-06,42.29,43.99,42.21,43.78,5326150.0
776,2023-01-09,44.16,44.26,43.7,43.72,8978994.0
777,2023-01-10,43.77,44.22,43.46,43.92,8294717.0
778,2023-01-11,44.25,44.49,43.88,44.29,10156160.0
779,2023-01-12,44.68,45.27,44.42,45.1,6183169.0
780,2023-01-13,44.63,45.66,44.08,45.49,8241770.0
781,2023-01-17,45.45,45.52,44.8,45.07,10013020.0
782,2023-01-18,44.64,44.95,43.53,43.66,7793413.0
783,2023-01-19,44.03,45.95,43.69,45.63,9714110.0
784,2023-01-20,45.74,45.97,45.09,45.84,9187909.0
785,2023-01-23,46.12,46.99,45.73,46.76,7514079.0
786,2023-01-24,54.07,51.26,46.02,46.26,5203987.0
787,2023-01-25,45.89,46.72,45.6,46.7,5047630.0
788,2023-01-26,47.01,47.4,46.34,46.78,5506792.0
789,2023-01-27,46.83,47.17,46.68,46.76,4150510.0
790,2023-01-30,46.32,46.84,46.3,46.37,4868840.0
791,2023-01-31,46.18,47.35,46.04,47.31,5962234.0
792,2023-02-01,46.87,47.99,46.69,47.55,8539131.0
793,2023-02-02,47.97,48.49,47.42,48.31,6484808.0
794,2023-02-03,47.71,48.44,47.59,48.01,6504924.0
795,2023-02-06,47.83,47.83,47.27,47.52,4637127.0
796,2023-02-07,47.17,48.2,46.94,47.95,6181915.0
797,2023-02-08,47.25,47.78,47.04,47.18,4541417.0
798,2023-02-09,47.51,47.54,46.24,46.37,4139765.0
799,2023-02-10,46.24,46.86,46.17,46.82,5356006.0
800,2023-02-13,46.82,47.63,46.45,47.54,4796048.0
801,2023-02-14,47.35,47.76,46.93,47.26,4131954.0
802,2023-02-15,46.82,47.4,46.64,47.34,2771812.0
803,2023-02-16,46.65,46.9,46.19,46.4,4783773.0
804,2023-02-17,46.44,46.97,46.2,46.93,4333631.0
805,2023-02-21,46.46,46.63,45.36,45.58,4834310.0
806,2023-02-22,45.61,45.76,45.11,45.52,5716872.0
807,2023-02-23,45.93,46.06,44.88,45.12,7263675.0
808,2023-02-24,44.75,45.55,44.48,45.52,5382356.0
809,2023-02-27,45.98,46.29,45.31,45.58,4659722.0
810,2023-02-28,45.68,45.77,45.31,45.39,6423897.0
811,2023-03-01,45.05,45.49,44.86,45.14,5497104.0
812,2023-03-02,44.65,44.85,43.4,43.94,8375920.0
813,2023-03-03,44.34,44.72,43.96,44.68,5544143.0
814,2023-03-06,44.81,45.08,44.45,44.58,5702101.0
815,2023-03-07,44.14,44.32,42.33,42.52,7193723.0
816,2023-03-08,42.59,42.8,41.98,42.21,5398652.0
817,2023-03-09,41.73,41.82,39.82,40.06,13061853.0
818,2023-03-10,38.89,39.2,36.3,37.28,26845597.0
819,2023-03-13,31.71,34.03,28.95,30.68,61976549.0
820,2023-03-14,33.84,34.63,29.81,30.32,46857529.0
821,2023-03-15,29.89,31.36,29.03,30.54,38942597.0
822,2023-03-16,30.32,31.98,27.14,31.38,42691955.0
823,2023-03-17,30.54,30.64,28.78,29.0,46869423.0
824,2023-03-20,29.48,30.87,29.24,29.35,26558046.0
825,2023-03-21,30.67,32.18,30.33,32.14,27948704.0
826,2023-03-22,32.15,32.69,30.78,30.93,28020594.0
827,2023-03-23,31.12,32.36,30.67,31.01,21065025.0
828,2023-03-24,30.48,31.67,30.26,31.33,18654243.0
829,2023-03-27,32.54,33.51,31.48,31.52,19298665.0
830,2023-03-28,31.49,32.2,31.37,31.86,11571437.0
831,2023-03-29,32.31,32.92,32.1,32.91,12912086.0
832,2023-03-30,33.43,33.66,31.7,32.29,13962025.0
833,2023-03-31,32.68,32.82,31.8,32.54,12628225.0
834,2023-04-03,32.43,32.81,31.48,31.57,15191437.0
835,2023-04-04,31.95,32.05,29.84,30.39,18545074.0
836,2023-04-05,30.03,30.56,29.78,30.46,11581772.0
837,2023-04-06,30.61,31.5,30.48,31.18,10843434.0
838,2023-04-10,30.94,32.17,30.88,31.61,11562910.0
839,2023-04-11,31.62,32.37,31.46,32.14,8744675.0
840,2023-04-12,32.28,32.55,31.44,31.65,11729754.0
841,2023-04-13,31.85,32.64,31.35,32.28,11658291.0
842,2023-04-14,32.72,33.06,31.54,31.69,14777784.0
843,2023-04-17,31.71,32.78,31.16,32.7,15347595.0
844,2023-04-18,32.46,32.63,31.93,32.29,13691116.0
845,2023-04-19,32.51,33.83,32.25,33.23,17410541.0
846,2023-04-20,32.23,32.9,31.74,31.92,11668379.0
847,2023-04-21,31.61,31.64,29.87,29.91,22814782.0
848,2023-04-24,29.94,30.31,29.59,30.26,12735899.0
849,2023-04-25,29.67,29.95,28.71,28.87,11361679.0
850,2023-04-26,28.83,29.87,28.69,29.04,12231976.0
851,2023-04-27,29.12,30.27,29.06,29.82,11092932.0
852,2023-04-28,29.52,31.11,29.35,31.02,15199548.0
853,2023-05-01,30.87,30.97,29.87,29.96,10779967.0
854,2023-05-02,29.71,29.75,27.43,27.56,21140846.0
855,2023-05-03,28.01,28.31,26.39,26.57,21667036.0
856,2023-05-04,25.67,26.3,24.0,24.65,37831279.0
857,2023-05-05,25.87,27.44,25.45,27.13,24205282.0
858,2023-05-08,28.18,28.42,26.73,27.19,16557056.0
859,2023-05-09,26.77,27.23,26.37,27.04,10184061.0
860,2023-05-10,27.54,27.65,26.0,26.34,11860965.0
861,2023-05-11,26.0,26.14,25.45,25.79,16628489.0
862,2023-05-12,26.12,26.28,25.64,26.26,10733728.0
863,2023-05-15,26.23,26.88,26.2,26.83,11183780.0
864,2023-05-16,26.71,27.01,26.13,26.13,11694170.0
865,2023-05-17,26.71,27.92,26.66,27.88,18087236.0
866,2023-05-18,27.74,28.89,27.51,28.8,17349231.0
867,2023-05-19,28.98,29.16,27.85,28.66,13551447.0
868,2023-05-22,28.91,29.54,28.56,29.54,10179392.0
869,2023-05-23,29.66,30.85,29.6,29.71,15112610.0
870,2023-05-24,29.48,29.79,28.83,29.36,9610388.0
871,2023-05-25,29.19,29.5,28.73,29.49,9390555.0
872,2023-05-26,29.46,29.94,29.02,29.66,7997153.0
873,2023-05-30,30.02,30.1,29.19,30.05,10092024.0
874,2023-05-31,29.57,29.75,28.4,29.43,25042984.0
875,2023-06-01,30.0,30.34,29.36,29.92,18100428.0
876,2023-06-02,30.25,31.47,30.14,31.04,14179473.0
877,2023-06-05,31.33,31.33,30.26,30.7,9267364.0
878,2023-06-06,30.5,32.6,30.4,32.01,10852101.0
879,2023-06-07,32.15,32.71,31.76,32.44,9217146.0
880,2023-06-08,32.48,32.57,31.48,32.11,8826879.0
881,2023-06-09,32.24,32.47,31.39,31.59,8324360.0
882,2023-06-12,31.32,32.05,29.56,30.91,18040493.0
883,2023-06-13,30.93,31.85,30.65,31.36,13978760.0
884,2023-06-14,31.74,32.05,30.42,30.68,9262784.0
885,2023-06-15,30.51,31.4,30.42,31.18,9164329.0
886,2023-06-16,31.15,31.32,30.3,30.86,21751406.0
887,2023-06-20,30.65,30.81,29.93,30.31,11332187.0
888,2023-06-21,30.36,30.73,30.01,30.46,6919321.0
889,2023-06-22,30.46,30.47,29.49,29.57,9316079.0
890,2023-06-23,29.05,29.37,28.81,28.96,14164314.0
891,2023-06-26,29.05,29.45,28.9,29.05,11396888.0
892,2023-06-27,28.98,29.66,28.66,29.45,8421360.0
893,2023-06-28,29.41,29.48,29.02,29.43,7025081.0
894,2023-06-29,29.74,29.95,29.38,29.6,9988676.0
895,2023-06-30,29.92,29.94,29.22,29.31,11873029.0
896,2023-07-03,29.48,30.54,29.4,30.35,4333642.0
897,2023-07-05,29.86,30.57,29.66,29.95,6900789.0
898,2023-07-06,29.63,29.86,28.86,29.78,12593355.0
899,2023-07-07,29.83,31.12,29.83,30.84,8703840.0
900,2023-07-10,30.54,31.24,30.44,31.15,8340208.0
901,2023-07-11,31.0,31.73,30.89,31.44,11564870.0
902,2023-07-12,32.28,32.77,31.79,31.98,10177808.0
903,2023-07-13,32.2,32.71,31.92,32.58,9538854.0
904,2023-07-14,33.18,33.18,31.8,32.06,8211938.0
905,2023-07-17,31.8,32.51,31.8,32.39,6141845.0
906,2023-07-18,32.06,33.51,32.0,33.47,10742329.0
907,2023-07-19,33.59,34.74,33.49,34.55,11123783.0
908,2023-07-20,32.88,33.45,31.67,32.02,19275859.0
909,2023-07-21,32.53,32.53,31.49,32.01,10883706.0
910,2023-07-24,32.06,32.74,32.04,32.46,9652563.0
911,2023-07-25,32.56,32.56,31.53,31.54,13167043.0
912,2023-07-26,32.23,32.58,32.08,32.32,10925852.0
913,2023-07-27,32.48,32.67,30.94,30.95,14210697.0
914,2023-07-28,31.57,32.18,31.53,31.97,11456931.0
915,2023-07-31,32.27,32.57,31.79,32.18,11042355.0
916,2023-08-01,31.71,31.92,31.32,31.76,8551020.0
917,2023-08-02,31.36,31.41,30.85,31.27,9307748.0
918,2023-08-03,31.22,31.34,30.61,31.24,8521214.0
919,2023-08-04,30.96,31.48,30.96,31.03,8992829.0
920,2023-08-07,31.2,31.61,31.01,31.56,8999603.0
921,2023-08-08,30.36,31.43,29.92,31.37,18916023.0
922,2023-08-09,31.11,31.11,30.33,30.43,10060724.0
923,2023-08-10,30.65,31.03,30.41,30.95,10297561.0
924,2023-08-11,30.7,31.37,30.61,31.21,8851677.0
925,2023-08-14,30.75,30.83,29.9,30.05,11204264.0
926,2023-08-15,29.5,29.7,28.99,29.08,13327654.0
927,2023-08-16,29.04,29.14,28.44,28.58,12778882.0
928,2023-08-17,28.81,28.85,28.31,28.45,10166636.0
929,2023-08-18,27.98,28.37,27.92,28.26,9036140.0
930,2023-08-21,28.48,28.52,27.63,28.09,10975125.0
931,2023-08-22,28.04,28.17,27.43,27.53,11552630.0
932,2023-08-23,27.62,28.02,27.48,27.96,6480315.0
933,2023-08-24,28.03,28.43,27.89,28.34,9395816.0
934,2023-08-25,28.58,28.85,28.01,28.29,13120363.0
935,2023-08-28,28.65,28.95,28.46,28.85,6664440.0
936,2023-08-29,28.97,29.97,28.83,29.81,10349689.0
937,2023-08-30,29.8,29.94,29.44,29.73,7169409.0
938,2023-08-31,29.87,30.14,29.7,30.03,8276650.0
939,2023-09-01,30.36,30.83,30.23,30.38,7951516.0
940,2023-09-05,30.32,30.73,29.91,29.92,6381809.0
941,2023-09-06,29.63,29.77,29.02,29.2,10486578.0
942,2023-09-07,28.96,29.25,28.63,28.75,8523238.0
943,2023-09-08,28.98,29.35,28.59,29.26,12487230.0
944,2023-09-11,29.77,30.15,29.45,29.59,10262685.0
945,2023-09-12,29.85,30.28,29.4,29.49,10132352.0
946,2023-09-13,29.71,29.81,27.93,28.1,13317446.0
947,2023-09-14,28.53,29.03,28.38,28.9,12863950.0
948,2023-09-15,28.13,28.6,27.92,28.48,21392136.0
949,2023-09-18,28.23,28.28,27.72,28.15,10762024.0
950,2023-09-19,28.19,28.33,27.58,28.08,10593179.0
951,2023-09-20,28.47,28.79,27.72,27.85,7843729.0
952,2023-09-21,28.21,28.53,27.63,27.64,11553174.0
953,2023-09-22,27.79,27.82,27.33,27.55,7895015.0
954,2023-09-25,27.37,28.36,27.36,28.32,9385840.0
955,2023-09-26,27.96,28.36,27.65,27.73,7600837.0
956,2023-09-27,27.93,27.93,27.18,27.45,8551751.0
957,2023-09-28,27.44,27.88,27.31,27.71,7254211.0
958,2023-09-29,27.87,28.48,27.82,28.09,7883921.0
959,2023-10-02,27.98,28.18,27.03,27.11,8655125.0
960,2023-10-03,26.87,26.9,26.32,26.67,8735927.0
961,2023-10-04,26.79,26.85,26.18,26.65,6358180.0
962,2023-10-05,26.24,26.9,26.16,26.76,8328098.0
963,2023-10-06,26.45,27.12,26.05,26.8,11414792.0
964,2023-10-09,26.42,26.99,26.39,26.91,9145722.0
965,2023-10-10,28.85,29.17,28.18,28.73,17659723.0
966,2023-10-11,28.82,29.4,28.75,29.09,10602640.0
967,2023-10-12,28.94,29.23,28.29,28.36,9664760.0
968,2023-10-13,28.73,28.88,27.87,27.89,10701779.0
969,2023-10-16,28.34,28.6,27.9,28.48,12437408.0
970,2023-10-17,28.04,29.37,27.99,29.3,12739279.0
971,2023-10-18,28.95,29.15,28.04,28.22,10534857.0
972,2023-10-19,28.63,29.23,27.36,27.54,15234770.0
973,2023-10-20,27.52,27.65,26.43,26.64,14510329.0
974,2023-10-23,26.5,27.1575,26.4287,26.51,10653189.0
975,2023-10-24,26.54,27.275,26.535,27.04,10134280.0
976,2023-10-25,27.15,27.47,26.49,27.44,10127364.0
977,2023-10-26,27.36,28.32,27.34,27.99,10485360.0
978,2023-10-27,27.83,27.95,26.86,27.1,9322573.0
979,2023-10-30,27.36,27.78,27.12,27.66,8483190.0
980,2023-10-31,27.7,27.9,27.36,27.84,10506472.0
981,2023-11-01,27.86,28.15,27.61,27.97,10212119.0
982,2023-11-02,28.5,29.5699,28.32,29.45,11165404.0
983,2023-11-03,30.33,30.93,30.24,30.67,12782001.0
984,2023-11-06,30.78,30.83,30.03,30.22,7182696.0
985,2023-11-07,29.98,30.215,29.8,30.0,5848149.0
986,2023-11-08,29.97,30.0267,29.69,29.88,6516202.0
987,2023-11-09,29.98,30.12,28.94,29.15,9389722.0
988,2023-11-10,29.3,29.42,28.9295,29.39,5854801.0
989,2023-11-13,29.12,29.495,28.97,29.35,5460079.0
990,2023-11-14,30.32,31.36,30.31,30.98,10641834.0
991,2023-11-15,31.12,32.089,31.12,31.91,12350073.0
992,2023-11-16,31.77,31.94,31.125,31.45,9671880.0
993,2023-11-17,31.78,32.0,31.4,31.97,6919719.0
994,2023-11-20,31.74,32.18,31.55,32.04,6773900.0
995,2023-11-21,31.95,31.99,31.51,31.58,5245846.0
996,2023-11-22,31.93,31.96,31.33,31.49,5226282.0
997,2023-11-24,31.51,31.81,31.28,31.78,2525894.0
998,2023-11-27,31.55,31.73,31.33,31.44,8574185.0
999,2023-11-28,31.44,31.7,31.23,31.56,6113592.0
1000,2023-11-29,31.91,32.71,31.8,32.13,9376955.0
1001,2023-11-30,32.34,32.43,31.99,32.14,12300944.0
1002,2023-12-01,32.02,33.41,31.96,33.27,11699853.0
1003,2023-12-04,33.0,33.63,32.97,33.28,11962171.0
1004,2023-12-05,33.12,33.3,32.775,33.15,7592889.0
1005,2023-12-06,33.4,34.21,33.015,33.04,9173178.0
1006,2023-12-07,33.53,34.34,33.36,33.96,16613192.0
1007,2023-12-08,34.0,34.58,33.73,34.33,11424092.0
1008,2023-12-11,34.22,34.62,34.11,34.43,9279535.0
1009,2023-12-12,34.61,34.61,34.005,34.1,7117153.0
1010,2023-12-13,34.13,35.58,33.8708,35.49,11417816.0
1011,2023-12-14,36.7,37.66,36.275,37.64,17528648.0
1012,2023-12-15,37.44,37.83,36.51,36.7,15702348.0
1013,2023-12-18,36.71,37.05,36.32,36.34,8973220.0
1014,2023-12-19,36.41,36.86,36.1704,36.72,9318988.0
1015,2023-12-20,36.42,36.85,35.77,35.79,10834423.0
1016,2023-12-21,36.13,36.53,36.11,36.49,7842037.0
1017,2023-12-22,36.67,36.99,36.49,36.76,9644157.0
1018,2023-12-26,36.71,37.22,36.5804,37.11,6083823.0
1019,2023-12-27,36.99,37.42,36.77,37.24,6483067.0
1020,2023-12-28,37.12,37.43,37.12,37.29,6837968.0
1021,2023-12-29,37.09,37.3499,36.89,36.92,8058277.0
1022,2024-01-02,36.63,37.69,36.51,37.51,8595345.0
1023,2024-01-03,37.06,37.07,36.23,36.51,12154781.0
1024,2024-01-04,37.06,37.37,36.78,36.97,9411792.0
1025,2024-01-05,36.9,37.88,36.77,37.6,9362206.0
1026,2024-01-08,37.48,38.01,37.2539,38.0,7153154.0
1027,2024-01-09,37.57,37.87,37.38,37.68,6806477.0
1028,2024-01-10,37.61,37.86,37.19,37.73,8100180.0
1029,2024-01-11,37.46,37.545,36.47,37.34,9698759.0
1030,2024-01-12,37.435,37.63,36.455,36.74,8021156.0
1031,2024-01-16,36.21,36.42,35.73,36.18,9340466.0
1032,2024-01-17,35.74,36.23,35.44,35.78,8978558.0
1033,2024-01-18,36.2,37.56,35.09,35.98,17018335.0
1034,2024-01-19,36.2,37.51,35.85,37.47,13473880.0
1035,2024-01-22,37.6,37.9,36.94,37.01,10268269.0
1036,2024-01-23,37.08,37.3,36.63,36.82,6375752.0
1037,2024-01-24,37.09,37.715,36.87,37.55,11035578.0
1038,2024-01-25,38.0,38.02,37.175,37.51,8053752.0
1039,2024-01-26,37.59,38.02,37.5,37.84,11477858.0
1040,2024-01-29,37.67,38.21,37.61,38.09,9067023.0
1041,2024-01-30,38.12,38.4722,38.01,38.17,8091022.0
1042,2024-01-31,37.41,38.05,36.91,37.06,14452307.0
1043,2024-02-01,37.25,37.99,35.19,36.5,25481629.0
1044,2024-02-02,36.27,36.89,35.9624,36.79,11486822.0
1045,2024-02-05,36.49,36.57,35.81,36.25,10585477.0
1046,2024-02-06,36.29,36.49,35.8705,36.25,7305607.0
