,date,open,high,low,close,volume
0,2021-09-22,65.26,65.99,58.21,62.51,14255592.0
1,2021-09-23,62.32,64.94,59.0,59.0,4579120.0
2,2021-09-24,59.5,61.2,53.0,55.78,3928233.0
3,2021-09-27,55.51,56.37,54.11,54.9,2277851.0
4,2021-09-28,54.02,54.25,50.1,50.85,3987966.0
5,2021-09-29,50.6,52.86,49.0,49.78,1676477.0
6,2021-09-30,49.93,52.89,49.84,49.95,1444029.0
7,2021-10-01,50.09,53.85,49.89,53.55,959750.0
8,2021-10-04,53.55,53.65,50.66,52.07,1285208.0
9,2021-10-05,51.82,55.6,51.57,52.1,1641487.0
10,2021-10-06,51.54,53.5,51.07,52.12,964426.0
11,2021-10-07,52.51,55.3,52.42,53.0,745203.0
12,2021-10-08,53.55,54.0,51.18,51.82,383893.0
13,2021-10-11,51.79,52.34,50.2,51.36,1174350.0
14,2021-10-12,51.36,52.13,50.41,50.94,836120.0
15,2021-10-13,51.38,54.66,51.25,54.43,884617.0
16,2021-10-14,54.68,56.75,53.57,56.36,1096025.0
17,2021-10-15,56.79,58.45,54.82,56.21,1598825.0
18,2021-10-18,55.49,56.74,51.43,51.5,1620838.0
19,2021-10-19,51.7,54.8,51.4,52.54,1377371.0
20,2021-10-20,52.72,52.85,50.55,50.96,1080521.0
21,2021-10-21,50.5,52.85,50.5,51.33,677767.0
22,2021-10-22,51.35,51.99,48.65,49.62,906627.0
23,2021-10-25,49.62,53.43,49.61,52.74,1164988.0
24,2021-10-26,52.81,54.14,51.32,53.28,650275.0
25,2021-10-27,52.91,56.38,52.53,52.76,1073407.0
26,2021-10-28,53.29,55.82,52.71,53.05,1074652.0
27,2021-10-29,52.98,54.97,52.71,53.22,535255.0
28,2021-11-01,54.54,57.2,54.54,57.16,1126920.0
29,2021-11-02,57.16,65.73,57.16,65.22,2734283.0
30,2021-11-03,66.13,69.93,60.43,62.99,2613369.0
31,2021-11-04,63.3,64.05,58.2,60.26,1536262.0
32,2021-11-05,60.3,62.69,57.31,59.0,975838.0
33,2021-11-08,56.3,58.62,55.58,58.34,1336506.0
34,2021-11-09,57.93,61.75,55.58,60.75,1943465.0
35,2021-11-10,54.15,55.25,49.51,50.01,5702846.0
36,2021-11-11,47.96,50.0,46.4,48.36,4420371.0
37,2021-11-12,48.0,49.98,46.64,48.13,6363359.0
38,2021-11-15,48.0,48.99,47.05,47.97,3087076.0
39,2021-11-16,47.5,48.33,47.28,48.0,3506383.0
40,2021-11-17,47.9,48.01,46.2,47.0,3199490.0
41,2021-11-18,47.0,47.18,42.75,43.1,3697506.0
42,2021-11-19,43.08,45.29,42.07,45.07,2995797.0
43,2021-11-22,44.99,45.4,43.13,43.72,4982034.0
44,2021-11-23,43.64,44.45,40.02,41.5,4854497.0
45,2021-11-24,40.7,43.69,40.1,43.25,2317881.0
46,2021-11-26,41.31,43.23,41.1,43.1,1854835.0
47,2021-11-29,43.5,44.34,42.5,43.68,1839164.0
48,2021-11-30,43.23,43.9,39.77,39.99,3836306.0
49,2021-12-01,41.22,41.22,34.33,35.31,5100709.0
50,2021-12-02,36.01,36.18,32.65,35.69,4810080.0
51,2021-12-03,36.19,36.19,32.2,34.44,3833905.0
52,2021-12-06,34.11,37.09,32.95,36.74,3466943.0
53,2021-12-07,38.14,40.16,38.0,39.65,2771479.0
54,2021-12-08,39.58,40.8,38.28,40.38,2085866.0
55,2021-12-09,40.12,41.4,36.71,37.19,1729569.0
56,2021-12-10,37.2,38.27,36.01,37.27,2190615.0
57,2021-12-13,36.98,37.52,33.81,34.5,3483516.0
58,2021-12-14,33.18,35.38,33.03,34.0,2661696.0
59,2021-12-15,33.34,34.79,30.85,33.43,5516915.0
60,2021-12-16,35.37,37.65,32.76,32.85,6161895.0
61,2021-12-17,32.29,35.92,30.69,34.89,7693150.0
62,2021-12-20,33.68,35.2,33.25,34.13,2264242.0
63,2021-12-21,34.66,38.14,34.13,37.64,2386648.0
64,2021-12-22,37.58,39.76,36.98,37.84,2427571.0
65,2021-12-23,37.74,40.26,37.25,39.63,2372572.0
66,2021-12-27,39.94,40.13,38.63,38.95,1132890.0
67,2021-12-28,38.67,38.67,35.85,36.78,2979759.0
68,2021-12-29,35.75,37.53,35.13,37.11,1427930.0
69,2021-12-30,37.38,38.32,36.36,36.76,1486158.0
70,2021-12-31,36.47,37.52,34.5,34.71,1781040.0
71,2022-01-03,34.9,35.55,32.65,33.03,3030535.0
72,2022-01-04,33.46,33.59,29.15,30.86,4519797.0
73,2022-01-05,30.85,30.99,27.53,27.88,5260217.0
74,2022-01-06,27.4,28.88,25.95,28.5,4142718.0
75,2022-01-07,28.91,30.03,28.01,28.4,2332732.0
76,2022-01-10,27.6,28.19,26.15,27.7,2167959.0
77,2022-01-11,27.93,30.38,27.75,29.77,2854071.0
78,2022-01-12,30.14,30.94,27.71,28.41,2606047.0
79,2022-01-13,28.42,28.69,26.53,26.95,1841863.0
80,2022-01-14,26.5,27.45,24.69,25.2,3318905.0
81,2022-01-18,24.65,25.5,23.71,24.27,2755953.0
82,2022-01-19,24.75,25.41,24.14,24.2,2853016.0
83,2022-01-20,24.45,26.44,22.75,23.02,3704636.0
84,2022-01-21,22.7,23.73,20.8,22.56,5718778.0
85,2022-01-24,21.71,23.37,19.87,23.14,8214434.0
86,2022-01-25,22.07,23.18,20.53,21.21,4018482.0
87,2022-01-26,22.07,23.25,18.72,19.61,5277354.0
88,2022-01-27,20.72,20.8,19.28,19.93,3933791.0
89,2022-01-28,20.01,20.78,18.86,20.36,5361507.0
90,2022-01-31,20.47,23.35,20.4,22.88,3520189.0
91,2022-02-01,23.87,26.33,23.25,25.72,6110847.0
92,2022-02-02,25.34,26.33,24.2,24.46,4916244.0
93,2022-02-03,22.39,24.25,21.56,22.05,4715804.0
94,2022-02-04,22.02,23.35,21.59,23.06,3231311.0
95,2022-02-07,22.99,24.91,22.97,24.67,2758879.0
96,2022-02-08,24.26,25.95,23.77,25.81,2105140.0
97,2022-02-09,26.44,28.69,26.34,27.88,2915551.0
98,2022-02-10,26.06,30.6,26.02,27.76,3911095.0
99,2022-02-11,27.92,29.45,26.86,27.59,2187255.0
100,2022-02-14,27.49,28.9,26.88,27.44,2384983.0
101,2022-02-15,28.27,29.37,26.93,28.12,4635369.0
102,2022-02-16,22.95,24.4,22.1,23.0,12384303.0
103,2022-02-17,21.5,21.85,20.19,21.67,10803580.0
104,2022-02-18,20.96,21.9,19.75,20.87,6848517.0
105,2022-02-22,20.2,21.87,19.14,19.49,5519661.0
106,2022-02-23,19.92,20.1,17.64,17.79,6168214.0
107,2022-02-24,16.6,20.13,16.6,20.08,5492080.0
108,2022-02-25,20.2,20.43,18.42,20.26,3374453.0
109,2022-02-28,20.15,21.21,19.55,20.52,4285751.0
110,2022-03-01,20.4,21.04,19.23,19.59,4024141.0
111,2022-03-02,19.74,20.86,19.55,20.5,5105580.0
112,2022-03-03,20.58,20.68,19.52,19.64,6343821.0
113,2022-03-04,19.51,19.52,17.81,17.89,5542002.0
114,2022-03-07,17.55,17.7,16.52,17.21,5165634.0
115,2022-03-08,17.0,18.45,16.53,17.57,5276651.0
116,2022-03-09,18.12,19.85,18.12,19.45,4757161.0
117,2022-03-10,19.0,19.86,18.58,19.61,3865879.0
118,2022-03-11,19.6,20.15,17.56,17.63,3813446.0
119,2022-03-14,17.42,17.84,15.83,16.26,6186457.0
120,2022-03-15,16.46,17.49,16.25,17.38,4396310.0
121,2022-03-16,17.68,18.92,17.65,18.72,6229646.0
122,2022-03-17,18.74,19.37,17.93,18.94,9095323.0
123,2022-03-18,18.92,20.94,18.62,19.65,8389000.0
124,2022-03-21,19.06,20.37,18.25,20.05,3711030.0
125,2022-03-22,19.67,21.02,19.04,20.24,3326839.0
126,2022-03-23,20.08,20.92,19.48,19.91,3711008.0
127,2022-03-24,20.12,20.47,18.99,20.0,2758161.0
128,2022-03-25,20.14,20.39,18.96,19.44,1895061.0
129,2022-03-28,19.25,19.92,18.08,19.23,2672125.0
130,2022-03-29,19.84,22.05,19.77,21.64,7973579.0
131,2022-03-30,20.99,23.05,20.71,21.89,4542644.0
132,2022-03-31,22.0,22.67,21.52,21.73,2893540.0
133,2022-04-01,21.96,23.64,21.95,22.76,3145922.0
134,2022-04-04,23.12,24.36,22.78,24.05,3410923.0
135,2022-04-05,22.72,22.86,20.78,21.19,6030739.0
136,2022-04-06,20.6,20.86,19.56,20.6,5799139.0
137,2022-04-07,20.31,20.35,18.65,19.07,6887311.0
138,2022-04-08,18.22,19.38,17.92,18.81,7029691.0
139,2022-04-11,18.49,19.18,18.11,18.81,4609923.0
140,2022-04-12,19.21,20.05,18.55,18.76,4403615.0
141,2022-04-13,18.55,20.17,18.19,19.62,5388338.0
142,2022-04-14,19.34,19.53,18.73,19.3,3697076.0
143,2022-04-18,19.16,19.36,18.14,19.17,5002032.0
144,2022-04-19,19.2,20.5,19.14,20.2,4850225.0
145,2022-04-20,20.31,20.39,19.35,19.71,3540715.0
146,2022-04-21,20.21,20.95,19.04,19.23,5340386.0
147,2022-04-22,19.24,20.05,18.48,18.8,3915708.0
148,2022-04-25,18.61,19.73,18.25,19.27,4572839.0
149,2022-04-26,19.5,19.73,18.11,18.96,5108046.0
150,2022-04-27,18.93,20.19,18.77,19.21,3801777.0
151,2022-04-28,19.35,20.87,18.91,20.59,3989981.0
152,2022-04-29,19.28,20.14,18.37,18.63,6498110.0
153,2022-05-02,18.72,19.48,18.38,19.41,2636357.0
154,2022-05-03,19.27,19.94,18.46,18.51,3852380.0
155,2022-05-04,18.2,18.39,16.19,18.26,6922456.0
156,2022-05-05,17.8,17.88,16.13,16.45,5041590.0
157,2022-05-06,16.13,16.39,14.41,15.37,6654447.0
158,2022-05-09,14.98,15.29,13.42,13.77,8561777.0
159,2022-05-10,14.12,14.64,13.07,13.92,5644260.0
160,2022-05-11,13.49,13.87,12.45,12.68,6291944.0
161,2022-05-12,12.31,14.56,11.91,14.29,16092734.0
162,2022-05-13,16.29,16.53,14.48,14.99,12731121.0
163,2022-05-16,15.2,15.24,13.78,13.9,6793029.0
164,2022-05-17,13.94,14.83,13.01,13.51,7572479.0
165,2022-05-18,13.21,14.08,12.84,13.21,5567741.0
166,2022-05-19,13.03,15.34,13.03,14.79,7632083.0
167,2022-05-20,15.26,16.17,14.15,15.36,7608922.0
168,2022-05-23,15.25,15.51,14.61,15.32,4675038.0
169,2022-05-24,15.04,15.04,13.98,14.37,7723912.0
170,2022-05-25,14.36,15.33,14.36,14.95,3275918.0
171,2022-05-26,14.83,16.14,14.7,15.64,3968858.0
172,2022-05-27,15.74,17.0,15.74,16.52,4296207.0
173,2022-05-31,16.73,16.96,16.06,16.24,7388653.0
174,2022-06-01,15.6,16.41,15.13,15.64,5924006.0
175,2022-06-02,15.58,17.38,15.48,16.93,4816343.0
176,2022-06-03,16.57,17.0,16.26,16.72,4388225.0
177,2022-06-06,17.25,17.67,15.7,16.11,5721896.0
178,2022-06-07,15.82,16.87,15.64,16.25,4322643.0
179,2022-06-08,16.35,17.24,16.12,16.23,4954517.0
180,2022-06-09,16.12,17.21,15.75,15.94,7438138.0
181,2022-06-10,15.44,15.56,14.27,14.98,6900896.0
182,2022-06-13,14.01,14.65,13.53,14.03,7679810.0
183,2022-06-14,14.16,14.38,13.68,13.85,8315977.0
184,2022-06-15,13.98,14.29,13.33,13.73,13324490.0
185,2022-06-16,13.21,14.11,12.88,13.06,10803358.0
186,2022-06-17,13.25,13.99,12.91,13.12,19618869.0
187,2022-06-21,13.29,14.95,13.29,13.88,8429835.0
188,2022-06-22,13.58,14.36,13.56,13.93,7148328.0
189,2022-06-23,14.02,15.18,14.02,14.82,5503083.0
190,2022-06-24,15.12,15.32,14.72,15.15,19563911.0
191,2022-06-27,15.15,15.31,14.32,14.82,3686638.0
192,2022-06-28,14.63,15.05,13.9,13.94,3301237.0
193,2022-06-29,13.82,13.88,12.98,13.16,4668079.0
194,2022-06-30,12.91,12.99,12.15,12.94,5585798.0
195,2022-07-01,12.99,13.78,12.99,13.7,3696225.0
196,2022-07-05,13.46,14.24,13.21,14.0,4330818.0
197,2022-07-06,14.08,14.57,13.74,13.91,3349528.0
198,2022-07-07,13.88,15.1,13.88,14.96,4552875.0
199,2022-07-08,14.95,15.01,14.13,14.57,3393287.0
200,2022-07-11,14.28,14.39,13.75,14.03,3012096.0
201,2022-07-12,14.1,15.09,13.63,14.39,5497526.0
202,2022-07-13,13.76,14.62,13.66,14.46,4778488.0
203,2022-07-14,14.39,14.5,13.66,13.7,2853682.0
204,2022-07-15,13.98,14.43,13.54,13.99,2665114.0
205,2022-07-18,14.26,14.71,13.94,14.03,3368001.0
206,2022-07-19,14.23,14.61,13.67,14.56,6071144.0
207,2022-07-20,14.53,15.5,14.53,15.24,5253212.0
208,2022-07-21,14.9,15.42,14.87,15.2,2141857.0
209,2022-07-22,15.34,15.71,14.43,14.68,3811009.0
210,2022-07-25,14.66,14.69,14.2,14.37,1915251.0
211,2022-07-26,14.2,14.2,13.66,13.95,4505910.0
212,2022-07-27,14.41,15.21,14.3,15.05,3162664.0
213,2022-07-28,15.09,16.1,14.98,15.97,4302981.0
214,2022-07-29,15.91,16.44,15.45,15.98,5172312.0
215,2022-08-01,15.76,15.97,15.37,15.89,3949931.0
216,2022-08-02,14.85,16.02,14.66,15.94,6919632.0
217,2022-08-03,16.1,17.07,15.94,16.7,7007593.0
218,2022-08-04,16.9,17.32,16.33,16.88,4295505.0
219,2022-08-05,16.15,16.8,15.61,16.56,5467777.0
220,2022-08-08,16.79,18.11,16.61,17.64,8282098.0
221,2022-08-09,17.33,17.4,16.43,16.98,4736495.0
222,2022-08-10,18.0,18.74,17.69,18.46,5795518.0
223,2022-08-11,19.25,19.25,17.95,18.15,7434542.0
224,2022-08-12,21.71,21.76,19.47,19.64,20733938.0
225,2022-08-15,19.17,19.57,18.76,19.17,8635721.0
226,2022-08-16,18.95,21.61,18.62,20.64,11373289.0
227,2022-08-17,20.02,20.18,18.8,19.49,8765799.0
228,2022-08-18,19.32,19.41,18.54,18.85,6319430.0
229,2022-08-19,18.5,18.73,17.97,18.37,5232357.0
230,2022-08-22,17.84,18.27,17.64,18.17,5354716.0
231,2022-08-23,18.55,19.13,18.28,18.44,3082402.0
232,2022-08-24,18.42,19.86,18.18,19.65,5456142.0
233,2022-08-25,19.77,20.05,19.44,19.85,5040194.0
234,2022-08-26,19.71,19.91,18.44,18.72,3867348.0
235,2022-08-29,18.31,18.99,18.28,18.69,3169828.0
236,2022-08-30,19.07,19.32,18.24,18.64,2443911.0
237,2022-08-31,18.92,19.42,18.68,18.93,3593471.0
238,2022-09-01,18.75,18.8,17.79,18.53,4946317.0
239,2022-09-02,18.76,18.79,18.19,18.39,3470572.0
240,2022-09-06,18.42,18.79,18.14,18.36,3349562.0
241,2022-09-07,18.25,19.1,18.02,19.08,3135393.0
242,2022-09-08,18.64,20.41,18.6,20.38,6686076.0
243,2022-09-09,20.55,21.59,20.55,21.44,6421389.0
244,2022-09-12,21.56,22.47,21.56,22.29,5186839.0
245,2022-09-13,20.95,21.39,20.09,20.33,8458600.0
246,2022-09-14,20.2,20.8,19.56,20.54,5785576.0
247,2022-09-15,20.19,21.42,20.11,20.35,6180362.0
248,2022-09-16,19.9,19.91,18.95,19.15,11751909.0
249,2022-09-19,18.87,19.13,18.68,19.05,4113393.0
250,2022-09-20,18.6,18.97,18.33,18.63,4657326.0
251,2022-09-21,18.75,19.19,18.14,18.27,2825945.0
252,2022-09-22,18.11,18.34,17.5,17.77,4162437.0
253,2022-09-23,17.34,17.71,17.04,17.66,4144845.0
254,2022-09-26,17.64,18.13,17.22,17.37,3296350.0
255,2022-09-27,17.9,18.26,17.56,17.95,3656880.0
256,2022-09-28,17.94,19.04,17.93,18.84,3052847.0
257,2022-09-29,18.49,18.51,17.25,17.47,6466906.0
258,2022-09-30,17.32,18.12,16.7,16.72,7482801.0
259,2022-10-03,16.81,17.2,16.21,16.61,5243247.0
260,2022-10-04,17.24,17.58,16.88,17.57,6270541.0
261,2022-10-05,17.1,18.0,16.44,17.87,4507600.0
262,2022-10-06,17.64,18.52,17.64,17.94,4791083.0
263,2022-10-07,17.44,17.56,16.55,16.82,3332022.0
264,2022-10-10,18.06,18.32,16.45,16.81,5817453.0
265,2022-10-11,16.75,17.43,16.06,17.22,3776302.0
266,2022-10-12,17.32,17.94,16.4,17.92,5767548.0
267,2022-10-13,17.16,18.29,16.45,17.7,6093684.0
268,2022-10-14,18.0,18.47,16.91,16.98,3553536.0
269,2022-10-17,17.64,18.69,17.62,18.68,4462185.0
270,2022-10-18,19.31,20.3,18.99,20.27,8087010.0
271,2022-10-19,19.88,20.19,19.35,19.39,5696418.0
272,2022-10-20,19.38,20.39,19.25,19.43,3995485.0
273,2022-10-21,19.29,20.81,18.92,20.78,7460732.0
274,2022-10-24,20.78,20.78,19.58,20.62,4701290.0
275,2022-10-25,20.9,22.25,20.87,22.22,4963852.0
276,2022-10-26,21.75,22.86,21.19,21.71,6579373.0
277,2022-10-27,21.98,23.0,21.63,21.96,4541574.0
278,2022-10-28,21.6,22.25,21.43,22.17,3283612.0
279,2022-10-31,21.97,22.5,21.78,22.09,2730369.0
280,2022-11-01,22.85,23.0,21.76,22.01,4637247.0
281,2022-11-02,21.98,22.12,19.85,20.05,6843786.0
282,2022-11-03,19.72,20.16,19.17,19.84,5487473.0
283,2022-11-04,20.08,20.34,17.99,18.99,8809512.0
284,2022-11-07,19.29,19.5,18.34,18.86,4815425.0
285,2022-11-08,18.94,19.6,18.26,19.0,5894784.0
286,2022-11-09,18.5,18.78,17.05,17.64,9141184.0
287,2022-11-10,19.19,20.41,19.13,20.0,13132200.0
288,2022-11-11,21.5,21.8,19.71,20.48,21978659.0
289,2022-11-14,20.11,21.39,19.48,20.75,11627380.0
290,2022-11-15,21.0,21.19,19.56,20.45,12472824.0
291,2022-11-16,20.0,20.2,18.78,18.98,6386191.0
292,2022-11-17,18.39,18.59,17.76,18.45,6364276.0
293,2022-11-18,18.7,18.82,18.13,18.2,5601819.0
294,2022-11-21,18.0,18.28,17.8,18.22,4949273.0
295,2022-11-22,18.14,18.3,17.83,18.22,3406826.0
296,2022-11-23,18.17,18.7,17.95,18.63,2385345.0
297,2022-11-25,18.5,18.95,18.39,18.82,1717417.0
298,2022-11-28,18.55,19.03,17.98,18.0,3739244.0
299,2022-11-29,18.06,18.39,17.03,17.12,4943486.0
300,2022-11-30,17.31,18.66,17.19,18.36,19798319.0
301,2022-12-01,18.31,18.82,18.1,18.34,8667976.0
302,2022-12-02,17.83,18.21,17.52,17.99,3098581.0
303,2022-12-05,17.81,18.18,16.66,16.75,4220114.0
304,2022-12-06,16.78,16.87,16.34,16.72,6191435.0
305,2022-12-07,16.66,17.34,16.52,17.22,4123192.0
306,2022-12-08,17.41,18.98,17.22,18.96,5378902.0
307,2022-12-09,18.86,19.52,18.63,19.3,4742502.0
308,2022-12-12,19.38,20.02,19.25,19.87,4157621.0
309,2022-12-13,21.18,21.3,19.34,19.62,5903690.0
310,2022-12-14,19.56,20.13,19.32,19.77,4287524.0
311,2022-12-15,19.21,19.34,18.52,18.74,6132059.0
312,2022-12-16,18.71,19.13,18.51,18.76,6261354.0
313,2022-12-19,18.61,18.76,17.66,17.77,4681883.0
314,2022-12-20,17.58,18.16,17.51,17.6,4257619.0
315,2022-12-21,17.75,18.1,17.33,17.77,5710811.0
316,2022-12-22,17.42,17.66,16.86,17.65,3433185.0
317,2022-12-23,17.45,17.64,17.27,17.62,2614788.0
318,2022-12-27,17.39,17.54,16.73,17.15,2523315.0
319,2022-12-28,16.98,17.18,16.75,16.75,3408477.0
320,2022-12-29,16.93,18.18,16.87,17.95,2934354.0
321,2022-12-30,17.61,18.13,17.58,18.03,2365417.0
322,2023-01-03,18.43,18.76,17.51,17.55,3711694.0
323,2023-01-04,17.84,18.43,17.54,18.42,4064972.0
324,2023-01-05,18.22,18.39,17.26,17.28,4600496.0
325,2023-01-06,17.28,17.69,17.02,17.43,3813554.0
326,2023-01-09,17.72,18.34,17.43,17.99,6850095.0
327,2023-01-10,17.82,18.33,17.63,18.32,3818722.0
328,2023-01-11,18.5,19.26,18.33,19.24,3340062.0
329,2023-01-12,19.38,19.7,18.74,19.55,2001102.0
330,2023-01-13,19.29,20.04,19.29,19.91,3064049.0
331,2023-01-17,19.95,20.95,19.68,20.17,4441486.0
332,2023-01-18,20.76,21.02,19.96,20.3,3840108.0
333,2023-01-19,19.88,20.0,18.92,19.28,3863142.0
334,2023-01-20,19.51,20.87,19.44,20.77,3009678.0
335,2023-01-23,21.03,22.36,20.77,22.34,7487530.0
336,2023-01-24,21.5,22.27,21.17,21.46,4519016.0
337,2023-01-25,20.88,22.15,20.04,22.06,6166449.0
338,2023-01-26,22.78,22.99,21.96,22.44,5449689.0
339,2023-01-27,22.2,23.08,22.15,22.77,5551429.0
340,2023-01-30,22.21,22.52,21.89,22.04,3776056.0
341,2023-01-31,22.14,22.55,21.84,22.31,4887846.0
342,2023-02-01,22.38,23.23,21.98,23.15,6142656.0
343,2023-02-02,23.99,24.74,23.82,24.74,9771027.0
344,2023-02-03,23.73,24.41,23.39,23.85,5033726.0
345,2023-02-06,23.46,24.02,23.11,23.26,4100865.0
346,2023-02-07,23.41,24.05,23.13,23.91,3753550.0
347,2023-02-08,23.84,24.44,23.41,23.44,2927342.0
348,2023-02-09,23.52,23.93,22.55,22.83,7739891.0
349,2023-02-10,22.3,22.82,21.96,22.8,4015805.0
350,2023-02-13,23.57,24.47,23.36,23.94,8486327.0
351,2023-02-14,23.6,25.78,23.42,25.11,12061507.0
352,2023-02-15,25.0,26.04,24.89,25.96,11209024.0
353,2023-02-16,21.04,21.83,19.52,20.03,36920647.0
354,2023-02-17,20.01,20.02,18.85,19.48,17489438.0
355,2023-02-21,19.03,19.63,18.61,19.53,8515512.0
356,2023-02-22,19.58,20.28,19.35,20.16,7053157.0
357,2023-02-23,20.45,20.67,20.0,20.51,5160735.0
358,2023-02-24,20.01,20.01,19.0,19.46,8904785.0
359,2023-02-27,19.69,19.78,18.92,19.02,5690411.0
360,2023-02-28,19.0,19.25,18.84,18.92,7915446.0
361,2023-03-01,18.82,18.96,18.11,18.41,7954060.0
362,2023-03-02,18.16,18.4,17.92,18.25,6463217.0
363,2023-03-03,18.45,19.04,18.45,18.8,4672823.0
364,2023-03-06,18.87,19.03,18.39,18.41,5047964.0
365,2023-03-07,18.49,19.03,18.22,18.41,6137748.0
366,2023-03-08,18.74,19.27,18.56,19.14,8061280.0
367,2023-03-09,18.93,19.3,18.03,18.29,6760185.0
368,2023-03-10,18.25,18.27,17.05,17.33,10068323.0
369,2023-03-13,17.01,17.52,16.51,17.38,9529087.0
370,2023-03-14,17.73,17.9,17.45,17.73,7562432.0
371,2023-03-15,17.42,17.58,16.99,17.19,12059695.0
372,2023-03-16,17.15,17.59,16.81,17.41,9224887.0
373,2023-03-17,17.11,17.24,16.56,17.11,8451199.0
374,2023-03-20,16.9,17.07,16.43,16.67,5513790.0
375,2023-03-21,16.95,17.47,16.83,17.3,4575722.0
376,2023-03-22,17.34,17.4,16.54,16.56,4889630.0
377,2023-03-23,16.67,16.9,15.98,16.11,7319234.0
378,2023-03-24,15.9,16.37,15.77,16.23,5072281.0
379,2023-03-27,16.45,16.6,16.22,16.47,3662476.0
380,2023-03-28,16.32,16.51,16.07,16.24,3153605.0
381,2023-03-29,16.62,16.87,16.52,16.85,3298872.0
382,2023-03-30,17.24,17.34,16.88,17.02,2431541.0
383,2023-03-31,17.14,17.78,16.94,17.75,5174698.0
384,2023-04-03,17.66,17.87,17.4,17.86,2996658.0
385,2023-04-04,17.99,18.04,17.41,17.57,3248470.0
386,2023-04-05,17.34,17.42,16.31,16.37,5597040.0
387,2023-04-06,16.11,16.63,16.1,16.55,4413945.0
388,2023-04-10,16.37,17.37,16.35,17.25,7134162.0
389,2023-04-11,17.4,18.01,17.33,17.66,7645445.0
390,2023-04-12,18.01,18.15,17.62,17.75,7625226.0
391,2023-04-13,17.94,18.29,17.88,17.97,3481622.0
392,2023-04-14,17.76,17.93,17.24,17.57,3744462.0
393,2023-04-17,17.54,17.82,17.46,17.77,3357399.0
394,2023-04-18,18.01,18.03,17.24,17.56,3359048.0
395,2023-04-19,17.81,18.33,17.21,18.05,7444857.0
396,2023-04-20,17.76,18.23,17.67,17.78,2855872.0
397,2023-04-21,17.79,17.99,17.63,17.92,2711822.0
398,2023-04-24,17.91,18.13,17.3,17.68,3182821.0
399,2023-04-25,17.58,17.72,17.22,17.25,3903506.0
400,2023-04-26,17.68,18.27,17.6,17.86,4402961.0
401,2023-04-27,18.21,18.37,17.8,18.27,4901132.0
402,2023-04-28,18.06,18.31,17.81,18.2,2349994.0
403,2023-05-01,18.14,18.41,17.28,17.52,5209366.0
404,2023-05-02,17.36,17.47,16.98,17.22,4623553.0
405,2023-05-03,17.16,18.1,17.06,17.53,3977053.0
406,2023-05-04,17.8,18.05,17.48,17.6,6971693.0
407,2023-05-05,17.91,18.49,17.88,18.43,7250256.0
408,2023-05-08,18.5,19.76,18.44,19.35,10982469.0
409,2023-05-09,19.03,19.77,18.96,19.46,9306721.0
410,2023-05-10,20.45,21.2,19.71,21.12,18446143.0
411,2023-05-11,20.87,21.04,20.52,20.8,9632447.0
412,2023-05-12,20.84,20.84,19.23,19.49,7749863.0
413,2023-05-15,19.44,19.68,18.99,19.43,7257128.0
414,2023-05-16,19.29,19.3,18.44,18.73,6945091.0
415,2023-05-17,19.25,20.69,19.04,20.43,8504303.0
416,2023-05-18,20.59,21.16,20.53,21.05,6653546.0
417,2023-05-19,20.96,20.98,20.48,20.81,5035327.0
418,2023-05-22,20.86,21.6,20.76,21.3,4625798.0
419,2023-05-23,20.99,21.59,20.46,20.52,10944683.0
420,2023-05-24,20.22,21.37,20.05,21.36,7841993.0
421,2023-05-25,21.67,21.98,21.18,21.32,5459368.0
422,2023-05-26,21.43,22.22,21.4,21.42,4704575.0
423,2023-05-30,21.88,22.16,21.38,21.74,5846545.0
424,2023-05-31,21.54,21.72,20.75,20.97,12712981.0
425,2023-06-01,21.2,21.84,20.89,21.58,10883522.0
426,2023-06-02,21.58,21.67,20.31,21.07,9870498.0
427,2023-06-05,20.93,22.01,20.89,21.96,5777643.0
428,2023-06-06,21.84,22.49,21.76,22.25,5270821.0
429,2023-06-07,22.28,22.6,21.73,21.8,5371600.0
430,2023-06-08,21.69,21.98,21.49,21.93,4382991.0
431,2023-06-09,22.23,22.48,21.72,21.86,4051195.0
432,2023-06-12,22.25,23.25,22.25,23.18,8884283.0
433,2023-06-13,23.5,23.69,23.01,23.69,9894905.0
434,2023-06-14,23.65,23.75,22.93,23.28,5371201.0
435,2023-06-15,22.7,23.26,21.7,23.03,10316017.0
436,2023-06-16,23.05,23.07,21.65,21.71,10598919.0
437,2023-06-20,21.55,22.13,21.34,21.64,6139542.0
438,2023-06-21,21.4,21.57,20.89,21.29,5647991.0
439,2023-06-22,21.25,21.77,21.07,21.59,4834197.0
440,2023-06-23,21.31,21.69,21.09,21.54,11876725.0
441,2023-06-26,21.48,21.99,21.42,21.8,4764683.0
442,2023-06-27,22.0,22.26,21.81,22.08,3646545.0
443,2023-06-28,22.1,22.77,21.91,22.32,7101118.0
444,2023-06-29,22.33,23.06,22.08,22.88,7341003.0
445,2023-06-30,23.25,23.32,22.45,22.57,4560818.0
446,2023-07-03,22.5,22.62,22.12,22.31,2208778.0
447,2023-07-05,22.33,22.74,21.97,22.57,5135400.0
448,2023-07-06,22.15,22.49,21.65,22.42,6205888.0
449,2023-07-07,22.5,23.06,22.42,22.49,4098990.0
450,2023-07-10,22.48,22.96,22.2,22.82,3188001.0
451,2023-07-11,23.29,23.86,23.07,23.5,8414284.0
452,2023-07-12,23.93,24.78,23.26,24.77,9104288.0
453,2023-07-13,24.99,26.67,24.9,25.91,12457518.0
454,2023-07-14,25.98,26.0,24.76,25.08,7885007.0
455,2023-07-17,25.1,26.13,24.86,25.85,4201592.0
456,2023-07-18,26.0,27.0,25.71,26.76,10842845.0
457,2023-07-19,24.0,24.66,22.21,22.56,35554119.0
458,2023-07-20,22.21,22.38,21.74,21.88,12955739.0
459,2023-07-21,22.0,22.06,21.52,21.96,8013826.0
460,2023-07-24,21.84,22.5,21.65,22.47,6296644.0
461,2023-07-25,22.58,23.15,22.39,22.8,8998200.0
462,2023-07-26,22.69,22.93,22.25,22.89,4597369.0
463,2023-07-27,23.2,23.23,21.06,21.26,8433596.0
464,2023-07-28,21.58,22.07,21.48,21.6,4579647.0
465,2023-07-31,21.65,22.08,21.51,22.07,5479898.0
466,2023-08-01,21.81,21.91,21.5,21.79,3569497.0
467,2023-08-02,21.43,21.6,20.36,20.39,9542388.0
468,2023-08-03,20.18,20.76,20.08,20.67,6085931.0
469,2023-08-04,20.7,20.76,19.89,20.02,5860828.0
470,2023-08-07,20.1,20.43,19.78,20.37,6967600.0
471,2023-08-08,20.12,20.32,19.81,20.22,13652483.0
472,2023-08-09,23.05,24.37,22.77,23.18,22759378.0
473,2023-08-10,23.4,23.65,22.68,22.77,8983033.0
474,2023-08-11,22.77,24.32,22.65,24.11,10668853.0
475,2023-08-14,24.16,24.16,23.3,23.6,7145464.0
476,2023-08-15,23.59,23.69,23.02,23.11,6470305.0
477,2023-08-16,22.95,23.51,22.82,23.31,6576313.0
478,2023-08-17,23.02,23.12,22.58,22.68,6567932.0
479,2023-08-18,22.0,22.37,21.62,21.8,10997237.0
480,2023-08-21,21.8,22.0,21.28,21.7,6282057.0
481,2023-08-22,22.01,22.25,21.47,21.49,4088226.0
482,2023-08-23,21.5,21.62,21.14,21.43,4615953.0
483,2023-08-24,21.79,21.8,20.96,20.98,4657225.0
484,2023-08-25,21.04,21.36,20.69,21.23,4608686.0
485,2023-08-28,21.47,21.6,20.99,20.99,4568190.0
486,2023-08-29,20.9,21.69,20.75,21.65,4739346.0
487,2023-08-30,21.59,22.17,21.18,22.1,5351499.0
488,2023-08-31,22.23,22.45,21.93,22.17,4620792.0
489,2023-09-01,22.42,22.51,21.94,21.98,3984223.0
490,2023-09-05,21.77,21.92,21.31,21.67,5136906.0
491,2023-09-06,22.66,22.88,21.29,21.37,8635470.0
492,2023-09-07,20.96,21.9,20.46,21.82,8651037.0
493,2023-09-08,21.98,22.16,20.77,20.84,5377772.0
494,2023-09-11,21.12,21.56,20.84,21.32,4694027.0
495,2023-09-12,21.11,21.53,20.86,21.18,3938347.0
496,2023-09-13,21.0,21.12,20.56,20.57,5146889.0
497,2023-09-14,20.85,21.4,20.75,20.8,5636508.0
498,2023-09-15,20.49,20.72,19.93,20.12,8983104.0
499,2023-09-18,19.98,20.74,19.83,20.39,6419628.0
500,2023-09-19,20.06,20.44,19.73,20.33,6311670.0
501,2023-09-20,20.3,20.35,19.09,19.12,8530207.0
502,2023-09-21,18.8,18.88,18.45,18.55,7911408.0
503,2023-09-22,18.79,18.99,18.45,18.61,6467731.0
504,2023-09-25,18.5,18.96,18.31,18.81,8559554.0
505,2023-09-26,18.59,18.77,18.29,18.45,5168340.0
506,2023-09-27,18.6,18.94,18.44,18.67,4162963.0
507,2023-09-28,18.66,18.82,18.33,18.6,4044791.0
508,2023-09-29,18.92,19.32,18.59,18.73,5079955.0
509,2023-10-02,17.72,18.69,17.56,18.32,8934327.0
510,2023-10-03,18.09,18.14,17.05,17.37,9313111.0
511,2023-10-04,17.5,17.52,17.0,17.41,6971165.0
512,2023-10-05,17.21,17.45,16.6,17.33,9067272.0
513,2023-10-06,17.11,17.62,16.93,17.08,6644076.0
514,2023-10-09,16.76,17.5,16.75,17.21,6954183.0
515,2023-10-10,17.29,18.34,17.21,18.05,8942725.0
516,2023-10-11,18.16,18.94,18.12,18.81,13114215.0
517,2023-10-12,18.62,18.78,17.4,17.84,9567116.0
518,2023-10-13,17.85,17.97,17.26,17.46,4801361.0
519,2023-10-16,17.52,18.01,17.21,17.92,4444746.0
520,2023-10-17,17.87,18.59,17.87,18.45,5707437.0
521,2023-10-18,18.21,18.32,17.79,17.8,4686924.0
522,2023-10-19,17.88,18.16,17.63,17.81,5575216.0
523,2023-10-20,17.86,17.94,17.395,17.58,8999263.0
524,2023-10-23,17.44,17.62,17.09,17.19,6811125.0
525,2023-10-24,17.47,18.13,17.435,17.75,5128158.0
526,2023-10-25,17.34,17.55,16.48,16.56,9729187.0
527,2023-10-26,16.5,16.655,15.86,16.25,10820299.0
528,2023-10-27,16.4,16.54,15.65,15.77,6877808.0
529,2023-10-30,15.96,16.115,15.525,15.95,7266297.0
530,2023-10-31,15.71,16.335,15.68,15.99,8084848.0
531,2023-11-01,16.05,16.33,15.815,16.21,5612151.0
532,2023-11-02,16.69,17.4,16.67,16.82,9904454.0
533,2023-11-03,17.22,18.06,17.15,17.49,7333295.0
534,2023-11-06,17.63,17.835,16.825,17.06,9404994.0
535,2023-11-07,17.37,17.64,16.9201,17.25,20396042.0
536,2023-11-08,14.3,15.11,13.86,14.89,36311599.0
537,2023-11-09,14.99,15.12,13.85,13.92,18726882.0
538,2023-11-10,14.17,14.405,13.825,14.11,15746475.0
539,2023-11-13,14.08,14.21,13.8,13.81,9642113.0
540,2023-11-14,14.3,14.9456,14.26,14.71,14911747.0
541,2023-11-15,14.75,14.9,14.455,14.52,10252012.0
542,2023-11-16,14.38,14.39,13.92,14.25,10520134.0
543,2023-11-17,14.28,14.45,14.015,14.4,9085813.0
544,2023-11-20,14.27,14.66,14.115,14.46,8364704.0
545,2023-11-21,14.3,14.33,13.805,13.82,9126344.0
546,2023-11-22,14.0,14.12,13.765,14.02,5619362.0
547,2023-11-24,14.14,14.2,13.9214,14.19,2230915.0
548,2023-11-27,14.06,14.45,14.02,14.26,6259999.0
549,2023-11-28,14.21,14.76,14.0,14.72,7479519.0
550,2023-11-29,15.0,15.54,15.0,15.27,10748572.0
551,2023-11-30,15.35,15.43,14.73,14.87,9634889.0
552,2023-12-01,14.91,15.32,14.77,15.32,7725364.0
553,2023-12-04,15.18,15.57,15.1,15.12,7391709.0
554,2023-12-05,14.96,15.01,14.68,14.88,6761465.0
555,2023-12-06,14.82,15.475,14.45,15.13,11069811.0
556,2023-12-07,15.1,15.29,14.75,15.06,6315789.0
557,2023-12-08,15.01,15.49,14.9089,15.35,7750370.0
558,2023-12-11,15.27,15.71,15.1407,15.64,8216230.0
559,2023-12-12,15.57,15.69,15.155,15.41,6432283.0
560,2023-12-13,15.54,16.15,15.17,16.07,8125014.0
561,2023-12-14,16.57,17.48,16.52,17.24,17119187.0
562,2023-12-15,17.35,17.49,16.77,16.84,12398972.0
563,2023-12-18,16.93,17.43,16.72,17.12,8450538.0
564,2023-12-19,17.31,18.3,17.275,18.17,12153843.0
565,2023-12-20,18.04,18.78,17.861,17.97,13483721.0
566,2023-12-21,18.29,18.66,17.88,18.28,8066587.0
567,2023-12-22,18.4,18.5399,17.88,18.14,5016189.0
568,2023-12-26,18.24,18.49,18.1,18.43,4736583.0
569,2023-12-27,18.5,18.85,18.395,18.84,5833363.0
570,2023-12-28,18.7,19.1658,18.669,18.92,8274124.0
571,2023-12-29,18.77,18.875,18.17,18.26,6340456.0
572,2024-01-02,18.0,18.26,17.59,18.06,7564812.0
573,2024-01-03,17.57,17.73,17.11,17.24,7891082.0
574,2024-01-04,17.17,17.56,16.86,17.52,8213853.0
575,2024-01-05,17.29,17.95,17.23,17.74,5846832.0
576,2024-01-08,17.91,18.725,17.81,18.64,7580063.0
577,2024-01-09,18.32,19.045,18.285,18.8,8500028.0
578,2024-01-10,19.93,19.94,18.56,19.1,13789866.0
579,2024-01-11,19.15,19.25,18.45,18.66,7656990.0
580,2024-01-12,18.85,18.98,17.95,17.95,11625379.0
581,2024-01-16,17.73,17.74,17.03,17.3,9553419.0
582,2024-01-17,16.92,16.9653,16.63,16.89,6868661.0
583,2024-01-18,17.11,17.46,17.02,17.38,8066937.0
584,2024-01-19,17.43,17.48,17.06,17.34,8161358.0
585,2024-01-22,17.63,18.0,17.035,17.21,14395914.0
586,2024-01-23,17.54,17.54,16.82,17.0,9592450.0
587,2024-01-24,17.32,17.37,16.26,16.29,12663381.0
588,2024-01-25,16.48,16.76,16.13,16.6,8217219.0
589,2024-01-26,16.6,17.89,16.56,17.45,12617390.0
590,2024-01-29,17.62,18.76,17.53,18.75,10207501.0
591,2024-01-30,18.6,18.7399,18.2,18.44,7976712.0
592,2024-01-31,18.17,18.39,17.65,17.77,9313704.0
593,2024-02-01,18.0,18.65,17.96,18.55,8375609.0
594,2024-02-02,18.24,18.9667,18.15,18.67,7356574.0
595,2024-02-05,18.39,18.51,17.95,18.3,5507753.0
596,2024-02-06,18.25,18.79,18.135,18.41,4257454.0
