,date,open,high,low,close,volume
0,2017-11-01,34.725,35.005,33.935,34.405,2730565.0
1,2017-11-02,34.865,35.325,34.215,35.075,3494225.0
2,2017-11-03,34.785,35.175,34.695,34.875,3003970.0
3,2017-11-06,34.925,36.205,34.585,35.205,6016949.0
4,2017-11-07,34.725,36.665,34.655,35.655,8299631.0
5,2017-11-08,35.395,35.575,33.355,33.805,5228025.0
6,2017-11-09,33.685,34.075,33.325,33.885,3201651.0
7,2017-11-10,34.185,34.735,33.855,34.545,3976706.0
8,2017-11-13,34.255,34.375,33.625,34.165,3718369.0
9,2017-11-14,34.015,34.165,33.615,33.925,2603207.0
10,2017-11-15,33.815,34.435,33.505,33.985,3356204.0
11,2017-11-16,33.935,35.345,33.735,34.725,3627863.0
12,2017-11-17,34.865,35.915,34.865,35.385,4198275.0
13,2017-11-20,35.545,36.155,35.405,35.795,4212062.0
14,2017-11-21,35.965,36.005,34.795,34.975,1937168.0
15,2017-11-22,34.935,35.165,34.675,34.755,1016778.0
16,2017-11-24,34.775,34.985,34.545,34.585,795149.0
17,2017-11-27,34.715,34.885,34.185,34.315,2035233.0
18,2017-11-28,34.255,34.775,33.965,34.375,3987971.0
19,2017-11-29,34.565,35.855,34.545,35.235,3007260.0
20,2017-11-30,34.885,35.775,34.725,35.415,2921414.0
21,2017-12-01,35.455,35.545,34.755,35.265,2240974.0
22,2017-12-04,35.465,35.955,35.335,35.375,1854254.0
23,2017-12-05,36.085,36.345,35.105,35.375,2337186.0
24,2017-12-06,35.435,35.735,35.005,35.435,2638539.0
25,2017-12-07,35.5225,36.4325,35.1925,36.0425,3306846.0
26,2017-12-08,35.9825,36.4525,35.8525,36.3225,1946881.0
27,2017-12-11,36.2625,36.4925,35.2525,35.4525,2050633.0
28,2017-12-12,35.3225,36.3525,35.3025,35.5725,2408664.0
29,2017-12-13,35.5725,36.4725,35.5525,36.3325,2527992.0
30,2017-12-14,36.3025,37.5025,36.1625,36.8825,5487300.0
31,2017-12-15,37.0625,37.3725,36.7525,36.8925,4543513.0
32,2017-12-18,36.9525,37.8425,36.9525,37.5525,4921977.0
33,2017-12-19,37.4125,37.7625,37.2425,37.5425,1649384.0
34,2017-12-20,37.7825,37.8925,37.2925,37.3425,1587001.0
35,2017-12-21,37.7125,38.7325,37.6725,38.3325,2792457.0
36,2017-12-22,38.3725,38.5025,38.1525,38.4425,1838760.0
37,2017-12-26,38.5825,39.0525,38.4925,39.0125,1311729.0
38,2017-12-27,39.0625,39.3425,38.6225,38.7125,1620783.0
39,2017-12-28,38.9625,39.0625,38.0925,38.4025,1347323.0
40,2017-12-29,38.5325,38.8725,38.2925,38.2925,1113857.0
41,2018-01-02,38.4325,39.3525,38.3825,39.3225,1884351.0
42,2018-01-03,39.4025,39.6225,39.1825,39.3325,2180644.0
43,2018-01-04,39.2625,39.5425,38.2925,39.2625,1946995.0
44,2018-01-05,39.3525,39.7625,39.2025,39.4725,1727009.0
45,2018-01-08,39.4925,39.8625,38.9825,39.3525,1935476.0
46,2018-01-09,39.3325,39.8125,39.1925,39.4125,2220832.0
47,2018-01-10,39.2525,39.5925,38.7825,39.2925,2018575.0
48,2018-01-11,39.2625,39.6825,39.0925,39.5825,1415554.0
49,2018-01-12,39.5525,39.8625,39.1325,39.8425,2325417.0
50,2018-01-16,39.8125,40.2325,39.7625,39.9625,2684755.0
51,2018-01-17,40.1725,41.6325,39.9625,41.0525,2417603.0
52,2018-01-18,41.0225,41.4825,40.8525,41.3725,2695777.0
53,2018-01-19,41.6425,42.2025,41.6225,41.8225,2554418.0
54,2018-01-22,41.7325,41.9825,41.3625,41.5725,2380774.0
55,2018-01-23,41.5725,41.8025,41.3025,41.6425,2590694.0
56,2018-01-24,41.7925,42.6225,41.4925,41.6025,1884714.0
57,2018-01-25,41.8125,42.1225,41.3525,41.4925,2103255.0
58,2018-01-26,41.7325,42.0225,41.3425,41.8025,1825794.0
59,2018-01-29,41.8025,42.8625,41.5725,42.5025,2460560.0
60,2018-01-30,42.0425,42.5125,41.6925,41.9125,2865197.0
61,2018-01-31,41.8425,42.1925,41.0325,41.1025,2934617.0
62,2018-02-01,40.8125,41.7525,40.1725,41.0225,2409216.0
63,2018-02-02,41.0125,41.0525,40.0225,40.0225,2707572.0
64,2018-02-05,39.9525,40.5625,39.0325,39.0325,3337848.0
65,2018-02-06,40.9625,43.4425,40.5225,43.0825,9419823.0
66,2018-02-07,42.9925,44.7725,42.9925,44.1625,7974146.0
67,2018-02-08,42.8225,44.5225,42.2925,42.9125,8124090.0
68,2018-02-09,43.1825,43.5125,41.4825,43.1225,5827666.0
69,2018-02-12,43.1725,44.4125,43.1725,43.9725,4946341.0
70,2018-02-13,43.9725,44.3125,43.7125,44.2025,2152698.0
71,2018-02-14,44.0325,45.0525,43.8025,44.5525,2589854.0
72,2018-02-15,44.5625,44.8925,44.2325,44.6925,2801198.0
73,2018-02-16,44.4225,44.5125,43.9525,44.1225,3189235.0
74,2018-02-20,43.8525,44.0025,43.2925,43.4725,2594474.0
75,2018-02-21,43.5625,44.3125,43.4225,43.6425,2369688.0
76,2018-02-22,43.7225,44.0525,43.5825,43.8325,1896686.0
77,2018-02-23,44.0625,44.7325,43.7125,44.7125,1724168.0
78,2018-02-26,44.8325,45.2625,44.7725,45.2225,2407574.0
79,2018-02-27,45.4325,45.7025,44.6425,44.7125,2376225.0
80,2018-02-28,44.7725,45.4425,44.3325,44.9725,2915454.0
81,2018-03-01,44.8925,44.8925,43.6625,44.3325,1987300.0
82,2018-03-02,44.0625,45.1025,43.5125,45.0125,2580302.0
83,2018-03-05,44.6125,45.2725,44.4825,45.0425,1874826.0
84,2018-03-06,45.0525,45.2625,44.5425,45.2625,1759010.0
85,2018-03-07,44.7325,45.2125,44.5125,44.7525,1593343.0
86,2018-03-08,45.06,46.92,44.93,46.36,4258212.0
87,2018-03-09,46.61,47.2,46.37,46.89,3180823.0
88,2018-03-12,46.99,47.25,46.64,46.86,1987953.0
89,2018-03-13,47.07,47.8,46.92,47.38,2046476.0
90,2018-03-14,47.46,47.6,46.58,46.88,1715981.0
91,2018-03-15,46.98,47.15,46.61,46.77,1538433.0
92,2018-03-16,46.77,47.48,46.63,47.17,3671967.0
93,2018-03-19,47.07,47.42,46.36,46.61,2899763.0
94,2018-03-20,46.79,47.65,46.65,47.58,2058427.0
95,2018-03-21,47.55,47.91,47.34,47.37,2009507.0
96,2018-03-22,46.98,47.42,46.32,46.35,2036866.0
97,2018-03-23,46.63,47.29,46.1,46.14,2590667.0
98,2018-03-26,46.58,47.72,46.48,47.64,1727672.0
99,2018-03-27,47.86,47.97,47.1,47.51,3042597.0
100,2018-03-28,47.72,47.91,46.82,46.91,2460288.0
101,2018-03-29,47.17,47.62,46.77,47.01,2190287.0
102,2018-04-02,46.9,47.03,45.09,45.88,2768198.0
103,2018-04-03,46.11,46.32,45.59,46.21,2719515.0
104,2018-04-04,45.76,47.06,45.71,47.02,2578637.0
105,2018-04-05,47.15,48.66,46.93,48.4,3148598.0
106,2018-04-06,47.91,47.93,46.28,46.87,3537269.0
107,2018-04-09,47.15,47.5,46.84,47.01,2566602.0
108,2018-04-10,46.91,47.64,46.91,47.47,2048008.0
109,2018-04-11,47.22,47.59,46.6,46.86,2098299.0
110,2018-04-12,47.09,47.45,46.92,47.08,1194117.0
111,2018-04-13,47.33,47.46,46.65,46.91,1589230.0
112,2018-04-16,47.15,48.04,46.92,47.59,2368727.0
113,2018-04-17,48.18,48.47,47.96,48.1,2518191.0
114,2018-04-18,48.26,48.99,47.72,47.73,2294527.0
115,2018-04-19,47.72,48.35,47.31,47.69,1445401.0
116,2018-04-20,47.76,47.92,47.01,47.43,2399565.0
117,2018-04-23,47.67,48.29,47.39,47.96,2110563.0
118,2018-04-24,48.14,48.3,47.16,47.56,2272451.0
119,2018-04-25,47.53,48.15,47.34,47.84,2103561.0
120,2018-04-26,47.85,49.23,47.57,49.01,2277419.0
121,2018-04-27,49.01,49.9,48.81,49.04,3208962.0
122,2018-04-30,49.37,49.51,47.91,48.17,4322529.0
123,2018-05-01,41.27,43.0,40.4,41.86,18178650.0
124,2018-05-02,41.4,41.95,40.76,40.77,6339406.0
125,2018-05-03,40.57,40.88,40.0,40.49,4799122.0
126,2018-05-04,40.15,40.82,40.02,40.56,2712898.0
127,2018-05-07,40.53,40.73,39.67,39.81,2888921.0
128,2018-05-08,39.82,40.08,39.68,39.94,2844455.0
129,2018-05-09,39.85,40.15,39.62,39.8,1724467.0
130,2018-05-10,40.85,41.17,39.87,40.35,4199424.0
131,2018-05-11,40.24,40.54,39.88,40.44,2517782.0
132,2018-05-14,40.44,40.53,39.96,40.1,3536273.0
133,2018-05-15,39.95,40.21,39.42,39.64,3872948.0
134,2018-05-16,39.87,39.93,38.35,38.74,8136320.0
135,2018-05-17,38.74,39.32,38.35,38.82,3319828.0
136,2018-05-18,38.8,39.15,38.1,38.88,6893572.0
137,2018-05-21,39.28,39.63,38.84,39.39,3637567.0
138,2018-05-22,39.44,39.64,38.23,38.33,3639773.0
139,2018-05-23,38.3,39.27,38.3,39.01,3468545.0
140,2018-05-24,38.76,39.17,38.69,38.97,2627351.0
141,2018-05-25,39.0,39.26,38.6,38.69,2190698.0
142,2018-05-29,38.32,38.7,37.94,38.19,2717263.0
143,2018-05-30,38.22,38.64,38.04,38.36,3391719.0
144,2018-05-31,38.58,38.61,38.0,38.12,6634867.0
145,2018-06-01,38.47,39.01,38.26,38.9,2542742.0
146,2018-06-04,39.1,39.6,38.8,39.55,2736885.0
147,2018-06-05,39.44,39.64,38.26,39.16,6808795.0
148,2018-06-06,39.34,40.71,39.26,40.14,4560631.0
149,2018-06-07,40.3175,40.6975,39.9875,40.5675,3459926.0
150,2018-06-08,40.5075,41.0375,40.2875,40.9775,3654267.0
151,2018-06-11,40.9875,41.1875,40.6875,41.0475,2755098.0
152,2018-06-12,41.0275,41.3675,40.4975,40.5575,2512249.0
153,2018-06-13,40.8075,40.8075,40.0575,40.2075,2396890.0
154,2018-06-14,40.2775,41.0475,40.1675,40.2675,2700548.0
155,2018-06-15,39.8975,41.1975,39.8275,41.1475,4754304.0
156,2018-06-18,40.9375,41.7075,40.9375,41.6675,6677601.0
157,2018-06-19,41.1475,41.8375,40.7575,41.6175,3052606.0
158,2018-06-20,41.4975,41.8475,41.1275,41.7775,1914491.0
159,2018-06-21,42.3275,43.1675,42.1875,42.7775,2844814.0
160,2018-06-22,43.0375,43.0675,41.8075,42.0075,2789061.0
161,2018-06-25,42.4375,42.9775,41.4575,41.7975,2410237.0
162,2018-06-26,41.8875,42.1775,41.6775,41.8775,2590543.0
163,2018-06-27,41.9575,42.1575,40.8475,40.9575,1915190.0
164,2018-06-28,40.8375,41.8575,40.7875,41.5575,2539141.0
165,2018-06-29,41.9275,42.2675,41.3875,41.4475,2245948.0
166,2018-07-02,40.7575,41.1275,40.2975,41.1075,2148527.0
167,2018-07-03,41.3475,41.6575,40.9575,41.1875,919947.0
168,2018-07-05,41.3575,41.4275,40.6675,40.9975,2063819.0
169,2018-07-06,41.2475,41.7675,41.1275,41.5375,1537202.0
170,2018-07-09,41.3575,41.5375,40.4675,41.1475,2423076.0
171,2018-07-10,41.1875,41.2975,40.6875,41.2375,1888684.0
172,2018-07-11,40.4475,40.6975,38.9075,40.2375,3913144.0
173,2018-07-12,40.4475,40.5575,39.9175,40.3675,1630852.0
174,2018-07-13,40.3875,41.6075,40.2775,41.2675,1921780.0
175,2018-07-16,41.1775,41.8275,40.9075,41.7675,1569629.0
176,2018-07-17,41.7675,42.4475,41.7275,42.1275,1957910.0
177,2018-07-18,41.7175,42.4175,41.7175,42.0375,2153515.0
178,2018-07-19,42.0275,42.9075,41.7775,42.7575,2401254.0
179,2018-07-20,42.7275,43.4975,42.2375,43.0575,1666020.0
180,2018-07-23,43.0575,43.1475,42.6775,42.9775,1820899.0
181,2018-07-24,43.1975,43.4675,42.6675,42.7075,1664313.0
182,2018-07-25,42.6375,42.8675,42.3775,42.7875,2006293.0
183,2018-07-26,42.7875,43.1675,42.4075,42.7275,2323868.0
184,2018-07-27,42.7375,42.7975,42.0975,42.3075,1740058.0
185,2018-07-30,42.2075,42.5375,42.1175,42.2675,1390905.0
186,2018-07-31,42.2675,42.4375,41.0375,41.8575,2400857.0
187,2018-08-01,41.3775,42.2575,41.1075,41.2075,2662862.0
188,2018-08-02,40.5675,41.3775,40.0475,41.2675,4987399.0
189,2018-08-03,41.2375,41.8875,41.0375,41.2675,6104982.0
190,2018-08-06,41.1775,41.5575,40.0075,40.1475,3802762.0
191,2018-08-07,40.2375,40.7475,39.4675,40.4975,6391267.0
192,2018-08-08,40.7275,41.9475,40.5375,41.7875,4424400.0
193,2018-08-09,41.8175,42.4875,41.6775,42.2775,2994071.0
194,2018-08-10,42.0475,42.7975,41.8775,42.6675,2927774.0
195,2018-08-13,42.7275,43.2175,41.4675,42.1975,6691635.0
196,2018-08-14,45.5875,49.0875,45.3375,47.8975,13722144.0
197,2018-08-15,47.1675,47.5675,46.2475,46.8075,4483509.0
198,2018-08-16,46.4875,46.7275,45.5275,46.1175,3732640.0
199,2018-08-17,46.2175,46.7475,46.0175,46.1475,3006436.0
200,2018-08-20,46.5375,47.1075,46.3275,46.9275,2710013.0
201,2018-08-21,46.8275,47.2275,46.1675,46.7675,2726093.0
202,2018-08-22,46.5575,47.0875,46.3275,46.3875,1924184.0
203,2018-08-23,46.4275,46.7575,46.0375,46.1275,2818927.0
204,2018-08-24,46.0875,46.1675,45.5475,45.7675,2332116.0
205,2018-08-27,45.9475,46.2075,45.3075,45.4775,1572695.0
206,2018-08-28,45.3775,46.1775,45.2875,46.0975,2507396.0
207,2018-08-29,45.9475,46.2375,45.4675,46.0575,1964444.0
208,2018-08-30,45.8575,46.0875,45.1975,45.3475,2062061.0
209,2018-08-31,45.4475,45.5475,45.0775,45.4275,1902874.0
210,2018-09-04,45.1175,45.7375,44.9875,45.5975,2086330.0
211,2018-09-05,45.3575,45.7375,44.6675,45.1675,3741575.0
212,2018-09-06,45.555,46.215,45.035,45.035,3611435.0
213,2018-09-07,44.725,45.195,44.095,44.255,3002979.0
214,2018-09-10,44.375,45.055,44.275,44.825,4556677.0
215,2018-09-11,44.895,45.535,44.675,45.195,1902772.0
216,2018-09-12,45.315,45.725,44.885,45.605,2330483.0
217,2018-09-13,45.415,45.985,44.895,45.035,1823259.0
218,2018-09-14,45.185,45.485,44.755,45.015,2023548.0
219,2018-09-17,45.375,45.795,45.195,45.585,2784584.0
220,2018-09-18,45.455,46.095,45.365,45.895,1552192.0
221,2018-09-19,45.815,45.925,45.485,45.505,1584748.0
222,2018-09-20,45.735,45.815,45.135,45.415,2159604.0
223,2018-09-21,45.395,45.825,45.175,45.275,3995484.0
224,2018-09-24,45.235,45.285,44.285,44.405,2596619.0
225,2018-09-25,44.625,44.625,44.275,44.325,1986764.0
226,2018-09-26,44.355,45.135,44.185,44.765,1802922.0
227,2018-09-27,44.765,45.485,44.135,45.215,2482290.0
228,2018-09-28,45.115,45.825,44.955,45.345,2004115.0
229,2018-10-01,45.715,46.045,45.335,45.415,2513613.0
230,2018-10-02,46.115,46.365,44.905,44.905,2728361.0
231,2018-10-03,44.985,45.465,44.795,45.215,2110770.0
232,2018-10-04,44.955,45.065,43.425,43.505,3475472.0
233,2018-10-05,43.565,43.715,42.645,43.035,2764049.0
234,2018-10-08,42.805,43.415,42.675,43.335,1754816.0
235,2018-10-09,43.375,43.765,42.735,42.855,2294053.0
236,2018-10-10,41.855,42.325,38.775,38.845,6411062.0
237,2018-10-11,38.755,39.305,37.585,37.755,5931650.0
238,2018-10-12,38.895,39.035,38.325,38.895,3958473.0
239,2018-10-15,38.315,38.455,37.855,38.135,3978692.0
240,2018-10-16,39.375,39.875,38.585,39.545,3844191.0
241,2018-10-17,39.415,39.965,38.705,39.065,2979870.0
242,2018-10-18,39.085,39.295,38.225,38.515,3089156.0
243,2018-10-19,38.455,38.615,37.465,37.585,2646223.0
244,2018-10-22,37.925,38.145,37.535,37.695,2341027.0
245,2018-10-23,36.845,37.635,36.085,37.515,4158389.0
246,2018-10-24,37.785,38.505,36.725,36.775,4574799.0
247,2018-10-25,36.765,36.995,36.345,36.595,3986080.0
248,2018-10-26,36.105,37.025,35.675,36.315,3817030.0
249,2018-10-29,37.095,37.465,35.345,35.875,6034723.0
250,2018-10-30,38.075,38.075,34.355,35.395,6250932.0
251,2018-10-31,36.015,38.455,35.975,37.385,6046307.0
252,2018-11-01,37.385,38.135,36.755,38.015,4370152.0
253,2018-11-02,38.495,38.785,36.915,37.885,5162330.0
254,2018-11-05,37.925,38.155,37.085,37.825,3388275.0
255,2018-11-06,37.315,37.575,36.775,37.525,2727030.0
256,2018-11-07,37.325,37.575,36.815,37.505,3300165.0
257,2018-11-08,37.445,38.435,37.285,38.105,2714850.0
258,2018-11-09,37.825,37.825,36.825,37.075,3247204.0
259,2018-11-12,37.275,37.445,36.265,36.345,3132980.0
260,2018-11-13,36.345,36.875,36.035,36.175,3088702.0
261,2018-11-14,37.085,37.505,35.955,36.165,2598449.0
262,2018-11-15,35.645,36.625,35.235,36.085,3593306.0
263,2018-11-16,35.865,35.865,35.285,35.705,4152503.0
264,2018-11-19,35.795,35.885,34.045,34.215,3617028.0
265,2018-11-20,33.575,33.985,33.005,33.145,4209551.0
266,2018-11-21,33.365,33.615,32.755,32.945,5363021.0
267,2018-11-23,32.725,33.115,32.725,32.745,2714055.0
268,2018-11-26,32.975,33.835,32.975,33.805,6282148.0
269,2018-11-27,33.625,33.765,31.795,32.415,4598317.0
270,2018-11-28,32.605,33.615,32.225,33.575,3769741.0
271,2018-11-29,33.315,33.535,32.745,33.085,3212477.0
272,2018-11-30,33.115,34.005,33.085,34.005,6000790.0
273,2018-12-03,34.895,36.135,34.565,34.615,5358131.0
274,2018-12-04,34.605,34.775,32.995,33.295,4152641.0
275,2018-12-06,32.7725,33.0525,32.1425,32.9925,4049955.0
276,2018-12-07,32.9125,33.2725,30.5725,30.7525,6222507.0
277,2018-12-10,30.7725,31.3325,30.3525,31.2525,6559574.0
278,2018-12-11,31.7625,31.8325,30.1025,30.3725,4026927.0
279,2018-12-12,31.2125,31.9025,30.8425,31.4525,4512696.0
280,2018-12-13,31.4425,31.6025,30.2125,30.2425,5668890.0
281,2018-12-14,29.9825,30.8025,29.8425,30.0125,3556188.0
282,2018-12-17,29.7325,30.5425,29.2725,30.1425,4218307.0
283,2018-12-18,30.4425,30.5525,29.7525,30.0925,3543584.0
284,2018-12-19,29.9725,30.6825,29.1925,29.3625,3497518.0
285,2018-12-20,29.3225,29.7325,28.2825,28.8225,3536271.0
286,2018-12-21,28.8325,29.5625,28.1925,28.2225,5765004.0
287,2018-12-24,28.0125,28.2525,27.4425,27.7125,1463549.0
288,2018-12-26,27.7325,29.3125,27.7325,29.3025,2703096.0
289,2018-12-27,28.8425,29.5625,28.1725,29.5625,2911955.0
290,2018-12-28,29.6225,29.8825,29.0325,29.2225,2373112.0
291,2018-12-31,29.2725,29.5025,28.7325,29.1625,2650570.0
292,2019-01-02,28.6325,29.9925,28.1425,29.8225,3352426.0
293,2019-01-03,29.4825,29.5225,28.1925,28.4325,3419840.0
294,2019-01-04,28.8825,29.9025,28.7825,29.6825,4259075.0
295,2019-01-07,29.7925,30.7925,29.4525,30.0225,3025014.0
296,2019-01-08,30.5625,31.2825,30.3925,30.8325,3614211.0
297,2019-01-09,31.1825,32.5225,30.6625,32.4125,5831059.0
298,2019-01-10,31.1025,31.9025,31.0325,31.5225,4433366.0
299,2019-01-11,31.7825,32.3625,31.3325,31.7625,2428844.0
300,2019-01-14,31.4225,31.9025,31.0525,31.5525,2914049.0
301,2019-01-15,31.7725,31.8525,30.9525,31.3125,2532209.0
302,2019-01-16,31.1725,31.3925,30.2925,30.7125,3314805.0
303,2019-01-17,30.6125,31.7725,30.6125,31.5325,2800699.0
304,2019-01-18,31.9425,32.6825,31.7825,32.4925,3154772.0
305,2019-01-22,32.4125,32.4125,31.4225,31.7625,2520129.0
306,2019-01-23,32.0125,32.1625,31.5325,31.9225,3010907.0
307,2019-01-24,31.6125,31.7725,31.1525,31.5325,4143293.0
308,2019-01-25,32.2125,33.2125,32.2125,32.9125,3583580.0
309,2019-01-28,32.6025,33.3725,32.4225,33.2925,3056242.0
310,2019-01-29,33.1725,33.8625,32.8525,33.2025,4155434.0
311,2019-01-30,33.6725,33.7925,32.7625,33.7925,4211962.0
312,2019-01-31,33.7925,34.2825,33.4025,34.1225,3912338.0
313,2019-02-01,34.1125,34.4125,33.9225,34.0425,3583422.0
314,2019-02-04,33.7525,34.0325,33.5425,33.8925,3184139.0
315,2019-02-05,34.3025,34.5625,33.9425,34.1525,3116953.0
316,2019-02-06,34.7425,35.0425,34.0925,34.7225,4566209.0
317,2019-02-07,29.1325,29.5925,27.3225,28.8925,23453472.0
318,2019-02-08,28.8925,29.9925,28.8625,29.2725,9726200.0
319,2019-02-11,29.5125,30.4625,29.3925,30.0625,4569538.0
320,2019-02-12,30.3825,30.8525,30.1525,30.7625,6239197.0
321,2019-02-13,30.9025,30.9725,30.3725,30.5125,4891865.0
322,2019-02-14,30.0425,30.6025,29.5525,30.5625,4712844.0
323,2019-02-15,30.9125,31.6525,30.6725,31.3225,5092354.0
324,2019-02-19,31.3125,31.3125,30.6425,30.9425,3278351.0
325,2019-02-20,31.2225,31.2225,30.3525,30.4025,4463650.0
326,2019-02-21,30.2925,30.7025,30.1625,30.2425,3839532.0
327,2019-02-22,30.4225,30.9525,30.4125,30.8725,2457648.0
328,2019-02-25,31.1425,31.6725,31.0225,31.5725,3767622.0
329,2019-02-26,31.8125,31.9625,31.0425,31.0725,2786741.0
330,2019-02-27,30.7325,31.1325,30.6525,30.8625,2063840.0
331,2019-02-28,30.9725,30.9725,30.3225,30.3525,2929387.0
332,2019-03-01,30.9925,31.1125,30.2025,30.7725,2748450.0
333,2019-03-04,30.6225,30.9425,29.8125,30.0125,2947074.0
334,2019-03-05,30.2525,30.5925,29.9825,30.0225,2873190.0
335,2019-03-06,30.2925,30.3425,29.8625,29.9325,2322116.0
336,2019-03-07,30.14,30.14,29.4,29.93,4275605.0
337,2019-03-08,29.46,29.61,29.04,29.29,3279036.0
338,2019-03-11,29.4,29.79,29.2,29.61,2910843.0
339,2019-03-12,29.69,29.84,29.19,29.53,2244906.0
340,2019-03-13,29.54,30.13,29.45,29.61,2569764.0
341,2019-03-14,29.59,29.61,28.75,28.85,4871821.0
342,2019-03-15,28.88,28.91,27.92,27.95,9722114.0
343,2019-03-18,28.09,28.75,28.01,28.69,4258834.0
344,2019-03-19,28.84,29.28,28.55,28.68,3494946.0
345,2019-03-20,28.61,28.61,27.45,27.6,7136485.0
346,2019-03-21,27.65,27.92,27.33,27.7,4624021.0
347,2019-03-22,27.29,27.54,26.66,26.68,4594663.0
348,2019-03-25,26.67,27.55,26.44,27.32,4300693.0
349,2019-03-26,27.45,28.03,27.45,27.7,2889897.0
350,2019-03-27,27.86,28.35,27.85,28.23,3430203.0
351,2019-03-28,28.67,28.93,28.29,28.46,3961149.0
352,2019-03-29,28.7,28.84,28.09,28.24,3836563.0
353,2019-04-01,28.45,29.26,28.42,29.14,3683962.0
354,2019-04-02,29.31,29.38,28.94,28.99,2810768.0
355,2019-04-03,29.26,29.7,29.16,29.64,3666898.0
356,2019-04-04,29.65,30.21,29.54,30.2,2308619.0
357,2019-04-05,30.31,30.48,29.88,30.0,3066989.0
358,2019-04-08,29.86,29.9,29.42,29.56,2725106.0
359,2019-04-09,29.26,29.31,28.75,29.31,3787883.0
360,2019-04-10,29.31,29.51,28.8,29.16,3682857.0
361,2019-04-11,29.35,29.56,28.57,28.65,4033278.0
362,2019-04-12,28.87,29.09,28.13,28.32,4185650.0
363,2019-04-15,28.41,28.51,27.88,28.05,3388094.0
364,2019-04-16,27.96,28.11,27.67,28.01,4098176.0
365,2019-04-17,28.3,28.95,27.97,28.05,5136901.0
366,2019-04-18,28.04,28.44,27.83,28.3,3086964.0
367,2019-04-22,28.16,28.3,26.32,26.45,5799583.0
368,2019-04-23,26.35,26.72,25.8,26.59,9500106.0
369,2019-04-24,26.59,27.66,26.58,27.28,6854923.0
370,2019-04-25,27.25,27.25,26.48,26.55,4741025.0
371,2019-04-26,26.78,27.49,26.62,27.4,4016593.0
372,2019-04-29,27.31,28.1,27.31,28.08,4843072.0
373,2019-04-30,27.79,28.04,27.4,28.02,4366667.0
374,2019-05-01,28.11,28.28,26.72,26.77,5216964.0
375,2019-05-02,26.89,27.34,26.58,27.14,5692176.0
376,2019-05-03,27.36,27.63,26.85,26.95,6443047.0
377,2019-05-06,26.21,27.41,26.1,27.27,5566123.0
378,2019-05-07,26.97,27.2,26.26,26.47,6211834.0
379,2019-05-08,26.33,27.04,26.25,26.5,6156399.0
380,2019-05-09,31.81,31.81,28.68,29.11,20422858.0
381,2019-05-10,28.8,29.06,27.1,28.0,8356549.0
382,2019-05-13,27.14,27.18,25.74,25.97,6769626.0
383,2019-05-14,26.23,26.7,25.57,26.53,5466422.0
384,2019-05-15,26.29,27.14,26.0,26.83,6206158.0
385,2019-05-16,27.01,27.54,26.96,27.09,4150496.0
386,2019-05-17,26.83,27.02,26.42,26.53,4654192.0
387,2019-05-20,26.22,26.55,26.08,26.47,4181531.0
388,2019-05-21,26.71,27.19,26.56,27.13,4239111.0
389,2019-05-22,26.85,26.86,26.31,26.61,4009490.0
390,2019-05-23,26.26,26.44,25.76,25.98,4253570.0
391,2019-05-24,26.26,26.28,25.19,25.46,5984346.0
392,2019-05-28,25.55,25.84,25.15,25.15,9148450.0
393,2019-05-29,24.68,25.23,24.38,24.75,4588038.0
394,2019-05-30,24.65,24.75,24.08,24.11,5787568.0
395,2019-05-31,23.79,24.47,23.68,24.31,4355099.0
396,2019-06-03,24.29,24.83,24.17,24.57,4469732.0
397,2019-06-04,25.0,26.0,24.98,25.8,4840632.0
398,2019-06-05,26.23,26.36,25.33,25.92,5328466.0
399,2019-06-06,25.8875,25.9475,25.1375,25.6975,3323515.0
400,2019-06-07,25.7975,26.3775,25.5675,26.3375,3214990.0
401,2019-06-10,26.5575,26.8675,26.0175,26.0575,3625380.0
402,2019-06-11,26.4475,26.5275,25.7575,25.8075,3752476.0
403,2019-06-12,25.9375,26.0175,24.9175,24.9175,7146380.0
404,2019-06-13,25.1975,26.0275,25.0275,26.0275,3018972.0
405,2019-06-14,25.9075,25.9775,25.3375,25.6275,3581467.0
406,2019-06-17,25.5375,26.1175,25.3775,25.7475,2662705.0
407,2019-06-18,25.9875,27.0075,25.9875,26.3975,4011291.0
408,2019-06-19,26.3875,26.6875,26.1175,26.5675,3110728.0
409,2019-06-20,26.8775,26.9875,26.5175,26.9675,3452963.0
410,2019-06-21,27.0375,27.4375,26.6775,27.4175,5174738.0
411,2019-06-24,27.2675,27.7175,27.0575,27.4875,4444920.0
412,2019-06-25,27.2275,27.2775,26.1975,26.2875,6473360.0
413,2019-06-26,26.4375,27.1275,26.4375,26.8675,3473392.0
414,2019-06-27,27.4175,27.7875,26.8275,27.1275,4493041.0
415,2019-06-28,27.4375,27.8875,27.0275,27.8175,5114021.0
416,2019-07-01,28.3775,28.5275,27.2575,27.3875,4976549.0
417,2019-07-02,27.4275,27.4475,26.2975,26.4275,3581752.0
418,2019-07-03,26.6475,26.7275,26.0675,26.4675,1887328.0
419,2019-07-05,26.3175,26.4675,25.9575,26.3275,3478432.0
420,2019-07-08,26.3175,26.4875,26.0175,26.3475,4733522.0
421,2019-07-09,26.1375,26.1375,25.5975,25.7275,4061038.0
422,2019-07-10,25.7475,25.8675,24.8275,24.9475,4785364.0
423,2019-07-11,25.0875,25.9075,24.9675,25.8075,3651648.0
424,2019-07-12,25.9875,26.7575,25.8975,26.4275,2658918.0
425,2019-07-15,26.4575,26.8775,26.4575,26.8375,2748398.0
426,2019-07-16,26.8775,27.4275,26.7775,27.2875,3080854.0
427,2019-07-17,27.1075,27.1075,26.2875,26.3575,2700693.0
428,2019-07-18,26.3275,26.6375,26.0875,26.4875,2131212.0
429,2019-07-19,26.6575,26.8875,26.3675,26.3875,2258515.0
430,2019-07-22,26.4875,26.6675,25.3575,25.4775,3822276.0
431,2019-07-23,25.6875,26.2175,25.5775,26.1275,3228651.0
432,2019-07-24,26.3675,26.9375,26.1375,26.8875,3232979.0
433,2019-07-25,26.6775,27.0575,26.6475,26.9075,3322440.0
434,2019-07-26,27.0275,27.0275,26.3875,26.7075,2694825.0
435,2019-07-29,26.5375,26.7875,26.0275,26.6975,3274618.0
436,2019-07-30,26.5975,26.8675,25.8975,26.7475,2891845.0
437,2019-07-31,26.6175,27.1375,26.2575,27.0175,5031729.0
438,2019-08-01,26.9675,27.0375,25.1475,25.3575,4887101.0
439,2019-08-02,25.3175,26.0475,25.2575,25.8375,4254977.0
440,2019-08-05,25.0775,25.0775,23.7375,23.9275,4657214.0
441,2019-08-06,24.0775,24.2875,23.6075,23.9675,3424400.0
442,2019-08-07,24.2675,24.2675,24.2675,24.2675,1605.0
443,2019-08-08,24.2675,24.6875,24.1675,24.5575,2418728.0
444,2019-08-09,24.4275,24.4275,23.3975,23.4775,2731700.0
445,2019-08-12,22.8875,23.5175,22.0775,22.3375,4151350.0
446,2019-08-13,22.5375,23.7275,21.9875,22.7975,4585091.0
447,2019-08-14,21.9675,21.9675,20.8375,21.0875,6490579.0
448,2019-08-15,17.9875,18.3475,14.6275,15.5375,26321962.0
449,2019-08-16,14.8875,16.3975,14.8875,16.0475,13902897.0
450,2019-08-19,16.4175,17.2475,16.1875,17.0575,10607282.0
451,2019-08-20,16.9375,17.1775,16.5475,17.1275,6774068.0
452,2019-08-21,17.4375,17.8775,17.4075,17.8375,7477744.0
453,2019-08-22,17.9375,18.0875,16.9375,17.3675,5733383.0
454,2019-08-23,17.1475,17.3575,16.3375,16.3975,7300649.0
455,2019-08-26,16.6475,16.9875,16.4075,16.9675,4876703.0
456,2019-08-27,17.0675,17.1075,16.4175,16.5675,5395132.0
457,2019-08-28,16.5175,16.8475,16.2275,16.5775,4619212.0
458,2019-08-29,16.5175,16.7575,15.8575,16.3675,6441193.0
459,2019-08-30,16.5075,17.0375,16.4775,16.7375,6482639.0
460,2019-09-03,16.5175,17.0275,16.3175,16.5275,6255084.0
461,2019-09-04,17.1375,17.6275,17.1375,17.5775,7774990.0
462,2019-09-05,18.015,19.365,18.015,19.345,10712661.0
463,2019-09-06,19.465,20.185,19.275,20.115,8111678.0
464,2019-09-09,20.105,20.805,19.885,20.715,8353332.0
465,2019-09-10,20.575,21.695,20.525,21.595,7388871.0
466,2019-09-11,21.725,22.565,20.945,22.205,7387383.0
467,2019-09-12,21.985,22.175,21.165,22.005,6635733.0
468,2019-09-13,22.425,23.025,21.575,21.605,7301215.0
469,2019-09-16,21.445,22.375,21.415,21.935,5982167.0
470,2019-09-17,21.805,21.905,21.125,21.585,6184729.0
471,2019-09-18,21.425,21.765,21.325,21.605,7626709.0
472,2019-09-19,21.605,21.905,21.485,21.695,4450402.0
473,2019-09-20,21.755,22.325,21.535,21.565,8893323.0
474,2019-09-23,21.445,21.835,21.245,21.565,7338674.0
475,2019-09-24,21.825,21.915,21.325,21.575,6472671.0
476,2019-09-25,21.735,22.275,21.645,21.785,6786285.0
477,2019-09-26,21.675,22.135,21.585,21.935,4618804.0
478,2019-09-27,22.095,22.655,22.075,22.415,4749310.0
479,2019-09-30,22.415,22.705,22.075,22.475,5409421.0
480,2019-10-01,22.585,22.945,21.965,22.025,5670123.0
481,2019-10-02,21.595,21.665,21.095,21.165,5504188.0
482,2019-10-03,21.075,21.705,20.565,21.695,4005537.0
483,2019-10-04,21.555,21.925,21.265,21.915,3045497.0
484,2019-10-07,21.875,21.935,21.545,21.605,4031717.0
485,2019-10-08,21.225,21.245,20.585,21.085,6077005.0
486,2019-10-09,21.345,21.475,21.125,21.205,4474951.0
487,2019-10-10,21.245,21.525,21.035,21.415,4282073.0
488,2019-10-11,21.855,22.775,21.845,22.405,5447541.0
489,2019-10-14,21.555,21.775,20.805,21.675,5372090.0
490,2019-10-15,21.715,22.225,21.465,21.945,3890203.0
491,2019-10-16,21.925,22.225,21.755,21.925,4178008.0
492,2019-10-17,22.195,22.425,21.845,21.865,3993746.0
493,2019-10-18,21.515,22.095,21.455,21.985,5067447.0
494,2019-10-21,22.275,22.895,22.255,22.665,4080380.0
495,2019-10-22,22.635,22.905,22.135,22.835,3804975.0
496,2019-10-23,22.895,22.915,22.175,22.375,3144370.0
497,2019-10-24,22.525,22.575,21.735,22.135,3265578.0
498,2019-10-25,21.735,22.935,21.465,22.875,2825939.0
499,2019-10-28,22.745,23.065,22.505,22.555,3274585.0
500,2019-10-29,22.495,22.625,22.095,22.295,3886132.0
501,2019-10-30,22.285,22.685,22.065,22.675,3557484.0
502,2019-10-31,22.575,22.625,21.695,22.285,5120639.0
503,2019-11-01,22.555,22.945,22.495,22.715,4141322.0
504,2019-11-04,22.915,23.285,22.775,22.945,6803660.0
505,2019-11-05,22.335,24.425,22.335,23.375,9374018.0
506,2019-11-06,23.115,23.115,21.725,22.355,8786536.0
507,2019-11-07,22.915,23.795,22.825,23.495,4708740.0
508,2019-11-08,23.405,23.655,22.955,23.655,5149533.0
509,2019-11-11,23.455,23.525,22.815,23.105,4262711.0
510,2019-11-12,23.195,23.265,22.665,22.805,3959035.0
511,2019-11-13,22.615,22.725,22.325,22.455,2454112.0
512,2019-11-14,22.425,22.855,22.425,22.515,2157816.0
513,2019-11-15,22.765,23.365,22.625,23.185,3142841.0
514,2019-11-18,23.185,23.445,22.695,23.365,3561017.0
515,2019-11-19,23.335,23.525,23.015,23.375,3000632.0
516,2019-11-20,23.355,23.365,22.295,22.555,4351349.0
517,2019-11-21,22.545,22.805,22.125,22.195,3171272.0
518,2019-11-22,22.465,22.905,22.345,22.775,2794478.0
519,2019-11-25,23.005,23.185,22.415,23.115,2567388.0
520,2019-11-26,23.175,23.295,22.585,22.965,4303598.0
521,2019-11-27,23.265,23.475,22.735,23.445,3441601.0
522,2019-11-29,23.355,23.425,22.945,23.315,1661372.0
523,2019-12-02,23.325,23.325,22.305,22.315,4009533.0
524,2019-12-03,21.615,21.625,21.055,21.255,5843110.0
525,2019-12-04,21.295,22.035,21.175,21.965,5547315.0
526,2019-12-05,22.2825,22.6225,21.9925,22.2125,3877949.0
527,2019-12-06,21.9825,22.7825,21.9825,22.2925,3334307.0
528,2019-12-09,22.3625,22.9825,22.2325,22.5625,7823306.0
529,2019-12-10,22.6125,22.7225,22.2525,22.2925,4837960.0
530,2019-12-11,22.1725,22.7325,22.0125,22.5825,3376678.0
531,2019-12-12,22.6425,23.3625,22.6025,23.1025,4058624.0
532,2019-12-13,23.4525,23.4825,22.2625,22.7025,4145725.0
533,2019-12-16,22.9025,22.9625,22.2425,22.2425,4976620.0
534,2019-12-17,22.1825,22.3025,21.9225,22.2725,4389537.0
535,2019-12-18,22.4225,22.9525,22.4225,22.7025,4698757.0
536,2019-12-19,22.9325,23.1925,22.7725,23.1525,4595542.0
537,2019-12-20,23.2525,23.7025,22.8925,23.4725,8201416.0
538,2019-12-23,23.5725,24.1425,23.5425,23.8525,3766158.0
539,2019-12-24,23.8425,23.9125,23.3225,23.5025,1411989.0
540,2019-12-26,23.6725,24.0825,23.6425,23.9925,1996466.0
541,2019-12-27,24.0425,24.0525,23.5325,23.6425,2048977.0
542,2019-12-30,23.5725,23.7325,23.3225,23.3525,2264174.0
543,2019-12-31,23.2725,23.7625,23.1825,23.7325,2586360.0
544,2020-01-02,23.9225,24.0825,23.3425,23.6925,3823624.0
545,2020-01-03,23.2725,23.6925,23.1925,23.6825,3511198.0
546,2020-01-06,23.4325,24.0625,23.3625,24.0225,4040493.0
547,2020-01-07,24.0625,24.5725,23.8425,24.2825,2765824.0
548,2020-01-08,24.4425,24.7225,24.0225,24.4625,3624581.0
549,2020-01-09,24.5325,24.5325,23.6925,24.1425,2983472.0
550,2020-01-10,24.0525,24.3725,23.9325,24.1925,2324078.0
551,2020-01-13,24.3225,24.9625,24.1825,24.8625,2693867.0
552,2020-01-14,25.0225,25.5525,24.8825,25.3925,4262195.0
553,2020-01-15,25.3125,25.5425,25.0325,25.3225,3603757.0
554,2020-01-16,25.6425,25.9525,25.4525,25.6125,2607413.0
555,2020-01-17,25.6525,25.7525,25.3925,25.6525,2475863.0
556,2020-01-21,25.5125,25.5125,24.9625,25.1225,3559386.0
557,2020-01-22,25.0225,25.1825,24.3625,24.4125,3385957.0
558,2020-01-23,24.1925,24.7825,23.7825,24.7025,2696105.0
559,2020-01-24,24.7325,24.7325,23.8325,24.0525,3258794.0
560,2020-01-27,23.2425,23.5725,22.9225,23.0025,3976176.0
561,2020-01-28,23.3125,23.4325,22.7325,23.1625,3629466.0
562,2020-01-29,23.3425,23.7025,23.2925,23.5225,3691536.0
563,2020-01-30,23.1625,23.5025,22.9725,23.4025,4661223.0
564,2020-01-31,23.3325,23.3325,22.3325,22.5325,4950281.0
565,2020-02-03,22.6925,23.1825,22.5825,22.7925,5261512.0
566,2020-02-04,23.5325,24.2625,23.3825,23.9625,4588548.0
567,2020-02-05,24.3325,25.2125,24.3025,25.1525,4885833.0
568,2020-02-06,26.6125,27.1625,25.7425,25.7625,8871670.0
569,2020-02-07,24.7125,25.1725,24.2825,24.7325,6067880.0
570,2020-02-10,24.6225,25.2725,24.4925,25.2725,3914517.0
571,2020-02-11,25.6325,25.7025,25.2725,25.3425,3518380.0
572,2020-02-12,25.6125,26.2525,25.4625,26.2325,3721113.0
573,2020-02-13,25.8425,26.0225,25.3025,25.5925,3771240.0
574,2020-02-14,25.5925,25.9925,25.4725,25.9725,2763495.0
575,2020-02-18,25.5125,25.8625,24.6825,24.8625,4149845.0
576,2020-02-19,24.9525,25.2125,24.6125,24.8025,3176204.0
577,2020-02-20,24.8625,25.7125,24.6525,25.5725,3213714.0
578,2020-02-21,25.2125,25.5525,24.5025,24.7525,4309670.0
579,2020-02-24,23.0925,23.1725,22.1325,22.3125,6669853.0
580,2020-02-25,22.5625,22.5725,21.0125,21.1125,5951301.0
581,2020-02-26,21.3425,21.8625,20.2625,20.2825,4868075.0
582,2020-02-27,19.5325,21.1525,19.0525,19.7125,6576811.0
583,2020-02-28,18.9825,20.2325,18.8725,20.2125,6564849.0
584,2020-03-02,20.2725,20.5125,19.4425,20.4525,5852943.0
585,2020-03-03,20.5425,21.5425,19.8525,20.1225,7162827.0
586,2020-03-04,20.4225,21.1025,19.8425,21.0925,4956122.0
587,2020-03-05,20.19,20.59,19.07,19.32,5737559.0
588,2020-03-06,18.35,19.33,18.14,18.8,4719372.0
589,2020-03-09,17.12,17.36,15.23,15.53,5948841.0
590,2020-03-10,16.66,17.04,15.1,16.26,5497077.0
591,2020-03-11,15.54,15.63,14.46,14.67,5920536.0
592,2020-03-12,13.28,13.57,11.81,12.11,5996343.0
593,2020-03-13,12.67,13.33,11.16,13.33,9506101.0
594,2020-03-16,10.35,11.05,8.58,8.58,7939936.0
595,2020-03-17,8.9,10.3,7.95,10.29,9038581.0
596,2020-03-18,9.12,10.48,8.97,10.46,7852639.0
597,2020-03-19,10.19,11.05,9.19,9.81,8261013.0
598,2020-03-20,10.17,10.25,8.8,9.14,10161433.0
599,2020-03-23,9.1,9.27,7.61,7.68,7546312.0
600,2020-03-24,8.61,10.93,8.46,10.82,5540758.0
601,2020-03-25,11.01,12.77,10.63,12.0,7120583.0
602,2020-03-26,11.79,12.9,11.12,12.26,6986834.0
603,2020-03-27,11.27,11.55,10.16,11.01,5186112.0
604,2020-03-30,11.06,11.21,9.99,10.31,5773447.0
605,2020-03-31,10.06,10.75,9.89,10.05,5512262.0
606,2020-04-01,9.1,9.28,7.96,8.17,5569420.0
607,2020-04-02,7.82,8.4,7.28,8.11,8042946.0
608,2020-04-03,7.75,8.31,7.58,8.19,4702095.0
609,2020-04-06,9.02,10.4,8.97,10.14,6567351.0
610,2020-04-07,11.22,12.23,11.08,11.57,8662409.0
611,2020-04-08,12.25,12.69,11.81,12.07,5924317.0
612,2020-04-09,12.75,13.76,12.2,12.8,7291441.0
613,2020-04-13,13.05,13.05,11.36,11.87,3925794.0
614,2020-04-14,12.2,12.67,11.95,12.48,3227730.0
615,2020-04-15,11.6,11.73,10.96,11.52,4336312.0
616,2020-04-16,11.53,11.73,11.06,11.51,3710011.0
617,2020-04-17,12.26,13.08,12.2,12.32,3880225.0
618,2020-04-20,11.81,12.3,11.22,11.31,3808210.0
619,2020-04-21,10.72,11.15,10.41,10.85,4891123.0
620,2020-04-22,11.12,11.28,10.44,10.51,3426174.0
621,2020-04-23,10.54,11.34,10.52,10.87,3235663.0
622,2020-04-24,11.03,11.16,10.55,10.74,6277809.0
623,2020-04-27,11.1,12.43,10.83,12.15,6168884.0
624,2020-04-28,12.9,13.39,12.33,13.21,5122971.0
625,2020-04-29,13.98,14.45,13.71,14.15,6275388.0
626,2020-04-30,13.6,13.65,11.35,11.98,12074629.0
627,2020-05-01,11.51,12.3,11.16,12.26,5153994.0
628,2020-05-04,11.68,12.45,11.41,11.87,5409798.0
629,2020-05-05,12.48,12.68,11.82,11.87,4548665.0
630,2020-05-06,12.09,12.32,11.08,11.17,4826963.0
631,2020-05-07,11.42,11.91,11.37,11.6,5377344.0
632,2020-05-08,12.09,12.16,11.63,11.98,4614761.0
633,2020-05-11,11.63,11.66,10.86,11.02,4120280.0
634,2020-05-12,11.07,11.42,10.24,10.29,4467888.0
635,2020-05-13,10.1,10.2,8.84,9.03,9159573.0
636,2020-05-14,8.73,9.59,8.61,9.51,6308003.0
637,2020-05-15,9.05,9.59,8.78,9.3,7955734.0
638,2020-05-18,10.26,10.64,10.09,10.49,6576800.0
639,2020-05-19,10.29,10.3,9.68,9.96,6534974.0
640,2020-05-20,10.26,10.5,10.1,10.36,6053463.0
641,2020-05-21,10.34,11.65,10.27,11.34,7686465.0
642,2020-05-22,11.44,11.75,10.94,11.08,5172821.0
643,2020-05-26,11.96,12.28,11.69,11.85,5864527.0
644,2020-05-27,12.47,12.65,11.91,12.48,6960098.0
645,2020-05-28,12.46,12.57,10.94,11.09,6315505.0
646,2020-05-29,10.86,11.3,10.41,10.7,18881910.0
647,2020-06-01,10.84,11.49,10.68,11.29,7297216.0
648,2020-06-02,11.48,11.71,11.2,11.6,6322544.0
649,2020-06-03,12.03,13.32,11.97,12.79,9876500.0
650,2020-06-04,12.77,13.78,12.33,13.54,6864452.0
651,2020-06-05,15.01,15.05,14.4,14.41,9222261.0
652,2020-06-08,15.21,15.25,14.27,15.08,6208209.0
653,2020-06-09,14.4,14.42,13.62,13.65,6813894.0
654,2020-06-10,13.52,13.6,12.54,12.58,5964275.0
655,2020-06-11,11.22,11.68,11.03,11.22,6201868.0
656,2020-06-12,12.09,12.25,11.14,11.58,4181693.0
657,2020-06-15,10.94,11.49,10.75,11.29,5334471.0
658,2020-06-16,12.42,12.78,11.89,12.09,6053313.0
659,2020-06-17,12.08,12.09,11.31,11.32,3326560.0
660,2020-06-18,11.1,11.55,10.9,11.08,3540366.0
661,2020-06-19,11.69,11.79,10.62,10.63,9328968.0
662,2020-06-22,10.6,10.96,10.4,10.81,5504505.0
663,2020-06-23,11.11,11.17,10.59,10.88,3698943.0
664,2020-06-24,10.58,10.68,9.79,9.9,4421298.0
665,2020-06-25,9.72,9.79,9.41,9.7,4918217.0
666,2020-06-26,9.55,9.87,9.4,9.65,9181289.0
667,2020-06-29,9.8,10.47,9.51,10.45,6374891.0
668,2020-06-30,10.3,10.62,10.07,10.38,5027747.0
669,2020-07-01,10.37,11.04,10.02,10.07,5882497.0
670,2020-07-02,10.33,10.72,10.02,10.11,5687994.0
671,2020-07-06,10.49,10.6,9.99,10.28,7057863.0
672,2020-07-07,10.1,10.26,9.73,9.75,6148127.0
673,2020-07-08,10.12,10.13,9.68,10.1,4710079.0
674,2020-07-09,9.92,10.0,9.34,9.44,4011800.0
675,2020-07-10,9.36,9.74,9.26,9.72,3900974.0
676,2020-07-13,9.8,10.35,9.54,10.0,4235738.0
677,2020-07-14,9.96,10.33,9.65,10.07,3245316.0
678,2020-07-15,10.62,11.16,10.49,11.12,6024539.0
679,2020-07-16,10.93,11.36,10.71,11.14,3146044.0
680,2020-07-17,11.18,11.25,10.73,10.76,2950497.0
681,2020-07-20,10.61,10.72,10.04,10.22,3904643.0
682,2020-07-21,10.31,11.0,10.17,10.75,8954343.0
683,2020-07-22,10.6,10.94,10.4,10.8,6732644.0
684,2020-07-23,10.78,11.17,10.58,10.97,8521651.0
685,2020-07-24,10.91,11.0,10.52,10.57,5701350.0
686,2020-07-27,11.44,11.45,10.5,10.75,9237942.0
687,2020-07-28,10.69,11.03,10.58,10.61,4953956.0
688,2020-07-29,10.74,11.49,10.68,10.97,5013795.0
689,2020-07-30,10.68,10.76,10.15,10.4,3650700.0
690,2020-07-31,10.39,10.54,10.15,10.46,4210410.0
691,2020-08-03,10.48,10.59,10.07,10.44,3528655.0
692,2020-08-04,10.33,10.56,10.25,10.38,2965418.0
693,2020-08-05,10.77,11.58,10.72,10.84,8423242.0
694,2020-08-06,10.81,11.32,10.64,11.13,5734683.0
695,2020-08-07,11.18,11.63,10.9,11.61,5324018.0
696,2020-08-10,11.87,12.58,11.85,12.53,7308617.0
697,2020-08-11,12.92,13.13,12.58,12.63,7407710.0
698,2020-08-12,12.8,12.92,12.11,12.7,6216896.0
699,2020-08-13,13.22,13.22,12.14,12.53,7275898.0
700,2020-08-14,12.65,13.17,12.36,13.03,9453897.0
701,2020-08-17,13.01,13.05,12.7,12.93,5944862.0
702,2020-08-18,12.73,12.86,12.2,12.43,4410673.0
703,2020-08-19,12.28,12.72,12.12,12.18,4931032.0
704,2020-08-20,11.99,12.16,11.46,11.46,4407515.0
705,2020-08-21,11.64,11.85,11.51,11.64,5557425.0
706,2020-08-24,11.76,12.48,11.76,12.43,6315334.0
707,2020-08-25,12.64,12.76,12.04,12.04,4589059.0
708,2020-08-26,12.06,12.21,11.87,11.95,4043554.0
709,2020-08-27,12.08,12.39,11.98,11.99,6034131.0
710,2020-08-28,12.1,12.13,11.69,11.98,5969471.0
711,2020-08-31,11.93,11.99,11.61,11.83,5364970.0
712,2020-09-01,11.64,11.89,11.41,11.85,3704776.0
713,2020-09-02,12.02,12.1,11.64,11.83,5499626.0
714,2020-09-03,11.89,12.37,11.72,11.81,5228101.0
715,2020-09-04,12.04,12.05,11.24,11.66,5284592.0
716,2020-09-08,11.51,12.28,11.38,12.1,5786734.0
717,2020-09-09,11.96,12.04,11.43,11.68,3873091.0
718,2020-09-10,11.81,13.05,11.81,12.9,9977000.0
719,2020-09-11,13.01,13.6,12.81,13.25,10565355.0
720,2020-09-14,13.44,14.89,13.32,14.62,13348502.0
721,2020-09-15,14.69,14.69,13.81,13.94,7037137.0
722,2020-09-16,14.88,15.7,14.81,15.2,10394270.0
723,2020-09-17,14.96,15.1,14.37,14.7,6578604.0
724,2020-09-18,14.66,14.82,14.13,14.46,11194182.0
725,2020-09-21,14.4,14.4,13.52,13.61,7483610.0
726,2020-09-22,13.62,13.84,13.34,13.72,4204284.0
727,2020-09-23,13.89,14.66,13.68,13.69,4920540.0
728,2020-09-24,13.47,13.77,13.01,13.44,5276139.0
729,2020-09-25,13.16,13.58,12.98,13.46,4514937.0
730,2020-09-28,13.79,14.05,13.59,13.68,5708410.0
731,2020-09-29,13.61,13.62,12.58,12.6,5854501.0
732,2020-09-30,12.65,13.01,12.55,12.73,5256892.0
733,2020-10-01,12.81,13.29,12.75,13.0,5045842.0
734,2020-10-02,12.33,13.39,12.33,13.25,4410022.0
735,2020-10-05,13.49,14.08,13.49,14.07,6300789.0
736,2020-10-06,14.41,14.92,13.92,13.93,7422894.0
737,2020-10-07,14.37,15.12,14.37,14.97,5206347.0
738,2020-10-08,15.27,15.85,15.1,15.77,6438615.0
739,2020-10-09,16.07,16.38,15.72,15.92,5254063.0
740,2020-10-12,16.0,16.39,15.9,16.3,5047110.0
741,2020-10-13,16.18,16.32,15.82,16.02,5277396.0
742,2020-10-14,16.1,16.29,15.9,16.1,2954238.0
743,2020-10-15,15.94,16.7,15.73,16.64,4130509.0
744,2020-10-16,16.64,16.84,16.44,16.63,4462984.0
745,2020-10-19,16.7,17.79,16.65,17.16,6292786.0
746,2020-10-20,17.36,17.94,17.36,17.58,5643027.0
747,2020-10-21,17.58,17.84,17.17,17.58,6496183.0
748,2020-10-22,17.7,19.01,17.66,18.95,6918446.0
749,2020-10-23,19.25,19.38,18.29,18.53,6410561.0
750,2020-10-26,18.35,18.5,17.74,18.37,6090730.0
751,2020-10-27,18.38,19.16,18.3,18.52,5594832.0
752,2020-10-28,17.85,18.6,17.83,18.41,8333112.0
753,2020-10-29,20.93,20.95,18.74,19.83,14134037.0
754,2020-10-30,19.82,19.94,19.07,19.33,10682284.0
755,2020-11-02,19.67,21.28,19.57,20.73,8939421.0
756,2020-11-03,20.93,21.24,20.46,21.16,6528974.0
757,2020-11-04,20.84,21.56,20.36,20.94,5372738.0
758,2020-11-05,21.6,22.27,21.55,21.81,6048026.0
759,2020-11-06,21.61,22.02,21.22,21.42,4304887.0
760,2020-11-09,23.75,25.09,21.82,22.03,7691573.0
761,2020-11-10,22.15,23.13,21.92,23.1,5772256.0
762,2020-11-11,24.05,24.05,22.43,22.44,4768035.0
763,2020-11-12,22.17,22.9,21.98,22.38,4883606.0
764,2020-11-13,22.84,23.58,22.8,23.44,3189799.0
765,2020-11-16,24.64,24.71,23.96,24.39,6107823.0
766,2020-11-17,24.09,25.56,23.88,25.56,4414616.0
767,2020-11-18,25.61,25.89,25.06,25.08,3705895.0
768,2020-11-19,24.85,25.56,24.72,25.5,3454379.0
769,2020-11-20,25.39,25.86,25.32,25.56,3861361.0
770,2020-11-23,26.21,26.4,25.52,25.97,4854431.0
771,2020-11-24,26.89,27.45,26.4,27.22,5439054.0
772,2020-11-25,26.67,26.86,26.2,26.79,3686332.0
773,2020-11-27,26.59,26.7,25.91,26.1,5924951.0
774,2020-11-30,25.75,25.85,24.87,25.42,6127027.0
775,2020-12-01,25.94,26.06,25.2,25.46,4641813.0
776,2020-12-02,24.96,25.77,24.9,25.58,4832318.0
777,2020-12-03,25.8,26.85,25.78,26.37,4627550.0
778,2020-12-04,26.47,26.72,25.99,26.45,4775212.0
779,2020-12-07,26.13,26.85,25.91,26.84,3760306.0
780,2020-12-08,26.14,26.85,26.01,26.6,4265283.0
781,2020-12-09,26.78,27.34,26.28,26.73,4186465.0
782,2020-12-10,26.42,26.99,26.14,26.72,2652189.0
783,2020-12-11,26.67,27.19,26.26,26.43,2949598.0
784,2020-12-14,26.82,27.1,26.07,26.13,4336407.0
785,2020-12-15,26.87,26.95,26.24,26.82,3119220.0
786,2020-12-16,27.08,28.05,26.46,26.77,4444734.0
787,2020-12-17,27.0,27.17,26.45,26.93,2989992.0
788,2020-12-18,26.7,26.82,25.77,25.96,6732155.0
789,2020-12-21,25.07,26.71,24.76,26.47,4561675.0
790,2020-12-22,27.13,27.55,26.64,27.27,5135435.0
791,2020-12-23,27.55,27.74,27.02,27.62,4800361.0
792,2020-12-24,28.11,28.28,27.47,27.95,1945346.0
793,2020-12-28,28.11,28.75,27.91,27.96,4318078.0
794,2020-12-29,27.9,28.2,26.9,27.21,3449440.0
795,2020-12-30,27.72,28.7,27.53,28.55,2673050.0
796,2020-12-31,28.3,28.61,28.0,28.18,2633338.0
797,2021-01-04,29.14,30.23,28.72,29.81,10471828.0
798,2021-01-05,29.49,30.06,29.35,29.62,4557621.0
799,2021-01-06,30.02,32.16,30.0,31.42,6619162.0
800,2021-01-07,32.01,32.46,31.3,31.97,4926583.0
801,2021-01-08,32.09,32.32,31.12,31.33,4079753.0
802,2021-01-11,30.7,31.79,30.14,31.66,3983699.0
803,2021-01-12,31.69,32.55,31.59,32.44,2806983.0
804,2021-01-13,32.25,32.26,30.96,31.13,6364634.0
805,2021-01-14,31.71,32.1,31.0,31.16,3942299.0
806,2021-01-15,31.03,31.37,30.26,30.72,4218384.0
807,2021-01-19,30.8,31.43,30.4,30.44,3930125.0
808,2021-01-20,30.49,31.02,30.37,30.79,3325478.0
809,2021-01-21,31.07,31.42,30.68,30.85,2312689.0
810,2021-01-22,30.74,31.44,30.42,31.43,3713659.0
811,2021-01-25,31.14,31.94,30.41,30.87,3495017.0
812,2021-01-26,31.35,31.38,29.85,29.89,3378746.0
813,2021-01-27,29.04,29.06,27.34,27.71,6423273.0
814,2021-01-28,27.96,29.7,27.96,29.47,4571030.0
815,2021-01-29,29.13,29.41,28.44,28.72,3781232.0
816,2021-02-01,29.3,29.57,28.25,28.95,4172989.0
817,2021-02-02,29.35,30.82,29.31,30.55,6155273.0
818,2021-02-03,31.2,32.21,31.13,31.7,7944339.0
819,2021-02-04,33.3,33.67,31.39,33.28,10519740.0
820,2021-02-05,33.84,34.86,33.72,34.65,6321874.0
821,2021-02-08,34.7,35.82,34.6,35.45,5065147.0
822,2021-02-09,35.69,35.95,35.34,35.45,5020269.0
823,2021-02-10,35.82,36.52,35.28,36.26,5725584.0
824,2021-02-11,36.12,37.28,35.67,36.22,5274124.0
825,2021-02-12,35.84,36.06,35.14,35.41,3559409.0
826,2021-02-16,35.63,36.38,35.42,36.16,4253242.0
827,2021-02-17,36.0,36.1,34.84,35.75,3283181.0
828,2021-02-18,35.44,35.59,34.78,35.09,3400072.0
829,2021-02-19,35.6,36.69,35.49,36.56,4055013.0
830,2021-02-22,37.03,38.58,36.83,38.05,6330622.0
831,2021-02-23,37.56,37.95,35.97,37.74,3838991.0
832,2021-02-24,37.85,38.92,37.31,38.79,4321784.0
833,2021-02-25,38.56,40.02,38.55,39.51,6385167.0
834,2021-02-26,39.6,40.02,38.33,39.24,4458456.0
835,2021-03-01,40.24,40.35,38.52,38.6,5879023.0
836,2021-03-02,38.6,39.57,38.19,39.42,3704499.0
837,2021-03-03,39.38,39.94,38.65,38.67,3344708.0
838,2021-03-04,38.1,38.64,36.62,37.87,3017610.0
839,2021-03-05,38.6,39.16,37.29,39.01,3550934.0
840,2021-03-08,39.42,41.6,39.12,41.05,5453179.0
841,2021-03-09,41.0,41.17,40.02,40.46,5298491.0
842,2021-03-10,40.7,41.35,39.46,40.07,4111979.0
843,2021-03-11,40.19,41.22,39.95,41.17,3585700.0
844,2021-03-12,40.89,42.1,40.89,41.71,4213602.0
845,2021-03-15,41.52,43.52,41.47,43.43,4538968.0
846,2021-03-16,43.18,43.18,41.4,41.91,3391709.0
847,2021-03-17,42.44,42.61,40.91,42.19,3044710.0
848,2021-03-18,42.25,43.48,42.17,42.46,2874155.0
849,2021-03-19,41.76,42.73,41.24,41.79,5210235.0
850,2021-03-22,42.04,42.09,40.25,40.76,3803281.0
851,2021-03-23,40.1,40.51,37.98,38.19,6132310.0
852,2021-03-24,38.57,39.74,37.7,37.74,3669778.0
853,2021-03-25,36.67,39.1,36.67,38.92,3523500.0
854,2021-03-26,39.58,39.97,37.59,38.9,2989581.0
855,2021-03-29,38.6,38.97,35.94,36.59,5429381.0
856,2021-03-30,36.6,38.19,36.24,38.05,4463708.0
857,2021-03-31,37.96,38.58,37.52,38.31,3202853.0
858,2021-04-01,38.73,38.99,37.56,38.13,4292517.0
859,2021-04-05,38.73,39.92,38.01,39.79,4075923.0
860,2021-04-06,39.82,40.85,39.58,39.96,4342754.0
861,2021-04-07,40.35,41.03,39.83,40.19,2468417.0
862,2021-04-08,40.19,40.71,39.36,40.47,2678431.0
863,2021-04-09,40.9,42.21,40.66,42.03,3206868.0
864,2021-04-12,41.77,42.83,41.68,42.62,2866056.0
865,2021-04-13,42.47,42.55,40.81,42.16,3273220.0
866,2021-04-14,42.4,43.24,42.35,42.52,2924270.0
867,2021-04-15,43.26,44.17,42.48,43.35,2942560.0
868,2021-04-16,43.68,43.99,43.14,43.66,2874231.0
869,2021-04-19,43.26,43.26,42.08,42.33,2518417.0
870,2021-04-20,41.93,42.12,40.09,40.62,2899643.0
871,2021-04-21,40.37,42.08,40.13,42.03,3677717.0
872,2021-04-22,42.29,43.09,41.77,42.26,1977112.0
873,2021-04-23,42.72,43.64,42.34,43.46,2284199.0
874,2021-04-26,43.51,44.22,42.75,43.08,2610552.0
875,2021-04-27,43.34,44.77,43.33,44.47,2653264.0
876,2021-04-28,44.15,45.24,43.86,44.6,1966435.0
877,2021-04-29,44.85,45.7,44.52,45.01,3383189.0
878,2021-04-30,44.62,45.34,44.44,44.95,4430173.0
879,2021-05-03,45.59,46.52,45.24,45.64,5928839.0
880,2021-05-04,45.4,45.62,44.47,45.1,3803112.0
881,2021-05-05,45.53,45.96,45.26,45.51,2596156.0
882,2021-05-06,45.1,45.1,42.61,43.9,6947205.0
883,2021-05-07,43.92,46.77,43.75,46.22,4771972.0
884,2021-05-10,46.21,46.51,44.01,44.12,3500207.0
885,2021-05-11,43.15,43.86,42.21,43.61,4014904.0
886,2021-05-12,43.06,43.9,41.59,41.84,3253553.0
887,2021-05-13,42.04,43.39,41.71,42.41,3004581.0
888,2021-05-14,42.63,44.04,42.39,43.92,3293683.0
889,2021-05-17,43.87,44.49,43.2,44.47,4063202.0
890,2021-05-18,44.96,45.11,43.36,43.41,3650851.0
891,2021-05-19,42.41,42.66,41.26,41.69,3275354.0
892,2021-05-20,41.67,41.8,39.24,40.71,5270722.0
893,2021-05-21,41.18,41.33,39.93,39.99,4052705.0
894,2021-05-24,40.27,40.87,39.69,40.5,2455370.0
895,2021-05-25,40.85,41.44,40.32,40.42,2468616.0
896,2021-05-26,40.54,41.82,40.54,41.44,2803732.0
897,2021-05-27,41.86,42.34,41.56,42.19,2478884.0
898,2021-05-28,42.56,42.56,41.09,41.99,2169364.0
899,2021-06-01,42.5,42.62,41.6,42.07,2971410.0
900,2021-06-02,42.0,42.07,39.5,39.81,4552916.0
901,2021-06-03,39.47,39.71,38.63,39.62,3570814.0
902,2021-06-04,39.71,39.97,37.98,39.85,6478772.0
903,2021-06-07,40.36,40.8,40.06,40.45,3477552.0
904,2021-06-08,40.32,41.37,40.06,41.1,3129657.0
905,2021-06-09,40.87,41.14,40.36,40.52,2467963.0
906,2021-06-10,40.78,41.1,39.4,39.82,2719337.0
907,2021-06-11,40.23,41.42,40.2,41.4,2308612.0
908,2021-06-14,41.46,41.78,39.89,40.37,2491943.0
909,2021-06-15,40.51,40.69,39.7,40.65,2358749.0
910,2021-06-16,40.39,40.73,39.51,40.36,2099498.0
911,2021-06-17,40.31,40.68,38.52,39.34,3619519.0
912,2021-06-18,38.87,39.18,38.08,38.27,4497195.0
913,2021-06-21,38.53,39.5,38.45,39.26,2575280.0
914,2021-06-22,39.13,39.57,38.5,39.4,1698257.0
915,2021-06-23,39.52,40.16,39.42,39.7,2060931.0
916,2021-06-24,40.05,40.44,39.52,40.13,1724369.0
917,2021-06-25,40.67,41.49,40.42,40.58,7019483.0
918,2021-06-28,40.41,40.49,39.48,39.71,3479471.0
919,2021-06-29,39.92,40.23,39.07,39.26,3966117.0
920,2021-06-30,39.24,40.69,39.18,40.58,3670412.0
921,2021-07-01,40.84,41.73,38.08,39.59,9417761.0
922,2021-07-02,39.84,39.93,38.84,39.76,3672669.0
923,2021-07-06,39.66,39.86,38.31,38.81,3387670.0
924,2021-07-07,38.66,39.13,37.35,38.0,3832608.0
925,2021-07-08,37.1,37.76,36.38,37.48,3164755.0
926,2021-07-09,38.28,39.1,38.2,39.0,2367017.0
927,2021-07-12,38.59,39.78,38.25,39.63,3031588.0
928,2021-07-13,39.57,39.93,38.15,38.65,2460376.0
929,2021-07-14,38.77,39.43,38.45,38.54,1909743.0
930,2021-07-15,38.14,38.45,37.19,37.71,2204632.0
931,2021-07-16,37.96,38.02,36.06,36.16,3101337.0
932,2021-07-19,34.79,35.78,34.41,34.91,4587662.0
933,2021-07-20,34.93,36.87,34.77,36.51,3028104.0
934,2021-07-21,37.27,38.44,37.27,37.9,2600854.0
935,2021-07-22,37.76,37.76,36.79,37.02,2516641.0
936,2021-07-23,37.41,37.91,36.93,37.19,1477695.0
937,2021-07-26,37.48,38.38,37.47,38.35,1864566.0
938,2021-07-27,37.79,38.19,37.34,38.12,2182162.0
939,2021-07-28,38.53,38.73,36.74,37.57,2318117.0
940,2021-07-29,37.95,38.78,37.89,38.36,2059957.0
941,2021-07-30,39.13,40.74,38.88,39.4,4543634.0
942,2021-08-02,39.78,40.86,39.39,39.43,3251320.0
943,2021-08-03,39.86,40.78,38.8,40.53,2663698.0
944,2021-08-04,40.25,41.01,39.78,39.84,2706261.0
945,2021-08-05,39.86,40.78,39.86,40.56,2238369.0
946,2021-08-06,40.82,41.36,40.57,41.11,2405860.0
947,2021-08-09,40.61,40.84,40.1,40.28,1567772.0
948,2021-08-10,40.31,41.86,40.26,40.94,2258503.0
949,2021-08-11,40.95,41.29,40.48,41.19,2132123.0
950,2021-08-12,41.33,42.13,41.22,41.8,2787009.0
951,2021-08-13,41.78,41.83,41.05,41.33,2241481.0
952,2021-08-16,41.37,41.37,40.41,40.92,2602803.0
953,2021-08-17,40.41,40.56,38.61,39.13,3353156.0
954,2021-08-18,38.75,39.91,38.36,38.56,4597497.0
955,2021-08-19,37.55,38.55,36.77,37.27,8507037.0
956,2021-08-20,37.5,37.76,36.18,37.68,8825726.0
957,2021-08-23,38.08,39.5,37.98,39.41,5465585.0
958,2021-08-24,39.75,41.02,39.71,40.41,7209139.0
959,2021-08-25,39.92,40.65,39.81,40.26,3296062.0
960,2021-08-26,39.94,39.98,38.51,38.95,3717790.0
961,2021-08-27,39.04,40.09,38.96,39.75,3145146.0
962,2021-08-30,39.8,39.91,38.31,38.35,2975644.0
963,2021-08-31,38.34,38.64,37.07,37.42,3910787.0
964,2021-09-01,38.11,38.37,37.49,37.64,2879477.0
965,2021-09-02,37.68,38.4,37.35,37.72,3184590.0
966,2021-09-03,37.65,38.15,37.27,37.92,2193234.0
967,2021-09-07,38.17,38.46,37.75,38.1,4340058.0
968,2021-09-08,37.82,37.82,36.58,36.73,3556347.0
969,2021-09-09,37.09,38.33,36.99,37.87,2288686.0
970,2021-09-10,38.14,38.67,37.78,37.82,2226570.0
971,2021-09-13,38.22,38.33,37.54,37.66,2474395.0
972,2021-09-14,37.94,37.94,36.91,37.4,2835381.0
973,2021-09-15,37.03,37.33,36.62,37.29,3048762.0
974,2021-09-16,37.42,38.85,37.38,38.06,3041542.0
975,2021-09-17,38.01,38.75,37.55,37.75,3416658.0
976,2021-09-20,36.48,36.99,34.77,35.36,4471509.0
977,2021-09-21,35.85,36.37,35.46,35.8,3300764.0
978,2021-09-22,36.08,36.81,35.83,36.33,2113409.0
979,2021-09-23,37.14,38.35,37.06,37.7,3298868.0
980,2021-09-24,36.94,37.2,35.72,36.81,2619565.0
981,2021-09-27,36.87,37.99,36.87,37.45,2156249.0
982,2021-09-28,37.31,37.84,36.8,36.91,1914072.0
983,2021-09-29,37.29,37.32,35.93,36.1,2451137.0
984,2021-09-30,35.67,35.72,33.89,34.37,6718927.0
985,2021-10-01,34.52,35.63,34.07,35.37,2696903.0
986,2021-10-04,35.5,36.18,34.95,35.33,3673120.0
987,2021-10-05,35.64,36.87,35.48,35.79,2866786.0
988,2021-10-06,35.43,35.8,34.57,34.98,3583687.0
989,2021-10-07,35.64,36.44,35.43,35.53,3175140.0
990,2021-10-08,35.44,35.46,34.15,34.71,2190138.0
991,2021-10-11,34.68,35.33,34.51,34.78,3029800.0
992,2021-10-12,35.17,35.94,34.62,35.73,3498050.0
993,2021-10-13,36.1,36.16,35.35,35.76,2544564.0
994,2021-10-14,36.4,36.85,36.06,36.53,2142259.0
995,2021-10-15,36.92,37.14,36.44,36.55,1755103.0
996,2021-10-18,35.84,36.04,35.22,35.94,2554872.0
997,2021-10-19,36.1,36.1,35.55,35.73,2786315.0
998,2021-10-20,35.74,36.69,35.74,35.98,2529887.0
999,2021-10-21,36.29,36.74,35.81,36.1,2205344.0
1000,2021-10-22,36.17,36.29,35.73,35.97,1507966.0
1001,2021-10-25,36.11,37.2,35.97,36.99,1837164.0
1002,2021-10-26,37.28,37.45,36.42,36.46,2554537.0
1003,2021-10-27,36.25,36.25,35.38,35.41,2080713.0
1004,2021-10-28,35.75,37.04,35.42,36.35,3109076.0
1005,2021-10-29,36.27,36.78,35.91,36.33,1926668.0
1006,2021-11-01,36.24,37.02,36.05,36.74,3586638.0
1007,2021-11-02,37.04,37.35,36.5,36.99,3087947.0
1008,2021-11-03,38.46,39.52,38.17,39.17,4026740.0
1009,2021-11-04,39.22,40.29,39.2,39.32,4413976.0
1010,2021-11-05,40.16,40.74,39.55,39.86,5027691.0
1011,2021-11-08,40.01,40.24,39.22,39.7,2756161.0
1012,2021-11-09,39.79,40.1,38.93,39.82,3664145.0
1013,2021-11-10,39.15,40.63,39.15,39.96,5754915.0
1014,2021-11-11,42.15,44.37,42.06,43.53,9926481.0
1015,2021-11-12,43.85,44.09,42.74,42.88,4219551.0
1016,2021-11-15,42.88,42.96,41.76,42.25,4118055.0
1017,2021-11-16,42.45,43.43,42.29,42.94,2318505.0
1018,2021-11-17,42.7,42.94,42.19,42.54,2403509.0
1019,2021-11-18,43.03,43.42,42.66,43.19,6162078.0
1020,2021-11-19,43.19,43.91,43.03,43.34,3030201.0
1021,2021-11-22,43.6,44.4,43.41,43.55,3016754.0
1022,2021-11-23,43.31,43.93,42.71,43.34,3328827.0
1023,2021-11-24,42.38,42.38,40.97,41.42,5723907.0
1024,2021-11-26,40.19,40.19,37.91,39.15,3411356.0
1025,2021-11-29,39.78,40.1,38.57,39.09,3389475.0
1026,2021-11-30,38.67,38.98,36.88,37.47,4526600.0
1027,2021-12-01,38.52,39.49,36.22,36.23,4372780.0
1028,2021-12-02,36.76,38.77,36.6,38.55,4070116.0
1029,2021-12-03,38.79,39.29,37.71,38.42,3719499.0
1030,2021-12-06,39.15,40.34,38.91,39.96,4082492.0
1031,2021-12-07,40.7,41.84,40.68,41.3,3414720.0
1032,2021-12-08,41.19,41.64,40.96,41.12,3192331.0
1033,2021-12-09,40.8,41.95,40.78,40.85,2277448.0
1034,2021-12-10,40.85,41.11,40.5,40.83,2555537.0
1035,2021-12-13,40.82,41.18,38.92,39.65,3438398.0
1036,2021-12-14,39.5,40.59,39.28,40.06,5785944.0
1037,2021-12-15,39.94,40.36,38.15,39.36,4623219.0
1038,2021-12-16,39.59,40.17,38.69,38.78,4146044.0
1039,2021-12-17,38.25,39.29,37.76,38.86,4742456.0
1040,2021-12-20,38.13,38.13,36.22,36.93,4363431.0
1041,2021-12-21,37.6,38.78,37.57,38.53,2809105.0
1042,2021-12-22,38.45,39.05,38.23,38.68,2203908.0
1043,2021-12-23,38.91,39.15,38.54,38.86,1846976.0
1044,2021-12-27,39.01,39.15,38.56,38.72,2800740.0
1045,2021-12-28,38.6,39.31,38.16,38.19,1914309.0
1046,2021-12-29,38.22,38.41,37.85,38.19,2688919.0
1047,2021-12-30,38.08,38.81,38.08,38.41,2855160.0
1048,2021-12-31,38.22,38.43,37.59,38.2,2070613.0
1049,2022-01-03,38.61,39.38,38.3,38.41,2267497.0
1050,2022-01-04,39.02,39.84,38.82,39.25,2252368.0
1051,2022-01-05,39.31,39.96,38.69,38.88,4091655.0
1052,2022-01-06,39.19,39.65,38.35,39.05,2148367.0
1053,2022-01-07,38.78,38.98,36.92,36.94,3045783.0
1054,2022-01-10,36.19,36.5,34.41,35.1,5200477.0
1055,2022-01-11,35.1,35.84,34.49,35.81,2943064.0
1056,2022-01-12,36.0,36.45,35.35,36.15,2438906.0
1057,2022-01-13,36.27,37.33,36.05,36.83,2604607.0
1058,2022-01-14,36.2,36.49,35.13,35.97,3114995.0
1059,2022-01-18,35.5,35.58,34.86,35.07,3090268.0
1060,2022-01-19,35.46,35.89,35.06,35.06,2607420.0
1061,2022-01-20,35.02,35.98,34.26,34.36,2392068.0
1062,2022-01-21,34.32,35.27,33.92,34.15,3371198.0
1063,2022-01-24,33.46,35.79,32.97,35.79,4949494.0
1064,2022-01-25,34.7,35.46,34.15,35.06,2572637.0
1065,2022-01-26,35.71,36.07,33.89,34.38,2661615.0
1066,2022-01-27,35.03,35.85,34.37,34.66,2715868.0
1067,2022-01-28,34.9,35.31,34.0,35.23,2785862.0
1068,2022-01-31,34.81,35.64,34.69,35.55,2751267.0
1069,2022-02-01,35.9,36.46,35.56,36.35,2448461.0
1070,2022-02-02,38.05,38.15,36.08,36.71,4217661.0
1071,2022-02-03,36.24,37.5,35.75,35.93,3132656.0
1072,2022-02-04,35.63,36.36,35.15,36.07,2817956.0
1073,2022-02-07,36.35,36.53,35.71,36.25,3322326.0
1074,2022-02-08,36.43,37.48,36.15,37.19,4908921.0
1075,2022-02-09,37.57,38.39,37.21,38.31,3958979.0
1076,2022-02-10,38.28,39.72,37.8,38.32,5325294.0
1077,2022-02-11,38.3,38.34,36.54,36.78,4801163.0
1078,2022-02-14,37.04,37.28,36.33,36.65,3788679.0
1079,2022-02-15,37.21,38.56,37.17,38.32,3265399.0
1080,2022-02-16,38.09,38.82,37.96,38.53,3414210.0
1081,2022-02-17,38.13,38.66,37.29,37.45,2936228.0
1082,2022-02-18,37.44,38.16,37.02,37.07,3195908.0
1083,2022-02-22,36.6,37.83,36.48,37.16,4307406.0
1084,2022-02-23,37.55,37.8,36.66,36.76,3797876.0
1085,2022-02-24,35.52,36.86,35.2,36.76,4223548.0
1086,2022-02-25,36.83,38.48,36.74,38.36,3799427.0
1087,2022-02-28,37.56,38.77,37.34,38.5,3498641.0
1088,2022-03-01,38.23,38.6,36.18,36.41,4548456.0
1089,2022-03-02,36.89,39.28,36.89,38.95,6778520.0
1090,2022-03-03,38.96,39.25,37.26,37.65,4024703.0
1091,2022-03-04,37.01,37.21,34.19,34.3,6026505.0
1092,2022-03-07,34.02,34.3,29.62,29.97,9428948.0
1093,2022-03-08,30.26,31.73,29.55,30.28,6013482.0
1094,2022-03-09,31.89,33.98,31.89,33.73,6329687.0
1095,2022-03-10,32.91,34.13,32.6,33.42,4439103.0
1096,2022-03-11,33.78,33.85,32.13,32.2,4689930.0
1097,2022-03-14,32.28,32.58,31.23,31.59,5387967.0
1098,2022-03-15,32.42,33.74,31.94,33.0,5855277.0
1099,2022-03-16,33.79,35.71,33.53,34.91,4666572.0
1100,2022-03-17,34.48,35.28,34.27,35.28,4046258.0
1101,2022-03-18,34.65,36.3,34.55,36.26,9840982.0
1102,2022-03-21,36.4,36.55,35.13,35.73,3662159.0
1103,2022-03-22,36.23,36.98,35.43,35.7,5512718.0
1104,2022-03-23,35.29,35.6,35.07,35.38,5276332.0
1105,2022-03-24,35.75,35.75,35.12,35.5,4547870.0
1106,2022-03-25,35.76,36.45,35.61,36.3,2529295.0
1107,2022-03-28,36.0,36.31,35.68,36.25,2278171.0
1108,2022-03-29,37.27,38.2,37.19,38.01,3028205.0
1109,2022-03-30,37.69,37.94,36.81,37.02,3088786.0
1110,2022-03-31,36.61,36.77,34.84,35.0,4266509.0
1111,2022-04-01,35.25,35.32,33.67,33.96,3410393.0
1112,2022-04-04,33.87,34.43,33.45,34.06,3251522.0
1113,2022-04-05,33.51,33.77,32.2,32.31,3745955.0
1114,2022-04-06,31.92,32.09,30.83,31.44,4599626.0
1115,2022-04-07,31.38,31.64,30.16,31.15,4137560.0
1116,2022-04-08,31.08,32.02,30.54,31.1,3800535.0
1117,2022-04-11,30.76,32.62,30.49,31.4,4123075.0
1118,2022-04-12,32.05,32.85,31.81,31.91,3592004.0
1119,2022-04-13,31.95,32.69,31.95,32.28,3145418.0
1120,2022-04-14,32.42,32.85,31.31,31.59,4329428.0
1121,2022-04-18,31.74,32.18,31.35,31.76,3940514.0
1122,2022-04-19,32.07,33.57,31.97,33.17,3236880.0
1123,2022-04-20,33.49,33.75,32.78,32.81,2080787.0
1124,2022-04-21,33.31,33.7,32.06,32.39,2949703.0
1125,2022-04-22,31.83,31.97,30.72,30.81,2804913.0
1126,2022-04-25,30.52,31.05,30.04,31.02,4596512.0
1127,2022-04-26,30.81,30.89,29.86,30.29,2514209.0
1128,2022-04-27,30.12,31.35,29.92,30.57,5718934.0
1129,2022-04-28,30.85,31.52,30.13,31.25,3513289.0
1130,2022-04-29,31.28,31.75,30.62,30.77,2599260.0
1131,2022-05-02,30.86,31.48,30.37,31.45,2307900.0
1132,2022-05-03,31.33,31.6,30.13,30.59,4188025.0
1133,2022-05-04,30.65,31.18,29.33,31.1,3418991.0
1134,2022-05-05,30.64,30.72,28.84,29.33,4078707.0
1135,2022-05-06,28.83,29.04,27.45,28.19,4126648.0
1136,2022-05-09,27.65,28.3,26.53,26.69,8051400.0
1137,2022-05-10,27.1,27.25,25.54,26.14,7173080.0
1138,2022-05-11,26.26,26.38,24.24,24.37,8022363.0
1139,2022-05-12,26.12,29.42,25.95,28.48,11917874.0
1140,2022-05-13,28.27,30.03,28.18,29.36,6160888.0
1141,2022-05-16,29.11,30.49,29.1,29.88,6263288.0
1142,2022-05-17,30.64,31.25,29.8,30.88,6204825.0
1143,2022-05-18,29.35,30.87,28.95,29.7,5085888.0
1144,2022-05-19,29.1,29.8,28.79,28.82,4035570.0
1145,2022-05-20,29.51,29.66,28.38,29.26,5084200.0
1146,2022-05-23,29.77,29.92,28.69,29.15,4137484.0
1147,2022-05-24,28.67,28.67,27.63,27.89,6116125.0
1148,2022-05-25,27.43,29.68,27.4,29.37,4174881.0
1149,2022-05-26,29.96,31.56,29.96,31.25,3272546.0
1150,2022-05-27,31.18,32.19,31.18,32.19,3029895.0
1151,2022-05-31,32.29,32.82,31.57,32.35,5689213.0
1152,2022-06-01,32.88,33.37,31.55,31.99,3834602.0
1153,2022-06-02,32.54,33.33,32.48,33.26,2904007.0
1154,2022-06-03,32.71,33.4,32.54,32.98,2200721.0
1155,2022-06-06,33.05,33.29,32.41,32.72,3975776.0
1156,2022-06-07,31.96,33.3,31.58,32.99,3134871.0
1157,2022-06-08,32.6,33.29,32.38,32.91,3369038.0
1158,2022-06-09,32.59,32.94,32.31,32.44,2572244.0
1159,2022-06-10,31.65,31.93,30.77,30.8,4034292.0
1160,2022-06-13,29.72,30.03,28.46,29.03,4770948.0
1161,2022-06-14,29.12,30.2,29.07,29.7,3997790.0
1162,2022-06-15,30.74,31.38,30.28,30.8,5095269.0
1163,2022-06-16,29.8,29.93,28.23,28.62,4776843.0
1164,2022-06-17,28.55,30.47,28.55,30.2,8644799.0
1165,2022-06-21,30.96,31.22,29.86,30.25,3584576.0
1166,2022-06-22,29.71,30.19,29.07,29.21,4194483.0
1167,2022-06-23,29.5,30.27,29.29,30.19,3508847.0
1168,2022-06-24,30.78,31.72,30.66,31.43,4001665.0
1169,2022-06-27,31.59,31.78,30.4,30.65,2924479.0
1170,2022-06-28,31.31,31.82,30.26,30.32,3027537.0
1171,2022-06-29,30.25,30.32,28.98,29.31,3506200.0
1172,2022-06-30,28.48,29.06,28.0,28.62,3399408.0
1173,2022-07-01,28.57,29.24,28.15,28.92,3231899.0
1174,2022-07-05,28.26,29.49,28.17,29.44,4471802.0
1175,2022-07-06,29.41,29.74,28.34,28.74,3555034.0
1176,2022-07-07,29.02,30.22,28.86,30.16,3120330.0
1177,2022-07-08,30.01,30.13,29.16,29.92,2225384.0
1178,2022-07-11,29.46,29.56,28.37,28.98,2786794.0
1179,2022-07-12,28.76,29.75,28.76,29.36,3464069.0
1180,2022-07-13,28.84,29.68,28.56,29.5,3971535.0
1181,2022-07-14,28.86,29.32,28.52,29.2,2110067.0
1182,2022-07-15,29.55,29.85,28.54,28.9,2548453.0
1183,2022-07-18,29.54,30.39,29.35,29.54,3383459.0
1184,2022-07-19,30.11,31.48,29.99,31.08,3533556.0
1185,2022-07-20,31.18,31.99,31.02,31.93,4674288.0
1186,2022-07-21,31.51,32.21,30.85,32.13,2832378.0
1187,2022-07-22,32.33,32.63,31.6,32.05,2472679.0
1188,2022-07-25,32.25,32.31,31.53,32.2,2141424.0
1189,2022-07-26,31.36,31.76,30.43,30.62,3011524.0
1190,2022-07-27,31.09,31.93,30.63,31.83,3161349.0
1191,2022-07-28,32.23,32.33,31.25,32.13,2778322.0
1192,2022-07-29,32.04,32.16,31.33,31.73,2348257.0
1193,2022-08-01,31.62,32.23,31.27,32.1,2575579.0
1194,2022-08-02,31.7,31.71,30.99,31.1,2583481.0
1195,2022-08-03,31.64,32.2,31.53,31.93,2118245.0
1196,2022-08-04,31.72,32.11,31.48,31.97,2419724.0
1197,2022-08-05,31.55,32.26,31.43,32.18,1962591.0
1198,2022-08-08,32.52,33.25,32.36,32.51,2344941.0
1199,2022-08-09,32.42,32.42,30.44,31.39,4580070.0
1200,2022-08-10,32.53,32.89,32.12,32.54,3854190.0
1201,2022-08-11,33.15,34.08,33.03,33.6,2620335.0
1202,2022-08-12,33.81,34.07,33.19,33.79,2719081.0
1203,2022-08-15,33.5,34.15,33.49,34.03,2846120.0
1204,2022-08-16,33.98,35.52,33.98,35.24,4635509.0
1205,2022-08-17,34.57,35.64,34.18,35.21,6224685.0
1206,2022-08-18,35.03,35.8,34.48,35.67,6585951.0
1207,2022-08-19,35.67,35.68,34.63,34.93,4768819.0
1208,2022-08-22,34.07,34.26,33.39,33.51,4007636.0
1209,2022-08-23,33.61,34.78,33.61,34.34,3579830.0
1210,2022-08-24,34.3,34.62,33.98,34.13,2965565.0
1211,2022-08-25,34.1,35.32,34.07,34.87,2613649.0
1212,2022-08-26,34.86,34.99,33.41,33.45,2273928.0
1213,2022-08-29,32.9,33.52,32.55,33.22,2221801.0
1214,2022-08-30,33.57,33.88,33.12,33.67,2764460.0
1215,2022-08-31,33.73,33.94,32.76,32.83,3533453.0
1216,2022-09-01,32.42,33.12,31.9,33.01,3621216.0
1217,2022-09-02,33.35,33.69,32.49,32.63,4273752.0
1218,2022-09-06,32.73,33.04,31.25,31.63,4026938.0
1219,2022-09-07,31.52,32.61,31.52,32.58,3070273.0
1220,2022-09-08,32.21,33.02,31.57,32.98,3460104.0
1221,2022-09-09,33.4,34.25,33.4,33.92,5036949.0
1222,2022-09-12,34.4,35.38,34.39,34.78,5004178.0
1223,2022-09-13,33.51,34.24,32.7,32.84,5231059.0
1224,2022-09-14,33.0,33.0,31.99,32.14,5034702.0
1225,2022-09-15,31.9,32.92,31.58,31.62,4830695.0
1226,2022-09-16,31.09,31.52,30.58,30.95,6754485.0
1227,2022-09-19,30.78,31.76,30.68,31.52,3049908.0
1228,2022-09-20,31.1,31.57,30.47,30.8,2811498.0
1229,2022-09-21,31.06,31.65,30.35,30.36,3323934.0
1230,2022-09-22,30.32,30.42,29.12,29.35,4825437.0
1231,2022-09-23,28.74,29.06,27.72,28.06,3398389.0
1232,2022-09-26,27.85,28.29,27.01,27.03,3143844.0
1233,2022-09-27,27.54,27.74,26.93,27.43,3277751.0
1234,2022-09-28,27.69,28.53,27.56,28.3,3709749.0
1235,2022-09-29,27.7,27.79,26.89,27.29,3111908.0
1236,2022-09-30,26.76,27.57,25.93,26.83,3214816.0
1237,2022-10-03,27.31,28.35,26.71,28.07,3750192.0
1238,2022-10-04,28.98,29.87,28.78,29.84,4065692.0
1239,2022-10-05,29.38,30.47,29.18,30.26,2995209.0
1240,2022-10-06,30.12,30.7,30.0,30.41,3059437.0
1241,2022-10-07,29.76,30.07,29.47,29.88,2925072.0
1242,2022-10-10,30.09,30.22,28.61,29.54,2963929.0
1243,2022-10-11,29.56,29.98,28.54,29.03,4849327.0
1244,2022-10-12,29.07,29.92,28.74,29.61,2719173.0
1245,2022-10-13,28.94,29.99,28.12,29.49,4267489.0
1246,2022-10-14,29.86,30.14,28.61,28.67,3601022.0
1247,2022-10-17,29.44,29.77,29.04,29.77,3891949.0
1248,2022-10-18,30.71,31.16,29.45,29.69,3540632.0
1249,2022-10-19,29.41,29.71,28.5,29.01,2519714.0
1250,2022-10-20,29.18,30.31,28.76,28.88,3427194.0
1251,2022-10-21,28.88,29.8,28.58,29.67,2458480.0
1252,2022-10-24,29.64,29.7,28.36,28.75,4216354.0
1253,2022-10-25,28.86,30.6,28.46,30.36,3419023.0
1254,2022-10-26,30.07,30.94,29.74,30.06,2579436.0
1255,2022-10-27,30.36,30.85,30.02,30.11,2033753.0
1256,2022-10-28,29.99,30.55,29.66,30.34,2534047.0
1257,2022-10-31,30.24,30.61,29.95,30.08,3908345.0
1258,2022-11-01,30.81,31.2,30.01,30.56,3088125.0
1259,2022-11-02,30.37,30.43,28.95,28.99,3825461.0
1260,2022-11-03,28.74,28.87,27.63,28.44,3556961.0
1261,2022-11-04,29.62,30.88,29.58,30.86,4799429.0
1262,2022-11-07,30.96,31.1,29.54,30.41,3433247.0
1263,2022-11-08,30.72,31.34,30.14,30.68,3544493.0
1264,2022-11-09,30.33,31.13,29.47,29.62,4684612.0
1265,2022-11-10,29.72,31.27,28.05,30.94,6778965.0
1266,2022-11-11,30.94,34.16,30.94,33.77,4672156.0
1267,2022-11-14,32.93,33.6,32.53,32.65,4264513.0
1268,2022-11-15,33.45,33.84,32.69,33.38,3102626.0
1269,2022-11-16,32.59,32.86,31.88,32.75,3113033.0
1270,2022-11-17,32.29,33.4,31.93,33.29,4340782.0
1271,2022-11-18,33.78,34.25,33.0,33.39,3461605.0
1272,2022-11-21,33.02,33.32,32.49,32.96,2657490.0
1273,2022-11-22,33.48,34.67,33.44,34.63,3322567.0
1274,2022-11-23,34.47,35.39,34.47,35.36,3469547.0
1275,2022-11-25,35.27,35.85,35.21,35.47,2153601.0
1276,2022-11-28,35.34,35.46,34.68,34.88,4067287.0
1277,2022-11-29,35.59,36.14,35.5,35.65,4196566.0
1278,2022-11-30,35.86,36.34,35.34,36.17,4572586.0
1279,2022-12-01,36.32,37.02,36.2,36.88,4323867.0
1280,2022-12-02,36.75,37.6,36.59,37.21,3159750.0
1281,2022-12-05,36.64,36.78,35.45,35.55,3797227.0
1282,2022-12-06,35.65,36.29,35.38,35.69,4577144.0
1283,2022-12-07,35.52,35.86,35.07,35.15,3137934.0
1284,2022-12-08,35.67,36.05,35.29,35.63,2956964.0
1285,2022-12-09,35.19,35.62,34.76,35.09,2652442.0
1286,2022-12-12,35.99,36.14,35.04,36.03,3442045.0
1287,2022-12-13,37.2,37.55,36.57,37.06,5051193.0
1288,2022-12-14,37.06,37.46,36.29,36.76,3008507.0
1289,2022-12-15,35.73,36.03,35.11,36.0,3222088.0
1290,2022-12-16,35.61,35.97,34.86,35.3,6775495.0
1291,2022-12-19,35.31,35.31,34.36,34.64,3207362.0
1292,2022-12-20,34.52,34.9,34.19,34.65,2725113.0
1293,2022-12-21,35.46,36.13,35.43,35.86,2804613.0
1294,2022-12-22,35.64,36.12,35.24,36.1,2650257.0
1295,2022-12-23,36.06,36.23,35.69,36.12,2438537.0
1296,2022-12-27,36.13,37.07,36.1,36.81,3134438.0
1297,2022-12-28,36.72,37.0,35.23,35.62,3168927.0
1298,2022-12-29,35.87,36.7,35.84,36.42,1621064.0
1299,2022-12-30,36.05,36.82,35.98,36.78,2059783.0
1300,2023-01-03,38.08,38.3,37.03,37.53,3707773.0
1301,2023-01-04,37.91,38.63,37.66,38.35,3116827.0
1302,2023-01-05,37.71,38.92,37.4,38.42,3350294.0
1303,2023-01-06,38.83,39.91,38.75,39.75,2692863.0
1304,2023-01-09,39.89,40.46,38.86,39.95,3247906.0
1305,2023-01-10,39.79,40.68,39.44,40.64,3643216.0
1306,2023-01-11,40.7,41.42,40.41,41.05,4785483.0
1307,2023-01-12,41.12,42.0,41.05,41.8,4446346.0
1308,2023-01-13,41.48,42.28,41.47,42.08,2300075.0
1309,2023-01-17,42.0,42.45,41.9,42.33,3218689.0
1310,2023-01-18,42.54,42.79,42.18,42.45,4755613.0
1311,2023-01-19,41.75,41.98,41.03,41.38,3825354.0
1312,2023-01-20,41.61,42.53,41.31,42.41,3121706.0
1313,2023-01-23,41.81,42.93,41.46,42.92,4383628.0
1314,2023-01-24,42.84,43.11,42.08,42.26,2913910.0
1315,2023-01-25,41.95,42.42,41.36,42.38,2486350.0
1316,2023-01-26,43.01,43.17,42.24,42.76,2135924.0
1317,2023-01-27,42.67,43.08,42.45,42.82,2136389.0
1318,2023-01-30,42.41,43.19,42.26,42.82,3080415.0
1319,2023-01-31,43.19,44.33,42.95,44.27,3348517.0
1320,2023-02-01,44.08,45.58,43.97,45.32,4295098.0
1321,2023-02-02,45.51,46.18,44.6,45.07,3828315.0
1322,2023-02-03,44.17,45.81,44.11,44.81,2524869.0
1323,2023-02-06,44.21,44.41,43.22,43.35,3199353.0
1324,2023-02-07,43.23,44.06,42.91,43.93,4120556.0
1325,2023-02-08,41.66,42.4,40.82,41.91,10591028.0
1326,2023-02-09,44.93,45.27,43.2,43.41,6974434.0
1327,2023-02-10,42.97,43.58,42.49,43.14,3796705.0
1328,2023-02-13,43.23,43.97,42.74,43.91,4120407.0
1329,2023-02-14,43.31,44.42,43.08,43.8,3306762.0
1330,2023-02-15,43.34,44.26,43.13,44.07,2492711.0
1331,2023-02-16,43.76,44.04,43.36,43.57,3287240.0
1332,2023-02-17,43.37,43.57,42.63,42.81,3428795.0
1333,2023-02-21,42.17,42.61,40.99,41.07,4110758.0
1334,2023-02-22,41.16,41.76,40.99,41.63,2094000.0
1335,2023-02-23,41.98,42.04,41.23,41.81,2233780.0
1336,2023-02-24,41.05,41.46,40.77,41.3,2418230.0
1337,2023-02-27,41.83,42.03,41.57,41.89,2695403.0
1338,2023-02-28,42.17,42.7,42.06,42.21,2615543.0
1339,2023-03-01,42.45,42.65,41.76,41.95,2305262.0
1340,2023-03-02,41.76,42.69,41.58,42.57,1884289.0
1341,2023-03-03,42.7,43.21,42.33,43.17,2200644.0
1342,2023-03-06,42.99,43.12,41.93,42.24,3371542.0
1343,2023-03-07,42.37,42.8,41.68,41.74,3172753.0
1344,2023-03-08,41.78,42.12,41.29,41.83,3232946.0
1345,2023-03-09,41.92,42.0,40.53,40.6,2739291.0
1346,2023-03-10,40.7,41.03,39.73,40.36,3001292.0
1347,2023-03-13,39.54,40.31,38.75,39.87,3523621.0
1348,2023-03-14,40.74,41.05,40.1,40.49,3050606.0
1349,2023-03-15,39.17,39.82,38.94,39.55,4689204.0
1350,2023-03-16,39.08,40.39,38.93,40.16,2990458.0
1351,2023-03-17,39.75,40.04,39.35,39.9,4627466.0
1352,2023-03-20,40.28,40.56,39.36,39.62,3013837.0
1353,2023-03-21,40.63,40.91,39.97,40.45,3583473.0
1354,2023-03-22,40.31,41.0,39.69,39.71,3254133.0
1355,2023-03-23,40.15,40.87,39.18,39.66,2837730.0
1356,2023-03-24,39.17,39.62,39.03,39.25,2783569.0
1357,2023-03-27,39.59,39.91,38.87,39.74,2724420.0
1358,2023-03-28,40.06,40.9,40.02,40.73,3293879.0
1359,2023-03-29,41.01,41.17,40.46,40.94,2657400.0
1360,2023-03-30,41.33,41.8,40.89,41.07,2417628.0
1361,2023-03-31,41.42,42.16,41.31,42.11,2837128.0
1362,2023-04-03,41.98,42.31,41.42,41.89,2315258.0
1363,2023-04-04,41.74,41.89,40.87,41.16,2185107.0
1364,2023-04-05,40.74,40.99,39.35,39.49,3425184.0
1365,2023-04-06,39.13,39.25,38.06,39.13,4601252.0
1366,2023-04-10,38.99,39.87,38.91,39.86,2740757.0
1367,2023-04-11,40.08,40.16,39.48,39.84,2379896.0
1368,2023-04-12,40.22,41.24,39.82,40.29,5255936.0
1369,2023-04-13,40.65,41.06,40.27,40.93,2944226.0
1370,2023-04-14,41.2,41.87,40.73,41.13,1558872.0
1371,2023-04-17,41.17,41.17,40.25,40.45,2292462.0
1372,2023-04-18,40.86,41.26,40.47,41.12,2210798.0
1373,2023-04-19,41.21,42.12,41.03,42.09,2851364.0
1374,2023-04-20,42.12,42.5,41.25,41.29,2553405.0
1375,2023-04-21,41.13,41.25,40.81,40.88,1735087.0
1376,2023-04-24,40.9,41.07,40.42,40.92,2161238.0
1377,2023-04-25,40.44,40.44,39.07,39.33,2311219.0
1378,2023-04-26,39.46,39.67,38.89,39.06,3017413.0
1379,2023-04-27,39.4,40.13,38.91,39.85,3552145.0
1380,2023-04-28,39.58,39.92,39.22,39.81,3751840.0
1381,2023-05-01,39.88,40.17,39.08,39.64,2758628.0
1382,2023-05-02,39.27,39.27,37.94,38.78,2469888.0
1383,2023-05-03,38.46,38.81,37.94,37.96,2485154.0
1384,2023-05-04,37.62,37.93,37.01,37.07,2736461.0
1385,2023-05-05,37.9,38.12,37.18,37.97,2770221.0
1386,2023-05-08,38.2,38.45,37.19,37.45,2869176.0
1387,2023-05-09,36.72,37.47,36.37,37.29,4089012.0
1388,2023-05-10,37.82,37.82,35.81,36.14,6581374.0
1389,2023-05-11,38.25,40.16,37.65,39.21,10166234.0
1390,2023-05-12,39.43,40.26,39.12,40.18,3798687.0
1391,2023-05-15,41.0,42.34,40.8,42.05,6143027.0
1392,2023-05-16,41.64,41.88,40.58,40.91,3857284.0
1393,2023-05-17,41.14,42.63,41.08,42.45,4680941.0
1394,2023-05-18,42.71,43.38,42.54,43.13,3312389.0
1395,2023-05-19,42.72,42.81,41.33,42.0,4675781.0
1396,2023-05-22,41.58,41.99,41.14,41.18,4578531.0
1397,2023-05-23,40.78,41.95,40.58,40.94,3199473.0
1398,2023-05-24,40.99,40.99,39.74,39.91,3363898.0
1399,2023-05-25,40.0,40.55,39.49,39.7,2933154.0
1400,2023-05-26,39.74,40.9,39.68,40.69,2130937.0
1401,2023-05-30,40.8,41.1,39.46,39.58,3237658.0
1402,2023-05-31,39.15,39.27,37.89,39.02,5213053.0
1403,2023-06-01,38.75,38.99,38.11,38.73,3531982.0
1404,2023-06-02,39.84,41.42,39.68,41.4,3624842.0
1405,2023-06-05,41.17,41.49,40.23,40.45,2698983.0
1406,2023-06-06,40.2,41.62,40.11,41.21,2512621.0
1407,2023-06-07,41.26,42.62,41.26,42.3,3002754.0
1408,2023-06-08,41.99,42.19,41.54,41.84,2406230.0
1409,2023-06-09,41.86,42.37,41.74,41.99,1616249.0
1410,2023-06-12,42.2,42.78,41.9,42.5,2361867.0
1411,2023-06-13,42.57,43.22,42.43,42.57,1997092.0
1412,2023-06-14,42.85,43.63,42.51,42.96,2488268.0
1413,2023-06-15,42.83,43.12,42.58,42.74,2291134.0
1414,2023-06-16,43.05,43.25,42.45,42.67,3638170.0
1415,2023-06-20,42.33,42.88,42.11,42.77,2567039.0
1416,2023-06-21,42.63,42.91,42.33,42.52,2176442.0
1417,2023-06-22,42.58,42.8,41.82,42.22,2691252.0
1418,2023-06-23,41.6,42.45,41.19,42.21,3255574.0
1419,2023-06-26,42.58,43.2,42.08,42.1,2546334.0
1420,2023-06-27,42.32,42.98,41.93,42.7,1801226.0
1421,2023-06-28,42.5,42.56,41.94,42.07,2109873.0
1422,2023-06-29,42.19,42.7,41.89,42.13,1899050.0
1423,2023-06-30,42.31,42.51,41.86,42.1,2925920.0
1424,2023-07-03,42.16,42.86,42.16,42.83,1234223.0
1425,2023-07-05,42.43,42.54,41.98,42.18,1892140.0
1426,2023-07-06,41.61,41.92,40.82,41.67,2489926.0
1427,2023-07-07,41.48,42.22,41.42,41.89,2208747.0
1428,2023-07-10,41.94,43.1,41.93,42.7,2533545.0
1429,2023-07-11,42.93,43.79,42.85,43.69,1974195.0
1430,2023-07-12,44.17,44.38,43.5,43.52,1680068.0
1431,2023-07-13,43.88,44.02,43.28,43.76,1874969.0
1432,2023-07-14,43.61,43.68,42.59,42.96,1710663.0
1433,2023-07-17,42.04,42.4,41.66,42.25,2418667.0
1434,2023-07-18,42.19,42.68,41.8,42.66,2415934.0
1435,2023-07-19,42.28,42.41,41.04,41.69,3027512.0
1436,2023-07-20,41.62,41.74,41.03,41.12,2930993.0
1437,2023-07-21,41.32,41.46,40.69,40.85,2162882.0
1438,2023-07-24,40.83,41.41,40.54,41.35,1719446.0
1439,2023-07-25,41.63,41.63,40.95,41.36,2852527.0
1440,2023-07-26,41.14,41.78,40.79,41.77,2430155.0
1441,2023-07-27,42.02,42.52,41.06,41.27,2647292.0
1442,2023-07-28,41.94,42.35,41.56,42.31,2388978.0
1443,2023-07-31,42.75,42.75,41.87,42.45,3499415.0
1444,2023-08-01,43.1,43.1,41.98,42.15,2960455.0
1445,2023-08-02,41.48,41.85,41.03,41.33,2081512.0
1446,2023-08-03,41.34,42.48,40.91,42.3,2460247.0
1447,2023-08-04,41.95,42.53,41.31,41.38,2535019.0
1448,2023-08-07,41.69,42.09,41.6,41.69,3082479.0
1449,2023-08-08,41.11,41.16,40.39,40.9,2309746.0
1450,2023-08-09,40.77,41.0,40.35,40.54,1854809.0
1451,2023-08-10,37.49,38.4,33.62,33.97,34325286.0
1452,2023-08-11,34.0,35.13,33.95,34.42,14145761.0
1453,2023-08-14,34.76,35.24,34.31,34.85,7527675.0
1454,2023-08-15,34.35,34.9,34.27,34.69,4522907.0
1455,2023-08-16,34.69,34.91,33.58,33.63,6685802.0
1456,2023-08-17,33.36,34.2,32.96,33.9,6026236.0
1457,2023-08-18,34.14,34.6,33.85,33.89,4117675.0
1458,2023-08-21,33.81,34.15,33.03,33.11,3620114.0
1459,2023-08-22,32.75,33.06,32.31,32.46,3539999.0
1460,2023-08-23,32.28,32.88,32.04,32.72,2980339.0
1461,2023-08-24,32.59,33.29,32.32,32.39,3458391.0
1462,2023-08-25,32.63,32.88,32.11,32.29,2271117.0
1463,2023-08-28,32.52,32.68,32.23,32.5,3027024.0
1464,2023-08-29,32.63,32.68,32.24,32.57,2733418.0
1465,2023-08-30,32.56,33.13,32.56,32.72,3272347.0
1466,2023-08-31,32.7,32.8,32.41,32.62,3689785.0
1467,2023-09-01,32.85,33.08,32.67,33.0,2566344.0
1468,2023-09-05,32.93,32.93,32.08,32.31,4201982.0
1469,2023-09-06,32.1,32.3,31.87,31.9,2547707.0
1470,2023-09-07,31.59,31.79,31.2,31.44,3645914.0
1471,2023-09-08,31.63,31.63,31.04,31.54,3208838.0
1472,2023-09-11,31.63,31.84,31.23,31.39,2976897.0
1473,2023-09-12,31.2,31.73,31.15,31.17,2500781.0
1474,2023-09-13,30.86,31.06,30.08,30.2,4515637.0
1475,2023-09-14,30.5,30.78,30.25,30.68,3199714.0
1476,2023-09-15,30.55,30.88,30.4,30.64,10620645.0
1477,2023-09-18,30.62,30.62,30.0,30.02,2908002.0
1478,2023-09-19,29.87,30.01,29.7,29.88,2785776.0
1479,2023-09-20,29.94,30.27,29.64,29.66,2532856.0
1480,2023-09-21,29.4,29.51,28.98,29.0,3290809.0
1481,2023-09-22,29.18,29.29,28.44,28.48,3545823.0
1482,2023-09-25,28.22,28.57,28.1,28.15,3895429.0
1483,2023-09-26,27.82,28.28,27.69,27.79,3354552.0
1484,2023-09-27,27.87,28.08,27.52,27.6,3359386.0
1485,2023-09-28,27.66,27.92,27.49,27.81,2947225.0
1486,2023-09-29,28.39,28.5,28.08,28.4,3511144.0
1487,2023-10-02,28.27,28.47,28.06,28.23,4454230.0
1488,2023-10-03,27.98,28.31,27.5,27.6,3487503.0
1489,2023-10-04,27.55,27.68,27.23,27.49,2616213.0
1490,2023-10-05,27.53,27.68,27.07,27.23,2330502.0
1491,2023-10-06,27.06,28.05,27.02,27.84,3981062.0
1492,2023-10-09,27.51,27.89,27.1,27.84,2739492.0
1493,2023-10-10,27.9,28.13,27.02,27.3,6156591.0
1494,2023-10-11,27.45,27.88,27.03,27.68,5457742.0
1495,2023-10-12,27.81,27.81,26.72,27.04,2630147.0
1496,2023-10-13,26.91,27.38,26.89,27.24,3553875.0
1497,2023-10-16,27.57,28.01,27.16,27.98,2895519.0
1498,2023-10-17,27.86,28.83,27.86,28.71,3002113.0
1499,2023-10-18,28.5,28.7,28.18,28.25,2498845.0
1500,2023-10-19,28.15,28.52,27.96,28.07,3066638.0
1501,2023-10-20,28.16,28.2234,27.59,27.77,2344365.0
1502,2023-10-23,27.44,27.7877,27.04,27.55,2889569.0
1503,2023-10-24,27.73,27.998,27.355,27.57,2596342.0
1504,2023-10-25,27.32,27.64,27.19,27.51,2488217.0
1505,2023-10-26,27.56,27.905,27.28,27.65,2617831.0
1506,2023-10-27,27.78,27.908,27.24,27.25,2879292.0
1507,2023-10-30,27.7,27.82,27.44,27.71,3732925.0
1508,2023-10-31,27.55,27.55,27.13,27.21,3917335.0
1509,2023-11-01,27.12,27.25,25.64,26.24,5408745.0
1510,2023-11-02,26.705,27.08,26.6,26.98,3730795.0
1511,2023-11-03,27.56,27.935,27.535,27.59,2617488.0
1512,2023-11-06,27.6,27.81,27.05,27.11,3196989.0
1513,2023-11-07,26.67,27.1675,26.67,27.12,4044562.0
1514,2023-11-08,27.11,27.49,26.85,27.11,4159539.0
1515,2023-11-09,28.65,29.24,27.91,27.93,7356616.0
1516,2023-11-10,27.51,27.885,27.195,27.77,4479642.0
1517,2023-11-13,27.72,28.21,27.555,28.16,3958598.0
1518,2023-11-14,28.7,30.26,28.615,30.16,7793655.0
1519,2023-11-15,30.55,31.57,30.42,30.53,5194959.0
1520,2023-11-16,30.3,30.39,29.48,29.75,3553544.0
1521,2023-11-17,30.06,30.13,29.8,30.04,2473461.0
1522,2023-11-20,30.15,30.57,29.845,30.41,3775954.0
1523,2023-11-21,30.18,30.25,29.86,30.02,2478526.0
1524,2023-11-22,30.12,30.405,29.96,30.04,2343430.0
1525,2023-11-24,30.13,30.23,29.945,30.23,1659643.0
1526,2023-11-27,30.04,30.65,29.85,30.57,3641602.0
1527,2023-11-28,30.59,30.9,30.33,30.67,3706589.0
1528,2023-11-29,31.115,31.59,31.1,31.32,4471447.0
1529,2023-11-30,31.32,31.52,31.02,31.32,3767492.0
1530,2023-12-01,31.35,32.41,31.26,32.35,3176933.0
1531,2023-12-04,32.27,32.91,32.27,32.67,3919229.0
1532,2023-12-05,32.4,32.552,31.85,32.07,3266880.0
1533,2023-12-06,32.26,32.5203,32.0,32.16,2846441.0
1534,2023-12-07,32.36,33.22,32.27,33.14,3999108.0
1535,2023-12-08,33.03,33.65,32.905,33.53,3590767.0
1536,2023-12-11,33.51,34.0,33.51,33.82,3029063.0
1537,2023-12-12,33.7,33.94,33.465,33.56,3273861.0
1538,2023-12-13,33.52,34.63,33.29,34.53,4022985.0
1539,2023-12-14,35.06,36.845,35.06,36.51,7167561.0
1540,2023-12-15,36.45,36.8,36.08,36.08,7987258.0
1541,2023-12-18,36.1,36.1,35.58,35.85,3547964.0
1542,2023-12-19,36.11,36.93,36.03,36.9,3170644.0
1543,2023-12-20,36.73,37.27,36.515,36.57,3652481.0
1544,2023-12-21,37.05,37.59,36.96,37.55,3470228.0
1545,2023-12-22,36.59,37.59,36.5,37.05,3743011.0
1546,2023-12-26,37.29,37.6175,37.15,37.61,2475096.0
1547,2023-12-27,37.68,37.96,37.385,37.4,3385316.0
1548,2023-12-28,37.4,37.432,37.035,37.08,3525771.0
1549,2023-12-29,36.93,37.145,36.61,36.81,4316529.0
1550,2024-01-02,36.81,38.4801,36.7,38.17,4557769.0
1551,2024-01-03,37.68,37.73,36.75,36.85,4565193.0
1552,2024-01-04,36.94,37.1,36.72,36.9,4147726.0
1553,2024-01-05,36.79,37.805,36.75,37.33,3550343.0
1554,2024-01-08,37.29,38.35,37.25,38.09,3209385.0
1555,2024-01-09,37.57,37.825,37.165,37.46,2577822.0
1556,2024-01-10,37.48,37.665,37.08,37.49,2221521.0
1557,2024-01-11,37.44,37.68,36.985,37.67,2322051.0
1558,2024-01-12,37.79,38.0,36.325,36.34,3908440.0
1559,2024-01-16,36.01,36.48,35.49,36.47,2958818.0
1560,2024-01-17,36.27,36.29,35.705,35.84,2787768.0
1561,2024-01-18,36.1,36.16,35.26,35.83,2380777.0
1562,2024-01-19,35.88,36.715,35.52,36.64,3246438.0
1563,2024-01-22,36.7,37.53,36.7,37.45,2949922.0
1564,2024-01-23,37.86,38.22,37.455,37.66,3831747.0
1565,2024-01-24,37.97,38.39,37.51,37.54,2493241.0
1566,2024-01-25,37.88,38.37,37.715,38.26,3325626.0
1567,2024-01-26,39.2,40.1,38.89,38.97,3756877.0
1568,2024-01-29,38.9,39.7,38.8,39.65,2822129.0
1569,2024-01-30,39.2,39.6,39.19,39.46,2430477.0
1570,2024-01-31,39.39,39.71,38.71,38.79,3230734.0
1571,2024-02-01,39.04,40.08,39.01,40.02,3606632.0
1572,2024-02-02,39.78,40.295,39.12,40.01,3237992.0
1573,2024-02-05,40.45,40.65,39.74,40.37,4564398.0
1574,2024-02-06,40.5,41.205,40.5,41.0,4403543.0
1575,2024-02-07,41.17,41.21,40.12,40.35,5342171.0
1576,2024-02-08,42.23,44.29,42.23,42.99,9211821.0
