,date,open,high,low,close,volume
0,2022-08-09,24.4949,24.4949,22.9349,23.3949,143963.0
1,2022-08-10,25.1349,25.1649,23.4149,24.7149,472824.0
2,2022-08-11,25.0149,25.2249,23.6249,23.7849,576017.0
3,2022-08-12,24.0749,25.4349,23.5249,25.3949,490181.0
4,2022-08-15,25.7149,27.1449,25.6149,26.6149,1058057.0
5,2022-08-16,26.9649,27.3449,25.8149,26.2849,1631996.0
6,2022-08-17,25.7949,26.6549,25.3849,25.9449,1190365.0
7,2022-08-18,26.2049,26.2449,25.6549,25.7649,507740.0
8,2022-08-19,25.2449,25.3749,24.4149,24.9649,899186.0
9,2022-08-22,24.2749,24.3649,23.5949,24.0649,586079.0
10,2022-08-23,24.2549,25.2049,23.8149,24.9149,673978.0
11,2022-08-24,25.0549,25.8249,24.9049,24.9649,751404.0
12,2022-08-25,25.6449,25.7149,24.2649,24.8449,688795.0
13,2022-08-26,25.0149,25.5749,23.7049,23.8049,983952.0
14,2022-08-29,23.0949,23.7249,22.8449,23.3949,803329.0
15,2022-08-30,23.7649,23.8049,21.8349,22.4849,828391.0
16,2022-08-31,22.8349,22.8549,21.7549,22.1849,725866.0
17,2022-09-01,21.7949,22.4149,21.0349,22.4149,846099.0
18,2022-09-02,22.8749,22.9949,21.3549,21.5349,671828.0
19,2022-09-06,21.7549,22.1949,20.9649,22.0349,561309.0
20,2022-09-07,21.8549,23.1849,21.7749,23.1849,609764.0
21,2022-09-08,22.8449,23.8849,22.6849,23.8849,641568.0
22,2022-09-09,24.1649,25.2049,24.1149,25.1949,1118775.0
23,2022-09-12,25.2849,25.9149,25.2849,25.8049,856876.0
24,2022-09-13,24.2849,24.8549,23.9749,24.1949,1387627.0
25,2022-09-14,24.2149,25.9349,24.1249,25.5149,1198296.0
26,2022-09-15,25.4149,26.3549,25.3049,25.6649,753206.0
27,2022-09-16,25.0849,25.6249,24.5949,25.5849,700903.0
28,2022-09-19,25.1549,26.4249,24.9049,26.3349,735677.0
29,2022-09-20,26.0496,26.8796,25.8796,26.2796,853234.0
30,2022-09-21,26.2296,26.9196,25.2396,25.2496,931759.0
31,2022-09-22,25.0996,25.2796,23.3096,23.6596,1013578.0
32,2022-09-23,22.9496,23.0996,21.6496,21.9796,1208994.0
33,2022-09-26,21.5296,23.0296,21.3796,22.0596,878398.0
34,2022-09-27,23.0296,23.5796,22.2696,22.9196,1052433.0
35,2022-09-28,22.8996,23.6396,22.2296,23.4996,981057.0
36,2022-09-29,22.8496,22.9496,20.7296,21.0596,1250656.0
37,2022-09-30,20.7396,21.8896,20.3696,20.6696,789782.0
38,2022-10-03,19.3196,19.4096,17.7296,17.8996,2376552.0
39,2022-10-04,18.8396,19.5396,17.8296,18.7496,2366029.0
40,2022-10-05,18.1596,18.3396,16.8096,17.6596,1544700.0
41,2022-10-06,17.5496,18.0896,17.0596,17.3896,1257050.0
42,2022-10-07,16.8896,16.9296,15.5296,15.6596,1546740.0
43,2022-10-10,15.7396,16.0496,15.1196,15.6196,1206461.0
44,2022-10-11,15.3996,15.9196,14.7396,14.9096,1126663.0
45,2022-10-12,14.7896,15.2096,14.3796,14.9996,1375656.0
46,2022-10-13,14.0196,15.5996,13.7996,15.4796,2156816.0
47,2022-10-14,15.7096,15.9396,13.5396,13.6396,1524060.0
48,2022-10-17,14.1796,15.3796,14.1096,15.1496,1015777.0
49,2022-10-18,16.2096,16.2496,14.9096,15.2396,1910149.0
50,2022-10-19,15.1696,15.5196,14.9696,15.4696,1803594.0
51,2022-10-20,13.8996,14.6896,13.2296,13.8196,3282920.0
52,2022-10-21,13.7096,14.5596,13.4696,14.5596,1451311.0
53,2022-10-24,13.6296,14.4296,12.8496,14.2196,2139745.0
54,2022-10-25,14.0796,15.5796,14.0796,15.3796,1778113.0
55,2022-10-26,15.0596,16.2496,14.9596,15.6296,2233465.0
56,2022-10-27,16.1896,16.6096,15.4296,15.6796,1636272.0
57,2022-10-28,15.6796,16.0696,14.7096,16.0396,2102001.0
58,2022-10-31,15.7696,16.1696,15.3096,15.9296,1111608.0
59,2022-11-01,16.6496,16.9796,15.9096,15.9596,1315208.0
60,2022-11-02,15.7396,15.9396,14.5196,14.5396,1618745.0
61,2022-11-03,14.1396,15.1896,14.0296,14.5696,1639240.0
62,2022-11-04,15.3696,15.4496,13.2596,13.7396,2235964.0
63,2022-11-07,13.8796,13.8796,12.5996,12.6496,1974075.0
64,2022-11-08,12.3196,12.4496,11.5896,12.0596,3384601.0
65,2022-11-09,11.9696,12.4896,10.6396,10.6796,3931679.0
66,2022-11-10,11.8396,11.9596,10.9096,11.9396,5287096.0
67,2022-11-11,11.4596,12.4996,11.1296,12.4296,3397707.0
68,2022-11-14,12.1396,12.4196,11.4796,11.9496,1954231.0
69,2022-11-15,12.4196,12.9096,12.0496,12.2896,2493575.0
70,2022-11-16,11.9796,12.0896,11.3996,11.5396,1918436.0
71,2022-11-17,11.2196,11.4396,10.9296,11.1596,1895236.0
72,2022-11-18,11.3396,11.3396,10.5096,10.8596,2583554.0
73,2022-11-21,10.4196,10.5196,9.6396,9.6796,3337642.0
74,2022-11-22,9.7396,9.9496,9.5096,9.8496,2234250.0
75,2022-11-23,10.1996,11.1296,10.0996,11.0996,4287793.0
76,2022-11-25,11.2596,11.2696,10.8396,11.0596,1951457.0
77,2022-11-28,10.7596,11.5896,10.6796,11.0596,2605050.0
78,2022-11-29,11.2496,11.3896,10.6596,10.8596,2228986.0
79,2022-11-30,11.0296,12.1896,10.8296,12.1596,3206168.0
80,2022-12-01,12.4196,12.5996,11.8896,12.1896,2362171.0
81,2022-12-02,11.8696,12.3196,11.8196,12.1896,1755777.0
82,2022-12-05,11.6396,11.8096,10.7496,10.9596,2750182.0
83,2022-12-06,10.8296,11.0396,10.2696,10.7096,1833570.0
84,2022-12-07,10.2296,10.6496,9.9696,10.1496,2120416.0
85,2022-12-08,9.9452,10.2452,9.6752,10.0952,2981505.0
86,2022-12-09,10.1052,10.9252,10.0852,10.6052,3013926.0
87,2022-12-12,10.3152,10.4252,9.5052,9.5352,3615391.0
88,2022-12-13,10.1652,10.1752,8.5452,8.9152,7654134.0
89,2022-12-14,8.7852,8.9552,8.4052,8.5352,4860043.0
90,2022-12-15,8.2352,8.8952,8.1852,8.6252,5405961.0
91,2022-12-16,8.7652,8.8852,7.9252,7.9452,5068306.0
92,2022-12-19,8.2752,8.3752,7.5752,7.9052,6172910.0
93,2022-12-20,7.5731,7.7931,6.8731,6.8731,8523920.0
94,2022-12-21,7.0031,7.1431,6.7131,6.8531,7611349.0
95,2022-12-22,6.7231,6.7731,5.6331,5.8531,16402850.0
96,2022-12-23,5.9331,6.1031,5.5131,5.6731,14899426.0
97,2022-12-27,5.2331,5.4031,4.5731,4.5931,21986860.0
98,2022-12-28,4.7031,5.1031,4.5331,4.8431,24314979.0
99,2022-12-29,5.4131,5.6431,5.1931,5.5131,18027941.0
100,2022-12-30,5.3731,5.7031,5.3631,5.6131,10648514.0
101,2023-01-03,5.2431,5.2731,4.2131,4.4531,26121175.0
102,2023-01-04,4.5331,4.9231,4.4231,4.8431,17732643.0
103,2023-01-05,4.6231,4.7131,4.3831,4.6131,13431887.0
104,2023-01-06,4.0831,4.9031,4.0031,4.8031,23674258.0
105,2023-01-09,5.2331,5.5531,5.0931,5.2831,18455909.0
106,2023-01-10,5.3731,5.5131,4.9231,5.2231,15112461.0
107,2023-01-11,5.4631,5.7431,5.3431,5.5331,16049372.0
108,2023-01-12,5.4731,5.6031,5.0731,5.5531,15927986.0
109,2023-01-13,5.0331,5.4831,4.9631,5.4631,20678297.0
110,2023-01-17,5.6831,6.1631,5.6631,6.1431,17690837.0
111,2023-01-18,6.5431,6.5631,5.7931,5.9431,20173021.0
112,2023-01-19,5.8231,6.0331,5.5931,5.8031,13688484.0
113,2023-01-20,5.9231,6.2931,5.8331,6.2831,10393152.0
114,2023-01-23,6.4831,7.2131,6.3531,7.0831,16654755.0
115,2023-01-24,7.0331,7.3031,6.8731,7.1031,13152252.0
116,2023-01-25,6.9231,7.2931,6.6231,7.1431,12794561.0
117,2023-01-26,8.3931,8.5031,7.9731,8.4131,21737776.0
118,2023-01-27,8.6031,10.1431,8.5031,9.9131,26355627.0
119,2023-01-30,9.9231,10.0731,8.8831,8.9131,21789637.0
120,2023-01-31,8.7231,9.5631,8.5831,9.4631,15738209.0
121,2023-02-01,9.5231,10.3931,9.1731,10.1831,16589065.0
122,2023-02-02,10.7131,11.5531,10.2831,10.7931,21203976.0
123,2023-02-03,10.4031,11.7631,10.3731,10.9431,20435903.0
124,2023-02-06,11.2231,11.6331,10.9331,11.3931,15556863.0
125,2023-02-07,11.5431,11.6331,10.8931,11.5731,18878612.0
126,2023-02-08,11.5031,12.1331,11.3431,11.9931,18376029.0
127,2023-02-09,12.6031,13.1831,12.3031,12.5531,20774661.0
128,2023-02-10,12.0531,12.4331,11.1731,11.5231,18995050.0
129,2023-02-13,11.3131,11.4831,10.6931,11.3231,12576833.0
130,2023-02-14,11.0731,12.7331,10.8531,12.6831,19371551.0
131,2023-02-15,12.9231,13.2031,12.3731,13.1431,15022257.0
132,2023-02-16,12.8131,13.4831,11.9531,11.9831,21604725.0
133,2023-02-17,11.7731,12.5631,11.5431,12.5631,26380923.0
134,2023-02-21,12.2331,12.6831,11.4931,11.5131,15319011.0
135,2023-02-22,11.5531,11.9431,10.9931,11.8231,16656417.0
136,2023-02-23,12.1131,12.2331,11.4031,11.9231,16855413.0
137,2023-02-24,11.3731,11.5331,11.0731,11.4431,12917417.0
138,2023-02-27,11.9331,12.5931,11.8631,12.4331,18858353.0
139,2023-02-28,12.7331,12.7731,12.0631,12.2631,14728304.0
140,2023-03-01,12.2931,12.3831,11.5731,11.9631,14094430.0
141,2023-03-02,10.4731,11.1331,10.4131,10.8631,16620998.0
142,2023-03-03,11.2131,11.7231,11.0431,11.4931,8858085.0
143,2023-03-06,11.5531,11.5531,10.9731,11.1031,10096828.0
144,2023-03-07,10.8931,11.1531,10.4131,10.5531,11726167.0
145,2023-03-08,10.3031,10.4331,9.8531,10.0531,12424772.0
146,2023-03-09,9.8931,10.3231,9.2031,9.2531,21463140.0
147,2023-03-10,9.4131,9.7031,8.8531,9.2831,20434624.0
148,2023-03-13,8.7631,9.6131,8.4631,9.3631,19487729.0
149,2023-03-14,9.6131,10.1631,9.6031,10.1331,14303065.0
150,2023-03-15,9.9131,10.0331,9.4831,9.8631,14425885.0
151,2023-03-16,9.8731,10.3431,9.7331,10.1831,11199076.0
152,2023-03-17,10.2231,10.3631,9.5831,9.8331,7869130.0
153,2023-03-20,9.6531,10.3731,9.5031,10.1031,10464059.0
154,2023-03-21,10.5554,11.3954,10.5354,11.3554,11131577.0
155,2023-03-22,11.5154,11.6454,10.7454,10.7654,12624811.0
156,2023-03-23,11.1354,11.4954,10.5454,10.8754,12995586.0
157,2023-03-24,10.8054,10.8654,10.4054,10.7054,9776563.0
158,2023-03-27,11.0554,11.3154,10.6554,10.8254,9270553.0
159,2023-03-28,10.8354,10.8654,10.2454,10.5954,7721378.0
160,2023-03-29,10.9154,11.1254,10.6054,10.9954,9599944.0
161,2023-03-30,11.1554,11.2954,11.0454,11.1254,9018017.0
162,2023-03-31,11.3254,12.2354,11.2954,12.1954,11971955.0
163,2023-04-03,11.5054,11.7654,10.7954,11.0354,17627611.0
164,2023-04-04,11.2654,11.3854,10.6354,10.8454,11560126.0
165,2023-04-05,10.6454,10.6554,10.0454,10.2054,14144138.0
166,2023-04-06,9.9554,10.2754,9.6954,10.1654,10100428.0
167,2023-04-10,9.7054,10.1554,9.3754,10.0954,12259753.0
168,2023-04-11,10.2954,10.5154,10.2054,10.2954,10338782.0
169,2023-04-12,10.6454,10.7154,9.7354,9.7554,14032265.0
170,2023-04-13,9.9554,10.2654,9.7954,10.1954,8928354.0
171,2023-04-14,10.0354,10.2354,9.8654,10.1254,10479561.0
172,2023-04-17,10.2454,10.5254,9.9254,10.3054,11097826.0
173,2023-04-18,10.3054,10.3554,9.9954,10.0654,11176383.0
174,2023-04-19,9.6054,9.9854,9.4854,9.7354,14278878.0
175,2023-04-20,8.4954,8.7854,8.0154,8.2254,25313547.0
176,2023-04-21,8.3754,8.4654,8.0854,8.3954,8539582.0
177,2023-04-24,8.3454,8.4254,7.8554,8.1754,13671119.0
178,2023-04-25,7.9554,8.2554,7.8754,8.0154,10471840.0
179,2023-04-26,7.9954,8.0154,7.4154,7.4654,17974069.0
180,2023-04-27,7.3754,7.9954,7.3554,7.9654,14019882.0
181,2023-04-28,8.0254,8.3554,7.7454,8.2954,10301484.0
182,2023-05-01,8.2054,8.2054,7.8454,8.0854,12402149.0
183,2023-05-02,8.0954,8.3854,7.8654,7.9754,11331123.0
184,2023-05-03,7.9454,8.3454,7.9454,7.9954,10029647.0
185,2023-05-04,8.1554,8.1754,7.9054,8.0254,8422141.0
186,2023-05-05,8.2454,8.7954,8.2254,8.7354,11255486.0
187,2023-05-08,9.0454,9.0454,8.6654,8.8854,10636963.0
188,2023-05-09,8.6454,8.7154,8.4454,8.6554,7415394.0
189,2023-05-10,8.9354,9.0854,8.4654,8.6154,10175233.0
190,2023-05-11,8.6254,9.0254,8.4654,8.9054,10724784.0
191,2023-05-12,9.2254,9.3254,8.4854,8.5554,15944677.0
192,2023-05-15,8.5154,8.6954,8.2654,8.4254,8814234.0
193,2023-05-16,8.3554,8.6754,8.2554,8.4354,8083051.0
194,2023-05-17,8.5754,9.0754,8.4854,9.0254,12405689.0
195,2023-05-18,9.0554,9.2854,8.9054,9.2654,10167284.0
196,2023-05-19,9.3054,9.6854,9.2254,9.5454,10858175.0
197,2023-05-22,9.5954,10.3054,9.5454,10.2654,10694984.0
198,2023-05-23,10.0454,10.6154,9.9554,9.9954,10926662.0
199,2023-05-24,9.6954,9.8654,9.3654,9.7454,9643302.0
200,2023-05-25,10.0554,10.0754,9.5554,9.8754,9014343.0
201,2023-05-26,9.9054,11.0854,9.8954,10.6154,15962837.0
202,2023-05-30,11.2254,11.6054,10.9954,11.3154,17221669.0
203,2023-05-31,11.1854,11.5554,10.7754,11.5454,14001508.0
204,2023-06-01,11.4454,12.0754,11.1454,11.8754,15363109.0
205,2023-06-02,12.1054,12.7454,12.0754,12.4554,17836899.0
206,2023-06-05,12.7954,13.1154,12.4954,12.7854,15650385.0
207,2023-06-06,12.6454,13.1754,12.3154,13.1154,13449299.0
208,2023-06-07,13.7554,13.9954,13.2954,13.4354,18156689.0
209,2023-06-08,13.3854,14.4154,13.2854,14.3854,18612598.0
210,2023-06-09,15.7554,16.0554,15.0554,15.2954,23172598.0
211,2023-06-12,15.6454,15.9254,15.3054,15.8054,13469200.0
212,2023-06-13,16.1854,16.7854,15.9654,16.7054,17274344.0
213,2023-06-14,16.8254,16.9654,15.8554,16.4754,23500171.0
214,2023-06-15,15.6254,16.7054,15.5454,16.4054,15410398.0
215,2023-06-16,16.6754,17.1554,16.5254,16.8554,14517151.0
216,2023-06-20,16.9454,18.2854,16.9154,18.2554,18081127.0
217,2023-06-21,18.3187,18.4887,16.5287,16.6887,25519860.0
218,2023-06-22,15.8287,17.2287,15.5787,17.2087,20772003.0
219,2023-06-23,16.6687,16.9787,16.0187,16.3887,17925561.0
220,2023-06-26,15.7487,16.5687,14.8287,14.8487,20296519.0
221,2023-06-27,15.0587,15.7587,14.8387,15.7387,14804676.0
222,2023-06-28,15.6887,16.6687,15.6087,16.3287,15721294.0
223,2023-06-29,16.4987,16.7487,16.0487,16.4387,12275823.0
224,2023-06-30,16.7287,17.1187,16.6587,16.8487,15692832.0
225,2023-07-03,18.2987,19.0787,18.1687,18.6487,17213519.0
226,2023-07-05,18.5287,19.0487,18.4187,18.8987,14507567.0
227,2023-07-06,18.4487,18.6287,17.9187,18.2887,11547411.0
228,2023-07-07,18.4787,18.7087,17.9987,18.0687,12476646.0
229,2023-07-10,18.2787,18.3687,17.1187,17.5587,12203091.0
230,2023-07-11,17.4687,17.6987,17.2387,17.5887,7392484.0
231,2023-07-12,18.2487,18.2587,17.7487,17.7987,12512524.0
232,2023-07-13,18.0587,18.5387,17.6687,18.3887,10992158.0
233,2023-07-14,18.3287,19.1487,18.2287,18.7387,12767682.0
234,2023-07-17,19.2887,19.8487,18.9687,19.6687,15865482.0
235,2023-07-18,19.6287,20.1687,19.2087,19.9687,12790406.0
236,2023-07-19,20.2487,20.5887,19.5687,19.7487,19745489.0
237,2023-07-20,18.5287,18.6587,16.5987,16.7987,24147271.0
238,2023-07-21,17.2787,17.2787,16.0787,16.4987,20225202.0
239,2023-07-24,16.0687,17.4487,15.9187,17.3887,14746555.0
240,2023-07-25,17.7087,17.7387,16.9587,16.9887,10588123.0
241,2023-07-26,16.7887,17.2587,16.6387,16.9087,10449610.0
242,2023-07-27,17.2887,17.3587,15.9887,16.0387,10998724.0
243,2023-07-28,16.4287,17.1487,16.2887,17.0887,8990978.0
244,2023-07-31,17.1687,17.3287,16.7987,17.1587,6409260.0
245,2023-08-01,17.0487,17.0587,16.4587,16.5387,7023567.0
246,2023-08-02,15.9887,16.3687,15.4887,15.8587,10087666.0
247,2023-08-03,15.6387,16.4587,15.6287,16.3487,8195033.0
248,2023-08-04,16.4987,16.8587,15.7387,15.7987,7707059.0
249,2023-08-07,15.5687,15.7687,14.7387,15.5587,11494025.0
250,2023-08-08,15.1787,15.5187,14.9487,15.3987,5713915.0
251,2023-08-09,15.5187,15.5187,14.6487,14.6887,9030766.0
252,2023-08-10,14.9687,15.5687,14.7487,14.9787,10936163.0
253,2023-08-11,14.6187,14.8087,14.2787,14.6987,10888379.0
254,2023-08-14,14.0387,14.5087,13.8687,14.4387,8455016.0
255,2023-08-15,14.3387,14.4887,13.7587,13.7987,9126425.0
256,2023-08-16,13.3387,13.8687,13.0887,13.1087,9313379.0
257,2023-08-17,13.1587,13.1987,12.4787,12.5187,10466551.0
258,2023-08-18,12.0587,12.3687,11.8987,12.1887,12780738.0
259,2023-08-21,12.7287,13.6587,12.6287,13.5887,16026462.0
260,2023-08-22,14.3987,14.4387,13.4087,13.7587,15929854.0
261,2023-08-23,13.3887,14.2687,13.3887,14.0787,13980502.0
262,2023-08-24,14.2487,14.2587,13.2787,13.4487,11859440.0
263,2023-08-25,13.5587,14.2487,13.4687,14.2187,14652844.0
264,2023-08-28,14.5887,14.7387,13.9187,14.2487,14235303.0
265,2023-08-29,14.1987,15.9387,14.1487,15.9287,17481897.0
266,2023-08-30,15.6487,16.2487,15.2887,15.9187,17710889.0
267,2023-08-31,15.8287,16.2887,15.7187,16.0087,12711297.0
268,2023-09-01,15.9287,16.0887,14.5087,14.7487,18584360.0
269,2023-09-05,14.7187,15.9587,14.7187,15.8187,15337018.0
270,2023-09-06,15.6887,15.7087,14.7287,15.3887,15992042.0
271,2023-09-07,14.7187,15.4487,14.5487,15.3187,13452347.0
272,2023-09-08,15.3087,15.7887,14.8587,15.0387,12787999.0
273,2023-09-11,16.4987,17.5087,16.1787,17.3987,27979724.0
274,2023-09-12,17.1087,17.8487,16.6987,16.7887,17359671.0
275,2023-09-13,17.0487,17.5187,16.8387,17.1587,15690565.0
276,2023-09-14,17.1387,17.6787,17.0587,17.6087,15399956.0
277,2023-09-15,17.7587,17.8887,17.1087,17.4487,16394907.0
278,2023-09-18,17.1287,17.1487,16.3887,16.5487,14062048.0
279,2023-09-19,16.4712,16.7912,16.1512,16.6512,11361733.0
280,2023-09-20,16.7212,17.3712,16.2712,16.2912,13832133.0
281,2023-09-21,15.8112,16.1012,15.4812,15.6212,16867565.0
282,2023-09-22,15.7712,15.8112,14.5612,14.5912,15706772.0
283,2023-09-25,14.4412,14.7912,13.9912,14.7812,13503816.0
284,2023-09-26,14.4212,15.0212,14.2912,14.5312,11114594.0
285,2023-09-27,14.5512,14.6212,13.6412,14.1712,19039594.0
286,2023-09-28,14.1512,14.8112,14.0112,14.7112,15254091.0
287,2023-09-29,15.0512,15.4812,14.7112,15.0712,14340224.0
288,2023-10-02,14.5612,15.4312,14.3512,15.1912,14430454.0
289,2023-10-03,14.9212,15.0312,14.5212,14.7212,8962786.0
290,2023-10-04,14.8812,16.1212,14.8112,16.0612,14473685.0
291,2023-10-05,15.9312,16.2712,15.5812,15.9212,11047898.0
292,2023-10-06,15.3312,16.0912,15.0512,15.9712,14774704.0
293,2023-10-09,15.4812,16.0512,15.1812,15.8812,9832171.0
294,2023-10-10,15.7212,16.7612,15.7012,16.2512,14277139.0
295,2023-10-11,16.5112,16.7312,16.0012,16.2112,11170185.0
296,2023-10-12,16.2012,16.4212,15.6012,15.8212,11748247.0
297,2023-10-13,15.8112,15.8712,14.9812,15.0612,13166600.0
298,2023-10-16,14.9712,15.4612,14.8312,15.3412,7851759.0
299,2023-10-17,14.9512,15.6312,14.6912,15.4212,9497180.0
300,2023-10-18,15.2212,15.3912,14.2212,14.2812,14722923.0
301,2023-10-19,12.7512,13.1812,11.9212,12.2312,29981165.0
302,2023-10-20,11.9512,12.1076,11.3812,11.5212,20444996.0
303,2023-10-23,11.3412,11.9264,10.7154,11.5212,23241029.0
304,2023-10-24,11.8912,12.3612,11.6912,11.9012,17713774.0
305,2023-10-25,11.8412,12.1962,11.5212,11.5512,15190806.0
306,2023-10-26,11.4412,11.7412,10.9012,10.9712,18560622.0
307,2023-10-27,11.3812,11.5212,10.9762,11.1012,14776945.0
308,2023-10-30,11.2712,11.3912,10.0412,10.2712,24957575.0
309,2023-10-31,10.1612,10.7112,10.0012,10.5512,18553897.0
310,2023-11-01,10.8112,10.9703,10.3012,10.9512,15808374.0
311,2023-11-02,11.5412,12.0611,11.4212,12.0112,14727010.0
312,2023-11-03,12.2212,12.6712,11.9912,12.1112,15038022.0
313,2023-11-06,12.4712,12.6612,11.6912,12.0512,16600009.0
314,2023-11-07,12.1112,12.3812,11.7512,12.3112,11311520.0
315,2023-11-08,12.3812,12.4612,11.9112,12.3012,10696566.0
316,2023-11-09,12.0912,12.1762,10.9712,11.2512,17936876.0
317,2023-11-10,11.2512,11.6912,10.8912,11.6312,12314246.0
318,2023-11-13,11.7112,12.5312,11.3712,12.3912,19270313.0
319,2023-11-14,13.3712,13.6288,12.9912,13.5612,21316515.0
320,2023-11-15,13.7412,14.3812,13.4812,14.0512,19785087.0
321,2023-11-16,13.7312,13.8612,12.9712,13.2012,18141104.0
322,2023-11-17,13.0612,13.5412,12.5913,13.2912,16603629.0
323,2023-11-20,13.2512,13.5108,12.9811,13.3812,12780832.0
324,2023-11-21,13.3212,14.0812,13.1812,13.8612,16213505.0
325,2023-11-22,13.9412,14.1112,12.9912,13.2412,17872052.0
326,2023-11-24,13.1912,13.6312,13.0812,13.3512,7545325.0
327,2023-11-27,13.4612,13.6012,13.0512,13.4012,13306578.0
328,2023-11-28,13.4512,14.3462,13.2162,14.3312,20587044.0
329,2023-11-29,14.5512,14.8612,13.9712,14.1012,18735532.0
330,2023-11-30,14.1912,14.1912,13.4412,13.7112,20583937.0
331,2023-12-01,13.1012,13.7312,13.0012,13.6012,17440307.0
332,2023-12-04,13.3312,13.6556,13.1262,13.3212,14024826.0
333,2023-12-05,13.1612,14.2912,13.1512,13.6112,18287380.0
334,2023-12-06,13.9712,14.2812,13.6312,13.6512,17152809.0
335,2023-12-07,13.8512,14.06,13.4313,13.9312,16759921.0
336,2023-12-08,13.7147,14.1621,13.6347,14.0147,15373815.0
337,2023-12-11,13.9547,13.9947,13.4797,13.6547,13414847.0
338,2023-12-12,13.5547,13.5947,13.1647,13.4247,13253047.0
339,2023-12-13,13.1847,13.7147,12.6747,13.6247,21039923.0
340,2023-12-14,13.7847,14.8847,13.7647,14.6347,22929744.0
341,2023-12-15,14.6447,14.9046,14.3947,14.8247,15100770.0
342,2023-12-18,14.8847,15.3147,14.6597,14.7247,16971271.0
343,2023-12-19,14.8247,15.2747,14.8147,15.1647,11461959.0
344,2023-12-20,15.1047,15.4097,14.2547,14.2747,18494073.0
345,2023-12-21,14.7,14.93,14.3891,14.91,11953228.0
346,2023-12-22,15.11,15.2258,14.62,14.73,10489132.0
347,2023-12-26,14.89,15.2,14.76,15.08,9628822.0
348,2023-12-27,15.23,15.6799,15.16,15.51,13679376.0
349,2023-12-28,15.7,15.83,14.72,14.77,15335690.0
350,2023-12-29,14.93,14.94,14.26,14.36,14861213.0
351,2024-01-02,14.49,14.58,13.9947,14.35,13281104.0
352,2024-01-03,14.04,14.095,13.2995,13.47,14302288.0
353,2024-01-04,13.53,13.83,13.4104,13.43,11552310.0
354,2024-01-05,13.32,13.6,13.17,13.37,8997736.0
355,2024-01-08,13.27,13.695,13.2,13.63,10409624.0
356,2024-01-09,13.43,13.5,12.91,13.15,13391882.0
357,2024-01-10,13.17,13.2,12.86,13.07,11028930.0
358,2024-01-11,12.79,12.81,12.35,12.5,18316561.0
359,2024-01-12,11.92,12.34,11.67,11.81,17358430.0
360,2024-01-16,11.52,12.18,11.27,11.9,16486164.0
361,2024-01-17,11.48,11.54,11.24,11.54,12494518.0
362,2024-01-18,11.65,11.6799,10.98,11.24,16130444.0
363,2024-01-19,11.07,11.33,10.89,11.26,14139314.0
364,2024-01-22,11.255,11.7,10.78,10.98,16828004.0
365,2024-01-23,11.17,11.52,10.9,11.01,15485885.0
366,2024-01-24,11.23,11.29,10.82,10.9,17495565.0
367,2024-01-25,9.46,9.71,8.71,8.93,31401702.0
368,2024-01-26,9.115,9.19,8.8784,8.96,13846986.0
369,2024-01-29,9.14,9.5533,8.98,9.52,18866471.0
370,2024-01-30,9.84,9.92,9.49,9.56,20060242.0
371,2024-01-31,9.22,9.7364,9.13,9.24,15151286.0
372,2024-02-01,9.32,9.425,9.01,9.34,11574237.0
373,2024-02-02,9.055,9.335,8.85,9.28,14761091.0
374,2024-02-05,9.0,9.03,8.32,8.77,20867124.0
375,2024-02-06,8.495,9.16,8.49,9.05,14126966.0
