,date,open,high,low,close,volume
0,2022-07-14,44.7196,45.8696,43.9496,43.9496,123225.0
1,2022-07-15,43.4396,44.3896,42.7796,43.6496,288992.0
2,2022-07-18,42.9396,43.6896,41.4896,43.5296,789486.0
3,2022-07-19,42.6196,44.2196,42.1796,42.5596,513125.0
4,2022-07-20,42.2196,42.8396,41.4896,42.1396,979359.0
5,2022-07-21,40.5996,40.6896,37.1296,37.3696,2189386.0
6,2022-07-22,36.7296,37.5696,35.9396,37.3296,1251059.0
7,2022-07-25,37.2896,38.0696,37.0196,37.9796,813824.0
8,2022-07-26,38.2796,39.8696,38.1396,39.4596,973781.0
9,2022-07-27,38.5996,38.9596,36.4996,36.7096,1075860.0
10,2022-07-28,35.8896,36.9796,35.3996,35.7496,1051996.0
11,2022-07-29,35.7896,36.0096,33.1696,33.3396,1463425.0
12,2022-08-01,32.8096,33.6296,31.4296,33.2896,2930766.0
13,2022-08-02,33.7496,33.9096,31.9296,32.8796,1566514.0
14,2022-08-03,32.3096,32.8396,31.7796,32.0096,1191298.0
15,2022-08-04,31.5496,32.2996,31.2696,31.8596,763659.0
16,2022-08-05,32.5896,34.6796,32.4096,34.3496,2520086.0
17,2022-08-08,33.4496,34.2396,32.0096,33.7496,1255604.0
18,2022-08-09,34.0496,35.5696,33.8196,35.0196,1712193.0
19,2022-08-10,33.0196,35.0196,32.9796,33.4496,2005632.0
20,2022-08-11,33.0996,34.5696,32.9196,34.4396,1012160.0
21,2022-08-12,34.0796,34.6496,32.5696,32.5896,1325096.0
22,2022-08-15,32.3196,32.4196,30.9096,31.3596,1483123.0
23,2022-08-16,31.1096,32.1496,30.7496,31.6896,2291728.0
24,2022-08-17,32.1196,32.5296,31.3596,31.9996,955542.0
25,2022-08-18,31.7896,32.2896,31.7196,32.2096,613991.0
26,2022-08-19,32.6796,33.4296,32.5396,32.8796,1044055.0
27,2022-08-22,33.5096,34.2996,33.5096,33.8096,638276.0
28,2022-08-23,33.5896,34.0496,32.6096,32.9496,1018200.0
29,2022-08-24,32.7696,32.9196,31.9996,32.8596,760947.0
30,2022-08-25,32.1196,33.5596,32.0896,32.9696,1016779.0
31,2022-08-26,32.8096,34.1096,32.2096,34.0296,1196919.0
32,2022-08-29,34.7396,35.0396,34.0796,34.4496,1085028.0
33,2022-08-30,34.0196,36.1896,33.9596,35.4996,1610080.0
34,2022-08-31,35.0196,36.3496,34.9696,35.7996,1000227.0
35,2022-09-01,36.2796,37.2096,35.5196,35.5796,1576909.0
36,2022-09-02,34.8896,36.7996,34.8396,36.5796,1030477.0
37,2022-09-06,36.2796,37.3196,35.7196,35.9196,1326732.0
38,2022-09-07,36.1696,36.2596,34.5496,34.6196,820855.0
39,2022-09-08,34.9096,35.0996,33.7496,33.7496,714805.0
40,2022-09-09,33.4396,33.4596,32.3096,32.3496,914367.0
41,2022-09-12,32.1896,32.2196,31.6196,31.7296,614379.0
42,2022-09-13,33.1696,33.4296,32.5896,33.2696,1283307.0
43,2022-09-14,33.2296,33.2896,31.4096,31.8296,1558907.0
44,2022-09-15,31.9396,32.0596,31.0496,31.7296,1466092.0
45,2022-09-16,32.2296,32.7096,31.7296,31.7596,1479587.0
46,2022-09-19,32.1796,32.4296,30.9596,31.0496,1890429.0
47,2022-09-20,31.3096,31.4596,30.5496,31.1096,1732835.0
48,2022-09-21,31.1296,32.0696,30.4896,32.0696,1691630.0
49,2022-09-22,32.1596,33.8996,31.9896,33.5696,2138585.0
50,2022-09-23,34.3596,35.7096,34.1296,35.3396,1891207.0
51,2022-09-26,35.8796,36.1196,34.0796,35.2796,1487756.0
52,2022-09-27,34.0696,35.0496,33.4196,34.2396,1722228.0
53,2022-09-28,34.2396,34.9796,33.3896,33.5896,1499023.0
54,2022-09-29,34.2596,36.5396,34.1396,36.1896,2122185.0
55,2022-09-30,36.5596,37.1096,35.1096,36.6696,1409453.0
56,2022-10-03,38.4496,40.5796,38.3296,40.3296,2863353.0
57,2022-10-04,38.8296,40.4596,37.6596,39.0496,3506544.0
58,2022-10-05,39.8696,41.9696,39.5796,40.6996,1570985.0
59,2022-10-06,40.8196,41.6496,39.8996,41.1696,1032061.0
60,2022-10-07,41.9396,44.3096,41.8696,44.0596,1085810.0
61,2022-10-10,43.8796,45.1296,43.2296,44.1396,1513878.0
62,2022-10-11,44.5696,45.8996,43.5296,45.5996,948346.0
63,2022-10-12,45.7796,46.7496,44.9396,45.3796,1118834.0
64,2022-10-13,47.3896,47.9296,44.0696,44.3796,1413588.0
65,2022-10-14,43.8496,48.3196,43.3396,48.1096,1158503.0
66,2022-10-17,46.7896,46.9396,43.7096,44.3296,1372165.0
67,2022-10-18,42.0896,44.8196,41.9896,44.1396,777461.0
68,2022-10-19,44.2796,44.7296,43.5896,43.7896,1032706.0
69,2022-10-20,46.8596,48.2396,45.2096,47.0996,2066477.0
70,2022-10-21,47.3296,47.9096,45.1796,45.2496,1260975.0
71,2022-10-24,47.2796,49.0296,45.4796,45.9796,1270731.0
72,2022-10-25,46.2796,46.2796,42.7996,43.3296,1298552.0
73,2022-10-26,43.9796,44.1896,41.5196,42.7996,1200499.0
74,2022-10-27,41.6696,43.1796,40.8196,42.6696,1076534.0
75,2022-10-28,42.6996,44.5396,41.8996,41.9496,1044334.0
76,2022-10-31,42.4396,43.3196,41.6996,42.1496,734004.0
77,2022-11-01,40.7596,42.1696,40.1196,42.1196,717628.0
78,2022-11-02,42.5196,44.8796,42.1696,44.8796,858343.0
79,2022-11-03,45.7196,45.9696,43.4296,44.7096,1059170.0
80,2022-11-04,43.0496,47.6296,42.7996,46.6196,1403723.0
81,2022-11-07,46.2996,49.3496,46.2796,49.2296,1610483.0
82,2022-11-08,50.1596,52.1296,49.8096,50.8796,1428452.0
83,2022-11-09,51.1096,55.0396,49.5496,54.9396,1444494.0
84,2022-11-10,50.7796,54.0896,50.3696,50.5096,1717173.0
85,2022-11-11,51.8996,52.8596,48.7696,48.8996,1852325.0
86,2022-11-14,49.7596,51.5796,48.9996,50.2696,1102452.0
87,2022-11-15,48.8596,49.9896,47.4196,49.2496,815387.0
88,2022-11-16,50.1196,51.8096,49.8796,51.4596,808402.0
89,2022-11-17,52.4196,53.2796,51.7096,52.6896,1057361.0
90,2022-11-18,51.9596,54.7096,51.9596,53.5496,870813.0
91,2022-11-21,55.0096,57.7196,54.6896,57.6396,893382.0
92,2022-11-22,57.2996,58.2396,56.5096,56.8796,930042.0
93,2022-11-23,55.4396,55.8996,51.8296,51.9796,1164889.0
94,2022-11-25,51.3796,52.7896,51.3796,52.4196,601886.0
95,2022-11-28,53.0796,53.3496,50.3096,52.0596,1096931.0
96,2022-11-29,51.4696,53.4096,51.0596,52.7896,544357.0
97,2022-11-30,52.2196,52.8196,48.2996,48.5596,959055.0
98,2022-12-01,47.6696,49.1096,47.1196,48.3096,705649.0
99,2022-12-02,49.1596,49.2996,47.9096,48.3096,628111.0
100,2022-12-05,49.8396,52.2396,49.3096,51.6896,665203.0
101,2022-12-06,52.0596,53.9496,51.3796,52.5996,912523.0
102,2022-12-07,54.0796,55.0396,52.7496,54.4696,1301270.0
103,2022-12-08,55.1296,56.1696,54.0596,54.6996,1270950.0
104,2022-12-09,54.5696,54.6296,51.4896,52.7396,1329472.0
105,2022-12-12,53.7396,56.4696,53.2996,56.2496,1245832.0
106,2022-12-13,53.7796,60.4196,53.6996,59.1296,1845631.0
107,2022-12-14,59.5396,61.1896,58.7196,60.6496,1354984.0
108,2022-12-15,62.0996,62.1996,58.9096,60.0496,1468264.0
109,2022-12-16,59.4196,63.4596,58.9396,63.3896,1045044.0
110,2022-12-19,61.6396,65.3896,61.1096,63.5496,1462455.0
111,2022-12-20,65.3796,69.2096,64.1996,69.1996,1776343.0
112,2022-12-21,68.3696,70.1596,67.2996,69.3796,1693545.0
113,2022-12-22,70.2496,77.6296,69.8396,76.0496,2304972.0
114,2022-12-23,75.2396,78.8196,73.9496,77.8296,2350114.0
115,2022-12-27,81.0781,87.2681,79.7781,86.8781,2841240.0
116,2022-12-28,85.6681,87.4181,80.7681,83.7381,3143843.0
117,2022-12-29,77.8881,80.0281,75.4481,76.7381,2469689.0
118,2022-12-30,77.9481,77.9481,74.8781,75.5881,1407438.0
119,2023-01-03,78.9881,87.7681,78.6081,85.4281,3048498.0
120,2023-01-04,84.8281,85.9081,80.2681,80.9881,1973900.0
121,2023-01-05,83.3481,85.7881,82.3981,83.4781,2139323.0
122,2023-01-06,89.3581,90.1581,80.2581,81.3481,2408825.0
123,2023-01-09,76.8681,78.2581,73.4781,76.2481,2382680.0
124,2023-01-10,75.3581,79.5681,74.2981,76.9081,1292786.0
125,2023-01-11,74.6481,75.7881,72.1281,73.8681,1207240.0
126,2023-01-12,74.2681,77.9181,73.4481,73.7581,1339175.0
127,2023-01-13,78.1481,78.7981,74.3581,74.5581,1832025.0
128,2023-01-17,72.4081,72.8681,68.6181,68.7181,1764550.0
129,2023-01-18,65.9281,71.2281,65.8881,70.2081,1925148.0
130,2023-01-19,71.1581,72.8081,69.5281,71.1981,1375632.0
131,2023-01-20,70.4081,71.0681,67.4681,67.4681,1528504.0
132,2023-01-23,66.1681,67.0281,61.1481,62.0381,1580700.0
133,2023-01-24,62.2681,63.2181,60.7981,61.9181,1623016.0
134,2023-01-25,62.9081,64.6181,60.8481,61.8481,2141126.0
135,2023-01-26,54.6981,57.0581,54.0981,54.5881,3811896.0
136,2023-01-27,53.7581,54.2081,47.1181,48.1681,6475912.0
137,2023-01-30,48.0481,51.4681,47.6181,51.3481,4346966.0
138,2023-01-31,52.1481,52.6681,48.9281,49.2681,3078873.0
139,2023-02-01,49.0081,50.2781,46.0281,46.8281,3827587.0
140,2023-02-02,45.1481,46.4281,42.5181,44.8881,4337846.0
141,2023-02-03,45.9681,46.0581,42.1081,44.4281,6371848.0
142,2023-02-06,43.6781,44.4681,42.5681,43.1881,3621122.0
143,2023-02-07,42.8381,44.4981,42.5981,42.8581,3839735.0
144,2023-02-08,42.9681,43.3281,41.3381,41.6881,3517154.0
145,2023-02-09,40.2881,40.9381,38.8581,40.3381,5486958.0
146,2023-02-10,41.4681,43.4281,40.6281,42.5681,6625536.0
147,2023-02-13,43.1681,44.7581,42.7481,43.0881,2968670.0
148,2023-02-14,43.8381,44.3481,39.4881,39.6081,4733075.0
149,2023-02-15,39.0581,40.2881,38.5281,38.6581,3208763.0
150,2023-02-16,39.3081,41.0781,37.9481,41.0181,6061516.0
151,2023-02-17,41.4881,42.0581,39.6481,39.6981,4991708.0
152,2023-02-21,40.3981,41.9881,39.4081,41.9681,4289739.0
153,2023-02-22,42.0081,43.2581,40.9181,41.1681,4362472.0
154,2023-02-23,40.4581,42.2081,40.2381,40.9381,2917930.0
155,2023-02-24,42.3081,42.9881,41.9281,42.0881,2243646.0
156,2023-02-27,40.8981,41.0881,39.1981,39.6281,3003710.0
157,2023-02-28,38.9781,40.4381,38.9081,40.0081,1769475.0
158,2023-03-01,39.9881,41.5581,39.7481,40.6581,2322569.0
159,2023-03-02,44.2081,44.3481,42.6481,43.2281,3722309.0
160,2023-03-03,42.3681,42.7781,40.9181,41.5681,2798077.0
161,2023-03-06,41.4081,42.8581,41.4081,42.5581,2789888.0
162,2023-03-07,43.0981,44.3681,42.4181,43.9481,3138050.0
163,2023-03-08,44.6781,45.9481,44.3481,45.3781,2643442.0
164,2023-03-09,45.8881,47.9881,44.5981,47.8781,3130928.0
165,2023-03-10,47.3281,49.2281,46.3181,47.7181,3593922.0
166,2023-03-13,49.5281,50.5881,46.6181,47.4781,3165325.0
167,2023-03-14,46.6281,46.6781,44.7381,44.9181,2154060.0
168,2023-03-15,45.6181,46.8181,45.1981,45.6381,2267070.0
169,2023-03-16,45.6781,46.1281,44.2281,44.6881,1189940.0
170,2023-03-17,44.5181,46.4481,44.1481,45.7381,1182151.0
171,2023-03-20,46.2881,46.7881,44.0281,44.8781,1889258.0
172,2023-03-21,43.5181,43.6081,40.9881,41.0781,2559412.0
173,2023-03-22,40.7181,42.6281,40.4381,42.5981,1817921.0
174,2023-03-23,41.5881,43.1981,40.6581,42.3081,1404204.0
175,2023-03-24,42.4881,43.5381,42.3181,42.7781,1121763.0
176,2023-03-27,41.7681,42.8881,41.0981,42.4481,771035.0
177,2023-03-28,42.4281,44.0081,42.3481,43.0581,1015209.0
178,2023-03-29,42.0881,43.0281,41.5981,41.9481,958556.0
179,2023-03-30,41.5081,41.8181,41.1481,41.6081,792675.0
180,2023-03-31,41.1381,41.1681,38.7381,38.8081,1663382.0
181,2023-04-03,40.4081,41.9781,39.8181,41.4881,2518055.0
182,2023-04-04,40.9181,42.4581,40.5581,41.9281,1515531.0
183,2023-04-05,42.5181,44.0781,42.4381,43.6181,1425892.0
184,2023-04-06,44.2681,45.1081,43.4181,43.7381,1936115.0
185,2023-04-10,45.1181,46.0681,43.7881,43.9481,1324321.0
186,2023-04-11,43.3481,43.6281,42.7281,43.3581,813255.0
187,2023-04-12,42.3681,45.0181,42.1681,44.9881,1369181.0
188,2023-04-13,44.4081,44.8481,43.3681,43.5481,941787.0
189,2023-04-14,44.0581,44.5081,43.4381,43.7381,1447998.0
190,2023-04-17,43.3981,44.3781,42.5681,43.2481,777960.0
191,2023-04-18,43.2381,44.1381,43.1181,43.9381,565145.0
192,2023-04-19,45.3681,45.6681,44.1881,44.9381,1503152.0
193,2023-04-20,48.8181,50.3381,47.9181,49.6481,2460974.0
194,2023-04-21,49.1181,50.2181,48.6981,49.0281,1036012.0
195,2023-04-24,49.1981,50.9881,48.7681,49.7481,1496343.0
196,2023-04-25,50.6281,51.0081,49.4781,50.3781,1169533.0
197,2023-04-26,50.5681,52.9481,50.4481,52.7481,1818508.0
198,2023-04-27,53.2481,53.2481,50.2781,50.3681,1530999.0
199,2023-04-28,50.1481,51.3381,48.7681,48.9481,1153442.0
200,2023-05-01,49.4181,50.7681,49.3681,49.8181,1006316.0
201,2023-05-02,49.7681,50.7781,48.6381,50.3181,1357821.0
202,2023-05-03,50.4081,50.4481,48.7581,50.2581,1149917.0
203,2023-05-04,49.5681,50.5581,49.4781,50.0281,675446.0
204,2023-05-05,49.1181,49.1481,46.8681,47.0781,1098491.0
205,2023-05-08,46.0481,47.3781,46.0081,46.6181,651352.0
206,2023-05-09,47.5481,48.1681,47.2481,47.3981,544562.0
207,2023-05-10,46.3581,48.1581,45.8581,47.5881,785950.0
208,2023-05-11,47.5481,48.1281,46.1081,46.5481,445067.0
209,2023-05-12,45.3781,47.9681,44.9981,47.7481,1392324.0
210,2023-05-15,47.9181,48.8181,47.2381,48.2581,921761.0
211,2023-05-16,48.5281,48.8681,47.3081,48.2481,884006.0
212,2023-05-17,47.6481,48.0281,45.7781,45.9581,1063232.0
213,2023-05-18,45.8881,46.3681,45.0681,45.0881,766824.0
214,2023-05-19,45.0081,45.2681,43.7581,44.2481,1089715.0
215,2023-05-22,44.0581,44.2281,41.7881,41.8781,1495467.0
216,2023-05-23,42.5581,42.7981,40.9481,42.6881,1874060.0
217,2023-05-24,43.6081,44.5681,43.0781,43.4281,1520042.0
218,2023-05-25,42.4381,44.0181,42.4381,43.0481,892621.0
219,2023-05-26,42.9681,42.9681,39.4681,40.8581,1113104.0
220,2023-05-30,39.1981,39.8281,38.2381,38.9881,1395647.0
221,2023-05-31,39.3381,40.3181,38.4481,38.4581,1232170.0
222,2023-06-01,38.7681,39.3981,37.2381,37.7281,1353976.0
223,2023-06-02,37.1781,37.2581,35.7781,36.4181,1575375.0
224,2023-06-05,35.7581,36.3481,35.0881,35.7981,1387800.0
225,2023-06-06,36.0681,36.6681,34.9881,35.1281,1673456.0
226,2023-06-07,33.9181,34.7781,33.4481,34.5581,2031671.0
227,2023-06-08,34.6581,34.7981,32.7281,32.7881,2686517.0
228,2023-06-09,30.6181,31.6781,30.0881,31.2981,3274661.0
229,2023-06-12,30.8781,31.3081,30.3981,30.5481,1839205.0
230,2023-06-13,30.0781,30.3481,29.2181,29.3581,3118978.0
231,2023-06-14,29.1881,30.4281,29.0081,29.5881,2956939.0
232,2023-06-15,30.7481,30.8381,29.3381,29.7381,2191237.0
233,2023-06-16,29.3181,29.5581,28.7181,29.1381,1652041.0
234,2023-06-20,29.0281,29.0681,27.3481,27.3981,2694771.0
235,2023-06-21,27.3281,29.2981,27.1281,29.1181,3939913.0
236,2023-06-22,30.2081,30.5181,28.4381,28.4781,4076662.0
237,2023-06-23,29.1281,29.9081,28.7281,29.4381,2798281.0
238,2023-06-26,30.2781,31.5081,29.2281,31.4881,3378648.0
239,2023-06-27,31.1681,31.4981,30.1081,30.1381,2880020.0
240,2023-06-28,30.2181,30.2981,28.8381,29.3081,2524739.0
241,2023-06-29,29.1381,29.6881,28.7581,29.1781,1419615.0
242,2023-06-30,28.8081,28.8481,28.2981,28.6281,1794654.0
243,2023-07-03,26.8381,26.9981,25.8781,26.4281,2760529.0
244,2023-07-05,26.5481,26.6581,26.0081,26.1481,1778239.0
245,2023-07-06,26.6181,27.1781,26.4381,26.7781,1909920.0
246,2023-07-07,26.6081,27.1081,26.3381,27.0281,1220630.0
247,2023-07-10,26.8381,28.0981,26.7081,27.5781,2015890.0
248,2023-07-11,27.7181,27.9681,27.4481,27.5481,1138988.0
249,2023-07-12,26.7981,27.3881,26.7981,27.3181,1370125.0
250,2023-07-13,27.0581,27.4981,26.4881,26.6581,1430952.0
251,2023-07-14,26.7481,26.8281,25.8581,26.2881,1801047.0
252,2023-07-17,25.7381,26.0681,25.1581,25.3381,2336844.0
253,2023-07-18,25.3881,25.7881,24.8781,25.0681,2128117.0
254,2023-07-19,24.7981,25.4381,24.4881,25.2981,2783625.0
255,2023-07-20,26.4481,28.2781,26.3181,28.1081,3951617.0
256,2023-07-21,27.5081,28.9681,27.4881,28.4681,4194312.0
257,2023-07-24,28.9981,29.1981,27.2781,27.3581,2785926.0
258,2023-07-25,26.9681,27.8381,26.9281,27.7981,1333984.0
259,2023-07-26,28.0681,28.2281,27.4881,27.9181,1610585.0
260,2023-07-27,27.4081,28.9981,27.3781,28.9581,1379169.0
261,2023-07-28,28.4581,28.6281,27.4781,27.5881,1584076.0
262,2023-07-31,27.4781,27.9181,27.2981,27.4981,821353.0
263,2023-08-01,27.6381,28.3281,27.6281,28.2481,970136.0
264,2023-08-02,28.9581,29.5481,28.4581,29.0881,2346944.0
265,2023-08-03,29.3781,29.3981,28.3081,28.4381,1512469.0
266,2023-08-04,28.2381,29.2281,27.8081,29.1581,1759062.0
267,2023-08-07,29.4681,30.5781,29.1881,29.4381,2671245.0
268,2023-08-08,29.9681,30.3181,29.5481,29.7181,2756924.0
269,2023-08-09,29.5781,30.7481,29.5481,30.7081,1984736.0
270,2023-08-10,30.2581,30.6181,29.3781,30.2681,2444997.0
271,2023-08-11,30.8081,31.2881,30.4981,30.6681,1789479.0
272,2023-08-14,31.6581,31.9381,30.9581,31.0681,1942979.0
273,2023-08-15,31.2581,32.1381,30.9881,32.0781,1844090.0
274,2023-08-16,32.8681,33.2581,31.9481,33.2481,2501041.0
275,2023-08-17,33.1381,34.3481,33.0881,34.2781,2408661.0
276,2023-08-18,35.2181,35.4781,34.5881,34.9381,3046452.0
277,2023-08-21,33.8381,34.0181,31.9581,32.1081,3240226.0
278,2023-08-22,30.7381,32.3981,30.6581,31.8281,2573392.0
279,2023-08-23,32.4481,32.4481,30.9881,31.3081,1856393.0
280,2023-08-24,31.0181,32.5781,31.0181,32.3281,2548258.0
281,2023-08-25,32.1481,32.2781,30.9281,30.9681,2178674.0
282,2023-08-28,30.3381,31.4581,30.1681,30.9481,1564281.0
283,2023-08-29,31.0281,31.1281,28.2981,28.3281,2553377.0
284,2023-08-30,28.6981,29.1381,27.8981,28.3481,2355258.0
285,2023-08-31,28.4581,28.5681,27.8481,28.2281,1707054.0
286,2023-09-01,28.3381,30.1581,28.1181,29.8481,2095049.0
287,2023-09-05,29.8781,29.8781,28.0881,28.2681,1954911.0
288,2023-09-06,28.4681,29.7381,28.4481,28.8781,2175043.0
289,2023-09-07,29.7681,29.9981,28.7681,28.9281,2468185.0
290,2023-09-08,28.9381,29.5481,28.2881,29.3481,1776887.0
291,2023-09-11,27.2481,27.7281,25.8381,26.0181,3952906.0
292,2023-09-12,26.3281,26.7881,25.4981,26.6881,1957736.0
293,2023-09-13,26.3881,26.6081,25.8381,26.2481,1401475.0
294,2023-09-14,26.2381,26.3581,25.6681,25.7581,1397503.0
295,2023-09-15,25.5881,26.2781,25.4481,25.9381,1462836.0
296,2023-09-18,26.2881,27.0881,26.2781,26.9081,1789215.0
297,2023-09-19,27.0581,27.3981,26.6381,26.7881,1462638.0
298,2023-09-20,26.7381,27.2481,25.9481,27.2481,1473125.0
299,2023-09-21,27.8081,28.2381,27.4781,28.0581,1288484.0
300,2023-09-22,27.8581,29.4781,27.8381,29.4481,1770241.0
301,2023-09-25,29.6681,30.3181,29.1381,29.1581,2247433.0
302,2023-09-26,29.7081,29.8681,28.8381,29.5581,1769622.0
303,2023-09-27,29.5081,30.8581,29.3981,30.0481,3811565.0
304,2023-09-28,30.1081,30.3081,29.0781,29.2481,2846087.0
305,2023-09-29,28.7081,29.2481,28.1181,28.7481,2941357.0
306,2023-10-02,29.4581,29.7281,28.2281,28.5781,3726075.0
307,2023-10-03,28.9781,29.4981,28.7981,29.2381,2615069.0
308,2023-10-04,29.0281,29.0781,27.1981,27.2781,2993353.0
309,2023-10-05,27.4581,27.8681,27.0081,27.4481,1958077.0
310,2023-10-06,28.1781,28.5581,27.2481,27.3981,2957623.0
311,2023-10-09,28.0181,28.4081,27.2981,27.5081,1596325.0
312,2023-10-10,27.7281,27.7481,26.4081,27.0581,2221280.0
313,2023-10-11,26.7281,27.3481,26.4581,27.1081,1483583.0
314,2023-10-12,27.1681,27.8781,26.8481,27.6281,1803552.0
315,2023-10-13,27.6081,28.6681,27.5381,28.5581,2297397.0
316,2023-10-16,28.6881,28.9181,28.0281,28.2281,3304394.0
317,2023-10-17,28.6881,29.0781,27.8181,28.1181,2744511.0
318,2023-10-18,28.3881,29.7081,28.1481,29.6481,3445243.0
319,2023-10-19,31.9681,33.2081,31.3381,32.7581,4898127.0
320,2023-10-20,33.2681,34.3481,32.9681,34.1281,3857775.0
321,2023-10-23,34.4581,35.778,33.2081,34.0581,4673702.0
322,2023-10-24,33.2881,33.7181,32.3181,33.3081,3560938.0
323,2023-10-25,33.4281,34.0481,32.6981,34.0281,4322672.0
324,2023-10-26,34.2081,35.3681,33.5923,35.2281,5238902.0
325,2023-10-27,34.2981,35.2181,33.9781,34.9281,3601522.0
326,2023-10-30,34.5481,37.2981,34.2781,36.7781,4181847.0
327,2023-10-31,37.1181,37.4781,35.7081,36.1181,3853407.0
328,2023-11-01,35.4181,36.6881,35.0781,35.1281,2837085.0
329,2023-11-02,33.7581,34.0481,32.6081,32.7481,3585908.0
330,2023-11-03,32.2581,32.7481,31.4581,32.5081,2519879.0
331,2023-11-06,31.8481,33.3381,31.4881,32.6081,4020958.0
332,2023-11-07,32.5481,33.2381,32.0181,32.1481,3582249.0
333,2023-11-08,32.0381,32.9082,31.8681,32.1681,3002348.0
334,2023-11-09,32.5981,34.6881,32.4231,34.1881,4163395.0
335,2023-11-10,34.1681,34.9381,33.1981,33.3381,3589171.0
336,2023-11-13,33.1981,33.8681,31.4981,31.7881,3558484.0
337,2023-11-14,29.9381,30.6782,29.509,29.6381,3440660.0
338,2023-11-15,29.3581,29.7581,28.3381,28.8381,3730383.0
339,2023-11-16,29.3481,30.4682,29.1481,30.1281,2892025.0
340,2023-11-17,30.3681,31.1481,29.5801,30.0081,3967179.0
341,2023-11-20,30.0581,30.5081,29.6381,29.8481,2422566.0
342,2023-11-21,29.9381,30.1831,28.7281,29.0681,2545260.0
343,2023-11-22,28.9181,30.4081,28.6981,30.0181,2969493.0
344,2023-11-24,30.0881,30.2981,29.3952,29.8581,1729140.0
345,2023-11-27,29.6781,30.3383,29.4681,29.7881,2155383.0
346,2023-11-28,29.6981,30.0882,28.2581,28.2981,3797235.0
347,2023-11-29,27.9781,28.8081,27.5281,28.6281,4247689.0
348,2023-11-30,28.5181,29.5981,28.5181,29.1781,5374320.0
349,2023-12-01,30.1581,30.3181,29.1831,29.3881,5221125.0
350,2023-12-04,29.8081,30.1381,29.3081,29.8281,3897293.0
351,2023-12-05,30.0981,30.1181,28.2681,29.3781,5063381.0
352,2023-12-06,28.8081,29.3381,28.3181,29.3181,4635520.0
353,2023-12-07,29.0081,29.6481,28.6779,28.8681,4661828.0
354,2023-12-08,29.1881,29.3281,28.5374,28.7281,3470910.0
355,2023-12-11,28.8781,29.5681,28.7881,29.3081,3389882.0
356,2023-12-12,29.4881,30.0981,29.4281,29.6681,2742293.0
357,2023-12-13,30.0581,30.9181,29.2281,29.3581,6906015.0
358,2023-12-14,29.1281,29.1481,27.3482,27.7381,6746953.0
359,2023-12-15,27.7281,28.0981,27.3681,27.4781,4790892.0
360,2023-12-18,27.4081,27.7081,26.8278,27.6481,3529016.0
361,2023-12-19,27.4481,27.5181,26.8681,26.9981,2454272.0
362,2023-12-20,27.0981,28.2381,26.6881,28.2081,5699565.0
363,2023-12-21,27.5781,28.036,27.2281,27.2581,4022529.0
364,2023-12-22,26.9781,27.6587,26.8281,27.5081,2740803.0
365,2023-12-26,27.33,27.49,26.94,27.08,1714417.0
366,2023-12-27,26.9,26.99,26.4,26.59,2976657.0
367,2023-12-28,26.41,27.51,26.25,27.48,2820933.0
368,2023-12-29,27.25,28.085,27.25,27.96,3019296.0
369,2024-01-02,27.81,28.44,27.6823,27.98,3789236.0
370,2024-01-03,28.4,29.36,28.32,29.12,5067517.0
371,2024-01-04,29.06,29.2364,28.63,29.2,3708318.0
372,2024-01-05,29.36,29.58,28.95,29.28,2360055.0
373,2024-01-08,29.45,29.55,28.825,28.94,3109239.0
374,2024-01-09,29.2,29.95,29.115,29.61,2629763.0
375,2024-01-10,29.59,30.05,29.53,29.74,2646787.0
376,2024-01-11,30.19,30.82,30.13,30.57,4644299.0
377,2024-01-12,31.58,31.945,30.85,31.72,4007016.0
378,2024-01-16,32.28,32.71,31.073,31.56,3878129.0
379,2024-01-17,32.28,32.73,32.2137,32.23,4324432.0
380,2024-01-18,32.0,33.25,31.95,32.8,4540379.0
381,2024-01-19,33.11,33.45,32.585,32.74,3153520.0
382,2024-01-22,32.76,33.665,31.89,33.27,4856387.0
383,2024-01-23,32.88,33.46,32.21,33.23,3557358.0
384,2024-01-24,32.83,33.63,32.69,33.44,4532637.0
385,2024-01-25,36.43,37.94,35.89,37.52,9064988.0
386,2024-01-26,36.94,37.6301,36.74,37.4,5184321.0
387,2024-01-29,36.93,37.32,35.74,35.81,4310696.0
388,2024-01-30,35.04,35.92,34.8401,35.72,2555127.0
389,2024-01-31,36.62,36.81,35.31,36.54,6536950.0
390,2024-02-01,36.3,37.1488,36.07,36.28,4188591.0
391,2024-02-02,37.04,37.55,36.32,36.45,3509917.0
392,2024-02-05,37.17,38.97,37.1,37.79,3268958.0
393,2024-02-06,38.61,38.62,36.6807,36.97,3573014.0
