,date,open,high,low,close,volume
0,2018-06-27,1040.0,1049.0,816.0,967.0,19942412.0
1,2018-06-28,1020.0,1037.0,909.0,977.0,3605462.0
2,2018-06-29,1001.0,1006.0,881.0,904.0,2355802.0
3,2018-07-02,860.0,877.0,801.0,815.0,2363473.0
4,2018-07-03,842.0,869.0,820.0,850.0,1288526.0
5,2018-07-05,838.0,847.0,765.0,780.0,2650226.0
6,2018-07-06,744.0,787.0,705.0,734.0,2796960.0
7,2018-07-09,755.0,780.0,711.0,766.0,1840378.0
8,2018-07-10,770.0,770.0,734.0,747.0,1253117.0
9,2018-07-11,735.0,780.0,718.0,773.0,1587607.0
10,2018-07-12,783.0,860.0,770.0,845.0,2050344.0
11,2018-07-13,870.0,875.0,801.0,864.0,1695741.0
12,2018-07-16,858.0,860.0,828.0,839.0,1192200.0
13,2018-07-17,833.0,846.0,821.0,835.0,801393.0
14,2018-07-18,832.0,840.0,793.0,800.0,1133322.0
15,2018-07-19,791.0,795.0,754.0,754.0,1267362.0
16,2018-07-20,754.0,769.0,740.0,756.0,710886.0
17,2018-07-23,768.0,790.0,760.0,765.0,607721.0
18,2018-07-24,768.0,780.0,744.0,766.0,1057366.0
19,2018-07-25,765.0,777.0,749.0,761.0,679404.0
20,2018-07-26,753.0,757.0,691.0,698.0,1830264.0
21,2018-07-27,697.0,698.0,650.0,651.0,1387264.0
22,2018-07-30,651.0,659.0,547.0,575.0,2431296.0
23,2018-07-31,583.0,616.0,508.0,616.0,2109813.0
24,2018-08-01,600.0,630.0,585.0,616.0,949674.0
25,2018-08-02,609.0,678.0,562.0,675.0,1540017.0
26,2018-08-03,643.0,699.0,639.0,688.0,832380.0
27,2018-08-06,680.0,680.0,622.0,651.0,397052.0
28,2018-08-07,648.0,681.0,630.0,673.0,484462.0
29,2018-08-08,671.0,673.0,646.0,662.0,477141.0
30,2018-08-09,662.0,708.0,653.0,671.0,398444.0
31,2018-08-10,668.0,698.0,652.0,657.0,286296.0
32,2018-08-13,645.0,657.0,591.0,614.0,439301.0
33,2018-08-14,604.0,606.0,546.0,567.0,1457654.0
34,2018-08-15,535.0,560.0,522.0,526.0,454574.0
35,2018-08-16,558.0,569.0,535.0,557.0,945731.0
36,2018-08-17,552.0,564.0,524.0,526.0,799639.0
37,2018-08-20,533.0,555.0,513.0,520.0,821397.0
38,2018-08-21,530.0,658.0,526.0,624.0,3754684.0
39,2018-08-22,630.0,670.0,564.0,663.0,3571795.0
40,2018-08-23,662.0,707.0,635.0,664.0,1787084.0
41,2018-08-24,663.0,663.0,611.0,619.0,650876.0
42,2018-08-27,620.0,640.0,594.0,621.0,1001214.0
43,2018-08-28,621.0,639.0,613.0,627.0,433930.0
44,2018-08-29,627.0,633.0,610.0,617.0,402145.0
45,2018-08-30,618.0,623.0,581.0,593.0,740268.0
46,2018-08-31,588.0,605.0,579.0,593.0,312022.0
47,2018-09-04,593.0,595.0,580.0,592.0,268050.0
48,2018-09-05,583.0,586.0,534.0,544.0,1154840.0
49,2018-09-06,549.0,558.0,530.0,534.0,615266.0
50,2018-09-07,533.0,566.0,526.0,538.0,465667.0
51,2018-09-10,539.0,544.0,528.0,533.0,469392.0
52,2018-09-11,534.0,541.0,518.0,520.0,710799.0
53,2018-09-12,520.0,527.0,488.0,504.0,1107258.0
54,2018-09-13,530.0,540.0,507.0,514.0,780138.0
55,2018-09-14,516.0,567.0,516.0,522.0,1305231.0
56,2018-09-17,520.0,530.0,503.0,506.0,366661.0
57,2018-09-18,524.0,527.0,502.0,503.0,329536.0
58,2018-09-19,514.0,526.0,503.0,515.0,610495.0
59,2018-09-20,524.0,559.0,521.0,530.0,718284.0
60,2018-09-21,530.0,560.0,528.0,545.0,1000107.0
61,2018-09-24,530.0,590.0,530.0,586.0,947983.0
62,2018-09-25,586.0,641.0,583.0,640.0,1547181.0
63,2018-09-26,644.0,691.0,625.0,671.0,1644191.0
64,2018-09-27,657.0,688.0,643.0,650.0,973195.0
65,2018-09-28,645.0,726.0,621.0,679.0,955195.0
66,2018-10-01,674.0,691.0,647.0,651.0,564280.0
67,2018-10-02,640.0,650.0,611.0,614.0,734551.0
68,2018-10-03,615.0,648.0,615.0,635.0,533628.0
69,2018-10-04,622.0,657.0,620.0,653.0,629263.0
70,2018-10-05,659.0,668.0,638.0,650.0,521476.0
71,2018-10-08,636.0,640.0,618.0,630.0,434768.0
72,2018-10-09,618.0,632.0,573.0,582.0,355788.0
73,2018-10-10,583.0,608.0,574.0,587.0,601996.0
74,2018-10-11,571.0,625.0,569.0,620.0,755981.0
75,2018-10-12,625.0,648.0,605.0,616.0,260915.0
76,2018-10-15,616.0,637.0,594.0,631.0,489800.0
77,2018-10-16,640.0,658.0,625.0,650.0,647633.0
78,2018-10-17,654.0,654.0,621.0,632.0,253437.0
79,2018-10-18,616.0,624.0,582.0,594.0,429602.0
80,2018-10-19,615.0,615.0,555.0,560.0,358685.0
81,2018-10-22,580.0,600.0,560.0,561.0,256945.0
82,2018-10-23,544.0,550.0,533.0,540.0,508409.0
83,2018-10-24,535.0,549.0,505.0,506.0,276635.0
84,2018-10-25,509.0,521.0,502.0,515.0,432739.0
85,2018-10-26,504.0,529.0,496.0,513.0,269050.0
86,2018-10-29,529.0,529.0,503.0,513.0,284237.0
87,2018-10-30,510.0,520.0,500.0,514.0,100464.0
88,2018-10-31,525.0,556.0,522.0,544.0,247997.0
89,2018-11-01,551.0,618.0,551.0,603.0,431978.0
90,2018-11-02,624.0,634.0,591.0,598.0,170230.0
91,2018-11-05,599.0,602.0,586.0,590.0,105599.0
92,2018-11-06,589.0,605.0,581.0,586.0,84887.0
93,2018-11-07,593.0,616.0,575.0,591.0,93788.0
94,2018-11-08,577.0,590.0,571.0,572.0,117016.0
95,2018-11-09,560.0,563.0,531.0,548.0,161218.0
96,2018-11-12,547.0,547.0,512.0,528.0,172272.0
97,2018-11-13,535.0,550.0,530.0,533.0,269202.0
98,2018-11-14,544.0,554.0,527.0,531.0,324212.0
99,2018-11-15,532.0,541.0,526.0,533.0,177279.0
100,2018-11-16,536.0,539.0,525.0,529.0,196717.0
101,2018-11-19,533.0,535.0,506.0,510.0,219815.0
102,2018-11-20,476.0,505.0,440.0,450.0,1239836.0
103,2018-11-21,464.0,484.0,439.0,439.0,900246.0
104,2018-11-23,450.0,490.0,441.0,451.0,723608.0
105,2018-11-26,469.0,469.0,413.0,419.0,2000797.0
106,2018-11-27,410.0,426.0,386.0,413.0,2341336.0
107,2018-11-28,420.0,421.0,386.0,396.0,1518855.0
108,2018-11-29,400.0,402.0,353.0,368.0,1434161.0
109,2018-11-30,378.0,384.0,327.0,329.0,3964690.0
110,2018-12-03,354.0,370.0,325.0,331.0,1346801.0
111,2018-12-04,330.0,334.0,281.0,286.0,2359233.0
112,2018-12-06,320.0,490.0,320.0,376.0,16351706.0
113,2018-12-07,409.0,484.0,387.0,468.0,9582889.0
114,2018-12-10,451.0,590.0,438.0,536.0,17635164.0
115,2018-12-11,550.0,617.0,530.0,588.0,13491346.0
116,2018-12-12,624.0,899.0,616.0,726.0,27349206.0
117,2018-12-13,770.0,784.0,574.0,716.0,15083988.0
118,2018-12-14,700.0,798.0,690.0,750.0,7156336.0
119,2018-12-17,715.0,848.0,709.0,840.0,8737771.0
120,2018-12-18,853.0,865.0,745.0,829.0,8151326.0
121,2018-12-19,811.0,987.0,793.0,955.0,10974897.0
122,2018-12-20,914.0,931.0,750.0,781.0,6067760.0
123,2018-12-21,723.0,850.0,711.0,844.0,9206883.0
124,2018-12-24,797.0,967.0,780.0,935.0,5370647.0
125,2018-12-26,875.0,929.0,826.0,831.0,6537011.0
126,2018-12-27,796.0,811.0,658.0,659.0,5071852.0
127,2018-12-28,607.0,647.0,468.0,508.0,7532556.0
128,2018-12-31,533.0,583.0,477.0,486.0,4243509.0
129,2019-01-02,479.0,479.0,385.0,388.0,4602933.0
130,2019-01-03,396.0,409.0,352.0,360.0,3849743.0
131,2019-01-04,390.0,404.0,341.0,360.0,9245622.0
132,2019-01-07,366.0,375.0,323.0,334.0,4377786.0
133,2019-01-08,334.0,345.0,313.0,321.0,4627862.0
134,2019-01-09,325.0,374.0,318.0,355.0,10345810.0
135,2019-01-10,375.0,396.0,355.0,375.0,14117483.0
136,2019-01-11,380.0,384.0,361.0,371.0,6177316.0
137,2019-01-14,371.0,374.0,329.0,330.0,5981551.0
138,2019-01-15,340.0,366.0,338.0,358.0,6843713.0
139,2019-01-16,364.0,380.0,359.0,360.0,7318935.0
140,2019-01-17,357.0,360.0,330.0,355.0,4590840.0
141,2019-01-18,359.0,362.0,335.0,335.0,4093133.0
142,2019-01-22,338.0,340.0,314.0,314.0,3801388.0
143,2019-01-23,319.0,347.0,319.0,338.0,4206751.0
144,2019-01-24,340.0,363.0,330.0,357.0,5895993.0
145,2019-01-25,357.0,360.0,340.0,342.0,4961235.0
146,2019-01-28,338.0,385.0,338.0,370.0,7830693.0
147,2019-01-29,370.0,395.0,342.0,348.0,6912496.0
148,2019-01-30,370.0,370.0,340.0,342.0,3819174.0
149,2019-01-31,342.0,351.0,335.0,341.0,5727262.0
150,2019-02-01,341.0,354.0,341.0,344.0,2358223.0
151,2019-02-04,348.0,352.0,340.0,343.0,2990363.0
152,2019-02-05,345.0,348.0,334.0,336.0,2437600.0
153,2019-02-06,336.0,340.0,326.0,326.0,3909297.0
154,2019-02-07,323.0,334.0,322.0,326.0,1485141.0
155,2019-02-08,325.0,332.0,321.0,322.0,1635201.0
156,2019-02-11,327.0,338.0,323.0,335.0,3111161.0
157,2019-02-12,335.0,340.0,329.0,329.0,1839973.0
158,2019-02-13,335.0,388.0,332.0,379.0,10258896.0
159,2019-02-14,375.0,380.0,358.0,359.0,4367712.0
160,2019-02-15,360.0,415.0,360.0,405.0,13936005.0
161,2019-02-19,410.0,459.0,385.0,398.0,14524918.0
162,2019-02-20,405.0,424.0,402.0,407.0,6475509.0
163,2019-02-21,407.0,447.0,407.0,420.0,6558773.0
164,2019-02-22,432.0,470.0,431.0,460.0,11611988.0
165,2019-02-25,517.0,586.0,468.0,470.0,17217645.0
166,2019-02-26,473.0,505.0,472.0,485.0,6185889.0
167,2019-02-27,490.0,500.0,443.0,453.0,7757595.0
168,2019-02-28,461.0,469.0,448.0,461.0,3100837.0
169,2019-03-01,475.0,484.0,462.0,465.0,3010297.0
170,2019-03-04,475.0,492.0,473.0,483.0,4682135.0
171,2019-03-05,487.0,519.0,485.0,515.0,6608733.0
172,2019-03-06,512.0,563.0,509.0,540.0,12221841.0
173,2019-03-07,544.0,551.0,510.0,522.0,5961033.0
174,2019-03-08,497.0,507.0,465.0,479.0,5480405.0
175,2019-03-11,495.0,502.0,480.0,486.0,4499681.0
176,2019-03-12,490.0,500.0,428.0,462.0,9388385.0
177,2019-03-13,454.0,471.0,449.0,460.0,6010054.0
178,2019-03-14,535.0,538.0,361.0,379.0,25614475.0
179,2019-03-15,390.0,401.0,364.0,370.0,8675329.0
180,2019-03-18,375.0,390.0,350.0,355.0,6494177.0
181,2019-03-19,356.0,379.0,355.0,367.0,3520741.0
182,2019-03-20,368.0,372.0,352.0,359.0,2214928.0
183,2019-03-21,358.0,371.0,358.0,370.0,2002986.0
184,2019-03-22,362.0,370.0,333.0,337.0,5374533.0
185,2019-03-25,337.0,353.0,333.0,349.0,3375825.0
186,2019-03-26,350.0,379.0,350.0,372.0,6708898.0
187,2019-03-27,376.0,403.0,376.0,394.0,8353116.0
188,2019-03-28,390.0,397.0,364.0,368.0,3513730.0
189,2019-03-29,370.0,385.0,367.0,379.0,2925296.0
190,2019-04-01,388.0,397.0,377.0,395.0,3210847.0
191,2019-04-02,390.0,393.0,377.0,391.0,5263219.0
192,2019-04-03,393.0,401.0,386.0,394.0,3015215.0
193,2019-04-04,401.0,421.0,394.0,415.0,4998840.0
194,2019-04-05,420.0,425.0,401.0,405.0,2768375.0
195,2019-04-08,405.0,410.0,382.0,388.0,3084507.0
196,2019-04-09,387.0,387.0,356.0,365.0,5719030.0
197,2019-04-10,362.0,362.0,348.0,350.0,3206403.0
198,2019-04-11,349.0,350.0,330.0,331.0,9235952.0
199,2019-04-12,340.0,342.0,325.0,326.0,4320567.0
200,2019-04-15,327.0,330.0,297.0,305.0,7552307.0
201,2019-04-16,308.0,327.0,141.0,195.0,50115636.0
202,2019-04-17,226.0,298.0,225.0,295.0,41966308.0
203,2019-04-18,291.0,354.0,287.0,337.0,23028941.0
204,2019-04-22,346.0,365.0,313.0,349.0,9742936.0
205,2019-04-23,349.0,350.0,334.0,349.0,3268515.0
206,2019-04-24,347.0,350.0,328.0,328.0,2954771.0
207,2019-04-25,326.0,327.0,293.0,304.0,4216509.0
208,2019-04-26,307.0,307.0,276.0,282.0,3794409.0
209,2019-04-29,288.0,298.0,272.0,280.0,5629074.0
210,2019-04-30,288.0,288.0,271.0,279.0,2450502.0
211,2019-05-01,278.0,280.0,270.0,272.0,2570184.0
212,2019-05-02,275.0,275.0,258.0,271.0,2421333.0
213,2019-05-03,272.0,280.0,267.0,269.0,2627860.0
214,2019-05-06,250.0,262.0,246.0,262.0,2042086.0
215,2019-05-07,257.0,261.0,246.0,248.0,2582664.0
216,2019-05-08,251.0,262.0,248.0,255.0,2290111.0
217,2019-05-09,248.0,253.0,245.0,247.0,1688871.0
218,2019-05-10,249.0,252.0,241.0,250.0,1248493.0
219,2019-05-13,228.0,258.0,225.0,250.0,2541452.0
220,2019-05-14,252.0,257.0,247.0,251.0,1803638.0
221,2019-05-15,248.0,250.0,235.0,238.0,2001935.0
222,2019-05-16,238.0,240.0,230.0,231.0,1177020.0
223,2019-05-17,230.0,231.0,207.0,221.0,3775184.0
224,2019-05-20,220.0,243.0,217.0,239.0,3747240.0
225,2019-05-21,255.0,263.0,249.0,250.0,7508414.0
226,2019-05-22,255.0,259.0,242.0,244.0,2990948.0
227,2019-05-23,245.0,246.0,218.0,220.0,3077827.0
228,2019-05-24,227.0,233.0,222.0,233.0,1609933.0
229,2019-05-28,243.0,252.0,237.0,246.0,2066746.0
230,2019-05-29,264.0,265.0,239.0,249.0,6309452.0
231,2019-05-30,249.0,250.0,220.0,232.0,2710093.0
232,2019-05-31,227.0,244.0,225.0,230.0,1305777.0
233,2019-06-03,228.0,234.0,210.0,215.0,1430390.0
234,2019-06-04,212.0,231.0,212.0,221.0,2780992.0
235,2019-06-05,220.0,225.0,209.0,214.0,1269233.0
236,2019-06-06,210.0,211.0,195.0,202.0,2162943.0
237,2019-06-07,200.0,219.0,199.0,211.0,2039248.0
238,2019-06-10,225.0,225.0,185.0,198.0,5749216.0
239,2019-06-11,197.0,202.0,193.0,199.0,4069018.0
240,2019-06-12,202.0,202.0,194.0,197.0,998678.0
241,2019-06-13,196.0,196.0,191.0,194.0,1847242.0
242,2019-06-14,191.0,211.0,189.0,202.0,3811273.0
243,2019-06-17,202.0,208.0,192.0,202.0,1251078.0
244,2019-06-18,205.0,209.0,197.0,208.0,1505790.0
245,2019-06-19,207.0,210.0,203.0,204.0,1048081.0
246,2019-06-20,210.0,215.0,205.0,210.0,2001746.0
247,2019-06-21,207.0,210.0,200.0,208.0,1710612.0
248,2019-06-24,204.0,212.0,203.0,211.0,1118099.0
249,2019-06-25,212.0,212.0,197.0,198.0,1317516.0
250,2019-06-26,199.0,212.0,192.0,210.0,2447628.0
251,2019-06-27,210.0,210.0,204.0,209.0,699004.0
252,2019-06-28,207.0,220.0,205.0,220.0,1169896.0
253,2019-07-01,220.0,247.0,220.0,233.0,2865227.0
254,2019-07-02,233.0,235.0,221.0,223.0,887034.0
255,2019-07-03,220.0,221.0,210.0,219.0,754718.0
256,2019-07-05,218.0,239.0,214.0,236.0,1687632.0
257,2019-07-08,232.0,246.0,225.0,230.0,2112792.0
258,2019-07-09,236.0,243.0,231.0,238.0,1668046.0
259,2019-07-10,238.0,255.0,238.0,241.0,1850552.0
260,2019-07-11,245.0,248.0,232.0,234.0,799947.0
261,2019-07-12,245.0,280.0,245.0,269.0,12259877.0
262,2019-07-15,275.0,275.0,246.0,259.0,4322755.0
263,2019-07-16,259.0,261.0,235.0,236.0,2754941.0
264,2019-07-17,236.0,245.0,231.0,240.0,1185731.0
265,2019-07-18,238.0,242.0,235.0,238.0,768746.0
266,2019-07-19,238.0,248.0,238.0,240.0,760923.0
267,2019-07-22,238.0,243.0,228.0,238.0,1160088.0
268,2019-07-23,240.0,240.0,225.0,239.0,745116.0
269,2019-07-24,241.0,251.0,235.0,248.0,1086885.0
270,2019-07-25,250.0,250.0,228.0,231.0,1586843.0
271,2019-07-26,232.0,233.0,226.0,228.0,1475251.0
272,2019-07-29,233.0,233.0,220.0,220.0,844021.0
273,2019-07-30,224.0,224.0,210.0,214.0,1092638.0
274,2019-07-31,214.0,221.0,212.0,220.0,744411.0
275,2019-08-01,218.0,227.0,212.0,212.0,1234071.0
276,2019-08-02,213.0,222.0,212.0,221.0,749888.0
277,2019-08-05,213.0,218.0,207.0,212.0,1148193.0
278,2019-08-06,213.0,224.0,212.0,219.0,1325717.0
279,2019-08-07,220.0,229.0,214.0,226.0,734315.0
280,2019-08-08,226.0,235.0,218.0,230.0,1036961.0
281,2019-08-09,229.0,252.0,226.0,250.0,6798557.0
282,2019-08-12,250.0,250.0,242.0,249.0,764893.0
283,2019-08-13,246.0,254.0,244.0,248.0,811792.0
284,2019-08-14,246.0,246.0,232.0,239.0,871233.0
285,2019-08-15,237.0,251.0,236.0,246.0,624635.0
286,2019-08-16,245.0,252.0,245.0,250.0,979113.0
287,2019-08-19,255.0,260.0,254.0,255.0,693311.0
288,2019-08-20,257.0,260.0,256.0,259.0,1354866.0
289,2019-08-21,258.0,258.0,255.0,257.0,785439.0
290,2019-08-22,258.0,258.0,256.0,256.0,875389.0
291,2019-08-23,254.0,259.0,250.0,252.0,1609381.0
292,2019-08-26,252.0,252.0,245.0,248.0,472538.0
293,2019-08-27,252.0,255.0,246.0,248.0,432145.0
294,2019-08-28,246.0,261.0,246.0,260.0,1232498.0
295,2019-08-29,259.0,267.0,259.0,263.0,765840.0
296,2019-08-30,265.0,276.0,260.0,273.0,925514.0
297,2019-09-03,270.0,273.0,263.0,272.0,790371.0
298,2019-09-04,274.0,280.0,271.0,280.0,1137991.0
299,2019-09-05,280.0,289.0,279.0,285.0,956253.0
300,2019-09-06,285.0,298.0,285.0,297.0,752524.0
301,2019-09-09,300.0,309.0,297.0,304.0,1553594.0
302,2019-09-10,305.0,319.0,305.0,318.0,925043.0
303,2019-09-11,319.0,327.0,314.0,321.0,1283874.0
304,2019-09-12,324.0,325.0,315.0,322.0,800582.0
305,2019-09-13,325.0,330.0,319.0,329.0,756016.0
306,2019-09-16,319.0,332.0,319.0,331.0,1273372.0
307,2019-09-17,330.0,330.0,319.0,319.0,1182027.0
308,2019-09-18,316.0,325.0,303.0,325.0,2843218.0
309,2019-09-19,322.0,328.0,310.0,314.0,1049268.0
310,2019-09-20,308.0,326.0,299.0,326.0,1801747.0
311,2019-09-23,298.0,305.0,272.0,279.0,3034173.0
312,2019-09-24,285.0,288.0,220.0,223.0,4045572.0
313,2019-09-25,225.0,239.0,224.0,238.0,1915251.0
314,2019-09-26,231.0,261.0,228.0,261.0,1992413.0
315,2019-09-27,260.0,260.0,240.0,251.0,2865580.0
316,2019-09-30,253.0,254.0,239.0,245.0,987939.0
317,2019-10-01,243.0,248.0,235.0,240.0,728379.0
318,2019-10-02,240.0,249.0,235.0,245.0,986478.0
319,2019-10-03,245.0,254.0,238.0,251.0,854863.0
320,2019-10-04,245.0,255.0,245.0,247.0,757509.0
321,2019-10-07,248.0,253.0,228.0,245.0,941640.0
322,2019-10-08,242.0,252.0,236.0,241.0,662118.0
323,2019-10-09,235.0,260.0,235.0,248.0,1207946.0
324,2019-10-10,254.0,258.0,242.0,256.0,811356.0
325,2019-10-11,258.0,277.0,248.0,257.0,2441155.0
326,2019-10-14,262.0,273.0,259.0,269.0,921594.0
327,2019-10-15,266.0,272.0,263.0,270.0,764950.0
328,2019-10-16,271.0,274.0,263.0,270.0,577483.0
329,2019-10-17,269.0,270.0,259.0,260.0,517421.0
330,2019-10-18,259.0,269.0,252.0,262.0,611456.0
331,2019-10-21,262.0,270.0,255.0,265.0,427080.0
332,2019-10-22,261.0,272.0,261.0,272.0,441317.0
333,2019-10-23,264.0,277.0,263.0,275.0,710755.0
334,2019-10-24,270.0,300.0,265.0,297.0,1770401.0
335,2019-10-25,294.0,300.0,286.0,296.0,732680.0
336,2019-10-28,299.0,319.0,293.0,314.0,3291404.0
337,2019-10-29,313.0,325.0,294.0,323.0,1834826.0
338,2019-10-30,300.0,315.0,286.0,307.0,1320939.0
339,2019-10-31,302.0,308.0,290.0,300.0,545085.0
340,2019-11-01,303.0,321.0,301.0,310.0,995826.0
341,2019-11-04,310.0,338.0,308.0,319.0,1782213.0
342,2019-11-05,320.0,330.0,316.0,325.0,1336805.0
343,2019-11-06,323.0,331.0,314.0,323.0,1590131.0
344,2019-11-07,327.0,335.0,315.0,334.0,1756977.0
345,2019-11-08,323.0,380.0,321.0,342.0,2826702.0
346,2019-11-11,326.0,330.0,307.0,315.0,1061020.0
347,2019-11-12,311.0,312.0,285.0,285.0,1326829.0
348,2019-11-13,284.0,287.0,255.0,262.0,2186790.0
349,2019-11-14,265.0,287.0,262.0,267.0,779625.0
350,2019-11-15,267.0,267.0,232.0,254.0,935860.0
351,2019-11-18,255.0,261.0,250.0,258.0,420220.0
352,2019-11-19,253.0,257.0,241.0,246.0,791122.0
353,2019-11-20,244.0,255.0,242.0,248.0,352210.0
354,2019-11-21,250.0,250.0,243.0,248.0,369231.0
355,2019-11-22,249.0,256.0,248.0,249.0,531624.0
356,2019-11-25,249.0,268.0,247.0,265.0,576405.0
357,2019-11-26,260.0,265.0,256.0,261.0,639494.0
358,2019-11-27,277.0,278.0,265.0,268.0,1914430.0
359,2019-11-29,266.0,271.0,248.0,249.0,725351.0
360,2019-12-02,250.0,260.0,247.0,256.0,692130.0
361,2019-12-03,258.0,259.0,248.0,253.0,824117.0
362,2019-12-04,252.0,260.0,242.0,250.0,711522.0
363,2019-12-05,247.0,252.0,246.0,251.0,343328.0
364,2019-12-06,248.0,252.0,246.0,249.0,195799.0
365,2019-12-09,244.0,255.0,244.0,255.0,1029452.0
366,2019-12-10,256.0,272.0,252.0,266.0,778520.0
367,2019-12-11,266.0,273.0,262.0,271.0,1440066.0
368,2019-12-12,275.0,284.0,270.0,271.0,858574.0
369,2019-12-13,272.0,293.0,267.0,291.0,1409696.0
370,2019-12-16,295.0,310.0,285.0,310.0,1339026.0
371,2019-12-17,307.0,307.0,277.0,282.0,1523641.0
372,2019-12-18,280.0,282.0,268.0,279.0,777975.0
373,2019-12-19,280.0,280.0,266.0,275.0,828866.0
374,2019-12-20,270.0,280.0,270.0,273.0,1126481.0
375,2019-12-23,270.0,275.0,263.0,264.0,693763.0
376,2019-12-24,262.0,265.0,224.0,241.0,1934630.0
377,2019-12-26,244.0,247.0,236.0,237.0,908999.0
378,2019-12-27,240.0,240.0,226.0,231.0,1614199.0
379,2019-12-30,230.0,232.0,224.0,228.0,1241654.0
380,2019-12-31,225.0,229.0,221.0,226.0,1487752.0
381,2020-01-02,231.0,238.0,225.0,229.0,1309850.0
382,2020-01-03,229.0,234.0,221.0,226.0,1971412.0
383,2020-01-06,228.0,251.0,224.0,248.0,1370433.0
384,2020-01-07,251.0,252.0,236.0,240.0,1007554.0
385,2020-01-08,240.0,246.0,231.0,241.0,743546.0
386,2020-01-09,239.0,250.0,239.0,247.0,728774.0
387,2020-01-10,249.0,260.0,243.0,258.0,970767.0
388,2020-01-13,258.0,284.0,256.0,284.0,1618056.0
389,2020-01-14,282.0,295.0,269.0,290.0,1573252.0
390,2020-01-15,286.0,286.0,253.0,262.0,2142215.0
391,2020-01-16,266.0,275.0,258.0,259.0,990024.0
392,2020-01-17,263.0,266.0,250.0,251.0,720024.0
393,2020-01-21,251.0,269.0,250.0,267.0,795234.0
394,2020-01-22,268.0,278.0,248.0,259.0,2443251.0
395,2020-01-23,250.0,265.0,250.0,265.0,1460062.0
396,2020-01-24,260.0,279.0,245.0,246.0,2241119.0
397,2020-01-27,231.0,239.0,221.0,229.0,1372143.0
398,2020-01-28,234.0,236.0,227.0,232.0,749237.0
399,2020-01-29,231.0,240.0,224.0,229.0,1036282.0
400,2020-01-30,224.0,231.0,220.0,221.0,1871713.0
401,2020-01-31,220.0,250.0,217.0,246.0,2649594.0
402,2020-02-03,230.0,240.0,222.0,230.0,1902307.0
403,2020-02-04,232.0,243.0,229.0,236.0,2036991.0
404,2020-02-05,236.0,238.0,227.0,230.0,1700656.0
405,2020-02-06,233.0,233.0,223.0,225.0,1538121.0
406,2020-02-07,226.0,232.0,220.0,223.0,2356312.0
407,2020-02-10,221.0,230.0,220.0,228.0,3519796.0
408,2020-02-11,229.0,237.0,228.0,230.0,1432222.0
409,2020-02-12,227.0,233.0,227.0,228.0,1570116.0
410,2020-02-13,228.0,233.0,227.0,227.0,2238510.0
411,2020-02-14,227.0,231.0,219.0,219.0,1981056.0
412,2020-02-18,218.0,218.0,198.0,199.0,3113086.0
413,2020-02-19,205.0,208.0,189.0,197.0,4424253.0
414,2020-02-20,200.0,200.0,194.0,194.0,2650104.0
415,2020-02-21,196.0,200.0,190.0,200.0,955100.0
416,2020-02-24,190.0,193.0,185.0,185.0,2376327.0
417,2020-02-25,185.0,194.0,182.0,184.0,4112381.0
418,2020-02-26,185.0,194.0,177.0,183.0,2644279.0
419,2020-02-27,179.0,188.0,173.0,175.0,2605286.0
420,2020-02-28,170.0,178.0,151.0,167.0,1476620.0
421,2020-03-02,167.0,170.0,157.0,162.0,2437653.0
422,2020-03-03,162.0,168.0,151.0,154.0,5350296.0
423,2020-03-04,157.0,182.0,157.0,180.0,3911515.0
424,2020-03-05,173.0,182.0,171.0,179.0,864976.0
425,2020-03-06,174.0,181.0,170.0,175.0,1429401.0
426,2020-03-09,161.0,178.0,160.0,164.0,691191.0
427,2020-03-10,169.0,178.0,166.0,174.0,1075200.0
428,2020-03-11,174.0,193.0,174.0,179.0,1377610.0
429,2020-03-12,166.0,172.0,161.0,161.0,915696.0
430,2020-03-13,172.0,175.0,163.0,172.0,778836.0
431,2020-03-16,159.0,172.0,159.0,159.0,1610429.0
432,2020-03-17,160.0,172.0,154.0,166.0,1152413.0
433,2020-03-18,153.0,165.0,146.0,149.0,868114.0
434,2020-03-19,146.0,151.0,139.0,140.0,964788.0
435,2020-03-20,143.0,146.0,126.0,127.0,982916.0
436,2020-03-23,132.0,132.0,121.0,123.0,480510.0
437,2020-03-24,137.0,140.0,127.0,140.0,1250375.0
438,2020-03-25,140.0,161.0,140.0,152.0,828738.0
439,2020-03-26,153.0,178.0,151.0,174.0,2022938.0
440,2020-03-27,160.0,173.0,156.0,171.0,548546.0
441,2020-03-30,164.0,169.0,150.0,156.0,1283053.0
442,2020-03-31,158.0,160.0,152.0,154.0,615044.0
443,2020-04-01,150.0,154.0,142.0,144.0,639097.0
444,2020-04-02,144.0,153.0,144.0,146.0,470302.0
445,2020-04-03,149.0,157.0,145.0,153.0,523166.0
446,2020-04-06,154.0,175.0,148.0,156.0,638911.0
447,2020-04-07,158.0,164.0,152.0,153.0,693332.0
448,2020-04-08,151.0,158.0,147.0,158.0,361729.0
449,2020-04-09,159.0,161.0,152.0,154.0,2582625.0
450,2020-04-13,151.0,160.0,151.0,156.0,688590.0
451,2020-04-14,156.0,164.0,156.0,159.0,603060.0
452,2020-04-15,154.0,164.0,154.0,164.0,435765.0
453,2020-04-16,164.0,165.0,161.0,161.0,363793.0
454,2020-04-17,161.0,165.0,160.0,165.0,560639.0
455,2020-04-20,162.0,165.0,159.0,160.0,609372.0
456,2020-04-21,154.0,161.0,151.0,152.0,435196.0
457,2020-04-22,153.0,160.0,146.0,157.0,1340106.0
458,2020-04-23,158.0,163.0,150.0,155.0,547731.0
459,2020-04-24,154.0,155.0,140.0,145.0,880549.0
460,2020-04-27,154.0,155.0,138.0,145.0,682251.0
461,2020-04-28,143.0,152.0,138.0,149.0,521197.0
462,2020-04-29,150.0,158.0,146.0,157.0,664274.0
463,2020-04-30,155.0,164.0,147.0,161.0,803514.0
464,2020-05-01,155.0,158.0,144.0,144.0,484356.0
465,2020-05-04,142.0,143.0,140.0,142.0,368647.0
466,2020-05-05,142.0,142.0,132.0,133.0,785573.0
467,2020-05-06,133.0,138.0,130.0,134.0,775849.0
468,2020-05-07,135.0,137.0,131.0,132.0,319967.0
469,2020-05-08,135.0,138.0,133.0,134.0,322674.0
470,2020-05-11,134.0,146.0,134.0,145.0,912511.0
471,2020-05-12,144.0,153.0,141.0,147.0,779195.0
472,2020-05-13,149.0,151.0,136.0,142.0,1035119.0
473,2020-05-14,138.0,144.0,132.0,137.0,578254.0
474,2020-05-15,137.0,138.0,134.0,135.0,808404.0
475,2020-05-18,136.0,141.0,134.0,137.0,893335.0
476,2020-05-19,136.0,144.0,136.0,141.0,613676.0
477,2020-05-20,143.0,148.0,140.0,143.0,1565913.0
478,2020-05-21,140.0,142.0,135.0,139.0,906249.0
479,2020-05-22,137.0,139.0,131.0,133.0,763357.0
480,2020-05-26,130.0,138.0,127.0,134.0,880090.0
481,2020-05-27,136.0,144.0,135.0,142.0,787811.0
482,2020-05-28,140.0,145.0,138.0,141.0,963147.0
483,2020-05-29,142.0,153.0,142.0,153.0,3204153.0
484,2020-06-01,150.0,157.0,144.0,149.0,845819.0
485,2020-06-02,149.0,166.0,149.0,159.0,1520194.0
486,2020-06-03,160.0,166.0,160.0,165.0,620194.0
487,2020-06-04,164.0,167.0,158.0,159.0,724647.0
488,2020-06-05,160.0,166.0,160.0,165.0,785236.0
489,2020-06-08,165.0,173.0,161.0,173.0,1341437.0
490,2020-06-09,169.0,173.0,165.0,168.0,421355.0
491,2020-06-10,166.0,191.0,163.0,183.0,2578213.0
492,2020-06-11,183.0,183.0,156.0,158.0,858101.0
493,2020-06-12,162.0,168.0,144.0,147.0,3324728.0
494,2020-06-15,155.0,155.0,139.0,146.0,1427083.0
495,2020-06-16,148.0,150.0,144.0,145.0,1424956.0
496,2020-06-17,137.0,149.0,137.0,137.0,1791857.0
497,2020-06-18,140.0,143.0,136.0,139.0,1606317.0
498,2020-06-19,139.0,145.0,137.0,145.0,1413103.0
499,2020-06-22,147.0,150.0,140.0,147.0,782669.0
500,2020-06-23,144.0,158.0,143.0,158.0,1416576.0
501,2020-06-24,153.0,157.0,144.0,149.0,1314555.0
502,2020-06-25,152.0,156.0,145.0,154.0,673318.0
503,2020-06-26,152.0,159.0,150.0,156.0,1457484.0
504,2020-06-29,157.0,158.0,141.0,142.0,625755.0
505,2020-06-30,143.0,160.0,139.0,143.0,2226210.0
506,2020-07-01,143.0,150.0,142.0,148.0,773774.0
507,2020-07-02,150.0,160.0,148.0,159.0,1533547.0
508,2020-07-06,167.0,167.0,157.0,160.0,1072511.0
509,2020-07-07,161.0,162.0,155.0,157.0,314330.0
510,2020-07-08,158.0,184.0,158.0,183.0,2454526.0
511,2020-07-09,193.0,200.0,168.0,182.0,2516515.0
512,2020-07-10,175.0,183.0,166.0,176.0,1711763.0
513,2020-07-13,185.0,186.0,162.0,165.0,1516099.0
514,2020-07-14,162.0,165.0,158.0,164.0,864510.0
515,2020-07-15,166.0,167.0,155.0,157.0,769013.0
516,2020-07-16,156.0,157.0,150.0,152.0,574903.0
517,2020-07-17,154.0,160.0,153.0,158.0,1442011.0
518,2020-07-20,159.0,160.0,144.0,145.0,1734271.0
519,2020-07-21,149.0,153.0,145.0,150.0,959686.0
520,2020-07-22,150.0,150.0,137.0,140.0,1477499.0
521,2020-07-23,139.0,141.0,136.0,138.0,1116735.0
522,2020-07-24,132.0,137.0,116.0,129.0,3129360.0
523,2020-07-27,133.0,133.0,125.0,126.0,562985.0
524,2020-07-28,126.0,127.0,121.0,122.0,629796.0
525,2020-07-29,122.0,125.0,122.0,124.0,461563.0
526,2020-07-30,123.0,124.0,123.0,123.0,313697.0
527,2020-07-31,130.0,130.0,123.0,127.0,484533.0
528,2020-08-03,124.0,127.0,121.0,123.0,1398747.0
529,2020-08-04,123.0,127.0,123.0,125.0,1024311.0
530,2020-08-05,124.0,128.0,123.0,126.0,977001.0
531,2020-08-06,123.0,126.0,122.0,125.0,432474.0
532,2020-08-07,123.0,126.0,122.0,122.0,693066.0
533,2020-08-10,123.0,124.0,120.0,122.0,677893.0
534,2020-08-11,123.0,123.0,118.0,119.0,842033.0
535,2020-08-12,118.0,122.0,116.0,120.0,963274.0
536,2020-08-13,121.0,122.0,119.0,121.0,346576.0
537,2020-08-14,121.0,122.0,120.0,120.0,333604.0
538,2020-08-17,119.0,121.0,118.0,121.0,378523.0
539,2020-08-18,119.0,125.0,118.0,124.0,797417.0
540,2020-08-19,121.0,124.0,119.0,120.0,415566.0
541,2020-08-20,120.0,120.0,116.0,119.0,600678.0
542,2020-08-21,119.0,119.0,115.0,116.0,567713.0
543,2020-08-24,116.0,120.0,112.0,118.0,929563.0
544,2020-08-25,118.0,118.0,111.0,115.0,769168.0
545,2020-08-26,115.0,115.0,108.0,111.0,1322674.0
546,2020-08-27,110.0,114.0,102.0,105.0,1443799.0
547,2020-08-28,103.0,106.0,88.0,91.0,3237163.0
548,2020-08-31,91.0,96.0,72.0,78.0,6704659.0
549,2020-09-01,77.0,98.0,77.0,98.0,3856432.0
550,2020-09-02,97.0,100.0,83.0,92.0,1947781.0
551,2020-09-03,95.0,98.0,85.0,91.0,1313499.0
552,2020-09-04,92.0,95.0,84.0,93.0,1351692.0
553,2020-09-08,90.0,96.0,85.0,94.0,1545021.0
554,2020-09-09,91.0,99.0,88.0,88.0,2152506.0
555,2020-09-10,87.0,91.0,85.0,91.0,2508856.0
556,2020-09-11,88.0,92.0,83.0,90.0,1212647.0
557,2020-09-14,88.0,100.0,84.0,100.0,1575465.0
558,2020-09-15,99.0,108.0,96.0,101.0,2119030.0
559,2020-09-16,99.0,104.0,94.0,95.0,894911.0
560,2020-09-17,93.0,102.0,92.0,99.0,1201833.0
561,2020-09-18,98.0,101.0,96.0,98.0,324504.0
562,2020-09-21,94.0,98.0,91.0,92.0,707478.0
563,2020-09-22,92.0,94.0,86.0,89.0,432416.0
564,2020-09-23,89.0,89.0,83.0,83.0,434363.0
565,2020-09-24,84.0,87.0,82.0,84.0,197137.0
566,2020-09-25,84.0,95.0,84.0,88.0,488977.0
567,2020-09-28,86.0,94.0,86.0,91.0,373801.0
568,2020-09-29,86.0,91.0,85.0,87.0,601233.0
569,2020-09-30,85.0,90.0,85.0,87.0,254369.0
570,2020-10-01,87.0,93.0,86.0,90.0,256856.0
571,2020-10-02,89.0,94.0,87.0,91.0,312500.0
572,2020-10-05,90.0,96.0,88.0,95.0,708672.0
573,2020-10-06,95.0,95.0,90.0,92.0,285689.0
574,2020-10-07,91.0,102.0,91.0,100.0,1976426.0
575,2020-10-08,117.0,118.0,105.0,110.0,2633560.0
576,2020-10-09,109.0,110.0,101.0,101.0,1266056.0
577,2020-10-12,100.0,107.0,96.0,104.0,2009435.0
578,2020-10-13,104.0,106.0,99.0,102.0,717372.0
579,2020-10-14,100.0,100.0,97.0,100.0,584142.0
580,2020-10-15,100.0,100.0,97.0,100.0,365600.0
581,2020-10-16,103.0,106.0,99.0,100.0,1125419.0
582,2020-10-19,102.0,139.0,102.0,119.0,23855724.0
583,2020-10-20,162.0,172.0,108.0,113.0,57693797.0
584,2020-10-21,113.0,118.0,102.0,109.0,10808774.0
585,2020-10-22,107.0,110.0,102.0,106.0,5756700.0
586,2020-10-23,105.0,105.0,99.0,100.0,3960415.0
587,2020-10-26,100.0,101.0,92.0,94.0,3490863.0
588,2020-10-27,93.0,109.0,91.0,104.0,4934820.0
589,2020-10-28,103.0,103.0,95.0,99.0,1724180.0
590,2020-10-29,99.0,106.0,99.0,102.0,2723158.0
591,2020-10-30,99.0,102.0,95.0,96.0,2386512.0
592,2020-11-02,97.0,100.0,93.0,96.0,1854765.0
593,2020-11-03,97.0,98.0,93.0,95.0,1533299.0
594,2020-11-04,95.0,97.0,90.0,92.0,2756876.0
595,2020-11-05,95.0,98.0,93.0,97.0,2862373.0
596,2020-11-06,97.0,110.0,95.0,107.0,3781383.0
597,2020-11-09,101.0,108.0,100.0,105.0,2626697.0
598,2020-11-10,103.0,103.0,98.0,102.0,1866709.0
599,2020-11-11,103.0,105.0,99.0,105.0,3041984.0
600,2020-11-12,105.0,105.0,101.0,104.0,1101458.0
601,2020-11-13,105.0,105.0,100.0,104.0,1431773.0
602,2020-11-16,104.0,115.0,103.0,110.0,3271620.0
603,2020-11-17,113.0,119.0,110.0,115.0,3621911.0
604,2020-11-18,118.0,120.0,111.0,111.0,2613362.0
605,2020-11-19,115.0,136.0,107.0,135.0,6874622.0
606,2020-11-20,139.0,141.0,121.0,123.0,8298721.0
607,2020-11-23,138.0,159.0,131.0,142.0,22087570.0
608,2020-11-24,155.0,155.0,135.0,140.0,12032743.0
609,2020-11-25,132.0,178.0,125.0,164.0,29793479.0
610,2020-11-27,179.0,184.0,155.0,158.0,17913178.0
611,2020-11-30,159.0,159.0,138.0,138.0,11179187.0
612,2020-12-01,148.0,151.0,136.0,137.0,5923745.0
613,2020-12-02,127.0,140.0,124.0,139.0,5893445.0
614,2020-12-03,137.0,144.0,130.0,131.0,3661033.0
615,2020-12-04,135.0,137.0,126.0,130.0,4038967.0
616,2020-12-07,129.0,131.0,123.0,123.0,4666763.0
617,2020-12-08,125.0,137.0,123.0,136.0,3968820.0
618,2020-12-09,139.0,142.0,128.0,129.0,6612323.0
619,2020-12-10,130.0,140.0,126.0,132.0,3891067.0
620,2020-12-11,135.0,136.0,123.0,129.0,5224037.0
621,2020-12-14,130.0,133.0,126.0,132.0,3142704.0
622,2020-12-15,132.0,141.0,130.0,140.0,3737165.0
623,2020-12-16,142.0,145.0,137.0,140.0,4516896.0
624,2020-12-17,122.0,123.0,111.0,111.0,16270556.0
625,2020-12-18,117.0,120.0,112.0,113.0,6408402.0
626,2020-12-21,112.0,113.0,102.0,104.0,7805787.0
627,2020-12-22,106.0,106.0,95.0,98.0,8388214.0
628,2020-12-23,96.0,101.0,95.0,99.0,4507664.0
629,2020-12-24,100.0,101.0,95.0,96.0,2404129.0
630,2020-12-28,96.0,96.0,90.0,93.0,4711057.0
631,2020-12-29,92.0,94.0,87.0,87.0,6859687.0
632,2020-12-30,88.0,96.0,88.0,91.0,7415870.0
633,2020-12-31,90.0,94.0,87.0,87.0,4754673.0
634,2021-01-04,89.0,90.0,86.0,89.0,3334131.0
635,2021-01-05,89.0,96.0,89.0,94.0,2954993.0
636,2021-01-06,96.0,98.0,92.0,93.0,2960842.0
637,2021-01-07,97.0,98.0,93.0,96.0,2956291.0
638,2021-01-08,98.0,110.0,96.0,110.0,7602831.0
639,2021-01-11,117.0,117.0,101.0,106.0,7529110.0
640,2021-01-12,109.0,119.0,109.0,113.0,5493815.0
641,2021-01-13,113.0,115.0,105.0,109.0,3958098.0
642,2021-01-14,110.0,112.0,105.0,110.0,2882454.0
643,2021-01-15,106.0,109.0,104.0,105.0,3137055.0
644,2021-01-19,106.0,108.0,104.0,108.0,4477306.0
645,2021-01-20,109.0,110.0,105.0,109.0,3676774.0
646,2021-01-21,115.0,136.0,113.0,131.0,33716938.0
647,2021-01-22,121.0,136.0,121.0,127.0,15589568.0
648,2021-01-25,132.0,133.0,122.0,124.0,6105557.0
649,2021-01-26,127.0,128.0,122.0,126.0,4271707.0
650,2021-01-27,120.0,124.0,113.0,117.0,5397800.0
651,2021-01-28,113.0,116.0,111.0,112.0,5315252.0
652,2021-01-29,110.0,113.0,108.0,110.0,4121511.0
653,2021-02-01,112.0,130.0,106.0,123.0,8171584.0
654,2021-02-02,120.0,121.0,112.0,115.0,5567778.0
655,2021-02-03,119.0,125.0,114.0,120.0,5291346.0
656,2021-02-04,127.0,146.0,123.0,139.0,18491441.0
657,2021-02-05,152.0,158.0,137.0,145.0,13399276.0
658,2021-02-08,147.0,153.0,136.0,141.0,7273525.0
659,2021-02-09,146.0,155.0,141.0,150.0,6702595.0
660,2021-02-10,156.0,175.0,151.0,160.0,13414942.0
661,2021-02-11,156.0,160.0,143.0,151.0,6054308.0
662,2021-02-12,145.0,157.0,140.0,154.0,5456864.0
663,2021-02-16,159.0,162.0,153.0,158.0,8694865.0
664,2021-02-17,159.0,159.0,149.0,151.0,6259116.0
665,2021-02-18,143.0,149.0,135.0,143.0,5630069.0
666,2021-02-19,141.0,150.0,140.0,142.0,2969618.0
667,2021-02-22,145.0,145.0,134.0,138.0,3697342.0
668,2021-02-23,128.0,130.0,116.0,124.0,5972141.0
669,2021-02-24,127.0,133.0,124.0,127.0,2598751.0
670,2021-02-25,128.0,130.0,114.0,119.0,4216018.0
671,2021-02-26,112.0,120.0,111.0,116.0,3743386.0
672,2021-03-01,120.0,125.0,117.0,125.0,2593270.0
673,2021-03-02,125.0,126.0,118.0,121.0,1960901.0
674,2021-03-03,121.0,121.0,111.0,112.0,2410632.0
675,2021-03-04,110.0,113.0,100.0,104.0,5635939.0
676,2021-03-05,106.0,111.0,95.0,107.0,3734506.0
677,2021-03-08,104.0,115.0,103.0,114.0,3196464.0
678,2021-03-09,115.0,121.0,108.0,112.0,3865527.0
679,2021-03-10,115.0,117.0,109.0,114.0,2691698.0
680,2021-03-11,118.0,121.0,113.0,120.0,3263536.0
681,2021-03-12,115.0,120.0,115.0,117.0,1790539.0
682,2021-03-15,120.0,123.0,117.0,120.0,2345141.0
683,2021-03-16,121.0,123.0,114.0,118.0,2283731.0
684,2021-03-17,114.0,119.0,113.0,118.0,1240319.0
685,2021-03-18,116.0,125.0,115.0,119.0,2647035.0
686,2021-03-19,118.0,120.0,108.0,114.0,2247488.0
687,2021-03-22,115.0,116.0,110.0,110.0,1916063.0
688,2021-03-23,110.0,110.0,104.0,107.0,2819759.0
689,2021-03-24,105.0,108.0,101.0,102.0,3301420.0
690,2021-03-25,101.0,107.0,100.0,103.0,2350368.0
691,2021-03-26,105.0,106.0,100.0,103.0,3302769.0
692,2021-03-29,103.0,104.0,100.0,102.0,1670213.0
693,2021-03-30,101.0,105.0,96.0,104.0,3933374.0
694,2021-03-31,105.0,117.0,104.0,117.0,6589603.0
695,2021-04-01,131.0,202.0,122.0,197.0,347817216.0
696,2021-04-05,173.0,192.0,146.0,150.0,52507540.0
697,2021-04-06,149.0,172.0,148.0,157.0,21898152.0
698,2021-04-07,154.0,166.0,139.0,143.0,11879003.0
699,2021-04-08,141.0,147.0,135.0,136.0,6475164.0
700,2021-04-09,137.0,145.0,132.0,140.0,6722967.0
701,2021-04-12,137.0,140.0,125.0,126.0,5151711.0
702,2021-04-13,126.0,135.0,125.0,126.0,3645551.0
703,2021-04-14,125.0,132.0,121.0,124.0,4522129.0
704,2021-04-15,124.0,126.0,119.0,123.0,4041618.0
705,2021-04-16,122.0,136.0,119.0,131.0,8711826.0
706,2021-04-19,134.0,134.0,120.0,122.0,5938381.0
707,2021-04-20,123.0,125.0,119.0,122.0,4460007.0
708,2021-04-21,133.0,146.0,124.0,128.0,25691741.0
709,2021-04-22,145.0,146.0,130.0,136.0,38131078.0
710,2021-04-23,133.0,246.0,132.0,215.0,75353519.0
711,2021-04-26,201.0,227.0,183.0,216.0,43796059.0
712,2021-04-27,212.0,215.0,193.0,203.0,13087042.0
713,2021-04-28,188.0,326.0,188.0,295.0,130290557.0
714,2021-04-29,302.0,339.0,266.0,283.0,66402306.0
715,2021-04-30,280.0,317.0,270.0,301.0,32096346.0
716,2021-05-03,305.0,360.0,287.0,293.0,45129525.0
717,2021-05-04,288.0,292.0,240.0,269.0,19175352.0
718,2021-05-05,263.0,294.0,257.0,264.0,13956413.0
719,2021-05-06,266.0,294.0,261.0,280.0,17264253.0
720,2021-05-07,282.0,296.0,270.0,283.0,10648388.0
721,2021-05-10,283.0,289.0,259.0,259.0,7545803.0
722,2021-05-11,242.0,298.0,232.0,256.0,12271715.0
723,2021-05-12,257.0,268.0,253.0,259.0,6251297.0
724,2021-05-13,261.0,283.0,250.0,257.0,8246749.0
725,2021-05-14,260.0,278.0,257.0,273.0,6635150.0
726,2021-05-17,275.0,284.0,264.0,282.0,6606848.0
727,2021-05-18,284.0,327.0,276.0,318.0,12095552.0
728,2021-05-19,301.0,339.0,295.0,333.0,11894065.0
729,2021-05-20,340.0,350.0,318.0,342.0,6617808.0
730,2021-05-21,349.0,368.0,334.0,349.0,9764925.0
731,2021-05-24,346.0,347.0,314.0,325.0,8198468.0
732,2021-05-25,330.0,337.0,321.0,324.0,4455961.0
733,2021-05-26,324.0,335.0,311.0,328.0,4308746.0
734,2021-05-27,328.0,383.0,328.0,380.0,11903796.0
735,2021-05-28,379.0,415.0,365.0,370.0,10691716.0
736,2021-06-01,392.0,487.0,383.0,454.0,14617305.0
737,2021-06-02,472.0,478.0,422.0,437.0,7436304.0
738,2021-06-03,425.0,437.0,402.0,416.0,5807858.0
739,2021-06-04,417.0,445.0,416.0,434.0,3718331.0
740,2021-06-07,441.0,506.0,441.0,480.0,9433392.0
741,2021-06-08,502.0,533.0,436.0,456.0,12859545.0
742,2021-06-09,463.0,489.0,443.0,455.0,4432675.0
743,2021-06-10,459.0,497.0,452.0,488.0,6361157.0
744,2021-06-11,494.0,516.0,474.0,509.0,5230198.0
745,2021-06-14,516.0,547.0,511.0,518.0,6066475.0
746,2021-06-15,582.0,582.0,405.0,451.0,37439386.0
747,2021-06-16,430.0,441.0,372.0,394.0,19038889.0
748,2021-06-17,379.0,445.0,378.0,401.0,12697025.0
749,2021-06-18,401.0,411.0,376.0,383.0,5495874.0
750,2021-06-21,383.0,389.0,365.0,379.0,4393178.0
751,2021-06-22,374.0,375.0,340.0,348.0,5590214.0
752,2021-06-23,361.0,388.0,347.0,374.0,5116473.0
753,2021-06-24,396.0,427.0,380.0,411.0,10838259.0
754,2021-06-25,405.0,432.0,400.0,415.0,4914479.0
755,2021-06-28,422.0,423.0,410.0,419.0,2739182.0
756,2021-06-29,416.0,419.0,375.0,383.0,6147990.0
757,2021-06-30,386.0,393.0,373.0,385.0,4095708.0
758,2021-07-01,385.0,394.0,364.0,380.0,4134945.0
759,2021-07-02,375.0,377.0,351.0,367.0,3547579.0
760,2021-07-06,361.0,375.0,338.0,352.0,4923000.0
761,2021-07-07,358.0,367.0,320.0,331.0,4141508.0
762,2021-07-08,311.0,359.0,307.0,347.0,4579160.0
763,2021-07-09,351.0,354.0,338.0,346.0,1810155.0
764,2021-07-12,348.0,350.0,332.0,336.0,2088474.0
765,2021-07-13,352.0,388.0,346.0,366.0,6545017.0
766,2021-07-14,376.0,382.0,348.0,351.0,3737141.0
767,2021-07-15,345.0,364.0,337.0,360.0,2840441.0
768,2021-07-16,357.0,360.0,329.0,332.0,2458479.0
769,2021-07-19,315.0,344.0,313.0,331.0,2404368.0
770,2021-07-20,334.0,344.0,315.0,340.0,2033357.0
771,2021-07-21,353.0,356.0,341.0,353.0,2494352.0
772,2021-07-22,356.0,356.0,338.0,344.0,2454807.0
773,2021-07-23,340.0,340.0,309.0,317.0,3485732.0
774,2021-07-26,310.0,337.0,305.0,328.0,3429028.0
775,2021-07-27,322.0,329.0,288.0,306.0,5595400.0
776,2021-07-28,311.0,329.0,311.0,325.0,2024179.0
777,2021-07-29,329.0,387.0,324.0,377.0,10914547.0
778,2021-07-30,357.0,374.0,330.0,368.0,6081456.0
779,2021-08-02,368.0,410.0,359.0,395.0,6175581.0
780,2021-08-03,396.0,396.0,366.0,371.0,3071602.0
781,2021-08-04,369.0,380.0,350.0,352.0,2063582.0
782,2021-08-05,352.0,364.0,343.0,354.0,1437073.0
783,2021-08-06,364.0,364.0,343.0,346.0,1468906.0
784,2021-08-09,348.0,359.0,343.0,348.0,1406393.0
785,2021-08-10,353.0,379.0,353.0,356.0,2936964.0
786,2021-08-11,359.0,362.0,343.0,355.0,1585162.0
787,2021-08-12,354.0,354.0,338.0,343.0,1382087.0
788,2021-08-13,340.0,342.0,316.0,321.0,2396511.0
789,2021-08-16,316.0,320.0,302.0,303.0,2345388.0
790,2021-08-17,290.0,313.0,285.0,295.0,2998426.0
791,2021-08-18,303.0,333.0,303.0,320.0,3615464.0
792,2021-08-19,315.0,329.0,303.0,307.0,1943155.0
793,2021-08-20,308.0,315.0,303.0,309.0,1025601.0
794,2021-08-23,328.0,335.0,318.0,328.0,2372714.0
795,2021-08-24,333.0,353.0,329.0,349.0,2963727.0
796,2021-08-25,344.0,350.0,338.0,341.0,1666752.0
797,2021-08-26,338.0,359.0,333.0,343.0,1757296.0
798,2021-08-27,342.0,362.0,342.0,360.0,1696838.0
799,2021-08-30,358.0,360.0,331.0,335.0,1641018.0
800,2021-08-31,344.0,368.0,341.0,357.0,3029819.0
801,2021-09-01,347.0,363.0,343.0,345.0,1454156.0
802,2021-09-02,348.0,362.0,344.0,344.0,2117317.0
803,2021-09-03,344.0,347.0,328.0,332.0,1394725.0
804,2021-09-07,340.0,345.0,330.0,335.0,1300855.0
805,2021-09-08,336.0,339.0,323.0,332.0,1389140.0
806,2021-09-09,330.0,348.0,324.0,339.0,1419438.0
807,2021-09-10,344.0,348.0,328.0,329.0,874621.0
808,2021-09-13,326.0,330.0,314.0,320.0,1168409.0
809,2021-09-14,318.0,320.0,297.0,300.0,1767013.0
810,2021-09-15,310.0,310.0,296.0,301.0,1460969.0
811,2021-09-16,301.0,302.0,289.0,291.0,1748990.0
812,2021-09-17,297.0,302.0,291.0,299.0,1438086.0
813,2021-09-20,286.0,290.0,261.0,269.0,3918134.0
814,2021-09-21,273.0,293.0,267.0,287.0,2406094.0
815,2021-09-22,289.0,298.0,283.0,288.0,1816288.0
816,2021-09-23,288.0,305.0,285.0,296.0,5611066.0
817,2021-09-24,309.0,318.0,280.0,289.0,4021052.0
818,2021-09-27,287.0,288.0,277.0,285.0,2779810.0
819,2021-09-28,278.0,284.0,260.0,265.0,2779760.0
820,2021-09-29,265.0,274.0,262.0,267.0,1360386.0
821,2021-09-30,270.0,278.0,262.0,276.0,1404440.0
822,2021-10-01,279.0,284.0,271.0,277.0,966839.0
823,2021-10-04,275.0,275.0,260.0,263.0,997788.0
824,2021-10-05,264.0,269.0,259.0,265.0,1098919.0
825,2021-10-06,260.0,263.0,252.0,257.0,1002588.0
826,2021-10-07,262.0,273.0,262.0,269.0,929526.0
827,2021-10-08,274.0,278.0,271.0,274.0,812337.0
828,2021-10-11,275.0,278.0,262.0,266.0,1270372.0
829,2021-10-12,266.0,272.0,259.0,263.0,1274594.0
830,2021-10-13,265.0,266.0,255.0,263.0,1180962.0
831,2021-10-14,265.0,265.0,250.0,256.0,1685605.0
832,2021-10-15,256.0,259.0,249.0,251.0,1207733.0
833,2021-10-18,251.0,253.0,237.0,246.0,1714029.0
834,2021-10-19,247.0,259.0,243.0,257.0,1565292.0
835,2021-10-20,262.0,268.0,256.0,262.0,1125642.0
836,2021-10-21,259.0,266.0,249.0,250.0,1116531.0
837,2021-10-22,250.0,251.0,240.0,241.0,1542508.0
838,2021-10-25,241.0,246.0,238.0,243.0,903376.0
839,2021-10-26,244.0,244.0,235.0,235.0,1247696.0
840,2021-10-27,234.0,243.0,227.0,230.0,1646182.0
841,2021-10-28,226.0,256.0,225.0,233.0,2559207.0
842,2021-10-29,236.0,251.0,223.0,240.0,2557835.0
843,2021-11-01,243.0,246.0,239.0,244.0,778308.0
844,2021-11-02,244.0,244.0,228.0,231.0,1804061.0
845,2021-11-03,231.0,235.0,225.0,228.0,859739.0
846,2021-11-04,233.0,233.0,218.0,223.0,1271363.0
847,2021-11-05,225.0,225.0,214.0,221.0,1364973.0
848,2021-11-08,223.0,230.0,221.0,225.0,1018555.0
849,2021-11-09,226.0,229.0,217.0,226.0,883525.0
850,2021-11-10,223.0,229.0,221.0,222.0,974649.0
851,2021-11-11,224.0,230.0,221.0,227.0,745734.0
852,2021-11-12,229.0,257.0,226.0,254.0,4315073.0
853,2021-11-15,255.0,267.0,245.0,256.0,2046240.0
854,2021-11-16,258.0,262.0,246.0,255.0,1121077.0
855,2021-11-17,254.0,262.0,250.0,252.0,1017097.0
856,2021-11-18,251.0,251.0,235.0,237.0,1105777.0
857,2021-11-19,235.0,241.0,230.0,230.0,612066.0
858,2021-11-22,228.0,244.0,221.0,224.0,1122749.0
859,2021-11-23,226.0,229.0,214.0,226.0,1303180.0
860,2021-11-24,221.0,237.0,221.0,234.0,934338.0
861,2021-11-26,223.0,233.0,219.0,224.0,1385293.0
862,2021-11-29,227.0,227.0,218.0,225.0,1173030.0
863,2021-11-30,227.0,232.0,213.0,221.0,7433960.0
864,2021-12-01,224.0,224.0,189.0,195.0,1796722.0
865,2021-12-02,185.0,196.0,171.0,178.0,2623026.0
866,2021-12-03,178.0,179.0,154.0,159.0,3307378.0
867,2021-12-06,156.0,170.0,154.0,168.0,1605520.0
868,2021-12-07,170.0,184.0,170.0,178.0,985970.0
869,2021-12-08,178.0,188.0,172.0,183.0,701677.0
870,2021-12-09,185.0,187.0,179.0,183.0,942054.0
871,2021-12-10,185.0,190.0,177.0,179.0,538481.0
872,2021-12-13,176.0,177.0,166.0,171.0,1097442.0
873,2021-12-14,174.0,177.0,168.0,168.0,777928.0
874,2021-12-15,179.0,179.0,157.0,168.0,3408258.0
875,2021-12-16,170.0,170.0,155.0,157.0,1250959.0
876,2021-12-17,156.0,157.0,147.0,155.0,1083438.0
877,2021-12-20,143.0,145.0,138.0,138.0,1179672.0
878,2021-12-21,141.0,150.0,141.0,146.0,927585.0
879,2021-12-22,144.0,153.0,141.0,149.0,875228.0
880,2021-12-23,149.0,150.0,142.0,147.0,443999.0
881,2021-12-27,145.0,150.0,141.0,143.0,1328219.0
882,2021-12-28,140.0,144.0,138.0,139.0,683285.0
883,2021-12-29,136.0,139.0,132.0,133.0,809475.0
884,2021-12-30,135.0,147.0,133.0,141.0,1148374.0
885,2021-12-31,142.0,164.0,142.0,158.0,2539529.0
886,2022-01-03,154.0,159.0,150.0,157.0,966220.0
887,2022-01-04,156.0,156.0,141.0,145.0,816732.0
888,2022-01-05,144.0,146.0,136.0,137.0,562222.0
889,2022-01-06,139.0,140.0,128.0,136.0,747272.0
890,2022-01-07,135.0,141.0,127.0,128.0,879174.0
891,2022-01-10,128.0,128.0,120.0,125.0,1209192.0
892,2022-01-11,125.0,135.0,125.0,128.0,1125554.0
893,2022-01-12,132.0,134.0,126.0,128.0,776058.0
894,2022-01-13,130.0,132.0,123.0,124.0,912166.0
895,2022-01-14,128.0,128.0,120.0,124.0,727303.0
896,2022-01-18,122.0,135.0,121.0,133.0,977527.0
897,2022-01-19,133.0,134.0,127.0,130.0,417864.0
898,2022-01-20,132.0,137.0,123.0,123.0,839460.0
899,2022-01-21,125.0,126.0,113.0,115.0,1104598.0
900,2022-01-24,110.0,111.0,100.0,107.0,4613178.0
901,2022-01-25,106.0,112.0,106.0,109.0,593755.0
902,2022-01-26,112.0,112.0,97.0,99.0,1726704.0
903,2022-01-27,101.0,106.0,99.0,100.0,1011628.0
904,2022-01-28,100.0,101.0,90.0,100.0,838477.0
905,2022-01-31,104.0,120.0,102.0,120.0,1054779.0
906,2022-02-01,120.0,127.0,117.0,126.0,773392.0
907,2022-02-02,128.0,129.0,114.0,116.0,675484.0
908,2022-02-03,116.0,119.0,112.0,118.0,428186.0
909,2022-02-04,119.0,125.0,116.0,125.0,508800.0
910,2022-02-07,124.0,126.0,115.0,116.0,540586.0
911,2022-02-08,114.0,125.0,114.0,124.0,498257.0
912,2022-02-09,126.0,129.0,120.0,124.0,1139054.0
913,2022-02-10,120.0,127.0,118.0,118.0,818553.0
914,2022-02-11,118.0,121.0,107.0,114.0,678488.0
915,2022-02-14,107.0,114.0,106.0,110.0,525522.0
916,2022-02-15,111.0,114.0,110.0,113.0,488893.0
917,2022-02-16,112.0,117.0,111.0,115.0,403291.0
918,2022-02-17,111.0,117.0,109.0,111.0,635514.0
919,2022-02-18,109.0,110.0,101.0,103.0,1144242.0
920,2022-02-22,100.0,110.0,99.0,100.0,994187.0
921,2022-02-23,101.0,103.0,96.0,98.0,574416.0
922,2022-02-24,92.0,109.0,82.0,108.0,1986084.0
923,2022-02-25,106.0,108.0,102.0,106.0,318818.0
924,2022-02-28,101.0,106.0,100.0,103.0,469311.0
925,2022-03-01,103.0,104.0,97.0,98.0,733569.0
926,2022-03-02,97.0,100.0,97.0,98.0,350023.0
927,2022-03-03,96.0,100.0,94.0,95.0,540862.0
928,2022-03-04,94.0,97.0,88.0,95.0,833757.0
929,2022-03-07,90.0,93.0,86.0,90.0,689120.0
930,2022-03-08,90.0,93.0,86.0,89.0,834684.0
931,2022-03-09,91.0,93.0,88.0,91.0,687490.0
932,2022-03-10,91.0,91.0,82.0,82.0,931233.0
933,2022-03-11,85.0,85.0,70.0,71.0,1982267.0
934,2022-03-14,71.0,71.0,66.0,68.0,1417268.0
935,2022-03-15,65.0,75.0,61.0,75.0,1039692.0
936,2022-03-16,83.0,96.0,81.0,94.0,2249021.0
937,2022-03-17,98.0,102.0,94.0,99.0,713831.0
938,2022-03-18,96.0,121.0,96.0,121.0,2637783.0
939,2022-03-21,121.0,125.0,100.0,110.0,1813197.0
940,2022-03-22,112.0,166.0,111.0,146.0,6614403.0
941,2022-03-23,149.0,170.0,131.0,158.0,4677088.0
942,2022-03-24,160.0,175.0,149.0,157.0,1854687.0
943,2022-03-25,156.0,161.0,138.0,145.0,1947234.0
944,2022-03-28,147.0,149.0,133.0,149.0,1364371.0
945,2022-03-29,146.0,150.0,118.0,121.0,3488520.0
946,2022-03-30,122.0,122.0,107.0,108.0,3251364.0
947,2022-03-31,107.0,107.0,98.0,102.0,1468848.0
948,2022-04-01,111.0,112.0,99.0,99.0,2713394.0
949,2022-04-04,102.0,103.0,96.0,101.0,1939211.0
950,2022-04-05,99.0,102.0,92.0,93.0,1660834.0
951,2022-04-06,91.0,93.0,88.0,90.0,1163971.0
952,2022-04-07,93.0,94.0,88.0,90.0,605542.0
953,2022-04-08,93.0,96.0,90.0,92.0,697164.0
954,2022-04-11,90.0,93.0,88.0,91.0,297859.0
955,2022-04-12,89.0,96.0,89.0,91.0,689136.0
956,2022-04-13,94.0,95.0,90.0,91.0,626337.0
957,2022-04-14,91.0,94.0,87.0,87.0,581639.0
958,2022-04-18,86.0,90.0,80.0,80.0,613096.0
959,2022-04-19,82.0,83.0,78.0,80.0,751835.0
960,2022-04-20,80.0,92.0,78.0,82.0,1170021.0
961,2022-04-21,82.0,86.0,77.0,77.0,924203.0
962,2022-04-22,78.0,88.0,77.0,78.0,1052651.0
963,2022-04-25,76.0,82.0,76.0,80.0,595166.0
964,2022-04-26,78.0,84.0,71.0,77.0,1058041.0
965,2022-04-27,80.0,81.0,74.0,78.0,448575.0
966,2022-04-28,76.0,79.0,70.0,75.0,609601.0
967,2022-04-29,78.0,82.0,77.0,79.0,1345909.0
968,2022-05-02,78.0,80.0,74.0,75.0,459528.0
969,2022-05-03,74.0,75.0,72.0,73.0,681581.0
970,2022-05-04,73.0,74.0,70.0,73.0,690588.0
971,2022-05-05,74.0,74.0,64.0,69.0,1152739.0
972,2022-05-06,68.0,69.0,64.0,66.0,667194.0
973,2022-05-09,65.0,65.0,59.0,59.0,1423583.0
974,2022-05-10,62.0,62.0,49.0,51.0,2968301.0
975,2022-05-11,53.0,55.0,48.0,49.0,2035806.0
976,2022-05-12,48.0,52.0,43.0,44.0,3199770.0
977,2022-05-13,47.0,47.0,41.0,42.0,4713106.0
978,2022-05-16,51.0,55.0,44.0,45.0,11604520.0
979,2022-05-17,48.0,49.0,42.0,45.0,4318120.0
980,2022-05-18,45.0,46.0,41.0,42.0,3362267.0
981,2022-05-19,42.0,43.0,39.0,42.0,3835005.0
982,2022-05-20,42.0,42.0,39.0,40.0,4335225.0
983,2022-05-23,40.0,40.0,39.0,40.0,1540797.0
984,2022-05-24,40.0,40.0,36.0,39.0,1046632.0
985,2022-05-25,40.0,41.0,38.0,39.0,1897788.0
986,2022-05-26,39.0,42.0,39.0,42.0,2834121.0
987,2022-05-27,42.0,46.0,41.0,44.0,3214685.0
988,2022-05-31,45.0,47.0,42.0,42.0,11742568.0
989,2022-06-01,43.0,46.0,43.0,44.0,1088712.0
990,2022-06-02,44.0,47.0,43.0,46.0,1066623.0
991,2022-06-03,46.0,46.0,43.0,43.0,519640.0
992,2022-06-06,44.0,46.0,42.0,42.0,1816352.0
993,2022-06-07,42.0,44.0,41.0,43.0,605666.0
994,2022-06-08,44.0,47.0,43.0,45.0,2008894.0
995,2022-06-09,45.0,47.0,42.0,44.0,1177112.0
996,2022-06-10,44.0,45.0,42.0,42.0,770987.0
997,2022-06-13,40.0,41.0,38.0,40.0,885704.0
998,2022-06-14,41.0,43.0,39.0,41.0,940584.0
999,2022-06-15,41.0,43.0,41.0,43.0,1068021.0
1000,2022-06-16,41.0,50.0,41.0,42.0,2170841.0
1001,2022-06-17,44.0,45.0,41.0,41.0,1150310.0
1002,2022-06-21,44.0,45.0,41.0,44.0,2148614.0
1003,2022-06-22,50.0,52.0,46.0,51.0,4968403.0
1004,2022-06-23,54.0,56.0,51.0,52.0,3488608.0
1005,2022-06-24,54.0,56.0,51.0,51.0,3307196.0
1006,2022-06-27,52.0,54.0,51.0,52.0,1382609.0
1007,2022-06-28,52.0,55.0,49.0,49.0,2730232.0
1008,2022-06-29,50.0,50.0,43.0,44.0,3536426.0
1009,2022-06-30,42.0,45.0,41.0,42.0,3534982.0
1010,2022-07-01,42.0,47.0,42.0,45.0,1990840.0
1011,2022-07-05,45.0,57.0,45.0,56.0,8734711.0
1012,2022-07-06,60.0,72.0,59.0,66.0,13678004.0
1013,2022-07-07,69.0,82.0,62.0,80.0,8123295.0
1014,2022-07-08,82.0,105.0,81.0,98.0,15613849.0
1015,2022-07-11,105.0,107.0,77.0,80.0,13588969.0
1016,2022-07-12,77.0,89.0,75.0,80.0,5822892.0
1017,2022-07-13,76.0,86.0,75.0,80.0,4071457.0
1018,2022-07-14,80.0,82.0,75.0,77.0,1504479.0
1019,2022-07-15,75.0,82.0,75.0,80.0,1546218.0
1020,2022-07-18,82.0,86.0,74.0,75.0,3125530.0
1021,2022-07-19,77.0,86.0,77.0,79.0,3483765.0
1022,2022-07-20,79.0,82.0,74.0,75.0,2436575.0
1023,2022-07-21,75.0,79.0,73.0,76.0,1149790.0
1024,2022-07-22,73.0,78.0,69.0,70.0,1740459.0
1025,2022-07-25,69.0,78.0,69.0,78.0,1764943.0
1026,2022-07-26,78.0,82.0,72.0,73.0,1041079.0
1027,2022-07-27,77.0,77.0,69.0,73.0,1428357.0
1028,2022-07-28,70.0,75.0,67.0,71.0,1475531.0
1029,2022-07-29,70.0,73.0,68.0,71.0,827823.0
1030,2022-08-01,69.0,70.0,48.0,59.0,5103710.0
1031,2022-08-02,58.0,63.0,51.0,63.0,2375753.0
1032,2022-08-03,62.0,63.0,59.0,62.0,1182081.0
1033,2022-08-04,63.0,65.0,60.0,65.0,802303.0
1034,2022-08-05,62.0,65.0,62.0,64.0,556446.0
1035,2022-08-08,65.0,66.0,60.0,62.0,971218.0
1036,2022-08-09,64.0,64.0,57.0,58.0,789356.0
1037,2022-08-10,60.0,61.0,57.0,61.0,611475.0
1038,2022-08-11,62.0,64.0,61.0,62.0,675834.0
1039,2022-08-12,61.0,64.0,60.0,63.0,361466.0
1040,2022-08-15,64.0,64.0,61.0,62.0,456641.0
1041,2022-08-16,60.0,64.0,59.0,60.0,626683.0
1042,2022-08-17,59.0,65.0,59.0,63.0,639104.0
1043,2022-08-18,64.0,64.0,59.0,62.0,379629.0
1044,2022-08-19,61.0,64.0,59.0,63.0,523826.0
1045,2022-08-22,63.0,63.0,57.0,62.0,371393.0
1046,2022-08-23,59.0,63.0,59.0,60.0,428269.0
1047,2022-08-24,59.0,62.0,58.0,61.0,1138429.0
1048,2022-08-25,63.0,76.0,61.0,71.0,3811213.0
1049,2022-08-26,76.0,82.0,65.0,68.0,2692368.0
1050,2022-08-29,68.0,80.0,68.0,75.0,1622108.0
1051,2022-08-30,73.0,76.0,70.0,73.0,1130421.0
1052,2022-08-31,72.0,76.0,72.0,75.0,651257.0
1053,2022-09-01,75.0,75.0,66.0,70.0,1070331.0
1054,2022-09-02,70.0,72.0,69.0,70.0,250427.0
1055,2022-09-06,68.0,69.0,63.0,68.0,667580.0
1056,2022-09-07,68.0,72.0,66.0,71.0,951043.0
1057,2022-09-08,70.0,71.0,68.0,69.0,271361.0
1058,2022-09-09,68.0,72.0,68.0,70.0,475507.0
1059,2022-09-12,71.0,72.0,70.0,72.0,392344.0
1060,2022-09-13,70.0,72.0,69.0,72.0,308528.0
1061,2022-09-14,70.0,72.0,67.0,69.0,728042.0
1062,2022-09-15,70.0,70.0,68.0,68.0,276000.0
1063,2022-09-16,69.0,71.0,66.0,69.0,662110.0
1064,2022-09-19,67.0,74.0,65.0,74.0,1303584.0
1065,2022-09-20,74.0,74.0,68.0,69.0,685919.0
1066,2022-09-21,69.0,70.0,66.0,67.0,547998.0
1067,2022-09-22,67.0,70.0,61.0,62.0,735261.0
1068,2022-09-23,61.0,63.0,56.0,58.0,689192.0
1069,2022-09-26,58.0,61.0,55.0,57.0,620749.0
1070,2022-09-27,56.0,61.0,56.0,57.0,205943.0
1071,2022-09-28,57.0,58.0,56.0,56.0,540943.0
1072,2022-09-29,56.0,61.0,55.0,60.0,814841.0
1073,2022-09-30,60.0,65.0,60.0,60.0,906682.0
1074,2022-10-03,60.0,62.0,58.0,60.0,475754.0
1075,2022-10-04,60.0,68.0,60.0,66.0,541081.0
1076,2022-10-05,64.0,69.0,62.0,69.0,492565.0
1077,2022-10-06,67.0,71.0,66.0,69.0,632824.0
1078,2022-10-07,68.0,69.0,63.0,66.0,782973.0
1079,2022-10-10,63.0,68.0,60.0,62.0,644415.0
1080,2022-10-11,60.0,63.0,59.0,61.0,301625.0
1081,2022-10-12,59.0,59.0,40.0,45.0,4086566.0
1082,2022-10-13,40.0,46.0,40.0,41.0,1290692.0
1083,2022-10-14,41.0,45.0,41.0,44.0,547968.0
1084,2022-10-17,44.0,47.0,43.0,47.0,1056495.0
1085,2022-10-18,46.0,47.0,44.0,46.0,295248.0
1086,2022-10-19,44.0,46.0,42.0,44.0,714869.0
1087,2022-10-20,44.0,45.0,42.0,43.0,265684.0
1088,2022-10-21,42.0,43.0,41.0,41.0,539311.0
1089,2022-10-24,41.0,42.0,34.0,42.0,1675153.0
1090,2022-10-25,40.0,45.0,40.0,44.0,783647.0
1091,2022-10-26,43.0,48.0,43.0,48.0,1148832.0
1092,2022-10-27,46.0,48.0,43.0,45.0,443172.0
1093,2022-10-28,40.5,44.4,33.9,40.7,532466.0
1094,2022-10-31,37.2,43.4,37.2,41.2,138458.0
1095,2022-11-01,42.7,42.7,36.0,36.0,211410.0
1096,2022-11-02,33.6,36.5,33.6,34.2,281315.0
1097,2022-11-03,34.3,34.6,30.7,30.8,157034.0
1098,2022-11-04,32.5,32.7,31.2,31.2,97551.0
1099,2022-11-07,30.6,32.6,30.4,30.4,169312.0
1100,2022-11-08,30.5,30.9,28.8,28.9,152369.0
1101,2022-11-09,28.2,29.7,25.9,26.5,169613.0
1102,2022-11-10,27.2,29.2,27.0,27.4,127522.0
1103,2022-11-11,28.3,29.3,27.9,27.9,144603.0
1104,2022-11-14,28.5,28.7,27.0,27.2,152429.0
1105,2022-11-15,28.9,33.5,28.9,33.3,461189.0
1106,2022-11-16,32.0,32.0,29.2,29.8,155745.0
1107,2022-11-17,29.6,30.9,29.5,30.0,57780.0
1108,2022-11-18,31.1,32.5,28.2,28.5,118305.0
1109,2022-11-21,27.7,28.2,24.2,26.7,172387.0
1110,2022-11-22,26.3,26.7,25.8,26.1,52847.0
1111,2022-11-23,26.0,26.2,24.0,24.2,74509.0
1112,2022-11-25,24.3,25.5,23.1,24.5,24214.0
1113,2022-11-28,24.2,24.6,22.1,22.1,143624.0
1114,2022-11-29,22.7,24.3,22.1,22.2,81926.0
1115,2022-11-30,22.7,27.9,22.7,27.3,382723.0
1116,2022-12-01,27.0,27.8,25.0,25.3,90008.0
1117,2022-12-02,26.5,33.0,25.4,32.9,500863.0
1118,2022-12-05,35.6,37.9,31.0,32.2,612293.0
1119,2022-12-06,32.1,33.1,30.3,31.7,126946.0
1120,2022-12-07,30.4,31.1,28.5,29.9,166988.0
1121,2022-12-08,30.3,34.7,29.8,33.9,706196.0
1122,2022-12-09,34.3,34.5,31.1,32.0,189276.0
1123,2022-12-12,31.6,32.0,28.8,29.4,148125.0
1124,2022-12-13,30.5,31.4,26.7,29.3,547081.0
1125,2022-12-14,30.1,30.5,27.7,28.5,103317.0
1126,2022-12-15,28.3,28.4,26.2,26.7,119775.0
1127,2022-12-16,26.8,27.2,25.5,26.7,116120.0
1128,2022-12-19,26.8,27.0,23.6,26.0,315219.0
1129,2022-12-20,26.4,29.9,26.2,26.6,199519.0
1130,2022-12-21,26.7,28.5,26.3,27.7,218680.0
1131,2022-12-22,25.6,27.9,25.6,26.6,132230.0
1132,2022-12-23,26.6,26.7,25.1,25.8,87955.0
1133,2022-12-27,25.3,27.0,25.3,26.0,92103.0
1134,2022-12-28,25.4,26.7,25.1,26.4,119336.0
1135,2022-12-29,27.3,32.0,27.0,31.6,385560.0
1136,2022-12-30,31.0,32.8,27.4,28.8,428617.0
1137,2023-01-03,29.3,31.5,29.0,30.0,105613.0
1138,2023-01-04,30.3,33.3,30.1,32.6,271051.0
1139,2023-01-05,32.1,36.7,31.4,36.3,734302.0
1140,2023-01-06,36.1,36.5,33.9,35.0,175377.0
1141,2023-01-09,35.4,36.9,34.4,34.8,267179.0
1142,2023-01-10,35.1,36.9,33.6,34.9,204215.0
1143,2023-01-11,34.9,35.7,34.4,35.4,250183.0
1144,2023-01-12,35.4,39.2,33.6,38.3,590063.0
1145,2023-01-13,38.2,38.5,35.5,37.1,344561.0
1146,2023-01-17,36.3,36.3,31.7,32.1,531752.0
1147,2023-01-18,32.6,34.7,28.9,29.8,676674.0
1148,2023-01-19,29.9,30.8,28.4,30.5,175602.0
1149,2023-01-20,31.1,32.5,30.1,31.5,511236.0
1150,2023-01-23,31.5,32.9,31.4,32.6,128162.0
1151,2023-01-24,32.5,33.9,31.7,32.1,151429.0
1152,2023-01-25,31.9,32.0,29.5,31.6,194387.0
1153,2023-01-26,32.5,32.5,30.7,31.8,170268.0
1154,2023-01-27,31.8,33.3,31.5,33.2,105920.0
1155,2023-01-30,32.0,33.9,30.8,30.9,140734.0
1156,2023-01-31,30.6,32.8,30.6,31.9,151846.0
1157,2023-02-01,32.2,34.8,32.2,34.7,195233.0
1158,2023-02-02,34.7,36.4,32.6,34.2,368719.0
1159,2023-02-03,33.5,35.7,32.3,34.7,231676.0
1160,2023-02-06,33.8,34.2,31.7,31.7,141152.0
1161,2023-02-07,32.4,33.8,30.6,31.1,99213.0
1162,2023-02-08,31.1,31.6,30.2,31.4,49859.0
1163,2023-02-09,31.6,32.6,31.3,31.4,75542.0
1164,2023-02-10,31.2,31.2,28.8,29.6,233503.0
1165,2023-02-13,29.1,29.7,28.3,29.2,49468.0
1166,2023-02-14,29.0,31.1,29.0,31.1,91004.0
1167,2023-02-15,30.5,31.0,30.0,31.0,59359.0
1168,2023-02-16,30.0,30.9,29.6,30.0,51482.0
1169,2023-02-17,29.1,30.2,29.1,29.5,64435.0
1170,2023-02-21,29.6,29.6,26.5,27.9,271664.0
1171,2023-02-22,27.5,29.1,27.5,28.7,31866.0
1172,2023-02-23,29.0,29.1,27.5,28.4,42282.0
1173,2023-02-24,27.4,28.2,27.0,27.5,149003.0
1174,2023-02-27,28.0,28.3,26.7,27.1,130510.0
1175,2023-02-28,26.2,29.0,26.1,28.2,76526.0
1176,2023-03-01,29.3,29.8,28.2,28.7,62432.0
1177,2023-03-02,28.2,28.2,27.1,27.4,70723.0
1178,2023-03-03,27.3,29.5,27.3,28.7,101393.0
1179,2023-03-06,28.5,30.3,28.3,29.1,84351.0
1180,2023-03-07,28.7,29.1,27.8,28.5,72839.0
1181,2023-03-08,28.2,29.1,27.0,27.5,76467.0
1182,2023-03-09,27.2,27.7,25.7,25.8,74652.0
1183,2023-03-10,26.0,26.0,24.5,24.9,178814.0
1184,2023-03-13,24.5,24.5,21.9,22.2,331840.0
1185,2023-03-14,22.1,23.1,22.1,22.6,51596.0
1186,2023-03-15,22.6,23.0,21.5,23.0,88528.0
1187,2023-03-16,22.7,24.0,22.5,23.4,50518.0
1188,2023-03-17,23.7,24.2,23.4,23.5,150979.0
1189,2023-03-20,23.4,25.9,23.0,25.9,159504.0
1190,2023-03-21,25.8,27.2,25.2,26.0,86786.0
1191,2023-03-22,26.4,27.3,25.4,25.8,197055.0
1192,2023-03-23,26.4,26.4,24.7,25.5,64471.0
1193,2023-03-24,25.2,25.4,24.2,25.0,38569.0
1194,2023-03-27,24.3,25.3,23.4,25.0,83736.0
1195,2023-03-28,25.0,25.4,22.8,24.2,185603.0
1196,2023-03-29,24.5,24.6,23.2,24.1,129810.0
1197,2023-03-30,24.0,24.5,22.6,22.9,218494.0
1198,2023-03-31,22.9,23.5,22.1,22.4,202955.0
1199,2023-04-03,22.3,23.0,21.7,22.8,176308.0
1200,2023-04-04,22.5,23.8,21.8,23.7,306508.0
1201,2023-04-05,24.5,24.5,20.8,22.2,533018.0
1202,2023-04-06,21.9,23.1,21.6,22.8,186429.0
1203,2023-04-10,22.9,24.9,22.8,24.4,294864.0
1204,2023-04-11,23.2,24.0,17.5,18.9,1735774.0
1205,2023-04-12,19.3,19.3,16.5,16.5,957353.0
1206,2023-04-13,16.5,16.9,15.5,15.6,532044.0
1207,2023-04-14,15.5,15.5,11.5,12.1,1990832.0
1208,2023-04-17,12.5,13.0,12.0,12.8,354974.0
1209,2023-04-18,12.7,13.0,12.4,12.7,316850.0
1210,2023-04-19,12.4,12.5,11.1,11.3,789821.0
1211,2023-04-20,11.1,11.3,9.3,9.3,2027186.0
1212,2023-04-21,9.3,9.8,9.1,9.4,400856.0
1213,2023-04-24,9.7,9.7,9.1,9.1,305755.0
1214,2023-04-25,9.1,9.3,8.3,8.4,409851.0
1215,2023-04-26,8.3,8.5,8.0,8.2,567533.0
1216,2023-04-27,8.1,8.7,8.1,8.3,235411.0
1217,2023-04-28,8.5,11.7,8.5,11.2,2420255.0
1218,2023-05-01,11.6,12.3,9.7,10.0,853025.0
1219,2023-05-02,10.0,10.7,9.0,10.2,1432684.0
1220,2023-05-03,10.1,11.8,9.9,10.9,459290.0
1221,2023-05-04,11.3,12.0,10.8,11.3,550178.0
1222,2023-05-05,11.3,11.6,10.8,11.1,446362.0
1223,2023-05-08,10.9,12.8,10.4,12.2,827017.0
1224,2023-05-09,12.5,16.6,11.6,16.2,1548357.0
1225,2023-05-10,15.6,18.8,14.8,17.1,1565495.0
1226,2023-05-11,16.8,18.5,16.7,18.0,744727.0
1227,2023-05-12,18.2,18.5,16.2,16.7,438036.0
1228,2023-05-15,16.5,17.3,15.5,15.6,183832.0
1229,2023-05-16,15.0,16.7,13.2,16.0,310861.0
1230,2023-05-17,16.0,18.8,15.7,17.5,430764.0
1231,2023-05-18,17.5,17.7,15.8,16.0,253654.0
1232,2023-05-19,15.9,16.5,15.3,16.2,186266.0
1233,2023-05-22,16.2,16.5,15.5,16.0,120406.0
1234,2023-05-23,15.7,16.2,14.8,15.0,113967.0
1235,2023-05-24,14.7,15.4,14.5,14.9,191343.0
1236,2023-05-25,14.9,15.0,13.6,13.9,387669.0
1237,2023-05-26,13.9,14.2,13.3,13.7,149953.0
1238,2023-05-30,13.4,14.5,13.4,13.7,206168.0
1239,2023-05-31,13.4,14.2,13.4,14.0,128984.0
1240,2023-06-01,14.0,14.4,13.3,13.6,240622.0
1241,2023-06-02,14.0,14.4,13.8,14.1,286133.0
1242,2023-06-05,13.8,14.2,13.5,13.7,310136.0
1243,2023-06-06,13.7,14.5,13.7,14.4,161559.0
1244,2023-06-07,14.2,14.7,13.8,14.5,224677.0
1245,2023-06-08,14.6,14.9,14.1,14.3,232250.0
1246,2023-06-09,14.4,14.5,13.8,14.1,497412.0
1247,2023-06-12,13.8,14.3,13.8,14.2,136767.0
1248,2023-06-13,14.3,14.5,14.0,14.0,106500.0
1249,2023-06-14,14.0,14.4,13.2,14.0,103344.0
1250,2023-06-15,14.0,14.3,13.7,14.2,100883.0
1251,2023-06-16,14.0,14.3,13.4,13.8,131017.0
1252,2023-06-20,13.5,14.0,13.1,14.0,155134.0
1253,2023-06-21,14.0,15.2,13.8,14.7,589900.0
1254,2023-06-22,14.7,16.9,13.9,14.5,1664037.0
1255,2023-06-23,14.4,14.7,13.7,14.2,262069.0
1256,2023-06-26,14.2,16.5,14.2,16.0,569802.0
1257,2023-06-27,16.9,17.5,16.5,17.0,737040.0
1258,2023-06-28,16.9,17.4,15.9,17.0,312539.0
1259,2023-06-29,17.0,17.9,16.6,17.0,309565.0
1260,2023-06-30,16.8,16.9,15.9,16.4,117117.0
1261,2023-07-03,16.7,17.5,16.4,17.1,366850.0
1262,2023-07-05,16.9,17.5,16.1,16.3,84716.0
1263,2023-07-06,17.2,17.2,16.0,16.8,107366.0
1264,2023-07-07,16.8,17.5,16.7,16.9,313012.0
1265,2023-07-10,17.0,17.3,16.4,17.1,96678.0
1266,2023-07-11,16.9,17.6,16.7,17.2,163340.0
1267,2023-07-12,17.3,17.6,16.7,17.2,213590.0
1268,2023-07-13,17.2,18.2,17.0,17.6,361220.0
1269,2023-07-14,17.7,18.1,15.4,16.6,336155.0
1270,2023-07-17,16.3,16.8,16.0,16.5,52170.0
1271,2023-07-18,16.1,16.8,16.0,16.3,94834.0
1272,2023-07-19,16.5,17.0,16.3,16.9,89741.0
1273,2023-07-20,16.6,17.3,16.2,17.0,91013.0
1274,2023-07-21,17.0,17.4,16.7,16.9,108127.0
1275,2023-07-24,16.9,17.8,16.8,17.4,187266.0
1276,2023-07-25,17.5,17.7,16.7,16.9,221632.0
1277,2023-07-26,16.9,17.7,16.6,17.1,138298.0
1278,2023-07-27,17.0,17.4,16.6,16.8,117375.0
1279,2023-07-28,16.9,17.2,16.7,16.7,173876.0
1280,2023-07-31,17.3,18.9,17.0,17.5,778091.0
1281,2023-08-01,17.0,18.3,17.0,17.0,490179.0
1282,2023-08-02,17.0,17.0,16.3,16.7,195320.0
1283,2023-08-03,16.6,17.3,16.2,17.0,108469.0
1284,2023-08-04,16.9,17.0,16.4,16.7,112444.0
1285,2023-08-07,16.5,16.8,15.9,16.3,138243.0
1286,2023-08-08,16.0,16.6,15.8,16.6,81675.0
1287,2023-08-09,16.6,16.7,15.8,15.9,99998.0
1288,2023-08-10,16.0,16.4,15.5,15.8,98026.0
1289,2023-08-11,15.6,15.7,14.8,15.2,148626.0
1290,2023-08-14,15.2,15.3,13.7,14.8,273290.0
1291,2023-08-15,14.8,16.2,14.8,15.6,123543.0
1292,2023-08-16,15.6,16.3,15.0,16.1,135014.0
1293,2023-08-17,17.0,17.0,15.7,16.1,102946.0
1294,2023-08-18,15.5,16.3,15.5,15.7,120879.0
1295,2023-08-21,15.6,16.1,15.2,15.5,42002.0
1296,2023-08-22,15.2,15.7,14.3,14.4,120771.0
1297,2023-08-23,14.5,15.2,14.3,14.7,107304.0
1298,2023-08-24,14.7,14.9,14.0,14.0,71493.0
1299,2023-08-25,14.5,14.7,14.1,14.3,94610.0
1300,2023-08-28,14.6,17.4,14.4,17.0,515557.0
1301,2023-08-29,17.2,17.4,16.0,16.6,88015.0
1302,2023-08-30,16.4,16.5,15.3,16.2,49595.0
1303,2023-08-31,16.0,16.5,15.8,16.4,33449.0
1304,2023-09-01,16.6,17.1,16.5,17.0,64084.0
1305,2023-09-05,16.7,17.4,16.3,16.4,88811.0
1306,2023-09-06,16.4,17.0,16.0,16.4,62253.0
1307,2023-09-07,16.4,16.9,15.7,16.1,104727.0
1308,2023-09-08,16.2,16.5,15.8,16.5,77439.0
1309,2023-09-11,16.4,17.0,15.0,15.0,98760.0
1310,2023-09-12,15.1,16.3,15.1,15.6,105116.0
1311,2023-09-13,15.7,16.7,15.4,16.1,62637.0
1312,2023-09-14,16.5,17.0,16.2,16.3,42350.0
1313,2023-09-15,16.3,17.0,15.9,16.2,109707.0
1314,2023-09-18,15.8,16.5,15.5,15.5,39033.0
1315,2023-09-19,16.0,16.6,15.6,16.2,142208.0
1316,2023-09-20,18.0,18.2,15.8,15.9,436337.0
1317,2023-09-21,16.5,16.5,15.6,16.2,115391.0
1318,2023-09-22,16.1,16.8,16.0,16.7,61339.0
1319,2023-09-25,16.4,16.7,15.8,16.3,37297.0
1320,2023-09-26,16.2,16.4,16.0,16.2,24497.0
1321,2023-09-27,16.1,16.4,15.6,15.8,48966.0
1322,2023-09-28,15.7,16.2,15.7,16.2,64806.0
1323,2023-09-29,15.8,16.9,15.6,16.3,63639.0
1324,2023-10-02,16.0,16.4,15.8,16.0,18597.0
1325,2023-10-03,15.8,16.2,15.5,16.0,27046.0
1326,2023-10-04,16.0,16.2,15.6,15.9,13047.0
1327,2023-10-05,15.5,16.1,15.5,15.7,52269.0
1328,2023-10-06,15.5,16.0,15.1,15.2,63189.0
1329,2023-10-09,15.1,15.9,15.0,15.1,48769.0
1330,2023-10-10,15.4,15.8,15.0,15.0,28377.0
1331,2023-10-11,15.1,16.0,15.1,15.8,43251.0
1332,2023-10-12,15.3,15.6,14.8,14.8,100726.0
1333,2023-10-13,14.8,15.2,14.7,15.1,36827.0
1334,2023-10-16,14.6,15.3,14.5,14.8,40760.0
1335,2023-10-17,14.7,15.3,14.7,15.0,38390.0
1336,2023-10-18,14.8,15.0,14.2,14.4,41965.0
1337,2023-10-19,14.3,14.5,13.5,13.9,75779.0
1338,2023-10-20,13.9,13.9,12.2,12.5,247965.0
1339,2023-10-23,12.2,12.6,11.3,12.2,87260.0
1340,2023-10-24,13.1,13.4,12.3,12.8,25225.0
1341,2023-10-25,12.6,13.0,12.0,12.2,14769.0
1342,2023-10-26,12.05,12.18,10.9,12.0,104457.0
1343,2023-10-27,11.8,12.7,11.8,11.8,9317.0
1344,2023-10-30,11.9,12.768,9.5,11.2,94827.0
1345,2023-10-31,11.2,12.3,11.2,12.2,22389.0
1346,2023-11-01,12.7,12.7,11.1,11.5,47557.0
1347,2023-11-02,11.5,12.7,11.5,12.2,66575.0
1348,2023-11-03,12.4,13.0,12.005,13.0,54431.0
1349,2023-11-06,12.9,13.0,12.359,12.5,23658.0
1350,2023-11-07,12.8,13.3,12.5,13.3,20433.0
1351,2023-11-08,13.1,13.4,12.8,13.0,40377.0
1352,2023-11-09,12.9,13.2,11.7,12.2,122996.0
1353,2023-11-10,11.7,12.8,11.7,12.6,27760.0
1354,2023-11-13,12.8,13.083,10.9,11.6,67659.0
1355,2023-11-14,11.5,12.354,11.5,11.9,42990.0
1356,2023-11-15,12.0,13.087,11.8,11.9,62896.0
1357,2023-11-16,11.8,12.0,11.5,11.6,21239.0
1358,2023-11-17,11.8,12.1,11.2,11.6,57671.0
1359,2023-11-20,11.5,12.1,11.0,11.5,53525.0
1360,2023-11-21,11.2,11.6,11.0,11.0,43571.0
1361,2023-11-22,11.7,12.0,11.2,11.4,70596.0
1362,2023-11-24,11.4,11.873,10.8,11.7,65680.0
1363,2023-11-27,11.3,11.7,10.8,11.65,158422.0
1364,2023-11-28,11.6,11.7,10.7,10.8,193279.0
1365,2023-11-29,11.2,11.2,9.6,9.999,219823.0
1366,2023-11-30,10.0,11.0,9.8,10.9,186429.0
1367,2023-12-01,11.0,11.11,9.8,10.1,233499.0
1368,2023-12-04,9.7,10.3,9.3,9.7,267913.0
1369,2023-12-05,9.583,10.0,9.583,9.95,71676.0
1370,2023-12-06,10.0,10.0,9.499,9.6,160302.0
1371,2023-12-07,9.9,9.9,8.9,9.1,270941.0
1372,2023-12-08,8.8,9.101,8.701,8.9,183703.0
1373,2023-12-11,8.7,8.7,7.9,8.0,482747.0
1374,2023-12-12,8.0,8.398,7.809,8.14,254234.0
1375,2023-12-13,8.1,8.5,7.8,8.38,141854.0
1376,2023-12-14,8.4,8.4,7.301,7.6,663736.0
1377,2023-12-15,7.6,7.9,7.0,7.38,466593.0
1378,2023-12-18,7.0,7.575,6.299,6.536,992403.0
1379,2023-12-19,5.702,6.771,5.702,6.199,1343306.0
1380,2023-12-20,6.109,6.4,5.2,6.047,941403.0
1381,2023-12-21,5.88,6.591,5.801,6.41,420117.0
1382,2023-12-22,6.391,6.569,5.88,6.4,476576.0
1383,2023-12-26,6.109,8.4,6.109,7.95,1738855.0
1384,2023-12-27,8.3,8.4,7.0,7.6,608136.0
1385,2023-12-28,7.6,8.0,7.0,7.49,432825.0
1386,2023-12-29,7.176,7.48,6.95,7.01,408815.0
1387,2024-01-02,7.4,8.0,7.02,7.1,781918.0
1388,2024-01-03,7.1,7.3,6.7,6.97,246873.0
1389,2024-01-04,7.1,7.1,6.55,6.55,329414.0
1390,2024-01-05,6.53,6.9,6.3,6.49,202828.0
1391,2024-01-08,6.3,6.379,5.2,5.301,747916.0
1392,2024-01-09,5.276,5.699,4.832,5.4,444921.0
1393,2024-01-10,5.5,5.5,4.8,4.8,340738.0
1394,2024-01-11,4.9,4.9,4.688,4.7,227455.0
1395,2024-01-12,4.6,4.749,3.951,4.06,516907.0
1396,2024-01-16,3.9,4.0114,3.41,3.861,100002.0
1397,2024-01-17,3.82,4.16,3.67,3.73,38867.0
1398,2024-01-18,3.73,3.73,3.09,3.11,58473.0
1399,2024-01-19,3.12,3.18,2.68,2.69,98100.0
1400,2024-01-22,2.69,2.69,2.45,2.51,52048.0
1401,2024-01-23,2.53,2.7653,2.41,2.5,71614.0
1402,2024-01-24,2.62,2.83,2.55,2.62,68848.0
