,date,open,high,low,close,volume
0,2018-02-01,13.1675,13.4175,12.7575,12.9775,24638298.0
1,2018-02-02,12.8375,13.1875,12.4875,13.0975,4923075.0
2,2018-02-05,12.8675,13.1875,10.5775,12.6975,4454079.0
3,2018-02-06,12.3275,12.9975,11.5875,12.5875,9323010.0
4,2018-02-07,12.3975,13.0175,12.3975,12.8475,15743168.0
5,2018-02-08,12.6375,12.7875,11.9875,12.0875,7726191.0
6,2018-02-09,12.0875,12.3875,11.0975,11.9975,5664444.0
7,2018-02-12,12.0475,12.0875,11.4375,11.6675,2149115.0
8,2018-02-13,11.7875,11.8375,11.4875,11.7875,1396357.0
9,2018-02-14,11.7575,11.8675,11.4075,11.7375,2311469.0
10,2018-02-15,11.8975,12.0375,11.5475,11.9375,2318701.0
11,2018-02-16,11.9875,12.0975,11.7375,12.0775,1168647.0
12,2018-02-20,11.9375,12.1675,11.9375,12.0875,2273521.0
13,2018-02-21,12.0775,12.0875,11.6875,11.7575,2484507.0
14,2018-02-22,11.8075,12.0875,11.7675,11.9275,2713626.0
15,2018-02-23,11.9375,12.0375,11.7375,11.9075,2631499.0
16,2018-02-26,11.8775,11.8775,11.6175,11.7875,2092404.0
17,2018-02-27,11.8475,11.9175,11.4775,11.5475,1664958.0
18,2018-02-28,11.5175,11.8075,11.3975,11.6375,2408582.0
19,2018-03-01,11.6375,11.7975,11.4275,11.5775,2674790.0
20,2018-03-02,11.5775,11.6075,11.2475,11.4875,1471400.0
21,2018-03-05,11.4475,11.6075,11.3775,11.5575,1797056.0
22,2018-03-06,11.6875,11.7975,11.5875,11.6975,2350554.0
23,2018-03-07,11.6275,11.7875,11.4775,11.6975,1433542.0
24,2018-03-08,11.6775,11.7375,11.2875,11.3775,2447873.0
25,2018-03-09,11.2475,11.7375,11.1675,11.6875,2825526.0
26,2018-03-12,11.6875,11.7475,11.2875,11.4775,3098774.0
27,2018-03-13,11.4875,11.7675,11.4875,11.6875,2115814.0
28,2018-03-14,11.7175,11.8375,11.6775,11.7175,2741473.0
29,2018-03-15,11.7375,11.8375,11.2875,11.5075,3091138.0
30,2018-03-16,11.3375,11.6175,11.3075,11.5075,19539243.0
31,2018-03-19,11.5175,11.5175,11.2375,11.3175,2323570.0
32,2018-03-20,11.4275,11.4275,10.9275,11.1175,4471120.0
33,2018-03-21,11.0775,11.1475,10.8575,11.0575,1937228.0
34,2018-03-22,10.9375,11.0875,10.8475,10.8875,1527225.0
35,2018-03-23,10.9375,11.0175,10.3575,10.5575,2140385.0
36,2018-03-26,10.7575,11.0175,10.5975,10.7475,2107014.0
37,2018-03-27,10.8375,10.8375,10.4175,10.5675,1420014.0
38,2018-03-28,10.6175,10.6875,10.4075,10.5175,4879867.0
39,2018-03-29,10.3575,10.6575,10.1075,10.5675,6687643.0
40,2018-04-02,10.5975,10.6375,10.3875,10.5375,5131146.0
41,2018-04-03,10.5775,10.5975,10.3875,10.5175,1757617.0
42,2018-04-04,10.4075,10.5875,10.2475,10.3775,3282352.0
43,2018-04-05,10.4175,10.5375,10.2975,10.4275,3853825.0
44,2018-04-06,10.4175,10.5875,10.3275,10.5275,2187140.0
45,2018-04-09,10.5375,10.5875,10.3475,10.3875,2919485.0
46,2018-04-10,10.5375,10.5775,10.2575,10.4075,1525040.0
47,2018-04-11,10.2975,10.4675,10.2275,10.4175,1926708.0
48,2018-04-12,10.4175,10.5675,10.1575,10.4175,896800.0
49,2018-04-13,10.4475,10.4975,10.2775,10.4475,1426573.0
50,2018-04-16,10.4475,10.6175,10.3875,10.4775,2935705.0
51,2018-04-17,10.5175,10.6675,10.4875,10.5175,1570044.0
52,2018-04-18,10.5375,10.6575,10.4875,10.6275,1460414.0
53,2018-04-19,10.6275,10.6375,10.4475,10.4775,1343585.0
54,2018-04-20,10.4975,10.5875,10.3175,10.4275,1074831.0
55,2018-04-23,10.4875,10.4875,9.8275,10.3375,931139.0
56,2018-04-24,10.3275,10.4775,10.1975,10.2875,1068522.0
57,2018-04-25,10.1975,10.3975,10.1975,10.2875,1006702.0
58,2018-04-26,10.2775,10.3575,10.2275,10.2575,1440281.0
59,2018-04-27,10.2275,10.3375,10.0675,10.2975,1188901.0
60,2018-04-30,10.3075,10.4475,10.2375,10.4275,1640820.0
61,2018-05-01,10.3475,10.4875,10.1475,10.4575,3782098.0
62,2018-05-02,10.3675,10.4075,10.0775,10.1175,3561033.0
63,2018-05-03,10.0775,10.2975,10.0675,10.0975,2176822.0
64,2018-05-04,10.0975,10.5475,10.0375,10.2675,2616373.0
65,2018-05-07,10.2475,10.5175,10.2275,10.4075,3572203.0
66,2018-05-08,10.3875,10.8475,10.3775,10.6575,3328105.0
67,2018-05-09,10.9975,11.6875,10.9975,11.1375,4145530.0
68,2018-05-10,11.2475,11.4275,11.2275,11.3675,2574243.0
69,2018-05-11,11.3275,11.3475,11.1075,11.2475,1535351.0
70,2018-05-14,11.3475,11.5675,11.3275,11.5475,3418735.0
71,2018-05-15,11.5275,11.7675,11.4975,11.5975,5147511.0
72,2018-05-16,11.5575,12.0275,11.5575,11.8975,3603918.0
73,2018-05-17,12.0375,12.2975,11.9475,11.9475,3875424.0
74,2018-05-18,12.0075,12.0375,11.6975,11.8075,2095363.0
75,2018-05-21,11.8875,12.1975,11.8475,12.0075,3213057.0
76,2018-05-22,12.0675,12.1275,11.9075,11.9975,3009900.0
77,2018-05-23,11.9775,12.1675,11.9575,12.1475,1862484.0
78,2018-05-24,12.1675,12.1875,12.0075,12.0975,1574463.0
79,2018-05-25,12.0975,12.2275,12.0075,12.1075,1921599.0
80,2018-05-29,12.1275,12.2575,12.0475,12.1875,2400261.0
81,2018-05-30,12.2775,12.2975,12.1075,12.1975,5212440.0
82,2018-05-31,12.1275,12.2675,11.5675,11.6175,12951502.0
83,2018-06-01,11.9075,12.1875,11.7275,12.1275,3060898.0
84,2018-06-04,12.4175,12.7275,12.2475,12.6175,7235840.0
85,2018-06-05,12.6275,12.7375,12.2175,12.3575,4659469.0
86,2018-06-06,12.3175,12.4875,12.1775,12.2275,2291770.0
87,2018-06-07,12.3175,12.4175,12.1575,12.2575,4128336.0
88,2018-06-08,12.2975,13.1275,12.2275,12.6875,6319607.0
89,2018-06-11,12.7475,12.8975,12.6575,12.7775,3007754.0
90,2018-06-12,12.7375,12.9175,12.6475,12.8475,3311771.0
91,2018-06-13,12.8575,12.9675,12.7675,12.8475,5153354.0
92,2018-06-14,12.8975,12.9975,12.7175,12.7775,5073132.0
93,2018-06-15,12.7475,13.0075,12.7075,12.7675,8947165.0
94,2018-06-18,12.6775,12.9975,12.6775,12.8475,5840245.0
95,2018-06-19,12.7475,13.0975,12.7475,12.8975,5068131.0
96,2018-06-20,12.9175,13.2675,12.8475,13.1875,5324696.0
97,2018-06-21,13.2275,13.2475,13.0975,13.2175,2542661.0
98,2018-06-22,13.3375,13.3375,13.0875,13.2275,2637596.0
99,2018-06-25,13.1975,13.1975,12.9375,13.0875,2902937.0
100,2018-06-26,13.0175,13.1375,12.9375,13.0375,4620791.0
101,2018-06-27,13.01,13.15,12.89,12.99,4161092.0
102,2018-06-28,13.04,13.09,12.79,12.98,2349960.0
103,2018-06-29,13.02,13.28,12.7,13.15,1726991.0
104,2018-07-02,13.08,13.26,12.98,13.21,1466923.0
105,2018-07-03,13.4,13.46,13.19,13.37,1087860.0
106,2018-07-05,13.48,13.51,13.32,13.5,1705708.0
107,2018-07-06,13.53,13.63,13.41,13.61,3062493.0
108,2018-07-09,13.64,13.73,13.58,13.62,1757843.0
109,2018-07-10,13.69,13.73,13.54,13.65,1695872.0
110,2018-07-11,13.55,13.66,13.32,13.47,1349251.0
111,2018-07-12,13.43,13.6,13.37,13.45,912700.0
112,2018-07-13,13.5,13.7,13.5,13.68,1259658.0
113,2018-07-16,13.69,13.72,13.54,13.68,896103.0
114,2018-07-17,13.68,13.76,13.46,13.46,1459984.0
115,2018-07-18,13.44,13.54,13.17,13.25,2624820.0
116,2018-07-19,13.26,13.4,13.07,13.28,3539793.0
117,2018-07-20,13.38,13.41,13.11,13.24,1078397.0
118,2018-07-23,13.29,13.32,13.02,13.11,1303098.0
119,2018-07-24,13.17,13.21,12.99,12.99,1147183.0
120,2018-07-25,13.01,13.16,12.92,13.07,1301561.0
121,2018-07-26,13.02,13.26,12.98,13.01,805254.0
122,2018-07-27,12.98,13.1,12.75,12.83,746885.0
123,2018-07-30,12.85,13.06,12.76,12.92,706376.0
124,2018-07-31,13.44,13.44,12.81,12.86,2481153.0
125,2018-08-01,12.8,12.95,12.46,12.51,2346478.0
126,2018-08-02,12.47,12.54,12.09,12.16,4717177.0
127,2018-08-03,12.26,12.51,11.81,12.05,2626777.0
128,2018-08-06,12.06,12.33,12.03,12.26,2844763.0
129,2018-08-07,12.25,12.44,12.15,12.37,2521798.0
130,2018-08-08,12.44,12.84,12.31,12.78,2220574.0
131,2018-08-09,12.73,12.85,12.5,12.63,767792.0
132,2018-08-10,12.44,12.69,12.43,12.66,913477.0
133,2018-08-13,12.7,12.77,12.49,12.59,1302281.0
134,2018-08-14,12.79,13.03,12.57,12.61,1852989.0
135,2018-08-15,12.59,12.92,12.58,12.92,1237117.0
136,2018-08-16,13.0,13.23,12.83,13.18,2098503.0
137,2018-08-17,13.18,13.4,13.14,13.18,1596852.0
138,2018-08-20,13.12,13.33,12.81,12.97,1299574.0
139,2018-08-21,12.92,13.31,12.88,13.18,1275845.0
140,2018-08-22,13.17,13.22,13.02,13.04,1291207.0
141,2018-08-23,13.02,13.26,13.01,13.2,1076349.0
142,2018-08-24,13.22,13.33,13.14,13.21,956445.0
143,2018-08-27,13.25,13.33,13.21,13.32,2284719.0
144,2018-08-28,13.37,13.5,13.28,13.44,2949682.0
145,2018-08-29,13.51,13.52,13.36,13.41,1395080.0
146,2018-08-30,13.36,13.4,13.14,13.15,1074730.0
147,2018-08-31,13.15,13.44,13.15,13.42,1248162.0
148,2018-09-04,13.36,13.52,13.26,13.44,1364292.0
149,2018-09-05,13.42,13.5,13.24,13.41,1161224.0
150,2018-09-06,13.4,13.51,13.31,13.32,2385804.0
151,2018-09-07,13.31,13.38,13.25,13.35,2018652.0
152,2018-09-10,13.46,13.59,13.44,13.52,4019607.0
153,2018-09-11,13.51,13.56,13.33,13.48,2564358.0
154,2018-09-12,13.45,13.69,13.41,13.48,2363021.0
155,2018-09-13,13.56,13.69,13.53,13.62,3210832.0
156,2018-09-14,13.67,13.86,13.53,13.78,4007257.0
157,2018-09-17,13.85,14.27,13.8,14.03,4252881.0
158,2018-09-18,14.06,14.26,14.04,14.11,3466103.0
159,2018-09-19,14.11,14.32,13.96,14.0,6841368.0
160,2018-09-20,14.08,14.11,13.87,13.93,5194806.0
161,2018-09-21,14.01,14.05,13.83,13.94,14810792.0
162,2018-09-24,14.02,14.07,13.59,13.78,4303501.0
163,2018-09-25,13.84,13.98,13.76,13.81,3734317.0
164,2018-09-26,13.8,14.0,13.56,13.6,3667695.0
165,2018-09-27,13.8875,14.0875,13.6875,13.9475,2877625.0
166,2018-09-28,13.9275,14.4375,13.9075,14.4175,3287491.0
167,2018-10-01,14.4475,14.5175,14.0275,14.0375,3308501.0
168,2018-10-02,14.0175,14.4275,13.9375,14.3175,1614331.0
169,2018-10-03,14.3475,14.4775,14.0675,14.0975,2753350.0
170,2018-10-04,14.0575,14.0975,13.8675,13.9875,1550495.0
171,2018-10-05,14.0375,14.0975,13.6975,13.7675,3745734.0
172,2018-10-08,13.8475,14.2375,13.7175,14.1675,2011400.0
173,2018-10-09,14.1175,14.4075,14.0275,14.2975,1736159.0
174,2018-10-10,14.3175,14.3175,14.0075,14.0075,2459768.0
175,2018-10-11,13.9575,13.9575,13.3775,13.4275,1939921.0
176,2018-10-12,13.5575,13.6375,13.2275,13.4375,1531697.0
177,2018-10-15,13.6175,13.7775,13.4975,13.6775,1158700.0
178,2018-10-16,13.7475,14.0575,13.6475,13.8875,1832235.0
179,2018-10-17,13.9075,14.4475,13.8675,14.2475,6290869.0
180,2018-10-18,14.2575,14.3975,14.1775,14.2975,2723067.0
181,2018-10-19,14.3375,14.4475,14.1875,14.4375,2297292.0
182,2018-10-22,14.4775,14.4975,14.0075,14.0575,2528825.0
183,2018-10-23,13.9575,14.2075,13.6775,14.1475,2685764.0
184,2018-10-24,14.3475,14.5075,14.2075,14.3175,4563141.0
185,2018-10-25,14.3575,14.8975,14.2575,14.7775,3910894.0
186,2018-10-26,14.7675,14.8775,14.2575,14.5975,3805027.0
187,2018-10-29,14.7275,14.9475,14.3275,14.3475,3929353.0
188,2018-10-30,14.4475,14.6275,14.1975,14.3075,6683643.0
189,2018-10-31,14.3975,14.7075,14.2375,14.3875,3532502.0
190,2018-11-01,14.3675,14.6675,14.3475,14.6175,3529816.0
191,2018-11-02,14.6275,15.1175,13.9975,14.2275,2462930.0
192,2018-11-05,14.1975,14.5875,14.1375,14.3175,3273981.0
193,2018-11-06,14.3375,14.6675,14.2675,14.5975,3870843.0
194,2018-11-07,14.7075,14.9475,14.6175,14.9275,3289328.0
195,2018-11-08,14.9575,14.9875,14.4775,14.5475,2361591.0
196,2018-11-09,14.4775,14.6575,14.4375,14.4975,2622871.0
197,2018-11-12,14.4575,14.5875,14.2675,14.3075,1598298.0
198,2018-11-13,14.3375,14.3975,14.0975,14.2675,1465621.0
199,2018-11-14,13.9075,14.4875,13.8575,14.2375,8609352.0
200,2018-11-15,14.0575,14.1875,13.8475,13.9275,23615470.0
201,2018-11-16,13.9175,14.2175,13.8075,14.0975,6878878.0
202,2018-11-19,14.1375,14.3175,14.1375,14.2175,10284464.0
203,2018-11-20,14.1775,14.2975,14.0275,14.0275,7044544.0
204,2018-11-21,14.0475,14.3275,14.0475,14.2175,12763178.0
205,2018-11-23,14.1575,14.4975,14.1275,14.4475,18510012.0
206,2018-11-26,15.0375,15.1675,14.3175,14.6775,9646458.0
207,2018-11-27,14.7975,14.9775,14.7075,14.8775,12283803.0
208,2018-11-28,14.8575,15.0375,14.6875,14.8375,7478416.0
209,2018-11-29,14.8675,15.0375,14.7675,14.8675,6533918.0
210,2018-11-30,14.9575,15.0475,14.5675,14.5675,11600690.0
211,2018-12-03,14.6575,14.7775,14.4775,14.5575,5666416.0
212,2018-12-04,14.6175,14.6675,14.2075,14.2075,2740750.0
213,2018-12-06,14.1075,14.6875,13.9575,14.6875,5475662.0
214,2018-12-07,14.8075,14.8675,14.2175,14.3275,4183917.0
215,2018-12-10,14.2675,14.3275,13.4975,13.7175,8461066.0
216,2018-12-11,13.8475,14.0675,13.6475,13.7375,8339427.0
217,2018-12-12,13.8775,13.8975,13.4275,13.4475,2831184.0
218,2018-12-13,13.4375,13.7075,13.3675,13.4575,3947786.0
219,2018-12-14,13.3275,13.5875,13.2875,13.4375,2500017.0
220,2018-12-17,13.4475,13.5875,12.5175,12.5375,4673241.0
221,2018-12-18,12.5975,12.7375,12.4075,12.5975,3454602.0
222,2018-12-19,12.6375,12.7675,12.3375,12.3975,3506499.0
223,2018-12-20,12.3975,12.5475,11.6475,11.8975,5236055.0
224,2018-12-21,11.8775,12.0275,11.3875,11.4475,6262923.0
225,2018-12-24,11.2975,11.4175,10.7275,10.8175,1384080.0
226,2018-12-26,10.8975,11.3975,10.6875,11.3875,5455945.0
227,2018-12-27,11.235,11.435,10.725,11.435,4591993.0
228,2018-12-28,11.495,11.695,11.315,11.655,3207340.0
229,2018-12-31,11.645,11.865,11.465,11.865,3522045.0
230,2019-01-02,11.695,11.735,11.415,11.565,3745596.0
231,2019-01-03,11.575,12.085,11.555,11.855,6180559.0
232,2019-01-04,12.005,12.265,11.975,12.065,4943644.0
233,2019-01-07,12.175,12.325,12.025,12.115,3441021.0
234,2019-01-08,12.335,12.745,12.315,12.695,4063505.0
235,2019-01-09,12.775,12.995,12.655,12.955,2874235.0
236,2019-01-10,13.005,13.315,12.995,13.155,4687439.0
237,2019-01-11,13.165,13.475,13.135,13.385,2794260.0
238,2019-01-14,13.295,13.585,13.265,13.535,2933944.0
239,2019-01-15,13.515,13.725,13.495,13.665,2544484.0
240,2019-01-16,13.885,14.065,13.775,13.955,2642101.0
241,2019-01-17,13.975,14.105,13.945,14.075,2603067.0
242,2019-01-18,14.135,14.195,13.945,14.195,2973106.0
243,2019-01-22,14.205,14.215,13.945,14.045,1770134.0
244,2019-01-23,14.045,14.255,13.995,14.105,4114062.0
245,2019-01-24,14.145,14.385,14.085,14.215,3783589.0
246,2019-01-25,14.345,14.585,14.305,14.535,3705369.0
247,2019-01-28,14.495,14.685,14.385,14.545,3720073.0
248,2019-01-29,14.645,14.695,14.465,14.595,4460514.0
249,2019-01-30,14.595,14.675,14.435,14.475,5763629.0
250,2019-01-31,14.415,14.665,14.385,14.615,4443480.0
251,2019-02-01,14.645,14.835,14.445,14.725,3684062.0
252,2019-02-04,14.665,14.695,14.565,14.605,3028011.0
253,2019-02-05,14.585,14.645,14.435,14.605,5649691.0
254,2019-02-06,14.635,14.645,14.405,14.545,4181180.0
255,2019-02-07,14.545,14.645,14.445,14.545,3786131.0
256,2019-02-08,14.535,14.795,14.535,14.775,6124165.0
257,2019-02-11,14.815,14.835,14.685,14.795,3809267.0
258,2019-02-12,14.855,14.885,14.585,14.645,3118572.0
259,2019-02-13,14.645,14.745,14.555,14.655,3851887.0
260,2019-02-14,14.635,14.755,14.415,14.745,3006256.0
261,2019-02-15,14.645,14.795,14.365,14.465,3451170.0
262,2019-02-19,14.435,14.575,14.335,14.405,3014647.0
263,2019-02-20,14.385,14.605,14.355,14.575,2095104.0
264,2019-02-21,14.565,14.775,14.445,14.745,2342321.0
265,2019-02-22,14.735,14.895,14.475,14.555,2241198.0
266,2019-02-25,14.515,14.655,14.385,14.445,2692538.0
267,2019-02-26,14.495,14.515,14.345,14.345,1241649.0
268,2019-02-27,14.265,14.395,14.185,14.315,2101398.0
269,2019-02-28,14.335,14.445,14.165,14.395,5454577.0
270,2019-03-01,14.395,14.415,13.995,14.145,2898089.0
271,2019-03-04,14.185,14.405,14.085,14.395,2228988.0
272,2019-03-05,14.345,14.505,14.135,14.185,1810522.0
273,2019-03-06,14.125,14.225,13.995,14.115,1597616.0
274,2019-03-07,14.145,14.265,13.975,14.025,1822068.0
275,2019-03-08,13.975,14.375,13.935,14.245,2577443.0
276,2019-03-11,14.345,14.605,14.345,14.555,2336653.0
277,2019-03-12,14.585,14.655,14.435,14.545,2542298.0
278,2019-03-13,14.615,14.735,14.335,14.565,7793079.0
279,2019-03-14,14.595,14.635,14.455,14.505,2799158.0
280,2019-03-15,14.535,14.685,14.535,14.625,4205164.0
281,2019-03-18,14.595,14.705,14.445,14.565,3146486.0
282,2019-03-19,14.575,14.625,14.405,14.475,2306691.0
283,2019-03-20,14.455,14.755,14.305,14.535,2309259.0
284,2019-03-21,14.525,14.865,14.435,14.845,2681971.0
285,2019-03-22,14.865,15.025,14.785,14.985,3254401.0
286,2019-03-25,14.985,15.035,14.815,14.995,2251864.0
287,2019-03-26,15.045,15.175,14.975,15.175,2781326.0
288,2019-03-27,15.185,15.225,14.905,15.045,2918554.0
289,2019-03-28,15.0525,15.2425,15.0125,15.1725,2279249.0
290,2019-03-29,15.2625,15.3125,15.1125,15.2525,2699488.0
291,2019-04-01,15.2625,15.3525,14.9725,15.1625,2262679.0
292,2019-04-02,15.1925,15.2425,14.9325,15.1625,1469879.0
293,2019-04-03,15.1825,15.3925,15.0625,15.2925,2709068.0
294,2019-04-04,15.3425,15.3425,15.1625,15.3025,2486757.0
295,2019-04-05,15.3125,15.5625,15.3125,15.4925,2964887.0
296,2019-04-08,15.5325,15.5325,15.3525,15.4525,2966268.0
297,2019-04-09,15.4525,15.5725,15.4025,15.4025,2777334.0
298,2019-04-10,15.4325,15.6225,15.4325,15.6125,4264604.0
299,2019-04-11,15.6125,15.7025,15.4525,15.5525,2220291.0
300,2019-04-12,15.5625,15.6225,15.4625,15.5225,2532582.0
301,2019-04-15,15.5425,15.6225,15.4225,15.6225,1737408.0
302,2019-04-16,15.6225,15.6325,15.3025,15.3725,2313398.0
303,2019-04-17,15.4225,15.4225,15.0625,15.2325,2365863.0
304,2019-04-18,15.3325,15.3525,15.1425,15.2725,2017498.0
305,2019-04-22,15.2425,15.2725,14.8925,15.1225,1842681.0
306,2019-04-23,15.1925,15.5325,15.1625,15.5025,2235553.0
307,2019-04-24,15.6225,15.8625,15.5725,15.8525,5065060.0
308,2019-04-25,15.8625,15.9725,15.7325,15.9625,4864179.0
309,2019-04-26,15.8925,16.1425,15.8825,16.1225,4051680.0
310,2019-04-29,16.1625,16.1825,15.9125,15.9725,2149375.0
311,2019-04-30,15.9125,16.2225,15.8325,16.1725,3067752.0
312,2019-05-01,16.2225,16.3625,16.0425,16.2025,4501650.0
313,2019-05-02,16.1225,16.3925,15.7925,16.2025,4473571.0
314,2019-05-03,16.2825,16.3625,16.0125,16.2325,2106131.0
315,2019-05-06,16.1325,16.1825,15.9525,16.1225,2287764.0
316,2019-05-07,16.1025,16.1225,15.6125,15.7725,2000704.0
317,2019-05-08,15.7025,15.8525,15.5125,15.5925,2399876.0
318,2019-05-09,15.5625,15.5925,15.1525,15.4425,3803222.0
319,2019-05-10,15.4325,15.7925,15.2825,15.7925,2801821.0
320,2019-05-13,15.6225,15.8625,15.4825,15.8225,2267885.0
321,2019-05-14,15.8225,15.8225,15.3225,15.6325,5739383.0
322,2019-05-15,15.6325,15.7425,15.5125,15.6725,1504391.0
323,2019-05-16,15.6925,16.0725,15.6225,16.0125,2396832.0
324,2019-05-17,15.8625,16.0125,15.6825,16.0025,2404011.0
325,2019-05-20,16.0025,16.0025,15.6025,15.6725,1996889.0
326,2019-05-21,15.6725,15.7925,15.6325,15.7425,1375474.0
327,2019-05-22,15.6525,15.8525,15.6225,15.8525,809203.0
328,2019-05-23,15.7925,15.9725,15.6925,15.9725,3885142.0
329,2019-05-24,16.0425,16.2325,16.0125,16.1425,3319418.0
330,2019-05-28,16.2525,16.2925,15.9425,15.9425,3643151.0
331,2019-05-29,15.9225,15.9525,15.6225,15.7525,1600717.0
332,2019-05-30,15.7525,15.9325,15.6525,15.7325,2815919.0
333,2019-05-31,15.5625,15.7725,15.4325,15.5525,3664914.0
334,2019-06-03,15.6025,15.7325,15.3725,15.4725,2594193.0
335,2019-06-04,15.5225,15.5325,15.0125,15.2225,2530585.0
336,2019-06-05,15.2925,15.7625,15.2625,15.7525,1854102.0
337,2019-06-06,15.7925,15.9425,15.5725,15.8725,2160383.0
338,2019-06-07,15.9425,15.9725,15.5225,15.5225,2075729.0
339,2019-06-10,15.5825,15.6825,15.4425,15.6625,1760595.0
340,2019-06-11,15.8225,15.9625,15.6625,15.7625,1827231.0
341,2019-06-12,15.8225,15.9125,15.5925,15.8025,1497156.0
342,2019-06-13,15.7725,15.9125,15.6825,15.9125,1630337.0
343,2019-06-14,15.8525,16.1225,15.8525,16.1025,1131965.0
344,2019-06-17,16.1225,16.2925,16.1125,16.1725,3418213.0
345,2019-06-18,16.2025,16.3725,16.0625,16.1225,3773455.0
346,2019-06-19,16.0625,16.4225,16.0625,16.2525,3251497.0
347,2019-06-20,16.3525,16.6425,16.2425,16.3825,3883878.0
348,2019-06-21,16.4125,16.4125,16.0925,16.1625,3838464.0
349,2019-06-24,15.6925,15.8625,15.5225,15.6525,8832323.0
350,2019-06-25,15.6725,15.7525,15.0725,15.1725,6653709.0
351,2019-06-26,15.3225,15.5425,14.9525,14.9525,36192708.0
352,2019-06-27,15.06,15.46,15.06,15.37,12567347.0
353,2019-06-28,15.39,15.71,15.35,15.7,13201504.0
354,2019-07-01,15.97,15.97,15.39,15.95,9390706.0
355,2019-07-02,15.95,16.21,15.92,16.15,6241719.0
356,2019-07-03,16.19,16.4,16.1,16.4,4560018.0
357,2019-07-05,16.29,16.29,15.79,15.98,3867546.0
358,2019-07-08,15.92,16.02,15.67,15.81,7738243.0
359,2019-07-09,15.85,15.94,15.55,15.9,5444352.0
360,2019-07-10,16.01,16.14,15.77,15.97,4696810.0
361,2019-07-11,15.99,16.12,15.68,15.74,7774728.0
362,2019-07-12,15.73,15.97,15.65,15.93,7009067.0
363,2019-07-15,15.97,16.17,15.92,16.15,9295349.0
364,2019-07-16,16.06,16.16,15.77,15.89,6852339.0
365,2019-07-17,15.94,16.01,15.51,15.55,7780013.0
366,2019-07-18,15.49,15.68,15.38,15.65,6039153.0
367,2019-07-19,15.65,15.69,15.22,15.3,5574516.0
368,2019-07-22,15.24,15.38,15.19,15.23,3715483.0
369,2019-07-23,15.26,15.29,14.84,15.12,7584232.0
370,2019-07-24,15.05,15.16,14.86,15.11,3808737.0
371,2019-07-25,15.05,15.17,14.93,14.94,5203379.0
372,2019-07-26,15.0,15.08,14.9,15.03,4914670.0
373,2019-07-29,15.07,15.11,14.89,14.93,4350844.0
374,2019-07-30,14.8,15.27,14.64,15.15,8510948.0
375,2019-07-31,15.19,15.25,14.84,15.0,4356658.0
376,2019-08-01,15.05,15.3,14.6,14.63,6888073.0
377,2019-08-02,14.64,14.91,14.39,14.89,3537718.0
378,2019-08-05,14.71,14.72,14.33,14.51,3696156.0
379,2019-08-06,14.62,14.76,14.38,14.52,2851125.0
380,2019-08-07,14.45,14.74,14.16,14.64,6495890.0
381,2019-08-08,14.73,14.85,14.56,14.85,2871207.0
382,2019-08-09,14.88,14.92,14.58,14.83,2420333.0
383,2019-08-12,14.89,14.96,14.73,14.87,3782044.0
384,2019-08-13,14.71,15.11,14.71,14.92,2192604.0
385,2019-08-14,15.0,15.02,14.32,14.32,7969143.0
386,2019-08-15,14.34,14.64,14.16,14.23,2642922.0
387,2019-08-16,14.26,14.52,14.13,14.39,2803303.0
388,2019-08-19,14.53,14.81,14.46,14.77,3418673.0
389,2019-08-20,14.8,14.8,14.39,14.39,3828914.0
390,2019-08-21,14.53,14.68,14.44,14.62,1803977.0
391,2019-08-22,14.68,14.95,14.68,14.93,1667589.0
392,2019-08-23,14.88,15.0,14.59,14.66,2384586.0
393,2019-08-26,15.09,15.35,15.06,15.34,4779776.0
394,2019-08-27,15.5,15.62,15.43,15.44,3919840.0
395,2019-08-28,15.45,15.58,15.43,15.46,1828116.0
396,2019-08-29,15.57,15.76,15.54,15.74,2309936.0
397,2019-08-30,15.85,15.87,15.76,15.82,2867105.0
398,2019-09-03,15.74,15.85,15.69,15.82,3520242.0
399,2019-09-04,15.92,15.95,15.79,15.84,3884070.0
400,2019-09-05,15.88,16.06,15.76,15.85,3680683.0
401,2019-09-06,15.85,15.99,15.85,15.97,2556945.0
402,2019-09-09,15.94,16.03,15.45,15.61,3518069.0
403,2019-09-10,15.55,15.62,15.27,15.45,2968291.0
404,2019-09-11,15.43,15.68,15.39,15.62,2047216.0
405,2019-09-12,15.71,15.83,15.6,15.66,1826793.0
406,2019-09-13,15.75,15.85,15.35,15.42,1713625.0
407,2019-09-16,15.4,15.83,15.39,15.76,2159336.0
408,2019-09-17,15.82,16.07,15.77,16.0,5012759.0
409,2019-09-18,16.06,16.2,15.97,16.12,4562494.0
410,2019-09-19,16.22,16.43,16.12,16.38,5569405.0
411,2019-09-20,16.39,16.61,16.32,16.6,10974169.0
412,2019-09-23,16.66,16.66,16.35,16.58,4173065.0
413,2019-09-24,16.57,16.68,16.52,16.64,4780504.0
414,2019-09-25,16.58,16.72,16.29,16.7,4143430.0
415,2019-09-26,16.7475,16.8175,16.3375,16.4575,4232545.0
416,2019-09-27,16.5175,16.5875,16.2875,16.4675,3338094.0
417,2019-09-30,16.4775,16.6875,16.4275,16.6075,3291525.0
418,2019-10-01,16.5875,16.7175,16.4575,16.5475,1883892.0
419,2019-10-02,16.5275,16.6175,16.4175,16.5675,3571671.0
420,2019-10-03,16.5675,16.8075,16.3275,16.8075,2796410.0
421,2019-10-04,16.8075,16.9175,16.6875,16.9075,2788851.0
422,2019-10-07,16.9075,17.0275,16.6975,16.9975,7656951.0
423,2019-10-08,16.9475,17.0175,16.6975,17.0175,6248778.0
424,2019-10-09,17.0775,17.1275,16.8975,16.9375,2532668.0
425,2019-10-10,16.9175,17.0275,16.8175,17.0175,3058330.0
426,2019-10-11,17.0975,17.1275,16.8375,16.9075,4343406.0
427,2019-10-14,16.8775,16.9575,16.6575,16.9475,3853496.0
428,2019-10-15,16.9475,17.0975,16.8975,17.0775,4476271.0
429,2019-10-16,17.1275,17.3775,16.9975,17.0175,6539307.0
430,2019-10-17,17.0075,17.1875,16.9975,17.0975,3733882.0
431,2019-10-18,17.0875,17.2175,17.0375,17.0975,3519626.0
432,2019-10-21,17.0975,17.4675,17.0675,17.4475,4739193.0
433,2019-10-22,17.4575,17.6075,17.3675,17.5575,4289278.0
434,2019-10-23,17.5075,17.7575,17.4275,17.6075,6001745.0
435,2019-10-24,17.6175,17.7175,17.4675,17.6675,3188135.0
436,2019-10-25,17.6175,17.8175,17.4975,17.6175,4084916.0
437,2019-10-28,17.6575,17.7775,17.5275,17.7275,5525792.0
438,2019-10-29,17.7375,17.9075,17.6875,17.6975,4568130.0
439,2019-10-30,17.7475,17.9475,17.6775,17.9475,4283383.0
440,2019-10-31,17.9475,17.9675,17.4975,17.5075,5844770.0
441,2019-11-01,17.7475,18.5575,17.6975,18.4875,9226597.0
442,2019-11-04,18.5575,18.6875,18.3775,18.5375,4112206.0
443,2019-11-05,18.4575,18.5075,17.7475,18.0175,4890717.0
444,2019-11-06,18.0775,18.2875,17.9975,18.1375,4463543.0
445,2019-11-07,18.1075,18.1275,17.9275,17.9475,5217781.0
446,2019-11-08,17.8575,18.3175,17.8075,18.2375,3763377.0
447,2019-11-11,18.3075,18.7575,18.2675,18.5375,5104307.0
448,2019-11-12,18.6075,18.7075,18.2275,18.3375,3429966.0
449,2019-11-13,18.2675,18.5775,18.2375,18.3075,3602258.0
450,2019-11-14,18.3575,18.5575,18.3175,18.5475,4063292.0
451,2019-11-15,18.5375,18.5975,18.4275,18.5975,2400058.0
452,2019-11-18,18.6175,18.7075,18.4375,18.5175,2872495.0
453,2019-11-19,18.4575,18.4975,18.2275,18.4375,6405175.0
454,2019-11-20,18.3675,18.6775,18.3675,18.6575,5815456.0
455,2019-11-21,18.6575,18.6975,18.2775,18.3075,3966482.0
456,2019-11-22,18.3675,18.4875,18.1175,18.2775,3494148.0
457,2019-11-25,18.3775,18.7075,18.2875,18.4375,5428966.0
458,2019-11-26,18.4575,18.5875,18.3775,18.5575,22601946.0
459,2019-11-27,18.4975,18.8575,18.4675,18.8475,2503798.0
460,2019-11-29,18.7675,18.8975,18.6575,18.6875,1070613.0
461,2019-12-02,18.6275,18.6775,18.2775,18.4275,4423942.0
462,2019-12-03,18.3175,18.6875,18.3075,18.6175,3248782.0
463,2019-12-04,18.5275,18.7875,18.4375,18.4375,3653104.0
464,2019-12-05,18.4775,18.7275,18.4575,18.6575,5776470.0
465,2019-12-06,18.6975,18.9275,18.5675,18.8975,3396904.0
466,2019-12-09,18.8975,18.9675,18.7975,18.8775,2710203.0
467,2019-12-10,18.8375,18.9775,18.7275,18.8575,5947632.0
468,2019-12-11,18.8575,19.0075,18.5375,18.6475,2700320.0
469,2019-12-12,18.7375,18.9075,18.4475,18.6075,2824152.0
470,2019-12-13,18.5875,18.7175,18.2275,18.2875,6139553.0
471,2019-12-16,18.3075,18.6275,18.0975,18.5675,6800285.0
472,2019-12-17,18.6075,18.9475,18.5375,18.8075,3242163.0
473,2019-12-18,18.8275,19.0775,18.7475,18.9875,4195192.0
474,2019-12-19,19.0575,19.2775,18.9475,19.2775,3944172.0
475,2019-12-20,19.4975,19.4975,19.2275,19.3175,3467033.0
476,2019-12-23,19.4175,19.4375,19.2075,19.2975,2799266.0
477,2019-12-24,19.2575,19.3275,19.0975,19.1575,1061207.0
478,2019-12-26,19.255,19.395,19.195,19.285,1940078.0
479,2019-12-27,19.395,19.495,19.295,19.495,1176029.0
480,2019-12-30,19.475,19.555,19.355,19.535,2036861.0
481,2019-12-31,19.575,19.805,19.545,19.805,1732650.0
482,2020-01-02,19.875,19.915,19.295,19.535,2070426.0
483,2020-01-03,19.415,19.635,19.325,19.555,1944019.0
484,2020-01-06,19.465,19.595,19.225,19.295,4170490.0
485,2020-01-07,19.185,19.335,18.965,19.195,3175972.0
486,2020-01-08,19.245,19.405,18.995,19.355,4319989.0
487,2020-01-09,19.305,19.625,19.275,19.605,3412803.0
488,2020-01-10,19.685,19.745,19.545,19.625,4035401.0
489,2020-01-13,19.655,19.685,19.485,19.605,4080811.0
490,2020-01-14,19.615,19.845,19.515,19.725,6286248.0
491,2020-01-15,19.905,20.395,19.755,20.235,6235125.0
492,2020-01-16,20.385,20.505,20.305,20.445,2938449.0
493,2020-01-17,20.445,20.675,20.385,20.525,2536119.0
494,2020-01-21,20.545,20.825,20.535,20.625,3232401.0
495,2020-01-22,20.695,20.935,20.685,20.805,2841201.0
496,2020-01-23,20.805,21.015,20.725,20.865,2861870.0
497,2020-01-24,20.905,21.115,20.805,20.905,2351633.0
498,2020-01-27,20.775,20.775,20.455,20.625,3371692.0
499,2020-01-28,20.675,20.725,20.525,20.565,2001022.0
500,2020-01-29,20.655,20.995,20.555,20.985,1930910.0
501,2020-01-30,20.855,21.385,20.815,21.085,5231852.0
502,2020-01-31,21.065,21.195,20.865,21.055,3314011.0
503,2020-02-03,21.035,21.275,20.975,21.105,2569830.0
504,2020-02-04,21.225,21.415,21.205,21.285,2528200.0
505,2020-02-05,21.315,21.425,21.055,21.215,7014853.0
506,2020-02-06,21.285,21.565,21.135,21.405,4119187.0
507,2020-02-07,21.465,21.465,21.265,21.375,1926385.0
508,2020-02-10,21.495,21.735,21.305,21.735,2392582.0
509,2020-02-11,21.745,21.955,21.695,21.945,3112124.0
510,2020-02-12,21.925,22.125,21.745,21.975,3088473.0
511,2020-02-13,21.905,22.145,21.885,22.145,4303064.0
512,2020-02-14,22.185,22.365,22.085,22.365,4269492.0
513,2020-02-18,22.345,22.395,22.015,22.135,3292171.0
514,2020-02-19,22.125,22.175,21.625,21.725,4052621.0
515,2020-02-20,21.765,22.415,21.735,22.385,4465493.0
516,2020-02-21,22.635,23.005,22.045,22.405,4698746.0
517,2020-02-24,22.065,22.195,21.725,21.755,4663348.0
518,2020-02-25,21.815,21.945,20.865,20.945,7014264.0
519,2020-02-26,20.945,21.365,19.865,19.895,9770668.0
520,2020-02-27,19.515,19.855,18.485,19.055,12384458.0
521,2020-02-28,18.335,19.315,17.865,19.315,10429659.0
522,2020-03-02,19.425,19.575,18.315,18.915,6889897.0
523,2020-03-03,19.275,19.775,18.855,18.975,6748015.0
524,2020-03-04,19.255,19.915,19.055,19.905,4536558.0
525,2020-03-05,19.445,19.525,18.755,19.155,5566944.0
526,2020-03-06,18.615,18.845,17.985,18.475,4989534.0
527,2020-03-09,17.155,17.295,15.805,15.925,4455291.0
528,2020-03-10,16.535,17.285,15.795,17.275,3999476.0
529,2020-03-11,16.705,16.735,14.835,14.875,4945934.0
530,2020-03-12,13.545,13.825,10.345,10.485,11594686.0
531,2020-03-13,11.995,12.535,10.055,11.855,13095379.0
532,2020-03-16,9.665,9.665,5.865,6.815,14389385.0
533,2020-03-17,6.985,7.405,4.625,7.275,13183091.0
534,2020-03-18,6.105,6.375,4.105,5.455,12937177.0
535,2020-03-19,5.265,7.055,4.105,5.745,9753564.0
536,2020-03-20,5.755,7.675,5.755,6.565,13213235.0
537,2020-03-23,6.425,6.565,5.515,5.995,9180025.0
538,2020-03-24,6.855,7.685,6.325,7.365,7614414.0
539,2020-03-25,7.865,10.715,7.865,9.685,8514464.0
540,2020-03-26,10.065,10.905,9.765,10.405,6194146.0
541,2020-03-27,9.615,10.805,9.385,10.365,6137498.0
542,2020-03-30,10.2525,10.7525,8.9325,10.5925,5639812.0
543,2020-03-31,10.6225,11.5025,10.2525,11.1925,8263306.0
544,2020-04-01,10.2925,10.5725,9.3125,9.5925,5662794.0
545,2020-04-02,9.8525,9.9625,8.9625,9.3825,5291172.0
546,2020-04-03,9.2225,9.3725,7.8925,8.3325,4043073.0
547,2020-04-06,8.4125,9.4225,8.3625,8.8125,8544244.0
548,2020-04-07,10.0825,10.7225,9.0025,9.0725,8567710.0
549,2020-04-08,9.3825,10.6925,8.9625,10.4725,4330591.0
550,2020-04-09,10.9025,12.6325,10.9025,11.7125,4932794.0
551,2020-04-13,11.5425,11.5425,10.1925,11.1325,2984485.0
552,2020-04-14,11.3925,12.2325,11.3925,11.5325,9244385.0
553,2020-04-15,10.6325,11.0125,10.4025,10.6425,3344298.0
554,2020-04-16,10.6425,10.8525,10.0825,10.3025,7078154.0
555,2020-04-17,11.2625,11.3525,10.5225,10.6425,4253618.0
556,2020-04-20,10.2625,10.6825,10.0525,10.2325,3657792.0
557,2020-04-21,9.5825,10.2425,9.4525,9.9025,3282472.0
558,2020-04-22,10.3125,10.3925,9.7725,10.0525,2969493.0
559,2020-04-23,10.1725,10.3025,9.7425,9.8325,3111736.0
560,2020-04-24,10.0125,10.5025,9.8125,10.1325,3275483.0
561,2020-04-27,10.2325,11.2125,10.1525,10.8625,5262572.0
562,2020-04-28,11.2025,11.7325,10.8825,11.3325,7926225.0
563,2020-04-29,11.6125,12.9025,11.5525,12.4525,11952578.0
564,2020-04-30,11.8025,12.2525,11.2525,11.9725,7032571.0
565,2020-05-01,11.6825,11.9325,10.5925,11.1125,5214968.0
566,2020-05-04,10.7225,11.0125,10.0525,10.9325,3768052.0
567,2020-05-05,11.1425,11.5225,10.7925,10.9825,2666310.0
568,2020-05-06,11.1725,11.2625,10.4625,10.8025,3148587.0
569,2020-05-07,11.1925,11.5325,10.9725,11.1225,4977452.0
570,2020-05-08,11.5425,11.7625,11.2725,11.6425,3635293.0
571,2020-05-11,11.2425,11.6825,11.0925,11.2525,3819903.0
572,2020-05-12,11.2425,11.3625,10.1425,10.3225,5403561.0
573,2020-05-13,10.1125,10.2525,9.2525,9.4225,5234857.0
574,2020-05-14,9.0225,10.1025,8.5225,9.7425,10437422.0
575,2020-05-15,9.5125,9.9925,9.1825,9.8525,3272233.0
576,2020-05-18,10.7625,11.2825,10.6125,11.0725,4346817.0
577,2020-05-19,10.9925,11.9725,10.7125,11.7925,3848142.0
578,2020-05-20,12.0425,13.0325,11.9925,12.4725,6820047.0
579,2020-05-21,12.2825,13.0725,12.2825,12.8825,3801020.0
580,2020-05-22,12.8225,13.5025,12.6425,13.3825,3208567.0
581,2020-05-26,14.4425,14.8625,13.9725,14.3825,5704921.0
582,2020-05-27,14.6625,15.0925,13.9025,14.6125,4441124.0
583,2020-05-28,14.8725,15.0825,13.9125,13.9325,4164297.0
584,2020-05-29,13.6825,14.3025,13.3825,14.1725,4860539.0
585,2020-06-01,14.0925,15.2825,14.0825,15.1525,3415608.0
586,2020-06-02,15.5525,15.5625,14.8125,15.0125,6044128.0
587,2020-06-03,15.3625,16.6625,15.3025,16.4625,6084127.0
588,2020-06-04,16.4525,17.3425,16.0525,16.7825,5951201.0
589,2020-06-05,17.8425,18.5325,17.1225,17.5425,8180052.0
590,2020-06-08,18.0725,18.1525,17.2125,17.3825,7457095.0
591,2020-06-09,16.6225,17.1025,16.3325,16.5525,3233003.0
592,2020-06-10,16.2825,16.5025,15.0125,15.7025,6402453.0
593,2020-06-11,14.4125,15.3325,14.0725,15.0625,4862246.0
594,2020-06-12,16.0425,16.8825,15.5725,16.8425,5657102.0
595,2020-06-15,15.9325,17.6625,15.7525,17.3825,23879703.0
596,2020-06-16,18.2825,18.2825,16.4425,16.9225,11727818.0
597,2020-06-17,17.4025,17.8725,17.1225,17.4525,15194179.0
598,2020-06-18,17.1625,17.4225,16.9925,17.1525,3744639.0
599,2020-06-19,16.9725,17.3125,16.5925,17.0325,8661100.0
600,2020-06-22,16.8025,16.8025,16.0225,16.3425,7861874.0
601,2020-06-23,16.6425,16.9525,16.4025,16.6125,7770794.0
602,2020-06-24,16.2625,16.3525,15.1025,15.6325,6572282.0
603,2020-06-25,15.4125,15.8025,15.2325,15.6125,4713800.0
604,2020-06-26,15.5225,15.6125,14.2825,14.5825,6022905.0
605,2020-06-29,14.91,15.08,14.34,14.85,7746376.0
606,2020-06-30,14.84,15.15,14.68,15.04,4043954.0
607,2020-07-01,15.19,15.69,15.09,15.55,2514940.0
608,2020-07-02,16.09,16.17,15.52,15.71,4136388.0
609,2020-07-06,16.25,16.34,15.03,15.07,4423680.0
610,2020-07-07,14.75,15.31,14.59,14.84,2779843.0
611,2020-07-08,14.91,15.1,14.65,15.05,2158792.0
612,2020-07-09,15.05,15.16,14.45,14.64,9129082.0
613,2020-07-10,14.57,14.95,14.4,14.81,4395666.0
614,2020-07-13,14.94,15.3,14.51,14.6,2585806.0
615,2020-07-14,14.59,14.73,14.17,14.53,6223846.0
616,2020-07-15,14.94,16.04,14.92,16.04,4350356.0
617,2020-07-16,15.84,15.98,15.09,15.91,6878887.0
618,2020-07-17,15.98,16.55,15.82,16.4,4457778.0
619,2020-07-20,16.41,16.48,15.77,15.98,4622587.0
620,2020-07-21,16.05,16.43,16.0,16.32,4029094.0
621,2020-07-22,16.16,17.15,16.15,17.11,8973723.0
622,2020-07-23,16.88,17.07,16.41,16.45,5803264.0
623,2020-07-24,16.22,16.44,15.86,15.88,2356641.0
624,2020-07-27,15.85,15.85,15.19,15.62,3104535.0
625,2020-07-28,15.47,15.83,15.24,15.56,5260891.0
626,2020-07-29,15.74,16.42,15.56,16.27,3427935.0
627,2020-07-30,15.82,16.79,15.82,16.51,2751676.0
628,2020-07-31,16.54,16.59,15.95,16.56,2477386.0
629,2020-08-03,16.55,16.91,16.25,16.85,2474049.0
630,2020-08-04,16.84,17.59,16.84,17.55,5922102.0
631,2020-08-05,17.67,17.79,16.98,17.21,3307559.0
632,2020-08-06,17.15,17.75,17.11,17.55,2551950.0
633,2020-08-07,17.42,17.84,17.4,17.73,1690982.0
634,2020-08-10,17.85,18.29,17.81,17.98,8169204.0
635,2020-08-11,18.19,18.51,18.02,18.12,3785789.0
636,2020-08-12,18.32,18.51,18.15,18.19,3023480.0
637,2020-08-13,18.13,18.36,17.82,17.87,5811560.0
638,2020-08-14,17.7,18.08,17.54,17.78,3770394.0
639,2020-08-17,17.81,18.06,17.51,18.04,5600876.0
640,2020-08-18,18.04,18.14,17.64,17.83,1828281.0
641,2020-08-19,17.78,18.02,17.67,17.96,3072405.0
642,2020-08-20,17.9,18.25,17.77,17.96,1703453.0
643,2020-08-21,18.0,18.18,17.01,17.37,2452893.0
644,2020-08-24,17.38,17.86,17.29,17.84,1318751.0
645,2020-08-25,17.86,18.0,17.55,17.75,1162836.0
646,2020-08-26,17.75,17.84,17.48,17.63,1114448.0
647,2020-08-27,17.67,18.25,17.67,17.99,2983364.0
648,2020-08-28,18.1,18.19,17.69,17.83,7731036.0
649,2020-08-31,17.88,17.88,17.18,17.19,5322060.0
650,2020-09-01,17.03,18.23,16.89,18.22,3213599.0
651,2020-09-02,18.16,18.46,17.52,18.44,2995847.0
652,2020-09-03,18.51,18.59,17.65,17.77,3165905.0
653,2020-09-04,17.96,18.5,17.18,17.73,5158310.0
654,2020-09-08,17.47,18.41,17.35,18.13,4750468.0
655,2020-09-09,18.29,18.76,18.13,18.62,6259329.0
656,2020-09-10,18.58,19.25,18.53,18.6,3738676.0
657,2020-09-11,18.91,18.98,18.58,18.91,2786965.0
658,2020-09-14,18.99,19.79,18.92,19.66,3675767.0
659,2020-09-15,19.87,20.63,19.75,20.27,8309672.0
660,2020-09-16,20.62,20.91,19.89,19.95,12975653.0
661,2020-09-17,19.99,20.03,19.05,19.32,5312804.0
662,2020-09-18,19.15,19.38,18.47,18.66,13325312.0
663,2020-09-21,18.24,18.36,17.56,17.86,9327705.0
664,2020-09-22,17.82,18.67,17.76,18.11,4956422.0
665,2020-09-23,18.1,18.42,17.66,17.66,5711930.0
666,2020-09-24,17.66,18.19,17.51,17.88,4641715.0
667,2020-09-25,17.78,18.42,17.76,18.41,3239601.0
668,2020-09-28,19.07,19.19,18.69,19.04,3321347.0
669,2020-09-29,18.93,18.95,18.39,18.57,8353863.0
670,2020-09-30,18.73,19.12,18.38,18.55,5697882.0
671,2020-10-01,18.81,18.93,18.44,18.9,10574151.0
672,2020-10-02,18.41,19.34,18.3,19.24,5321377.0
673,2020-10-05,19.51,19.6,18.96,19.43,2407271.0
674,2020-10-06,19.54,19.61,18.84,19.03,6357040.0
675,2020-10-07,19.18,19.28,18.86,18.9,3869585.0
676,2020-10-08,19.07,19.36,18.94,19.2,3504770.0
677,2020-10-09,19.43,19.56,18.74,18.82,6848793.0
678,2020-10-12,19.01,19.09,18.77,19.05,2414815.0
679,2020-10-13,18.87,19.02,18.69,18.89,4681842.0
680,2020-10-14,18.94,19.13,18.71,18.86,2229297.0
681,2020-10-15,18.53,19.18,18.53,19.12,5262772.0
682,2020-10-16,19.03,19.2,18.85,18.86,1776157.0
683,2020-10-19,19.16,19.16,18.27,18.33,1813073.0
684,2020-10-20,18.52,18.73,18.38,18.45,1563850.0
685,2020-10-21,18.38,18.68,18.14,18.61,2767727.0
686,2020-10-22,18.61,19.19,18.55,19.08,1978147.0
687,2020-10-23,19.22,19.35,19.03,19.29,1559876.0
688,2020-10-26,19.1,19.1,18.26,18.57,2987325.0
689,2020-10-27,18.57,18.77,17.81,17.81,2916478.0
690,2020-10-28,17.39,18.13,17.31,17.72,3365898.0
691,2020-10-29,17.79,18.68,17.55,18.43,3161985.0
692,2020-10-30,18.48,18.53,17.77,18.13,3270562.0
693,2020-11-02,18.28,18.87,18.2,18.82,2738522.0
694,2020-11-03,19.09,19.25,18.88,19.1,2654029.0
695,2020-11-04,19.15,19.88,19.01,19.66,6800165.0
696,2020-11-05,19.96,20.07,19.26,19.31,3652048.0
697,2020-11-06,19.34,19.49,19.01,19.16,1775321.0
698,2020-11-09,20.67,21.12,18.96,19.0,9458742.0
699,2020-11-10,18.96,20.46,18.93,20.46,6510729.0
700,2020-11-11,20.78,20.8,20.2,20.58,3887441.0
701,2020-11-12,20.5,20.5,19.78,20.08,2628310.0
702,2020-11-13,20.35,21.04,20.31,20.99,7178646.0
703,2020-11-16,21.88,21.99,21.02,21.38,3002174.0
704,2020-11-17,21.42,21.82,20.82,21.61,5599211.0
705,2020-11-18,21.43,21.72,20.97,20.99,7794564.0
706,2020-11-19,20.87,21.35,20.44,21.05,6240460.0
707,2020-11-20,21.05,21.29,20.88,21.05,4072419.0
708,2020-11-23,21.2,21.73,21.11,21.27,7212611.0
709,2020-11-24,21.72,22.05,21.22,21.29,5144150.0
710,2020-11-25,21.23,21.42,20.55,20.68,3098118.0
711,2020-11-27,20.79,21.17,20.63,20.86,1715577.0
712,2020-11-30,20.78,21.18,20.35,20.47,11679653.0
713,2020-12-01,20.64,21.07,20.53,20.7,4767656.0
714,2020-12-02,20.67,20.82,20.18,20.49,3870702.0
715,2020-12-03,20.44,21.48,20.38,21.24,3253487.0
716,2020-12-04,21.52,21.53,21.05,21.09,2316774.0
717,2020-12-07,20.97,21.24,20.69,20.88,2901960.0
718,2020-12-08,20.84,20.97,20.62,20.76,3808669.0
719,2020-12-09,20.89,21.02,20.47,20.62,4835875.0
720,2020-12-10,20.55,20.94,20.4,20.61,4929133.0
721,2020-12-11,20.45,21.09,20.44,20.83,2828070.0
722,2020-12-14,20.94,21.28,20.48,20.56,4359350.0
723,2020-12-15,20.58,21.37,20.44,21.29,4544161.0
724,2020-12-16,21.53,21.53,21.06,21.23,3057470.0
725,2020-12-17,21.43,21.91,21.16,21.78,4638391.0
726,2020-12-18,21.85,21.85,20.71,20.97,6027097.0
727,2020-12-21,20.61,21.04,20.43,20.88,4013462.0
728,2020-12-22,20.97,21.45,20.91,21.44,3319015.0
729,2020-12-23,21.63,21.74,21.38,21.42,3384748.0
730,2020-12-24,21.42,21.68,21.16,21.39,709863.0
731,2020-12-28,21.48,21.48,21.17,21.3,2167354.0
732,2020-12-29,21.4,21.56,20.72,20.77,1951165.0
733,2020-12-30,20.75,21.22,20.75,21.18,1566388.0
734,2020-12-31,21.23,21.23,20.8,21.01,2195742.0
735,2021-01-04,21.03,21.41,20.15,20.16,3954902.0
736,2021-01-05,20.13,20.7,20.02,20.48,4441573.0
737,2021-01-06,20.7,20.99,20.27,20.54,4628252.0
738,2021-01-07,20.58,20.72,20.18,20.41,4119599.0
739,2021-01-08,20.62,21.48,20.51,21.18,9307825.0
740,2021-01-11,20.81,20.98,20.45,20.85,5691849.0
741,2021-01-12,21.01,21.01,20.65,20.74,6858842.0
742,2021-01-13,20.68,21.0,20.6,20.78,5661417.0
743,2021-01-14,20.95,21.07,20.61,20.83,5371726.0
744,2021-01-15,20.72,20.83,20.39,20.67,4180885.0
745,2021-01-19,20.77,20.91,20.47,20.88,4218470.0
746,2021-01-20,21.14,21.93,20.96,21.88,5013599.0
747,2021-01-21,22.02,22.07,21.49,21.76,3005781.0
748,2021-01-22,21.78,21.92,21.53,21.9,2958281.0
749,2021-01-25,21.87,22.26,21.61,21.76,14339619.0
750,2021-01-26,22.0,22.06,21.18,21.58,5304451.0
751,2021-01-27,21.3,21.57,20.25,20.26,8293757.0
752,2021-01-28,20.37,21.61,20.35,21.36,8330822.0
753,2021-01-29,21.2,21.27,20.42,20.79,3442016.0
754,2021-02-01,20.85,21.81,20.73,21.81,7568058.0
755,2021-02-02,21.9,22.28,21.62,22.28,3477424.0
756,2021-02-03,22.16,22.44,21.91,22.15,3079048.0
757,2021-02-04,22.18,22.49,22.11,22.3,3675240.0
758,2021-02-05,22.51,22.65,22.36,22.46,3195168.0
759,2021-02-08,22.43,22.51,22.16,22.24,2440768.0
760,2021-02-09,22.16,22.34,21.95,22.15,2984549.0
761,2021-02-10,22.39,22.75,22.25,22.5,7034665.0
762,2021-02-11,22.64,22.82,22.23,22.55,5659464.0
763,2021-02-12,22.35,23.03,22.29,22.77,7260703.0
764,2021-02-16,23.03,23.06,22.45,22.69,4840325.0
765,2021-02-17,22.59,22.86,22.42,22.82,5411670.0
766,2021-02-18,22.66,22.95,22.58,22.63,3753967.0
767,2021-02-19,22.8,23.67,22.8,23.47,6385293.0
768,2021-02-22,23.49,24.07,23.05,23.92,8740165.0
769,2021-02-23,24.03,24.06,23.29,23.81,3788931.0
770,2021-02-24,23.88,24.17,23.69,23.99,8394844.0
771,2021-02-25,24.03,24.26,23.19,23.71,2324241.0
772,2021-02-26,23.7,24.05,23.33,24.01,4928082.0
773,2021-03-01,24.69,24.71,24.26,24.38,6592851.0
774,2021-03-02,24.3,24.47,23.82,23.99,6060457.0
775,2021-03-03,24.02,24.84,23.91,24.7,7649974.0
776,2021-03-04,24.79,25.38,23.67,24.16,27516785.0
777,2021-03-05,24.54,24.74,23.4,24.73,11333850.0
778,2021-03-08,24.75,25.1,24.02,24.05,4616862.0
779,2021-03-09,24.09,24.55,23.77,24.25,5194118.0
780,2021-03-10,24.31,24.67,24.19,24.28,4301961.0
781,2021-03-11,24.48,25.01,23.94,24.07,5469349.0
782,2021-03-12,24.07,24.34,23.47,24.03,9484201.0
783,2021-03-15,24.28,24.47,23.98,24.37,9540727.0
784,2021-03-16,24.51,24.51,23.45,23.62,3950461.0
785,2021-03-17,23.63,24.53,23.62,24.5,4365799.0
786,2021-03-18,24.32,24.56,23.48,23.5,3599991.0
787,2021-03-19,23.52,24.0,23.24,23.54,4899720.0
788,2021-03-22,23.66,23.89,23.52,23.71,2748198.0
789,2021-03-23,23.65,23.85,23.2,23.36,4044098.0
790,2021-03-24,23.51,23.73,22.77,22.77,4411444.0
791,2021-03-25,22.42,23.21,22.25,23.13,5244776.0
792,2021-03-26,23.35,23.54,23.02,23.48,2621024.0
793,2021-03-29,23.48,23.76,23.29,23.61,5718902.0
794,2021-03-30,23.61,24.06,23.47,24.05,3374386.0
795,2021-03-31,24.0,24.53,23.86,24.08,6142813.0
796,2021-04-01,24.51,24.69,24.15,24.68,4860259.0
797,2021-04-05,24.84,24.87,24.51,24.82,5229868.0
798,2021-04-06,24.94,25.08,24.62,24.92,3997073.0
799,2021-04-07,24.97,25.05,24.71,24.99,4503332.0
800,2021-04-08,25.1,25.25,24.76,24.96,5005822.0
801,2021-04-09,24.95,25.12,24.5,24.53,5753850.0
802,2021-04-12,24.57,24.79,24.19,24.48,9825966.0
803,2021-04-13,24.44,25.27,24.41,25.26,4832874.0
804,2021-04-14,25.27,25.35,24.57,24.67,4586192.0
805,2021-04-15,24.84,25.37,24.68,25.29,3267362.0
806,2021-04-16,25.37,25.86,25.25,25.78,8816199.0
807,2021-04-19,25.84,25.98,25.47,25.71,3754388.0
808,2021-04-20,25.85,26.04,25.63,25.99,4604622.0
809,2021-04-21,25.99,26.44,25.81,26.37,4146883.0
810,2021-04-22,26.35,26.51,26.09,26.43,4534345.0
811,2021-04-23,26.51,26.65,26.25,26.64,3301799.0
812,2021-04-26,26.77,26.96,26.57,26.75,4630667.0
813,2021-04-27,26.84,27.0,26.62,26.98,6027595.0
814,2021-04-28,27.1,27.54,27.02,27.31,6181725.0
815,2021-04-29,27.54,27.72,27.19,27.6,5833324.0
816,2021-04-30,27.43,27.72,27.16,27.54,9397683.0
817,2021-05-03,27.26,28.13,27.26,27.89,6512625.0
818,2021-05-04,27.89,27.97,27.13,27.53,4247530.0
819,2021-05-05,27.25,27.43,26.66,27.05,7389837.0
820,2021-05-06,27.02,27.09,26.45,26.71,3268850.0
821,2021-05-07,26.77,27.26,26.67,27.24,4951163.0
822,2021-05-10,27.44,27.57,27.12,27.12,4516711.0
823,2021-05-11,26.75,26.93,26.26,26.5,6210421.0
824,2021-05-12,26.34,26.63,25.43,25.49,3144596.0
825,2021-05-13,25.5,26.17,25.48,25.92,3329749.0
826,2021-05-14,26.12,26.84,25.92,26.71,2100278.0
827,2021-05-17,26.59,27.06,26.43,27.03,7298209.0
828,2021-05-18,27.19,27.25,26.61,26.64,3916326.0
829,2021-05-19,26.28,26.56,26.02,26.52,3402715.0
830,2021-05-20,26.52,27.1,26.43,27.04,2020603.0
831,2021-05-21,27.04,27.19,26.78,26.83,3107087.0
832,2021-05-24,27.14,27.44,26.95,27.23,2725316.0
833,2021-05-25,27.23,27.51,27.17,27.19,2859344.0
834,2021-05-26,27.09,27.5,27.03,27.24,2838320.0
835,2021-05-27,27.2,27.24,26.49,26.72,8653366.0
836,2021-05-28,26.88,27.06,26.71,26.97,3380626.0
837,2021-06-01,27.27,27.51,27.15,27.51,3834428.0
838,2021-06-02,27.68,27.7,27.29,27.63,2663804.0
839,2021-06-03,27.56,27.74,27.19,27.58,3299777.0
840,2021-06-04,27.84,27.84,27.41,27.63,4511701.0
841,2021-06-07,27.84,28.32,27.78,28.13,2975231.0
842,2021-06-08,28.07,29.17,28.04,28.98,5645334.0
843,2021-06-09,29.13,29.19,28.47,28.49,4913943.0
844,2021-06-10,28.52,28.76,28.34,28.67,2064624.0
845,2021-06-11,28.59,28.67,28.43,28.64,4161393.0
846,2021-06-14,28.65,28.86,28.52,28.66,3094858.0
847,2021-06-15,28.86,28.9,28.36,28.47,4509031.0
848,2021-06-16,28.47,28.88,28.4,28.48,3381173.0
849,2021-06-17,28.51,28.83,28.08,28.17,4440907.0
850,2021-06-18,27.9,28.26,27.04,27.05,6894328.0
851,2021-06-21,27.18,27.92,27.09,27.87,3563280.0
852,2021-06-22,27.95,28.12,27.72,27.74,6744516.0
853,2021-06-23,27.73,27.9,27.48,27.51,2775583.0
854,2021-06-24,27.63,27.71,27.24,27.28,3974533.0
855,2021-06-25,27.22,28.06,27.22,28.05,5107465.0
856,2021-06-28,28.19,28.21,27.2,27.49,2635919.0
857,2021-06-29,27.48,27.7,27.16,27.21,3382763.0
858,2021-06-30,27.17,27.57,27.08,27.19,4658121.0
859,2021-07-01,27.16,27.68,27.16,27.24,5727945.0
860,2021-07-02,27.39,27.7,27.2,27.26,4595625.0
861,2021-07-06,27.37,27.45,26.71,27.08,7510218.0
862,2021-07-07,27.0,27.33,26.87,26.97,5084948.0
863,2021-07-08,26.62,26.92,26.23,26.87,3602256.0
864,2021-07-09,27.16,27.62,27.09,27.61,3852241.0
865,2021-07-12,27.56,28.14,27.47,28.03,2702603.0
866,2021-07-13,28.08,28.08,27.46,27.46,2432070.0
867,2021-07-14,27.48,27.69,27.32,27.44,3757586.0
868,2021-07-15,27.25,27.65,27.17,27.54,3389105.0
869,2021-07-16,27.63,27.7,27.31,27.31,2297355.0
870,2021-07-19,26.87,26.92,26.26,26.55,3212852.0
871,2021-07-20,26.62,28.01,26.59,27.84,3103832.0
872,2021-07-21,27.95,28.46,27.92,28.19,2122145.0
873,2021-07-22,28.17,28.17,27.69,27.76,1601133.0
874,2021-07-23,28.09,28.17,27.91,28.13,1840048.0
875,2021-07-26,28.02,28.34,27.69,27.72,3167641.0
876,2021-07-27,27.67,27.97,27.53,27.91,3222393.0
877,2021-07-28,27.97,28.04,27.36,27.64,2499221.0
878,2021-07-29,27.49,28.0,27.12,27.16,2767335.0
879,2021-07-30,27.23,27.68,27.23,27.36,2700025.0
880,2021-08-02,27.59,27.94,26.82,26.86,2878696.0
881,2021-08-03,26.87,27.01,26.08,26.43,3347212.0
882,2021-08-04,26.28,26.46,25.43,26.35,21477238.0
883,2021-08-05,26.43,26.93,26.33,26.8,8753471.0
884,2021-08-06,26.82,27.06,26.31,26.56,8179360.0
885,2021-08-09,26.53,26.56,26.11,26.38,5469005.0
886,2021-08-10,26.43,26.79,25.92,25.96,5334979.0
887,2021-08-11,26.05,26.69,25.78,26.51,3260412.0
888,2021-08-12,26.59,26.63,26.2,26.39,2618599.0
889,2021-08-13,26.47,26.53,26.19,26.2,2274614.0
890,2021-08-16,26.21,26.31,26.05,26.22,3636265.0
891,2021-08-17,26.15,26.23,25.82,26.06,4199156.0
892,2021-08-18,26.1,26.16,25.81,25.88,4449784.0
893,2021-08-19,25.77,25.94,25.26,25.44,4779647.0
894,2021-08-20,25.38,25.65,25.13,25.47,5618055.0
895,2021-08-23,25.55,25.92,25.52,25.58,4794164.0
896,2021-08-24,25.59,25.72,25.44,25.64,3536330.0
897,2021-08-25,25.93,26.05,25.54,25.87,4533097.0
898,2021-08-26,25.86,26.2,25.65,26.2,6214463.0
899,2021-08-27,26.22,26.94,26.2,26.69,7001267.0
900,2021-08-30,26.63,26.92,26.44,26.92,4271011.0
901,2021-08-31,26.82,27.09,26.67,27.08,6408841.0
902,2021-09-01,27.23,27.67,27.09,27.53,5298419.0
903,2021-09-02,27.49,27.85,27.36,27.85,4606310.0
904,2021-09-03,27.9,28.28,27.63,28.2,3393151.0
905,2021-09-07,28.24,28.26,27.68,27.75,3467119.0
906,2021-09-08,27.67,27.96,27.55,27.92,2569277.0
907,2021-09-09,26.8,27.3,25.96,26.05,15489835.0
908,2021-09-10,25.73,26.56,25.63,25.9,46362695.0
909,2021-09-13,26.34,26.41,25.91,26.12,11769536.0
910,2021-09-14,26.27,26.44,25.78,26.09,14805339.0
911,2021-09-15,26.07,26.48,25.92,26.3,13484388.0
912,2021-09-16,26.3,26.52,26.09,26.17,4743324.0
913,2021-09-17,26.06,26.38,25.6,25.74,13418529.0
914,2021-09-20,25.46,25.87,25.35,25.6,9042483.0
915,2021-09-21,25.92,26.07,25.49,25.49,5281517.0
916,2021-09-22,25.6,26.2,25.6,26.05,12713248.0
917,2021-09-23,26.28,26.61,26.0,26.55,9201797.0
918,2021-09-24,26.45,26.59,26.14,26.26,9693849.0
919,2021-09-27,26.39,26.56,25.79,25.9,4717284.0
920,2021-09-28,25.69,25.78,25.01,25.16,7616742.0
921,2021-09-29,25.27,25.64,25.19,25.4,4889794.0
922,2021-09-30,25.49,25.6,24.93,24.94,5275028.0
923,2021-10-01,25.03,25.68,24.96,25.66,6917915.0
924,2021-10-04,25.53,25.91,25.37,25.6,3985055.0
925,2021-10-05,25.63,25.74,25.34,25.39,6990041.0
926,2021-10-06,25.41,26.05,25.24,26.05,6946599.0
927,2021-10-07,26.22,26.53,26.06,26.14,4565438.0
928,2021-10-08,26.12,26.3,25.7,25.76,4956589.0
929,2021-10-11,25.82,26.12,25.67,25.82,2432502.0
930,2021-10-12,25.92,26.42,25.88,26.22,4340907.0
931,2021-10-13,26.22,26.49,26.17,26.43,4308271.0
932,2021-10-14,26.64,26.72,26.48,26.58,4533771.0
933,2021-10-15,26.66,26.86,26.51,26.6,5400038.0
934,2021-10-18,26.54,26.78,26.28,26.69,3278319.0
935,2021-10-19,26.83,26.97,26.58,26.65,3587807.0
936,2021-10-20,26.79,26.89,26.55,26.78,4527967.0
937,2021-10-21,26.82,26.87,26.57,26.65,4582356.0
938,2021-10-22,26.8,27.04,26.6,26.71,4075854.0
939,2021-10-25,26.8,26.86,26.51,26.72,4247997.0
940,2021-10-26,26.78,27.02,26.68,26.71,5441257.0
941,2021-10-27,26.93,26.93,26.16,26.27,3497218.0
942,2021-10-28,26.38,26.59,25.91,26.53,5682251.0
943,2021-10-29,26.33,26.43,25.79,25.88,9193323.0
944,2021-11-01,25.88,26.19,25.65,26.07,4883494.0
945,2021-11-02,26.25,26.28,25.94,26.06,3746992.0
946,2021-11-03,26.08,26.39,25.89,26.24,4699934.0
947,2021-11-04,26.34,26.6,25.69,25.69,4519962.0
948,2021-11-05,26.13,26.45,25.95,26.27,4252297.0
949,2021-11-08,26.33,26.36,25.83,26.12,3712783.0
950,2021-11-09,26.08,26.14,25.63,25.77,3024053.0
951,2021-11-10,25.64,26.02,25.4,25.45,2460138.0
952,2021-11-11,25.52,25.7,25.31,25.67,7374900.0
953,2021-11-12,25.68,25.82,25.19,25.27,4183782.0
954,2021-11-15,25.45,26.09,25.43,26.09,7747950.0
955,2021-11-16,26.09,26.09,25.73,25.89,5825123.0
956,2021-11-17,25.85,25.88,25.27,25.7,7405892.0
957,2021-11-18,25.76,25.84,25.57,25.78,14266803.0
958,2021-11-19,25.58,25.74,24.85,24.99,7060928.0
959,2021-11-22,25.02,25.27,24.71,24.72,4501124.0
960,2021-11-23,24.79,24.97,24.47,24.79,4174170.0
961,2021-11-24,24.75,25.07,24.64,24.97,2981096.0
962,2021-11-26,24.64,24.7,23.85,24.34,4135371.0
963,2021-11-29,24.53,24.95,24.04,24.66,6679418.0
964,2021-11-30,24.38,24.42,23.66,23.73,9954612.0
965,2021-12-01,24.1,24.46,23.21,23.28,10238097.0
966,2021-12-02,23.4,24.19,23.27,23.94,4400493.0
967,2021-12-03,23.95,24.12,23.6,23.74,4364066.0
968,2021-12-06,23.91,24.48,23.81,24.2,4828076.0
969,2021-12-07,24.6,25.01,24.45,24.73,8178534.0
970,2021-12-08,24.77,25.43,24.67,25.33,5036559.0
971,2021-12-09,25.13,25.29,24.95,25.02,5615465.0
972,2021-12-10,25.16,25.4,24.73,24.89,4819643.0
973,2021-12-13,24.72,24.89,24.5,24.73,5561443.0
974,2021-12-14,24.67,24.81,24.17,24.18,6195721.0
975,2021-12-15,24.16,24.42,23.71,24.25,6657359.0
976,2021-12-16,24.35,24.6,23.95,24.09,5236664.0
977,2021-12-17,24.0,24.39,23.63,24.15,13173319.0
978,2021-12-20,23.7,24.05,23.41,24.02,7617793.0
979,2021-12-21,24.48,25.18,24.42,25.12,5352868.0
980,2021-12-22,25.19,25.55,25.16,25.49,4287628.0
981,2021-12-23,25.54,25.84,25.5,25.79,4531441.0
982,2021-12-27,25.84,26.18,25.7,26.17,3604764.0
983,2021-12-28,26.1,26.41,25.98,26.12,2651522.0
984,2021-12-29,26.1,26.35,25.88,26.34,2437055.0
985,2021-12-30,26.39,26.98,26.34,26.83,3623856.0
986,2021-12-31,26.81,27.25,26.75,27.0,3494397.0
987,2022-01-03,27.09,27.23,26.62,26.84,6614968.0
988,2022-01-04,26.95,27.25,26.72,27.04,5934452.0
989,2022-01-05,27.07,27.13,25.9,25.92,6693646.0
990,2022-01-06,26.08,26.3,25.44,25.88,7200009.0
991,2022-01-07,25.81,26.0,25.42,25.44,5241972.0
992,2022-01-10,25.39,25.66,25.06,25.6,6352873.0
993,2022-01-11,25.59,25.93,25.22,25.85,3083691.0
994,2022-01-12,25.81,26.04,25.66,25.7,3102781.0
995,2022-01-13,25.72,25.81,25.22,25.29,4603003.0
996,2022-01-14,25.19,25.53,25.0,25.43,5975393.0
997,2022-01-18,25.26,25.37,24.86,24.99,4155933.0
998,2022-01-19,25.11,25.24,24.69,24.69,3631035.0
999,2022-01-20,24.92,25.09,24.44,24.46,5159343.0
1000,2022-01-21,24.39,24.46,23.87,24.07,6744456.0
1001,2022-01-24,23.58,24.49,23.12,24.39,8413980.0
1002,2022-01-25,24.13,24.78,23.74,24.61,5236256.0
1003,2022-01-26,24.97,25.32,24.12,24.39,9617539.0
1004,2022-01-27,24.66,25.09,24.37,24.48,5833737.0
1005,2022-01-28,24.49,25.13,24.12,25.12,6480857.0
1006,2022-01-31,25.07,25.6,24.94,25.51,5687930.0
1007,2022-02-01,25.68,25.89,25.41,25.6,10106106.0
1008,2022-02-02,25.82,25.82,25.52,25.66,5327238.0
1009,2022-02-03,25.39,25.55,25.19,25.21,3556122.0
1010,2022-02-04,25.07,25.34,24.83,25.03,4625673.0
1011,2022-02-07,25.16,25.44,25.04,25.07,8230388.0
1012,2022-02-08,25.14,25.24,24.9,25.05,9698033.0
1013,2022-02-09,25.34,25.89,25.2,25.75,5029388.0
1014,2022-02-10,25.47,25.89,25.13,25.26,5989735.0
1015,2022-02-11,25.26,25.5,24.79,25.14,9776883.0
1016,2022-02-14,25.05,25.29,24.75,25.05,9146794.0
1017,2022-02-15,25.24,25.8,25.24,25.75,9021315.0
1018,2022-02-16,25.8,25.95,25.45,25.67,4384891.0
1019,2022-02-17,25.46,25.61,24.77,24.8,16853971.0
1020,2022-02-18,24.83,25.19,24.54,24.81,6953443.0
1021,2022-02-22,24.66,24.74,24.15,24.2,8097033.0
1022,2022-02-23,24.41,24.56,23.81,23.86,8576384.0
1023,2022-02-24,23.39,24.53,23.35,24.42,8207937.0
1024,2022-02-25,24.55,24.97,24.25,24.96,7524396.0
1025,2022-02-28,24.79,25.16,24.41,24.85,13127031.0
1026,2022-03-01,24.97,25.32,24.67,24.8,11712136.0
1027,2022-03-02,24.89,25.82,24.85,25.7,10468704.0
1028,2022-03-03,25.93,26.0,25.16,25.43,7945576.0
1029,2022-03-04,25.16,25.39,24.47,24.76,11627022.0
1030,2022-03-07,24.63,24.84,23.65,23.67,8733251.0
1031,2022-03-08,23.59,24.4,23.47,23.75,8846282.0
1032,2022-03-09,24.32,24.64,24.31,24.36,4441741.0
1033,2022-03-10,24.08,24.58,23.91,24.24,7021657.0
1034,2022-03-11,24.51,24.56,23.97,24.02,5085177.0
1035,2022-03-14,24.13,24.32,23.44,23.66,6116393.0
1036,2022-03-15,23.74,24.18,23.71,23.87,4771869.0
1037,2022-03-16,24.12,24.43,23.72,24.18,12087199.0
1038,2022-03-17,24.04,24.78,24.03,24.7,12574964.0
1039,2022-03-18,24.5,24.84,24.33,24.43,19908839.0
1040,2022-03-21,24.39,24.51,23.63,23.76,11635186.0
1041,2022-03-22,23.95,24.56,23.93,24.5,13408092.0
1042,2022-03-23,24.5,24.53,24.01,24.4,10899471.0
1043,2022-03-24,24.5,24.56,24.07,24.39,5890259.0
1044,2022-03-25,24.47,24.62,24.27,24.57,4810256.0
1045,2022-03-28,24.5,25.11,24.44,25.11,5741722.0
1046,2022-03-29,25.44,26.19,25.42,26.14,6781248.0
1047,2022-03-30,25.95,26.45,25.92,26.19,8785759.0
1048,2022-03-31,26.33,26.4,25.69,25.71,5773376.0
1049,2022-04-01,25.85,26.17,25.78,26.17,3558421.0
1050,2022-04-04,26.19,26.26,25.31,25.69,6585109.0
1051,2022-04-05,25.67,25.84,25.3,25.53,9426732.0
1052,2022-04-06,25.26,25.91,25.15,25.84,7847112.0
1053,2022-04-07,25.71,25.82,24.88,25.05,5921625.0
1054,2022-04-08,25.02,25.61,24.86,25.49,5592459.0
1055,2022-04-11,25.32,25.67,25.24,25.4,3571957.0
1056,2022-04-12,25.5,25.73,25.42,25.51,5444654.0
1057,2022-04-13,25.51,26.16,25.51,26.08,6189080.0
1058,2022-04-14,26.25,26.44,25.98,26.34,5128458.0
1059,2022-04-18,26.28,26.8,26.27,26.73,6967258.0
1060,2022-04-19,26.9,27.25,26.79,27.17,10184767.0
1061,2022-04-20,27.19,27.6,27.09,27.42,9604380.0
1062,2022-04-21,27.72,27.94,27.34,27.37,7107280.0
1063,2022-04-22,27.33,27.33,26.91,26.93,7984769.0
1064,2022-04-25,26.93,27.31,26.58,27.28,11444001.0
1065,2022-04-26,27.28,27.46,26.7,26.81,10613674.0
1066,2022-04-27,26.83,27.16,26.67,26.82,9987199.0
1067,2022-04-28,26.98,28.22,26.78,27.89,40779834.0
1068,2022-04-29,27.72,28.16,26.84,27.06,64837649.0
1069,2022-05-02,27.21,27.32,25.41,26.3,38991772.0
1070,2022-05-03,26.38,27.54,26.38,27.18,14946361.0
1071,2022-05-04,27.08,27.94,26.7,27.9,14106191.0
1072,2022-05-05,28.05,28.05,26.63,27.01,9928966.0
1073,2022-05-06,26.88,26.98,25.98,26.17,12071821.0
1074,2022-05-09,25.83,25.95,24.35,24.51,12655373.0
1075,2022-05-10,24.72,25.01,23.67,23.93,11636184.0
1076,2022-05-11,23.98,25.11,23.8,24.57,10322694.0
1077,2022-05-12,24.47,24.76,24.19,24.69,12490233.0
1078,2022-05-13,24.98,25.98,24.74,25.98,10260478.0
1079,2022-05-16,25.93,26.68,25.91,26.27,9206143.0
1080,2022-05-17,26.59,26.86,26.36,26.79,11779404.0
1081,2022-05-18,26.68,26.81,26.23,26.46,7267842.0
1082,2022-05-19,26.4,26.92,26.27,26.54,9337515.0
1083,2022-05-20,26.75,26.8,25.58,26.2,9057029.0
1084,2022-05-23,26.41,26.66,26.01,26.42,7353400.0
1085,2022-05-24,26.28,26.35,25.59,26.21,8945103.0
1086,2022-05-25,26.05,26.96,26.05,26.92,9314504.0
1087,2022-05-26,27.02,27.77,27.0,27.31,10613566.0
1088,2022-05-27,27.54,28.26,27.46,28.12,7772945.0
1089,2022-05-31,27.94,28.28,27.75,28.1,14179458.0
1090,2022-06-01,28.27,28.32,27.66,28.06,8539909.0
1091,2022-06-02,28.1,28.92,28.07,28.67,15305481.0
1092,2022-06-03,28.61,29.03,28.35,28.64,13981987.0
1093,2022-06-06,30.76,31.2,29.67,29.7,57119264.0
1094,2022-06-07,29.27,30.19,28.52,29.36,198882173.0
1095,2022-06-08,29.1,29.33,28.55,28.71,13388415.0
1096,2022-06-09,28.53,28.61,27.92,27.93,8526170.0
1097,2022-06-10,27.65,27.67,27.05,27.19,10566457.0
1098,2022-06-13,26.52,26.52,25.66,25.85,14162999.0
1099,2022-06-14,25.96,25.98,25.0,25.38,12096323.0
1100,2022-06-15,25.68,26.94,25.57,26.52,19125458.0
1101,2022-06-16,25.95,26.17,25.47,26.01,23740604.0
1102,2022-06-17,26.41,26.55,25.66,26.06,61550588.0
1103,2022-06-21,26.28,27.38,26.2,27.11,26139147.0
1104,2022-06-22,26.86,27.38,26.75,26.89,23956873.0
1105,2022-06-23,26.96,26.96,26.11,26.79,11633567.0
1106,2022-06-24,27.0,27.99,26.89,27.93,16266335.0
1107,2022-06-27,27.98,28.37,27.77,28.2,6817509.0
1108,2022-06-28,28.58,29.0,28.06,28.11,7680771.0
1109,2022-06-29,27.93,27.97,27.28,27.48,7617731.0
1110,2022-06-30,27.14,27.86,27.04,27.4,7646858.0
1111,2022-07-01,27.3,28.43,27.23,28.33,6351209.0
1112,2022-07-05,27.97,28.32,27.4,28.31,5533796.0
1113,2022-07-06,28.43,28.79,28.16,28.47,6763052.0
1114,2022-07-07,28.67,28.82,28.33,28.58,6394152.0
1115,2022-07-08,28.58,29.05,28.48,28.93,5453572.0
1116,2022-07-11,28.73,29.14,28.5,29.05,6081596.0
1117,2022-07-12,28.85,29.31,28.78,29.13,4879789.0
1118,2022-07-13,28.77,29.48,28.61,29.21,6409179.0
1119,2022-07-14,28.63,29.25,28.59,28.94,8001812.0
1120,2022-07-15,29.5,30.11,29.32,30.1,8523018.0
1121,2022-07-18,30.11,30.2,29.7,29.81,5769453.0
1122,2022-07-19,30.11,30.55,30.03,30.52,7371664.0
1123,2022-07-20,30.56,30.92,30.26,30.61,6471275.0
1124,2022-07-21,30.59,30.61,30.23,30.6,5303202.0
1125,2022-07-22,30.82,30.87,30.37,30.67,4996791.0
1126,2022-07-25,30.73,30.95,30.43,30.73,6442469.0
1127,2022-07-26,30.61,30.83,30.46,30.49,7506766.0
1128,2022-07-27,30.57,31.16,30.5,31.11,7491856.0
1129,2022-07-28,31.42,31.46,30.23,31.41,6686949.0
1130,2022-07-29,31.37,32.01,31.27,31.8,14825172.0
1131,2022-08-01,31.64,32.1,31.4,31.82,6070794.0
1132,2022-08-02,31.72,32.22,31.72,31.81,5781900.0
1133,2022-08-03,32.11,32.29,31.62,31.65,6486255.0
1134,2022-08-04,31.66,32.05,31.54,31.63,6291312.0
1135,2022-08-05,31.4,32.08,31.36,32.06,4765619.0
1136,2022-08-08,32.33,32.55,32.13,32.18,4213310.0
1137,2022-08-09,32.25,32.41,32.16,32.29,5519441.0
1138,2022-08-10,32.61,32.66,32.26,32.42,8163412.0
1139,2022-08-11,32.54,32.57,32.16,32.43,6738364.0
1140,2022-08-12,32.57,33.02,32.52,33.0,7737659.0
1141,2022-08-15,32.93,33.3,32.88,33.14,4925930.0
1142,2022-08-16,33.03,33.21,32.79,32.88,5004531.0
1143,2022-08-17,32.61,32.83,32.37,32.62,4580210.0
1144,2022-08-18,32.65,32.76,32.55,32.69,3631272.0
1145,2022-08-19,32.44,32.61,32.18,32.23,7939779.0
1146,2022-08-22,31.89,32.04,31.47,31.54,5892348.0
1147,2022-08-23,31.62,31.66,31.28,31.3,6001131.0
1148,2022-08-24,31.38,31.87,31.27,31.6,8594689.0
1149,2022-08-25,31.87,32.04,31.7,31.97,6600411.0
1150,2022-08-26,31.97,31.97,31.24,31.25,5115267.0
1151,2022-08-29,31.08,31.68,30.95,31.14,7851887.0
1152,2022-08-30,31.18,31.32,30.58,30.7,4707912.0
1153,2022-08-31,30.9,31.0,30.44,30.6,5664385.0
1154,2022-09-01,30.41,30.76,30.11,30.72,5531815.0
1155,2022-09-02,31.04,31.09,30.19,30.28,4385720.0
1156,2022-09-06,30.47,30.89,30.34,30.78,4417039.0
1157,2022-09-07,30.78,31.23,30.71,31.11,3871658.0
1158,2022-09-08,30.93,31.2,30.71,31.03,4344804.0
1159,2022-09-09,31.2,31.45,31.04,31.33,3650833.0
1160,2022-09-12,31.45,31.77,31.38,31.65,4123788.0
1161,2022-09-13,31.03,31.38,30.61,30.75,6237014.0
1162,2022-09-14,30.53,30.88,30.39,30.83,4097964.0
1163,2022-09-15,30.88,31.11,30.59,30.72,3822668.0
1164,2022-09-16,30.7,31.08,30.22,31.03,16258819.0
1165,2022-09-19,30.73,31.21,30.64,31.15,7968502.0
1166,2022-09-20,30.87,30.87,30.44,30.59,5805358.0
1167,2022-09-21,30.92,30.99,30.01,30.02,5156745.0
1168,2022-09-22,30.04,30.21,29.4,29.49,5987579.0
1169,2022-09-23,29.11,29.27,28.46,28.88,5924110.0
1170,2022-09-26,28.82,29.2,28.29,28.49,5693197.0
1171,2022-09-27,28.86,29.08,28.47,28.65,6173423.0
1172,2022-09-28,28.91,29.01,28.41,28.88,9856209.0
1173,2022-09-29,28.57,28.57,27.35,27.39,10085425.0
1174,2022-09-30,27.66,28.1,27.42,27.85,8549878.0
1175,2022-10-03,28.26,28.76,27.89,28.54,5595967.0
1176,2022-10-04,28.83,29.55,28.81,29.36,8121297.0
1177,2022-10-05,28.95,29.52,28.66,29.37,6047189.0
1178,2022-10-06,29.3,29.56,28.85,28.96,4815874.0
1179,2022-10-07,28.71,28.97,28.45,28.64,4691240.0
1180,2022-10-10,28.73,28.86,28.35,28.35,4460627.0
1181,2022-10-11,28.24,28.83,27.95,28.72,4567343.0
1182,2022-10-12,28.64,28.87,28.34,28.59,3676532.0
1183,2022-10-13,28.12,28.87,27.46,28.72,6230986.0
1184,2022-10-14,29.04,29.09,27.63,27.65,5767852.0
1185,2022-10-17,28.14,28.6,28.03,28.45,4262133.0
1186,2022-10-18,28.91,29.17,28.32,28.61,6503415.0
1187,2022-10-19,28.28,28.47,27.34,27.4,7167036.0
1188,2022-10-20,27.47,28.0,27.31,27.69,5865225.0
1189,2022-10-21,27.7,28.09,27.29,28.05,5383937.0
1190,2022-10-24,28.3,28.44,27.75,27.89,5339364.0
1191,2022-10-25,28.0,28.8,27.95,28.74,4785104.0
1192,2022-10-26,28.74,28.96,28.5,28.66,4161687.0
1193,2022-10-27,28.9,29.31,28.83,28.99,4659714.0
1194,2022-10-28,28.92,30.2,28.6,30.13,5784628.0
1195,2022-10-31,29.77,30.19,29.66,30.02,5135449.0
1196,2022-11-01,30.26,30.77,30.18,30.7,5314905.0
1197,2022-11-02,30.52,30.83,29.75,30.01,10103439.0
1198,2022-11-03,29.7,30.25,29.39,29.99,5971322.0
1199,2022-11-04,28.93,29.51,28.88,29.43,15811957.0
1200,2022-11-07,29.6,29.98,29.32,29.8,8016520.0
1201,2022-11-08,29.89,30.0,29.62,29.78,6130553.0
1202,2022-11-09,29.59,29.98,29.44,29.53,6116091.0
1203,2022-11-10,30.3,30.92,30.09,30.62,8508746.0
1204,2022-11-11,30.77,30.87,30.01,30.13,6896305.0
1205,2022-11-14,29.96,30.12,29.58,29.65,5706833.0
1206,2022-11-15,30.03,30.09,29.26,29.85,8683314.0
1207,2022-11-16,29.78,29.88,29.49,29.65,5474002.0
1208,2022-11-17,29.3,29.83,29.25,29.82,4795303.0
1209,2022-11-18,30.24,30.42,29.97,30.3,5958858.0
1210,2022-11-21,30.15,30.69,30.14,30.67,5576479.0
1211,2022-11-22,30.86,31.35,30.71,31.23,5260443.0
1212,2022-11-23,31.15,31.45,31.1,31.22,2184991.0
1213,2022-11-25,31.37,31.45,31.2,31.36,2709199.0
1214,2022-11-28,31.15,31.45,31.08,31.24,5735264.0
1215,2022-11-29,31.37,31.71,31.28,31.67,5154955.0
1216,2022-11-30,31.69,32.25,31.3,32.2,7231001.0
1217,2022-12-01,32.39,32.48,31.27,31.86,8627408.0
1218,2022-12-02,31.51,32.09,31.51,32.03,5094283.0
1219,2022-12-05,31.77,31.94,31.28,31.3,5024988.0
1220,2022-12-06,31.41,31.59,31.25,31.54,6652985.0
1221,2022-12-07,31.48,31.94,31.48,31.73,4498042.0
1222,2022-12-08,31.84,32.06,31.57,31.68,4920622.0
1223,2022-12-09,31.72,32.1,31.64,31.93,8135095.0
1224,2022-12-12,31.97,32.09,31.69,32.08,5520381.0
1225,2022-12-13,32.86,32.92,32.07,32.39,5229028.0
1226,2022-12-14,32.41,32.7,31.97,32.19,5700502.0
1227,2022-12-15,31.93,32.16,31.8,31.95,5851051.0
1228,2022-12-16,31.55,31.62,30.79,31.34,11032515.0
1229,2022-12-19,31.3,31.35,30.97,31.08,7016200.0
1230,2022-12-20,30.92,31.24,30.81,31.12,4777606.0
1231,2022-12-21,31.4,31.54,31.09,31.17,7093613.0
1232,2022-12-22,30.9,30.93,29.76,30.6,9676964.0
1233,2022-12-23,30.55,31.07,30.4,31.06,4467888.0
1234,2022-12-27,31.09,31.23,30.81,31.11,3844736.0
1235,2022-12-28,31.16,31.28,30.54,30.58,2797820.0
1236,2022-12-29,30.77,30.99,30.64,30.8,3125259.0
1237,2022-12-30,30.59,30.84,30.45,30.79,3433424.0
1238,2023-01-03,30.94,31.08,30.04,30.14,5713807.0
1239,2023-01-04,30.28,30.63,30.15,30.34,5880657.0
1240,2023-01-05,30.19,30.33,29.77,29.86,4186602.0
1241,2023-01-06,29.81,30.3,29.73,30.19,5124275.0
1242,2023-01-09,30.08,30.59,29.96,30.37,4228114.0
1243,2023-01-10,30.4,30.8,30.18,30.77,7059283.0
1244,2023-01-11,31.16,31.93,31.05,31.93,7105329.0
1245,2023-01-12,32.08,32.45,31.68,32.41,6683733.0
1246,2023-01-13,31.38,31.62,31.14,31.54,20850128.0
1247,2023-01-17,31.53,32.14,31.5,32.02,11974403.0
1248,2023-01-18,32.19,32.34,31.07,31.08,6499880.0
1249,2023-01-19,30.91,31.69,30.85,31.57,12170622.0
1250,2023-01-20,31.56,32.0,31.42,31.97,4759756.0
1251,2023-01-23,32.03,32.32,31.84,32.03,4472366.0
1252,2023-01-24,26.88,32.51,26.88,32.35,3698670.0
1253,2023-01-25,32.31,32.32,31.78,32.12,4320474.0
1254,2023-01-26,32.28,32.44,32.0,32.37,3102349.0
1255,2023-01-27,32.44,32.73,32.26,32.53,3671589.0
1256,2023-01-30,32.33,32.68,32.17,32.27,3167480.0
1257,2023-01-31,32.27,32.64,32.12,32.57,7365441.0
1258,2023-02-01,32.52,33.09,32.19,32.86,4005348.0
1259,2023-02-02,33.09,33.46,32.62,32.94,6654957.0
1260,2023-02-03,32.71,32.92,32.5,32.9,5098520.0
1261,2023-02-06,32.67,33.21,32.63,33.04,4889355.0
1262,2023-02-07,32.81,33.05,32.42,32.94,3938673.0
1263,2023-02-08,32.82,33.17,32.73,32.91,3748890.0
1264,2023-02-09,33.09,33.29,32.63,32.69,4855642.0
1265,2023-02-10,32.44,32.94,32.44,32.87,3493922.0
1266,2023-02-13,32.95,33.02,32.74,32.92,4584535.0
1267,2023-02-14,32.89,32.99,32.41,32.57,3579108.0
1268,2023-02-15,32.39,32.76,32.31,32.71,4669491.0
1269,2023-02-16,32.38,32.71,32.22,32.48,3475223.0
1270,2023-02-17,32.48,32.62,32.16,32.28,6121619.0
1271,2023-02-21,32.09,32.2,31.96,32.09,4067500.0
1272,2023-02-22,32.17,32.37,31.77,31.85,4306874.0
1273,2023-02-23,31.96,32.12,31.62,31.87,4376753.0
1274,2023-02-24,32.51,32.56,31.43,31.68,10826615.0
1275,2023-02-27,32.11,32.57,31.92,32.07,6495074.0
1276,2023-02-28,32.13,32.44,31.83,31.92,9988049.0
1277,2023-03-01,31.84,32.16,31.64,32.09,9864921.0
1278,2023-03-02,32.09,32.35,31.8,32.19,11512407.0
1279,2023-03-03,32.39,32.65,32.13,32.51,9922945.0
1280,2023-03-06,32.56,32.73,32.22,32.33,5301931.0
1281,2023-03-07,32.34,32.47,31.85,31.87,5566296.0
1282,2023-03-08,31.84,32.18,31.81,32.15,4868141.0
1283,2023-03-09,32.58,32.58,31.56,31.61,7366510.0
1284,2023-03-10,31.49,31.61,30.08,30.27,8294301.0
1285,2023-03-13,29.93,30.67,29.8,30.32,7349414.0
1286,2023-03-14,30.78,31.11,30.39,30.69,6341434.0
1287,2023-03-15,30.31,30.49,29.71,30.02,6480579.0
1288,2023-03-16,29.7,30.24,29.48,30.04,7423292.0
1289,2023-03-17,30.03,30.06,29.46,29.56,20970608.0
1290,2023-03-20,29.69,30.03,29.6,29.92,5521782.0
1291,2023-03-21,30.16,30.38,29.9,29.92,6695611.0
1292,2023-03-22,29.8,29.95,29.07,29.12,6384369.0
1293,2023-03-23,29.27,29.64,28.73,28.84,5227477.0
1294,2023-03-24,28.69,29.88,28.43,29.84,7648087.0
1295,2023-03-27,30.05,30.44,29.96,30.16,6407749.0
1296,2023-03-28,29.91,30.41,29.91,30.34,4766029.0
1297,2023-03-29,30.67,30.72,30.4,30.48,4254930.0
1298,2023-03-30,30.63,30.84,30.49,30.59,4272568.0
1299,2023-03-31,30.73,31.44,30.7,31.4,8389853.0
1300,2023-04-03,31.47,31.78,31.12,31.27,6586724.0
1301,2023-04-04,31.37,31.41,30.82,31.13,10437635.0
1302,2023-04-05,31.3,31.36,30.86,30.9,6612428.0
1303,2023-04-06,30.93,31.11,30.78,31.1,4631547.0
1304,2023-04-10,31.01,31.41,30.97,31.41,5287880.0
1305,2023-04-11,31.44,31.67,31.25,31.64,5202949.0
1306,2023-04-12,31.87,32.0,31.49,31.58,3971244.0
1307,2023-04-13,31.54,31.61,31.19,31.46,4261303.0
1308,2023-04-14,31.54,31.68,30.93,31.13,2775187.0
1309,2023-04-17,31.09,31.66,31.0,31.64,3435834.0
1310,2023-04-18,31.63,31.81,31.4,31.56,3082133.0
1311,2023-04-19,31.29,31.77,31.26,31.7,2577049.0
1312,2023-04-20,31.5,32.02,31.5,31.9,4363285.0
1313,2023-04-21,32.04,32.18,31.65,32.11,3074909.0
1314,2023-04-24,32.11,32.13,31.58,31.97,3153805.0
1315,2023-04-25,31.79,31.96,31.66,31.83,3065648.0
1316,2023-04-26,31.72,31.95,31.46,31.59,4257429.0
1317,2023-04-27,31.66,32.2,31.4,32.07,3422183.0
1318,2023-04-28,31.97,32.72,31.97,32.72,4758383.0
1319,2023-05-01,32.49,32.83,32.44,32.56,3688250.0
1320,2023-05-02,32.24,32.24,31.14,31.48,5376277.0
1321,2023-05-03,31.77,31.77,30.83,30.9,7546887.0
1322,2023-05-04,30.78,31.48,30.61,31.18,3834677.0
1323,2023-05-05,31.38,31.77,31.34,31.59,2767506.0
1324,2023-05-08,31.55,31.88,31.51,31.75,2408443.0
1325,2023-05-09,31.57,31.88,31.39,31.73,3894589.0
1326,2023-05-10,31.96,32.05,31.21,31.33,4296794.0
1327,2023-05-11,31.18,31.18,30.56,30.7,4469047.0
1328,2023-05-12,30.73,30.88,30.56,30.68,4807967.0
1329,2023-05-15,30.83,30.92,30.55,30.6,5042457.0
1330,2023-05-16,30.53,30.55,29.86,29.88,4978296.0
1331,2023-05-17,30.1,30.46,29.85,30.28,6599469.0
1332,2023-05-18,30.11,30.33,29.88,30.15,4412555.0
1333,2023-05-19,30.31,30.45,30.05,30.38,7977977.0
1334,2023-05-22,30.59,30.74,30.35,30.39,6781399.0
1335,2023-05-23,30.3,30.41,29.81,29.87,3710928.0
1336,2023-05-24,29.73,29.76,29.34,29.39,4075428.0
1337,2023-05-25,29.44,29.48,29.05,29.06,6214393.0
1338,2023-05-26,29.15,29.43,29.09,29.31,2870839.0
1339,2023-05-30,29.39,29.6,29.18,29.3,4012753.0
1340,2023-05-31,29.38,29.82,29.17,29.71,9560521.0
1341,2023-06-01,29.8,29.93,29.47,29.72,3406505.0
1342,2023-06-02,30.02,30.54,30.02,30.39,3907721.0
1343,2023-06-05,30.35,30.88,30.35,30.59,2839116.0
1344,2023-06-06,30.77,30.97,30.59,30.73,2836733.0
1345,2023-06-07,30.88,31.4,30.73,31.28,4595661.0
1346,2023-06-08,31.14,31.25,30.93,31.13,4491788.0
1347,2023-06-09,31.16,31.27,31.01,31.08,2428397.0
1348,2023-06-12,31.11,31.14,30.53,30.88,3380036.0
1349,2023-06-13,30.81,31.18,30.81,31.02,4661714.0
1350,2023-06-14,31.23,31.51,30.96,31.16,4080223.0
1351,2023-06-15,31.14,31.33,30.98,31.32,3774403.0
1352,2023-06-16,31.57,31.68,31.04,31.12,7541116.0
1353,2023-06-20,31.12,31.19,30.52,30.69,5048154.0
1354,2023-06-21,30.7,30.77,30.29,30.31,5420071.0
1355,2023-06-22,30.4,30.42,29.89,30.29,4619110.0
1356,2023-06-23,30.12,30.17,29.67,29.8,11352358.0
1357,2023-06-26,29.82,30.72,29.79,30.57,5636075.0
1358,2023-06-27,30.69,30.69,30.16,30.26,5987857.0
1359,2023-06-28,30.26,30.29,29.92,30.17,7672404.0
1360,2023-06-29,30.06,30.59,30.05,30.55,5451406.0
1361,2023-06-30,30.78,30.79,30.1,30.6,8205563.0
1362,2023-07-03,30.45,31.32,30.43,31.0,3007051.0
1363,2023-07-05,30.63,30.73,30.22,30.5,5436060.0
1364,2023-07-06,30.11,30.23,29.61,30.11,5506780.0
1365,2023-07-07,29.98,30.51,29.95,30.3,6264500.0
1366,2023-07-10,30.18,30.7,30.06,30.7,4698239.0
1367,2023-07-11,30.78,31.01,30.62,30.96,3380610.0
1368,2023-07-12,31.29,31.51,31.05,31.08,6160389.0
1369,2023-07-13,31.09,31.23,30.48,30.54,7813249.0
1370,2023-07-14,30.48,30.75,30.23,30.68,4896086.0
1371,2023-07-17,30.55,30.93,30.55,30.72,5074715.0
1372,2023-07-18,30.76,30.83,30.41,30.72,4501028.0
1373,2023-07-19,30.92,31.38,30.88,31.32,4504638.0
1374,2023-07-20,31.46,31.91,31.09,31.88,6134276.0
1375,2023-07-21,32.06,32.08,31.73,31.96,4616780.0
1376,2023-07-24,32.05,32.26,31.83,32.05,5888392.0
1377,2023-07-25,32.17,32.19,31.9,32.01,4918690.0
1378,2023-07-26,31.94,32.26,31.82,31.92,6011371.0
1379,2023-07-27,32.32,32.57,31.07,31.1,7399398.0
1380,2023-07-28,31.31,31.53,30.66,30.96,6733129.0
1381,2023-07-31,31.07,31.22,30.56,30.65,7957123.0
1382,2023-08-01,30.62,30.87,30.45,30.81,3570419.0
1383,2023-08-02,30.66,30.73,30.44,30.5,5045498.0
1384,2023-08-03,30.33,30.38,29.86,30.25,5277963.0
1385,2023-08-04,30.13,30.71,30.09,30.23,3666926.0
1386,2023-08-07,30.31,30.53,30.25,30.45,3498714.0
1387,2023-08-08,30.27,30.58,30.2,30.31,2968529.0
1388,2023-08-09,30.22,30.68,30.19,30.54,3095627.0
1389,2023-08-10,30.65,30.85,30.07,30.13,3550659.0
1390,2023-08-11,30.01,30.18,29.88,30.06,2766062.0
1391,2023-08-14,29.91,30.04,29.77,29.81,3468740.0
1392,2023-08-15,29.62,29.67,29.19,29.21,3868563.0
1393,2023-08-16,29.17,29.29,28.97,28.98,3038689.0
1394,2023-08-17,29.02,29.24,28.84,28.84,3538076.0
1395,2023-08-18,28.66,29.29,28.63,29.25,4144904.0
1396,2023-08-21,29.26,29.34,28.8,29.03,3226379.0
1397,2023-08-22,29.13,29.41,29.02,29.32,4645978.0
1398,2023-08-23,29.42,29.84,29.32,29.78,4539749.0
1399,2023-08-24,29.85,30.05,29.5,29.51,3722485.0
1400,2023-08-25,29.67,29.97,29.52,29.69,4428139.0
1401,2023-08-28,29.79,30.12,29.75,29.91,2680151.0
1402,2023-08-29,29.99,30.07,29.78,30.05,3771443.0
1403,2023-08-30,30.11,30.29,29.93,30.15,4113315.0
1404,2023-08-31,30.12,30.17,29.92,30.01,6144732.0
1405,2023-09-01,30.18,30.25,30.06,30.16,3024681.0
1406,2023-09-05,30.22,30.4,29.96,29.99,4928275.0
1407,2023-09-06,29.95,30.2,29.9,30.18,4158040.0
1408,2023-09-07,30.29,30.71,30.14,30.39,4601259.0
1409,2023-09-08,30.52,30.75,30.31,30.36,4218965.0
1410,2023-09-11,30.37,30.6,30.28,30.49,3820257.0
1411,2023-09-12,30.42,30.74,30.41,30.58,3284323.0
1412,2023-09-13,30.64,30.68,30.34,30.45,3884020.0
1413,2023-09-14,30.71,30.77,30.59,30.68,3563092.0
1414,2023-09-15,30.56,30.65,30.38,30.55,8027746.0
1415,2023-09-18,30.58,30.62,29.95,30.02,5029860.0
1416,2023-09-19,29.97,30.27,29.97,30.16,5934225.0
1417,2023-09-20,30.285,30.595,30.215,30.245,3415316.0
1418,2023-09-21,30.165,30.215,29.675,29.685,4216509.0
1419,2023-09-22,29.715,29.825,29.295,29.315,4011848.0
1420,2023-09-25,29.165,29.425,29.085,29.335,4395370.0
1421,2023-09-26,29.115,29.185,28.675,28.775,5243505.0
1422,2023-09-27,28.855,29.045,28.435,28.465,5099520.0
1423,2023-09-28,28.535,29.075,28.535,29.055,6920590.0
1424,2023-09-29,29.235,29.315,28.555,28.685,9368580.0
1425,2023-10-02,28.555,28.795,28.135,28.235,6195510.0
1426,2023-10-03,28.005,28.125,27.515,27.625,5800915.0
1427,2023-10-04,27.645,27.955,27.295,27.935,6985020.0
1428,2023-10-05,27.945,28.125,27.765,27.895,9849871.0
1429,2023-10-06,27.705,28.375,27.335,28.195,5914638.0
1430,2023-10-09,28.035,28.795,28.015,28.775,4093424.0
1431,2023-10-10,28.725,28.995,28.555,28.815,4370032.0
1432,2023-10-11,28.975,29.165,28.695,28.945,7321618.0
1433,2023-10-12,28.895,28.905,28.335,28.465,4111523.0
1434,2023-10-13,28.575,28.705,28.365,28.525,3737296.0
1435,2023-10-16,28.745,28.975,28.495,28.905,4508077.0
1436,2023-10-17,28.735,29.205,28.725,28.855,7010568.0
1437,2023-10-18,28.745,28.855,28.285,28.325,5173956.0
1438,2023-10-19,28.195,28.42,27.64,27.665,8398747.0
1439,2023-10-20,27.685,27.74,27.03,27.095,9040765.0
1440,2023-10-23,26.965,27.385,26.855,26.865,8950079.0
1441,2023-10-24,26.985,27.595,26.96,27.535,5687603.0
1442,2023-10-25,27.335,27.48,27.0975,27.145,4692868.0
1443,2023-10-26,27.285,27.535,26.995,27.135,7093485.0
1444,2023-10-27,27.245,27.3,26.785,26.925,4904214.0
1445,2023-10-30,26.995,27.235,26.21,26.765,8433714.0
1446,2023-10-31,27.015,27.515,26.94,27.485,6834866.0
1447,2023-11-01,27.535,27.665,27.215,27.455,6074263.0
1448,2023-11-02,27.785,28.275,27.565,28.175,6130687.0
1449,2023-11-03,28.585,29.025,28.565,28.755,7338281.0
1450,2023-11-06,28.715,28.795,28.365,28.585,4889891.0
1451,2023-11-07,28.615,28.665,28.23,28.335,4296703.0
1452,2023-11-08,28.365,28.475,28.12,28.185,4531204.0
1453,2023-11-09,28.325,28.325,27.63,27.695,6333208.0
1454,2023-11-10,27.915,28.095,27.675,28.045,9573649.0
1455,2023-11-13,27.875,27.91,27.52,27.675,6918749.0
1456,2023-11-14,28.305,29.145,28.205,28.735,10969062.0
1457,2023-11-15,28.725,28.9929,28.475,28.485,6788204.0
1458,2023-11-16,28.515,28.66,28.255,28.285,5609220.0
1459,2023-11-17,28.525,28.545,28.0475,28.165,7729185.0
1460,2023-11-20,28.135,28.35,27.925,28.185,7254694.0
1461,2023-11-21,28.075,28.095,27.615,27.785,5696086.0
1462,2023-11-22,28.005,28.215,27.85,28.195,6709172.0
1463,2023-11-24,28.235,28.305,28.035,28.245,1613572.0
1464,2023-11-27,28.235,28.475,28.095,28.345,5903871.0
1465,2023-11-28,28.245,28.86,28.245,28.805,5243568.0
1466,2023-11-29,29.025,29.325,28.92,29.205,8713240.0
1467,2023-11-30,29.235,29.53,29.175,29.475,11846554.0
1468,2023-12-01,29.395,30.105,29.385,30.085,6464971.0
1469,2023-12-04,29.935,30.165,29.795,30.135,6126734.0
1470,2023-12-05,30.045,30.09,29.825,29.845,7203600.0
1471,2023-12-06,29.985,30.35,29.77,29.825,6736737.0
1472,2023-12-07,29.835,30.115,29.615,30.015,6833553.0
1473,2023-12-08,30.015,30.265,29.84,30.095,7503765.0
1474,2023-12-11,30.045,30.4825,29.965,30.375,5441780.0
1475,2023-12-12,30.375,30.635,30.135,30.315,4581250.0
1476,2023-12-13,30.365,31.215,30.235,31.115,8340461.0
1477,2023-12-14,31.645,31.695,31.025,31.515,11974060.0
1478,2023-12-15,31.365,31.515,30.755,30.925,18229267.0
1479,2023-12-18,31.055,31.195,30.78,30.815,6166353.0
1480,2023-12-19,30.945,31.625,30.935,31.385,7017431.0
1481,2023-12-20,31.36,31.69,31.09,31.12,7103329.0
1482,2023-12-21,31.35,31.545,31.13,31.42,6926268.0
1483,2023-12-22,31.49,31.675,31.17,31.34,5018418.0
1484,2023-12-26,31.34,31.74,31.3061,31.66,2352870.0
1485,2023-12-27,31.61,31.83,31.505,31.82,3262908.0
1486,2023-12-28,31.84,32.19,31.78,32.18,3932448.0
1487,2023-12-29,32.06,32.13,31.87,31.88,5825569.0
1488,2024-01-02,31.79,32.68,31.71,32.66,5872422.0
1489,2024-01-03,32.58,32.62,32.19,32.44,7309780.0
1490,2024-01-04,32.53,32.59,31.78,31.92,9334167.0
1491,2024-01-05,31.69,31.92,31.465,31.68,4388061.0
1492,2024-01-08,31.61,32.1,31.54,32.09,5006124.0
1493,2024-01-09,31.79,31.87,31.58,31.65,5759805.0
1494,2024-01-10,31.65,31.65,31.36,31.51,11231432.0
1495,2024-01-11,31.39,31.5,31.01,31.16,4058998.0
1496,2024-01-12,31.45,31.53,31.075,31.1,3665398.0
1497,2024-01-16,30.9,31.26,30.8203,31.1,5196893.0
1498,2024-01-17,30.75,31.174,30.375,30.58,4672279.0
1499,2024-01-18,30.56,30.74,30.1325,30.26,6323087.0
1500,2024-01-19,30.34,30.655,29.88,30.56,10323574.0
1501,2024-01-22,30.6,30.97,30.58,30.73,5586927.0
1502,2024-01-23,30.87,30.965,30.58,30.84,4882849.0
1503,2024-01-24,31.14,31.24,30.275,30.34,5133734.0
1504,2024-01-25,30.65,30.72,30.285,30.52,3876127.0
1505,2024-01-26,30.65,30.75,30.33,30.4,3955769.0
1506,2024-01-29,30.38,30.445,30.1,30.43,6263284.0
1507,2024-01-30,30.25,30.45,29.94,30.24,4989995.0
1508,2024-01-31,30.39,30.63,29.93,30.12,7096711.0
1509,2024-02-01,30.11,31.07,30.0,31.05,10472017.0
1510,2024-02-02,30.77,30.77,30.24,30.55,6076810.0
1511,2024-02-05,30.15,30.15,29.61,29.63,6976472.0
1512,2024-02-06,29.55,30.015,29.38,29.83,5910199.0
1513,2024-02-07,29.92,30.01,29.6,29.7,6513354.0
1514,2024-02-08,29.62,29.93,29.58,29.67,4405807.0
1515,2024-02-09,29.66,29.73,29.335,29.72,4954802.0
1516,2024-02-12,29.83,29.985,29.64,29.71,4119287.0
1517,2024-02-13,29.2,29.29,28.915,29.23,6521916.0
1518,2024-02-14,29.29,29.38,29.13,29.2,5426541.0
1519,2024-02-15,29.43,29.69,29.31,29.49,5934216.0
1520,2024-02-16,29.2,29.57,29.01,29.53,8178120.0
1521,2024-02-20,29.45,29.66,29.29,29.56,6885646.0
1522,2024-02-21,29.59,29.74,29.35,29.66,6079682.0
1523,2024-02-22,29.71,29.91,29.63,29.7,5645133.0
1524,2024-02-23,29.85,30.41,29.75,30.05,5775348.0
1525,2024-02-26,29.95,30.05,29.47,29.55,7202956.0
1526,2024-02-27,29.76,29.885,29.34,29.39,4676871.0
1527,2024-02-28,29.25,29.78,29.25,29.56,5676520.0
1528,2024-02-29,29.82,30.055,29.67,29.93,8643093.0
1529,2024-03-01,29.81,29.83,29.11,29.58,12387547.0
