,date,open,high,low,close,volume
0,2020-02-10,13.145,13.375,12.825,12.945,738005.0
1,2020-02-11,13.695,13.695,12.455,12.695,2963503.0
2,2020-02-12,12.685,13.095,12.445,12.445,1178314.0
3,2020-02-13,12.605,12.855,12.395,12.615,1863787.0
4,2020-02-14,13.045,13.125,12.745,12.945,2181960.0
5,2020-02-18,12.945,13.445,12.945,13.285,3368475.0
6,2020-02-19,13.395,13.445,13.285,13.405,1836379.0
7,2020-02-20,13.355,13.445,12.845,12.945,2198959.0
8,2020-02-21,13.285,13.285,12.645,12.795,2137084.0
9,2020-02-24,12.035,12.715,12.035,12.635,2670249.0
10,2020-02-25,12.785,13.015,12.145,12.445,3332867.0
11,2020-02-26,12.825,12.895,12.175,12.265,2051492.0
12,2020-02-27,12.145,12.515,11.595,11.785,3491181.0
13,2020-02-28,11.335,11.945,11.055,11.735,2809951.0
14,2020-03-02,11.745,11.885,11.185,11.705,1710006.0
15,2020-03-03,11.845,11.855,10.815,11.085,3235456.0
16,2020-03-04,11.295,11.575,11.015,11.185,3358019.0
17,2020-03-05,11.065,11.065,10.415,10.435,3424893.0
18,2020-03-06,10.255,10.285,9.535,9.945,3305505.0
19,2020-03-09,8.445,10.845,8.445,9.895,3629621.0
20,2020-03-10,10.035,11.295,9.975,11.045,3061764.0
21,2020-03-11,10.615,10.895,10.195,10.595,2294058.0
22,2020-03-12,10.165,10.345,8.565,8.645,4272838.0
23,2020-03-13,9.145,9.615,7.995,8.845,4997566.0
24,2020-03-16,7.835,7.835,6.645,7.675,5696068.0
25,2020-03-17,7.745,7.745,6.445,7.195,2917709.0
26,2020-03-18,6.695,6.705,4.945,5.515,5092456.0
27,2020-03-19,5.595,7.065,4.695,6.705,3926032.0
28,2020-03-20,6.605,7.345,6.595,7.305,3384063.0
29,2020-03-23,7.065,7.285,5.955,6.705,3538381.0
30,2020-03-24,7.055,7.625,7.035,7.625,3402957.0
31,2020-03-25,7.645,9.095,7.235,8.865,1863678.0
32,2020-03-26,8.595,8.945,8.525,8.825,2393641.0
33,2020-03-27,8.425,8.425,7.685,8.165,2577767.0
34,2020-03-30,8.135,8.285,7.935,8.085,1332676.0
35,2020-03-31,7.965,8.655,7.755,8.595,1628753.0
36,2020-04-01,8.485,8.585,7.855,8.015,2206309.0
37,2020-04-02,8.005,8.355,7.865,8.075,1339208.0
38,2020-04-03,8.045,8.115,7.605,7.845,1483071.0
39,2020-04-06,8.025,8.705,7.995,8.545,1415926.0
40,2020-04-07,8.965,9.225,8.045,8.085,1974679.0
41,2020-04-08,8.175,8.675,8.135,8.445,1550591.0
42,2020-04-09,8.745,9.305,8.695,9.135,2207526.0
43,2020-04-13,8.915,9.705,8.895,9.595,2202695.0
44,2020-04-14,9.665,10.315,9.665,9.825,2254348.0
45,2020-04-15,9.645,9.965,9.185,9.665,1091608.0
46,2020-04-16,9.715,10.095,9.615,9.945,1551075.0
47,2020-04-17,10.275,10.545,10.025,10.225,2105732.0
48,2020-04-20,10.075,10.545,9.795,10.205,865774.0
49,2020-04-21,10.025,10.265,9.705,9.925,2111253.0
50,2020-04-22,10.065,10.295,9.785,9.945,1884469.0
51,2020-04-23,9.955,10.325,9.815,10.035,981040.0
52,2020-04-24,10.175,10.415,9.985,10.205,753698.0
53,2020-04-27,10.345,10.515,10.155,10.315,1096789.0
54,2020-04-28,10.445,10.755,10.045,10.395,1191953.0
55,2020-04-29,10.655,10.805,10.445,10.595,1242380.0
56,2020-04-30,10.575,10.785,10.005,10.535,1567048.0
57,2020-05-01,10.365,10.535,9.765,10.235,2055298.0
58,2020-05-04,10.345,10.345,9.925,10.035,1527421.0
59,2020-05-05,10.075,10.445,10.045,10.345,2763663.0
60,2020-05-06,9.795,10.815,9.665,10.595,4518485.0
61,2020-05-07,10.975,11.305,10.735,10.815,2720542.0
62,2020-05-08,10.905,11.345,10.845,10.955,2308560.0
63,2020-05-11,11.175,11.745,11.005,11.485,2556448.0
64,2020-05-12,11.585,11.745,11.425,11.505,1971722.0
65,2020-05-13,11.475,11.595,11.015,11.185,2782986.0
66,2020-05-14,11.015,11.585,10.695,11.535,1927100.0
67,2020-05-15,11.445,11.575,11.225,11.395,1591749.0
68,2020-05-18,11.695,12.195,11.385,11.655,2161805.0
69,2020-05-19,11.635,12.125,11.595,11.695,1527600.0
70,2020-05-20,11.945,12.385,11.905,11.915,2236488.0
71,2020-05-21,11.955,12.245,11.715,11.965,2635358.0
72,2020-05-22,12.005,12.125,11.925,12.015,2370674.0
73,2020-05-26,12.415,12.525,12.155,12.435,3573417.0
74,2020-05-27,12.695,12.695,12.255,12.395,3815187.0
75,2020-05-28,12.495,12.745,12.195,12.495,1189082.0
76,2020-05-29,12.375,12.775,12.065,12.675,3242438.0
77,2020-06-01,12.695,13.555,12.675,13.255,2224666.0
78,2020-06-02,13.215,13.605,13.045,13.415,2440443.0
79,2020-06-03,13.545,13.955,13.385,13.865,2661900.0
80,2020-06-04,13.645,14.015,13.415,13.585,2451918.0
81,2020-06-05,13.905,14.365,13.625,13.945,2637985.0
82,2020-06-08,14.175,14.975,13.995,14.805,7791451.0
83,2020-06-09,14.635,14.995,14.105,14.165,2446156.0
84,2020-06-10,14.225,14.485,14.025,14.165,2268671.0
85,2020-06-11,13.725,13.965,13.385,13.485,2480528.0
86,2020-06-12,13.895,14.495,13.845,14.205,2562201.0
87,2020-06-15,13.905,14.265,13.815,14.185,2419584.0
88,2020-06-16,14.485,14.785,14.275,14.435,2556448.0
89,2020-06-17,14.555,14.555,13.875,14.105,4404759.0
90,2020-06-18,13.965,14.385,13.965,14.215,5284365.0
91,2020-06-19,14.285,14.415,13.705,13.765,5114572.0
92,2020-06-22,13.725,13.845,13.105,13.425,7418154.0
93,2020-06-23,13.715,13.955,13.375,13.525,7218315.0
94,2020-06-24,13.425,13.605,12.985,13.135,2230433.0
95,2020-06-25,13.135,13.215,12.615,12.925,2936838.0
96,2020-06-26,12.955,13.105,12.035,12.215,16064141.0
97,2020-06-29,12.365,13.055,12.055,13.055,2720743.0
98,2020-06-30,13.085,13.585,12.735,13.505,3386549.0
99,2020-07-01,13.445,13.985,13.315,13.915,3588975.0
100,2020-07-02,14.115,14.115,13.855,14.015,2013073.0
101,2020-07-06,14.235,14.295,13.825,13.915,1592654.0
102,2020-07-07,13.875,13.875,13.455,13.565,2169265.0
103,2020-07-08,13.555,13.915,13.555,13.775,3022713.0
104,2020-07-09,13.765,13.945,13.415,13.825,2176355.0
105,2020-07-10,13.865,13.955,13.625,13.845,1746889.0
106,2020-07-13,13.945,13.965,13.355,13.485,3102151.0
107,2020-07-14,13.395,13.835,13.395,13.795,1694500.0
108,2020-07-15,13.945,13.965,13.845,13.945,3458901.0
109,2020-07-16,13.895,13.995,13.765,13.825,1537390.0
110,2020-07-17,13.885,14.275,13.855,14.185,2682811.0
111,2020-07-20,14.355,14.515,13.885,13.935,1466693.0
112,2020-07-21,13.965,14.065,13.785,13.825,1519140.0
113,2020-07-22,13.795,13.795,13.485,13.705,2370209.0
114,2020-07-23,13.685,13.835,13.455,13.505,2122804.0
115,2020-07-24,13.445,13.525,13.155,13.525,1550890.0
116,2020-07-27,13.505,13.635,13.395,13.605,947924.0
117,2020-07-28,13.485,13.675,13.455,13.495,1183901.0
118,2020-07-29,13.555,13.965,13.555,13.945,1137464.0
119,2020-07-30,13.725,14.235,13.645,14.195,1261557.0
120,2020-07-31,14.245,14.515,14.015,14.445,1462089.0
121,2020-08-03,14.605,15.045,14.595,14.955,3192639.0
122,2020-08-04,15.185,15.495,14.775,15.145,2256114.0
123,2020-08-05,16.655,17.175,16.375,16.835,4648771.0
124,2020-08-06,16.895,16.935,16.045,16.365,3011283.0
125,2020-08-07,16.375,16.715,16.325,16.435,1753209.0
126,2020-08-10,16.585,17.075,16.585,16.825,2350236.0
127,2020-08-11,17.025,17.055,16.635,16.715,2344406.0
128,2020-08-12,15.975,16.445,15.575,15.705,4877456.0
129,2020-08-13,16.375,16.655,16.045,16.605,12446485.0
130,2020-08-14,16.635,16.745,16.235,16.245,2871713.0
131,2020-08-17,16.265,16.375,15.695,15.695,4364857.0
132,2020-08-18,15.695,15.875,15.445,15.445,3634390.0
133,2020-08-19,15.445,15.745,15.365,15.625,3102811.0
134,2020-08-20,15.575,16.315,15.395,16.145,3072491.0
135,2020-08-21,16.025,16.125,15.845,15.855,4479150.0
136,2020-08-24,15.955,16.495,15.955,16.445,3710191.0
137,2020-08-25,16.475,16.985,16.475,16.865,2553824.0
138,2020-08-26,16.815,16.995,16.515,16.685,1933022.0
139,2020-08-27,16.725,16.915,16.365,16.695,1988381.0
140,2020-08-28,16.855,17.005,16.395,16.445,1167120.0
141,2020-08-31,16.505,16.635,15.955,16.175,1802690.0
142,2020-09-01,16.175,16.635,16.005,16.385,1393554.0
143,2020-09-02,16.445,16.625,16.175,16.585,1696139.0
144,2020-09-03,16.455,16.535,15.715,15.905,2272461.0
145,2020-09-04,15.945,16.295,15.445,16.045,2199480.0
146,2020-09-08,16.155,16.605,15.835,16.295,2792908.0
147,2020-09-09,16.375,16.935,16.375,16.795,2324876.0
148,2020-09-10,17.035,17.405,16.745,16.855,2899772.0
149,2020-09-11,16.955,17.155,16.675,16.895,1451246.0
150,2020-09-14,17.145,17.535,17.085,17.485,2518236.0
151,2020-09-15,17.945,17.945,17.465,17.605,2277396.0
152,2020-09-16,17.645,17.885,17.515,17.525,2338879.0
153,2020-09-17,17.325,17.775,17.145,17.345,2589615.0
154,2020-09-18,17.465,17.715,17.335,17.555,11179647.0
155,2020-09-21,17.175,17.225,16.695,16.895,3094368.0
156,2020-09-22,17.025,17.135,16.625,16.915,1667677.0
157,2020-09-23,16.915,16.985,16.395,16.675,2038920.0
158,2020-09-24,16.575,16.765,16.235,16.585,1479659.0
159,2020-09-25,16.685,16.845,16.395,16.765,1291009.0
160,2020-09-28,17.055,17.155,16.715,16.915,1916458.0
161,2020-09-29,16.945,17.155,16.785,17.075,2273827.0
162,2020-09-30,17.025,17.475,16.975,17.265,2140643.0
163,2020-10-01,17.525,17.845,17.265,17.845,3281634.0
164,2020-10-02,17.205,17.985,17.185,17.535,2072488.0
165,2020-10-05,17.785,18.045,17.545,17.745,4075524.0
166,2020-10-06,17.825,18.145,17.625,17.785,2456238.0
167,2020-10-07,17.955,18.175,17.745,18.045,2521111.0
168,2020-10-08,18.185,18.345,17.945,18.085,1661541.0
169,2020-10-09,18.185,18.315,17.895,17.985,1036033.0
170,2020-10-12,18.115,18.195,17.785,17.925,1562093.0
171,2020-10-13,17.765,18.035,17.705,17.875,1520466.0
172,2020-10-14,18.375,18.585,18.145,18.255,2604821.0
173,2020-10-15,17.965,18.445,17.845,18.275,2096567.0
174,2020-10-16,18.445,18.535,18.245,18.285,3382432.0
175,2020-10-19,18.805,18.875,18.155,18.265,3165937.0
176,2020-10-20,18.305,18.785,18.285,18.455,1921166.0
177,2020-10-21,18.575,18.825,18.425,18.515,2029862.0
178,2020-10-22,18.575,19.025,18.545,18.995,2902152.0
179,2020-10-23,18.945,19.125,18.395,18.785,2237622.0
180,2020-10-26,18.565,18.595,17.985,18.115,3688438.0
181,2020-10-27,18.095,18.225,17.655,17.865,2148218.0
182,2020-10-28,17.485,17.845,17.445,17.545,1650832.0
183,2020-10-29,17.685,17.945,17.465,17.885,1506661.0
184,2020-10-30,17.785,17.955,17.265,17.595,2097124.0
185,2020-11-02,17.835,18.075,17.235,17.355,3679760.0
186,2020-11-03,17.565,17.855,17.215,17.545,2448034.0
187,2020-11-04,17.595,18.595,17.185,17.295,3916014.0
188,2020-11-05,17.875,18.045,17.155,17.225,2086197.0
189,2020-11-06,17.265,17.395,16.825,16.905,2642651.0
190,2020-11-09,17.815,17.925,16.795,16.845,3974592.0
191,2020-11-10,16.845,16.945,16.585,16.765,2996243.0
192,2020-11-11,16.905,17.295,16.765,17.295,1742425.0
193,2020-11-12,17.415,17.555,17.005,17.255,1934489.0
194,2020-11-13,17.915,18.145,17.595,17.935,16417783.0
195,2020-11-16,18.195,18.415,17.885,18.215,6663799.0
196,2020-11-17,18.115,18.575,18.055,18.355,3459954.0
197,2020-11-18,18.395,18.615,18.035,18.045,4944997.0
198,2020-11-19,18.135,18.605,17.955,18.485,2605768.0
199,2020-11-20,18.365,18.665,18.345,18.565,2086578.0
200,2020-11-23,18.745,18.945,18.655,18.915,2501690.0
201,2020-11-24,18.985,19.095,18.435,18.585,3199558.0
202,2020-11-25,18.485,18.855,18.235,18.775,1766638.0
203,2020-11-27,18.885,18.935,18.675,18.795,831245.0
204,2020-11-30,18.795,19.095,18.465,18.655,2224014.0
205,2020-12-01,18.725,19.365,18.515,19.345,6335568.0
206,2020-12-02,19.365,19.535,18.905,19.345,2584288.0
207,2020-12-03,19.355,19.705,19.045,19.195,3120000.0
208,2020-12-04,19.355,19.705,19.195,19.705,1927956.0
209,2020-12-07,19.745,19.745,19.155,19.345,2415657.0
210,2020-12-08,19.625,19.865,19.355,19.865,3607786.0
211,2020-12-09,19.995,20.095,18.705,18.875,4283835.0
212,2020-12-10,18.615,19.105,18.615,18.985,3212253.0
213,2020-12-11,18.955,19.365,18.905,18.935,3147190.0
214,2020-12-14,19.055,19.205,18.575,18.985,2983145.0
215,2020-12-15,19.175,19.215,18.885,18.955,2411082.0
216,2020-12-16,18.785,18.935,18.515,18.705,3401613.0
217,2020-12-17,18.815,19.425,18.675,19.235,4416147.0
218,2020-12-18,19.325,19.545,18.935,19.145,4474285.0
219,2020-12-21,18.905,19.155,18.835,18.965,2361876.0
220,2020-12-22,19.065,19.125,18.635,18.915,2289096.0
221,2020-12-23,19.005,19.065,18.845,18.955,1814873.0
222,2020-12-24,18.845,19.015,18.835,18.885,506062.0
223,2020-12-28,19.075,19.115,18.595,18.605,2069769.0
224,2020-12-29,18.675,18.735,18.365,18.455,1927689.0
225,2020-12-30,18.455,18.765,18.395,18.545,1942074.0
226,2020-12-31,18.605,18.765,18.425,18.625,1724305.0
227,2021-01-04,18.715,18.795,18.295,18.475,3548838.0
228,2021-01-05,18.415,18.605,18.045,18.105,3283460.0
229,2021-01-06,18.125,18.375,17.885,18.205,4894526.0
230,2021-01-07,18.495,18.605,18.055,18.225,3248195.0
231,2021-01-08,18.175,18.425,17.835,18.025,6195006.0
232,2021-01-11,17.925,18.315,17.905,18.035,3523174.0
233,2021-01-12,18.085,18.395,18.085,18.325,4936880.0
234,2021-01-13,18.345,18.655,18.095,18.645,5570359.0
235,2021-01-14,18.825,18.955,18.555,18.735,6251982.0
236,2021-01-15,18.585,19.515,18.585,19.465,4458392.0
237,2021-01-19,19.745,20.595,19.555,20.565,7240602.0
238,2021-01-20,21.105,21.445,20.575,20.745,10998695.0
239,2021-01-21,20.845,21.025,20.085,20.565,6646698.0
240,2021-01-22,20.485,20.635,19.805,19.965,3341146.0
241,2021-01-25,19.955,20.225,19.635,20.155,3258170.0
242,2021-01-26,20.415,20.915,20.415,20.665,4830748.0
243,2021-01-27,20.275,20.275,19.535,19.645,7543922.0
244,2021-01-28,19.815,20.155,19.325,19.975,4299137.0
245,2021-01-29,19.965,20.425,19.595,20.075,4961995.0
246,2021-02-01,20.375,20.585,19.865,20.095,4228277.0
247,2021-02-02,20.205,20.325,19.935,20.075,3230273.0
248,2021-02-03,20.105,20.305,19.515,20.045,2695598.0
249,2021-02-04,20.135,20.535,19.975,20.515,2044559.0
250,2021-02-05,20.655,21.135,20.565,20.855,2862101.0
251,2021-02-08,21.015,21.265,20.935,21.265,3150852.0
252,2021-02-09,21.235,21.355,20.825,20.855,1609627.0
253,2021-02-10,20.925,21.545,20.645,21.265,2409514.0
254,2021-02-11,21.425,22.385,20.935,21.115,2739771.0
255,2021-02-12,20.985,21.585,20.985,21.395,2935393.0
256,2021-02-16,21.555,21.655,21.065,21.255,3156794.0
257,2021-02-17,21.055,21.225,20.645,21.105,2536019.0
258,2021-02-18,20.895,21.185,20.635,20.985,2742340.0
259,2021-02-19,21.165,21.765,21.085,21.585,3680592.0
260,2021-02-22,21.455,21.745,21.215,21.285,2835254.0
261,2021-02-23,20.485,21.685,19.855,21.655,5856799.0
262,2021-02-24,19.955,21.325,19.425,20.755,9617223.0
263,2021-02-25,21.355,21.355,19.905,20.285,7092560.0
264,2021-02-26,20.445,21.025,20.175,20.885,4103413.0
265,2021-03-01,20.955,21.495,20.675,21.275,9549768.0
266,2021-03-02,21.255,21.555,20.765,20.905,4736542.0
267,2021-03-03,21.035,21.345,20.675,20.855,4456237.0
268,2021-03-04,20.725,21.115,19.165,19.995,8668946.0
269,2021-03-05,20.215,20.425,18.915,20.005,7871415.0
270,2021-03-08,20.055,20.445,19.455,19.615,4648451.0
271,2021-03-09,20.085,20.335,19.775,20.165,4125989.0
272,2021-03-10,20.365,20.735,20.135,20.585,3875608.0
273,2021-03-11,20.955,21.485,20.855,21.125,5271685.0
274,2021-03-12,20.955,21.365,20.855,21.025,2404469.0
275,2021-03-15,21.185,21.255,20.845,21.065,3331501.0
276,2021-03-16,21.025,21.215,20.185,20.375,3141979.0
277,2021-03-17,20.025,20.745,20.025,20.665,3053113.0
278,2021-03-18,20.545,20.745,20.165,20.195,3094628.0
279,2021-03-19,20.105,20.645,19.945,20.405,4649394.0
280,2021-03-22,20.315,20.525,19.915,20.315,3272838.0
281,2021-03-23,20.315,20.495,19.435,19.495,3831307.0
282,2021-03-24,19.505,19.785,19.095,19.155,2981790.0
283,2021-03-25,18.955,19.435,18.485,19.365,5115168.0
284,2021-03-26,19.455,19.785,19.225,19.445,6852362.0
285,2021-03-29,19.425,19.605,19.045,19.235,4390741.0
286,2021-03-30,19.245,19.855,18.865,19.735,7039607.0
287,2021-03-31,19.905,20.225,19.675,19.955,3594830.0
288,2021-04-01,20.145,20.975,19.975,20.965,4111797.0
289,2021-04-05,21.205,21.305,20.755,20.925,2572233.0
290,2021-04-06,20.905,21.565,20.715,21.495,3588750.0
291,2021-04-07,21.485,21.625,21.035,21.125,2482025.0
292,2021-04-08,21.965,22.065,21.125,21.445,2850805.0
293,2021-04-09,21.325,21.475,21.185,21.385,1855349.0
294,2021-04-12,21.285,21.655,21.265,21.555,1816385.0
295,2021-04-13,21.615,21.925,21.455,21.915,3224565.0
296,2021-04-14,21.955,22.265,21.925,22.095,4170730.0
297,2021-04-15,22.305,22.505,22.175,22.355,6105028.0
298,2021-04-16,22.515,22.685,22.235,22.425,3932082.0
299,2021-04-19,22.275,22.445,22.065,22.205,3582459.0
300,2021-04-20,22.205,22.295,21.285,21.735,4778452.0
301,2021-04-21,21.645,21.885,21.485,21.755,2333187.0
302,2021-04-22,21.985,22.015,21.635,21.925,2973912.0
303,2021-04-23,22.085,22.165,21.705,21.725,2426535.0
304,2021-04-26,21.745,22.425,21.745,22.355,4198636.0
305,2021-04-27,22.355,23.225,22.165,23.035,4705982.0
306,2021-04-28,23.115,23.115,22.365,22.945,6045086.0
307,2021-04-29,23.215,23.435,22.845,23.205,3677774.0
308,2021-04-30,22.985,23.135,22.585,22.655,2825060.0
309,2021-05-03,22.885,22.975,22.465,22.775,2853393.0
310,2021-05-04,22.485,22.675,22.245,22.555,3274201.0
311,2021-05-05,22.615,22.875,22.425,22.845,2806594.0
312,2021-05-06,22.825,23.045,22.345,22.815,2999781.0
313,2021-05-07,22.835,23.095,22.685,22.965,2921411.0
314,2021-05-10,22.965,23.045,22.535,22.655,1814986.0
315,2021-05-11,22.275,22.595,22.155,22.315,1979845.0
316,2021-05-12,22.135,22.495,21.685,21.715,2717531.0
317,2021-05-13,21.855,22.405,21.815,22.165,1967461.0
318,2021-05-14,22.285,23.325,22.175,23.265,2018591.0
319,2021-05-17,23.175,23.245,22.905,23.085,2584921.0
320,2021-05-18,23.085,23.595,23.005,23.145,1826584.0
321,2021-05-19,22.965,23.425,22.585,23.415,2364823.0
322,2021-05-20,23.565,23.835,23.405,23.605,2184047.0
323,2021-05-21,23.845,23.975,23.585,23.605,2348071.0
324,2021-05-24,23.805,24.425,23.635,24.285,2521235.0
325,2021-05-25,24.275,24.535,24.005,24.225,3424331.0
326,2021-05-26,24.425,24.625,24.055,24.375,2441246.0
327,2021-05-27,24.365,24.665,24.195,24.575,2594694.0
328,2021-05-28,24.655,24.905,24.585,24.775,2414567.0
329,2021-06-01,24.935,25.015,24.645,24.875,2157030.0
330,2021-06-02,24.875,25.005,24.625,25.005,2919053.0
331,2021-06-03,24.895,25.245,24.585,25.105,2156961.0
332,2021-06-04,25.265,25.455,24.955,25.305,2479243.0
333,2021-06-07,25.465,25.655,25.285,25.605,3265149.0
334,2021-06-08,25.665,26.145,25.375,25.965,2676442.0
335,2021-06-09,26.055,26.475,25.785,26.215,4194682.0
336,2021-06-10,26.215,26.505,25.855,25.865,2396158.0
337,2021-06-11,25.965,26.175,25.845,26.165,1262818.0
338,2021-06-14,26.215,26.325,25.795,25.845,2156072.0
339,2021-06-15,25.875,25.935,25.645,25.865,1974177.0
340,2021-06-16,25.945,26.555,25.945,26.505,4273982.0
341,2021-06-17,26.415,26.785,26.055,26.405,3588641.0
342,2021-06-18,25.965,26.395,25.885,26.075,2463995.0
343,2021-06-21,26.125,26.605,26.015,26.595,1845927.0
344,2021-06-22,26.605,26.865,26.395,26.825,1575777.0
345,2021-06-23,26.855,27.085,26.765,26.935,1305585.0
346,2021-06-24,27.055,27.385,26.905,27.165,1838025.0
347,2021-06-25,27.225,27.535,27.005,27.105,3838062.0
348,2021-06-28,27.075,27.115,26.695,27.035,1547204.0
349,2021-06-29,27.065,27.445,27.015,27.135,1581088.0
350,2021-06-30,27.265,27.525,27.165,27.255,2655607.0
351,2021-07-01,27.225,27.735,27.055,27.415,2928955.0
352,2021-07-02,27.495,27.525,26.825,26.905,1858679.0
353,2021-07-06,27.015,27.595,26.825,27.565,1759442.0
354,2021-07-07,27.595,27.765,26.785,26.985,2032338.0
355,2021-07-08,26.555,27.365,26.115,27.145,2056440.0
356,2021-07-09,27.265,27.385,26.955,27.345,1180755.0
357,2021-07-12,27.285,27.535,27.185,27.385,1312627.0
358,2021-07-13,27.355,27.595,27.175,27.205,1237765.0
359,2021-07-14,27.385,27.485,26.395,26.615,2081324.0
360,2021-07-15,26.495,26.875,26.285,26.445,2480624.0
361,2021-07-16,26.715,26.805,26.435,26.515,1848866.0
362,2021-07-19,26.145,26.585,25.995,26.585,2177152.0
363,2021-07-20,26.655,27.335,26.655,27.115,2200624.0
364,2021-07-21,27.105,27.685,27.105,27.615,2593993.0
365,2021-07-22,27.665,27.705,27.165,27.395,1822685.0
366,2021-07-23,27.275,27.765,27.275,27.695,970403.0
367,2021-07-26,27.745,27.895,27.415,27.465,1184908.0
368,2021-07-27,27.455,27.655,27.185,27.625,2186672.0
369,2021-07-28,27.275,27.745,26.385,27.565,2797585.0
370,2021-07-29,27.895,28.405,27.725,28.085,2570793.0
371,2021-07-30,28.145,28.295,27.975,27.995,2066621.0
372,2021-08-02,28.035,28.125,27.635,27.685,2362515.0
373,2021-08-03,27.805,28.215,27.555,27.955,2921637.0
374,2021-08-04,27.915,28.195,27.525,27.575,1626085.0
375,2021-08-05,27.475,27.575,27.095,27.305,2566589.0
376,2021-08-06,27.355,27.615,27.145,27.215,2168330.0
377,2021-08-09,27.165,27.515,26.975,27.475,2363497.0
378,2021-08-10,27.495,27.625,26.915,26.985,2207830.0
379,2021-08-11,26.925,27.095,26.305,26.975,3030927.0
380,2021-08-12,27.025,27.495,26.885,27.415,2756490.0
381,2021-08-13,27.385,27.425,26.965,27.105,1027383.0
382,2021-08-16,27.165,27.205,26.795,26.875,1590761.0
383,2021-08-17,26.705,26.955,26.585,26.915,1616271.0
384,2021-08-18,26.935,27.305,26.755,26.905,1424622.0
385,2021-08-19,26.735,27.035,26.535,26.545,1458554.0
386,2021-08-20,26.505,27.095,26.505,27.035,1584393.0
387,2021-08-23,27.245,27.375,27.095,27.245,1690050.0
388,2021-08-24,27.345,27.665,27.325,27.475,1251956.0
389,2021-08-25,27.425,27.725,27.345,27.625,1671047.0
390,2021-08-26,27.695,27.885,27.605,27.855,1085549.0
391,2021-08-27,27.955,28.475,27.835,28.245,856310.0
392,2021-08-30,28.325,28.725,28.275,28.505,1116026.0
393,2021-08-31,28.505,28.675,28.055,28.125,889909.0
394,2021-09-01,28.225,28.375,28.005,28.315,1011498.0
395,2021-09-02,28.465,28.755,28.395,28.545,961128.0
396,2021-09-03,28.475,28.675,28.065,28.145,730343.0
397,2021-09-07,28.135,28.245,27.935,27.995,1030495.0
398,2021-09-08,26.655,26.965,25.665,25.945,5217115.0
399,2021-09-09,25.635,25.875,24.785,25.025,5095317.0
400,2021-09-10,25.125,25.245,24.455,24.485,3810038.0
401,2021-09-13,23.955,24.445,23.605,23.925,4860056.0
402,2021-09-14,23.975,24.025,23.445,23.595,3141717.0
403,2021-09-15,23.525,23.695,23.365,23.505,3112320.0
404,2021-09-16,23.515,24.055,23.455,23.955,2947789.0
405,2021-09-17,23.975,24.155,23.605,23.685,4570542.0
406,2021-09-20,23.275,23.815,23.045,23.815,2993187.0
407,2021-09-21,23.955,23.995,23.525,23.645,2078588.0
408,2021-09-22,23.705,24.065,23.625,23.955,1708109.0
409,2021-09-23,24.045,24.455,23.965,24.065,3519167.0
410,2021-09-24,23.955,24.025,23.695,23.785,2126050.0
411,2021-09-27,23.685,24.135,23.645,24.105,3349969.0
412,2021-09-28,23.955,24.095,23.365,23.635,2479420.0
413,2021-09-29,23.715,24.425,23.655,24.235,3017903.0
414,2021-09-30,24.275,24.515,24.025,24.045,4069816.0
415,2021-10-01,24.045,24.575,23.655,24.495,3352580.0
416,2021-10-04,24.725,24.755,23.475,23.715,3431514.0
417,2021-10-05,23.705,23.815,23.055,23.085,3387282.0
418,2021-10-06,22.955,23.105,22.755,23.025,1911288.0
419,2021-10-07,23.045,23.405,22.975,23.075,1660879.0
420,2021-10-08,23.155,23.155,22.365,22.385,2343519.0
421,2021-10-11,22.275,22.415,22.025,22.225,2803427.0
422,2021-10-12,22.235,22.445,21.525,21.665,3381252.0
423,2021-10-13,21.755,21.935,21.285,21.815,4905467.0
424,2021-10-14,21.995,22.945,21.955,22.815,3530937.0
425,2021-10-15,23.035,23.355,22.735,22.875,1928683.0
426,2021-10-18,22.775,23.405,22.765,23.175,2785745.0
427,2021-10-19,23.325,23.625,23.135,23.335,1703697.0
428,2021-10-20,23.555,23.555,23.155,23.425,1218008.0
429,2021-10-21,23.305,23.775,23.235,23.755,1465248.0
430,2021-10-22,23.885,24.245,23.755,24.025,2415257.0
431,2021-10-25,23.985,24.305,23.785,24.165,1751576.0
432,2021-10-26,24.375,24.445,23.985,24.005,1876281.0
433,2021-10-27,24.315,25.145,23.935,24.645,4845749.0
434,2021-10-28,25.005,26.185,24.495,25.655,3870704.0
435,2021-10-29,25.445,25.745,25.275,25.635,2092146.0
436,2021-11-01,25.775,26.105,25.275,26.005,5267877.0
437,2021-11-02,24.865,25.345,24.635,25.105,13370890.0
438,2021-11-03,25.125,25.905,24.795,25.765,7516432.0
439,2021-11-04,25.905,27.205,25.815,26.905,4065225.0
440,2021-11-05,27.035,27.625,26.885,27.585,5864308.0
441,2021-11-08,27.725,27.925,27.415,27.495,3972669.0
442,2021-11-09,27.475,27.505,26.755,26.925,1638101.0
443,2021-11-10,26.885,27.295,26.415,26.615,1580659.0
444,2021-11-11,26.745,27.065,26.535,26.655,1647425.0
445,2021-11-12,26.665,26.795,26.325,26.665,2112958.0
446,2021-11-15,27.005,27.245,26.735,26.875,2419659.0
447,2021-11-16,26.765,27.065,26.705,26.795,2365603.0
448,2021-11-17,26.785,26.875,26.565,26.715,908365.0
449,2021-11-18,26.755,26.795,26.235,26.545,5429402.0
450,2021-11-19,26.505,27.185,26.365,26.935,2201144.0
451,2021-11-22,27.165,27.285,26.255,26.545,2552365.0
452,2021-11-23,26.315,26.475,25.095,25.575,5577012.0
453,2021-11-24,26.185,26.235,25.435,26.195,1777616.0
454,2021-11-26,25.785,26.055,25.445,25.735,1458163.0
455,2021-11-29,26.135,26.215,25.525,25.945,1388410.0
456,2021-11-30,25.795,25.955,25.175,25.605,2968020.0
457,2021-12-01,25.885,26.165,24.605,24.665,3421087.0
458,2021-12-02,24.865,25.605,24.735,25.605,3097053.0
459,2021-12-03,25.735,25.995,25.195,25.475,1476087.0
460,2021-12-06,25.455,25.845,24.625,25.795,2578554.0
461,2021-12-07,26.255,26.865,26.115,26.525,3742670.0
462,2021-12-08,26.685,27.005,26.435,26.725,1648401.0
463,2021-12-09,26.545,26.725,25.865,25.955,2272581.0
464,2021-12-10,26.015,26.205,25.405,25.745,1405351.0
465,2021-12-13,25.665,25.925,25.365,25.415,1558188.0
466,2021-12-14,24.765,24.865,23.785,24.305,3494276.0
467,2021-12-15,24.365,25.075,24.245,24.985,1504679.0
468,2021-12-16,25.255,25.475,23.815,23.985,1907200.0
469,2021-12-17,23.785,24.325,23.115,23.915,3752599.0
470,2021-12-20,23.485,23.795,23.295,23.755,2400071.0
471,2021-12-21,23.965,24.245,23.715,24.155,1101065.0
472,2021-12-22,24.125,24.235,23.665,23.945,1619112.0
473,2021-12-23,24.105,24.915,23.945,24.825,1208711.0
474,2021-12-27,24.865,25.025,24.515,24.945,1398850.0
475,2021-12-28,24.905,24.945,24.385,24.665,1282281.0
476,2021-12-29,24.665,25.085,24.545,24.965,1106277.0
477,2021-12-30,24.965,25.325,24.965,25.145,2279322.0
478,2021-12-31,25.055,25.205,24.885,24.935,1349490.0
479,2022-01-03,25.135,25.135,23.985,24.345,4275093.0
480,2022-01-04,24.225,24.335,23.515,23.885,2508248.0
481,2022-01-05,23.795,23.865,22.695,22.805,3887920.0
482,2022-01-06,22.765,23.465,22.375,23.365,2416953.0
483,2022-01-07,23.445,23.735,22.495,22.515,4071596.0
484,2022-01-10,22.465,23.515,22.305,23.505,2855522.0
485,2022-01-11,23.475,23.945,23.315,23.935,2299720.0
486,2022-01-12,24.135,24.255,23.365,23.875,2179361.0
487,2022-01-13,24.035,24.165,23.685,23.735,2507668.0
488,2022-01-14,23.585,23.735,22.835,23.255,1810547.0
489,2022-01-18,22.855,23.125,22.425,22.695,2087188.0
490,2022-01-19,22.815,23.095,22.285,22.355,3156366.0
491,2022-01-20,22.355,23.025,21.925,21.945,1784146.0
492,2022-01-21,21.935,22.055,21.285,21.305,2037836.0
493,2022-01-24,20.985,21.965,20.505,21.885,2565934.0
494,2022-01-25,21.575,21.705,20.665,21.175,1641511.0
495,2022-01-26,21.405,21.575,20.445,20.595,2274448.0
496,2022-01-27,20.835,21.065,19.535,19.625,3074121.0
497,2022-01-28,19.605,20.025,19.075,20.015,2054608.0
498,2022-01-31,20.025,20.895,20.015,20.825,2576837.0
499,2022-02-01,21.015,21.245,20.445,21.075,2720853.0
500,2022-02-02,21.205,21.545,21.075,21.295,2412609.0
501,2022-02-03,20.865,21.375,20.825,20.895,4568774.0
502,2022-02-04,20.895,21.435,20.665,21.295,2645442.0
503,2022-02-07,21.335,22.055,21.285,21.585,3592594.0
504,2022-02-08,21.645,22.565,21.645,22.485,3952662.0
505,2022-02-09,22.835,23.065,22.425,22.785,1580141.0
506,2022-02-10,22.395,23.045,22.265,22.375,1350141.0
507,2022-02-11,22.375,22.505,20.925,21.105,1771848.0
508,2022-02-14,20.975,21.305,20.565,20.785,1553610.0
509,2022-02-15,21.215,21.665,21.055,21.645,1348559.0
510,2022-02-16,21.555,22.175,21.385,21.925,1166703.0
511,2022-02-17,21.635,21.705,20.635,20.655,1210537.0
512,2022-02-18,20.755,21.155,20.395,20.435,1685342.0
513,2022-02-22,20.185,20.315,19.485,19.535,2898621.0
514,2022-02-23,12.085,12.615,10.715,12.345,44348941.0
515,2022-02-24,11.445,12.525,11.275,12.355,17918767.0
516,2022-02-25,12.355,13.355,12.295,13.165,17192050.0
517,2022-02-28,12.905,13.355,12.785,12.985,7558829.0
518,2022-03-01,12.845,12.955,12.525,12.555,7668188.0
519,2022-03-02,12.585,12.705,11.845,11.965,7589441.0
520,2022-03-03,11.985,12.025,11.375,11.465,6230024.0
521,2022-03-04,11.395,11.495,10.355,10.535,8436620.0
522,2022-03-07,10.645,10.675,9.995,10.015,10042701.0
523,2022-03-08,10.065,10.275,9.555,10.155,6391616.0
524,2022-03-09,10.495,11.065,10.445,10.885,7174907.0
525,2022-03-10,10.565,11.455,10.435,11.355,6141974.0
526,2022-03-11,11.505,11.945,11.445,11.805,6518868.0
527,2022-03-14,11.775,11.965,10.945,11.095,5718321.0
528,2022-03-15,11.125,11.885,10.925,11.855,5581882.0
529,2022-03-16,11.985,12.515,11.975,12.285,5783202.0
530,2022-03-17,12.175,13.355,12.125,13.185,5278019.0
531,2022-03-18,13.005,13.585,13.005,13.365,4513539.0
532,2022-03-21,13.655,13.745,12.825,13.005,6229352.0
533,2022-03-22,13.045,13.575,12.975,13.385,7609869.0
534,2022-03-23,13.105,13.525,12.945,13.075,5698424.0
535,2022-03-24,13.105,13.175,12.535,12.745,4380140.0
536,2022-03-25,12.685,12.885,12.105,12.815,4676056.0
537,2022-03-28,12.825,13.115,12.475,13.015,4792635.0
538,2022-03-29,13.365,13.815,13.265,13.605,5330725.0
539,2022-03-30,13.315,13.725,13.305,13.675,4587931.0
540,2022-03-31,13.765,14.215,13.655,13.965,5565198.0
541,2022-04-01,14.695,15.165,14.325,14.545,6237165.0
542,2022-04-04,14.305,14.495,13.895,14.455,3067081.0
543,2022-04-05,14.545,14.575,13.725,13.815,4378699.0
544,2022-04-06,13.485,13.715,13.235,13.625,2470980.0
545,2022-04-07,13.605,13.875,13.205,13.435,3169506.0
546,2022-04-08,13.375,13.705,13.255,13.505,3341009.0
547,2022-04-11,13.265,13.565,12.885,12.925,3885507.0
548,2022-04-12,13.055,13.215,12.225,12.335,4140846.0
549,2022-04-13,12.285,13.085,12.285,13.085,2574968.0
550,2022-04-14,13.005,13.135,12.305,12.345,3012646.0
551,2022-04-18,12.195,12.355,11.815,12.025,3221697.0
552,2022-04-19,12.045,13.185,11.905,13.035,4146677.0
553,2022-04-20,13.165,13.235,12.845,12.865,4125408.0
554,2022-04-21,13.015,13.085,12.265,12.405,3047820.0
555,2022-04-22,12.275,12.345,11.535,11.595,3708448.0
556,2022-04-25,11.465,12.055,11.255,12.025,5055468.0
557,2022-04-26,11.925,12.005,11.475,11.505,4863363.0
558,2022-04-27,12.725,13.185,12.355,12.835,6304421.0
559,2022-04-28,12.945,13.055,12.065,12.725,4640951.0
560,2022-04-29,12.625,13.095,12.435,12.495,3631966.0
561,2022-05-02,12.445,12.875,12.125,12.575,3397588.0
562,2022-05-03,12.445,12.895,12.385,12.715,1929830.0
563,2022-05-04,12.695,13.285,12.225,13.255,2342330.0
564,2022-05-05,13.095,13.095,12.175,12.475,3199231.0
565,2022-05-06,12.345,12.375,11.765,12.175,2076277.0
566,2022-05-09,11.815,11.875,11.105,11.125,2664481.0
567,2022-05-10,11.355,11.525,10.005,10.015,6103541.0
568,2022-05-11,9.855,10.385,9.575,10.135,5569864.0
569,2022-05-12,9.845,10.645,9.845,10.405,4539795.0
570,2022-05-13,10.705,11.435,10.605,11.265,3724753.0
571,2022-05-16,11.185,11.275,10.685,10.755,2216982.0
572,2022-05-17,11.125,11.435,11.005,11.375,2745804.0
573,2022-05-18,11.175,11.545,10.815,10.885,2734342.0
574,2022-05-19,10.805,11.555,10.805,10.945,4873660.0
575,2022-05-20,11.085,11.145,10.565,10.805,5960155.0
576,2022-05-23,10.825,10.965,10.515,10.755,3018968.0
577,2022-05-24,10.655,10.655,9.815,10.215,4667740.0
578,2022-05-25,10.215,10.385,9.635,10.205,7147616.0
579,2022-05-26,10.305,11.225,10.235,10.825,5966986.0
580,2022-05-27,11.035,11.475,10.955,11.405,5822315.0
581,2022-05-31,11.455,11.455,10.905,10.955,5310631.0
582,2022-06-01,10.885,11.125,9.965,10.305,9220376.0
583,2022-06-02,10.365,11.015,10.285,10.825,8995838.0
584,2022-06-03,10.655,10.905,10.165,10.835,14598527.0
585,2022-06-06,11.155,11.335,10.815,10.985,6891392.0
586,2022-06-07,10.835,11.415,10.765,11.375,5971662.0
587,2022-06-08,11.175,11.295,10.695,10.915,5353084.0
588,2022-06-09,10.825,10.825,10.445,10.455,4997607.0
589,2022-06-10,10.175,10.295,9.985,10.055,5388937.0
590,2022-06-13,9.675,9.855,9.365,9.375,6325325.0
591,2022-06-14,9.425,9.575,9.135,9.325,6433140.0
592,2022-06-15,9.415,10.035,9.325,9.655,5399972.0
593,2022-06-16,9.295,9.415,8.885,9.005,5474890.0
594,2022-06-17,9.035,9.295,8.965,9.145,4339716.0
595,2022-06-21,9.315,9.315,8.995,9.155,4084455.0
596,2022-06-22,8.885,9.275,8.885,9.155,4048008.0
597,2022-06-23,9.175,9.395,8.985,9.385,2701553.0
598,2022-06-24,9.515,10.235,9.495,10.195,9564755.0
599,2022-06-27,10.285,10.365,9.855,9.965,3144842.0
600,2022-06-28,10.015,10.275,9.525,9.555,2000722.0
601,2022-06-29,9.485,9.525,8.885,8.905,4448891.0
602,2022-06-30,8.695,8.755,8.115,8.185,8105819.0
603,2022-07-01,8.125,8.505,8.055,8.255,5359537.0
604,2022-07-05,8.085,8.575,7.725,8.565,4408715.0
605,2022-07-06,8.515,8.765,8.395,8.605,8316111.0
606,2022-07-07,8.715,9.205,8.615,9.135,3638869.0
607,2022-07-08,9.085,9.245,8.905,8.995,1969879.0
608,2022-07-11,8.845,8.965,8.575,8.645,3211810.0
609,2022-07-12,8.565,8.975,8.515,8.645,3344232.0
610,2022-07-13,8.415,8.605,8.225,8.355,2941229.0
611,2022-07-14,8.135,8.475,8.085,8.395,2942845.0
612,2022-07-15,8.595,8.995,8.355,8.905,3447555.0
613,2022-07-18,9.095,9.135,8.715,8.755,2239066.0
614,2022-07-19,8.985,9.495,8.895,9.475,2674119.0
615,2022-07-20,9.575,10.205,9.575,10.135,3432382.0
616,2022-07-21,10.085,10.425,10.055,10.335,2135461.0
617,2022-07-22,10.405,10.755,10.315,10.575,3593563.0
618,2022-07-25,10.525,10.665,10.245,10.425,2204688.0
619,2022-07-26,10.335,10.385,10.145,10.215,1502348.0
620,2022-07-27,10.405,10.485,10.245,10.465,2043719.0
621,2022-07-28,10.735,10.995,10.495,10.945,2028732.0
622,2022-07-29,10.905,11.395,10.845,11.385,2963240.0
623,2022-08-01,11.195,11.545,11.045,11.415,2515182.0
624,2022-08-02,11.255,11.965,11.255,11.735,4071733.0
625,2022-08-03,11.605,12.415,10.695,11.955,9989291.0
626,2022-08-04,12.165,13.395,11.965,13.135,6395892.0
627,2022-08-05,12.745,12.965,12.455,12.795,4955433.0
628,2022-08-08,12.985,13.425,12.875,12.935,3033483.0
629,2022-08-09,12.695,12.695,11.875,12.125,5297780.0
630,2022-08-10,12.635,12.935,12.155,12.925,4786916.0
631,2022-08-11,13.105,13.365,12.705,12.795,3215224.0
632,2022-08-12,13.025,13.505,12.845,13.485,3879589.0
633,2022-08-15,13.385,13.645,13.065,13.305,3469650.0
634,2022-08-16,13.115,13.615,13.035,13.355,4084878.0
635,2022-08-17,12.955,13.215,12.695,13.075,3508492.0
636,2022-08-18,13.075,13.215,12.875,13.025,2982549.0
637,2022-08-19,12.805,12.935,12.265,12.295,2441818.0
638,2022-08-22,11.925,12.235,11.805,12.015,4354390.0
639,2022-08-23,12.015,12.155,11.905,12.015,2899877.0
640,2022-08-24,12.085,12.285,11.945,12.175,1583346.0
641,2022-08-25,12.355,12.615,12.205,12.475,2570649.0
642,2022-08-26,12.445,12.445,11.755,11.795,2808469.0
643,2022-08-29,11.515,12.065,11.485,11.845,2213424.0
644,2022-08-30,11.995,12.135,11.545,11.715,1515324.0
645,2022-08-31,11.775,11.835,11.275,11.495,3629990.0
646,2022-09-01,11.315,11.495,10.965,11.455,4762151.0
647,2022-09-02,11.685,11.685,11.115,11.175,2851018.0
648,2022-09-06,11.235,11.255,10.985,11.145,1548076.0
649,2022-09-07,11.105,11.805,11.065,11.675,1378354.0
650,2022-09-08,11.485,12.225,11.485,12.195,2342981.0
651,2022-09-09,12.345,13.415,12.345,13.335,4838390.0
652,2022-09-12,13.215,13.485,13.105,13.395,4121428.0
653,2022-09-13,12.805,13.145,12.605,12.685,3496899.0
654,2022-09-14,12.635,13.065,12.185,13.025,4740920.0
655,2022-09-15,12.885,13.325,12.855,12.985,2073859.0
656,2022-09-16,12.625,12.655,12.085,12.295,3532358.0
657,2022-09-19,12.065,12.525,12.025,12.475,2385196.0
658,2022-09-20,12.285,12.405,12.045,12.165,2641823.0
659,2022-09-21,12.265,12.385,11.665,11.715,2627820.0
660,2022-09-22,11.645,11.725,10.945,10.995,5368360.0
661,2022-09-23,10.495,10.705,9.725,9.915,4132199.0
662,2022-09-26,9.785,10.215,9.605,9.755,5170923.0
663,2022-09-27,9.945,10.165,9.565,9.645,3914252.0
664,2022-09-28,9.675,10.425,9.635,10.305,2642369.0
665,2022-09-29,9.955,10.055,9.445,9.655,2322877.0
666,2022-09-30,9.625,10.065,9.565,9.685,2685642.0
667,2022-10-03,9.895,11.615,9.855,11.215,7401556.0
668,2022-10-04,11.625,12.285,11.535,11.925,4771157.0
669,2022-10-05,11.585,12.025,11.345,11.955,3558000.0
670,2022-10-06,11.945,12.185,11.735,11.825,3684988.0
671,2022-10-07,11.585,11.725,10.885,10.915,2473348.0
672,2022-10-10,10.975,11.325,10.955,11.205,5607869.0
673,2022-10-11,11.115,11.295,10.735,11.045,6192092.0
674,2022-10-12,11.075,11.195,10.795,10.875,3354314.0
675,2022-10-13,10.405,11.005,10.205,10.845,9816677.0
676,2022-10-14,10.885,11.115,10.175,10.185,4166029.0
677,2022-10-17,10.475,10.855,10.425,10.825,5278387.0
678,2022-10-18,11.315,11.545,11.195,11.445,16244038.0
679,2022-10-19,11.295,11.435,11.065,11.365,8678392.0
680,2022-10-20,12.105,13.145,12.045,12.335,11496659.0
681,2022-10-21,12.275,13.355,12.135,13.175,5760882.0
682,2022-10-24,13.225,13.855,12.955,13.745,4174417.0
683,2022-10-25,13.855,14.325,13.815,14.095,5039124.0
684,2022-10-26,14.185,14.715,13.655,14.565,7201483.0
685,2022-10-27,15.215,15.705,14.455,14.755,6037465.0
686,2022-10-28,14.745,14.975,14.125,14.925,4651615.0
687,2022-10-31,14.845,14.995,14.225,14.275,4395228.0
688,2022-11-01,14.615,14.895,14.165,14.805,4321223.0
689,2022-11-02,14.685,14.815,14.015,14.045,3673477.0
690,2022-11-03,13.765,14.335,13.705,13.885,5025904.0
691,2022-11-04,14.275,14.375,13.605,14.145,3230830.0
692,2022-11-07,14.795,14.905,13.975,14.565,3503258.0
693,2022-11-08,14.595,14.785,14.245,14.625,3478593.0
694,2022-11-09,14.325,14.725,14.185,14.605,3066559.0
695,2022-11-10,15.565,16.035,15.115,15.245,5087200.0
696,2022-11-11,15.375,15.985,15.225,15.325,3801998.0
697,2022-11-14,15.105,15.415,14.885,14.895,2306422.0
698,2022-11-15,15.395,15.705,14.405,14.665,5622597.0
699,2022-11-16,14.405,14.555,13.355,13.845,5325636.0
700,2022-11-17,13.485,14.065,13.425,13.955,3607871.0
701,2022-11-18,14.155,14.205,13.535,13.805,2389406.0
702,2022-11-21,13.755,14.165,13.625,13.995,2597372.0
703,2022-11-22,14.035,14.155,13.545,13.775,2076406.0
704,2022-11-23,13.795,14.055,13.785,13.825,1497441.0
705,2022-11-25,13.795,13.925,13.565,13.705,1138774.0
706,2022-11-28,13.455,14.025,12.995,13.065,2479180.0
707,2022-11-29,13.135,13.245,13.005,13.175,1933726.0
708,2022-11-30,13.235,13.885,13.055,13.825,2282860.0
709,2022-12-01,14.225,14.555,14.025,14.175,2557055.0
710,2022-12-02,13.855,14.895,13.795,14.735,3201343.0
711,2022-12-05,14.465,14.595,14.135,14.325,2045578.0
712,2022-12-06,14.395,14.465,13.795,13.905,3117135.0
713,2022-12-07,13.845,14.015,13.465,13.635,2911932.0
714,2022-12-08,13.785,14.495,13.675,14.215,2774220.0
715,2022-12-09,14.145,14.415,13.615,13.615,2469012.0
716,2022-12-12,13.555,13.635,13.315,13.595,2398691.0
717,2022-12-13,14.255,14.475,13.735,14.055,2798859.0
718,2022-12-14,13.985,14.235,13.745,13.885,1893845.0
719,2022-12-15,13.545,13.725,13.115,13.225,1879244.0
720,2022-12-16,13.055,13.245,12.865,13.115,4501470.0
721,2022-12-19,13.135,13.135,12.585,12.655,2309356.0
722,2022-12-20,12.525,12.955,12.305,12.825,1624423.0
723,2022-12-21,12.975,13.245,12.885,13.115,1621384.0
724,2022-12-22,12.895,12.975,12.505,12.755,1663179.0
725,2022-12-23,12.745,12.865,12.525,12.795,1282336.0
726,2022-12-27,12.825,12.985,12.535,12.555,2087376.0
727,2022-12-28,12.605,12.785,12.275,12.325,1633218.0
728,2022-12-29,12.555,13.745,12.555,13.505,3452142.0
729,2022-12-30,13.235,13.655,13.215,13.635,2353954.0
730,2023-01-03,13.835,14.085,13.185,13.275,3458272.0
731,2023-01-04,13.485,13.595,13.115,13.475,2505339.0
732,2023-01-05,13.325,13.545,13.115,13.505,2951628.0
733,2023-01-06,13.715,14.185,13.505,14.095,2504685.0
734,2023-01-09,14.235,15.075,14.175,14.795,4388610.0
735,2023-01-10,14.695,14.735,14.025,14.495,2424958.0
736,2023-01-11,14.675,14.765,14.345,14.615,1817874.0
737,2023-01-12,14.685,14.975,14.455,14.955,1886463.0
738,2023-01-13,14.795,14.975,14.645,14.945,1840534.0
739,2023-01-17,14.925,14.975,14.735,14.935,1798214.0
740,2023-01-18,14.995,15.365,14.445,14.455,2442931.0
741,2023-01-19,14.195,14.355,13.885,13.915,2197046.0
742,2023-01-20,14.085,14.575,13.875,14.495,1491001.0
743,2023-01-23,14.625,15.605,14.585,15.505,4017694.0
744,2023-01-24,15.515,15.545,15.095,15.225,2496735.0
745,2023-01-25,14.785,14.815,14.265,14.325,3616441.0
746,2023-01-26,14.585,14.645,13.625,14.025,4217216.0
747,2023-01-27,13.875,14.485,13.835,14.355,3144096.0
748,2023-01-30,14.065,14.165,13.755,13.935,1808125.0
749,2023-01-31,14.005,14.275,13.865,14.195,2066480.0
750,2023-02-01,14.155,14.875,13.955,14.675,2065906.0
751,2023-02-02,14.905,15.335,14.815,15.015,2340468.0
752,2023-02-03,14.605,15.205,14.455,14.565,3013585.0
753,2023-02-06,14.295,14.445,14.055,14.175,3748517.0
754,2023-02-07,14.265,15.265,14.165,15.225,4991250.0
755,2023-02-08,15.065,15.825,14.955,15.705,5075125.0
756,2023-02-09,16.025,16.265,15.415,15.625,3937868.0
757,2023-02-10,15.535,15.645,14.335,14.435,3260234.0
758,2023-02-13,14.445,15.205,14.325,15.195,2269425.0
759,2023-02-14,15.025,15.675,14.885,15.605,2557261.0
760,2023-02-15,15.605,16.075,15.415,16.045,3355013.0
761,2023-02-16,15.715,16.215,15.595,16.005,2939917.0
762,2023-02-17,15.795,16.055,15.645,16.035,3823910.0
763,2023-02-21,15.805,15.975,15.175,15.235,4883380.0
764,2023-02-22,16.985,17.855,15.215,15.495,11976677.0
765,2023-02-23,15.875,16.465,15.515,16.435,7040275.0
766,2023-02-24,16.215,16.215,15.365,15.785,3492345.0
767,2023-02-27,16.005,16.075,15.655,15.735,2715484.0
768,2023-02-28,15.635,16.315,15.605,16.225,3105853.0
769,2023-03-01,16.145,16.435,15.955,16.105,3630403.0
770,2023-03-02,15.755,15.895,15.575,15.805,3145851.0
771,2023-03-03,15.855,16.425,15.725,16.335,3580841.0
772,2023-03-06,16.365,16.585,15.995,16.165,3333580.0
773,2023-03-07,16.115,16.315,15.765,15.815,1725833.0
774,2023-03-08,15.845,15.945,15.655,15.715,2076898.0
775,2023-03-09,15.845,15.915,15.325,15.355,2730154.0
776,2023-03-10,15.365,15.365,14.035,14.215,4830135.0
777,2023-03-13,13.915,14.065,13.465,13.805,4944558.0
778,2023-03-14,14.165,14.365,13.755,13.925,3306232.0
779,2023-03-15,13.405,13.535,12.885,13.295,3688673.0
780,2023-03-16,13.075,13.725,13.005,13.575,2994962.0
781,2023-03-17,13.455,13.635,13.065,13.095,4399501.0
782,2023-03-20,13.305,13.335,12.945,13.195,4987650.0
783,2023-03-21,13.655,13.795,13.565,13.745,2253222.0
784,2023-03-22,13.765,14.025,13.415,13.425,2532912.0
785,2023-03-23,13.575,14.025,12.965,13.205,2124996.0
786,2023-03-24,13.015,13.145,12.675,13.065,1880438.0
787,2023-03-27,13.275,13.335,13.015,13.165,2611325.0
788,2023-03-28,13.165,13.325,13.015,13.185,1967754.0
789,2023-03-29,13.505,13.785,13.365,13.685,3241592.0
790,2023-03-30,13.965,14.125,13.755,13.775,2696533.0
791,2023-03-31,13.935,14.415,13.865,14.285,3137027.0
792,2023-04-03,14.215,14.425,13.705,13.945,2261327.0
793,2023-04-04,13.955,14.075,12.925,13.075,2943141.0
794,2023-04-05,12.895,12.975,12.695,12.895,3206833.0
795,2023-04-06,12.825,12.865,12.235,12.355,3482164.0
796,2023-04-10,12.275,12.595,12.215,12.525,3449823.0
797,2023-04-11,12.575,12.725,12.445,12.525,2925481.0
798,2023-04-12,12.645,12.645,12.165,12.225,2689491.0
799,2023-04-13,12.255,12.455,12.025,12.405,4092600.0
800,2023-04-14,12.335,12.605,12.165,12.405,2621001.0
801,2023-04-17,12.415,12.695,12.315,12.545,2361978.0
802,2023-04-18,12.625,12.705,12.095,12.335,3716193.0
803,2023-04-19,12.115,12.485,11.995,12.465,4485632.0
804,2023-04-20,12.255,12.495,12.135,12.245,1937491.0
805,2023-04-21,12.205,12.315,11.925,12.155,2575291.0
806,2023-04-24,12.235,12.745,12.175,12.705,5059315.0
807,2023-04-25,12.525,12.645,12.195,12.205,6829923.0
808,2023-04-26,14.305,15.125,13.035,13.565,16760465.0
809,2023-04-27,13.975,14.675,13.705,14.465,6112621.0
810,2023-04-28,14.485,15.065,14.375,14.895,5048553.0
811,2023-05-01,14.755,14.985,14.615,14.795,3492949.0
812,2023-05-02,14.815,14.965,14.475,14.895,3744829.0
813,2023-05-03,14.955,15.525,14.865,14.905,5293086.0
814,2023-05-04,14.875,14.895,14.255,14.285,3302492.0
815,2023-05-05,14.415,15.205,14.255,14.955,4187373.0
816,2023-05-08,15.155,15.195,14.655,15.055,2129972.0
817,2023-05-09,14.885,15.395,14.815,15.235,3253137.0
818,2023-05-10,15.455,15.555,15.025,15.265,2510000.0
819,2023-05-11,15.205,15.395,15.045,15.305,1672046.0
820,2023-05-12,15.285,15.435,14.925,15.075,1711292.0
821,2023-05-15,15.075,15.485,15.045,15.295,2162365.0
822,2023-05-16,15.235,15.235,14.975,15.105,1630181.0
823,2023-05-17,15.285,15.655,15.155,15.605,2741209.0
824,2023-05-18,15.485,16.025,15.375,15.935,4900285.0
825,2023-05-19,16.045,16.065,15.475,15.535,3661351.0
826,2023-05-22,15.745,16.745,15.615,16.485,7543756.0
827,2023-05-23,16.285,16.695,16.145,16.265,5738816.0
828,2023-05-24,15.975,16.365,15.725,16.215,4048832.0
829,2023-05-25,18.275,19.165,17.925,18.485,29409888.0
830,2023-05-26,18.695,19.975,18.465,19.715,16000162.0
831,2023-05-30,20.405,20.505,19.805,20.115,9997522.0
832,2023-05-31,19.845,19.885,18.715,19.275,5854968.0
833,2023-06-01,19.345,19.625,19.075,19.375,4783172.0
834,2023-06-02,19.815,19.935,19.355,19.775,4021892.0
835,2023-06-05,19.415,20.115,19.365,20.045,4166733.0
836,2023-06-06,19.805,20.365,19.795,19.975,2966874.0
837,2023-06-07,19.975,20.585,19.865,20.535,5017801.0
838,2023-06-08,20.365,20.655,20.035,20.555,3695394.0
839,2023-06-09,21.205,21.325,20.825,21.165,3982742.0
840,2023-06-12,21.275,21.515,20.995,21.085,4767673.0
841,2023-06-13,21.415,22.495,21.375,22.425,6638666.0
842,2023-06-14,22.475,22.775,22.215,22.525,4516606.0
843,2023-06-15,22.395,22.755,22.125,22.575,4453303.0
844,2023-06-16,22.775,23.065,22.345,22.515,7713660.0
845,2023-06-20,22.425,23.385,22.365,23.315,5143545.0
846,2023-06-21,22.985,23.155,22.285,22.945,4860822.0
847,2023-06-22,22.735,23.405,22.575,23.285,4356874.0
848,2023-06-23,22.815,23.705,22.795,23.615,6516607.0
849,2023-06-26,23.475,24.235,23.355,23.425,7315207.0
850,2023-06-27,23.485,23.995,23.245,23.775,3704865.0
851,2023-06-28,23.565,23.745,23.045,23.325,5087990.0
852,2023-06-29,23.935,24.305,23.765,24.105,8865521.0
853,2023-06-30,24.315,24.985,24.005,24.745,5216226.0
854,2023-07-03,24.775,24.885,24.415,24.845,1881917.0
855,2023-07-05,24.705,24.755,24.265,24.275,3535209.0
856,2023-07-06,24.035,24.145,23.485,24.055,3814637.0
857,2023-07-07,24.545,24.975,24.435,24.625,2532586.0
858,2023-07-10,24.705,25.485,24.635,25.355,2523114.0
859,2023-07-11,25.285,25.565,25.165,25.285,3047606.0
860,2023-07-12,25.605,25.955,25.245,25.735,3119957.0
861,2023-07-13,25.915,27.005,25.745,26.485,5184687.0
862,2023-07-14,26.495,26.775,26.015,26.325,3135163.0
863,2023-07-17,26.275,26.695,26.085,26.325,3027360.0
864,2023-07-18,26.375,26.795,26.015,26.705,4121209.0
865,2023-07-19,26.495,26.755,26.255,26.665,6889789.0
866,2023-07-20,26.375,26.675,26.045,26.145,6024025.0
867,2023-07-21,26.405,26.445,25.315,25.655,5709893.0
868,2023-07-24,25.495,25.925,25.205,25.755,3872116.0
869,2023-07-25,25.645,26.255,25.555,25.965,2741718.0
870,2023-07-26,25.675,26.055,25.065,25.315,5117650.0
871,2023-07-27,25.825,26.005,25.065,25.295,4690020.0
872,2023-07-28,25.665,26.195,25.585,25.925,4622643.0
873,2023-07-31,25.745,26.085,25.385,25.985,5875117.0
874,2023-08-01,25.645,26.605,25.455,26.505,9987121.0
875,2023-08-02,32.975,35.355,31.545,34.265,38479088.0
876,2023-08-03,34.075,34.565,33.035,34.475,12837914.0
877,2023-08-04,34.935,36.575,34.735,35.685,9938368.0
878,2023-08-07,34.975,36.385,34.835,35.695,14131771.0
879,2023-08-08,35.525,36.445,34.935,36.195,7777744.0
880,2023-08-09,36.345,36.665,34.655,34.795,7518938.0
881,2023-08-10,34.685,34.925,32.715,33.845,11382271.0
882,2023-08-11,34.125,34.555,33.355,33.485,6050438.0
883,2023-08-14,33.545,34.835,33.225,34.555,5947787.0
884,2023-08-15,34.585,34.895,34.035,34.705,5592405.0
885,2023-08-16,34.685,34.955,33.675,33.715,5438160.0
886,2023-08-17,33.765,33.935,32.865,32.965,6342108.0
887,2023-08-18,32.975,34.305,32.355,33.945,7282734.0
888,2023-08-21,34.175,35.215,33.625,35.045,5952883.0
889,2023-08-22,35.355,35.775,34.515,34.945,4276406.0
890,2023-08-23,35.105,36.175,34.865,35.655,4733291.0
891,2023-08-24,36.865,37.195,34.965,34.985,10481007.0
892,2023-08-25,35.195,37.925,35.085,37.475,10429677.0
893,2023-08-28,37.415,38.515,37.185,38.145,6433266.0
894,2023-08-29,37.675,39.135,37.375,38.695,5746554.0
895,2023-08-30,38.475,39.225,38.355,38.865,3397007.0
896,2023-08-31,39.055,39.475,38.755,39.365,3569432.0
897,2023-09-01,39.595,40.385,39.165,39.845,4614280.0
898,2023-09-05,39.825,40.115,38.755,39.105,3719491.0
899,2023-09-06,39.175,39.555,37.635,38.415,7073943.0
900,2023-09-07,38.135,39.745,37.785,39.575,6757275.0
901,2023-09-08,39.305,40.125,39.025,39.175,3864035.0
902,2023-09-11,38.155,39.205,37.825,39.175,6528510.0
903,2023-09-12,38.845,39.685,37.285,37.595,5653668.0
904,2023-09-13,37.405,37.765,36.195,37.005,7073308.0
905,2023-09-14,37.945,39.215,37.905,38.415,6826036.0
906,2023-09-15,37.725,38.445,37.475,38.145,7132824.0
907,2023-09-18,37.445,38.285,36.695,37.775,4100068.0
908,2023-09-19,37.945,38.395,37.295,38.035,2445720.0
909,2023-09-20,38.135,38.735,37.075,37.095,3697138.0
910,2023-09-21,36.675,36.815,35.775,36.295,3686148.0
911,2023-09-22,36.705,36.885,36.185,36.425,2666414.0
912,2023-09-25,36.415,37.515,36.175,36.745,4134286.0
913,2023-09-26,36.475,36.735,35.465,35.495,4622712.0
914,2023-09-27,35.935,36.535,35.695,36.155,5576399.0
915,2023-09-28,36.235,38.075,36.085,36.975,4655836.0
916,2023-09-29,37.395,38.685,37.095,37.175,4526751.0
917,2023-10-02,38.025,38.945,37.675,38.385,6750246.0
918,2023-10-03,37.845,39.205,36.375,36.815,6541442.0
919,2023-10-04,36.875,38.555,36.605,38.165,5267523.0
920,2023-10-05,37.545,38.495,37.275,38.155,3903869.0
921,2023-10-06,37.755,40.175,37.505,39.745,7099440.0
922,2023-10-09,39.265,40.115,38.255,40.105,5777509.0
923,2023-10-10,40.955,42.695,40.475,40.555,8552259.0
924,2023-10-11,40.675,42.505,40.515,41.705,8423293.0
925,2023-10-12,41.785,43.105,41.185,41.785,6449904.0
926,2023-10-13,41.575,42.035,38.985,39.075,6903641.0
927,2023-10-16,39.445,40.895,39.175,40.625,4355123.0
928,2023-10-17,39.625,41.365,38.595,41.165,5069038.0
929,2023-10-18,40.465,40.755,38.435,38.725,6822607.0
930,2023-10-19,38.995,39.455,36.935,37.395,8848213.0
931,2023-10-20,37.165,37.915,35.625,36.715,8789350.0
932,2023-10-23,36.765,38.287,36.2129,37.265,6631994.0
933,2023-10-24,37.695,39.175,37.545,39.005,9674136.0
934,2023-10-25,41.515,41.895,35.975,37.365,17130391.0
935,2023-10-26,37.545,38.075,34.575,34.835,10790502.0
936,2023-10-27,35.635,36.785,35.5763,36.395,7780782.0
937,2023-10-30,36.895,38.475,36.375,38.255,6218934.0
938,2023-10-31,38.005,39.42,37.185,39.245,5648364.0
939,2023-11-01,39.325,40.235,39.045,40.205,5920270.0
940,2023-11-02,40.905,41.775,39.645,39.955,5638604.0
941,2023-11-03,40.565,41.19,39.795,40.415,6202484.0
942,2023-11-06,40.505,40.655,38.655,39.725,5246408.0
943,2023-11-07,40.055,41.035,39.455,40.125,4686105.0
944,2023-11-08,40.645,40.905,39.775,40.045,4825680.0
945,2023-11-09,40.345,42.175,39.487,39.945,6119753.0
946,2023-11-10,39.985,42.225,39.985,41.805,5793404.0
947,2023-11-13,41.475,42.405,41.1485,42.265,4239629.0
948,2023-11-14,43.185,43.975,42.795,43.565,6316007.0
949,2023-11-15,44.245,44.935,42.805,43.475,8154097.0
950,2023-11-16,42.975,43.5949,42.315,42.815,4630158.0
951,2023-11-17,43.755,44.1349,42.945,43.265,5140460.0
952,2023-11-20,43.085,44.605,43.085,44.525,4553969.0
953,2023-11-21,44.205,45.125,42.095,42.605,6832042.0
954,2023-11-22,43.375,44.355,42.305,43.495,6243398.0
955,2023-11-24,43.695,43.845,42.515,42.655,1526167.0
956,2023-11-27,42.665,43.235,42.375,42.525,5344217.0
957,2023-11-28,42.495,42.8402,41.305,42.225,7511461.0
958,2023-11-29,43.985,44.895,40.985,42.265,13346495.0
959,2023-11-30,42.665,44.525,42.475,43.635,26318992.0
960,2023-12-01,43.475,45.915,43.245,45.115,9446791.0
961,2023-12-04,45.195,45.885,43.635,45.335,8054599.0
962,2023-12-05,44.935,45.2829,44.285,45.125,4325024.0
963,2023-12-06,45.465,45.965,44.005,44.135,4325546.0
964,2023-12-07,44.275,45.395,44.115,45.115,4565525.0
965,2023-12-08,44.84,47.2497,44.83,47.14,6950925.0
966,2023-12-11,47.33,48.88,47.3272,47.63,7433949.0
967,2023-12-12,47.5,49.86,47.39,49.43,7006550.0
968,2023-12-13,49.63,50.23,47.76,47.94,7966723.0
969,2023-12-14,48.35,48.99,45.75,47.24,10176289.0
970,2023-12-15,47.36,48.4,46.87,47.73,5707626.0
971,2023-12-18,47.73,48.6,47.4516,47.8,3012630.0
972,2023-12-19,47.91,49.345,47.88,49.22,3795252.0
973,2023-12-20,48.86,49.15,47.2,47.25,3611070.0
974,2023-12-21,48.12,48.64,47.84,48.58,2593801.0
975,2023-12-22,48.57,49.16,48.2,48.78,2421722.0
976,2023-12-26,48.93,49.21,48.55,48.99,2078720.0
977,2023-12-27,48.9,49.31,48.39,48.93,2615648.0
978,2023-12-28,48.97,49.3299,48.34,48.96,2133053.0
979,2023-12-29,48.84,49.02,47.84,48.03,3012456.0
980,2024-01-02,47.48,47.5,45.1917,45.64,5770247.0
981,2024-01-03,45.0,45.925,44.31,45.57,5904591.0
982,2024-01-04,45.59,47.31,45.59,45.8,5274809.0
983,2024-01-05,45.6,46.67,45.09,46.31,4390751.0
984,2024-01-08,46.75,48.62,46.62,48.54,4179144.0
985,2024-01-09,48.42,49.47,47.45,49.18,3871296.0
986,2024-01-10,49.19,49.68,48.45,48.79,2870463.0
987,2024-01-11,49.0,50.17,48.22,50.02,3612635.0
988,2024-01-12,49.88,50.25,48.42,49.52,3465716.0
989,2024-01-16,49.37,50.72,49.25,49.96,3061538.0
990,2024-01-17,49.43,49.89,48.86,49.26,3208468.0
991,2024-01-18,50.36,51.04,49.67,50.89,4190214.0
992,2024-01-19,52.5,53.67,51.67,53.67,7499468.0
993,2024-01-22,54.5,55.93,53.1,53.45,7113671.0
994,2024-01-23,53.69,54.2,52.825,53.67,3453512.0
995,2024-01-24,54.38,55.05,52.8,52.82,8007294.0
996,2024-01-25,53.5,53.79,52.61,53.31,7383384.0
997,2024-01-26,53.05,54.765,52.4,53.46,5004508.0
998,2024-01-29,53.4,54.9299,53.3,54.9,5323474.0
999,2024-01-30,56.24,57.59,55.67,56.66,9344631.0
1000,2024-01-31,55.46,57.6,55.228,56.33,7562175.0
1001,2024-02-01,57.47,59.6199,57.24,59.46,10368817.0
1002,2024-02-02,60.07,62.26,60.07,61.47,9915164.0
1003,2024-02-05,61.45,62.17,60.37,61.58,6978596.0
1004,2024-02-06,61.9,62.26,57.83,59.12,10175514.0
1005,2024-02-07,59.98,61.31,59.275,60.74,6298897.0
1006,2024-02-08,60.93,63.43,60.885,61.67,7400972.0
1007,2024-02-09,61.99,63.81,61.85,63.52,6139227.0
1008,2024-02-12,63.95,64.18,61.05,61.32,7718765.0
1009,2024-02-13,58.91,63.12,57.1272,62.53,10345020.0
1010,2024-02-14,63.5,65.2,63.06,64.97,7577972.0
1011,2024-02-15,65.02,65.56,61.98,62.84,9598712.0
1012,2024-02-16,63.18,65.0,62.35,62.97,8065847.0
