,date,open,high,low,close,volume
0,2017-11-30,9.75,11.05,9.75,10.5,823180.0
1,2017-12-01,10.7,12.13,10.58,11.1,587329.0
2,2017-12-04,11.15,11.5,10.88,11.15,588248.0
3,2017-12-05,11.2,11.5,11.2,11.25,297993.0
4,2017-12-06,11.35,11.5,11.01,11.3,216881.0
5,2017-12-07,11.35,11.6,11.35,11.45,709927.0
6,2017-12-08,11.55,11.85,11.5,11.5,51933.0
7,2017-12-11,11.5,11.7,11.48,11.55,1109588.0
8,2017-12-12,11.65,12.0,11.65,11.85,547400.0
9,2017-12-13,11.85,12.4,11.85,12.2,1232667.0
10,2017-12-14,12.3,12.35,12.25,12.35,543558.0
11,2017-12-15,12.3,12.43,12.3,12.4,768313.0
12,2017-12-18,12.45,12.45,12.3,12.45,559734.0
13,2017-12-19,12.45,12.6,12.31,12.55,264102.0
14,2017-12-20,12.4,12.75,12.4,12.65,255260.0
15,2017-12-21,12.55,12.7,12.5,12.7,55620.0
16,2017-12-22,12.65,12.95,12.6,12.7,38368.0
17,2017-12-26,12.7,13.0,12.7,12.8,59689.0
18,2017-12-27,12.9,12.9,12.75,12.9,61544.0
19,2017-12-28,13.0,13.0,12.7,12.85,49182.0
20,2017-12-29,12.85,13.15,12.55,12.7,119777.0
21,2018-01-02,13.1,13.2,12.65,12.95,144412.0
22,2018-01-03,13.0,13.0,12.6,12.9,131900.0
23,2018-01-04,13.0,13.0,12.85,12.95,53079.0
24,2018-01-05,13.0,13.0,12.7,12.9,81276.0
25,2018-01-08,12.9,12.9,12.45,12.45,102304.0
26,2018-01-09,12.6,12.9,12.6,12.65,114098.0
27,2018-01-10,12.8,12.85,12.55,12.8,94960.0
28,2018-01-11,12.8,12.85,12.5,12.8,34696.0
29,2018-01-12,12.8,12.8,12.55,12.75,36184.0
30,2018-01-16,12.7,12.88,12.65,12.75,46510.0
31,2018-01-17,12.75,12.8,12.55,12.7,48699.0
32,2018-01-18,12.65,12.75,12.45,12.6,112315.0
33,2018-01-19,12.65,12.75,12.5,12.6,115156.0
34,2018-01-22,12.55,12.65,12.55,12.6,11198.0
35,2018-01-23,12.75,12.93,12.45,12.55,88111.0
36,2018-01-24,12.65,12.65,12.3,12.3,108718.0
37,2018-01-25,12.4,12.6,11.55,12.2,81366.0
38,2018-01-26,12.65,12.65,12.2,12.6,56892.0
39,2018-01-29,12.6,12.75,12.11,12.45,41517.0
40,2018-01-30,12.45,12.45,11.45,12.25,57897.0
41,2018-01-31,12.25,12.55,11.6,12.35,70869.0
42,2018-02-01,12.3,12.3,11.8,12.15,97581.0
43,2018-02-02,12.1,12.4,11.85,12.4,31419.0
44,2018-02-05,12.5,12.7,12.1,12.55,116995.0
45,2018-02-06,12.6,12.6,12.08,12.35,198957.0
46,2018-02-07,12.32,12.32,12.05,12.15,273455.0
47,2018-02-08,12.2,12.6,12.05,12.2,139326.0
48,2018-02-09,12.3,12.4,11.6,12.3,274524.0
49,2018-02-12,12.25,12.5,11.85,12.15,49103.0
50,2018-02-13,12.4,12.4,11.9,12.3,77446.0
51,2018-02-14,12.2,12.35,12.1,12.3,138807.0
52,2018-02-15,12.3,12.3,11.77,12.3,78950.0
53,2018-02-16,12.3,12.3,12.15,12.2,42437.0
54,2018-02-20,12.25,12.45,12.1,12.2,200640.0
55,2018-02-21,12.25,12.25,12.05,12.25,64296.0
56,2018-02-22,12.25,12.3,11.95,12.2,63056.0
57,2018-02-23,12.2,12.2,12.1,12.2,105072.0
58,2018-02-26,12.25,12.6,12.15,12.2,42775.0
59,2018-02-27,12.25,12.55,11.95,11.95,183343.0
60,2018-02-28,11.95,12.2,11.95,12.2,116225.0
61,2018-03-01,12.25,12.5,11.9,12.05,117605.0
62,2018-03-02,12.0,12.25,12.0,12.05,164955.0
63,2018-03-05,12.6,12.6,12.1,12.5,361671.0
64,2018-03-06,12.5,12.55,12.25,12.25,350727.0
65,2018-03-07,12.2,12.5,12.2,12.45,183946.0
66,2018-03-08,12.55,12.65,12.45,12.65,179553.0
67,2018-03-09,12.7,13.1,12.5,12.95,464799.0
68,2018-03-12,13.0,15.6,13.0,13.2,517370.0
69,2018-03-13,13.3,13.55,13.3,13.5,482057.0
70,2018-03-14,13.6,13.75,13.5,13.65,571329.0
71,2018-03-15,13.5,13.75,13.5,13.75,309603.0
72,2018-03-16,13.8,13.95,13.15,13.55,1366727.0
73,2018-03-19,13.7,13.8,13.55,13.55,496836.0
74,2018-03-20,13.55,13.6,13.4,13.6,442946.0
75,2018-03-21,13.55,13.7,13.55,13.6,210986.0
76,2018-03-22,13.65,13.7,13.45,13.45,104879.0
77,2018-03-23,13.5,13.5,13.35,13.43,113671.0
78,2018-03-26,13.55,13.55,13.25,13.25,121590.0
79,2018-03-27,13.15,13.5,13.15,13.2,194084.0
80,2018-03-28,13.25,13.5,13.0,13.15,269629.0
81,2018-03-29,13.25,13.73,13.0,13.65,392996.0
82,2018-04-02,13.7,13.9,13.53,13.65,258144.0
83,2018-04-03,13.7,13.85,13.6,13.7,419885.0
84,2018-04-04,13.65,13.75,13.55,13.65,179066.0
85,2018-04-05,13.7,13.75,13.48,13.55,120648.0
86,2018-04-06,13.5,13.6,13.3,13.5,133105.0
87,2018-04-09,13.55,13.7,13.45,13.55,92028.0
88,2018-04-10,13.65,13.7,13.45,13.65,130266.0
89,2018-04-11,13.8,13.8,13.4,13.4,738384.0
90,2018-04-12,13.35,13.65,13.2,13.5,119411.0
91,2018-04-13,13.6,13.7,13.48,13.6,249600.0
92,2018-04-16,13.65,13.65,13.55,13.6,80501.0
93,2018-04-17,13.65,13.7,13.6,13.6,361525.0
94,2018-04-18,13.65,13.65,13.4,13.45,104678.0
95,2018-04-19,13.55,13.6,13.35,13.4,63104.0
96,2018-04-20,13.5,13.5,13.15,13.2,90673.0
97,2018-04-23,13.25,13.33,13.0,13.2,83904.0
98,2018-04-24,13.25,13.4,12.9,13.1,116610.0
99,2018-04-25,13.15,13.38,12.85,13.0,197672.0
100,2018-04-26,12.9,13.2,12.9,12.95,49517.0
101,2018-04-27,12.95,12.95,12.8,12.85,52540.0
102,2018-04-30,12.9,13.05,12.7,12.8,287021.0
103,2018-05-01,12.85,12.9,12.65,12.9,195801.0
104,2018-05-02,12.9,12.9,12.65,12.75,261775.0
105,2018-05-03,12.8,12.8,12.68,12.75,148267.0
106,2018-05-04,12.65,12.8,11.0,12.6,233221.0
107,2018-05-07,12.55,12.76,12.55,12.55,78936.0
108,2018-05-08,12.55,12.8,12.35,12.6,299873.0
109,2018-05-09,12.55,12.8,12.55,12.65,385892.0
110,2018-05-10,12.7,12.9,12.45,12.65,229534.0
111,2018-05-11,12.65,12.65,12.4,12.6,342942.0
112,2018-05-14,12.65,12.7,12.3,12.5,241006.0
113,2018-05-15,12.45,12.55,10.35,12.4,182456.0
114,2018-05-16,12.35,12.5,12.35,12.35,203040.0
115,2018-05-17,12.3,12.6,12.15,12.45,316934.0
116,2018-05-18,12.35,12.7,12.2,12.5,188144.0
117,2018-05-21,12.5,12.65,12.35,12.45,213949.0
118,2018-05-22,12.5,12.65,12.25,12.25,199531.0
119,2018-05-23,12.25,12.4,12.15,12.25,129977.0
120,2018-05-24,12.25,12.3,12.15,12.25,124791.0
121,2018-05-25,12.15,12.25,12.1,12.15,157958.0
122,2018-05-29,12.05,12.25,11.9,12.2,240916.0
123,2018-05-30,12.15,12.35,12.15,12.15,126284.0
124,2018-05-31,12.15,12.48,12.1,12.2,588335.0
125,2018-06-01,12.2,12.23,11.95,12.0,159260.0
126,2018-06-04,11.9,12.15,11.55,11.9,502643.0
127,2018-06-05,11.85,12.35,11.7,12.15,300651.0
128,2018-06-06,12.2,12.3,11.95,11.95,343432.0
129,2018-06-07,12.0,12.0,11.8,11.8,180791.0
130,2018-06-08,11.8,12.1,11.7,11.95,197426.0
131,2018-06-11,12.0,12.15,11.63,11.85,198827.0
132,2018-06-12,11.8,12.0,11.7,11.9,157072.0
133,2018-06-13,12.0,12.05,11.8,11.9,205190.0
134,2018-06-14,12.0,12.1,11.85,12.05,242755.0
135,2018-06-15,12.05,12.2,11.95,12.15,221523.0
136,2018-06-18,12.1,12.5,12.05,12.3,376432.0
137,2018-06-19,12.35,12.35,12.08,12.1,410556.0
138,2018-06-20,12.2,12.5,12.08,12.35,1275144.0
139,2018-06-21,12.4,12.75,11.9,12.15,436079.0
140,2018-06-22,14.5,15.3,13.78,15.2,6914560.0
141,2018-06-25,15.35,15.55,14.98,15.0,1589216.0
142,2018-06-26,15.05,15.3,14.85,15.1,1241043.0
143,2018-06-27,15.05,15.1,14.55,14.55,860563.0
144,2018-06-28,14.45,14.9,14.33,14.7,496710.0
145,2018-06-29,14.75,14.85,14.45,14.8,347526.0
146,2018-07-02,14.9,14.9,14.35,14.65,302426.0
147,2018-07-03,14.75,14.85,14.6,14.75,297392.0
148,2018-07-05,14.8,14.8,14.5,14.7,846712.0
149,2018-07-06,14.75,14.9,14.65,14.85,308146.0
150,2018-07-09,15.65,15.7,15.1,15.35,735068.0
151,2018-07-10,15.4,15.55,15.25,15.5,1309534.0
152,2018-07-11,15.5,15.75,15.5,15.65,885074.0
153,2018-07-12,15.65,16.05,15.65,15.75,689521.0
154,2018-07-13,15.75,16.0,15.75,15.85,517043.0
155,2018-07-16,15.85,16.0,15.4,15.4,543511.0
156,2018-07-17,15.35,15.6,15.26,15.4,489089.0
157,2018-07-18,15.4,15.6,15.38,15.55,668643.0
158,2018-07-19,15.45,15.88,15.45,15.7,455660.0
159,2018-07-20,15.65,16.0,15.65,15.8,260463.0
160,2018-07-23,15.8,15.9,15.6,15.85,270078.0
161,2018-07-24,15.95,16.0,15.6,15.6,891721.0
162,2018-07-25,15.15,16.85,14.95,16.45,2414330.0
163,2018-07-26,16.7,17.7,16.6,16.9,3889301.0
164,2018-07-27,17.15,17.19,16.65,16.85,1057289.0
165,2018-07-30,17.05,17.05,16.6,16.95,652967.0
166,2018-07-31,16.85,16.92,16.52,16.7,514431.0
167,2018-08-01,16.7,16.7,16.45,16.45,764845.0
168,2018-08-02,16.45,16.5,16.1,16.2,1183619.0
169,2018-08-03,16.25,16.65,16.25,16.55,400358.0
170,2018-08-06,16.55,16.6,16.35,16.45,253715.0
171,2018-08-07,16.45,16.52,15.95,16.45,1114714.0
172,2018-08-08,16.3,16.65,15.95,16.0,735465.0
173,2018-08-09,16.1,16.45,16.02,16.35,695218.0
174,2018-08-10,16.3,16.6,16.11,16.2,565333.0
175,2018-08-13,16.15,16.25,15.88,15.9,441290.0
176,2018-08-14,15.85,16.15,15.73,15.95,689091.0
177,2018-08-15,15.95,15.95,15.6,15.78,575891.0
178,2018-08-16,15.75,16.0,15.75,15.9,586066.0
179,2018-08-17,16.05,16.35,16.0,16.0,507184.0
180,2018-08-20,16.1,16.15,15.83,15.95,386803.0
181,2018-08-21,15.9,16.1,15.9,16.05,530789.0
182,2018-08-22,16.0,16.2,15.95,16.15,802411.0
183,2018-08-23,16.05,16.5,16.05,16.35,507940.0
184,2018-08-24,16.35,16.75,16.25,16.65,489855.0
185,2018-08-27,16.75,16.9,16.6,16.9,644491.0
186,2018-08-28,16.9,17.0,16.8,16.8,409629.0
187,2018-08-29,16.85,17.05,16.85,17.0,505779.0
188,2018-08-30,16.95,17.15,16.9,17.15,590387.0
189,2018-08-31,17.15,17.45,16.95,17.45,793616.0
190,2018-09-04,17.35,17.43,17.1,17.35,914966.0
191,2018-09-05,17.35,17.5,17.15,17.3,1026491.0
192,2018-09-06,17.35,17.4,17.15,17.25,295069.0
193,2018-09-07,17.2,17.38,17.02,17.25,475343.0
194,2018-09-10,17.25,17.27,17.05,17.1,338887.0
195,2018-09-11,17.15,17.35,17.05,17.15,425559.0
196,2018-09-12,17.1,17.2,16.9,17.2,437757.0
197,2018-09-13,17.25,17.3,17.0,17.1,411945.0
198,2018-09-14,17.05,17.25,16.9,17.2,457213.0
199,2018-09-17,17.15,17.25,16.9,16.95,127277.0
200,2018-09-18,17.0,17.25,16.9,17.05,462706.0
201,2018-09-19,17.1,17.1,16.75,16.9,380864.0
202,2018-09-20,16.8,17.2,16.5,17.1,252199.0
203,2018-09-21,17.05,17.18,16.9,17.15,313451.0
204,2018-09-24,17.2,17.2,16.8,16.85,371286.0
205,2018-09-25,16.95,17.15,16.7,17.05,161238.0
206,2018-09-26,16.95,17.2,16.85,17.15,325131.0
207,2018-09-27,17.2,17.3,17.0,17.15,442398.0
208,2018-09-28,17.15,17.35,17.0,17.15,1107231.0
209,2018-10-01,17.65,18.19,17.6,17.94,2648126.0
210,2018-10-02,18.05,18.05,17.73,17.8,891391.0
211,2018-10-03,17.95,17.95,17.61,17.8,417687.0
212,2018-10-04,17.74,17.85,17.54,17.7,496735.0
213,2018-10-05,17.79,17.86,17.66,17.82,463809.0
214,2018-10-08,17.76,17.97,17.68,17.75,821251.0
215,2018-10-09,17.77,17.86,17.61,17.61,470772.0
216,2018-10-10,17.59,17.67,17.18,17.19,671099.0
217,2018-10-11,17.07,17.3,16.95,17.0,652505.0
218,2018-10-12,17.15,17.32,16.52,16.59,1102027.0
219,2018-10-15,16.6,16.75,16.26,16.28,1006820.0
220,2018-10-16,16.38,16.66,16.29,16.62,1223290.0
221,2018-10-17,16.57,16.65,16.31,16.44,733483.0
222,2018-10-18,16.36,16.52,15.93,16.0,647833.0
223,2018-10-19,15.95,16.19,15.49,15.52,990403.0
224,2018-10-22,15.45,15.97,15.15,15.2,934959.0
225,2018-10-23,14.99,15.26,14.81,15.08,739200.0
226,2018-10-24,15.03,15.11,14.39,14.4,661696.0
227,2018-10-25,14.47,15.0,14.27,14.83,712884.0
228,2018-10-26,14.82,14.94,14.2,14.66,684476.0
229,2018-10-29,14.86,14.92,13.99,14.21,572715.0
230,2018-10-30,14.15,14.28,14.0,14.2,652761.0
231,2018-10-31,14.37,15.03,14.25,14.84,1046547.0
232,2018-11-01,14.85,15.21,14.69,15.04,557834.0
233,2018-11-02,15.07,15.39,15.07,15.38,486241.0
234,2018-11-05,15.39,15.62,15.21,15.55,569765.0
235,2018-11-06,15.5,15.89,15.48,15.78,963103.0
236,2018-11-07,15.79,16.33,15.79,15.88,483792.0
237,2018-11-08,15.87,16.16,15.8,15.83,586597.0
238,2018-11-09,16.72,17.12,16.47,16.89,2431317.0
239,2018-11-12,16.7,16.97,16.39,16.45,1040299.0
240,2018-11-13,16.56,16.56,15.99,16.07,690843.0
241,2018-11-14,16.01,16.13,15.7,15.74,900583.0
242,2018-11-15,15.74,15.79,15.18,15.44,909041.0
243,2018-11-16,15.35,15.54,14.85,15.12,916093.0
244,2018-11-19,14.96,15.17,14.26,14.27,1219242.0
245,2018-11-20,13.86,14.1,13.21,13.3,1693063.0
246,2018-11-21,13.29,13.78,13.24,13.73,354129.0
247,2018-11-23,13.59,13.65,13.27,13.29,229300.0
248,2018-11-26,13.48,13.81,13.48,13.58,570537.0
249,2018-11-27,13.58,13.62,13.29,13.57,703973.0
250,2018-11-28,13.64,13.94,13.41,13.77,506747.0
251,2018-11-29,13.75,13.8,13.4,13.72,394843.0
252,2018-11-30,13.66,13.83,13.56,13.78,319196.0
253,2018-12-03,14.01,14.13,13.75,13.95,727202.0
254,2018-12-04,13.89,14.08,13.4,13.43,636662.0
255,2018-12-06,13.16,13.29,13.01,13.15,407230.0
256,2018-12-07,13.15,13.23,12.16,12.47,732260.0
257,2018-12-10,12.5,12.5,11.98,12.02,642883.0
258,2018-12-11,12.2,13.32,11.82,12.1,686766.0
259,2018-12-12,12.29,12.78,11.86,11.92,750850.0
260,2018-12-13,11.93,12.06,11.8,11.81,762168.0
261,2018-12-14,11.52,11.94,11.31,11.39,513537.0
262,2018-12-17,11.06,11.33,10.78,10.81,885132.0
263,2018-12-18,10.87,10.98,10.52,10.61,640392.0
264,2018-12-19,10.62,10.81,10.15,10.2,864751.0
265,2018-12-20,10.13,10.13,9.25,9.36,1006366.0
266,2018-12-21,9.37,9.91,8.61,8.65,1320426.0
267,2018-12-24,8.64,8.75,8.21,8.67,445593.0
268,2018-12-26,8.71,9.02,8.47,8.91,977087.0
269,2018-12-27,8.8,8.88,8.23,8.65,793049.0
270,2018-12-28,8.69,9.52,8.65,9.39,1729371.0
271,2018-12-31,9.43,9.5,8.96,9.42,488393.0
272,2019-01-02,9.22,10.01,9.0,9.6,708614.0
273,2019-01-03,9.55,9.83,9.43,9.49,768963.0
274,2019-01-04,9.54,10.12,9.54,9.95,755942.0
275,2019-01-07,9.9,10.57,9.72,10.53,524714.0
276,2019-01-08,10.63,10.66,10.13,10.24,874701.0
277,2019-01-09,10.66,11.24,10.49,10.63,1085512.0
278,2019-01-10,10.49,10.49,10.08,10.31,992378.0
279,2019-01-11,10.23,10.32,9.78,9.99,1136708.0
280,2019-01-14,9.84,10.21,9.8,10.02,409319.0
281,2019-01-15,10.02,10.29,9.83,10.14,964028.0
282,2019-01-16,10.18,10.37,10.06,10.17,738012.0
283,2019-01-17,10.12,10.26,9.96,10.07,552225.0
284,2019-01-18,10.08,10.81,10.08,10.58,1126561.0
285,2019-01-22,10.45,10.45,9.96,10.21,784028.0
286,2019-01-23,10.29,10.4,9.93,10.07,642690.0
287,2019-01-24,10.01,10.53,10.01,10.39,774876.0
288,2019-01-25,10.51,10.63,10.3,10.32,958505.0
289,2019-01-28,10.3,10.36,9.97,10.06,349116.0
290,2019-01-29,10.15,10.15,9.9,10.0,501347.0
291,2019-01-30,10.13,10.3,9.85,10.27,658438.0
292,2019-01-31,10.31,10.46,10.12,10.25,786357.0
293,2019-02-01,10.3,10.3,9.95,9.97,430069.0
294,2019-02-04,9.97,9.97,9.56,9.87,812823.0
295,2019-02-05,9.87,10.13,9.85,10.03,924192.0
296,2019-02-06,10.04,10.24,9.9,10.06,703327.0
297,2019-02-07,10.01,10.11,9.75,9.93,641007.0
298,2019-02-08,9.82,9.96,9.75,9.88,351389.0
299,2019-02-11,9.95,10.03,9.8,10.0,446428.0
300,2019-02-12,10.09,10.27,9.9,10.19,644931.0
301,2019-02-13,10.24,10.43,10.11,10.28,934797.0
302,2019-02-14,10.25,10.46,10.13,10.21,400016.0
303,2019-02-15,10.23,10.37,10.18,10.29,299175.0
304,2019-02-19,10.28,10.38,10.25,10.3,390760.0
305,2019-02-20,10.3,10.62,10.26,10.49,496128.0
306,2019-02-21,10.48,10.5,10.28,10.44,491948.0
307,2019-02-22,10.48,10.6,10.24,10.28,702275.0
308,2019-02-25,10.37,10.41,10.25,10.25,574287.0
309,2019-02-26,10.26,10.44,10.17,10.24,555940.0
310,2019-02-27,10.19,10.29,10.07,10.24,511631.0
311,2019-02-28,10.24,10.31,10.12,10.19,649242.0
312,2019-03-01,10.28,10.49,10.17,10.4,908486.0
313,2019-03-04,10.47,10.86,10.4,10.68,1125850.0
314,2019-03-05,10.69,10.74,10.32,10.37,381444.0
315,2019-03-06,10.37,10.4,10.06,10.06,532498.0
316,2019-03-07,10.05,10.09,9.79,9.96,415913.0
317,2019-03-08,9.94,10.08,9.87,10.03,508121.0
318,2019-03-11,10.05,10.32,10.03,10.31,461501.0
319,2019-03-12,10.37,10.6,10.32,10.58,240905.0
320,2019-03-13,10.63,10.71,10.46,10.56,770874.0
321,2019-03-14,10.47,10.94,10.47,10.75,1456288.0
322,2019-03-15,10.65,11.71,10.37,11.3,1333808.0
323,2019-03-18,11.36,11.59,10.94,11.28,556154.0
324,2019-03-19,11.36,11.58,10.93,11.12,1045848.0
325,2019-03-20,11.04,11.81,10.92,11.69,1344719.0
326,2019-03-21,11.69,11.78,11.48,11.67,579634.0
327,2019-03-22,11.78,12.02,11.33,11.36,1223434.0
328,2019-03-25,11.36,11.37,10.86,11.02,723479.0
329,2019-03-26,11.12,11.36,10.76,10.93,556749.0
330,2019-03-27,10.92,10.95,10.78,10.8,499338.0
331,2019-03-28,10.74,11.08,10.64,10.98,567974.0
332,2019-03-29,11.06,11.18,10.91,11.09,438692.0
333,2019-04-01,11.18,11.29,11.06,11.11,271501.0
334,2019-04-02,11.27,11.59,11.16,11.54,573828.0
335,2019-04-03,11.63,12.02,11.5,11.97,586763.0
336,2019-04-04,11.99,12.3,11.89,11.93,466929.0
337,2019-04-05,11.93,12.04,11.77,11.81,652426.0
338,2019-04-08,11.77,11.93,11.6,11.87,234708.0
339,2019-04-09,11.82,11.82,11.65,11.65,178412.0
340,2019-04-10,11.67,11.86,11.45,11.83,235010.0
341,2019-04-11,11.82,12.03,11.73,11.87,279560.0
342,2019-04-12,11.96,12.16,11.92,12.11,323189.0
343,2019-04-15,12.15,12.29,12.14,12.28,382653.0
344,2019-04-16,12.31,12.37,12.2,12.26,272036.0
345,2019-04-17,12.38,12.4,12.1,12.15,326630.0
346,2019-04-18,12.12,12.41,12.12,12.41,293668.0
347,2019-04-22,12.4,12.54,12.34,12.5,291722.0
348,2019-04-23,12.6,13.08,12.5,12.96,749572.0
349,2019-04-24,12.96,13.08,12.87,12.99,427648.0
350,2019-04-25,13.0,13.27,12.86,13.14,419706.0
351,2019-04-26,13.14,13.28,13.01,13.21,464323.0
352,2019-04-29,13.26,13.5,13.17,13.35,450676.0
353,2019-04-30,13.39,13.5,13.2,13.47,470916.0
354,2019-05-01,13.5,13.94,13.35,13.57,974741.0
355,2019-05-02,13.57,13.78,13.38,13.74,663323.0
356,2019-05-03,14.0,14.66,13.78,14.45,1284786.0
357,2019-05-06,14.11,14.36,13.85,14.22,1245429.0
358,2019-05-07,14.0,14.09,13.69,13.77,888283.0
359,2019-05-08,13.73,14.21,13.61,14.09,565086.0
360,2019-05-09,14.09,14.1,13.75,14.05,821805.0
361,2019-05-10,14.05,14.4,13.94,14.36,581403.0
362,2019-05-13,14.0,14.0,13.55,13.7,695256.0
363,2019-05-14,13.82,14.01,13.62,14.0,741474.0
364,2019-05-15,13.84,14.3,13.74,14.27,693159.0
365,2019-05-16,14.31,14.51,14.08,14.2,495171.0
366,2019-05-17,13.98,14.41,13.98,14.22,347282.0
367,2019-05-20,14.07,14.24,13.94,14.16,396080.0
368,2019-05-21,14.25,14.45,14.2,14.24,484803.0
369,2019-05-22,14.2,14.32,14.06,14.23,490803.0
370,2019-05-23,14.02,14.05,13.81,13.91,418939.0
371,2019-05-24,14.04,14.14,13.87,13.96,325608.0
372,2019-05-28,13.99,14.16,13.68,13.76,533034.0
373,2019-05-29,13.62,14.02,13.4,13.97,471012.0
374,2019-05-30,13.97,14.11,13.67,13.86,243526.0
375,2019-05-31,13.65,13.75,13.53,13.58,263102.0
376,2019-06-03,13.55,13.69,13.29,13.44,258828.0
377,2019-06-04,13.55,13.8,13.42,13.8,378563.0
378,2019-06-05,13.95,14.2,13.73,14.2,873004.0
379,2019-06-06,14.3,14.68,14.1,14.22,500306.0
380,2019-06-07,14.37,14.5,14.1,14.22,786736.0
381,2019-06-10,14.3,14.61,14.3,14.59,642646.0
382,2019-06-11,14.8,14.87,14.36,14.45,465562.0
383,2019-06-12,14.4,14.58,14.22,14.28,416981.0
384,2019-06-13,14.33,14.51,14.18,14.51,541432.0
385,2019-06-14,14.5,14.51,14.34,14.5,350784.0
386,2019-06-17,14.51,14.64,14.49,14.51,353712.0
387,2019-06-18,14.66,14.75,14.59,14.69,400789.0
388,2019-06-19,14.69,14.75,14.55,14.65,275447.0
389,2019-06-20,14.78,14.86,14.42,14.49,315033.0
390,2019-06-21,14.41,14.65,14.27,14.51,290209.0
391,2019-06-24,14.47,14.51,14.28,14.36,275102.0
392,2019-06-25,14.36,14.43,14.18,14.19,272588.0
393,2019-06-26,14.4,14.6,14.25,14.39,427334.0
394,2019-06-27,14.46,14.86,14.46,14.79,609408.0
395,2019-06-28,14.79,15.12,14.73,15.04,2255302.0
396,2019-07-01,15.22,15.27,14.87,14.89,507389.0
397,2019-07-02,14.9,15.1,14.71,15.1,488209.0
398,2019-07-03,15.17,15.31,14.99,15.18,261757.0
399,2019-07-05,15.07,15.25,15.0,15.25,385196.0
400,2019-07-08,15.1,15.28,15.04,15.18,370084.0
401,2019-07-09,15.11,15.36,15.01,15.24,432173.0
402,2019-07-10,15.32,15.4,15.1,15.39,915591.0
403,2019-07-11,15.48,15.5,15.25,15.25,212913.0
404,2019-07-12,15.2,15.44,15.2,15.28,327539.0
405,2019-07-15,15.33,15.36,15.04,15.15,386083.0
406,2019-07-16,15.16,15.32,15.04,15.04,342597.0
407,2019-07-17,14.99,15.05,14.65,14.89,435545.0
408,2019-07-18,14.67,15.08,14.38,15.0,286022.0
409,2019-07-19,14.98,15.13,14.9,14.92,276768.0
410,2019-07-22,14.95,15.1,14.82,14.85,301562.0
411,2019-07-23,14.98,15.17,14.86,15.1,350312.0
412,2019-07-24,15.02,15.5,15.02,15.5,420762.0
413,2019-07-25,15.56,15.6,15.33,15.48,283994.0
414,2019-07-26,15.47,15.65,15.43,15.58,364082.0
415,2019-07-29,15.58,15.69,15.49,15.61,320634.0
416,2019-07-30,15.52,16.03,15.48,15.9,357582.0
417,2019-07-31,15.93,16.4,15.81,15.92,1008731.0
418,2019-08-01,16.0,16.1,15.47,15.49,574583.0
419,2019-08-02,15.18,15.81,14.9,15.46,496856.0
420,2019-08-05,15.08,15.2,14.33,14.43,753786.0
421,2019-08-06,14.56,14.69,13.77,14.05,766707.0
422,2019-08-07,13.85,13.9,13.37,13.84,707195.0
423,2019-08-08,13.86,14.45,13.65,14.35,620071.0
424,2019-08-09,14.39,14.63,13.98,14.58,219295.0
425,2019-08-12,14.46,14.49,14.06,14.08,305581.0
426,2019-08-13,14.06,14.59,14.06,14.47,368244.0
427,2019-08-14,14.18,14.26,13.8,14.0,478830.0
428,2019-08-15,14.1,14.23,13.9,14.09,364947.0
429,2019-08-16,14.21,14.47,14.15,14.44,291467.0
430,2019-08-19,14.74,14.74,14.43,14.52,359408.0
431,2019-08-20,14.51,14.56,14.22,14.3,172978.0
432,2019-08-21,14.42,14.5,14.23,14.34,232463.0
433,2019-08-22,14.4,14.48,14.29,14.34,224317.0
434,2019-08-23,14.25,14.25,13.57,13.66,376376.0
435,2019-08-26,13.82,13.82,13.45,13.64,479713.0
436,2019-08-27,13.69,13.76,13.43,13.46,425219.0
437,2019-08-28,13.38,13.67,13.23,13.49,229173.0
438,2019-08-29,13.66,13.85,13.65,13.83,254765.0
439,2019-08-30,13.92,14.1,13.88,13.95,235117.0
440,2019-09-03,13.8,13.94,13.67,13.9,246216.0
441,2019-09-04,14.05,14.23,13.99,14.1,308497.0
442,2019-09-05,14.32,14.78,14.2,14.71,393446.0
443,2019-09-06,14.75,14.94,14.59,14.59,252093.0
444,2019-09-09,14.62,15.28,14.55,15.17,630715.0
445,2019-09-10,15.2,15.49,15.02,15.44,947156.0
446,2019-09-11,15.59,15.9,15.43,15.62,754087.0
447,2019-09-12,15.62,15.99,15.56,15.7,532542.0
448,2019-09-13,15.88,16.2,15.88,16.0,708756.0
449,2019-09-16,16.0,16.44,15.91,16.18,538399.0
450,2019-09-17,16.16,16.24,15.87,15.92,434999.0
451,2019-09-18,16.04,16.09,15.78,15.8,578098.0
452,2019-09-19,15.84,16.01,15.75,15.93,349824.0
453,2019-09-20,15.95,16.25,15.91,15.91,954245.0
454,2019-09-23,15.9,15.99,15.84,15.87,218389.0
455,2019-09-24,15.96,15.99,15.36,15.43,400425.0
456,2019-09-25,15.41,15.72,15.3,15.62,270054.0
457,2019-09-26,16.6,16.89,16.11,16.59,1303857.0
458,2019-09-27,16.61,16.72,15.87,15.92,525009.0
459,2019-09-30,15.87,15.96,15.42,15.58,624424.0
460,2019-10-01,15.62,15.75,15.19,15.22,1238525.0
461,2019-10-02,15.03,15.59,15.01,15.46,844373.0
462,2019-10-03,15.43,15.65,15.32,15.4,391534.0
463,2019-10-04,15.36,15.57,15.28,15.57,324777.0
464,2019-10-07,15.49,15.73,15.49,15.56,266195.0
465,2019-10-08,15.39,15.45,15.15,15.21,454990.0
466,2019-10-09,15.34,15.52,15.28,15.37,256035.0
467,2019-10-10,15.4,15.76,15.24,15.72,635892.0
468,2019-10-11,15.96,16.23,15.77,15.8,544576.0
469,2019-10-14,15.68,15.85,15.55,15.56,180382.0
470,2019-10-15,15.64,15.81,15.49,15.62,371083.0
471,2019-10-16,15.58,15.75,15.42,15.68,219828.0
472,2019-10-17,15.72,15.84,15.59,15.82,407253.0
473,2019-10-18,15.74,15.9,15.62,15.74,214461.0
474,2019-10-21,15.82,16.03,15.82,15.9,220244.0
475,2019-10-22,15.91,16.18,15.74,16.0,343761.0
476,2019-10-23,15.97,16.15,15.97,16.1,262665.0
477,2019-10-24,16.09,16.21,15.6,15.62,293289.0
478,2019-10-25,15.53,15.89,15.48,15.86,137436.0
479,2019-10-28,15.94,16.12,15.89,15.94,213497.0
480,2019-10-29,15.9,16.34,15.9,16.09,347389.0
481,2019-10-30,16.09,16.25,16.05,16.21,241900.0
482,2019-10-31,16.21,16.24,15.64,15.76,279856.0
483,2019-11-01,15.93,16.3,15.9,16.27,739359.0
484,2019-11-04,16.43,16.46,16.24,16.38,487647.0
485,2019-11-05,16.43,16.61,16.37,16.41,414390.0
486,2019-11-06,16.21,16.52,16.21,16.45,336056.0
487,2019-11-07,16.63,16.68,16.36,16.53,480233.0
488,2019-11-08,16.35,16.95,15.43,16.41,1222898.0
489,2019-11-11,16.45,16.71,16.44,16.63,1032079.0
490,2019-11-12,16.65,16.84,16.49,16.67,1484736.0
491,2019-11-13,16.61,16.75,16.36,16.63,1775027.0
492,2019-11-14,16.61,16.87,16.48,16.83,930176.0
493,2019-11-15,16.93,17.43,16.86,17.43,781617.0
494,2019-11-18,17.37,17.37,16.76,16.87,618551.0
495,2019-11-19,17.0,17.14,16.65,16.76,702655.0
496,2019-11-20,16.73,17.27,16.73,17.17,564885.0
497,2019-11-21,17.21,17.35,16.93,17.31,444743.0
498,2019-11-22,17.33,17.61,17.25,17.49,411349.0
499,2019-11-25,17.67,17.98,17.3,17.89,902046.0
500,2019-11-26,17.95,18.3,17.86,17.99,489636.0
501,2019-11-27,18.16,18.16,17.81,17.9,525734.0
502,2019-11-29,17.9,18.0,17.76,17.76,178382.0
503,2019-12-02,17.8,18.02,17.54,17.58,327746.0
504,2019-12-03,17.33,17.65,17.21,17.58,344410.0
505,2019-12-04,17.73,17.79,17.57,17.77,517787.0
506,2019-12-05,17.88,17.92,17.58,17.61,286139.0
507,2019-12-06,17.8,18.05,17.57,17.83,355983.0
508,2019-12-09,17.83,17.83,17.35,17.49,409862.0
509,2019-12-10,17.49,17.61,17.1,17.23,574236.0
510,2019-12-11,17.32,17.42,17.23,17.28,160385.0
511,2019-12-12,17.23,17.49,17.2,17.26,420634.0
512,2019-12-13,17.27,17.48,17.1,17.22,359840.0
513,2019-12-16,17.42,17.99,17.25,17.76,698146.0
514,2019-12-17,17.78,17.98,17.69,17.91,209489.0
515,2019-12-18,17.92,18.09,17.87,17.9,327316.0
516,2019-12-19,17.86,17.96,17.77,17.88,201476.0
517,2019-12-20,17.91,18.37,17.86,18.34,786881.0
518,2019-12-23,18.32,18.33,17.93,18.15,320705.0
519,2019-12-24,18.15,18.16,18.04,18.15,119254.0
520,2019-12-26,18.16,18.34,18.0,18.13,314654.0
521,2019-12-27,18.22,18.23,18.0,18.22,259200.0
522,2019-12-30,18.21,18.25,18.07,18.14,225953.0
523,2019-12-31,18.1,18.53,18.1,18.49,302985.0
524,2020-01-02,18.55,18.58,18.18,18.35,319055.0
525,2020-01-03,18.15,18.55,18.15,18.48,211973.0
526,2020-01-06,18.39,18.57,18.24,18.49,259386.0
527,2020-01-07,18.39,18.47,18.07,18.18,268606.0
528,2020-01-08,18.22,18.47,18.21,18.25,188913.0
529,2020-01-09,18.34,18.55,18.17,18.29,179529.0
530,2020-01-10,18.23,18.59,18.0,18.04,219910.0
531,2020-01-13,18.1,18.23,17.95,18.11,422124.0
532,2020-01-14,18.05,18.26,18.0,18.16,490372.0
533,2020-01-15,18.23,18.57,18.13,18.57,321493.0
534,2020-01-16,18.66,18.95,18.49,18.85,344524.0
535,2020-01-17,18.97,19.16,18.88,19.14,446193.0
536,2020-01-21,19.07,19.11,18.71,18.76,286503.0
537,2020-01-22,18.77,18.83,18.63,18.76,289547.0
538,2020-01-23,18.66,18.8,18.51,18.76,280737.0
539,2020-01-24,18.77,18.83,18.49,18.63,244194.0
540,2020-01-27,18.31,18.66,18.16,18.63,801345.0
541,2020-01-28,18.75,19.31,18.7,18.98,466745.0
542,2020-01-29,19.06,19.3,18.84,19.15,356359.0
543,2020-01-30,19.05,19.3,18.91,19.16,345467.0
544,2020-01-31,19.05,19.09,18.8,18.85,324262.0
545,2020-02-03,18.91,19.17,18.78,19.11,345172.0
546,2020-02-04,19.36,19.36,19.06,19.29,412403.0
547,2020-02-05,19.49,19.6,19.2,19.39,753261.0
548,2020-02-06,19.43,19.68,19.08,19.55,493306.0
549,2020-02-07,19.47,19.67,19.18,19.53,227383.0
550,2020-02-10,19.49,19.51,19.31,19.45,163311.0
551,2020-02-11,19.55,19.73,19.16,19.28,342637.0
552,2020-02-12,19.42,19.5,19.21,19.36,493415.0
553,2020-02-13,19.31,19.68,19.26,19.59,397461.0
554,2020-02-14,19.63,19.79,19.43,19.7,353843.0
555,2020-02-18,19.59,19.77,19.25,19.37,313914.0
556,2020-02-19,19.35,19.75,19.35,19.7,358592.0
557,2020-02-20,19.7,19.72,19.4,19.6,337075.0
558,2020-02-21,19.54,19.56,19.24,19.29,222805.0
559,2020-02-24,18.71,19.07,18.66,18.89,612240.0
560,2020-02-25,18.97,19.0,18.34,18.41,578842.0
561,2020-02-26,18.46,18.68,17.86,17.92,570252.0
562,2020-02-27,17.59,18.25,17.14,17.41,747123.0
563,2020-02-28,16.91,17.61,16.64,17.54,844171.0
564,2020-03-02,17.5,18.17,16.45,17.13,6063139.0
565,2020-03-03,17.16,17.83,16.46,16.5,1743101.0
566,2020-03-04,16.81,17.27,16.51,17.15,1970791.0
567,2020-03-05,16.78,16.89,15.0,15.43,2394805.0
568,2020-03-06,14.9,15.18,14.13,14.64,2337735.0
569,2020-03-09,13.78,13.81,12.14,12.15,2526085.0
570,2020-03-10,12.62,12.93,12.23,12.9,1212012.0
571,2020-03-11,12.47,12.64,11.36,11.73,1725808.0
572,2020-03-12,10.74,11.52,10.18,10.4,2295265.0
573,2020-03-13,11.09,12.29,10.37,12.29,2161631.0
574,2020-03-16,10.96,11.5,9.42,9.43,1626496.0
575,2020-03-17,9.58,9.85,8.93,9.41,1061115.0
576,2020-03-18,8.74,8.89,7.56,7.9,1591426.0
577,2020-03-19,7.89,8.56,7.45,8.31,1864511.0
578,2020-03-20,8.44,8.83,7.8,7.87,2029652.0
579,2020-03-23,7.93,8.5,7.66,8.05,1276989.0
580,2020-03-24,8.5,9.26,8.45,8.92,1289233.0
581,2020-03-25,8.99,10.82,8.87,10.53,1506731.0
582,2020-03-26,10.66,11.5,10.65,11.46,1329944.0
583,2020-03-27,10.92,11.12,10.14,11.01,1221503.0
584,2020-03-30,11.11,11.11,10.28,10.51,720357.0
585,2020-03-31,10.54,10.84,10.01,10.13,1369452.0
586,2020-04-01,9.83,10.23,9.52,9.59,766030.0
587,2020-04-02,9.67,10.01,9.07,9.41,542673.0
588,2020-04-03,9.35,9.41,8.45,8.62,778927.0
589,2020-04-06,9.11,9.58,8.95,9.09,802775.0
590,2020-04-07,9.57,10.1,9.4,9.73,1188499.0
591,2020-04-08,10.12,10.12,9.46,9.9,642485.0
592,2020-04-09,10.3,10.93,10.04,10.8,1095259.0
593,2020-04-13,10.74,10.74,10.03,10.07,347614.0
594,2020-04-14,10.27,10.68,10.22,10.61,661903.0
595,2020-04-15,10.1,10.32,9.51,9.52,396451.0
596,2020-04-16,9.55,9.79,8.35,8.45,1169916.0
597,2020-04-17,8.85,10.15,8.85,10.05,1300483.0
598,2020-04-20,9.84,10.24,9.58,9.92,649605.0
599,2020-04-21,9.89,9.92,9.53,9.85,494237.0
600,2020-04-22,10.23,10.23,9.64,9.66,632106.0
601,2020-04-23,9.74,10.53,9.74,10.28,763684.0
602,2020-04-24,10.37,10.5,9.74,10.29,444616.0
603,2020-04-27,10.38,11.07,10.23,10.95,866784.0
604,2020-04-28,11.3,11.52,10.93,11.16,700067.0
605,2020-04-29,11.63,12.2,11.49,11.98,1162048.0
606,2020-04-30,11.69,11.82,11.39,11.65,759636.0
607,2020-05-01,11.08,11.55,10.84,11.09,874580.0
608,2020-05-04,10.76,11.25,10.73,10.99,835929.0
609,2020-05-05,11.37,11.55,11.04,11.23,1020964.0
610,2020-05-06,11.24,11.28,10.7,10.78,810833.0
611,2020-05-07,11.15,11.61,11.04,11.53,1005396.0
612,2020-05-08,11.75,12.17,11.54,12.03,1081969.0
613,2020-05-11,11.75,12.04,11.43,11.94,991715.0
614,2020-05-12,12.0,12.06,11.58,11.63,1169688.0
615,2020-05-13,11.49,11.6,10.98,11.31,605413.0
616,2020-05-14,10.98,11.65,10.85,11.56,667051.0
617,2020-05-15,11.43,11.59,11.27,11.47,734666.0
618,2020-05-18,12.06,12.68,12.0,12.54,986704.0
619,2020-05-19,12.49,13.0,12.25,12.46,924914.0
620,2020-05-20,12.88,13.21,12.69,12.85,701572.0
621,2020-05-21,12.67,13.17,12.67,12.88,666289.0
622,2020-05-22,13.01,13.15,12.6,12.92,574056.0
623,2020-05-26,13.57,13.95,13.3,13.74,892722.0
624,2020-05-27,14.15,14.25,13.8,13.98,928212.0
625,2020-05-28,14.32,14.32,13.45,13.48,671058.0
626,2020-05-29,13.28,13.53,13.12,13.34,739517.0
627,2020-06-01,13.38,14.36,13.24,14.04,1065612.0
628,2020-06-02,14.35,14.66,14.07,14.2,782510.0
629,2020-06-03,14.46,15.13,14.34,14.82,838297.0
630,2020-06-04,14.8,15.41,14.62,14.98,1231919.0
631,2020-06-05,15.76,16.26,15.42,15.64,1383839.0
632,2020-06-08,16.07,16.08,15.56,15.74,874298.0
633,2020-06-09,15.31,15.48,15.08,15.18,517000.0
634,2020-06-10,15.18,15.5,14.84,15.21,672701.0
635,2020-06-11,14.26,14.73,13.74,13.87,1717173.0
636,2020-06-12,14.58,14.73,14.03,14.54,593985.0
637,2020-06-15,13.89,15.06,13.89,14.87,788062.0
638,2020-06-16,15.66,15.79,14.94,15.25,883138.0
639,2020-06-17,15.27,15.38,14.78,14.96,876939.0
640,2020-06-18,14.8,15.33,14.8,14.96,725266.0
641,2020-06-19,15.17,15.26,14.74,14.83,986106.0
642,2020-06-22,14.74,14.82,14.25,14.8,967829.0
643,2020-06-23,15.13,15.3,14.77,15.2,702041.0
644,2020-06-24,14.97,15.03,14.17,14.33,894471.0
645,2020-06-25,14.17,15.44,14.15,15.39,1909289.0
646,2020-06-26,14.99,15.27,13.24,13.53,6905563.0
647,2020-06-29,13.61,13.76,12.87,13.12,4150018.0
648,2020-06-30,13.17,13.38,12.16,12.29,13199770.0
649,2020-07-01,12.53,13.21,12.47,13.12,6169326.0
650,2020-07-02,13.45,13.75,12.71,13.15,3779283.0
651,2020-07-06,13.44,13.53,12.9,13.16,2866622.0
652,2020-07-07,12.99,13.05,11.69,11.88,3334361.0
653,2020-07-08,12.02,12.65,11.77,12.38,3770966.0
654,2020-07-09,12.3,12.54,11.68,11.84,3280928.0
655,2020-07-10,11.74,12.45,11.67,12.3,2284532.0
656,2020-07-13,12.58,12.7,11.9,11.93,2278068.0
657,2020-07-14,11.96,12.37,11.81,12.32,1886174.0
658,2020-07-15,12.72,13.09,12.56,12.94,3215024.0
659,2020-07-16,12.81,13.79,12.74,13.76,2974101.0
660,2020-07-17,13.76,14.26,13.57,14.25,3361843.0
661,2020-07-20,14.09,14.2,13.73,14.01,2199882.0
662,2020-07-21,14.41,14.73,14.23,14.49,2001766.0
663,2020-07-22,14.5,14.69,14.29,14.48,1468213.0
664,2020-07-23,14.37,14.99,14.37,14.7,2245001.0
665,2020-07-24,14.71,14.87,14.47,14.66,1377435.0
666,2020-07-27,14.64,14.83,14.46,14.73,960881.0
667,2020-07-28,14.71,14.84,14.42,14.6,1609198.0
668,2020-07-29,14.64,15.01,14.53,15.0,3625623.0
669,2020-07-30,14.67,15.21,14.6,15.1,1528328.0
670,2020-07-31,15.02,15.11,14.72,15.06,3133318.0
671,2020-08-03,15.21,15.29,14.83,15.17,3126996.0
672,2020-08-04,15.21,15.53,15.12,15.44,1980683.0
673,2020-08-05,15.65,15.77,15.38,15.74,2615633.0
674,2020-08-06,15.63,15.96,15.51,15.85,1689971.0
675,2020-08-07,15.97,16.2,15.68,16.05,2729106.0
676,2020-08-10,17.19,17.75,16.71,17.42,3985142.0
677,2020-08-11,17.83,18.27,17.4,17.72,3476094.0
678,2020-08-12,17.85,18.27,17.64,17.9,3166652.0
679,2020-08-13,17.74,18.03,17.57,17.72,2434965.0
680,2020-08-14,17.39,17.93,17.28,17.76,1589283.0
681,2020-08-17,17.62,17.72,17.3,17.5,1271264.0
682,2020-08-18,17.53,17.66,17.32,17.53,1216554.0
683,2020-08-19,17.49,18.08,17.41,17.94,1811145.0
684,2020-08-20,17.75,18.01,17.61,17.98,1074975.0
685,2020-08-21,17.95,18.05,17.72,18.04,1155741.0
686,2020-08-24,18.11,18.11,17.73,17.97,2062482.0
687,2020-08-25,18.16,18.17,17.79,17.99,1157239.0
688,2020-08-26,17.5,18.28,17.27,18.22,1623427.0
689,2020-08-27,18.24,18.48,18.04,18.34,1477440.0
690,2020-08-28,18.46,18.74,18.36,18.48,1191035.0
691,2020-08-31,18.5,18.51,17.9,17.9,1156587.0
692,2020-09-01,17.75,18.26,17.58,18.23,1386905.0
693,2020-09-02,18.37,18.59,18.26,18.45,1383957.0
694,2020-09-03,18.49,18.58,17.72,18.0,1936068.0
695,2020-09-04,18.32,18.32,17.63,17.99,1256660.0
696,2020-09-08,17.73,17.88,17.16,17.22,1665690.0
697,2020-09-09,17.37,17.52,17.02,17.3,1424497.0
698,2020-09-10,17.48,17.64,16.97,17.08,1205023.0
699,2020-09-11,17.14,17.2,16.73,16.93,938299.0
700,2020-09-14,17.1,17.24,16.88,17.1,720934.0
701,2020-09-15,17.18,17.22,16.71,16.86,1051349.0
702,2020-09-16,17.26,17.55,17.03,17.4,1676573.0
703,2020-09-17,17.14,17.64,17.02,17.52,1981918.0
704,2020-09-18,17.94,18.05,16.86,17.03,2493913.0
705,2020-09-21,16.62,16.75,16.02,16.5,3481383.0
706,2020-09-22,16.45,16.78,16.29,16.48,2030135.0
707,2020-09-23,16.51,16.74,15.92,16.0,1387819.0
708,2020-09-24,15.92,16.27,15.73,16.01,1613395.0
709,2020-09-25,15.86,16.47,15.86,16.4,1155632.0
710,2020-09-28,16.68,16.77,16.36,16.53,844317.0
711,2020-09-29,16.47,16.52,16.06,16.49,779930.0
712,2020-09-30,16.59,16.95,16.5,16.68,1126518.0
713,2020-10-01,16.86,17.18,16.43,17.16,1421604.0
714,2020-10-02,16.82,17.56,16.74,17.47,1016109.0
715,2020-10-05,17.64,17.94,17.4,17.42,1254807.0
716,2020-10-06,17.59,17.99,17.42,17.43,2009867.0
717,2020-10-07,17.65,17.95,17.65,17.83,1528899.0
718,2020-10-08,17.99,17.99,17.43,17.63,817682.0
719,2020-10-09,17.84,17.97,17.54,17.72,760069.0
720,2020-10-12,17.81,18.26,17.56,18.04,1396937.0
721,2020-10-13,17.79,17.89,17.51,17.63,434279.0
722,2020-10-14,17.78,17.82,17.51,17.61,834265.0
723,2020-10-15,17.31,17.59,16.9,17.44,587346.0
724,2020-10-16,17.4,17.61,17.24,17.36,875736.0
725,2020-10-19,17.5,17.52,16.99,17.03,942140.0
726,2020-10-20,17.15,17.28,16.98,17.05,616683.0
727,2020-10-21,16.98,17.61,16.92,17.5,2525764.0
728,2020-10-22,17.59,18.31,17.59,18.3,1733436.0
729,2020-10-23,18.44,18.75,18.35,18.62,1324368.0
730,2020-10-26,18.33,18.65,18.0,18.44,2558829.0
731,2020-10-27,18.55,18.92,18.38,18.64,2049697.0
732,2020-10-28,18.34,18.61,18.09,18.33,3599926.0
733,2020-10-29,18.24,18.97,17.77,18.55,2544960.0
734,2020-10-30,18.43,18.59,18.18,18.58,2578257.0
735,2020-11-02,18.84,19.3,18.5,18.72,2520746.0
736,2020-11-03,18.89,19.24,18.34,18.84,999562.0
737,2020-11-04,18.52,18.84,18.06,18.44,1348799.0
738,2020-11-05,18.57,18.89,18.48,18.67,1564509.0
739,2020-11-06,19.0,20.37,18.39,20.19,3711972.0
740,2020-11-09,21.1,22.23,20.0,20.02,3158499.0
741,2020-11-10,20.16,21.17,20.16,21.08,2345016.0
742,2020-11-11,20.95,20.95,20.0,20.79,1317942.0
743,2020-11-12,20.67,21.0,20.0,20.79,2184925.0
744,2020-11-13,21.05,21.26,20.72,20.98,947972.0
745,2020-11-16,21.23,21.53,20.99,21.42,1154349.0
746,2020-11-17,21.26,21.65,21.05,21.31,1315394.0
747,2020-11-18,21.5,22.26,21.37,21.94,3497088.0
748,2020-11-19,21.83,21.86,21.15,21.51,1553880.0
749,2020-11-20,21.31,21.83,21.17,21.45,864627.0
750,2020-11-23,22.06,22.06,21.49,21.89,964374.0
751,2020-11-24,22.18,22.24,21.71,21.75,1014272.0
752,2020-11-25,21.73,22.05,21.41,21.64,879356.0
753,2020-11-27,21.6,21.78,21.19,21.2,385079.0
754,2020-11-30,21.17,21.59,21.0,21.51,1006034.0
755,2020-12-01,21.82,21.88,21.37,21.53,1254811.0
756,2020-12-02,21.35,21.39,20.9,21.12,868733.0
757,2020-12-03,21.16,21.47,20.93,21.28,940619.0
758,2020-12-04,21.45,21.72,21.32,21.58,2080670.0
759,2020-12-07,21.61,21.71,20.98,21.14,1345205.0
760,2020-12-08,20.95,21.43,20.95,21.3,1100461.0
761,2020-12-09,21.58,21.93,20.9,21.08,1327299.0
762,2020-12-10,20.97,21.41,20.9,21.14,1142224.0
763,2020-12-11,20.98,22.58,20.98,22.12,1847336.0
764,2020-12-14,23.38,23.38,21.94,21.99,1048826.0
765,2020-12-15,22.17,22.26,21.8,22.07,1117669.0
766,2020-12-16,22.14,22.34,21.95,22.19,1707436.0
767,2020-12-17,21.93,22.4,21.9,21.98,1685448.0
768,2020-12-18,22.16,22.63,21.9,22.24,3003294.0
769,2020-12-21,21.86,22.5,21.8,22.44,1434582.0
770,2020-12-22,22.43,22.7,22.2,22.49,1496886.0
771,2020-12-23,22.48,22.61,22.14,22.3,613319.0
772,2020-12-24,22.33,22.6,22.28,22.55,226903.0
773,2020-12-28,22.74,23.11,22.65,23.0,1228552.0
774,2020-12-29,23.02,23.19,22.85,23.04,1575263.0
775,2020-12-30,22.96,23.3,22.86,23.06,725253.0
776,2020-12-31,23.01,23.31,22.95,23.17,707100.0
777,2021-01-04,23.92,25.05,22.75,23.4,2485039.0
778,2021-01-05,23.29,23.76,23.16,23.68,995615.0
779,2021-01-06,24.0,25.25,23.91,24.96,1471258.0
780,2021-01-07,25.47,25.69,25.03,25.49,1735755.0
781,2021-01-08,25.71,26.0,25.45,25.82,921622.0
782,2021-01-11,25.65,26.02,25.65,25.95,1102901.0
783,2021-01-12,26.11,26.73,26.0,26.7,1935538.0
784,2021-01-13,26.85,26.87,26.31,26.67,1397359.0
785,2021-01-14,26.96,27.41,26.75,27.23,1431782.0
786,2021-01-15,27.11,27.23,26.56,26.82,1413482.0
787,2021-01-19,27.32,27.39,25.93,25.95,1798749.0
788,2021-01-20,25.9,26.57,25.84,26.48,554865.0
789,2021-01-21,26.46,26.69,25.75,25.98,1070071.0
790,2021-01-22,25.77,26.13,25.27,25.53,928107.0
791,2021-01-25,25.35,25.6,24.69,25.17,1141137.0
792,2021-01-26,25.55,25.55,24.24,24.33,837686.0
793,2021-01-27,23.72,24.0,23.22,23.3,1520114.0
794,2021-01-28,23.65,24.35,23.31,24.1,1260692.0
795,2021-01-29,24.02,24.29,23.48,23.71,920574.0
796,2021-02-01,23.76,25.13,23.72,24.99,1423975.0
797,2021-02-02,25.61,26.34,25.34,26.11,1424333.0
798,2021-02-03,25.86,26.54,25.46,26.07,1592799.0
799,2021-02-04,26.25,26.68,25.63,25.67,1450098.0
800,2021-02-05,25.75,26.02,25.51,25.89,1388536.0
801,2021-02-08,26.28,27.05,25.85,26.96,1563195.0
802,2021-02-09,26.8,27.36,26.8,27.32,1046654.0
803,2021-02-10,27.63,27.97,26.84,26.96,836281.0
804,2021-02-11,27.11,27.39,26.25,26.52,804593.0
805,2021-02-12,26.34,27.04,26.01,26.78,543094.0
806,2021-02-16,27.09,27.27,25.94,26.02,1767213.0
807,2021-02-17,26.0,26.18,25.67,26.11,1205713.0
808,2021-02-18,26.15,26.42,25.92,26.3,740675.0
809,2021-02-19,26.4,26.87,26.34,26.7,680329.0
810,2021-02-22,26.48,26.95,26.23,26.65,692344.0
811,2021-02-23,26.56,27.4,26.04,27.21,1035153.0
812,2021-02-24,27.01,28.01,27.0,27.62,1158490.0
813,2021-02-25,27.46,27.7,26.73,26.73,1143207.0
814,2021-02-26,27.67,28.6,26.75,27.73,3716845.0
815,2021-03-01,28.61,28.71,27.18,27.78,3003723.0
816,2021-03-02,27.19,27.74,26.95,27.2,5219005.0
817,2021-03-03,27.69,27.99,27.03,27.37,5216610.0
818,2021-03-04,27.26,27.6,25.95,26.09,5546605.0
819,2021-03-05,26.46,26.49,24.91,26.08,3598289.0
820,2021-03-08,26.12,26.29,25.1,25.23,3157279.0
821,2021-03-09,25.47,26.76,25.43,26.49,1630120.0
822,2021-03-10,26.65,27.12,26.46,26.66,916241.0
823,2021-03-11,26.87,27.6,26.6,27.55,1814777.0
824,2021-03-12,27.49,28.06,27.31,27.74,913810.0
825,2021-03-15,27.71,27.95,27.38,27.75,792835.0
826,2021-03-16,27.44,27.77,27.16,27.35,907850.0
827,2021-03-17,27.69,27.83,26.89,27.83,1202475.0
828,2021-03-18,27.62,27.99,26.92,27.0,1367131.0
829,2021-03-19,26.87,27.18,26.54,26.82,2840493.0
830,2021-03-22,26.75,26.88,25.63,25.69,1696093.0
831,2021-03-23,25.51,26.2,25.02,25.21,3803447.0
832,2021-03-24,25.55,25.92,25.0,25.0,1629266.0
833,2021-03-25,24.69,26.14,24.51,25.97,1154279.0
834,2021-03-26,26.31,27.44,26.08,27.38,1527388.0
835,2021-03-29,27.38,27.67,26.67,26.71,1029002.0
836,2021-03-30,26.58,27.5,26.5,27.31,648606.0
837,2021-03-31,27.54,27.94,27.35,27.75,1145448.0
838,2021-04-01,28.02,29.12,27.94,28.98,3077946.0
839,2021-04-05,29.46,29.53,28.3,29.1,2134437.0
840,2021-04-06,29.46,29.83,29.19,29.19,1266998.0
841,2021-04-07,29.11,29.43,28.71,28.87,851467.0
842,2021-04-08,28.82,29.43,28.7,29.36,897749.0
843,2021-04-09,29.44,29.84,29.26,29.74,641640.0
844,2021-04-12,29.79,29.86,29.3,29.33,1512976.0
845,2021-04-13,29.33,29.36,28.53,28.8,1396084.0
846,2021-04-14,28.74,29.22,28.4,28.53,1118003.0
847,2021-04-15,28.76,28.97,28.27,28.79,673805.0
848,2021-04-16,29.01,29.17,28.7,28.91,2302086.0
849,2021-04-19,28.87,28.87,28.52,28.64,683454.0
850,2021-04-20,28.54,28.72,27.75,28.3,1746732.0
851,2021-04-21,28.23,28.96,28.0,28.81,2070360.0
852,2021-04-22,28.96,29.09,28.5,28.55,925664.0
853,2021-04-23,28.62,29.89,28.61,29.75,749429.0
854,2021-04-26,29.84,30.34,29.84,30.13,1032280.0
855,2021-04-27,30.15,30.34,29.78,29.88,1341539.0
856,2021-04-28,29.71,30.2,29.7,30.08,772090.0
857,2021-04-29,30.38,30.38,29.36,29.6,826436.0
858,2021-04-30,29.82,30.35,29.16,29.27,1897607.0
859,2021-05-03,29.86,29.86,28.78,28.87,1667287.0
860,2021-05-04,28.54,28.94,28.41,28.53,2531061.0
861,2021-05-05,28.6,29.27,28.25,29.2,1522867.0
862,2021-05-06,29.57,29.57,28.56,29.18,1107975.0
863,2021-05-07,28.97,29.57,28.5,29.37,2901971.0
864,2021-05-10,29.15,29.31,27.96,27.97,1649240.0
865,2021-05-11,27.48,28.2,27.44,27.9,2262607.0
866,2021-05-12,27.53,28.14,27.53,27.53,1990474.0
867,2021-05-13,27.51,28.04,27.2,27.51,1170883.0
868,2021-05-14,27.61,28.02,27.54,27.73,1134811.0
869,2021-05-17,27.65,27.92,27.38,27.8,956561.0
870,2021-05-18,27.91,28.59,27.9,28.13,1618665.0
871,2021-05-19,27.7,28.28,27.36,28.26,930874.0
872,2021-05-20,28.21,28.49,28.01,28.37,888280.0
873,2021-05-21,28.56,29.41,28.56,29.14,1994792.0
874,2021-05-24,29.14,29.3,28.76,28.95,1311965.0
875,2021-05-25,29.12,29.23,28.36,28.68,2312974.0
876,2021-05-26,28.68,28.98,28.48,28.81,1355234.0
877,2021-05-27,29.13,29.16,28.59,28.88,1435363.0
878,2021-05-28,29.07,29.26,28.7,29.0,963678.0
879,2021-06-01,29.18,29.87,29.0,29.04,1405230.0
880,2021-06-02,29.06,29.24,27.99,28.13,1701780.0
881,2021-06-03,28.0,28.15,27.64,27.99,1448902.0
882,2021-06-04,28.0,28.17,27.82,27.86,2961536.0
883,2021-06-07,27.91,29.07,27.8,29.02,2386255.0
884,2021-06-08,29.35,29.44,28.82,29.05,1198334.0
885,2021-06-09,28.98,29.36,28.83,29.02,1292172.0
886,2021-06-10,29.08,29.35,28.71,29.2,1714455.0
887,2021-06-11,29.3,29.6,29.24,29.49,1492430.0
888,2021-06-14,29.5,29.57,29.06,29.48,1260778.0
889,2021-06-15,29.6,29.74,29.09,29.35,2280686.0
890,2021-06-16,29.35,29.49,28.32,28.85,2863144.0
891,2021-06-17,28.82,28.97,28.2,28.4,2701922.0
892,2021-06-18,27.77,28.45,27.53,27.81,3348988.0
893,2021-06-21,28.1,28.72,28.01,28.5,1502172.0
894,2021-06-22,28.45,28.71,28.25,28.47,2200984.0
895,2021-06-23,27.66,28.1,27.42,27.57,7773641.0
896,2021-06-24,27.89,28.3,27.56,28.28,7287987.0
897,2021-06-25,28.49,28.66,27.97,28.03,8852585.0
898,2021-06-28,28.15,28.32,27.82,28.28,3712602.0
899,2021-06-29,28.27,28.61,28.07,28.52,2765509.0
900,2021-06-30,28.43,28.45,27.75,27.87,2302321.0
901,2021-07-01,28.04,28.31,27.67,27.72,1634788.0
902,2021-07-02,27.69,27.83,27.52,27.73,1438512.0
903,2021-07-06,27.67,27.75,27.04,27.3,1552412.0
904,2021-07-07,27.18,27.76,27.03,27.66,1731089.0
905,2021-07-08,27.15,27.67,26.94,27.54,1987520.0
906,2021-07-09,27.87,28.09,27.64,28.01,2234784.0
907,2021-07-12,27.84,28.54,27.8,28.54,1842852.0
908,2021-07-13,28.36,28.56,28.16,28.27,1714994.0
909,2021-07-14,28.42,28.5,27.96,28.1,1422635.0
910,2021-07-15,28.0,28.09,27.43,27.66,1049329.0
911,2021-07-16,27.86,28.02,27.05,27.12,1065572.0
912,2021-07-19,26.61,26.84,26.15,26.49,1799862.0
913,2021-07-20,26.66,27.56,26.52,27.4,1271708.0
914,2021-07-21,27.59,28.17,27.51,28.14,697429.0
915,2021-07-22,28.17,28.17,27.65,28.0,946954.0
916,2021-07-23,28.23,28.51,28.12,28.45,787259.0
917,2021-07-26,28.52,28.68,28.16,28.29,1166400.0
918,2021-07-27,28.19,28.23,27.43,27.9,1016764.0
919,2021-07-28,28.1,28.58,27.66,28.32,894014.0
920,2021-07-29,28.41,28.77,28.2,28.52,733186.0
921,2021-07-30,28.45,28.81,28.23,28.71,1038588.0
922,2021-08-02,28.88,29.14,28.44,28.51,1121281.0
923,2021-08-03,28.61,28.78,28.06,28.75,1020568.0
924,2021-08-04,28.52,28.7,28.0,28.27,816282.0
925,2021-08-05,27.69,28.58,27.69,28.25,834663.0
926,2021-08-06,29.15,29.7,27.97,28.6,2906059.0
927,2021-08-09,28.62,28.66,28.0,28.14,1997962.0
928,2021-08-10,28.05,28.25,27.86,28.07,1088891.0
929,2021-08-11,28.24,28.38,27.69,28.36,3699641.0
930,2021-08-12,28.36,28.51,28.04,28.11,1006728.0
931,2021-08-13,28.03,28.1,27.64,27.68,1107856.0
932,2021-08-16,27.59,27.84,27.28,27.67,2849316.0
933,2021-08-17,27.4,27.51,26.79,27.12,1704160.0
934,2021-08-18,27.13,27.68,27.05,27.29,814067.0
935,2021-08-19,26.97,27.14,26.44,26.91,1837752.0
936,2021-08-20,26.97,27.09,26.5,26.98,1839553.0
937,2021-08-23,27.18,27.63,27.18,27.57,753357.0
938,2021-08-24,27.67,28.0,27.65,27.71,983521.0
939,2021-08-25,27.69,28.82,27.62,28.67,1153140.0
940,2021-08-26,28.61,28.69,28.29,28.58,1030304.0
941,2021-08-27,28.61,29.54,28.54,29.5,1859251.0
942,2021-08-30,29.54,29.76,29.27,29.47,1235178.0
943,2021-08-31,29.56,29.82,29.45,29.6,1372964.0
944,2021-09-01,29.61,30.04,29.4,29.65,1266014.0
945,2021-09-02,29.78,30.0,29.47,29.56,1351298.0
946,2021-09-03,29.46,29.53,29.14,29.32,780076.0
947,2021-09-07,29.21,29.31,28.94,29.2,1440896.0
948,2021-09-08,29.19,29.26,28.68,28.76,2160121.0
949,2021-09-09,28.72,28.99,28.27,28.66,1053455.0
950,2021-09-10,28.53,28.76,28.14,28.47,7472794.0
951,2021-09-13,28.75,29.15,28.52,28.71,2638080.0
952,2021-09-14,28.7,29.45,28.54,29.16,2231332.0
953,2021-09-15,29.33,31.51,29.27,31.45,5709701.0
954,2021-09-16,31.43,32.47,31.35,31.9,3951904.0
955,2021-09-17,32.09,32.25,31.34,31.56,5616653.0
956,2021-09-20,31.09,31.39,30.63,31.28,3005048.0
957,2021-09-21,31.51,32.3,30.84,32.18,3323838.0
958,2021-09-22,32.38,32.56,31.82,32.14,1658038.0
959,2021-09-23,32.33,32.64,32.32,32.33,1862353.0
960,2021-09-24,32.1,32.52,32.02,32.26,1768092.0
961,2021-09-27,32.23,32.8,31.97,32.42,1763649.0
962,2021-09-28,32.3,32.3,31.02,31.09,5204493.0
963,2021-09-29,30.78,31.99,30.55,31.96,4866790.0
964,2021-09-30,31.51,32.16,31.44,31.72,1481004.0
965,2021-10-01,31.93,32.26,31.52,32.17,3302637.0
966,2021-10-04,32.17,32.21,31.24,31.67,2464251.0
967,2021-10-05,31.76,32.29,31.64,31.84,1316112.0
968,2021-10-06,31.45,31.72,30.87,31.6,1672892.0
969,2021-10-07,31.85,32.32,31.1,32.2,2525038.0
970,2021-10-08,32.23,32.31,31.45,31.5,946035.0
971,2021-10-11,31.51,31.99,31.41,31.53,1744239.0
972,2021-10-12,31.58,32.14,31.48,31.82,1048402.0
973,2021-10-13,31.89,32.34,31.44,32.21,1984941.0
974,2021-10-14,32.49,32.85,32.29,32.51,1652978.0
975,2021-10-15,32.98,33.22,32.76,32.82,2090829.0
976,2021-10-18,32.54,32.78,31.99,32.71,1723647.0
977,2021-10-19,32.9,33.61,32.63,33.55,1694096.0
978,2021-10-20,33.8,34.47,33.34,33.67,2889495.0
979,2021-10-21,33.51,34.11,33.09,33.56,1790734.0
980,2021-10-22,33.56,33.86,33.11,33.43,1215378.0
981,2021-10-25,33.58,34.45,33.48,34.34,1767751.0
982,2021-10-26,34.55,34.88,33.81,33.92,1484304.0
983,2021-10-27,33.8,33.95,33.44,33.6,1030308.0
984,2021-10-28,33.79,34.87,32.89,34.29,1310088.0
985,2021-10-29,34.09,34.82,33.85,34.75,1135565.0
986,2021-11-01,34.9,35.05,34.55,34.67,1780459.0
987,2021-11-02,34.63,34.92,33.87,34.06,1517799.0
988,2021-11-03,34.0,34.47,33.86,34.37,1562788.0
989,2021-11-04,34.54,34.93,34.34,34.71,1905862.0
990,2021-11-05,35.5,36.13,34.6,35.79,2424217.0
991,2021-11-08,36.1,37.8,36.1,37.17,4847630.0
992,2021-11-09,39.04,39.46,37.2,37.35,2913061.0
993,2021-11-10,37.43,38.72,37.17,38.71,3750040.0
994,2021-11-11,38.96,39.03,37.77,38.35,2056938.0
995,2021-11-12,38.75,38.91,38.2,38.87,1460170.0
996,2021-11-15,39.75,39.75,38.61,38.98,1597145.0
997,2021-11-16,37.05,39.23,37.01,39.18,2514364.0
998,2021-11-17,39.09,39.6,38.78,39.14,2758370.0
999,2021-11-18,39.2,40.19,39.01,40.04,2810570.0
1000,2021-11-19,39.89,40.15,39.41,39.49,1916400.0
1001,2021-11-22,39.52,39.73,38.66,39.16,3337504.0
1002,2021-11-23,39.16,39.76,38.69,39.45,3899168.0
1003,2021-11-24,39.18,39.82,38.82,39.79,2364697.0
1004,2021-11-26,38.77,39.23,38.29,38.85,907796.0
1005,2021-11-29,39.47,39.6,38.59,39.12,1741457.0
1006,2021-11-30,38.83,39.39,38.06,38.09,2230942.0
1007,2021-12-01,38.92,39.24,37.5,37.51,3303554.0
1008,2021-12-02,37.57,39.13,37.57,38.74,1628424.0
1009,2021-12-03,38.86,39.09,37.65,38.99,1691845.0
1010,2021-12-06,39.38,39.91,38.94,39.51,1751684.0
1011,2021-12-07,40.0,41.28,39.79,40.0,2019385.0
1012,2021-12-08,40.0,40.94,39.97,40.66,1249121.0
1013,2021-12-09,40.46,40.7,40.01,40.04,776895.0
1014,2021-12-10,40.17,40.34,39.43,39.72,1139980.0
1015,2021-12-13,39.69,39.92,39.02,39.21,1924066.0
1016,2021-12-14,38.75,39.02,37.74,38.57,2417397.0
1017,2021-12-15,38.82,39.71,38.11,39.62,1758967.0
1018,2021-12-16,40.38,40.66,39.37,39.76,2303039.0
1019,2021-12-17,39.48,40.47,38.88,39.72,2260216.0
1020,2021-12-20,38.72,39.57,38.72,39.45,1601774.0
1021,2021-12-21,39.62,40.29,39.32,39.95,1475078.0
1022,2021-12-22,40.0,40.47,39.63,40.43,1137574.0
1023,2021-12-23,40.37,40.91,40.05,40.59,881047.0
1024,2021-12-27,40.53,41.02,40.25,40.99,2158235.0
1025,2021-12-28,41.09,41.3,40.34,40.64,1065670.0
1026,2021-12-29,40.86,41.07,40.43,40.97,677810.0
1027,2021-12-30,40.94,41.37,40.66,40.68,718631.0
1028,2021-12-31,40.5,41.02,40.44,40.84,1286772.0
1029,2022-01-03,40.76,41.19,40.09,40.33,1990054.0
1030,2022-01-04,40.45,41.44,40.29,41.23,1566410.0
1031,2022-01-05,41.17,42.0,39.43,39.55,1851824.0
1032,2022-01-06,39.41,39.99,38.95,39.64,1120383.0
1033,2022-01-07,39.58,40.03,38.08,38.09,1802708.0
1034,2022-01-10,38.05,38.53,37.52,38.51,1968881.0
1035,2022-01-11,38.44,38.99,37.45,38.97,1696020.0
1036,2022-01-12,39.34,39.82,38.67,38.81,1220931.0
1037,2022-01-13,38.99,39.54,38.76,38.88,1384261.0
1038,2022-01-14,38.47,38.69,37.83,38.39,1090872.0
1039,2022-01-18,37.96,38.11,37.25,37.33,1710749.0
1040,2022-01-19,37.38,37.64,36.89,36.93,895324.0
1041,2022-01-20,37.03,37.8,36.74,36.82,1023610.0
1042,2022-01-21,36.48,37.34,35.98,36.03,2085210.0
1043,2022-01-24,35.48,37.13,34.95,36.98,2319644.0
1044,2022-01-25,36.3,36.64,35.42,35.93,1547591.0
1045,2022-01-26,36.51,37.31,35.52,35.85,1700167.0
1046,2022-01-27,36.01,37.05,35.47,35.59,1265049.0
1047,2022-01-28,35.49,36.78,35.29,36.75,1398321.0
1048,2022-01-31,36.44,37.18,36.22,37.04,2548771.0
1049,2022-02-01,37.34,37.93,36.96,37.88,2207417.0
1050,2022-02-02,37.86,38.24,37.18,37.47,1252753.0
1051,2022-02-03,37.17,37.66,36.84,36.96,953904.0
1052,2022-02-04,36.66,37.15,36.23,36.8,1465804.0
1053,2022-02-07,36.72,37.34,36.67,37.0,1085135.0
1054,2022-02-08,37.09,37.97,37.04,37.84,926967.0
1055,2022-02-09,38.47,39.64,38.38,39.6,2387650.0
1056,2022-02-10,38.75,39.51,38.25,38.52,1828348.0
1057,2022-02-11,38.63,38.97,37.62,37.94,1369541.0
1058,2022-02-14,38.0,38.62,37.85,38.15,1562439.0
1059,2022-02-15,38.67,39.16,38.02,38.77,1113963.0
1060,2022-02-16,38.61,39.09,38.21,38.88,1127038.0
1061,2022-02-17,38.5,38.63,37.44,37.46,1149894.0
1062,2022-02-18,37.3,37.83,37.02,37.07,973795.0
1063,2022-02-22,36.83,37.18,35.9,36.2,1319021.0
1064,2022-02-23,36.5,36.96,35.68,35.9,1861744.0
1065,2022-02-24,35.19,37.81,34.86,37.69,2675496.0
1066,2022-02-25,36.86,38.2,36.54,37.32,2694736.0
1067,2022-02-28,36.82,36.9,35.04,35.53,3058973.0
1068,2022-03-01,35.28,35.35,34.14,34.42,2018046.0
1069,2022-03-02,35.8,37.48,35.2,37.38,2756570.0
1070,2022-03-03,37.69,37.78,36.49,36.7,1456488.0
1071,2022-03-04,36.25,36.79,35.73,36.63,1415124.0
1072,2022-03-07,36.71,36.73,34.22,34.29,1992534.0
1073,2022-03-08,34.42,35.21,33.67,34.79,3013194.0
1074,2022-03-09,35.64,36.05,35.33,35.71,1162816.0
1075,2022-03-10,35.01,36.04,34.93,35.95,1123757.0
1076,2022-03-11,36.3,36.53,35.82,35.86,903087.0
1077,2022-03-14,36.14,36.31,34.86,35.04,1681616.0
1078,2022-03-15,35.22,36.01,34.98,35.93,1316452.0
1079,2022-03-16,36.51,37.29,35.68,37.19,1712787.0
1080,2022-03-17,37.17,37.86,36.89,37.86,1394839.0
1081,2022-03-18,37.86,38.88,37.47,38.74,2158758.0
1082,2022-03-21,38.88,38.92,37.95,38.33,1318931.0
1083,2022-03-22,38.93,39.09,38.59,38.68,1571985.0
1084,2022-03-23,38.45,39.16,38.16,38.48,1218190.0
1085,2022-03-24,38.63,39.46,38.21,39.46,1203392.0
1086,2022-03-25,39.57,40.13,39.25,39.67,2632123.0
1087,2022-03-28,39.47,39.86,38.86,39.67,1271196.0
1088,2022-03-29,40.34,40.73,40.13,40.25,2124682.0
1089,2022-03-30,40.43,40.58,39.58,39.99,1777578.0
1090,2022-03-31,40.05,40.21,39.08,39.13,1400995.0
1091,2022-04-01,39.13,39.67,39.0,39.51,1495526.0
1092,2022-04-04,39.83,40.05,39.41,39.52,856323.0
1093,2022-04-05,39.45,39.66,37.63,37.7,1812783.0
1094,2022-04-06,37.12,37.58,36.69,37.07,2693800.0
1095,2022-04-07,37.0,37.64,36.31,36.69,1551161.0
1096,2022-04-08,36.54,36.84,35.9,35.98,1685498.0
1097,2022-04-11,35.84,37.22,35.62,37.05,2911412.0
1098,2022-04-12,37.61,38.37,36.94,37.56,3028073.0
1099,2022-04-13,37.66,38.28,37.23,37.7,1650920.0
1100,2022-04-14,37.85,38.16,37.39,37.41,1360798.0
1101,2022-04-18,37.37,37.93,37.1,37.31,1447826.0
1102,2022-04-19,37.26,39.37,37.24,39.0,2079027.0
1103,2022-04-20,39.28,39.7,39.17,39.2,1510510.0
1104,2022-04-21,39.74,39.74,36.92,37.35,3081872.0
1105,2022-04-22,37.19,37.52,36.63,36.88,2321675.0
1106,2022-04-25,36.54,36.99,35.84,36.98,1793812.0
1107,2022-04-26,36.66,36.76,34.94,34.95,2134451.0
1108,2022-04-27,35.23,35.54,34.25,34.52,5517078.0
1109,2022-04-28,36.34,36.89,34.36,35.71,5048727.0
1110,2022-04-29,34.82,36.76,34.82,35.1,2626138.0
1111,2022-05-02,35.08,35.79,33.71,34.84,2890539.0
1112,2022-05-03,34.94,36.01,34.63,35.91,3008074.0
1113,2022-05-04,35.83,36.71,35.43,36.63,2938056.0
1114,2022-05-05,36.32,36.55,34.11,34.66,2408123.0
1115,2022-05-06,34.29,34.88,33.75,34.26,1900616.0
1116,2022-05-09,33.79,34.29,32.02,32.2,2990587.0
1117,2022-05-10,33.06,34.06,31.97,33.93,4147969.0
1118,2022-05-11,33.67,35.03,32.31,33.49,3438564.0
1119,2022-05-12,33.34,34.06,32.59,33.37,3152976.0
1120,2022-05-13,33.85,35.79,33.85,35.61,3507877.0
1121,2022-05-16,35.26,35.56,34.08,34.59,2952452.0
1122,2022-05-17,35.04,36.01,35.02,35.98,2561779.0
1123,2022-05-18,35.36,35.86,33.59,33.7,2420148.0
1124,2022-05-19,33.45,34.01,32.96,33.4,2405258.0
1125,2022-05-20,33.86,34.13,32.74,33.93,1873373.0
1126,2022-05-23,34.32,35.43,33.99,34.9,2125618.0
1127,2022-05-24,34.56,34.84,33.93,34.55,2845573.0
1128,2022-05-25,34.43,35.25,34.04,34.94,1709151.0
1129,2022-05-26,35.17,35.74,34.92,35.5,1540765.0
1130,2022-05-27,35.83,36.49,34.47,36.31,2244825.0
1131,2022-05-31,35.98,36.4,35.51,35.73,3262256.0
1132,2022-06-01,36.08,36.92,35.28,36.31,3388209.0
1133,2022-06-02,36.54,37.39,36.27,37.23,1853316.0
1134,2022-06-03,37.17,37.17,36.19,36.98,1446454.0
1135,2022-06-06,37.09,37.52,36.8,37.16,1740538.0
1136,2022-06-07,36.56,38.01,36.56,37.97,1752301.0
1137,2022-06-08,38.0,38.0,36.24,36.6,1883944.0
1138,2022-06-09,36.55,37.52,36.45,36.69,1970382.0
1139,2022-06-10,35.85,36.04,35.01,35.53,1815016.0
1140,2022-06-13,34.52,34.55,33.45,33.74,2304068.0
1141,2022-06-14,33.83,34.64,33.6,34.0,2142743.0
1142,2022-06-15,34.31,34.53,33.15,33.97,5131382.0
1143,2022-06-16,33.04,33.15,30.86,31.13,3446731.0
1144,2022-06-17,31.37,31.86,30.65,31.18,3230260.0
1145,2022-06-21,31.61,32.68,31.01,32.18,2626999.0
1146,2022-06-22,31.54,32.54,31.18,32.34,2453370.0
1147,2022-06-23,32.52,32.95,30.52,32.76,2149575.0
1148,2022-06-24,33.13,34.5,33.09,34.5,27387259.0
1149,2022-06-27,34.64,34.82,33.53,34.42,2365848.0
1150,2022-06-28,34.51,34.98,33.29,33.43,2185551.0
1151,2022-06-29,33.25,33.25,32.02,32.41,2301862.0
1152,2022-06-30,31.71,32.91,31.21,32.42,2862004.0
1153,2022-07-01,32.33,33.17,31.52,32.91,2189591.0
1154,2022-07-05,32.12,32.12,30.86,31.71,2410923.0
1155,2022-07-06,31.7,31.97,31.06,31.53,2623166.0
1156,2022-07-07,31.85,32.75,31.52,32.59,2196293.0
1157,2022-07-08,32.63,32.79,31.96,32.44,1365963.0
1158,2022-07-11,32.06,32.73,31.66,32.7,1644725.0
1159,2022-07-12,32.66,32.8,31.69,31.77,1837064.0
1160,2022-07-13,31.32,32.6,31.3,32.35,1360251.0
1161,2022-07-14,31.96,32.3,31.63,32.2,1277036.0
1162,2022-07-15,32.71,32.97,32.04,32.78,1567233.0
1163,2022-07-18,33.26,33.73,32.98,33.06,1558622.0
1164,2022-07-19,33.4,34.85,33.02,34.65,1817537.0
1165,2022-07-20,34.65,35.79,34.59,35.65,2169123.0
1166,2022-07-21,35.64,35.99,35.38,35.94,1320835.0
1167,2022-07-22,36.19,36.4,34.39,35.7,1362282.0
1168,2022-07-25,35.63,36.1,34.57,35.85,913085.0
1169,2022-07-26,35.7,35.93,35.42,35.7,1484433.0
1170,2022-07-27,35.7,36.41,35.45,36.2,1032246.0
1171,2022-07-28,36.66,37.75,36.02,37.57,1791602.0
1172,2022-07-29,37.51,38.69,37.46,38.61,1824950.0
1173,2022-08-01,38.32,38.91,37.92,38.66,1949618.0
1174,2022-08-02,38.31,38.85,38.15,38.49,1498437.0
1175,2022-08-03,38.8,39.53,38.6,39.12,2863911.0
1176,2022-08-04,41.2,41.75,39.6,40.78,3650864.0
1177,2022-08-05,40.52,41.57,40.19,41.3,2279170.0
1178,2022-08-08,42.03,42.32,41.16,41.2,1328592.0
1179,2022-08-09,41.15,41.62,41.0,41.04,2477114.0
1180,2022-08-10,41.82,42.65,41.47,41.92,2255111.0
1181,2022-08-11,42.2,43.15,42.2,42.46,2374598.0
1182,2022-08-12,42.86,43.25,42.49,43.16,1166009.0
1183,2022-08-15,42.98,43.71,42.82,43.54,3011561.0
1184,2022-08-16,43.17,43.56,43.17,43.25,1931201.0
1185,2022-08-17,42.83,42.89,42.32,42.57,1803879.0
1186,2022-08-18,42.65,43.04,42.4,42.46,2583355.0
1187,2022-08-19,42.01,42.2,41.17,41.44,2088233.0
1188,2022-08-22,41.27,41.89,40.78,40.99,1320807.0
1189,2022-08-23,40.92,41.48,40.55,40.85,1538770.0
1190,2022-08-24,40.91,41.98,40.86,41.62,1297734.0
1191,2022-08-25,41.7,42.56,41.68,42.56,906087.0
1192,2022-08-26,42.49,42.62,40.97,41.07,1048565.0
1193,2022-08-29,40.65,41.36,40.61,40.94,1080562.0
1194,2022-08-30,40.98,41.2,39.93,40.26,997818.0
1195,2022-08-31,40.54,40.76,39.88,40.14,2155362.0
1196,2022-09-01,39.7,40.0,39.18,39.95,1406874.0
1197,2022-09-02,40.53,41.02,39.82,39.95,1605325.0
1198,2022-09-06,39.99,40.48,39.43,40.09,1189036.0
1199,2022-09-07,39.92,41.23,39.92,41.16,1335114.0
1200,2022-09-08,40.79,42.02,40.6,42.0,970461.0
1201,2022-09-09,42.23,42.71,41.81,42.56,999807.0
1202,2022-09-12,42.89,43.21,42.73,43.0,1240672.0
1203,2022-09-13,42.18,42.85,41.28,42.29,1318425.0
1204,2022-09-14,42.27,42.43,41.72,42.15,1217962.0
1205,2022-09-15,42.01,42.84,41.76,42.28,1207348.0
1206,2022-09-16,41.67,41.81,40.84,41.73,4076138.0
1207,2022-09-19,41.14,42.95,41.12,42.68,1683112.0
1208,2022-09-20,42.62,42.81,42.23,42.29,1697145.0
1209,2022-09-21,42.47,43.35,41.97,42.1,1992587.0
1210,2022-09-22,42.06,42.52,41.16,41.51,2451166.0
1211,2022-09-23,40.81,40.87,38.9,39.88,3891728.0
1212,2022-09-26,39.58,40.1,38.66,39.01,2057547.0
1213,2022-09-27,39.36,39.81,38.66,39.07,1335953.0
1214,2022-09-28,39.27,40.95,39.19,40.7,1147254.0
1215,2022-09-29,40.43,40.6,39.14,39.83,1863474.0
1216,2022-09-30,39.86,41.11,39.66,40.33,1711290.0
1217,2022-10-03,40.88,42.16,40.61,42.06,2351730.0
1218,2022-10-04,43.11,43.69,43.06,43.36,2099002.0
1219,2022-10-05,42.81,43.71,42.17,43.35,1474034.0
1220,2022-10-06,43.32,44.15,43.08,43.95,1863189.0
1221,2022-10-07,43.55,43.61,42.31,42.65,1627650.0
1222,2022-10-10,42.57,42.82,41.54,41.81,1252719.0
1223,2022-10-11,41.52,42.17,40.78,41.22,1663312.0
1224,2022-10-12,40.9,41.05,39.8,40.23,1449494.0
1225,2022-10-13,39.6,41.95,39.19,41.79,2172707.0
1226,2022-10-14,42.07,42.36,40.73,40.81,1242750.0
1227,2022-10-17,41.65,42.69,41.65,42.32,1822985.0
1228,2022-10-18,43.35,43.88,42.04,43.01,1783115.0
1229,2022-10-19,42.74,43.17,41.15,41.28,2866629.0
1230,2022-10-20,41.17,41.69,39.99,40.13,1766521.0
1231,2022-10-21,40.03,40.24,37.81,39.75,3989663.0
1232,2022-10-24,40.41,41.23,40.18,40.87,1901111.0
1233,2022-10-25,40.71,41.69,40.49,40.8,2127044.0
1234,2022-10-26,41.04,42.23,40.99,41.59,1758838.0
1235,2022-10-27,41.9,42.58,41.67,42.12,1351332.0
1236,2022-10-28,42.64,42.93,42.06,42.78,1898527.0
1237,2022-10-31,42.39,42.98,42.33,42.53,2046682.0
1238,2022-11-01,42.69,43.1,41.84,43.02,1867124.0
1239,2022-11-02,42.57,42.96,41.37,41.46,2087277.0
1240,2022-11-03,42.48,45.32,42.26,45.27,5786155.0
1241,2022-11-04,45.95,46.57,44.68,45.77,1994268.0
1242,2022-11-07,46.16,47.19,45.83,46.0,3022383.0
1243,2022-11-08,46.15,47.6,46.11,47.43,2308083.0
1244,2022-11-09,47.11,47.38,46.45,46.76,1206472.0
1245,2022-11-10,48.77,49.02,47.22,47.77,2119429.0
1246,2022-11-11,47.63,48.23,45.88,46.45,2260666.0
1247,2022-11-14,46.43,47.26,46.03,46.33,1841305.0
1248,2022-11-15,46.95,47.53,46.18,46.36,1733967.0
1249,2022-11-16,46.17,47.19,45.8,46.69,1337408.0
1250,2022-11-17,45.82,47.1,45.82,46.92,1584327.0
1251,2022-11-18,47.1,47.84,46.22,47.27,1745629.0
1252,2022-11-21,47.21,47.69,47.16,47.17,993806.0
1253,2022-11-22,47.28,48.1,47.26,47.89,873285.0
1254,2022-11-23,47.8,48.32,47.6,47.66,754641.0
1255,2022-11-25,47.46,48.24,47.2,48.02,577933.0
1256,2022-11-28,47.7,48.02,47.14,47.28,1555257.0
1257,2022-11-29,47.28,47.7,46.84,47.08,1045955.0
1258,2022-11-30,46.98,48.35,46.94,48.21,1080191.0
1259,2022-12-01,48.54,48.99,48.0,48.49,1081558.0
1260,2022-12-02,48.78,48.89,47.78,48.44,1021958.0
1261,2022-12-05,47.99,48.23,47.11,47.38,980296.0
1262,2022-12-06,47.53,47.73,46.85,46.99,864387.0
1263,2022-12-07,47.03,47.65,46.76,46.98,1535527.0
1264,2022-12-08,47.44,47.66,46.64,46.7,1491855.0
1265,2022-12-09,46.44,46.65,46.14,46.25,1739103.0
1266,2022-12-12,46.47,46.69,45.85,46.61,1882200.0
1267,2022-12-13,47.65,47.76,45.77,46.64,1969889.0
1268,2022-12-14,46.84,47.03,45.75,46.43,2616902.0
1269,2022-12-15,45.77,46.29,45.38,46.05,1604500.0
1270,2022-12-16,45.78,45.86,45.15,45.6,2502765.0
1271,2022-12-19,45.74,45.96,45.25,45.46,1553114.0
1272,2022-12-20,45.57,46.19,45.5,45.52,1915864.0
1273,2022-12-21,45.84,46.32,45.41,45.94,2312545.0
1274,2022-12-22,45.65,45.65,44.82,45.17,1505167.0
1275,2022-12-23,44.96,45.9,44.78,45.67,984682.0
1276,2022-12-27,45.7,46.01,45.5,45.54,710027.0
1277,2022-12-28,45.54,46.12,44.66,44.79,1001820.0
1278,2022-12-29,44.94,45.33,44.85,45.07,863984.0
1279,2022-12-30,44.81,45.28,44.55,45.17,1267084.0
1280,2023-01-03,45.32,45.49,44.39,44.83,1477303.0
1281,2023-01-04,45.01,45.22,44.28,44.53,1585768.0
1282,2023-01-05,44.34,44.61,43.33,43.71,1908372.0
1283,2023-01-06,44.02,45.0,43.85,44.89,1539828.0
1284,2023-01-09,45.14,45.74,44.92,45.12,2163885.0
1285,2023-01-10,45.05,45.38,44.69,45.26,1508397.0
1286,2023-01-11,45.59,45.65,45.05,45.24,1306734.0
1287,2023-01-12,45.31,46.08,45.02,45.97,1225111.0
1288,2023-01-13,45.82,46.25,45.59,46.17,933935.0
1289,2023-01-17,46.27,46.74,46.18,46.26,1206765.0
1290,2023-01-18,46.35,46.6,45.73,45.87,1045597.0
1291,2023-01-19,45.61,45.65,45.18,45.18,806202.0
1292,2023-01-20,45.3,46.05,44.91,46.03,1100554.0
1293,2023-01-23,46.21,46.4,45.75,46.15,1189891.0
1294,2023-01-24,46.01,46.98,45.85,46.92,1017355.0
1295,2023-01-25,46.71,47.19,46.36,47.12,1392910.0
1296,2023-01-26,47.57,48.02,47.16,47.5,1206549.0
1297,2023-01-27,47.55,48.01,47.24,47.87,1138110.0
1298,2023-01-30,47.78,48.59,47.56,47.56,1097846.0
1299,2023-01-31,47.8,48.5,47.66,48.46,1204960.0
1300,2023-02-01,48.27,48.62,47.22,48.26,1148802.0
1301,2023-02-02,48.46,48.69,46.78,47.32,2451359.0
1302,2023-02-03,47.03,47.91,46.92,47.72,1607469.0
1303,2023-02-06,47.63,48.24,47.32,48.2,1160390.0
1304,2023-02-07,48.24,49.97,48.14,49.92,1870899.0
1305,2023-02-08,50.85,50.88,49.34,50.43,1659344.0
1306,2023-02-09,50.75,51.06,50.44,50.81,2141944.0
1307,2023-02-10,50.9,51.11,50.37,50.67,1853747.0
1308,2023-02-13,50.85,51.26,50.49,51.07,1291620.0
1309,2023-02-14,50.77,51.46,50.72,51.46,1339643.0
1310,2023-02-15,50.94,51.91,50.94,51.87,1265680.0
1311,2023-02-16,51.35,52.16,51.3,51.45,1462481.0
1312,2023-02-17,51.14,52.0,50.89,51.85,1980859.0
1313,2023-02-21,51.63,51.63,51.09,51.47,1896657.0
1314,2023-02-22,52.99,53.45,48.65,49.23,3691975.0
1315,2023-02-23,49.88,50.81,49.81,50.74,2428175.0
1316,2023-02-24,50.48,50.82,49.98,50.23,1747666.0
1317,2023-02-27,50.48,51.64,50.37,51.28,1375359.0
1318,2023-02-28,51.52,51.78,51.14,51.4,1232932.0
1319,2023-03-01,51.91,52.22,51.62,52.12,2558722.0
1320,2023-03-02,52.11,52.56,51.67,52.5,1075538.0
1321,2023-03-03,53.46,53.46,52.14,52.9,1264723.0
1322,2023-03-06,52.64,53.26,52.64,53.02,1040954.0
1323,2023-03-07,52.95,53.37,52.83,53.05,1087203.0
1324,2023-03-08,52.89,53.12,52.36,52.71,883020.0
1325,2023-03-09,52.76,53.19,51.24,51.28,1755085.0
1326,2023-03-10,51.38,51.45,49.5,49.58,2947459.0
1327,2023-03-13,48.99,49.02,47.4,47.75,2482800.0
1328,2023-03-14,48.7,49.38,47.81,48.15,1487918.0
1329,2023-03-15,47.17,47.17,45.25,46.52,3341146.0
1330,2023-03-16,46.13,47.45,45.11,47.03,1781761.0
1331,2023-03-17,46.82,46.82,45.49,45.87,4616331.0
1332,2023-03-20,46.35,46.96,46.07,46.19,1656112.0
1333,2023-03-21,46.76,47.49,46.71,47.4,1860434.0
1334,2023-03-22,47.33,47.52,45.93,45.99,1695594.0
1335,2023-03-23,46.12,46.41,44.55,45.12,2980573.0
1336,2023-03-24,44.56,45.61,43.38,44.2,5552536.0
1337,2023-03-27,44.41,45.16,44.23,44.86,2681776.0
1338,2023-03-28,44.72,45.11,44.3,44.31,2713584.0
1339,2023-03-29,44.68,44.91,43.96,44.75,3109156.0
1340,2023-03-30,45.33,46.83,44.93,46.29,3543652.0
1341,2023-03-31,46.58,46.91,46.08,46.88,1715670.0
1342,2023-04-03,47.07,47.47,45.95,46.34,1518721.0
1343,2023-04-04,46.13,46.46,42.14,42.31,5399488.0
1344,2023-04-05,41.83,41.91,39.91,40.72,7324185.0
1345,2023-04-06,40.75,40.91,40.08,40.3,2312827.0
1346,2023-04-10,40.27,41.68,40.25,40.49,2759556.0
1347,2023-04-11,40.47,40.97,40.38,40.65,3059718.0
1348,2023-04-12,40.97,41.62,40.46,41.39,2385413.0
1349,2023-04-13,41.42,42.19,40.64,42.02,2357836.0
1350,2023-04-14,42.13,43.45,42.02,42.64,2319729.0
1351,2023-04-17,42.51,43.29,42.46,43.2,1461058.0
1352,2023-04-18,43.41,43.61,42.68,43.08,1623589.0
1353,2023-04-19,42.79,43.76,42.71,43.63,1500206.0
1354,2023-04-20,43.38,44.02,43.38,43.84,1563759.0
1355,2023-04-21,43.5,43.7,41.87,42.35,4268925.0
1356,2023-04-24,42.26,43.68,42.2,43.63,2189175.0
1357,2023-04-25,43.36,43.73,43.18,43.33,2361732.0
1358,2023-04-26,43.03,44.11,42.67,42.82,4439510.0
1359,2023-04-27,44.83,45.55,41.41,45.35,7951564.0
1360,2023-04-28,45.3,45.68,44.72,45.4,2398668.0
1361,2023-05-01,45.58,46.34,45.38,45.43,1947770.0
1362,2023-05-02,45.32,45.6,43.61,44.62,2238376.0
1363,2023-05-03,44.78,45.27,43.43,43.46,1948017.0
1364,2023-05-04,43.35,43.75,41.73,41.89,1869434.0
1365,2023-05-05,44.26,45.24,43.24,44.27,3125447.0
1366,2023-05-08,44.55,44.85,43.77,44.27,1182377.0
1367,2023-05-09,43.96,44.84,43.79,44.7,1561715.0
1368,2023-05-10,45.17,45.54,43.42,44.08,1387530.0
1369,2023-05-11,43.7,44.16,43.59,43.88,925292.0
1370,2023-05-12,44.32,44.89,43.74,44.03,1398838.0
1371,2023-05-15,43.85,45.09,43.85,44.62,1110180.0
1372,2023-05-16,44.5,44.75,43.89,44.18,1600508.0
1373,2023-05-17,44.74,46.0,44.37,45.15,1940329.0
1374,2023-05-18,44.82,45.94,44.7,45.74,1520012.0
1375,2023-05-19,46.24,46.3,44.98,45.19,1131281.0
1376,2023-05-22,45.19,45.59,44.99,45.22,887541.0
1377,2023-05-23,45.04,45.75,44.79,44.85,1003644.0
1378,2023-05-24,44.78,44.78,43.95,44.54,1087959.0
1379,2023-05-25,44.54,44.86,44.04,44.26,1609388.0
1380,2023-05-26,44.48,45.04,44.32,44.98,1378336.0
1381,2023-05-30,45.1,45.66,45.02,45.41,1639158.0
1382,2023-05-31,45.28,45.28,42.84,43.08,3889207.0
1383,2023-06-01,42.86,43.2,42.03,42.19,3766170.0
1384,2023-06-02,42.58,44.63,42.58,44.59,2112242.0
1385,2023-06-05,44.75,44.95,43.86,44.54,1485019.0
1386,2023-06-06,44.43,45.9,44.19,45.9,1721448.0
1387,2023-06-07,46.41,47.7,46.32,47.08,3071524.0
1388,2023-06-08,47.08,47.52,46.42,47.38,1468114.0
1389,2023-06-09,47.41,47.71,46.88,47.7,1432707.0
1390,2023-06-12,47.94,48.48,47.61,48.11,1605726.0
1391,2023-06-13,48.24,48.5,47.47,47.53,1303951.0
1392,2023-06-14,47.32,47.53,46.87,47.09,1478821.0
1393,2023-06-15,47.11,47.76,46.83,47.51,1447677.0
1394,2023-06-16,47.53,47.83,46.89,46.99,1703923.0
1395,2023-06-20,46.77,47.43,46.28,47.36,1501835.0
1396,2023-06-21,47.25,47.98,46.95,47.62,1468110.0
1397,2023-06-22,47.42,47.58,46.87,47.0,956987.0
1398,2023-06-23,46.37,46.56,46.0,46.06,2540536.0
1399,2023-06-26,46.1,47.15,46.1,46.76,1304157.0
1400,2023-06-27,46.78,47.73,46.75,47.66,1224007.0
1401,2023-06-28,47.74,47.88,47.22,47.3,1500723.0
1402,2023-06-29,47.57,47.88,47.16,47.4,1419866.0
1403,2023-06-30,47.92,48.02,47.45,47.79,5064174.0
1404,2023-07-03,47.82,48.05,47.49,47.53,954314.0
1405,2023-07-05,47.37,47.54,46.86,47.5,1391366.0
1406,2023-07-06,47.13,47.35,46.31,46.77,924867.0
1407,2023-07-07,46.84,47.72,46.84,47.28,1150181.0
1408,2023-07-10,47.28,47.94,47.22,47.76,1852515.0
1409,2023-07-11,47.84,48.54,47.84,48.42,904384.0
1410,2023-07-12,49.03,49.27,48.28,48.6,1636725.0
1411,2023-07-13,48.53,48.79,48.2,48.5,1279881.0
1412,2023-07-14,48.62,48.62,46.77,47.04,2505940.0
1413,2023-07-17,47.15,48.06,47.15,47.86,1266065.0
1414,2023-07-18,47.68,48.42,47.5,48.22,2242043.0
1415,2023-07-19,48.16,48.6,47.46,47.61,1288821.0
1416,2023-07-20,47.61,48.49,47.57,48.4,1460648.0
1417,2023-07-21,48.84,48.91,47.85,47.96,905132.0
1418,2023-07-24,48.0,48.23,47.24,47.6,958285.0
1419,2023-07-25,47.24,47.78,47.24,47.66,1123060.0
1420,2023-07-26,47.53,47.92,46.94,47.27,987868.0
1421,2023-07-27,47.31,47.35,46.72,46.79,1124081.0
1422,2023-07-28,46.9,47.58,46.56,47.54,1068109.0
1423,2023-07-31,47.55,47.97,47.4,47.95,1464965.0
1424,2023-08-01,48.08,49.77,47.87,49.52,2754014.0
1425,2023-08-02,48.85,49.45,48.05,48.07,3482434.0
1426,2023-08-03,47.07,47.15,43.47,43.54,6533735.0
1427,2023-08-04,43.62,45.25,43.49,43.54,2887248.0
1428,2023-08-07,43.62,43.79,43.17,43.69,1963520.0
1429,2023-08-08,43.31,43.67,42.88,43.25,1894573.0
1430,2023-08-09,43.42,43.55,43.01,43.07,1493947.0
1431,2023-08-10,43.16,43.64,42.41,42.88,1503262.0
1432,2023-08-11,42.82,43.1,42.3,42.36,843913.0
1433,2023-08-14,42.27,42.88,41.84,42.68,1199849.0
1434,2023-08-15,42.52,42.74,41.86,42.01,1122164.0
1435,2023-08-16,41.92,42.13,41.34,41.35,1252886.0
1436,2023-08-17,41.38,41.63,40.6,40.92,1232285.0
1437,2023-08-18,40.79,41.93,40.67,41.78,1285024.0
1438,2023-08-21,42.02,42.6,41.6,41.95,1185091.0
1439,2023-08-22,41.78,42.17,41.49,41.55,1328200.0
1440,2023-08-23,41.52,41.6,41.0,41.38,2671613.0
1441,2023-08-24,41.45,42.1,40.89,40.9,1545124.0
1442,2023-08-25,40.97,41.36,40.45,40.75,2056329.0
1443,2023-08-28,40.96,41.3,40.68,40.99,1838752.0
1444,2023-08-29,40.99,41.27,40.7,41.15,2228309.0
1445,2023-08-30,41.25,41.75,41.0,41.24,3363947.0
1446,2023-08-31,41.62,41.66,40.81,41.02,1990884.0
1447,2023-09-01,41.26,42.06,41.21,42.03,1900617.0
1448,2023-09-05,41.78,41.94,40.07,41.12,2571993.0
1449,2023-09-06,41.24,41.94,41.09,41.18,1657797.0
1450,2023-09-07,40.96,41.44,40.08,41.38,2757095.0
1451,2023-09-08,41.47,42.31,41.44,42.02,3347520.0
1452,2023-09-11,42.4,42.71,41.74,42.53,2536200.0
1453,2023-09-12,42.54,43.45,42.4,42.92,2022284.0
1454,2023-09-13,42.98,43.03,41.72,41.97,1928665.0
1455,2023-09-14,42.41,42.82,42.01,42.74,1450727.0
1456,2023-09-15,42.55,43.06,42.25,42.34,2075255.0
1457,2023-09-18,42.21,42.63,41.85,41.98,1202457.0
1458,2023-09-19,41.91,42.42,41.82,42.38,1211148.0
1459,2023-09-20,42.51,43.0,42.45,42.58,1344002.0
1460,2023-09-21,42.35,42.35,41.41,41.79,1285694.0
1461,2023-09-22,41.94,42.06,41.68,41.73,1167067.0
1462,2023-09-25,41.31,41.7,41.29,41.58,1010143.0
1463,2023-09-26,41.32,41.64,40.72,40.9,1544905.0
1464,2023-09-27,41.08,41.97,41.03,41.87,1631300.0
1465,2023-09-28,41.8,42.55,41.7,42.09,1226378.0
1466,2023-09-29,42.29,42.57,41.54,41.59,727505.0
1467,2023-10-02,41.63,41.77,40.84,40.92,1413186.0
1468,2023-10-03,40.55,40.69,39.75,40.35,1709158.0
1469,2023-10-04,40.52,40.73,40.03,40.53,1199304.0
1470,2023-10-05,40.49,40.88,40.36,40.66,1481171.0
1471,2023-10-06,40.58,41.88,40.46,41.64,1538818.0
1472,2023-10-09,41.5,42.31,41.5,42.05,824119.0
1473,2023-10-10,42.3,42.78,42.22,42.5,723165.0
1474,2023-10-11,42.99,43.12,42.63,43.01,674213.0
1475,2023-10-12,43.21,43.35,42.57,42.65,1023797.0
1476,2023-10-13,42.8,42.97,41.89,41.94,1004636.0
1477,2023-10-16,42.42,42.79,42.25,42.74,995806.0
1478,2023-10-17,42.67,43.87,42.51,43.49,1565011.0
1479,2023-10-18,43.07,43.15,40.44,40.52,1860619.0
1480,2023-10-19,40.28,40.63,39.22,39.25,1491954.0
1481,2023-10-20,39.06,39.38,38.11,38.33,2671787.0
1482,2023-10-23,38.14,39.14,38.14,38.63,1149224.0
1483,2023-10-24,38.97,39.185,38.32,38.35,1059488.0
1484,2023-10-25,38.25,38.67,38.12,38.22,716399.0
1485,2023-10-26,38.24,38.59,37.84,38.21,1343753.0
1486,2023-10-27,38.3,38.94,37.865,38.38,1341210.0
1487,2023-10-30,38.82,39.2574,38.575,39.07,1908164.0
1488,2023-10-31,39.25,39.58,39.02,39.41,1767904.0
1489,2023-11-01,39.28,39.39,38.48,38.87,3048345.0
1490,2023-11-02,35.0,37.65,34.3975,35.46,6697509.0
1491,2023-11-03,36.04,36.2569,35.25,35.78,3846219.0
1492,2023-11-06,35.93,36.15,35.3,35.6,2770746.0
1493,2023-11-07,35.69,35.98,34.91,35.61,2395802.0
1494,2023-11-08,35.61,36.01,35.29,35.62,1769123.0
1495,2023-11-09,35.87,36.26,35.01,35.06,1683777.0
1496,2023-11-10,35.52,36.7,35.43,36.68,1830382.0
1497,2023-11-13,36.5,37.14,36.5,37.0,1877139.0
1498,2023-11-14,37.62,39.805,37.62,39.25,2723967.0
1499,2023-11-15,39.23,39.66,38.87,39.11,2470948.0
1500,2023-11-16,39.07,39.43,38.58,38.82,1370341.0
1501,2023-11-17,39.14,39.14,38.74,38.83,839825.0
1502,2023-11-20,38.8,38.8,37.92,37.99,1371472.0
1503,2023-11-21,38.0,38.35,37.86,38.12,1043057.0
1504,2023-11-22,38.28,38.47,37.855,37.98,2230885.0
1505,2023-11-24,38.0,38.25,37.92,38.0,1510115.0
1506,2023-11-27,38.09,38.86,37.71,38.8,3813788.0
1507,2023-11-28,38.78,39.23,38.59,38.92,1536858.0
1508,2023-11-29,39.14,40.82,39.14,40.43,2284309.0
1509,2023-11-30,40.5,41.91,40.36,41.72,3183172.0
1510,2023-12-01,41.72,42.77,41.55,42.58,1676918.0
1511,2023-12-04,42.05,42.36,41.43,41.87,2411469.0
1512,2023-12-05,41.72,41.85,40.8,40.85,1735513.0
1513,2023-12-06,41.09,41.51,40.43,40.49,1309724.0
1514,2023-12-07,40.41,40.5774,40.059,40.22,872964.0
1515,2023-12-08,40.09,40.71,40.09,40.3,1232905.0
1516,2023-12-11,40.3,40.54,40.02,40.38,2043010.0
1517,2023-12-12,40.24,40.47,39.72,40.1,2362567.0
1518,2023-12-13,40.14,41.995,40.14,41.92,2397261.0
1519,2023-12-14,42.56,45.225,42.49,45.19,4743579.0
1520,2023-12-15,45.15,45.24,44.21,44.7,4099042.0
1521,2023-12-18,44.84,45.22,44.39,44.96,2060780.0
1522,2023-12-19,45.22,45.7145,44.91,45.03,1459735.0
1523,2023-12-20,44.72,45.365,44.235,44.35,1160527.0
1524,2023-12-21,44.58,45.03,44.29,44.49,643960.0
1525,2023-12-22,44.88,45.07,44.09,44.82,623802.0
1526,2023-12-26,44.79,45.45,44.7724,45.26,780600.0
1527,2023-12-27,45.21,45.52,44.659,44.89,591106.0
1528,2023-12-28,44.92,45.12,44.69,44.94,561343.0
1529,2023-12-29,44.99,45.05,44.29,44.5,854339.0
1530,2024-01-02,44.11,44.58,43.79,44.26,1670313.0
1531,2024-01-03,43.83,43.99,43.13,43.13,833865.0
1532,2024-01-04,43.07,43.14,42.4,42.4,920016.0
1533,2024-01-05,42.3,42.81,42.11,42.5,1144851.0
1534,2024-01-08,42.25,43.22,41.78,43.13,1127354.0
1535,2024-01-09,42.75,43.54,42.15,43.27,846523.0
1536,2024-01-10,43.24,43.38,42.54,43.09,851523.0
1537,2024-01-11,43.13,43.52,42.75,43.23,756650.0
1538,2024-01-12,43.44,43.9,42.65,42.8,665874.0
1539,2024-01-16,42.27,43.14,41.446,42.84,923427.0
1540,2024-01-17,42.18,43.15,42.16,42.73,1090187.0
1541,2024-01-18,43.19,43.265,41.795,42.53,1179860.0
1542,2024-01-19,42.97,43.01,42.28,42.93,1017008.0
1543,2024-01-22,43.33,43.77,43.27,43.62,675173.0
1544,2024-01-23,43.98,44.08,43.09,43.15,719955.0
1545,2024-01-24,43.67,43.67,42.76,42.79,704610.0
1546,2024-01-25,43.23,43.58,42.5,43.32,1562998.0
1547,2024-01-26,43.49,45.2399,43.45,45.12,1745214.0
1548,2024-01-29,42.6,45.785,42.56,45.59,6978086.0
1549,2024-01-30,45.45,48.22,45.2675,47.87,4835680.0
1550,2024-01-31,48.07,48.64,47.16,47.3,3823383.0
1551,2024-02-01,47.86,49.07,47.84,48.63,3077237.0
1552,2024-02-02,48.63,50.729,48.315,50.46,3680364.0
1553,2024-02-05,50.53,50.53,48.94,49.1,3239585.0
1554,2024-02-06,49.41,50.45,49.1,50.1,2066884.0
1555,2024-02-07,50.38,51.4,50.17,50.69,2724669.0
1556,2024-02-08,50.87,51.29,50.53,51.23,2000225.0
1557,2024-02-09,51.31,51.98,51.01,51.46,1763589.0
1558,2024-02-12,51.33,52.16,51.33,51.56,1267029.0
1559,2024-02-13,50.82,50.98,49.38,50.16,2236634.0
1560,2024-02-14,50.82,51.23,49.935,50.11,2071837.0
1561,2024-02-15,50.45,50.805,49.65,50.11,2382506.0
1562,2024-02-16,50.01,50.73,49.86,50.14,1502020.0
