,date,open,high,low,close,volume
0,2019-12-11,31.44,33.69,30.79,33.15,34635834.0
1,2019-12-12,32.77,36.15,32.12,33.33,8121005.0
2,2019-12-13,33.39,37.01,32.79,36.4,5115689.0
3,2019-12-16,36.51,37.18,33.44,34.49,3946304.0
4,2019-12-17,34.55,34.55,32.05,32.99,2336471.0
5,2019-12-18,33.45,36.93,32.2,36.79,4241728.0
6,2019-12-19,36.19,36.99,34.54,36.45,2946784.0
7,2019-12-20,36.59,39.19,35.79,38.69,6497861.0
8,2019-12-23,38.75,38.88,36.55,37.92,667426.0
9,2019-12-24,37.69,38.69,36.89,38.32,180523.0
10,2019-12-26,38.44,38.68,37.11,37.36,330234.0
11,2019-12-27,37.51,38.11,36.47,37.18,499673.0
12,2019-12-30,37.3,37.66,35.8,36.96,322480.0
13,2019-12-31,37.01,37.31,36.44,37.21,389672.0
14,2020-01-02,37.28,37.81,36.89,37.28,1538794.0
15,2020-01-03,37.13,38.06,36.2,36.91,1207606.0
16,2020-01-06,36.43,36.49,34.32,34.9,1827192.0
17,2020-01-07,35.05,35.67,34.2,35.28,828403.0
18,2020-01-08,35.33,35.95,34.59,35.58,1771768.0
19,2020-01-09,35.4,36.67,34.85,36.51,1352818.0
20,2020-01-10,36.65,37.49,36.11,36.28,677671.0
21,2020-01-13,36.44,36.78,36.1,36.23,299190.0
22,2020-01-14,36.47,36.93,35.69,35.84,587846.0
23,2020-01-15,35.84,36.7,35.84,36.24,575266.0
24,2020-01-16,36.44,36.69,36.29,36.39,1010554.0
25,2020-01-17,36.7,38.58,36.51,37.48,2276678.0
26,2020-01-21,38.57,40.36,38.09,39.28,2413887.0
27,2020-01-22,40.34,42.21,40.19,41.17,2505011.0
28,2020-01-23,41.57,41.58,39.28,39.69,1129447.0
29,2020-01-24,39.71,40.17,36.61,37.22,2101821.0
30,2020-01-27,35.19,37.1,34.25,36.3,918321.0
31,2020-01-28,36.66,38.0,35.79,37.73,959677.0
32,2020-01-29,37.93,39.16,37.58,39.02,814371.0
33,2020-01-30,38.55,39.18,37.2,37.58,967445.0
34,2020-01-31,37.69,39.43,37.31,38.83,1201669.0
35,2020-02-03,38.87,40.62,38.61,39.15,689568.0
36,2020-02-04,39.5,40.23,37.5,37.66,636334.0
37,2020-02-05,38.13,38.93,37.82,38.59,400423.0
38,2020-02-06,38.91,39.14,36.61,36.99,966598.0
39,2020-02-07,36.95,37.07,35.48,36.05,1111806.0
40,2020-02-10,35.91,36.24,34.29,36.01,1246979.0
41,2020-02-11,36.05,37.85,36.05,37.68,753846.0
42,2020-02-12,37.8,39.81,37.8,39.6,625660.0
43,2020-02-13,39.42,40.74,38.5,40.05,499943.0
44,2020-02-14,40.15,40.26,38.27,39.01,582651.0
45,2020-02-18,39.19,39.99,38.7,39.63,475757.0
46,2020-02-19,39.95,41.56,39.74,41.18,874096.0
47,2020-02-20,41.18,42.18,40.21,41.68,745589.0
48,2020-02-21,41.34,41.49,39.29,41.02,413487.0
49,2020-02-24,39.2,39.69,37.5,38.19,1084477.0
50,2020-02-25,38.4,38.86,35.98,36.19,993052.0
51,2020-02-26,36.25,37.27,34.55,34.89,2063957.0
52,2020-02-27,34.43,35.49,32.41,34.14,3586815.0
53,2020-02-28,33.63,33.83,31.45,33.34,3326517.0
54,2020-03-02,33.75,37.32,33.69,35.84,1591395.0
55,2020-03-03,36.06,37.1,34.49,34.85,1119524.0
56,2020-03-04,35.3,38.05,34.71,37.53,1191082.0
57,2020-03-05,36.67,37.01,33.76,34.45,1008923.0
58,2020-03-06,33.34,33.66,28.79,29.68,4608168.0
59,2020-03-09,27.14,30.69,24.45,25.33,6061781.0
60,2020-03-10,27.12,30.41,26.52,28.64,4227223.0
61,2020-03-11,27.67,28.05,21.61,21.93,4649797.0
62,2020-03-12,17.45,17.69,14.71,16.4,6472790.0
63,2020-03-13,19.74,21.34,16.94,21.08,3139458.0
64,2020-03-16,17.28,21.62,16.71,17.23,4292652.0
65,2020-03-17,17.88,18.69,16.34,18.61,1282038.0
66,2020-03-18,17.77,18.51,14.19,16.29,3184005.0
67,2020-03-19,16.12,20.69,14.69,19.59,2685582.0
68,2020-03-20,19.69,21.33,16.55,16.63,1771780.0
69,2020-03-23,16.82,16.82,15.1,15.65,2685178.0
70,2020-03-24,16.81,19.69,16.46,18.33,1814935.0
71,2020-03-25,18.67,24.79,16.78,21.69,2645949.0
72,2020-03-26,21.69,24.6,21.69,23.52,1460231.0
73,2020-03-27,21.83,22.46,20.35,20.95,954176.0
74,2020-03-30,20.83,20.94,18.87,19.27,838816.0
75,2020-03-31,19.06,19.39,17.25,17.98,1768708.0
76,2020-04-01,17.15,17.49,15.99,16.62,2092521.0
77,2020-04-02,16.77,17.64,15.35,15.89,2119497.0
78,2020-04-03,16.36,17.24,15.57,16.35,1247188.0
79,2020-04-06,17.45,20.5,16.93,19.09,2071205.0
80,2020-04-07,20.42,21.29,19.77,20.22,1001088.0
81,2020-04-08,20.86,21.26,19.51,20.28,772536.0
82,2020-04-09,20.81,23.57,20.59,21.26,1735169.0
83,2020-04-13,21.29,21.33,18.69,19.87,1932456.0
84,2020-04-14,20.47,22.8,20.47,21.47,2171756.0
85,2020-04-15,20.54,23.07,19.87,22.08,2688058.0
86,2020-04-16,23.3,24.45,22.19,24.14,4314926.0
87,2020-04-17,24.79,26.78,24.15,25.51,2616407.0
88,2020-04-20,24.47,25.68,24.27,25.62,1359431.0
89,2020-04-21,24.73,25.33,22.99,23.35,836343.0
90,2020-04-22,24.11,25.13,23.61,24.71,1043727.0
91,2020-04-23,24.78,25.18,23.78,24.44,1128315.0
92,2020-04-24,24.56,24.56,21.49,21.59,2349940.0
93,2020-04-27,21.78,22.49,19.81,22.47,2513692.0
94,2020-04-28,22.89,24.29,22.61,23.62,1425151.0
95,2020-04-29,24.28,25.36,23.21,23.82,1652668.0
96,2020-04-30,23.55,24.3,23.07,23.85,628195.0
97,2020-05-01,22.97,23.26,21.36,21.79,733111.0
98,2020-05-04,21.42,22.05,21.22,21.62,682795.0
99,2020-05-05,22.11,22.45,21.2,21.26,1023557.0
100,2020-05-06,21.45,22.3,21.02,21.58,2669958.0
101,2020-05-07,22.07,23.34,21.98,23.11,1192561.0
102,2020-05-08,23.66,24.03,23.09,23.8,608683.0
103,2020-05-11,23.32,24.66,23.19,24.04,1229680.0
104,2020-05-12,24.07,24.64,23.3,23.55,1150546.0
105,2020-05-13,25.69,27.83,24.34,26.59,5437646.0
106,2020-05-14,25.74,25.82,23.8,24.75,3014756.0
107,2020-05-15,24.79,25.9,24.25,25.2,1184366.0
108,2020-05-18,25.81,26.57,25.52,26.26,973666.0
109,2020-05-19,25.9,26.13,25.06,25.19,1178263.0
110,2020-05-20,25.29,26.59,25.19,26.19,1394727.0
111,2020-05-21,26.19,27.67,25.96,27.17,1363056.0
112,2020-05-22,27.1,27.98,26.47,27.49,1097666.0
113,2020-05-26,28.69,31.24,28.25,29.61,2700215.0
114,2020-05-27,30.15,31.06,29.06,29.21,1982529.0
115,2020-05-28,29.3,29.59,27.98,29.12,1407130.0
116,2020-05-29,28.98,29.4,27.88,29.05,1018746.0
117,2020-06-01,28.45,29.66,28.27,29.23,717872.0
118,2020-06-02,29.6,31.26,29.2,30.94,1485310.0
119,2020-06-03,31.86,34.35,31.3,33.34,2177293.0
120,2020-06-04,33.33,33.57,32.24,33.37,1106559.0
121,2020-06-05,34.69,36.0,34.29,35.27,2057847.0
122,2020-06-08,35.38,40.08,35.27,39.73,3417926.0
123,2020-06-09,38.29,40.38,36.96,39.4,2322058.0
124,2020-06-10,39.37,41.26,38.42,40.93,1506073.0
125,2020-06-11,37.69,39.24,36.31,37.7,2222794.0
126,2020-06-12,38.91,41.29,38.35,39.89,1392407.0
127,2020-06-15,38.52,40.67,37.94,40.45,862342.0
128,2020-06-16,42.01,43.68,41.88,42.54,1465430.0
129,2020-06-17,43.19,46.06,42.49,44.96,1744898.0
130,2020-06-18,44.95,47.37,44.13,46.77,1548616.0
131,2020-06-19,47.45,47.77,45.62,45.91,1358507.0
132,2020-06-22,46.06,46.61,44.7,45.14,1054029.0
133,2020-06-23,45.98,48.47,45.89,48.12,1695341.0
134,2020-06-24,44.84,46.05,43.27,43.5,1885940.0
135,2020-06-25,43.66,46.09,43.62,44.84,1112037.0
136,2020-06-26,44.65,45.03,42.44,42.57,704623.0
137,2020-06-29,42.75,43.19,41.81,42.21,759514.0
138,2020-06-30,41.76,42.69,40.48,40.7,2786139.0
139,2020-07-01,40.68,42.94,40.45,42.05,3193714.0
140,2020-07-02,45.21,45.52,43.19,43.48,6260647.0
141,2020-07-06,44.79,47.16,44.64,46.28,2249138.0
142,2020-07-07,46.19,46.9,45.15,45.44,1574496.0
143,2020-07-08,45.77,46.9,45.29,46.39,620523.0
144,2020-07-09,46.79,46.82,44.93,45.85,713041.0
145,2020-07-10,45.69,46.18,45.01,45.7,897804.0
146,2020-07-13,46.28,49.32,42.74,44.42,2372497.0
147,2020-07-14,44.34,44.34,41.81,43.31,3369917.0
148,2020-07-15,43.78,44.25,42.61,43.62,1226156.0
149,2020-07-16,41.67,42.17,40.5,41.29,2121782.0
150,2020-07-17,41.61,41.88,40.23,41.28,1294412.0
151,2020-07-20,41.28,43.6,41.08,43.28,1182350.0
152,2020-07-21,43.91,45.14,43.2,43.63,1132581.0
153,2020-07-22,44.09,45.29,43.76,44.33,979452.0
154,2020-07-23,44.25,45.07,42.57,43.01,602592.0
155,2020-07-24,42.48,43.53,41.64,43.32,1801411.0
156,2020-07-27,43.61,46.54,43.54,45.92,2000871.0
157,2020-07-28,45.5,46.19,44.05,45.97,994992.0
158,2020-07-29,46.62,47.26,45.43,47.15,1348837.0
159,2020-07-30,46.06,46.75,44.36,46.12,678642.0
160,2020-07-31,46.31,46.31,44.29,45.19,544319.0
161,2020-08-03,45.79,47.6,45.4,45.79,1282885.0
162,2020-08-04,45.61,46.92,45.26,46.54,1019807.0
163,2020-08-05,46.88,47.97,46.44,46.63,683765.0
164,2020-08-06,46.81,49.76,46.74,48.69,1748056.0
165,2020-08-07,48.11,48.55,45.92,46.82,1125082.0
166,2020-08-10,47.27,47.89,45.19,46.67,945819.0
167,2020-08-11,47.17,48.16,45.51,46.04,1208903.0
168,2020-08-12,48.82,51.63,43.46,45.22,2607261.0
169,2020-08-13,45.08,46.07,43.55,43.85,640553.0
170,2020-08-14,43.78,44.09,42.32,42.84,864763.0
171,2020-08-17,42.9,44.19,42.07,42.71,914997.0
172,2020-08-18,43.06,43.99,42.94,43.26,641856.0
173,2020-08-19,43.48,43.9,42.54,43.36,913720.0
174,2020-08-20,42.46,43.89,42.43,43.83,1103593.0
175,2020-08-21,43.8,43.86,42.18,42.21,802722.0
176,2020-08-24,42.69,45.5,42.69,44.83,881591.0
177,2020-08-25,44.83,45.94,44.33,45.86,653534.0
178,2020-08-26,45.79,46.69,45.25,46.46,1304058.0
179,2020-08-27,46.69,48.68,46.46,48.29,976167.0
180,2020-08-28,48.77,49.49,47.46,48.43,521462.0
181,2020-08-31,48.54,48.61,47.16,48.08,463640.0
182,2020-09-01,48.4,51.22,48.16,49.72,1749287.0
183,2020-09-02,50.32,50.69,46.71,48.18,869149.0
184,2020-09-03,47.59,47.7,44.36,46.58,1586129.0
185,2020-09-04,46.73,46.85,43.21,45.5,1074694.0
186,2020-09-08,44.04,45.49,43.19,44.39,555413.0
187,2020-09-09,45.19,46.63,44.89,46.07,607906.0
188,2020-09-10,46.59,47.48,43.54,44.12,690411.0
189,2020-09-11,44.98,44.98,42.6,43.13,427620.0
190,2020-09-14,43.69,44.19,42.29,42.77,1014963.0
191,2020-09-15,43.23,43.57,42.26,42.68,570313.0
192,2020-09-16,42.94,43.16,42.39,42.68,491564.0
193,2020-09-17,41.69,42.65,40.97,42.06,1018289.0
194,2020-09-18,42.63,43.21,41.68,41.75,668782.0
195,2020-09-21,40.69,41.05,39.36,40.78,784073.0
196,2020-09-22,41.22,42.36,40.69,42.07,532281.0
197,2020-09-23,42.16,42.16,40.12,40.24,776075.0
198,2020-09-24,39.66,41.62,39.34,41.25,473266.0
199,2020-09-25,41.05,42.58,40.54,41.77,573982.0
200,2020-09-28,42.7,42.81,39.9,40.19,529280.0
201,2020-09-29,40.19,40.35,39.07,40.08,858722.0
202,2020-09-30,40.17,41.41,39.8,40.38,583339.0
203,2020-10-01,40.37,40.94,40.1,40.59,1001668.0
204,2020-10-02,39.54,41.29,39.35,39.6,789109.0
205,2020-10-05,40.12,41.32,39.89,40.78,318272.0
206,2020-10-06,40.86,42.15,40.5,41.77,656411.0
207,2020-10-07,42.27,42.67,40.09,40.45,457821.0
208,2020-10-08,40.94,41.81,40.63,41.67,409718.0
209,2020-10-09,42.11,42.21,40.69,41.26,365242.0
210,2020-10-12,41.69,41.94,40.94,41.23,157646.0
211,2020-10-13,40.95,41.27,39.1,39.85,1331578.0
212,2020-10-14,40.19,42.93,39.78,41.69,1143721.0
213,2020-10-15,40.4,41.24,39.85,40.88,422479.0
214,2020-10-16,41.76,42.01,40.32,40.91,407678.0
215,2020-10-19,41.17,42.29,40.73,40.8,536043.0
216,2020-10-20,41.0,43.46,41.0,43.18,695964.0
217,2020-10-21,43.27,44.49,42.71,44.19,743724.0
218,2020-10-22,44.2,44.68,41.44,42.36,839903.0
219,2020-10-23,42.34,42.62,41.17,42.15,523571.0
220,2020-10-26,41.66,42.09,40.14,41.47,571695.0
221,2020-10-27,41.46,42.19,41.21,41.8,626597.0
222,2020-10-28,40.57,41.04,39.01,39.32,1334910.0
223,2020-10-29,39.35,39.88,38.48,39.09,594448.0
224,2020-10-30,38.65,38.88,37.51,38.77,1141475.0
225,2020-11-02,39.93,40.52,39.22,39.81,323558.0
226,2020-11-03,40.22,41.37,39.48,41.03,467938.0
227,2020-11-04,40.78,40.83,38.23,39.07,2625770.0
228,2020-11-05,40.11,42.32,39.56,41.64,927810.0
229,2020-11-06,41.6,41.91,39.84,40.83,671430.0
230,2020-11-09,43.23,43.56,40.53,41.75,1905440.0
231,2020-11-10,41.29,42.54,37.1,38.01,2737302.0
232,2020-11-11,38.31,41.07,38.04,38.21,1469976.0
233,2020-11-12,37.98,39.11,35.92,37.18,981540.0
234,2020-11-13,37.41,37.69,36.49,37.26,997824.0
235,2020-11-16,37.79,38.87,36.94,38.42,610868.0
236,2020-11-17,38.47,39.15,37.56,39.09,622206.0
237,2020-11-18,39.09,39.92,37.34,38.14,1248222.0
238,2020-11-19,38.08,39.54,37.45,39.29,756877.0
239,2020-11-20,39.17,39.17,37.86,38.69,805455.0
240,2020-11-23,38.71,39.46,37.87,39.46,421584.0
241,2020-11-24,40.07,40.76,38.55,40.69,909026.0
242,2020-11-25,40.68,40.92,40.1,40.67,507352.0
243,2020-11-27,40.67,41.94,39.58,40.35,543084.0
244,2020-11-30,40.29,40.96,38.48,39.7,997797.0
245,2020-12-01,39.12,39.19,37.67,39.14,1556180.0
246,2020-12-02,38.77,40.21,38.17,39.1,1266070.0
247,2020-12-03,37.69,38.64,36.85,37.2,9264645.0
248,2020-12-04,37.2,37.68,36.05,37.15,5864538.0
249,2020-12-07,37.14,37.67,36.49,37.22,2945891.0
250,2020-12-08,37.3,37.72,36.29,37.64,4546062.0
251,2020-12-09,37.92,37.94,36.35,36.62,1308276.0
252,2020-12-10,36.28,36.83,34.88,35.77,2805904.0
253,2020-12-11,35.58,35.71,33.22,34.46,6651568.0
254,2020-12-14,34.64,36.34,34.25,35.41,2499411.0
255,2020-12-15,35.92,37.46,35.1,37.07,2389288.0
256,2020-12-16,37.57,39.05,37.23,38.76,2767466.0
257,2020-12-17,38.92,40.23,38.9,39.82,1851209.0
258,2020-12-18,39.74,40.28,38.5,39.08,1777772.0
259,2020-12-21,38.27,39.64,38.07,39.42,1198881.0
260,2020-12-22,39.86,40.18,38.61,39.0,1627547.0
261,2020-12-23,39.22,39.93,38.61,39.69,870883.0
262,2020-12-24,39.74,40.36,39.48,40.04,216980.0
263,2020-12-28,40.42,41.05,38.51,38.87,902017.0
264,2020-12-29,39.21,39.41,38.39,38.7,801937.0
265,2020-12-30,38.91,39.32,38.14,39.17,750225.0
266,2020-12-31,39.1,39.1,38.07,38.36,456402.0
267,2021-01-04,38.76,39.0,37.43,37.9,1164597.0
268,2021-01-05,37.87,38.59,37.54,37.63,841895.0
269,2021-01-06,37.19,37.19,36.09,36.27,1754544.0
270,2021-01-07,36.64,37.33,36.23,36.96,1312912.0
271,2021-01-08,37.19,39.22,36.84,39.14,1462029.0
272,2021-01-11,38.5,38.89,37.65,37.79,852752.0
273,2021-01-12,38.05,39.37,37.65,39.19,672723.0
274,2021-01-13,39.33,39.65,38.08,38.42,832336.0
275,2021-01-14,38.81,39.76,38.27,39.24,778400.0
276,2021-01-15,38.81,39.17,38.33,38.48,1158470.0
277,2021-01-19,39.61,42.01,39.29,42.0,2809928.0
278,2021-01-20,42.22,43.01,40.93,41.27,1477553.0
279,2021-01-21,41.47,41.73,40.76,41.52,1451097.0
280,2021-01-22,40.99,41.05,40.25,40.8,1243535.0
281,2021-01-25,40.8,42.49,40.79,41.86,1980293.0
282,2021-01-26,43.32,44.79,43.0,44.23,1779967.0
283,2021-01-27,43.88,44.31,42.57,43.21,1997665.0
284,2021-01-28,43.48,44.6,43.07,43.56,1341198.0
285,2021-01-29,43.7,44.19,41.87,42.33,1895211.0
286,2021-02-01,43.24,45.99,43.06,45.84,1268674.0
287,2021-02-02,46.91,48.9,46.69,47.54,2271619.0
288,2021-02-03,47.36,48.33,45.99,46.71,1349629.0
289,2021-02-04,47.09,48.04,46.78,46.97,659158.0
290,2021-02-05,47.45,47.94,46.6,47.24,1128767.0
291,2021-02-08,47.77,48.18,46.7,47.42,765672.0
292,2021-02-09,47.01,47.12,45.73,46.6,1008367.0
293,2021-02-10,47.17,47.52,46.03,46.1,625787.0
294,2021-02-11,46.47,47.23,45.57,47.2,793911.0
295,2021-02-12,47.01,48.42,46.7,47.11,647832.0
296,2021-02-16,47.97,50.18,47.65,48.62,921786.0
297,2021-02-17,47.55,49.14,46.29,48.94,789642.0
298,2021-02-18,48.35,48.79,47.03,47.41,1170358.0
299,2021-02-19,47.86,49.57,47.86,48.64,653742.0
300,2021-02-22,46.82,47.19,44.45,44.75,1963873.0
301,2021-02-23,43.95,45.54,41.11,45.34,1377331.0
302,2021-02-24,45.09,46.68,43.29,46.42,1762696.0
303,2021-02-25,46.49,47.91,43.55,43.86,1606388.0
304,2021-02-26,44.24,44.81,42.51,42.83,1079916.0
305,2021-03-01,43.35,44.64,42.39,42.81,1326175.0
306,2021-03-02,42.19,42.92,40.62,42.06,1461637.0
307,2021-03-03,41.53,42.65,39.13,40.04,1726133.0
308,2021-03-04,40.38,41.28,37.87,39.09,2155707.0
309,2021-03-05,39.7,40.06,36.17,39.49,2166480.0
310,2021-03-08,39.3,40.26,36.19,36.23,1250303.0
311,2021-03-09,37.2,38.04,35.96,36.61,1817255.0
312,2021-03-10,37.18,37.8,36.11,36.99,1572354.0
313,2021-03-11,38.66,39.9,37.86,39.63,1449797.0
314,2021-03-12,38.81,39.56,37.69,39.36,793943.0
315,2021-03-15,39.04,39.69,38.52,39.62,897874.0
316,2021-03-16,39.93,40.02,38.79,39.38,586567.0
317,2021-03-17,38.92,39.71,37.81,39.5,1300679.0
318,2021-03-18,39.28,39.28,36.53,36.68,1429555.0
319,2021-03-19,36.61,38.57,36.34,38.33,2410010.0
320,2021-03-22,38.33,38.98,37.81,38.45,837493.0
321,2021-03-23,38.45,38.63,37.08,37.27,663705.0
322,2021-03-24,37.62,37.62,35.13,35.24,1038901.0
323,2021-03-25,34.8,36.39,34.29,36.37,846601.0
324,2021-03-26,36.41,36.54,34.97,36.31,768379.0
325,2021-03-29,35.94,36.18,34.68,35.66,696289.0
326,2021-03-30,35.55,36.07,34.88,35.4,800876.0
327,2021-03-31,35.92,37.35,35.21,36.36,1258146.0
328,2021-04-01,36.49,38.79,36.33,38.38,1543688.0
329,2021-04-05,38.69,38.69,37.22,37.7,1015285.0
330,2021-04-06,37.8,38.04,37.26,37.57,882751.0
331,2021-04-07,37.54,37.91,36.99,37.17,821603.0
332,2021-04-08,37.5,38.16,36.97,37.71,1016278.0
333,2021-04-09,37.65,37.71,36.84,37.7,1104073.0
334,2021-04-12,37.79,37.88,36.49,36.94,895114.0
335,2021-04-13,37.12,38.11,36.4,37.36,844878.0
336,2021-04-14,37.63,38.5,37.41,37.89,1062837.0
337,2021-04-15,38.38,38.39,37.36,37.72,1154705.0
338,2021-04-16,37.8,37.94,36.9,37.56,446941.0
339,2021-04-19,37.32,38.4,36.35,37.1,1000354.0
340,2021-04-20,36.8,37.33,36.09,37.09,727483.0
341,2021-04-21,36.78,38.39,36.78,38.22,716424.0
342,2021-04-22,38.48,39.51,37.99,38.22,1089106.0
343,2021-04-23,38.28,39.05,38.17,38.72,814107.0
344,2021-04-26,39.0,39.09,37.29,38.09,1174440.0
345,2021-04-27,38.53,38.53,36.86,36.99,1085113.0
346,2021-04-28,36.87,38.25,36.08,38.2,1195202.0
347,2021-04-29,39.08,39.17,37.45,38.19,958506.0
348,2021-04-30,37.5,38.42,37.12,38.29,1258209.0
349,2021-05-03,38.47,38.97,37.72,37.81,1276057.0
350,2021-05-04,37.61,37.7,36.7,37.12,1203000.0
351,2021-05-05,38.29,42.88,38.29,41.46,6424353.0
352,2021-05-06,41.73,41.76,39.74,41.15,1392190.0
353,2021-05-07,41.42,43.67,41.42,43.47,1615560.0
354,2021-05-10,43.38,43.39,41.2,41.32,1070236.0
355,2021-05-11,39.54,43.14,39.49,42.64,1514469.0
356,2021-05-12,42.14,42.37,40.01,40.13,1809271.0
357,2021-05-13,41.08,41.24,39.06,39.78,1874841.0
358,2021-05-14,40.53,41.82,40.15,41.59,4505373.0
359,2021-05-17,41.62,41.93,40.98,41.58,898064.0
360,2021-05-18,41.88,42.49,40.74,40.83,830939.0
361,2021-05-19,40.01,40.88,39.91,40.69,1019651.0
362,2021-05-20,40.76,41.09,40.25,40.37,3221876.0
363,2021-05-21,40.74,40.94,39.03,39.19,1369721.0
364,2021-05-24,39.41,39.41,37.74,38.55,2144986.0
365,2021-05-25,39.45,39.45,37.3,37.44,1913999.0
366,2021-05-26,37.63,38.88,37.45,38.52,2660289.0
367,2021-05-27,38.54,39.06,37.0,37.41,1486975.0
368,2021-05-28,37.54,38.92,37.11,38.35,988941.0
369,2021-06-01,39.1,39.18,38.01,38.19,1209387.0
370,2021-06-02,38.21,39.56,37.77,38.69,2273662.0
371,2021-06-03,38.43,38.49,37.96,38.22,489359.0
372,2021-06-04,38.51,39.26,38.48,39.14,1698450.0
373,2021-06-07,39.2,40.63,38.8,40.11,933323.0
374,2021-06-08,40.04,40.37,39.28,40.23,810498.0
375,2021-06-09,40.28,41.24,40.28,40.99,1388484.0
376,2021-06-10,41.06,42.47,40.5,42.22,1328096.0
377,2021-06-11,42.35,43.22,42.09,42.87,820068.0
378,2021-06-14,42.98,43.57,42.77,43.08,1218908.0
379,2021-06-15,43.16,43.48,42.58,43.04,658607.0
380,2021-06-16,42.92,43.65,42.57,43.34,1084408.0
381,2021-06-17,43.31,45.37,43.11,44.65,1160289.0
382,2021-06-18,44.82,45.47,44.33,44.69,1145609.0
383,2021-06-21,44.56,45.06,43.98,44.39,1719715.0
384,2021-06-22,44.31,44.68,43.69,44.36,568230.0
385,2021-06-23,44.46,45.31,44.25,44.89,449170.0
386,2021-06-24,45.49,45.49,44.03,44.48,835969.0
387,2021-06-25,44.75,44.89,43.38,43.6,578591.0
388,2021-06-28,43.67,43.89,42.92,43.67,434864.0
389,2021-06-29,43.93,44.37,42.95,43.28,551934.0
390,2021-06-30,43.06,43.29,41.97,42.24,777662.0
391,2021-07-01,42.11,42.28,40.54,41.09,932281.0
392,2021-07-02,41.29,41.61,40.49,41.13,853605.0
393,2021-07-06,40.96,41.22,39.63,39.82,696485.0
394,2021-07-07,39.99,40.68,38.89,40.01,846781.0
395,2021-07-08,39.15,39.2,38.4,38.61,759326.0
396,2021-07-09,38.97,39.92,38.32,39.04,356986.0
397,2021-07-12,39.21,39.42,38.51,39.23,397980.0
398,2021-07-13,39.14,40.72,38.87,40.02,697611.0
399,2021-07-14,40.39,40.69,38.82,39.51,1168917.0
400,2021-07-15,39.42,39.93,38.93,39.39,1432485.0
401,2021-07-16,40.2,40.71,39.7,40.45,1716476.0
402,2021-07-19,40.05,40.19,37.59,37.99,1608351.0
403,2021-07-20,37.94,39.25,37.21,39.1,931445.0
404,2021-07-21,39.1,39.86,38.61,39.75,377805.0
405,2021-07-22,39.78,40.34,38.75,39.17,449829.0
406,2021-07-23,39.4,40.58,39.19,39.65,2756320.0
407,2021-07-26,39.39,40.95,39.34,40.8,1751976.0
408,2021-07-27,40.84,40.84,38.22,39.25,2600428.0
409,2021-07-28,39.52,40.39,38.86,39.91,621093.0
410,2021-07-29,39.94,40.66,39.7,40.63,801176.0
411,2021-07-30,40.02,40.41,39.45,39.75,2413161.0
412,2021-08-02,40.25,41.23,39.66,40.38,825460.0
413,2021-08-03,40.28,41.24,39.94,40.99,1308599.0
414,2021-08-04,43.12,46.16,42.64,44.27,4127883.0
415,2021-08-05,44.71,46.84,44.4,45.48,2790857.0
416,2021-08-06,45.47,46.77,45.06,46.71,1765251.0
417,2021-08-09,46.94,48.94,46.51,48.2,1743191.0
418,2021-08-10,48.33,48.63,47.04,47.69,985087.0
419,2021-08-11,47.91,47.91,46.7,46.95,960299.0
420,2021-08-12,46.9,47.11,46.09,46.68,574835.0
421,2021-08-13,46.78,46.82,46.07,46.1,926027.0
422,2021-08-16,45.72,46.0,44.72,44.87,1097242.0
423,2021-08-17,44.31,44.65,42.9,43.71,1126256.0
424,2021-08-18,43.74,44.05,43.13,43.27,1128634.0
425,2021-08-19,42.54,43.99,42.05,43.88,1170587.0
426,2021-08-20,43.89,44.19,42.52,43.8,732871.0
427,2021-08-23,43.8,44.63,43.45,44.12,624545.0
428,2021-08-24,44.34,45.97,44.34,45.89,840394.0
429,2021-08-25,45.99,46.86,45.64,46.75,1992373.0
430,2021-08-26,46.72,47.32,45.96,46.15,1553426.0
431,2021-08-27,46.24,47.81,45.81,47.35,1250643.0
432,2021-08-30,47.54,47.94,46.48,47.58,584367.0
433,2021-08-31,47.67,47.85,46.64,47.34,1308372.0
434,2021-09-01,47.32,49.77,47.1,48.7,1690310.0
435,2021-09-02,48.8,51.77,48.22,49.86,2896022.0
436,2021-09-03,49.76,50.09,48.1,48.69,1203370.0
437,2021-09-07,47.96,50.56,47.39,49.44,864738.0
438,2021-09-08,49.19,49.38,46.59,46.62,2110260.0
439,2021-09-09,46.55,48.37,46.19,47.52,809270.0
440,2021-09-10,47.97,48.13,46.29,46.33,938970.0
441,2021-09-13,46.67,47.22,45.74,46.08,1611523.0
442,2021-09-14,46.02,46.55,45.21,45.54,1036879.0
443,2021-09-15,45.65,45.76,45.13,45.19,713839.0
444,2021-09-16,45.03,45.24,44.55,44.85,718231.0
445,2021-09-17,44.74,45.43,43.51,43.77,1447835.0
446,2021-09-20,42.73,43.58,41.25,42.23,1648020.0
447,2021-09-21,42.69,44.42,42.26,44.2,1393737.0
448,2021-09-22,44.77,45.67,44.22,45.05,2084395.0
449,2021-09-23,45.39,45.45,43.97,44.17,1265180.0
450,2021-09-24,43.85,44.11,42.52,42.94,1226221.0
451,2021-09-27,42.5,42.64,41.7,42.17,1314445.0
452,2021-09-28,41.98,42.2,39.96,40.33,1867049.0
453,2021-09-29,40.5,41.01,39.06,39.77,2677193.0
454,2021-09-30,40.13,40.13,38.71,38.86,2503058.0
455,2021-10-01,39.1,41.49,38.08,40.74,4611666.0
456,2021-10-04,39.51,41.45,38.79,39.14,12617999.0
457,2021-10-05,39.43,40.59,37.82,38.89,6080627.0
458,2021-10-06,37.38,38.33,36.13,38.27,7255555.0
459,2021-10-07,38.44,40.52,38.34,40.42,16903088.0
460,2021-10-08,40.2,41.0,38.72,38.85,7217457.0
461,2021-10-11,37.6,37.69,35.72,35.72,7614053.0
462,2021-10-12,36.33,36.4,33.68,33.95,7411259.0
463,2021-10-13,34.2,35.25,33.57,33.69,8765766.0
464,2021-10-14,34.09,34.51,32.69,32.79,6477960.0
465,2021-10-15,33.89,36.13,33.47,35.4,10604563.0
466,2021-10-18,35.07,36.21,35.07,35.56,4973302.0
467,2021-10-19,35.39,35.48,34.2,34.35,3251531.0
468,2021-10-20,34.38,35.37,33.73,34.62,4365255.0
469,2021-10-21,33.65,34.29,32.29,32.72,6333975.0
470,2021-10-22,32.43,32.95,30.35,32.33,8525858.0
471,2021-10-25,32.99,34.28,32.94,33.68,6439992.0
472,2021-10-26,32.77,33.15,32.16,32.48,2715683.0
473,2021-10-27,32.48,33.27,32.28,32.37,2735748.0
474,2021-10-28,31.83,32.57,30.91,32.46,3893046.0
475,2021-10-29,32.23,32.43,31.21,31.5,3026273.0
476,2021-11-01,31.52,33.03,31.52,32.78,3160244.0
477,2021-11-02,32.63,32.69,31.12,31.53,2623945.0
478,2021-11-03,31.56,32.35,30.97,32.03,3815334.0
479,2021-11-04,31.96,33.19,31.02,31.03,5687523.0
480,2021-11-05,31.4,34.03,31.24,33.67,6579021.0
481,2021-11-08,33.69,34.16,32.68,32.77,4478404.0
482,2021-11-09,32.96,33.98,32.31,32.61,2520973.0
483,2021-11-10,32.68,33.17,31.37,31.64,2699477.0
484,2021-11-11,32.26,33.55,32.17,32.67,3344540.0
485,2021-11-12,32.5,32.63,31.75,32.46,2396714.0
486,2021-11-15,32.69,33.12,32.47,32.52,1381201.0
487,2021-11-16,31.79,31.82,30.68,31.04,3729694.0
488,2021-11-17,30.43,30.93,28.89,29.06,5235466.0
489,2021-11-18,29.09,29.16,27.63,27.84,7338766.0
490,2021-11-19,28.26,29.0,27.81,28.44,4717256.0
491,2021-11-22,28.8,29.28,27.16,27.39,4569579.0
492,2021-11-23,26.34,28.8,26.34,28.76,4429337.0
493,2021-11-24,28.42,29.29,28.1,29.06,4052944.0
494,2021-11-26,28.17,28.41,27.92,28.25,1750355.0
495,2021-11-29,29.02,29.14,28.25,28.53,2438074.0
496,2021-11-30,28.2,28.53,26.91,27.37,4421008.0
497,2021-12-01,27.78,29.39,27.29,27.83,4594541.0
498,2021-12-02,27.86,29.12,27.51,27.82,5560209.0
499,2021-12-03,28.7,28.71,27.34,27.69,3728848.0
500,2021-12-06,27.29,28.59,26.4,28.32,3044857.0
501,2021-12-07,29.04,29.54,28.59,28.69,2907108.0
502,2021-12-08,28.74,29.48,28.61,28.82,5065746.0
503,2021-12-09,28.58,29.11,27.97,28.61,2685220.0
504,2021-12-10,28.88,29.26,28.36,28.8,2962254.0
505,2021-12-13,29.02,30.92,28.94,29.85,3768860.0
506,2021-12-14,28.03,28.25,27.15,27.86,8200786.0
507,2021-12-15,27.78,28.97,26.98,28.9,3799074.0
508,2021-12-16,29.19,29.28,27.48,27.78,3650028.0
509,2021-12-17,27.29,28.3,27.04,27.98,3729200.0
510,2021-12-20,26.76,27.71,26.45,27.6,2480788.0
511,2021-12-21,27.78,28.33,27.64,28.18,3428780.0
512,2021-12-22,27.68,28.24,27.46,28.21,4296797.0
513,2021-12-23,28.14,28.77,27.77,28.53,2708636.0
514,2021-12-27,28.49,29.68,28.49,29.07,2581185.0
515,2021-12-28,28.84,28.89,27.19,27.29,3380135.0
516,2021-12-29,27.13,27.14,26.39,26.57,2552359.0
517,2021-12-30,26.55,27.55,26.45,27.27,1717810.0
518,2021-12-31,27.04,27.55,27.0,27.43,1404027.0
519,2022-01-03,27.26,27.7,26.7,27.68,2058162.0
520,2022-01-04,27.86,28.01,26.44,26.82,4169471.0
521,2022-01-05,26.38,27.3,25.21,25.43,6640943.0
522,2022-01-06,25.31,26.17,24.51,25.78,4486921.0
523,2022-01-07,26.26,27.34,25.85,26.43,4800532.0
524,2022-01-10,25.75,26.48,25.17,26.41,5189643.0
525,2022-01-11,25.78,29.03,25.75,28.82,4588692.0
526,2022-01-12,28.82,29.73,28.51,29.3,3509952.0
527,2022-01-13,29.14,29.28,27.86,28.0,2659637.0
528,2022-01-14,27.83,28.25,26.71,27.43,2941865.0
529,2022-01-18,27.08,27.26,25.92,25.99,2753790.0
530,2022-01-19,26.51,28.19,26.28,27.75,3208775.0
531,2022-01-20,28.8,30.12,28.75,29.11,4058741.0
532,2022-01-21,29.0,29.17,27.99,28.38,3730535.0
533,2022-01-24,27.28,28.74,27.03,28.6,5643600.0
534,2022-01-25,28.1,30.03,27.94,29.5,3814069.0
535,2022-01-26,30.21,31.86,30.04,30.25,6227473.0
536,2022-01-27,31.7,31.72,29.59,29.96,3696275.0
537,2022-01-28,29.88,30.36,28.8,29.94,2762737.0
538,2022-01-31,29.97,32.03,29.97,32.0,2628090.0
539,2022-02-01,32.03,32.62,31.2,32.47,2865822.0
540,2022-02-02,32.18,32.31,30.61,31.06,3002845.0
541,2022-02-03,30.16,30.84,29.96,30.28,1388471.0
542,2022-02-04,29.85,31.03,29.67,30.77,3202952.0
543,2022-02-07,30.54,31.43,30.19,30.66,1513616.0
544,2022-02-08,30.64,30.97,29.75,30.86,2722900.0
545,2022-02-09,31.68,33.31,31.3,32.94,9188100.0
546,2022-02-10,32.37,34.48,31.52,31.72,7911405.0
547,2022-02-11,32.11,33.72,31.95,32.29,5579841.0
548,2022-02-14,32.46,33.28,31.87,32.1,2789366.0
549,2022-02-15,33.04,34.3,32.9,34.03,4116885.0
550,2022-02-16,33.65,35.05,33.56,34.44,2801339.0
551,2022-02-17,33.74,33.84,33.07,33.27,2543053.0
552,2022-02-18,33.37,34.11,32.73,32.86,3602063.0
553,2022-02-22,32.69,33.26,32.32,32.53,3573815.0
554,2022-02-23,32.89,33.49,32.09,32.14,3315202.0
555,2022-02-24,29.88,31.6,29.63,31.49,6381766.0
556,2022-02-25,31.51,31.72,29.92,31.04,3317143.0
557,2022-02-28,30.65,31.05,29.91,31.03,2169901.0
558,2022-03-01,31.02,32.51,30.1,30.32,2290120.0
559,2022-03-02,30.6,31.24,30.06,30.45,2222677.0
560,2022-03-03,30.51,30.73,29.38,29.79,5438814.0
561,2022-03-04,29.35,29.83,27.53,27.9,13676227.0
562,2022-03-07,27.68,27.76,25.2,25.2,5137427.0
563,2022-03-08,25.21,27.02,24.56,26.7,5071048.0
564,2022-03-09,27.63,30.29,27.63,30.1,5313163.0
565,2022-03-10,29.09,29.98,28.92,29.68,3813929.0
566,2022-03-11,29.69,29.72,28.25,28.26,3697136.0
567,2022-03-14,28.63,28.69,26.85,27.02,2028989.0
568,2022-03-15,26.9,27.9,26.21,27.83,2992083.0
569,2022-03-16,28.53,30.45,28.53,30.14,5725385.0
570,2022-03-17,29.43,30.48,29.03,30.06,4421125.0
571,2022-03-18,30.07,31.46,29.65,31.1,3985445.0
572,2022-03-21,30.65,31.68,30.54,31.02,1785372.0
573,2022-03-22,31.66,32.52,31.59,31.83,2384035.0
574,2022-03-23,30.14,30.6,29.19,30.01,5773878.0
575,2022-03-24,30.07,31.1,29.89,30.99,2407109.0
576,2022-03-25,31.46,31.99,30.64,30.81,3498371.0
577,2022-03-28,31.23,31.81,30.13,30.75,1632849.0
578,2022-03-29,31.68,32.32,31.09,32.19,5289216.0
579,2022-03-30,31.99,31.99,29.74,29.87,3907151.0
580,2022-03-31,29.97,29.97,28.4,28.79,4901116.0
581,2022-04-01,29.12,30.0,28.81,29.66,4513158.0
582,2022-04-04,29.76,30.5,29.69,30.43,2041182.0
583,2022-04-05,30.43,30.65,29.34,29.99,3795593.0
584,2022-04-06,29.14,29.38,28.35,29.19,4483175.0
585,2022-04-07,29.12,29.61,28.39,29.4,4530767.0
586,2022-04-08,29.28,29.38,28.45,28.55,3483574.0
587,2022-04-11,28.39,28.67,27.5,28.3,2306197.0
588,2022-04-12,28.89,29.35,27.43,27.56,4724323.0
589,2022-04-13,27.49,28.12,27.22,27.79,3560147.0
590,2022-04-14,27.55,27.61,26.5,26.89,4432555.0
591,2022-04-18,26.73,26.73,25.98,26.17,2474539.0
592,2022-04-19,25.99,26.99,25.78,26.84,3093081.0
593,2022-04-20,27.03,27.03,26.33,26.84,1810553.0
594,2022-04-21,27.14,27.34,25.23,25.34,2913038.0
595,2022-04-22,25.3,25.55,23.95,24.26,4807618.0
596,2022-04-25,24.04,24.8,23.78,24.68,3458412.0
597,2022-04-26,24.29,24.56,23.09,23.44,3387624.0
598,2022-04-27,23.31,23.83,22.44,22.64,5336315.0
599,2022-04-28,22.71,23.91,22.32,23.68,5099277.0
600,2022-04-29,23.96,24.54,23.23,23.3,3739248.0
601,2022-05-02,23.03,23.21,22.11,22.85,5299428.0
602,2022-05-03,22.96,22.99,22.0,22.28,2879305.0
603,2022-05-04,20.35,20.76,17.89,20.52,16840510.0
604,2022-05-05,19.84,20.36,19.62,20.12,7459786.0
605,2022-05-06,19.88,20.04,18.82,18.83,5617895.0
606,2022-05-09,18.34,18.85,17.16,17.62,9263181.0
607,2022-05-10,18.1,18.44,17.09,17.34,5527956.0
608,2022-05-11,17.29,17.97,16.71,16.78,4168305.0
609,2022-05-12,16.75,21.51,16.58,18.27,17944158.0
610,2022-05-13,18.52,19.46,18.19,18.93,7956794.0
611,2022-05-16,18.84,18.84,17.63,17.78,4093212.0
612,2022-05-17,18.25,18.92,18.01,18.69,4010966.0
613,2022-05-18,18.38,18.67,17.8,17.92,3279390.0
614,2022-05-19,17.95,19.72,17.88,19.54,3440759.0
615,2022-05-20,19.92,20.37,19.1,20.06,4467822.0
616,2022-05-23,20.31,20.68,20.02,20.39,3472599.0
617,2022-05-24,19.97,19.97,19.02,19.41,2544385.0
618,2022-05-25,19.2,20.13,18.87,19.93,3911738.0
619,2022-05-26,19.85,21.78,19.74,21.3,3328440.0
620,2022-05-27,21.24,22.16,21.24,22.13,2939818.0
621,2022-05-31,22.02,22.44,20.97,21.3,4316544.0
622,2022-06-01,21.37,21.79,20.29,20.47,1826698.0
623,2022-06-02,20.55,21.95,20.49,21.93,1867451.0
624,2022-06-03,21.44,21.84,20.96,21.41,3835532.0
625,2022-06-06,21.88,21.9,21.17,21.52,2613463.0
626,2022-06-07,20.63,22.39,20.63,22.39,9935731.0
627,2022-06-08,21.77,22.13,21.26,21.43,4051672.0
628,2022-06-09,21.14,21.32,20.59,20.83,2332356.0
629,2022-06-10,20.23,20.45,18.98,19.14,4548309.0
630,2022-06-13,18.08,18.38,17.49,17.68,5670677.0
631,2022-06-14,17.7,17.95,17.33,17.54,2383806.0
632,2022-06-15,17.78,18.48,17.65,18.22,7241616.0
633,2022-06-16,17.64,17.92,16.69,17.37,3542853.0
634,2022-06-17,17.5,17.86,17.26,17.47,4148750.0
635,2022-06-21,17.59,18.14,17.59,17.68,4240453.0
636,2022-06-22,17.43,18.07,17.4,17.8,4863241.0
637,2022-06-23,18.04,18.53,17.74,18.17,4506714.0
638,2022-06-24,18.35,18.78,18.17,18.43,3925998.0
639,2022-06-27,18.67,18.67,17.94,18.54,3110323.0
640,2022-06-28,18.6,18.94,17.29,17.36,2849195.0
641,2022-06-29,17.37,17.37,16.74,16.98,2848433.0
642,2022-06-30,16.63,17.19,15.98,16.65,3601648.0
643,2022-07-01,16.5,16.97,16.26,16.57,3350616.0
644,2022-07-05,16.22,17.37,15.66,17.35,4537034.0
645,2022-07-06,17.12,17.3,16.33,16.75,4141003.0
646,2022-07-07,17.08,17.47,16.93,17.17,4472622.0
647,2022-07-08,17.16,17.55,16.82,17.18,2637381.0
648,2022-07-11,16.78,16.81,15.98,16.02,2720912.0
649,2022-07-12,15.86,16.78,15.75,16.54,4143423.0
650,2022-07-13,16.47,17.0,16.21,16.59,2938477.0
651,2022-07-14,16.27,16.47,15.68,15.7,2419760.0
652,2022-07-15,16.09,16.55,15.72,16.22,4429720.0
653,2022-07-18,16.51,17.03,16.12,16.25,2331300.0
654,2022-07-19,16.66,17.15,16.52,16.93,3703055.0
655,2022-07-20,16.89,17.23,16.65,17.17,3193508.0
656,2022-07-21,17.16,17.91,17.09,17.83,2880201.0
657,2022-07-22,17.87,17.87,17.2,17.37,2848308.0
658,2022-07-25,17.58,17.8,17.17,17.57,1342968.0
659,2022-07-26,17.35,17.53,17.17,17.24,2513582.0
660,2022-07-27,17.58,18.8,17.51,18.75,3404804.0
661,2022-07-28,18.79,19.26,18.05,19.22,1920791.0
662,2022-07-29,19.23,19.92,19.02,19.79,2765794.0
663,2022-08-01,19.71,21.2,19.52,20.68,6236675.0
664,2022-08-02,20.34,20.89,20.16,20.62,2474690.0
665,2022-08-03,20.86,21.9,20.73,21.74,3151452.0
666,2022-08-04,22.69,22.88,21.49,22.12,6151617.0
667,2022-08-05,21.63,22.46,21.42,22.46,2755300.0
668,2022-08-08,23.06,23.99,22.79,23.35,7071614.0
669,2022-08-09,23.05,23.16,21.92,22.35,3788577.0
670,2022-08-10,20.93,21.19,18.94,19.22,14826645.0
671,2022-08-11,18.29,18.37,17.16,17.46,11465309.0
672,2022-08-12,17.7,18.39,17.57,18.38,4622532.0
673,2022-08-15,18.17,20.82,18.16,20.54,7289189.0
674,2022-08-16,20.34,20.41,19.25,19.73,4746074.0
675,2022-08-17,19.43,20.04,19.19,19.92,2968129.0
676,2022-08-18,19.9,20.2,19.8,20.02,3830344.0
677,2022-08-19,19.68,19.77,18.96,19.07,4055199.0
678,2022-08-22,18.63,18.81,17.99,18.17,4558057.0
679,2022-08-23,18.14,20.43,18.14,20.31,5126894.0
680,2022-08-24,20.32,21.7,20.24,21.12,4564445.0
681,2022-08-25,21.29,21.55,20.62,20.81,3313823.0
682,2022-08-26,21.0,21.23,19.93,20.01,2074852.0
683,2022-08-29,19.8,20.29,19.33,19.47,4070724.0
684,2022-08-30,19.7,19.73,18.36,18.44,3100390.0
685,2022-08-31,18.51,18.68,17.87,17.93,4498561.0
686,2022-09-01,17.76,18.08,17.05,18.04,3926267.0
687,2022-09-02,18.37,18.75,17.71,18.07,3422403.0
688,2022-09-06,17.96,18.03,17.27,17.59,2291807.0
689,2022-09-07,17.63,18.09,17.32,18.08,1563386.0
690,2022-09-08,17.92,18.38,17.73,18.07,2390301.0
691,2022-09-09,18.43,19.06,18.37,18.91,2111381.0
692,2022-09-12,19.16,19.85,19.14,19.81,2125283.0
693,2022-09-13,18.96,19.18,18.53,18.54,1997996.0
694,2022-09-14,18.33,18.84,18.03,18.49,2645304.0
695,2022-09-15,18.32,19.11,18.08,18.24,2584087.0
696,2022-09-16,17.83,17.85,17.15,17.69,3947049.0
697,2022-09-19,17.37,18.43,17.37,18.31,2288603.0
698,2022-09-20,18.36,18.85,18.26,18.39,2517147.0
699,2022-09-21,18.51,18.63,17.94,18.45,2771493.0
700,2022-09-22,18.5,18.82,17.65,18.39,3594031.0
701,2022-09-23,18.11,18.2,17.45,17.82,3643478.0
702,2022-09-26,17.53,17.82,16.46,16.49,5578122.0
703,2022-09-27,16.76,17.63,16.76,17.05,4361063.0
704,2022-09-28,17.14,17.55,16.81,17.21,2725697.0
705,2022-09-29,16.81,17.26,16.51,17.03,2490262.0
706,2022-09-30,16.97,17.98,16.74,17.7,2472294.0
707,2022-10-03,19.2,19.69,18.37,19.42,4461720.0
708,2022-10-04,19.39,20.02,19.05,19.55,6433394.0
709,2022-10-05,19.32,19.99,19.23,19.7,3544021.0
710,2022-10-06,19.52,20.58,19.52,20.21,5160275.0
711,2022-10-07,19.89,20.24,19.64,19.8,5580379.0
712,2022-10-10,19.8,20.08,19.51,19.89,10057403.0
713,2022-10-11,19.84,19.88,17.63,17.93,9220835.0
714,2022-10-12,17.71,17.99,17.42,17.81,4367008.0
715,2022-10-13,16.84,17.63,16.81,17.43,5481201.0
716,2022-10-14,17.61,18.17,16.26,16.27,3862871.0
717,2022-10-17,16.82,17.23,16.43,16.44,2940944.0
718,2022-10-18,16.95,17.13,15.83,16.13,5598475.0
719,2022-10-19,16.05,16.24,15.69,15.93,6046271.0
720,2022-10-20,15.88,16.28,15.4,15.55,2601139.0
721,2022-10-21,15.46,16.76,15.05,16.74,4202555.0
722,2022-10-24,16.39,16.65,15.93,16.54,4190618.0
723,2022-10-25,16.42,17.02,16.35,16.45,2395731.0
724,2022-10-26,16.28,16.71,15.66,15.69,4393697.0
725,2022-10-27,15.72,16.07,15.52,15.59,3050272.0
726,2022-10-28,15.54,16.32,15.39,16.18,2872458.0
727,2022-10-31,15.98,17.1,15.9,17.02,2924734.0
728,2022-11-01,17.33,18.24,17.3,18.15,4313365.0
729,2022-11-02,18.06,18.44,17.82,17.94,3731077.0
730,2022-11-03,17.48,18.29,17.38,18.09,2552635.0
731,2022-11-04,18.57,18.77,17.37,17.68,1961333.0
732,2022-11-07,17.51,17.61,17.02,17.16,2072216.0
733,2022-11-08,16.91,17.44,16.62,17.04,2990910.0
734,2022-11-09,17.97,19.84,17.91,18.39,14007185.0
735,2022-11-10,18.54,18.89,17.68,17.84,15452993.0
736,2022-11-11,18.02,18.45,17.61,17.92,4395361.0
737,2022-11-14,17.62,18.05,17.03,17.8,5356821.0
738,2022-11-15,18.28,18.68,17.71,18.18,4191418.0
739,2022-11-16,17.75,17.83,16.81,16.97,8892260.0
740,2022-11-17,16.07,16.46,15.12,16.3,9156735.0
741,2022-11-18,16.74,16.78,15.98,16.07,3458890.0
742,2022-11-21,15.96,16.08,15.67,15.96,2912300.0
743,2022-11-22,15.88,15.89,15.0,15.25,3944847.0
744,2022-11-23,15.21,15.31,14.74,15.14,4955011.0
745,2022-11-25,15.21,15.26,15.03,15.19,3022234.0
746,2022-11-28,15.06,15.31,14.64,14.68,5435152.0
747,2022-11-29,14.77,15.44,14.77,15.18,2969525.0
748,2022-11-30,15.16,16.24,15.16,16.2,5079171.0
749,2022-12-01,16.19,16.54,16.06,16.2,3673196.0
750,2022-12-02,16.06,17.25,16.05,17.06,4527261.0
751,2022-12-05,16.83,17.01,16.06,16.13,4206007.0
752,2022-12-06,16.24,16.35,15.59,15.63,3807493.0
753,2022-12-07,15.56,15.59,14.98,15.27,4170301.0
754,2022-12-08,15.27,15.39,14.42,14.59,4940950.0
755,2022-12-09,14.4,14.93,14.01,14.59,4453661.0
756,2022-12-12,14.09,14.41,13.81,14.29,3661067.0
757,2022-12-13,14.67,14.94,13.66,13.82,5903712.0
758,2022-12-14,13.08,13.71,12.96,13.39,12257427.0
759,2022-12-15,13.19,13.41,12.76,12.88,4527521.0
760,2022-12-16,12.79,12.96,12.6,12.68,4863670.0
761,2022-12-19,12.68,13.02,12.46,12.88,5166809.0
762,2022-12-20,13.22,14.06,13.19,13.77,4485148.0
763,2022-12-21,13.77,14.09,13.56,14.08,2869874.0
764,2022-12-22,13.96,14.14,13.29,13.66,2177026.0
765,2022-12-23,14.08,14.33,13.91,14.21,2525454.0
766,2022-12-27,13.56,13.84,13.18,13.24,2999803.0
767,2022-12-28,13.43,13.67,13.2,13.59,3796018.0
768,2022-12-29,13.81,13.99,13.43,13.94,2433370.0
769,2022-12-30,13.77,14.09,13.72,14.03,1275338.0
770,2023-01-03,13.19,13.52,12.5,12.51,5741729.0
771,2023-01-04,12.61,13.03,12.52,12.92,2760586.0
772,2023-01-05,12.76,12.88,12.45,12.66,2772463.0
773,2023-01-06,12.93,13.52,12.93,13.46,3143673.0
774,2023-01-09,13.4,14.09,13.26,13.76,3036978.0
775,2023-01-10,14.2,14.32,13.84,14.25,4075547.0
776,2023-01-11,14.21,14.81,14.17,14.73,6301463.0
777,2023-01-12,14.81,15.71,14.58,15.55,6120321.0
778,2023-01-13,15.36,15.72,15.28,15.34,3277163.0
779,2023-01-17,14.47,14.94,14.38,14.87,3287282.0
780,2023-01-18,15.1,15.57,14.98,14.99,3555362.0
781,2023-01-19,14.93,15.43,14.92,15.35,4544136.0
782,2023-01-20,15.2,15.86,15.18,15.72,3024542.0
783,2023-01-23,16.04,16.53,15.74,16.32,4374511.0
784,2023-01-24,16.28,16.52,16.08,16.44,2670677.0
785,2023-01-25,16.25,16.39,15.95,16.25,2687501.0
786,2023-01-26,16.39,16.7,16.16,16.54,2306540.0
787,2023-01-27,15.96,16.82,15.9,16.8,3553578.0
788,2023-01-30,16.57,17.04,16.51,16.66,3925587.0
789,2023-01-31,16.68,16.99,16.38,16.51,4842359.0
790,2023-02-01,16.48,16.63,15.9,16.27,2978245.0
791,2023-02-02,16.67,16.93,16.36,16.49,2329772.0
792,2023-02-03,15.92,16.48,15.88,16.14,5814584.0
793,2023-02-06,15.69,16.21,15.59,15.73,2496712.0
794,2023-02-07,15.71,15.74,15.0,15.24,4397514.0
795,2023-02-08,15.12,15.43,15.04,15.22,4704137.0
796,2023-02-09,15.26,15.28,14.24,14.26,3671606.0
797,2023-02-10,14.26,14.44,13.97,14.35,5220656.0
798,2023-02-13,14.5,14.99,14.43,14.76,3587038.0
799,2023-02-14,14.69,14.78,14.51,14.67,3394152.0
800,2023-02-15,14.6,15.05,14.53,14.89,3509763.0
801,2023-02-16,14.54,14.81,13.96,14.58,7486978.0
802,2023-02-17,12.19,12.25,11.09,11.6,32507995.0
803,2023-02-21,11.65,12.75,11.65,12.0,8337029.0
804,2023-02-22,11.97,12.15,11.48,11.86,7730166.0
805,2023-02-23,12.04,12.17,11.77,11.93,5184139.0
806,2023-02-24,11.7,11.78,11.41,11.64,4316516.0
807,2023-02-27,11.64,11.65,11.03,11.05,8407645.0
808,2023-02-28,11.04,11.2,10.8,11.11,6477126.0
809,2023-03-01,11.04,11.12,10.39,10.63,8545243.0
810,2023-03-02,10.33,10.53,10.17,10.2,7290952.0
811,2023-03-03,10.21,10.52,10.15,10.18,5350907.0
812,2023-03-06,10.2,10.86,10.16,10.61,6126701.0
813,2023-03-07,10.56,10.68,10.31,10.63,4968148.0
814,2023-03-08,11.05,11.67,10.93,11.6,12145860.0
815,2023-03-09,11.69,11.83,11.02,11.04,6358730.0
816,2023-03-10,10.69,10.7,9.99,10.01,7809013.0
817,2023-03-13,9.69,9.99,9.39,9.63,7204279.0
818,2023-03-14,10.03,10.15,9.43,9.61,8848117.0
819,2023-03-15,9.25,9.66,8.99,9.65,6382459.0
820,2023-03-16,9.57,10.48,9.49,10.32,10863305.0
821,2023-03-17,10.36,10.7,9.93,10.61,8982251.0
822,2023-03-20,10.67,10.67,10.01,10.16,5412678.0
823,2023-03-21,10.31,10.57,10.25,10.47,5170575.0
824,2023-03-22,10.55,10.61,10.05,10.07,5385936.0
825,2023-03-23,10.23,10.26,9.2,9.34,4974308.0
826,2023-03-24,9.26,9.85,9.22,9.61,3090016.0
827,2023-03-27,9.91,10.17,9.69,9.91,5479567.0
828,2023-03-28,9.95,10.69,9.95,10.61,7351265.0
829,2023-03-29,10.63,10.76,10.35,10.58,4037538.0
830,2023-03-30,11.07,11.27,10.64,10.73,4691909.0
831,2023-03-31,10.66,10.94,10.33,10.56,7586574.0
832,2023-04-03,10.44,10.47,9.81,9.85,4526136.0
833,2023-04-04,9.94,10.01,9.54,9.6,3587976.0
834,2023-04-05,9.48,9.76,9.41,9.69,6978539.0
835,2023-04-06,9.7,9.76,9.46,9.52,3159686.0
836,2023-04-10,9.48,9.7,9.41,9.63,3408982.0
837,2023-04-11,10.31,11.08,10.08,10.99,17689871.0
838,2023-04-12,11.24,12.05,11.16,11.61,18534167.0
839,2023-04-13,11.81,12.88,11.77,12.58,11683604.0
840,2023-04-14,12.44,12.96,12.31,12.56,6094871.0
841,2023-04-17,12.53,12.62,12.28,12.42,2524005.0
842,2023-04-18,12.34,12.75,12.27,12.74,3940779.0
843,2023-04-19,12.43,12.44,11.8,12.08,7913634.0
844,2023-04-20,11.97,12.37,11.95,12.24,2652257.0
845,2023-04-21,12.2,12.22,11.97,12.14,1068950.0
846,2023-04-24,12.34,12.53,12.1,12.42,2534703.0
847,2023-04-25,12.28,12.36,11.93,12.2,3740044.0
848,2023-04-26,11.85,12.15,11.47,12.0,6003262.0
849,2023-04-27,12.15,12.97,12.14,12.73,5701328.0
850,2023-04-28,12.64,13.2,12.55,12.98,3741450.0
851,2023-05-01,13.02,13.09,12.54,12.84,1689263.0
852,2023-05-02,12.73,12.84,11.92,12.0,3847169.0
853,2023-05-03,12.07,12.41,12.04,12.11,2565361.0
854,2023-05-04,12.28,12.75,11.98,12.56,4879829.0
855,2023-05-05,12.91,13.64,12.71,13.6,8064472.0
856,2023-05-08,13.45,13.77,13.37,13.56,4564356.0
857,2023-05-09,13.5,14.17,13.4,13.82,5517557.0
858,2023-05-10,14.01,14.45,13.91,14.37,7332972.0
859,2023-05-11,14.39,14.39,14.1,14.22,4405716.0
860,2023-05-12,14.07,14.21,13.9,14.07,3507171.0
861,2023-05-15,14.14,14.75,14.07,14.44,8515120.0
862,2023-05-16,15.39,15.91,14.31,14.65,9637822.0
863,2023-05-17,14.75,15.5,14.17,15.42,12316269.0
864,2023-05-18,15.09,15.2,14.67,15.12,6045974.0
865,2023-05-19,15.12,16.03,15.07,15.96,9171282.0
866,2023-05-22,15.97,16.65,15.94,16.38,8453255.0
867,2023-05-23,16.47,17.18,16.18,16.2,9309806.0
868,2023-05-24,16.47,16.71,16.25,16.4,6514568.0
869,2023-05-25,16.94,17.29,16.78,17.1,5331585.0
870,2023-05-26,17.22,17.84,16.89,17.6,5371745.0
871,2023-05-30,17.62,17.62,16.57,16.72,4855817.0
872,2023-05-31,16.56,16.79,16.26,16.34,4965772.0
873,2023-06-01,16.57,16.76,16.41,16.73,9243893.0
874,2023-06-02,17.12,17.98,17.12,17.71,3740171.0
875,2023-06-05,17.62,17.68,17.14,17.57,2893881.0
876,2023-06-06,17.74,18.75,17.74,18.03,11140178.0
877,2023-06-07,18.17,18.68,17.88,18.66,11807522.0
878,2023-06-08,18.64,19.39,18.5,19.21,3405193.0
879,2023-06-09,19.25,19.89,19.12,19.24,9307477.0
880,2023-06-12,19.34,20.02,19.22,19.88,4626118.0
881,2023-06-13,20.02,20.08,19.06,19.11,4892658.0
882,2023-06-14,19.19,19.91,19.17,19.83,4689481.0
883,2023-06-15,19.83,20.57,19.82,20.55,4236379.0
884,2023-06-16,20.26,21.26,20.21,20.82,4860725.0
885,2023-06-20,21.73,22.48,21.23,22.31,7722143.0
886,2023-06-21,22.31,23.43,21.97,23.21,6150388.0
887,2023-06-22,23.33,23.33,22.31,22.33,9893749.0
888,2023-06-23,21.95,22.62,21.9,22.14,25333845.0
889,2023-06-26,21.86,22.3,21.57,21.72,14075840.0
890,2023-06-27,21.58,21.58,20.37,21.14,9233300.0
891,2023-06-28,21.11,21.69,21.04,21.31,4368767.0
892,2023-06-29,21.67,22.09,21.48,21.72,3586407.0
893,2023-06-30,22.05,22.68,22.02,22.15,3942424.0
894,2023-07-03,22.28,22.73,22.06,22.42,2887929.0
895,2023-07-05,22.19,22.49,21.89,22.26,3181513.0
896,2023-07-06,21.85,22.02,21.32,21.43,3868397.0
897,2023-07-07,21.85,22.57,21.85,22.34,5196010.0
898,2023-07-10,21.87,22.04,21.35,21.44,4815967.0
899,2023-07-11,21.21,21.96,20.71,21.84,4228560.0
900,2023-07-12,22.4,22.78,21.96,22.08,2951942.0
901,2023-07-13,22.36,22.66,21.8,21.96,4378187.0
902,2023-07-14,21.85,21.99,21.19,21.55,4823200.0
903,2023-07-17,21.62,22.16,21.42,22.14,2137241.0
904,2023-07-18,22.22,23.09,22.04,22.52,9871317.0
905,2023-07-19,22.2,22.72,22.14,22.51,4272615.0
906,2023-07-20,22.76,24.06,22.64,23.88,10379224.0
907,2023-07-21,24.34,25.14,24.04,24.98,5773802.0
908,2023-07-24,25.1,25.91,24.81,25.67,6021208.0
909,2023-07-25,26.02,26.36,25.19,25.41,3938395.0
910,2023-07-26,25.51,26.1,25.42,25.97,2669466.0
911,2023-07-27,25.94,25.97,24.98,25.09,3206524.0
912,2023-07-28,25.62,25.69,24.69,25.09,4462611.0
913,2023-07-31,25.83,26.03,25.31,25.7,3122848.0
914,2023-08-01,25.2,25.69,24.59,25.52,2927462.0
915,2023-08-02,25.07,25.31,24.37,25.12,3304328.0
916,2023-08-03,25.48,26.05,24.68,25.19,6670581.0
917,2023-08-04,25.25,25.52,24.6,25.05,3598801.0
918,2023-08-07,25.18,25.26,24.63,24.86,3355448.0
919,2023-08-08,24.38,24.95,23.84,24.94,3171649.0
920,2023-08-09,24.89,24.93,24.41,24.63,3092920.0
921,2023-08-10,24.86,25.54,24.24,24.36,4117450.0
922,2023-08-11,24.19,24.4,23.86,24.01,3869170.0
923,2023-08-14,23.59,24.17,23.26,24.09,4071321.0
924,2023-08-15,24.03,24.69,22.66,23.42,6670012.0
925,2023-08-16,23.44,24.29,23.34,23.46,4618901.0
926,2023-08-17,23.7,23.7,22.27,22.32,4926226.0
927,2023-08-18,22.79,23.75,22.57,23.57,3664092.0
928,2023-08-21,23.81,24.19,23.38,24.1,3484559.0
929,2023-08-22,24.61,25.0,24.35,24.91,3294742.0
930,2023-08-23,25.13,26.4,25.07,26.15,4631903.0
931,2023-08-24,26.15,26.2,24.75,24.94,4803299.0
932,2023-08-25,24.81,24.81,23.99,24.41,4336894.0
933,2023-08-28,24.42,24.73,24.25,24.57,3585529.0
934,2023-08-29,24.38,25.27,24.25,25.19,5053042.0
935,2023-08-30,25.08,25.27,24.59,24.83,3271599.0
936,2023-08-31,24.78,24.78,23.75,24.03,3670737.0
937,2023-09-01,24.24,25.35,24.23,25.04,9526155.0
938,2023-09-05,24.84,24.91,23.93,24.15,3976704.0
939,2023-09-06,24.17,24.66,23.48,23.95,5458757.0
940,2023-09-07,23.77,24.03,23.38,23.77,2896537.0
941,2023-09-08,23.74,24.06,22.96,23.56,9953175.0
942,2023-09-11,23.9,24.26,23.3,24.2,6251382.0
943,2023-09-12,24.03,24.82,23.9,24.34,2517254.0
944,2023-09-13,24.71,25.55,24.65,25.13,4781210.0
945,2023-09-14,25.02,25.12,24.48,24.93,5182684.0
946,2023-09-15,25.0,26.24,24.9,25.63,34686296.0
947,2023-09-18,25.45,25.94,25.04,25.72,4097223.0
948,2023-09-19,25.65,25.71,24.65,24.66,3432501.0
949,2023-09-20,24.81,25.06,24.41,24.44,3576401.0
950,2023-09-21,23.02,23.37,22.67,22.84,5626651.0
951,2023-09-22,22.97,23.13,22.59,22.65,2919065.0
952,2023-09-25,22.5,22.68,22.23,22.5,3821036.0
953,2023-09-26,22.17,22.53,21.79,21.99,4864200.0
954,2023-09-27,22.12,22.13,20.96,21.36,8214860.0
955,2023-09-28,21.28,22.31,21.28,22.25,4298213.0
956,2023-09-29,22.63,22.65,22.21,22.32,2722160.0
957,2023-10-02,22.09,22.54,21.95,22.17,3667531.0
958,2023-10-03,21.98,22.03,20.57,20.66,12230917.0
959,2023-10-04,20.86,21.42,20.56,21.3,4930248.0
960,2023-10-05,21.29,21.59,20.9,21.53,3520459.0
961,2023-10-06,20.94,21.31,20.17,21.23,5266908.0
962,2023-10-09,20.97,21.35,20.63,21.23,2942744.0
963,2023-10-10,21.5,21.88,21.21,21.58,3752672.0
964,2023-10-11,21.74,21.86,20.87,21.2,3591891.0
965,2023-10-12,21.24,21.35,20.52,20.66,2523870.0
966,2023-10-13,20.8,20.84,20.19,20.68,3962371.0
967,2023-10-16,20.9,21.04,20.43,20.83,4113461.0
968,2023-10-17,20.5,20.97,20.22,20.65,4089550.0
969,2023-10-18,20.44,20.44,19.62,20.01,4982362.0
970,2023-10-19,20.06,20.5,19.89,20.15,4762693.0
971,2023-10-20,20.08,20.58,19.845,20.41,3794985.0
972,2023-10-23,20.28,20.875,20.03,20.7,3029405.0
973,2023-10-24,20.92,21.12,20.071,20.14,3152201.0
974,2023-10-25,19.34,19.37,18.69,19.31,7881129.0
975,2023-10-26,19.34,19.97,19.325,19.76,3313948.0
976,2023-10-27,20.01,20.14,19.405,19.56,2334324.0
977,2023-10-30,19.89,19.92,18.785,18.83,5674080.0
978,2023-10-31,18.91,19.3675,18.81,19.27,2824343.0
979,2023-11-01,19.52,19.73,19.24,19.6,3188263.0
980,2023-11-02,19.26,19.935,19.26,19.91,5205872.0
981,2023-11-03,20.53,21.39,20.45,20.74,4494161.0
982,2023-11-06,20.73,20.7375,19.955,20.15,2310608.0
983,2023-11-07,20.6,21.41,20.21,21.39,5185708.0
984,2023-11-08,21.36,21.62,21.075,21.16,4205753.0
985,2023-11-09,21.22,21.455,20.61,20.81,3514521.0
986,2023-11-10,21.11,21.84,20.95,21.65,4360532.0
987,2023-11-13,21.39,22.49,21.06,21.49,6526981.0
988,2023-11-14,22.77,22.95,21.47,21.66,8141959.0
989,2023-11-15,21.81,23.125,21.81,22.68,5131971.0
990,2023-11-16,22.36,22.91,22.02,22.58,7406664.0
991,2023-11-17,22.65,23.19,22.3,22.74,6814656.0
992,2023-11-20,22.84,23.115,22.395,22.74,3378041.0
993,2023-11-21,22.24,22.39,21.81,22.17,5018496.0
994,2023-11-22,22.44,22.805,22.275,22.46,2771492.0
995,2023-11-24,22.32,22.75,22.32,22.61,2997009.0
996,2023-11-27,22.65,22.78,22.26,22.39,4014728.0
997,2023-11-28,22.46,23.385,22.36,22.76,6014810.0
998,2023-11-29,22.75,23.105,22.66,22.68,5583823.0
999,2023-11-30,22.27,22.69,22.09,22.56,5171673.0
1000,2023-12-01,22.57,23.425,22.38,23.19,4498872.0
1001,2023-12-04,22.97,23.06,21.82,21.96,3894410.0
1002,2023-12-05,22.8,23.56,22.66,23.15,5957901.0
1003,2023-12-06,23.27,23.45,22.56,22.91,4902021.0
1004,2023-12-07,22.95,23.47,22.745,23.37,4820896.0
1005,2023-12-08,23.19,23.825,23.01,23.1,5871637.0
1006,2023-12-11,22.95,23.05,22.46,22.59,5852607.0
1007,2023-12-12,22.8,22.875,22.09,22.44,4956416.0
1008,2023-12-13,22.78,23.815,22.64,23.63,12710083.0
1009,2023-12-14,24.76,25.905,24.75,25.34,12232762.0
1010,2023-12-15,25.26,25.89,23.93,24.54,36524844.0
1011,2023-12-18,25.3,26.47,25.09,26.02,7274894.0
1012,2023-12-19,26.5,27.025,26.31,26.65,5993236.0
1013,2023-12-20,26.58,26.71,25.865,25.94,4472612.0
1014,2023-12-21,26.32,26.54,25.645,25.92,3810179.0
1015,2023-12-22,26.08,26.18,25.53,26.16,3546239.0
1016,2023-12-26,26.11,26.37,26.07,26.32,2074875.0
1017,2023-12-27,26.28,26.84,26.25,26.78,2869694.0
1018,2023-12-28,26.67,26.705,26.32,26.35,1969789.0
1019,2023-12-29,26.4,26.43,26.025,26.07,1056013.0
1020,2024-01-02,25.85,25.97,25.325,25.58,3769292.0
1021,2024-01-03,25.15,25.385,24.94,25.0,4764165.0
1022,2024-01-04,24.21,24.94,24.1,24.33,3902111.0
1023,2024-01-05,25.09,25.365,24.745,25.17,6381325.0
1024,2024-01-08,25.38,26.335,25.18,26.3,3913983.0
1025,2024-01-09,25.74,25.87,24.861,24.95,4929253.0
1026,2024-01-10,24.99,25.145,24.63,25.02,4197853.0
1027,2024-01-11,25.11,25.305,24.715,25.22,3734620.0
1028,2024-01-12,25.69,26.18,25.645,25.81,3513946.0
1029,2024-01-16,25.54,25.87,25.35,25.5,3806689.0
1030,2024-01-17,25.23,25.49,24.87,25.47,3893149.0
1031,2024-01-18,25.42,25.47,24.74,25.01,3233174.0
1032,2024-01-19,24.76,25.36,24.62,25.35,3787196.0
1033,2024-01-22,25.12,25.76,24.91,25.49,6812283.0
1034,2024-01-23,25.77,25.95,25.09,25.24,3882026.0
1035,2024-01-24,25.78,26.7763,25.26,25.47,9862835.0
1036,2024-01-25,25.6,25.61,24.68,25.36,5142474.0
1037,2024-01-26,25.24,26.135,25.07,25.77,4035495.0
1038,2024-01-29,25.7,26.51,25.7,26.26,6052626.0
1039,2024-01-30,26.07,26.07,25.0,25.01,6503729.0
1040,2024-01-31,25.4,25.49,24.43,24.58,6082933.0
1041,2024-02-01,24.73,25.235,24.5425,25.2,4430085.0
1042,2024-02-02,24.93,26.28,24.89,26.26,5353648.0
1043,2024-02-05,26.03,26.1,24.94,25.29,4486404.0
1044,2024-02-06,25.6,25.67,24.99,25.15,4555138.0
