,date,open,high,low,close,volume
0,2016-11-01,21.79,24.41,21.28,23.47,87638043.0
1,2016-11-02,23.78,24.68,23.47,23.87,15955047.0
2,2016-11-03,24.06,24.38,23.92,24.13,7705626.0
3,2016-11-04,24.26,25.42,24.13,24.86,9971811.0
4,2016-11-07,25.15,25.94,23.63,23.99,12850569.0
5,2016-11-08,23.26,24.54,22.89,23.99,11445072.0
6,2016-11-09,23.24,23.89,23.24,23.28,8522252.0
7,2016-11-10,23.54,24.06,23.13,23.28,8073214.0
8,2016-11-11,23.11,25.31,23.11,24.26,7137154.0
9,2016-11-14,24.37,24.66,22.96,23.16,4945536.0
10,2016-11-15,23.18,23.93,22.78,23.84,8663073.0
11,2016-11-16,23.68,24.89,23.68,24.22,4773691.0
12,2016-11-17,24.44,24.49,24.21,24.37,2739245.0
13,2016-11-18,24.42,25.9,24.31,25.53,4080359.0
14,2016-11-21,25.44,26.27,25.25,26.2,3345615.0
15,2016-11-22,26.24,27.65,26.24,27.26,6464906.0
16,2016-11-23,27.03,27.55,26.36,27.07,2750967.0
17,2016-11-25,27.06,27.16,24.97,26.73,2468737.0
18,2016-11-28,26.59,26.66,25.5,25.63,3868401.0
19,2016-11-29,25.68,25.98,25.09,25.87,3000853.0
20,2016-11-30,25.87,26.05,25.04,25.4,7216836.0
21,2016-12-01,25.48,25.86,25.1,25.53,3473721.0
22,2016-12-02,25.15,26.07,24.78,25.43,2804824.0
23,2016-12-05,25.51,25.82,25.27,25.28,2724151.0
24,2016-12-06,25.33,25.67,24.95,25.63,8361582.0
25,2016-12-07,25.55,25.76,25.18,25.3,3596309.0
26,2016-12-08,25.47,25.57,24.72,25.3,4637338.0
27,2016-12-09,25.22,25.72,25.2,25.28,2989380.0
28,2016-12-12,25.03,25.12,23.6,23.73,3767085.0
29,2016-12-13,23.76,24.54,23.57,24.3,2688462.0
30,2016-12-14,23.96,25.22,23.96,24.32,1795161.0
31,2016-12-15,23.76,24.38,23.51,23.68,2210073.0
32,2016-12-16,23.57,23.7,23.18,23.46,3376025.0
33,2016-12-19,23.3,23.77,22.96,23.2,5160065.0
34,2016-12-20,23.18,24.3,22.98,23.95,2797700.0
35,2016-12-21,23.81,24.27,23.78,23.91,1179882.0
36,2016-12-22,23.68,23.85,23.27,23.44,1095284.0
37,2016-12-23,23.34,23.63,23.14,23.29,923857.0
38,2016-12-27,23.06,23.41,23.06,23.15,2228898.0
39,2016-12-28,23.14,23.29,23.06,23.27,1577235.0
40,2016-12-29,23.1,23.49,23.1,23.28,606746.0
41,2016-12-30,23.33,23.49,23.13,23.4,975755.0
42,2017-01-03,23.79,23.83,23.3,23.52,1438484.0
43,2017-01-04,23.6,23.97,23.38,23.9,1191058.0
44,2017-01-05,24.19,24.43,23.89,24.27,1310276.0
45,2017-01-06,24.13,24.24,23.38,23.44,1794622.0
46,2017-01-09,23.47,23.85,23.12,23.33,1432218.0
47,2017-01-10,23.35,23.82,23.21,23.46,2364111.0
48,2017-01-11,23.23,23.42,23.04,23.34,2585906.0
49,2017-01-12,23.09,23.35,23.07,23.27,1659362.0
50,2017-01-13,23.27,23.36,23.08,23.25,1886263.0
51,2017-01-17,23.62,24.23,23.57,23.95,2631720.0
52,2017-01-18,23.89,24.22,23.67,23.77,2112855.0
53,2017-01-19,23.63,23.92,23.18,23.28,2199473.0
54,2017-01-20,23.24,23.68,23.21,23.33,1592795.0
55,2017-01-23,23.46,24.13,23.33,23.99,1525249.0
56,2017-01-24,24.41,24.63,23.96,24.2,1975060.0
57,2017-01-25,24.22,24.56,23.82,24.28,2033371.0
58,2017-01-26,24.3,25.7,24.18,25.27,3032823.0
59,2017-01-27,25.28,25.49,25.09,25.33,2069874.0
60,2017-01-30,25.01,25.26,24.68,25.0,1592288.0
61,2017-01-31,24.75,26.0,24.52,24.76,1941033.0
62,2017-02-01,24.68,25.07,24.56,24.84,1785193.0
63,2017-02-02,24.66,25.98,24.61,25.77,2089727.0
64,2017-02-03,25.65,25.84,25.4,25.71,2014287.0
65,2017-02-06,25.95,26.63,25.76,26.07,2565061.0
66,2017-02-07,26.08,26.39,25.16,25.38,3546044.0
67,2017-02-08,25.52,25.52,23.93,24.41,3598990.0
68,2017-02-09,24.66,24.68,23.77,24.24,5458048.0
69,2017-02-10,24.23,24.56,23.59,23.84,3485252.0
70,2017-02-13,23.89,25.08,23.7,24.54,3808900.0
71,2017-02-14,24.58,24.71,23.79,23.91,2575106.0
72,2017-02-15,23.9,23.96,23.51,23.93,2196872.0
73,2017-02-16,24.02,24.37,23.93,24.13,1805355.0
74,2017-02-17,24.11,24.22,23.73,23.85,2160034.0
75,2017-02-21,24.18,24.21,23.77,24.03,1848353.0
76,2017-02-22,24.11,24.37,23.78,24.05,2679814.0
77,2017-02-23,24.14,24.37,23.85,24.05,2698426.0
78,2017-02-24,24.19,24.68,24.09,24.27,1976845.0
79,2017-02-27,24.07,24.46,23.61,24.28,2898390.0
80,2017-02-28,24.35,24.42,23.73,23.87,6440988.0
81,2017-03-01,24.08,24.13,23.76,23.78,2553790.0
82,2017-03-02,23.59,23.77,23.46,23.69,2358848.0
83,2017-03-03,23.63,24.02,23.63,23.79,1538454.0
84,2017-03-06,23.88,23.92,23.44,23.59,2940464.0
85,2017-03-07,23.59,23.65,23.28,23.29,3218042.0
86,2017-03-08,23.33,23.78,23.33,23.66,1857513.0
87,2017-03-09,23.57,23.82,23.41,23.48,1311285.0
88,2017-03-10,23.63,23.94,23.37,23.63,1818149.0
89,2017-03-13,23.67,23.95,23.65,23.76,1771675.0
90,2017-03-14,23.66,23.79,23.21,23.28,1863025.0
91,2017-03-15,23.3,23.33,22.81,23.14,2591974.0
92,2017-03-16,23.14,23.6,23.14,23.51,2085827.0
93,2017-03-17,23.39,23.63,23.38,23.56,2899346.0
94,2017-03-20,23.65,24.36,23.58,24.21,6310811.0
95,2017-03-21,24.21,24.38,23.71,23.95,3903822.0
96,2017-03-22,23.83,24.32,23.81,24.12,2540277.0
97,2017-03-23,24.08,24.1,23.59,23.6,1909467.0
98,2017-03-24,23.5,23.64,23.38,23.42,2698962.0
99,2017-03-27,23.37,23.81,23.35,23.74,1803820.0
100,2017-03-28,23.68,24.04,23.68,23.83,2952281.0
101,2017-03-29,23.87,24.07,23.77,23.89,3001189.0
102,2017-03-30,23.91,23.97,23.61,23.8,4001264.0
103,2017-03-31,23.78,24.5,23.62,24.48,3286355.0
104,2017-04-03,24.45,24.65,24.4,24.48,2686620.0
105,2017-04-04,24.48,25.33,24.47,25.24,3299403.0
106,2017-04-05,25.21,26.0,25.14,25.46,4933480.0
107,2017-04-06,28.73,29.4,27.68,28.04,14625224.0
108,2017-04-07,28.06,28.6,27.95,28.43,6870064.0
109,2017-04-10,28.42,28.84,28.08,28.63,4628268.0
110,2017-04-11,28.73,29.85,28.69,29.78,4381390.0
111,2017-04-12,29.68,30.06,29.65,29.92,3612890.0
112,2017-04-13,29.82,30.4,29.73,30.27,2506343.0
113,2017-04-17,30.33,30.38,29.87,30.22,2861085.0
114,2017-04-18,30.14,30.49,29.92,30.04,4145673.0
115,2017-04-19,30.18,30.38,30.0,30.29,3386848.0
116,2017-04-20,30.48,30.56,29.84,30.36,3081069.0
117,2017-04-21,30.28,30.35,29.85,30.03,2787664.0
118,2017-04-24,30.12,30.66,30.08,30.6,2468626.0
119,2017-04-25,30.7,31.02,30.46,30.98,3275097.0
120,2017-04-26,30.95,31.78,30.87,31.67,2538059.0
121,2017-04-27,31.78,31.92,31.47,31.53,1872379.0
122,2017-04-28,31.6,31.93,31.31,31.4,1418395.0
123,2017-05-01,31.4,31.92,31.35,31.85,1434021.0
124,2017-05-02,31.99,32.62,31.82,32.06,1940754.0
125,2017-05-03,32.23,32.42,31.69,32.36,1419481.0
126,2017-05-04,32.47,32.85,31.62,31.78,2418566.0
127,2017-05-05,31.31,31.34,30.43,31.11,1944265.0
128,2017-05-08,31.08,31.17,30.57,31.06,2564614.0
129,2017-05-09,31.01,31.43,31.01,31.38,1251963.0
130,2017-05-10,31.46,32.18,31.37,32.08,3387833.0
131,2017-05-11,31.91,31.91,31.45,31.58,2441582.0
132,2017-05-12,31.41,32.03,31.41,31.8,2276969.0
133,2017-05-15,31.72,31.8,31.01,31.08,2348484.0
134,2017-05-16,31.62,32.54,31.44,32.32,3240071.0
135,2017-05-17,31.96,32.48,31.9,31.92,2260350.0
136,2017-05-18,31.58,33.24,31.58,32.87,1988753.0
137,2017-05-19,33.38,33.76,33.19,33.63,2116725.0
138,2017-05-22,33.6,34.45,33.49,34.19,5030920.0
139,2017-05-23,34.28,35.08,34.23,34.95,2668355.0
140,2017-05-24,34.98,35.19,34.57,34.77,2387209.0
141,2017-05-25,34.97,35.33,34.89,35.06,1816819.0
142,2017-05-26,35.02,35.77,34.98,35.04,1936998.0
143,2017-05-30,35.04,35.8,35.01,35.13,2994512.0
144,2017-05-31,35.0,35.98,34.89,35.69,10212395.0
145,2017-06-01,35.85,37.57,35.76,37.28,6330504.0
146,2017-06-02,37.53,37.56,36.8,37.22,3820849.0
147,2017-06-05,37.24,37.78,36.99,37.73,2212569.0
148,2017-06-06,37.83,38.3,37.58,38.03,2737702.0
149,2017-06-07,38.09,39.0,38.09,38.98,2564018.0
150,2017-06-08,39.2,39.4,37.7,38.03,4647433.0
151,2017-06-09,37.68,38.15,36.91,37.07,3615284.0
152,2017-06-12,36.95,36.96,35.2,36.66,5451735.0
153,2017-06-13,36.96,37.28,36.59,37.01,2421403.0
154,2017-06-14,36.92,37.01,36.44,36.98,2189941.0
155,2017-06-15,36.69,37.0,36.39,36.96,1753999.0
156,2017-06-16,37.01,37.39,36.78,37.16,3680646.0
157,2017-06-19,37.68,37.86,37.2,37.79,2221411.0
158,2017-06-20,37.9,37.96,37.28,37.41,2881630.0
159,2017-06-21,37.42,38.08,37.29,37.86,2673342.0
160,2017-06-22,38.12,38.18,37.36,37.65,1877755.0
161,2017-06-23,37.74,37.93,37.18,37.27,7244558.0
162,2017-06-26,37.57,38.13,37.41,37.72,2204762.0
163,2017-06-27,37.57,37.57,36.66,36.72,1491749.0
164,2017-06-28,36.84,37.05,36.32,36.72,2684299.0
165,2017-06-29,36.53,36.62,35.7,36.09,2967112.0
166,2017-06-30,36.46,36.91,35.99,36.71,2438964.0
167,2017-07-03,36.68,37.73,36.43,37.55,2015076.0
168,2017-07-05,37.83,37.87,36.68,37.41,4446568.0
169,2017-07-06,33.72,33.78,30.84,32.23,15761802.0
170,2017-07-07,33.28,34.92,32.91,34.6,13551664.0
171,2017-07-10,34.58,34.89,34.12,34.6,7158715.0
172,2017-07-11,34.73,35.06,34.4,34.59,1454481.0
173,2017-07-12,34.92,35.14,34.49,34.81,1445089.0
174,2017-07-13,34.82,34.88,34.07,34.34,1812363.0
175,2017-07-14,34.36,34.83,34.28,34.35,891177.0
176,2017-07-17,34.3,34.6,34.11,34.34,843351.0
177,2017-07-18,34.29,34.51,34.19,34.34,1095256.0
178,2017-07-19,34.49,35.26,34.28,34.33,1589309.0
179,2017-07-20,34.56,34.92,34.25,34.74,1189335.0
180,2017-07-21,34.81,34.99,34.29,34.45,753333.0
181,2017-07-24,34.43,34.78,34.27,34.46,768488.0
182,2017-07-25,34.7,34.76,33.98,34.08,1073110.0
183,2017-07-26,34.08,34.18,33.6,33.79,1613500.0
184,2017-07-27,33.78,34.18,33.2,33.49,4556987.0
185,2017-07-28,33.32,33.46,33.08,33.15,986757.0
186,2017-07-31,33.08,33.64,32.99,33.07,2839355.0
187,2017-08-01,33.36,33.91,33.13,33.74,981180.0
188,2017-08-02,33.79,34.25,33.32,34.13,751246.0
189,2017-08-03,34.15,34.28,33.81,34.09,749803.0
190,2017-08-04,34.16,34.53,33.92,34.41,555554.0
191,2017-08-07,34.29,34.84,33.97,34.45,639620.0
192,2017-08-08,34.64,34.82,34.39,34.44,767522.0
193,2017-08-09,34.34,34.91,34.06,34.55,1717346.0
194,2017-08-10,34.37,34.79,34.23,34.61,1525926.0
195,2017-08-11,34.42,35.37,34.17,35.08,1470536.0
196,2017-08-14,35.33,35.44,34.25,34.4,2065921.0
197,2017-08-15,34.48,35.03,34.48,34.51,1121058.0
198,2017-08-16,34.52,35.28,34.47,35.13,1854676.0
199,2017-08-17,35.03,35.48,34.51,34.52,1557039.0
200,2017-08-18,34.6,34.67,34.05,34.33,1628881.0
201,2017-08-21,34.45,34.75,34.25,34.66,994875.0
202,2017-08-22,34.88,35.21,34.34,34.38,1921521.0
203,2017-08-23,33.97,34.38,33.6,33.98,1343833.0
204,2017-08-24,34.12,34.15,33.41,33.55,2275255.0
205,2017-08-25,33.59,33.61,32.97,33.03,3160032.0
206,2017-08-28,33.18,33.35,32.7,32.93,4085832.0
207,2017-08-29,32.65,32.68,32.26,32.46,2337098.0
208,2017-08-30,32.59,32.71,32.41,32.42,2126018.0
209,2017-08-31,32.41,32.89,32.38,32.64,2903225.0
210,2017-09-01,32.79,33.17,32.75,33.08,3109143.0
211,2017-09-05,33.15,34.45,33.13,33.94,4607703.0
212,2017-09-06,33.98,34.04,33.16,33.21,2358933.0
213,2017-09-07,33.74,33.74,32.97,33.08,1497476.0
214,2017-09-08,33.08,33.18,32.78,32.91,1618974.0
215,2017-09-11,33.08,33.58,33.08,33.33,6208575.0
216,2017-09-12,33.42,33.68,33.28,33.46,1933837.0
217,2017-09-13,33.42,34.28,33.28,34.07,1910088.0
218,2017-09-14,34.08,34.72,33.97,34.24,3096704.0
219,2017-09-15,34.1,34.99,34.1,34.66,2694094.0
220,2017-09-18,35.25,37.26,35.11,36.14,3893765.0
221,2017-09-19,36.19,37.11,36.14,36.97,2645121.0
222,2017-09-20,36.97,37.64,36.97,37.47,2345155.0
223,2017-09-21,37.42,37.42,36.57,37.12,1692453.0
224,2017-09-22,37.12,37.43,36.84,36.99,2195535.0
225,2017-09-25,36.82,36.82,35.92,36.39,3638943.0
226,2017-09-26,36.3,37.09,36.3,36.97,1479575.0
227,2017-09-27,36.93,37.77,36.63,37.06,2549842.0
228,2017-09-28,36.88,37.38,36.74,37.18,1980485.0
229,2017-09-29,37.28,37.91,36.91,37.25,2094649.0
230,2017-10-02,37.13,37.74,37.06,37.67,1537925.0
231,2017-10-03,37.77,38.27,37.5,37.59,2244460.0
232,2017-10-04,37.59,37.93,37.06,37.17,2343307.0
233,2017-10-05,37.27,37.58,37.03,37.25,4611667.0
234,2017-10-06,37.98,38.38,36.5,38.1,8022639.0
235,2017-10-09,38.64,40.6,38.64,40.27,5168214.0
236,2017-10-10,40.28,40.75,39.46,39.79,4702631.0
237,2017-10-11,39.79,40.31,39.56,39.67,2849144.0
238,2017-10-12,39.92,40.71,36.59,40.22,3082215.0
239,2017-10-13,40.35,40.83,40.05,40.22,2277717.0
240,2017-10-16,40.23,40.41,39.81,39.94,1589786.0
241,2017-10-17,39.78,40.13,39.71,39.96,1974607.0
242,2017-10-18,40.13,40.25,39.74,39.74,1433386.0
243,2017-10-19,39.43,39.51,38.79,39.18,2270255.0
244,2017-10-20,39.28,39.6,39.21,39.43,2340732.0
245,2017-10-23,39.55,39.96,39.38,39.51,1712648.0
246,2017-10-24,39.71,39.81,37.96,38.22,3222696.0
247,2017-10-25,38.09,38.14,36.72,37.4,3548273.0
248,2017-10-26,37.57,38.23,37.57,37.89,2121076.0
249,2017-10-27,37.85,38.11,37.08,37.39,1285170.0
250,2017-10-30,37.28,37.92,37.28,37.71,2123758.0
251,2017-10-31,37.69,37.8,37.28,37.63,1543160.0
252,2017-11-01,37.75,38.13,37.16,37.17,1857155.0
253,2017-11-02,37.2,37.94,37.2,37.45,1926114.0
254,2017-11-03,37.56,39.13,37.56,39.09,3313941.0
255,2017-11-06,39.07,39.33,38.4,38.44,2513853.0
256,2017-11-07,38.39,38.68,38.22,38.48,1576607.0
257,2017-11-08,38.53,39.08,38.27,38.33,1677918.0
258,2017-11-09,38.1,38.46,37.71,38.34,1294034.0
259,2017-11-10,38.09,39.04,38.09,39.01,1360062.0
260,2017-11-13,39.04,39.74,38.76,39.41,1899472.0
261,2017-11-14,39.28,39.76,38.84,39.24,1376171.0
262,2017-11-15,39.21,39.21,38.06,38.73,1870100.0
263,2017-11-16,39.0,39.57,38.91,39.51,1167957.0
264,2017-11-17,39.59,40.2,39.06,39.78,1211172.0
265,2017-11-20,40.01,40.07,39.05,39.13,1139600.0
266,2017-11-21,39.2,39.38,38.52,38.96,1841316.0
267,2017-11-22,38.81,38.93,37.48,37.91,1917658.0
268,2017-11-24,38.07,38.32,37.7,38.0,1517523.0
269,2017-11-27,37.82,38.08,37.06,38.04,1572808.0
270,2017-11-28,37.98,38.62,37.64,38.51,2548401.0
271,2017-11-29,38.55,38.68,37.75,38.39,1725060.0
272,2017-11-30,38.24,38.46,37.75,38.21,5213958.0
273,2017-12-01,38.06,39.0,37.49,37.95,3146507.0
274,2017-12-04,38.2,38.52,37.69,38.43,3371894.0
275,2017-12-05,38.36,38.63,38.09,38.11,1308256.0
276,2017-12-06,37.99,38.47,37.28,37.34,1643443.0
277,2017-12-07,37.28,37.84,37.23,37.56,1213824.0
278,2017-12-08,37.82,38.78,37.69,38.19,1641783.0
279,2017-12-11,38.37,38.51,37.81,38.18,1085861.0
280,2017-12-12,38.09,38.44,37.88,37.94,724898.0
281,2017-12-13,37.86,38.42,37.84,38.0,1976609.0
282,2017-12-14,38.07,38.1,37.64,37.87,1285174.0
283,2017-12-15,37.8,38.86,37.53,37.92,1575806.0
284,2017-12-18,38.38,38.74,38.18,38.58,1290761.0
285,2017-12-19,38.78,39.77,38.59,39.39,1870565.0
286,2017-12-20,39.44,39.56,38.21,38.29,1147382.0
287,2017-12-21,38.97,39.09,38.31,38.47,789978.0
288,2017-12-22,38.31,38.78,38.03,38.25,881865.0
289,2017-12-26,37.87,37.87,36.85,36.93,990707.0
290,2017-12-27,37.08,37.77,36.78,37.57,1127792.0
291,2017-12-28,37.7,38.36,37.63,38.06,944912.0
292,2017-12-29,38.13,38.26,37.15,37.4,1233418.0
293,2018-01-02,37.52,38.29,37.33,38.01,1373309.0
294,2018-01-03,38.92,39.92,38.69,39.62,2435419.0
295,2018-01-04,39.88,40.47,39.75,39.88,2186273.0
296,2018-01-05,40.04,40.18,39.68,40.13,1895927.0
297,2018-01-08,40.13,40.22,39.88,40.06,1442818.0
298,2018-01-09,40.34,40.93,40.15,40.67,3306820.0
299,2018-01-10,40.85,40.88,39.68,40.06,2376600.0
300,2018-01-11,40.18,41.23,40.06,41.18,4504155.0
301,2018-01-12,41.72,43.53,41.72,43.24,4401431.0
302,2018-01-16,43.53,45.2,43.18,43.62,3074675.0
303,2018-01-17,43.62,44.55,42.63,42.92,2304502.0
304,2018-01-18,42.93,43.28,42.49,42.52,1541093.0
305,2018-01-19,42.77,43.39,42.65,43.35,2989690.0
306,2018-01-22,43.85,44.97,43.84,44.96,3044590.0
307,2018-01-23,44.99,45.43,44.7,45.32,2009416.0
308,2018-01-24,45.7,46.13,44.52,44.79,2376881.0
309,2018-01-25,43.98,45.17,43.75,44.88,1507090.0
310,2018-01-26,45.19,45.59,44.73,45.56,1551932.0
311,2018-01-29,45.29,45.48,44.38,44.42,2118965.0
312,2018-01-30,44.28,44.36,43.32,44.17,1511176.0
313,2018-01-31,44.53,44.73,43.7,43.77,1598025.0
314,2018-02-01,43.72,44.17,42.99,44.13,1573980.0
315,2018-02-02,44.11,44.11,42.89,42.93,1344065.0
316,2018-02-05,42.75,43.24,41.7,41.7,1599321.0
317,2018-02-06,40.88,41.58,39.88,41.27,2910927.0
318,2018-02-07,41.34,42.68,40.16,41.68,2588708.0
319,2018-02-08,39.28,41.45,38.35,38.38,6913442.0
320,2018-02-09,38.66,39.03,36.76,37.67,4345733.0
321,2018-02-12,38.17,38.5,37.1,37.18,3541926.0
322,2018-02-13,37.24,38.09,37.16,37.45,2178002.0
323,2018-02-14,37.3,37.89,37.05,37.77,3126213.0
324,2018-02-15,38.01,38.25,37.13,37.67,2315130.0
325,2018-02-16,37.69,38.31,37.55,37.82,1840520.0
326,2018-02-20,37.56,38.4,37.56,37.77,1658424.0
327,2018-02-21,37.76,39.41,37.76,38.71,2441136.0
328,2018-02-22,38.73,39.32,38.6,39.18,3604035.0
329,2018-02-23,39.57,41.15,39.57,41.13,3136978.0
330,2018-02-26,41.51,41.99,40.89,41.33,2170289.0
331,2018-02-27,41.32,41.71,40.61,40.95,2689410.0
332,2018-02-28,41.12,41.5,40.8,40.8,2253983.0
333,2018-03-01,40.68,41.09,39.42,39.5,1783962.0
334,2018-03-02,38.93,40.01,38.32,39.95,1383782.0
335,2018-03-05,39.72,40.16,39.24,39.69,2813629.0
336,2018-03-06,40.01,40.5,39.84,40.26,1200449.0
337,2018-03-07,39.9,39.96,38.89,39.38,1707506.0
338,2018-03-08,39.59,39.64,38.44,38.91,3192984.0
339,2018-03-09,39.16,39.35,38.78,38.91,2810461.0
340,2018-03-12,38.92,39.67,38.73,39.47,1755656.0
341,2018-03-13,39.7,40.01,38.74,38.74,1865343.0
342,2018-03-14,39.09,39.33,38.45,39.1,1788661.0
343,2018-03-15,39.33,39.43,38.64,38.76,1323592.0
344,2018-03-16,38.85,39.14,38.68,39.01,2390227.0
345,2018-03-19,38.88,38.94,37.94,38.17,1877775.0
346,2018-03-20,38.3,38.89,38.27,38.65,2884428.0
347,2018-03-21,38.76,39.83,38.62,39.03,3144999.0
348,2018-03-22,38.39,38.61,37.41,37.48,2621993.0
349,2018-03-23,37.72,37.98,37.23,37.58,2892090.0
350,2018-03-26,38.31,38.79,38.01,38.76,2382455.0
351,2018-03-27,38.69,38.8,38.05,38.24,2722440.0
352,2018-03-28,38.24,38.6,37.92,38.2,3934456.0
353,2018-03-29,38.38,39.34,38.28,38.98,2109325.0
354,2018-04-02,38.78,38.84,36.75,37.11,1754636.0
355,2018-04-03,37.62,38.11,36.61,37.04,2563837.0
356,2018-04-04,36.2,37.43,35.48,37.35,3906352.0
357,2018-04-05,37.48,37.84,37.26,37.48,1535905.0
358,2018-04-06,37.24,37.5,35.93,36.03,4377691.0
359,2018-04-09,36.65,37.29,36.29,36.71,2272510.0
360,2018-04-10,37.84,38.68,37.63,38.4,3993691.0
361,2018-04-11,38.35,39.08,38.01,38.71,2583575.0
362,2018-04-12,38.89,39.21,38.26,38.53,1538312.0
363,2018-04-13,38.69,38.73,37.65,37.75,1258814.0
364,2018-04-16,38.01,38.07,37.42,37.57,1508693.0
365,2018-04-17,37.63,38.28,37.48,38.21,1871529.0
366,2018-04-18,38.24,38.47,37.48,37.82,1517858.0
367,2018-04-19,37.75,38.39,37.69,38.16,1288506.0
368,2018-04-20,37.84,38.37,37.79,38.21,1850126.0
369,2018-04-23,38.15,38.19,36.92,37.23,2263005.0
370,2018-04-24,37.73,38.15,36.81,37.36,1987071.0
371,2018-04-25,37.35,37.58,36.89,36.94,1858342.0
372,2018-04-26,37.41,39.22,37.34,38.9,2562291.0
373,2018-04-27,38.86,39.62,38.72,39.53,2550255.0
374,2018-04-30,39.87,40.67,39.76,40.24,4709973.0
375,2018-05-01,39.81,40.11,38.82,39.95,2417944.0
376,2018-05-02,35.14,35.77,33.36,34.48,12613978.0
377,2018-05-03,34.39,35.72,34.01,34.39,6353382.0
378,2018-05-04,34.24,36.17,34.09,35.67,4210607.0
379,2018-05-07,35.58,35.77,35.11,35.37,2150494.0
380,2018-05-08,35.63,35.83,34.89,35.11,1602265.0
381,2018-05-09,35.16,35.48,34.74,35.15,2918626.0
382,2018-05-10,35.35,35.8,35.18,35.46,5230458.0
383,2018-05-11,35.46,35.61,34.8,34.91,1902897.0
384,2018-05-14,35.05,35.1,34.56,34.86,1730423.0
385,2018-05-15,34.67,34.67,34.22,34.54,2108213.0
386,2018-05-16,34.64,35.09,34.11,35.06,1864642.0
387,2018-05-17,34.86,35.27,34.8,35.06,2220034.0
388,2018-05-18,35.08,35.77,34.65,35.63,2737180.0
389,2018-05-21,35.77,36.45,35.76,36.38,3086436.0
390,2018-05-22,36.44,36.44,35.86,35.98,2249458.0
391,2018-05-23,35.94,36.14,35.68,36.04,1633744.0
392,2018-05-24,36.17,36.71,36.07,36.26,1791451.0
393,2018-05-25,36.23,36.6,36.15,36.25,1335683.0
394,2018-05-29,35.88,36.62,35.73,36.08,2171564.0
395,2018-05-30,36.33,37.22,36.2,36.99,2044867.0
396,2018-05-31,36.8,37.49,36.51,36.88,7363354.0
397,2018-06-01,37.17,37.49,36.85,36.92,2609169.0
398,2018-06-04,36.47,37.2,36.23,37.07,2098559.0
399,2018-06-05,37.37,38.18,37.06,37.88,1686463.0
400,2018-06-06,38.27,38.88,38.27,38.8,1869047.0
401,2018-06-07,38.87,38.95,38.52,38.74,1382378.0
402,2018-06-08,38.99,39.36,38.47,39.28,3164613.0
403,2018-06-11,39.23,39.41,38.8,39.31,2101449.0
404,2018-06-12,39.32,39.99,39.27,39.62,3477424.0
405,2018-06-13,39.79,39.91,38.88,38.89,2085439.0
406,2018-06-14,38.83,38.94,38.42,38.59,1952900.0
407,2018-06-15,38.24,38.35,37.44,38.3,2837863.0
408,2018-06-18,38.1,38.36,37.43,38.32,1446926.0
409,2018-06-19,37.59,37.99,36.99,37.87,3740548.0
410,2018-06-20,38.09,38.45,37.59,37.65,1685949.0
411,2018-06-21,37.78,38.08,37.47,37.76,1640719.0
412,2018-06-22,38.0,38.29,37.66,38.04,5612718.0
413,2018-06-25,37.6,37.63,36.39,36.76,3039608.0
414,2018-06-26,36.87,37.69,36.51,37.34,2487153.0
415,2018-06-27,37.35,37.49,34.93,35.15,4432422.0
416,2018-06-28,34.78,36.5,34.76,36.28,4138481.0
417,2018-06-29,36.48,36.61,35.98,36.04,1639850.0
418,2018-07-02,35.53,35.67,34.93,35.57,2068710.0
419,2018-07-03,36.01,36.3,34.69,34.72,1195344.0
420,2018-07-05,34.77,34.77,33.57,34.01,2955192.0
421,2018-07-06,33.8,35.11,33.69,34.92,2386134.0
422,2018-07-09,34.98,35.06,34.34,34.93,3063130.0
423,2018-07-10,34.86,35.0,34.25,34.32,3468811.0
424,2018-07-11,33.81,34.37,33.43,33.88,4112336.0
425,2018-07-12,34.21,34.51,34.01,34.15,3438837.0
426,2018-07-13,33.75,34.68,33.68,34.2,3003607.0
427,2018-07-16,34.09,34.16,33.82,34.08,2303384.0
428,2018-07-17,33.79,34.39,33.77,34.23,1712768.0
429,2018-07-18,34.29,34.56,33.9,34.39,1971107.0
430,2018-07-19,34.08,34.25,33.53,33.58,2781472.0
431,2018-07-20,32.28,32.37,31.16,31.29,5486199.0
432,2018-07-23,31.28,32.16,31.26,31.79,4915386.0
433,2018-07-24,32.04,32.13,30.91,31.08,4030018.0
434,2018-07-25,31.17,31.17,29.86,29.88,9317387.0
435,2018-07-26,29.82,39.04,29.68,33.37,20165733.0
436,2018-07-27,36.16,36.18,33.95,34.79,10249346.0
437,2018-07-30,34.65,34.65,33.29,33.63,3439601.0
438,2018-07-31,33.46,34.27,33.17,33.66,1951511.0
439,2018-08-01,33.45,33.83,33.08,33.22,2939554.0
440,2018-08-02,31.69,34.18,31.38,32.88,4719953.0
441,2018-08-03,32.83,33.18,32.38,32.68,2983612.0
442,2018-08-06,32.59,32.7,31.97,32.01,2227695.0
443,2018-08-07,32.45,32.85,32.07,32.28,2068421.0
444,2018-08-08,32.55,32.58,31.69,32.28,2692727.0
445,2018-08-09,32.47,32.78,31.96,32.31,1738387.0
446,2018-08-10,31.88,32.13,31.51,32.02,1755633.0
447,2018-08-13,31.88,31.96,31.34,31.8,2286637.0
448,2018-08-14,34.01,34.35,33.04,33.16,4434128.0
449,2018-08-15,32.7,32.91,32.35,32.6,2563693.0
450,2018-08-16,33.01,33.22,32.73,32.91,1912656.0
451,2018-08-17,31.87,32.85,31.58,32.44,2570075.0
452,2018-08-20,32.4,32.93,32.37,32.65,1486315.0
453,2018-08-21,32.8,33.4,32.8,33.11,3766030.0
454,2018-08-22,33.36,34.06,33.1,33.14,1684358.0
455,2018-08-23,32.94,33.11,32.54,32.59,1922750.0
456,2018-08-24,32.73,33.04,32.55,32.91,2083764.0
457,2018-08-27,33.04,33.54,32.83,33.47,1169141.0
458,2018-08-28,33.7,37.87,33.28,34.85,9463158.0
459,2018-08-29,35.8,37.28,35.34,36.91,6869012.0
460,2018-08-30,36.42,36.97,35.86,36.15,5352797.0
461,2018-08-31,36.17,36.56,35.75,36.36,3505330.0
462,2018-09-04,36.12,36.43,35.51,36.19,1876150.0
463,2018-09-05,35.8,36.18,35.52,35.77,2097668.0
464,2018-09-06,35.68,35.9,35.52,35.7,1722573.0
465,2018-09-07,35.68,36.01,35.54,35.72,1272934.0
466,2018-09-10,35.73,35.73,34.38,34.54,3485570.0
467,2018-09-11,29.66,30.15,27.78,29.62,16036440.0
468,2018-09-12,29.8,30.5,29.61,30.15,6028298.0
469,2018-09-13,30.78,31.13,30.56,30.83,3504267.0
470,2018-09-14,30.96,31.45,30.86,30.86,2315939.0
471,2018-09-17,30.87,31.35,30.61,30.99,2310814.0
472,2018-09-18,30.99,31.58,30.99,31.35,3156846.0
473,2018-09-19,31.27,32.84,31.27,32.49,2840303.0
474,2018-09-20,32.7,33.05,32.63,32.8,1823950.0
475,2018-09-21,32.97,33.25,32.87,32.94,3154369.0
476,2018-09-24,32.51,32.51,31.87,32.39,2425556.0
477,2018-09-25,32.49,33.06,32.44,32.54,2877412.0
478,2018-09-26,32.58,32.98,32.43,32.75,1477467.0
479,2018-09-27,32.77,32.83,32.39,32.62,1430302.0
480,2018-09-28,32.6,33.13,32.6,32.79,1451723.0
481,2018-10-01,32.9,32.94,32.05,32.18,1521993.0
482,2018-10-02,31.79,32.08,31.28,31.68,2662949.0
483,2018-10-03,31.85,32.16,31.49,31.59,2015176.0
484,2018-10-04,31.31,32.41,30.95,31.59,1381524.0
485,2018-10-05,31.7,31.87,30.72,30.95,1820364.0
486,2018-10-08,30.46,31.12,30.2,30.98,2235709.0
487,2018-10-09,30.86,31.67,30.8,31.15,1438390.0
488,2018-10-10,31.03,31.15,29.84,29.86,2730439.0
489,2018-10-11,29.57,30.48,29.44,29.73,3664204.0
490,2018-10-12,30.16,30.9,30.05,30.58,2172655.0
491,2018-10-15,30.46,30.46,29.88,29.93,1505443.0
492,2018-10-16,29.93,30.55,29.83,30.53,2220890.0
493,2018-10-17,30.23,30.43,29.78,30.29,3300381.0
494,2018-10-18,30.14,30.66,29.81,30.53,3167292.0
495,2018-10-19,30.69,31.03,29.48,29.53,1902245.0
496,2018-10-22,30.05,30.64,29.99,30.06,1299325.0
497,2018-10-23,29.39,29.84,28.99,29.69,1583602.0
498,2018-10-24,29.38,29.63,28.91,29.0,1971195.0
499,2018-10-25,29.0,29.69,28.9,29.0,2290528.0
500,2018-10-26,28.81,29.78,28.5,29.41,1885193.0
501,2018-10-29,29.71,29.89,28.28,28.88,2900946.0
502,2018-10-30,29.04,29.47,28.63,29.37,2672059.0
503,2018-10-31,31.86,34.51,31.58,33.76,5912670.0
504,2018-11-01,33.75,33.75,32.56,33.52,3209399.0
505,2018-11-02,33.68,34.35,33.16,33.69,3449565.0
506,2018-11-05,33.77,34.04,33.19,33.72,3065505.0
507,2018-11-06,33.58,35.37,33.57,34.98,3614783.0
508,2018-11-07,34.68,34.96,34.11,34.74,3271791.0
509,2018-11-08,34.57,35.41,34.37,34.96,1603029.0
510,2018-11-09,34.43,34.91,34.04,34.18,3272191.0
511,2018-11-12,34.12,34.37,33.66,34.04,2183909.0
512,2018-11-13,34.52,34.58,33.08,33.26,2502028.0
513,2018-11-14,33.55,34.2,33.29,33.46,1637283.0
514,2018-11-15,33.44,33.63,32.96,33.48,1449865.0
515,2018-11-16,33.14,33.4,32.68,32.85,1834730.0
516,2018-11-19,32.49,32.96,32.45,32.7,2466034.0
517,2018-11-20,32.34,32.56,31.86,32.29,2147591.0
518,2018-11-21,32.68,32.93,32.48,32.53,1097855.0
519,2018-11-23,32.22,32.84,32.03,32.7,626303.0
520,2018-11-26,32.92,33.54,32.73,32.87,1139340.0
521,2018-11-27,32.64,33.64,32.64,33.15,2614459.0
522,2018-11-28,32.99,34.51,32.99,34.32,3257545.0
523,2018-11-29,34.07,34.6,32.88,33.58,2643822.0
524,2018-11-30,33.58,33.91,33.15,33.63,2832174.0
525,2018-12-03,34.96,35.03,33.87,34.33,1687274.0
526,2018-12-04,34.24,34.61,33.2,33.42,1602095.0
527,2018-12-06,32.7,33.39,32.35,33.23,1594319.0
528,2018-12-07,33.11,33.46,32.71,32.78,1520962.0
529,2018-12-10,32.61,32.93,32.21,32.76,1256693.0
530,2018-12-11,32.96,33.47,32.55,32.56,1769359.0
531,2018-12-12,32.68,34.49,32.46,33.97,1999576.0
532,2018-12-13,34.15,34.74,33.93,34.26,1582144.0
533,2018-12-14,33.81,34.31,33.28,33.44,871712.0
534,2018-12-17,33.21,33.58,32.55,32.8,1361832.0
535,2018-12-18,33.13,33.21,32.61,32.64,1239772.0
536,2018-12-19,32.8,33.26,31.51,31.77,1312330.0
537,2018-12-20,31.66,31.95,30.59,30.86,1710542.0
538,2018-12-21,30.76,31.29,30.03,30.06,2094788.0
539,2018-12-24,30.11,30.64,29.74,30.07,824993.0
540,2018-12-26,29.97,30.79,29.15,30.76,1303000.0
541,2018-12-27,30.37,31.19,30.11,31.19,994180.0
542,2018-12-28,31.21,31.6,30.65,31.23,1199867.0
543,2018-12-31,31.36,31.66,30.97,31.33,795745.0
544,2019-01-02,31.03,32.28,30.99,32.02,1265577.0
545,2019-01-03,31.8,31.8,30.64,30.68,1246531.0
546,2019-01-04,31.23,31.8,31.16,31.61,1646514.0
547,2019-01-07,31.9,32.34,31.38,32.0,1820320.0
548,2019-01-08,32.28,32.3,31.1,31.38,1997520.0
549,2019-01-09,31.31,32.46,31.13,32.38,2176024.0
550,2019-01-10,32.29,32.63,31.86,32.26,1570277.0
551,2019-01-11,32.12,32.8,31.9,32.7,1197418.0
552,2019-01-14,32.26,32.51,31.55,31.89,1296363.0
553,2019-01-15,31.92,33.08,31.92,32.47,1559620.0
554,2019-01-16,32.53,33.15,32.31,32.74,1253222.0
555,2019-01-17,32.6,33.54,32.39,33.23,2365331.0
556,2019-01-18,33.55,34.44,33.26,33.96,1852204.0
557,2019-01-22,33.62,33.65,32.36,32.82,2393772.0
558,2019-01-23,32.8,32.92,31.62,32.04,1851562.0
559,2019-01-24,32.06,33.11,32.06,33.09,1848822.0
560,2019-01-25,33.3,34.08,32.87,33.21,1489006.0
561,2019-01-28,32.92,33.77,32.69,33.41,2267623.0
562,2019-01-29,33.5,34.05,33.22,33.79,1765050.0
563,2019-01-30,33.97,34.55,33.08,33.69,1783479.0
564,2019-01-31,33.86,34.35,33.5,34.25,2552548.0
565,2019-02-01,35.45,38.37,35.43,37.15,4764594.0
566,2019-02-04,37.51,38.1,36.73,37.05,2302776.0
567,2019-02-05,36.93,38.41,36.49,38.32,2807984.0
568,2019-02-06,38.3,39.29,38.26,38.91,2516786.0
569,2019-02-07,38.8,39.54,38.59,39.46,1752139.0
570,2019-02-08,39.12,39.3,37.88,38.25,3318090.0
571,2019-02-11,38.19,39.2,38.19,38.93,2709544.0
572,2019-02-12,38.82,39.4,38.82,39.12,2722123.0
573,2019-02-13,39.23,39.44,38.82,39.09,2460413.0
574,2019-02-14,38.84,39.15,38.27,38.77,3184401.0
575,2019-02-15,38.8,38.87,38.29,38.49,3217758.0
576,2019-02-19,38.59,39.24,38.34,38.99,2160719.0
577,2019-02-20,39.04,40.04,39.04,39.68,3659484.0
578,2019-02-21,39.42,39.7,39.19,39.54,1935323.0
579,2019-02-22,39.59,39.87,39.17,39.32,2681005.0
580,2019-02-25,39.53,39.85,38.9,39.45,1720575.0
581,2019-02-26,39.49,40.04,39.37,39.86,2311152.0
582,2019-02-27,39.87,40.11,39.39,39.46,2353370.0
583,2019-02-28,39.0,39.82,38.93,39.64,3078467.0
584,2019-03-01,40.0,40.0,39.31,39.32,1546409.0
585,2019-03-04,39.67,39.72,38.51,38.85,1924205.0
586,2019-03-05,38.92,39.92,38.64,39.52,2962851.0
587,2019-03-06,39.66,40.45,39.36,39.55,3186114.0
588,2019-03-07,39.42,39.51,38.68,38.8,1958414.0
589,2019-03-08,38.68,38.72,37.89,38.22,2093194.0
590,2019-03-11,38.24,38.96,38.2,38.68,2105137.0
591,2019-03-12,38.94,39.76,38.92,39.06,2358728.0
592,2019-03-13,38.51,39.2,38.51,38.92,3280399.0
593,2019-03-14,39.07,39.18,38.68,39.06,3834392.0
594,2019-03-15,39.36,40.72,39.24,40.62,7581200.0
595,2019-03-18,41.01,41.87,39.98,41.42,6545321.0
596,2019-03-19,41.6,41.98,41.37,41.42,2911052.0
597,2019-03-20,41.18,41.49,40.47,41.11,2187277.0
598,2019-03-21,41.09,41.69,40.84,41.15,1492442.0
599,2019-03-22,40.82,41.57,40.76,41.36,3786737.0
600,2019-03-25,41.2,41.35,40.75,41.23,1918624.0
601,2019-03-26,41.22,41.75,40.95,41.26,1956006.0
602,2019-03-27,41.37,42.34,41.26,42.1,2504420.0
603,2019-03-28,42.13,42.35,41.0,41.67,2477158.0
604,2019-03-29,41.92,42.86,41.88,42.83,2577045.0
605,2019-04-01,42.99,43.8,42.73,43.52,2930272.0
606,2019-04-02,43.52,43.54,43.15,43.34,1594120.0
607,2019-04-03,43.61,44.11,42.97,43.24,2255876.0
608,2019-04-04,43.31,43.31,42.22,42.45,2080070.0
609,2019-04-05,42.65,42.83,42.31,42.58,1802517.0
610,2019-04-08,42.42,42.42,42.03,42.07,1600352.0
611,2019-04-09,41.84,42.15,41.45,41.6,2067438.0
612,2019-04-10,41.76,41.93,40.45,41.52,2991271.0
613,2019-04-11,41.94,42.05,41.32,41.6,4872497.0
614,2019-04-12,41.93,42.81,41.91,42.42,3137611.0
615,2019-04-15,42.26,42.32,41.66,41.67,1804555.0
616,2019-04-16,41.8,42.3,41.64,42.18,1903287.0
617,2019-04-17,43.4,43.54,42.03,42.26,1680060.0
618,2019-04-18,42.53,43.29,42.32,43.16,1684659.0
619,2019-04-22,42.99,43.08,42.11,42.33,1193050.0
620,2019-04-23,42.23,42.44,41.92,42.24,2762961.0
621,2019-04-24,42.18,42.6,41.82,41.94,2707306.0
622,2019-04-25,42.29,42.72,41.82,42.6,1562158.0
623,2019-04-26,42.58,43.08,42.45,42.95,1820144.0
624,2019-04-29,42.92,43.03,42.28,42.67,3414367.0
625,2019-04-30,43.58,45.84,43.02,45.46,9720499.0
626,2019-05-01,45.39,45.77,43.18,43.43,4321148.0
627,2019-05-02,43.44,46.18,43.38,45.06,3618866.0
628,2019-05-03,45.22,46.19,45.11,45.28,2298258.0
629,2019-05-06,43.58,44.53,43.58,44.42,2077067.0
630,2019-05-07,44.09,44.59,43.86,44.13,2307714.0
631,2019-05-08,44.13,44.34,43.55,43.88,2095165.0
632,2019-05-09,43.51,43.51,42.36,42.63,2842158.0
633,2019-05-10,42.49,42.92,42.23,42.77,4094841.0
634,2019-05-13,41.9,41.92,40.27,40.57,4200395.0
635,2019-05-14,40.71,40.78,39.95,40.42,3018511.0
636,2019-05-15,40.43,40.64,40.29,40.31,3048887.0
637,2019-05-16,40.36,41.32,40.35,40.62,2692166.0
638,2019-05-17,39.49,39.53,38.86,39.35,3583086.0
639,2019-05-20,39.05,39.45,38.48,38.61,2693444.0
640,2019-05-21,38.87,39.2,38.45,39.2,2658158.0
641,2019-05-22,38.94,39.3,37.79,37.91,3314680.0
642,2019-05-23,37.4,37.97,37.11,37.35,3315435.0
643,2019-05-24,37.9,37.9,36.42,36.53,3426404.0
644,2019-05-28,36.64,37.55,36.6,36.74,6577480.0
645,2019-05-29,36.54,37.07,36.51,36.81,4051727.0
646,2019-05-30,36.97,37.4,36.87,37.34,2982756.0
647,2019-05-31,37.14,38.47,37.09,38.05,3458477.0
648,2019-06-03,37.97,38.88,37.73,38.79,3464061.0
649,2019-06-04,39.05,39.28,38.35,38.75,2539925.0
650,2019-06-05,39.06,39.56,39.05,39.39,2759720.0
651,2019-06-06,39.29,39.51,38.17,38.33,3577834.0
652,2019-06-07,38.55,39.11,38.29,38.91,4368207.0
653,2019-06-10,39.22,40.24,39.15,39.42,3568852.0
654,2019-06-11,40.04,40.81,39.12,39.22,2958832.0
655,2019-06-12,39.14,39.66,38.68,39.23,2342484.0
656,2019-06-13,39.39,39.95,39.07,39.2,2129896.0
657,2019-06-14,39.07,39.62,39.04,39.2,1245531.0
658,2019-06-17,39.12,39.28,38.82,39.01,1099905.0
659,2019-06-18,39.29,40.71,39.26,40.6,2398640.0
660,2019-06-19,40.82,42.91,40.82,42.89,5905225.0
661,2019-06-20,43.18,44.38,43.18,44.27,3673675.0
662,2019-06-21,44.31,44.64,43.89,44.11,3727777.0
663,2019-06-24,44.29,44.29,43.72,43.98,1731717.0
664,2019-06-25,43.83,44.14,43.64,44.02,2036188.0
665,2019-06-26,44.34,44.62,43.89,44.37,2379439.0
666,2019-06-27,44.28,44.45,43.57,44.12,2877697.0
667,2019-06-28,44.16,44.36,43.78,44.24,7216880.0
668,2019-07-01,45.07,45.86,43.81,44.12,3105184.0
669,2019-07-02,44.13,44.25,41.94,42.52,3058241.0
670,2019-07-03,42.58,42.67,41.75,42.49,1672567.0
671,2019-07-05,42.46,42.88,42.07,42.43,1637700.0
672,2019-07-08,42.29,42.45,41.05,41.16,2381070.0
673,2019-07-09,41.25,41.6,40.91,41.34,2680946.0
674,2019-07-10,41.62,42.48,41.6,42.24,2842298.0
675,2019-07-11,42.34,42.69,42.16,42.47,1771821.0
676,2019-07-12,42.44,42.59,41.43,41.74,2206284.0
677,2019-07-15,41.99,42.77,41.97,42.22,1785302.0
678,2019-07-16,42.04,42.76,42.04,42.44,1337654.0
679,2019-07-17,42.44,42.92,42.18,42.4,1644650.0
680,2019-07-18,42.49,42.83,42.29,42.46,1915356.0
681,2019-07-19,42.8,42.99,42.38,42.38,1612514.0
682,2019-07-22,42.61,42.65,41.32,41.55,1846666.0
683,2019-07-23,41.57,41.76,41.22,41.67,1042800.0
684,2019-07-24,41.71,42.47,41.5,42.44,1747078.0
685,2019-07-25,42.56,43.01,42.24,42.87,2467364.0
686,2019-07-26,43.2,43.6,43.16,43.35,1765053.0
687,2019-07-29,43.17,43.54,42.9,43.47,1975304.0
688,2019-07-30,43.0,43.34,41.59,42.04,3350120.0
689,2019-07-31,43.34,44.63,42.57,43.54,4690277.0
690,2019-08-01,43.88,44.5,42.49,42.74,2484341.0
691,2019-08-02,42.66,43.54,42.3,43.21,1877271.0
692,2019-08-05,41.57,41.57,40.33,40.86,3439655.0
693,2019-08-06,41.51,42.85,41.33,42.7,3046136.0
694,2019-08-07,42.07,42.27,41.39,42.08,2031387.0
695,2019-08-08,42.33,43.09,41.94,42.89,2505276.0
696,2019-08-09,42.75,42.95,41.47,41.86,1878145.0
697,2019-08-12,41.66,41.76,40.77,41.06,1455208.0
698,2019-08-13,41.21,42.11,40.6,41.11,2351956.0
699,2019-08-14,40.28,40.73,39.62,39.86,1982961.0
700,2019-08-15,40.25,41.07,40.17,40.64,1862406.0
701,2019-08-16,40.9,42.29,40.89,42.15,2125128.0
702,2019-08-19,42.79,43.71,42.79,43.47,2492047.0
703,2019-08-20,43.23,43.83,43.16,43.71,1817169.0
704,2019-08-21,44.04,44.43,43.12,43.26,1425517.0
705,2019-08-22,43.2,43.74,42.08,42.15,2298428.0
706,2019-08-23,42.14,42.14,40.45,40.61,2387640.0
707,2019-08-26,41.1,41.4,40.36,40.48,1146042.0
708,2019-08-27,40.95,41.48,40.69,41.34,2617410.0
709,2019-08-28,41.22,42.36,40.99,42.34,1672209.0
710,2019-08-29,42.8,43.66,42.62,43.49,1464095.0
711,2019-08-30,43.63,44.24,43.18,43.59,1374737.0
712,2019-09-03,43.03,43.34,41.33,41.8,1734910.0
713,2019-09-04,42.19,42.58,41.98,42.48,1427732.0
714,2019-09-05,43.26,44.33,43.01,44.27,1598272.0
715,2019-09-06,44.36,44.59,43.9,43.96,1226184.0
716,2019-09-09,43.91,44.27,43.4,43.83,1210873.0
717,2019-09-10,43.76,44.17,43.03,44.11,2251988.0
718,2019-09-11,43.81,44.52,43.09,44.5,1523092.0
719,2019-09-12,44.78,46.45,44.78,46.07,1734903.0
720,2019-09-13,45.92,46.52,44.61,44.76,1311329.0
721,2019-09-16,44.53,44.94,44.15,44.69,790947.0
722,2019-09-17,44.8,45.05,44.29,44.66,785863.0
723,2019-09-18,44.88,44.88,43.54,43.83,1124479.0
724,2019-09-19,43.84,44.17,43.5,43.9,1015786.0
725,2019-09-20,43.92,44.36,42.69,42.82,1598222.0
726,2019-09-23,42.88,44.07,42.7,43.74,1534502.0
727,2019-09-24,44.05,44.22,42.38,43.18,1510171.0
728,2019-09-25,43.22,43.64,42.51,43.56,1256557.0
729,2019-09-26,43.65,44.27,43.57,43.94,1314543.0
730,2019-09-27,44.01,44.49,42.1,43.11,2560974.0
731,2019-09-30,43.25,43.83,43.12,43.59,1629261.0
732,2019-10-01,43.57,44.02,42.06,42.33,1233495.0
733,2019-10-02,42.06,42.22,41.31,41.51,1281940.0
734,2019-10-03,41.45,42.18,41.41,42.1,1280351.0
735,2019-10-04,42.11,42.55,41.79,41.98,1053555.0
736,2019-10-07,41.82,42.02,41.32,41.75,1265234.0
737,2019-10-08,41.54,41.77,40.65,40.67,1181035.0
738,2019-10-09,41.08,41.29,40.55,40.91,1365222.0
739,2019-10-10,40.8,41.76,40.41,41.17,1524806.0
740,2019-10-11,42.07,43.16,41.77,42.65,1150415.0
741,2019-10-14,42.39,42.49,41.25,41.36,1295794.0
742,2019-10-15,41.51,43.14,41.36,42.46,1780667.0
743,2019-10-16,42.31,42.71,41.92,41.99,1670340.0
744,2019-10-17,42.15,42.79,42.08,42.23,881141.0
745,2019-10-18,42.18,42.53,41.64,41.98,759657.0
746,2019-10-21,42.26,42.63,41.99,42.19,1084336.0
747,2019-10-22,42.24,42.34,41.46,41.55,953965.0
748,2019-10-23,41.34,41.54,40.81,40.92,1654716.0
749,2019-10-24,41.17,41.89,40.88,41.3,1370212.0
750,2019-10-25,41.21,42.28,41.04,41.73,1327376.0
751,2019-10-28,42.61,43.06,41.53,41.67,1841310.0
752,2019-10-29,41.55,42.54,41.36,42.37,2311450.0
753,2019-10-30,41.17,42.95,40.77,42.18,4410405.0
754,2019-10-31,41.8,41.91,39.56,40.66,3461338.0
755,2019-11-01,40.98,41.08,39.39,39.6,3776068.0
756,2019-11-04,40.1,40.52,39.96,40.22,3200191.0
757,2019-11-05,40.41,40.98,39.97,40.9,3009063.0
758,2019-11-06,40.98,41.16,40.17,40.8,2857771.0
759,2019-11-07,41.28,41.93,41.14,41.68,3309870.0
760,2019-11-08,41.87,42.06,41.38,42.01,2498354.0
761,2019-11-11,41.54,41.86,41.19,41.79,1243237.0
762,2019-11-12,41.79,42.01,40.83,40.97,2609738.0
763,2019-11-13,40.66,40.89,40.57,40.82,1322279.0
764,2019-11-14,40.66,40.84,40.13,40.6,2964251.0
765,2019-11-15,40.81,41.64,40.64,40.95,1751338.0
766,2019-11-18,41.07,41.15,40.46,40.86,1589203.0
767,2019-11-19,40.97,41.49,40.66,41.43,1887461.0
768,2019-11-20,41.17,41.21,40.02,40.61,2050760.0
769,2019-11-21,40.43,40.6,39.92,40.3,1262667.0
770,2019-11-22,40.91,40.91,40.29,40.44,1761086.0
771,2019-11-25,40.75,42.01,40.69,41.83,2679211.0
772,2019-11-26,42.04,43.03,41.91,42.77,4432603.0
773,2019-11-27,42.57,42.66,41.91,42.38,1293754.0
774,2019-11-29,42.14,42.84,41.73,42.8,1332125.0
775,2019-12-02,42.95,43.26,42.23,42.72,1797438.0
776,2019-12-03,42.29,42.54,42.08,42.37,2069227.0
777,2019-12-04,42.37,42.9,42.37,42.48,1405602.0
778,2019-12-05,42.65,43.12,42.36,43.01,2153403.0
779,2019-12-06,43.28,43.33,42.82,43.07,1603407.0
780,2019-12-09,42.99,43.66,42.78,43.56,2345207.0
781,2019-12-10,43.53,43.77,43.27,43.44,2866495.0
782,2019-12-11,43.63,44.28,43.54,44.25,1527468.0
783,2019-12-12,44.03,44.95,43.73,44.76,2039672.0
784,2019-12-13,45.06,45.7,44.83,45.56,1713868.0
785,2019-12-16,45.78,46.55,45.7,46.22,1949640.0
786,2019-12-17,46.18,46.35,45.79,46.03,2603644.0
787,2019-12-18,45.83,46.01,45.41,45.8,2183360.0
788,2019-12-19,45.99,46.27,45.71,46.24,1565204.0
789,2019-12-20,46.64,47.28,46.38,46.94,2503040.0
790,2019-12-23,46.97,47.05,46.43,46.6,1173530.0
791,2019-12-24,46.52,46.94,46.29,46.66,349011.0
792,2019-12-26,46.92,46.95,46.57,46.83,462876.0
793,2019-12-27,46.88,47.07,46.74,46.94,1198714.0
794,2019-12-30,47.01,47.01,46.33,46.41,1789978.0
795,2019-12-31,46.34,46.61,46.1,46.29,953128.0
796,2020-01-02,46.63,47.43,46.63,47.41,1968381.0
797,2020-01-03,46.68,46.92,46.28,46.7,1434177.0
798,2020-01-06,46.31,46.39,45.48,46.15,1292416.0
799,2020-01-07,46.68,46.68,45.86,46.21,1154784.0
800,2020-01-08,46.4,47.07,46.1,46.82,1097589.0
801,2020-01-09,47.48,47.66,46.76,46.78,1270898.0
802,2020-01-10,48.61,49.02,46.96,47.08,2505659.0
803,2020-01-13,47.18,47.34,46.41,46.41,1536677.0
804,2020-01-14,47.03,47.38,46.52,46.74,2040825.0
805,2020-01-15,46.84,47.28,46.52,46.93,1578534.0
806,2020-01-16,47.17,48.01,47.04,47.91,2101825.0
807,2020-01-17,48.28,48.88,48.05,48.13,1896802.0
808,2020-01-21,45.77,45.78,44.25,44.28,4229209.0
809,2020-01-22,45.28,46.08,44.94,45.27,4259276.0
810,2020-01-23,43.33,43.48,42.1,42.96,5444397.0
811,2020-01-24,43.05,43.38,41.9,42.53,3212201.0
812,2020-01-27,39.3,40.92,38.9,40.2,7311969.0
813,2020-01-28,41.34,43.63,41.29,43.33,7403963.0
814,2020-01-29,43.22,44.12,42.82,43.29,4415928.0
815,2020-01-30,42.22,42.58,41.63,42.28,3948863.0
816,2020-01-31,42.18,42.18,40.69,41.35,3253472.0
817,2020-02-03,41.34,41.78,41.17,41.4,3592765.0
818,2020-02-04,42.32,43.2,42.21,42.59,3485685.0
819,2020-02-05,43.16,43.17,42.37,42.74,2653163.0
820,2020-02-06,41.88,43.21,41.79,42.01,3986856.0
821,2020-02-07,41.32,41.44,40.78,40.99,4549694.0
822,2020-02-10,40.48,40.93,39.88,40.69,4177220.0
823,2020-02-11,41.14,42.51,41.13,42.09,5659127.0
824,2020-02-12,42.53,43.76,42.43,43.7,3515855.0
825,2020-02-13,43.17,43.55,42.68,43.29,2966317.0
826,2020-02-14,43.41,43.49,42.62,43.13,1988030.0
827,2020-02-18,43.08,43.34,42.72,43.08,4382035.0
828,2020-02-19,43.31,44.53,43.19,44.32,3243783.0
829,2020-02-20,44.34,45.04,43.98,44.33,3487138.0
830,2020-02-21,44.11,44.44,43.77,44.15,2740681.0
831,2020-02-24,42.11,42.92,41.72,42.39,3836819.0
832,2020-02-25,42.8,43.57,41.75,42.09,4149867.0
833,2020-02-26,42.19,42.73,41.57,41.79,4135906.0
834,2020-02-27,41.28,43.25,40.65,42.03,4660840.0
835,2020-02-28,40.88,42.07,40.54,42.07,5600405.0
836,2020-03-02,42.13,42.57,41.29,42.57,3540737.0
837,2020-03-03,42.67,43.45,42.07,43.17,2739108.0
838,2020-03-04,43.18,43.69,42.89,43.63,2556547.0
839,2020-03-05,42.85,43.45,41.87,42.57,2953424.0
840,2020-03-06,41.53,42.26,40.3,40.97,3561268.0
841,2020-03-09,39.19,41.44,38.82,41.33,3359542.0
842,2020-03-10,41.66,42.7,41.15,42.06,3656171.0
843,2020-03-11,41.31,41.76,39.37,40.18,3891705.0
844,2020-03-12,38.21,39.41,37.56,37.64,4883145.0
845,2020-03-13,39.23,40.36,38.34,40.13,3936922.0
846,2020-03-16,37.65,40.38,36.73,39.76,5142108.0
847,2020-03-17,39.55,42.5,38.13,42.34,5347797.0
848,2020-03-18,39.42,41.37,37.94,39.16,3515372.0
849,2020-03-19,38.9,41.51,37.94,38.41,3667032.0
850,2020-03-20,39.44,40.23,37.45,39.1,5471319.0
851,2020-03-23,39.83,41.46,38.26,39.66,4338531.0
852,2020-03-24,42.0,42.59,40.13,41.3,3388875.0
853,2020-03-25,41.87,44.65,40.95,42.86,3127187.0
854,2020-03-26,42.68,43.75,42.68,43.45,2320076.0
855,2020-03-27,42.42,42.59,40.1,40.96,3007260.0
856,2020-03-30,40.55,41.4,39.95,40.71,2288147.0
857,2020-03-31,40.28,42.16,39.73,41.03,2657717.0
858,2020-04-01,39.6,40.55,38.84,39.39,3219979.0
859,2020-04-02,39.34,40.82,38.45,40.4,3355171.0
860,2020-04-03,40.4,40.58,38.9,39.69,2830475.0
861,2020-04-06,40.4,42.24,40.22,42.07,2266305.0
862,2020-04-07,42.77,43.62,41.71,41.75,3297351.0
863,2020-04-08,41.55,43.37,41.55,43.25,2237938.0
864,2020-04-09,43.17,44.69,42.69,43.88,1916867.0
865,2020-04-13,43.7,44.22,42.87,44.15,958827.0
866,2020-04-14,44.73,45.4,44.18,44.39,1677507.0
867,2020-04-15,44.12,44.12,42.96,43.07,1567446.0
868,2020-04-16,43.25,43.4,41.92,41.97,3062036.0
869,2020-04-17,42.65,43.97,42.41,43.77,2765576.0
870,2020-04-20,43.62,44.07,43.21,43.61,4882692.0
871,2020-04-21,43.16,43.55,42.39,42.84,3098719.0
872,2020-04-22,43.39,44.37,43.27,44.06,2731570.0
873,2020-04-23,43.99,44.46,43.45,44.08,2605000.0
874,2020-04-24,43.9,44.41,42.16,42.35,2909266.0
875,2020-04-27,43.69,45.15,43.34,44.33,3196376.0
876,2020-04-28,45.11,45.78,43.93,44.3,2157112.0
877,2020-04-29,45.86,48.36,45.1,48.31,5043006.0
878,2020-04-30,47.63,48.44,46.7,46.86,3416578.0
879,2020-05-01,45.54,45.54,44.48,44.81,2683920.0
880,2020-05-04,44.47,44.6,43.54,44.03,2834688.0
881,2020-05-05,44.7,45.37,44.28,44.4,1124159.0
882,2020-05-06,44.9,45.83,44.9,45.62,2168568.0
883,2020-05-07,45.89,46.35,45.28,45.52,2098919.0
884,2020-05-08,45.96,47.0,45.87,46.95,1963423.0
885,2020-05-11,46.93,48.04,46.41,47.32,1940979.0
886,2020-05-12,47.64,48.18,47.37,47.37,2424970.0
887,2020-05-13,47.37,47.89,46.53,47.17,2207604.0
888,2020-05-14,46.42,47.56,45.99,47.21,2904191.0
889,2020-05-15,47.02,47.61,45.12,45.55,3192483.0
890,2020-05-18,46.62,46.76,44.7,44.96,2976941.0
891,2020-05-19,45.29,47.37,45.21,47.15,2552960.0
892,2020-05-20,47.78,48.3,47.58,47.88,2350415.0
893,2020-05-21,47.69,47.69,45.4,45.92,2976773.0
894,2020-05-22,45.01,45.01,41.9,42.03,4664632.0
895,2020-05-26,43.8,44.5,43.4,43.49,5022859.0
896,2020-05-27,44.23,44.59,42.99,43.49,3072449.0
897,2020-05-28,43.99,44.49,42.78,42.78,2361267.0
898,2020-05-29,42.75,44.75,42.51,44.74,4361881.0
899,2020-06-01,45.05,45.65,44.6,45.37,1801596.0
900,2020-06-02,45.6,45.94,45.07,45.93,2833561.0
901,2020-06-03,46.82,47.81,46.56,47.4,2494841.0
902,2020-06-04,47.01,48.19,46.71,48.01,2579238.0
903,2020-06-05,48.4,48.9,47.81,48.12,1849075.0
904,2020-06-08,48.4,49.92,48.28,49.89,2078793.0
905,2020-06-09,49.5,49.76,48.7,49.34,1929271.0
906,2020-06-10,49.14,49.39,48.06,48.61,1460150.0
907,2020-06-11,47.56,48.29,46.84,47.13,1924587.0
908,2020-06-12,48.42,49.04,47.23,47.65,2351404.0
909,2020-06-15,46.28,46.3,45.07,45.93,3562221.0
910,2020-06-16,47.01,47.01,45.02,45.67,3302360.0
911,2020-06-17,47.54,49.93,46.42,49.08,5286092.0
912,2020-06-18,48.21,49.12,48.11,48.79,2132687.0
913,2020-06-19,50.42,51.01,49.61,49.71,2751841.0
914,2020-06-22,49.46,50.05,49.0,49.36,1658440.0
915,2020-06-23,49.64,49.76,48.83,49.21,1585506.0
916,2020-06-24,48.7,49.03,47.07,48.1,1755499.0
917,2020-06-25,47.99,48.44,47.35,48.22,1864884.0
918,2020-06-26,48.18,49.02,47.37,48.06,6619200.0
919,2020-06-29,47.82,47.93,46.76,47.37,1445339.0
920,2020-06-30,47.4,47.4,45.93,46.47,2702618.0
921,2020-07-01,46.47,47.02,46.06,46.07,1476479.0
922,2020-07-02,46.99,48.25,46.69,47.84,2529226.0
923,2020-07-06,49.07,49.65,48.15,48.84,2697263.0
924,2020-07-07,48.51,49.83,48.1,48.98,1979558.0
925,2020-07-08,49.4,49.94,48.75,49.51,1865297.0
926,2020-07-09,49.76,50.36,49.02,49.88,1745953.0
927,2020-07-10,49.61,49.8,48.96,49.79,792565.0
928,2020-07-13,49.97,51.14,49.08,49.11,2053019.0
929,2020-07-14,48.64,49.02,47.91,48.96,1649885.0
930,2020-07-15,49.5,50.92,49.15,50.88,1559466.0
931,2020-07-16,49.61,50.39,49.52,50.17,1163817.0
932,2020-07-17,50.46,51.31,50.24,50.95,2052657.0
933,2020-07-20,51.21,52.1,51.01,51.56,1522261.0
934,2020-07-21,51.99,53.08,51.82,51.98,1332564.0
935,2020-07-22,52.07,52.32,51.55,51.73,946304.0
936,2020-07-23,51.72,52.14,50.45,50.91,961274.0
937,2020-07-24,49.9,51.14,49.62,51.04,1172401.0
938,2020-07-27,51.23,51.83,50.9,51.64,972527.0
939,2020-07-28,51.64,51.64,50.58,51.0,1640823.0
940,2020-07-29,50.61,52.26,50.61,52.15,2297309.0
941,2020-07-30,48.79,51.37,48.28,49.15,3609677.0
942,2020-07-31,48.9,50.4,48.46,49.64,2661702.0
943,2020-08-03,50.0,50.85,49.86,50.62,1359602.0
944,2020-08-04,50.83,51.37,50.28,51.04,1194052.0
945,2020-08-05,51.4,52.07,51.08,51.59,1108990.0
946,2020-08-06,52.13,52.69,51.59,52.66,1384508.0
947,2020-08-07,52.42,52.69,51.43,51.75,1548402.0
948,2020-08-10,51.79,52.17,51.15,51.31,1085811.0
949,2020-08-11,51.6,52.57,51.6,52.19,1581434.0
950,2020-08-12,52.4,53.36,52.23,53.32,1270274.0
951,2020-08-13,53.32,53.55,52.61,52.85,1469251.0
952,2020-08-14,52.81,53.11,52.52,52.91,1440469.0
953,2020-08-17,53.16,54.49,53.03,54.02,1340706.0
954,2020-08-18,54.2,54.34,53.2,54.15,1034646.0
955,2020-08-19,54.07,54.09,52.9,53.0,1241415.0
956,2020-08-20,52.93,52.93,52.14,52.35,1938021.0
957,2020-08-21,52.57,53.23,52.41,53.04,1278059.0
958,2020-08-24,53.45,53.81,52.69,52.99,846279.0
959,2020-08-25,53.4,53.64,53.22,53.47,874282.0
960,2020-08-26,53.57,54.19,52.85,53.8,865501.0
961,2020-08-27,54.02,54.14,53.35,53.6,773273.0
962,2020-08-28,54.57,55.34,53.96,54.9,2301114.0
963,2020-08-31,56.45,57.75,56.0,56.11,3620969.0
964,2020-09-01,57.01,57.01,55.98,56.69,2430954.0
965,2020-09-02,56.9,57.08,55.94,56.33,2290387.0
966,2020-09-03,55.9,56.16,54.0,54.32,2508483.0
967,2020-09-04,52.7,52.73,50.5,52.22,5310919.0
968,2020-09-08,51.34,51.56,50.6,50.72,2654795.0
969,2020-09-09,50.48,51.97,50.48,51.6,3911202.0
970,2020-09-10,49.65,49.79,48.65,49.06,10557289.0
971,2020-09-11,49.4,50.39,49.4,49.76,8552960.0
972,2020-09-14,50.65,51.15,50.34,50.57,2648025.0
973,2020-09-15,50.74,50.95,49.99,50.4,2401932.0
974,2020-09-16,50.56,51.35,50.28,50.37,1763982.0
975,2020-09-17,49.92,50.43,49.84,50.41,2194951.0
976,2020-09-18,50.53,50.68,49.14,49.7,2539728.0
977,2020-09-21,48.69,49.41,48.21,49.12,1693307.0
978,2020-09-22,49.09,49.74,48.54,49.6,1663470.0
979,2020-09-23,49.27,49.36,48.55,48.76,2317756.0
980,2020-09-24,48.45,50.24,48.26,49.79,2590191.0
981,2020-09-25,49.49,49.86,48.61,49.83,1467878.0
982,2020-09-28,50.27,50.45,49.92,50.4,1387418.0
983,2020-09-29,50.45,50.45,49.87,49.96,2374895.0
984,2020-09-30,50.34,51.53,50.24,51.35,2218504.0
985,2020-10-01,51.9,52.0,51.31,51.4,1061046.0
986,2020-10-02,50.62,51.83,50.59,51.38,723215.0
987,2020-10-05,51.57,52.12,51.19,51.95,1492808.0
988,2020-10-06,51.87,52.63,51.54,51.71,2461152.0
989,2020-10-07,52.2,52.32,51.05,51.77,1468682.0
990,2020-10-08,51.78,52.3,51.41,52.12,1224971.0
991,2020-10-09,52.36,53.1,51.9,52.39,1179782.0
992,2020-10-12,52.68,52.68,51.9,52.3,1372479.0
993,2020-10-13,52.47,52.85,52.03,52.57,1460710.0
994,2020-10-14,52.34,52.57,51.65,51.81,2160122.0
995,2020-10-15,51.2,52.2,50.5,51.74,2357407.0
996,2020-10-16,52.06,52.57,51.84,51.88,2472188.0
997,2020-10-19,52.0,52.46,51.16,51.2,2133418.0
998,2020-10-20,51.52,52.49,51.52,52.13,2460511.0
999,2020-10-21,52.33,52.86,51.88,52.22,2003111.0
1000,2020-10-22,52.51,53.34,52.01,53.1,2504009.0
1001,2020-10-23,53.14,53.89,52.32,53.67,1630415.0
1002,2020-10-26,53.13,53.62,52.45,53.03,1513436.0
1003,2020-10-27,53.18,53.24,52.37,52.38,2450985.0
1004,2020-10-28,51.62,51.95,50.62,50.62,2441098.0
1005,2020-10-29,52.89,53.68,51.57,52.62,3938577.0
1006,2020-10-30,52.29,52.46,51.35,51.63,3483185.0
1007,2020-11-02,51.99,52.3,50.58,51.05,3736520.0
1008,2020-11-03,51.03,51.8,50.9,51.55,3794480.0
1009,2020-11-04,51.98,54.45,51.31,53.64,3502534.0
1010,2020-11-05,54.07,54.56,53.44,54.42,2870743.0
1011,2020-11-06,54.55,56.01,54.51,55.6,2250249.0
1012,2020-11-09,56.91,57.38,55.76,55.77,3478893.0
1013,2020-11-10,55.66,56.08,54.96,55.73,3261301.0
1014,2020-11-11,56.02,57.45,55.89,57.24,2069434.0
1015,2020-11-12,56.87,57.46,56.09,56.1,1941792.0
1016,2020-11-13,56.57,56.63,55.57,56.16,1233672.0
1017,2020-11-16,56.64,56.89,56.24,56.45,1678564.0
1018,2020-11-17,56.63,57.03,56.07,56.2,1710583.0
1019,2020-11-18,56.89,58.48,56.75,58.21,5008233.0
1020,2020-11-19,58.58,59.32,58.49,58.65,2696546.0
1021,2020-11-20,58.42,59.37,58.14,58.51,1736263.0
1022,2020-11-23,58.95,58.95,57.87,58.24,1661828.0
1023,2020-11-24,58.58,59.32,58.47,58.89,2035727.0
1024,2020-11-25,58.4,58.5,57.19,57.23,1794784.0
1025,2020-11-27,57.27,57.68,56.72,56.92,1116095.0
1026,2020-11-30,56.33,56.35,54.84,54.9,6564730.0
1027,2020-12-01,56.18,57.22,55.8,56.69,3223088.0
1028,2020-12-02,56.37,56.52,54.78,55.14,2597894.0
1029,2020-12-03,55.78,56.32,55.12,55.33,2290466.0
1030,2020-12-04,55.92,56.25,54.81,55.28,2756171.0
1031,2020-12-07,55.75,56.47,55.29,55.63,2727658.0
1032,2020-12-08,55.41,55.76,55.12,55.73,1380339.0
1033,2020-12-09,55.65,55.74,54.92,55.28,1535535.0
1034,2020-12-10,55.46,56.5,55.35,55.88,1724667.0
1035,2020-12-11,54.99,55.85,54.84,55.31,1306336.0
1036,2020-12-14,55.53,55.81,55.09,55.27,1641754.0
1037,2020-12-15,55.87,56.18,54.87,55.99,1426342.0
1038,2020-12-16,56.2,56.89,55.89,56.34,1782182.0
1039,2020-12-17,56.91,57.29,56.18,56.81,2593114.0
1040,2020-12-18,56.92,57.29,56.2,56.76,2079381.0
1041,2020-12-21,55.89,56.44,55.7,56.13,1172288.0
1042,2020-12-22,55.91,56.0,54.89,55.73,1522814.0
1043,2020-12-23,56.08,56.52,55.79,56.07,821851.0
1044,2020-12-24,56.19,56.31,55.78,56.23,263711.0
1045,2020-12-28,56.11,56.17,55.21,55.64,834041.0
1046,2020-12-29,55.94,56.22,55.18,55.36,913709.0
1047,2020-12-30,56.03,56.5,55.59,55.64,863142.0
1048,2020-12-31,55.68,55.93,55.21,55.61,753687.0
1049,2021-01-04,56.03,57.02,55.11,55.57,2235038.0
1050,2021-01-05,55.97,56.88,55.95,56.73,1284151.0
1051,2021-01-06,56.91,57.64,56.24,56.54,1417083.0
1052,2021-01-07,56.29,56.83,55.38,56.58,2001650.0
1053,2021-01-08,56.96,58.42,56.96,58.39,1657140.0
1054,2021-01-11,58.35,59.7,57.99,58.3,1916319.0
1055,2021-01-12,58.46,58.53,56.16,56.71,1776899.0
1056,2021-01-13,56.31,57.04,55.93,56.93,1754492.0
1057,2021-01-14,57.26,57.34,55.96,56.01,1257008.0
1058,2021-01-15,55.89,56.06,55.28,55.68,1283617.0
1059,2021-01-19,56.52,58.5,56.41,57.81,2408217.0
1060,2021-01-20,58.08,58.38,57.25,57.56,2094286.0
1061,2021-01-21,57.45,58.2,56.84,57.83,1194448.0
1062,2021-01-22,57.63,57.63,56.63,57.24,1905735.0
1063,2021-01-25,57.61,58.37,56.89,56.89,1440426.0
1064,2021-01-26,56.87,57.95,56.18,57.86,1078652.0
1065,2021-01-27,57.65,57.98,56.17,56.59,1479848.0
1066,2021-01-28,56.52,56.52,54.88,55.54,1395230.0
1067,2021-01-29,55.34,55.97,55.03,55.23,1523516.0
1068,2021-02-01,55.82,56.56,55.6,56.3,1418353.0
1069,2021-02-02,57.14,58.17,56.7,57.02,1591989.0
1070,2021-02-03,57.03,58.51,55.64,55.8,2466338.0
1071,2021-02-04,54.52,55.19,53.55,54.5,3190269.0
1072,2021-02-05,55.1,56.43,54.99,55.91,2536767.0
1073,2021-02-08,56.24,58.24,55.67,58.18,2910593.0
1074,2021-02-09,58.44,61.0,58.12,59.58,2998184.0
1075,2021-02-10,60.07,61.01,58.81,59.02,2839519.0
1076,2021-02-11,59.35,60.48,59.12,60.27,1422982.0
1077,2021-02-12,60.16,61.31,60.03,61.11,826278.0
1078,2021-02-16,60.94,63.15,60.94,62.87,2931140.0
1079,2021-02-17,62.59,63.16,62.03,62.7,2817973.0
1080,2021-02-18,61.67,62.43,60.99,61.82,2250207.0
1081,2021-02-19,62.26,62.71,61.0,61.08,2323614.0
1082,2021-02-22,61.11,61.24,59.23,60.02,3029415.0
1083,2021-02-23,59.85,59.85,58.01,58.64,4036106.0
1084,2021-02-24,58.52,59.24,57.82,58.85,1931125.0
1085,2021-02-25,59.0,59.45,57.92,58.68,3844189.0
1086,2021-02-26,58.29,59.36,57.91,58.36,3686852.0
1087,2021-03-01,59.09,59.56,57.91,58.36,1845285.0
1088,2021-03-02,58.11,58.52,57.79,57.95,3447858.0
1089,2021-03-03,58.24,59.41,58.2,58.25,1565478.0
1090,2021-03-04,58.44,59.74,57.57,57.82,3039634.0
1091,2021-03-05,58.53,59.83,57.8,59.06,2356004.0
1092,2021-03-08,59.06,60.14,58.87,59.61,2578560.0
1093,2021-03-09,59.77,60.73,59.74,60.13,2093269.0
1094,2021-03-10,60.2,60.34,58.85,59.28,2008570.0
1095,2021-03-11,59.71,60.53,59.63,60.29,1521971.0
1096,2021-03-12,60.01,60.08,59.24,59.82,1068040.0
1097,2021-03-15,59.84,61.55,58.84,61.32,2256365.0
1098,2021-03-16,61.27,61.99,60.63,60.79,1756176.0
1099,2021-03-17,60.62,60.62,59.64,59.89,2382067.0
1100,2021-03-18,59.71,59.97,58.69,59.19,1231644.0
1101,2021-03-19,59.24,59.73,58.84,59.19,2612427.0
1102,2021-03-22,59.56,60.47,59.26,59.8,1383180.0
1103,2021-03-23,59.4,59.49,58.66,58.82,1305558.0
1104,2021-03-24,58.69,59.31,58.15,58.93,2215266.0
1105,2021-03-25,58.59,59.27,57.85,58.36,1662530.0
1106,2021-03-26,58.29,58.64,56.95,58.06,1862950.0
1107,2021-03-29,58.14,58.14,56.53,57.05,1881105.0
1108,2021-03-30,56.68,57.81,56.65,57.27,1401629.0
1109,2021-03-31,57.4,58.32,57.14,57.85,2761833.0
1110,2021-04-01,58.57,58.59,57.64,57.77,1065462.0
1111,2021-04-05,57.98,58.29,57.63,57.85,1189094.0
1112,2021-04-06,58.08,58.91,57.89,58.51,2065064.0
1113,2021-04-07,58.33,58.67,57.4,58.4,1637396.0
1114,2021-04-08,59.02,59.73,58.63,58.83,1523424.0
1115,2021-04-09,58.33,58.91,57.77,58.49,1408357.0
1116,2021-04-12,58.32,58.78,58.22,58.67,1567360.0
1117,2021-04-13,58.83,59.46,58.68,58.87,1356907.0
1118,2021-04-14,58.61,59.04,58.2,58.51,930024.0
1119,2021-04-15,58.67,58.9,58.21,58.44,1094390.0
1120,2021-04-16,58.75,59.19,58.45,58.74,792738.0
1121,2021-04-19,59.26,59.42,58.16,58.17,1163240.0
1122,2021-04-20,57.72,58.0,56.86,57.64,3145305.0
1123,2021-04-21,57.37,57.69,57.03,57.11,2346535.0
1124,2021-04-22,57.09,57.72,56.56,57.38,3428910.0
1125,2021-04-23,57.66,57.95,57.16,57.77,1537448.0
1126,2021-04-26,58.19,59.02,57.77,58.57,3240967.0
1127,2021-04-27,58.97,59.2,58.4,58.55,3185333.0
1128,2021-04-28,60.11,62.36,59.74,62.06,3129418.0
1129,2021-04-29,62.25,62.54,61.38,61.8,1780888.0
1130,2021-04-30,61.67,62.4,61.33,61.56,1548914.0
1131,2021-05-03,61.89,61.98,60.45,60.74,1994626.0
1132,2021-05-04,60.82,60.99,59.9,60.25,2415624.0
1133,2021-05-05,60.24,60.88,60.0,60.61,997601.0
1134,2021-05-06,60.91,60.94,60.16,60.6,1653688.0
1135,2021-05-07,60.59,61.24,60.33,60.75,2040272.0
1136,2021-05-10,60.45,60.6,59.26,59.39,1553661.0
1137,2021-05-11,58.98,60.63,58.9,60.46,1921853.0
1138,2021-05-12,60.02,60.14,58.83,58.87,2303304.0
1139,2021-05-13,59.3,60.41,59.15,59.91,2336249.0
1140,2021-05-14,60.32,62.15,60.22,61.76,1915383.0
1141,2021-05-17,61.29,62.47,61.29,62.1,1523109.0
1142,2021-05-18,62.38,63.26,62.09,62.46,1950412.0
1143,2021-05-19,62.11,63.79,61.76,63.64,3243384.0
1144,2021-05-20,63.64,64.25,63.37,63.83,2935099.0
1145,2021-05-21,63.82,64.04,63.23,63.7,1419857.0
1146,2021-05-24,63.83,64.39,63.63,63.9,1217961.0
1147,2021-05-25,64.35,64.61,63.8,63.95,1115032.0
1148,2021-05-26,64.27,65.04,63.76,64.62,1358870.0
1149,2021-05-27,64.89,65.89,64.69,65.83,4975476.0
1150,2021-05-28,65.48,66.73,65.28,66.4,3122356.0
1151,2021-06-01,66.97,68.17,66.65,67.46,3747021.0
1152,2021-06-02,67.56,68.43,67.46,68.16,4003808.0
1153,2021-06-03,67.78,67.96,66.4,66.55,1820517.0
1154,2021-06-04,66.69,67.14,66.39,66.91,1111852.0
1155,2021-06-07,66.91,67.57,66.76,67.56,1467604.0
1156,2021-06-08,67.74,68.14,67.21,68.08,2451351.0
1157,2021-06-09,68.16,68.34,67.31,67.36,2039156.0
1158,2021-06-10,67.65,68.12,67.51,67.89,2664093.0
1159,2021-06-11,67.88,68.19,67.79,68.1,878245.0
1160,2021-06-14,68.17,68.3,67.55,67.84,1700945.0
1161,2021-06-15,67.76,67.76,66.43,66.81,1359094.0
1162,2021-06-16,66.71,66.78,65.62,65.76,1741529.0
1163,2021-06-17,65.67,66.2,64.36,64.58,4096872.0
1164,2021-06-18,65.09,65.38,63.92,64.57,3533325.0
1165,2021-06-21,64.96,65.51,64.38,65.4,2434422.0
1166,2021-06-22,65.15,65.68,65.15,65.26,1386960.0
1167,2021-06-23,65.58,65.87,65.16,65.25,1164907.0
1168,2021-06-24,65.48,66.2,65.26,65.74,1056693.0
1169,2021-06-25,65.68,65.81,64.74,64.76,2352991.0
1170,2021-06-28,64.94,65.14,64.0,64.48,1278335.0
1171,2021-06-29,64.27,64.75,63.8,64.7,1216626.0
1172,2021-06-30,64.63,65.41,64.55,65.01,2001233.0
1173,2021-07-01,65.17,65.31,64.46,64.77,1239113.0
1174,2021-07-02,64.86,65.28,64.71,65.05,1308208.0
1175,2021-07-06,64.74,65.38,64.43,65.34,1540788.0
1176,2021-07-07,64.97,65.67,64.76,65.35,1581942.0
1177,2021-07-08,64.32,64.75,63.88,64.15,1749034.0
1178,2021-07-09,64.59,64.61,64.06,64.12,1829873.0
1179,2021-07-12,64.08,64.54,63.96,64.3,1297759.0
1180,2021-07-13,64.5,64.8,64.08,64.1,1237141.0
1181,2021-07-14,64.26,64.56,63.49,63.73,1728065.0
1182,2021-07-15,63.71,64.34,63.54,64.06,1066047.0
1183,2021-07-16,64.46,64.72,63.43,63.46,1237566.0
1184,2021-07-19,62.86,63.25,62.04,62.54,1497066.0
1185,2021-07-20,62.85,63.62,62.55,63.4,1626601.0
1186,2021-07-21,63.59,64.43,63.3,63.95,1175152.0
1187,2021-07-22,64.09,64.85,63.91,64.49,1145888.0
1188,2021-07-23,64.12,65.02,63.89,64.92,1489010.0
1189,2021-07-26,64.2,64.67,63.04,63.25,2538378.0
1190,2021-07-27,60.06,60.44,58.61,60.01,5637754.0
1191,2021-07-28,61.2,62.2,60.76,61.13,3174919.0
1192,2021-07-29,60.06,61.42,59.31,61.16,3066478.0
1193,2021-07-30,60.44,61.38,60.44,60.95,2305096.0
1194,2021-08-02,61.18,61.49,59.68,60.64,3812064.0
1195,2021-08-03,60.98,60.98,59.59,60.2,3697665.0
1196,2021-08-04,60.52,61.32,60.27,61.23,2564241.0
1197,2021-08-05,61.25,61.25,60.1,60.29,1879735.0
1198,2021-08-06,60.49,60.87,60.31,60.5,1570821.0
1199,2021-08-09,60.52,60.71,59.92,60.11,1411734.0
1200,2021-08-10,60.27,60.34,59.43,59.86,2895648.0
1201,2021-08-11,59.86,60.28,59.67,60.04,1568602.0
1202,2021-08-12,59.5,59.96,59.07,59.91,968746.0
1203,2021-08-13,59.69,60.53,59.69,60.3,1780620.0
1204,2021-08-16,60.11,60.31,59.38,59.53,1420335.0
1205,2021-08-17,58.76,59.06,57.7,59.04,3633322.0
1206,2021-08-18,59.28,59.66,57.79,57.89,2815480.0
1207,2021-08-19,57.34,58.1,57.1,57.72,1992142.0
1208,2021-08-20,57.59,58.07,57.44,57.93,1542430.0
1209,2021-08-23,58.42,59.16,58.23,58.94,2313929.0
1210,2021-08-24,59.32,60.19,59.28,59.89,2968737.0
1211,2021-08-25,59.59,60.28,59.36,60.04,1916380.0
1212,2021-08-26,60.07,60.43,59.04,59.18,2297957.0
1213,2021-08-27,58.95,59.37,58.58,59.24,1283320.0
1214,2021-08-30,59.33,59.8,59.06,59.43,2234100.0
1215,2021-08-31,60.05,60.96,59.91,60.44,4013161.0
1216,2021-09-01,60.63,61.66,60.63,60.96,2151930.0
1217,2021-09-02,61.16,61.65,61.01,61.31,1612798.0
1218,2021-09-03,61.67,62.22,61.24,61.38,1384360.0
1219,2021-09-07,61.81,62.33,61.16,61.35,2050962.0
1220,2021-09-08,60.98,61.24,59.32,60.46,2496918.0
1221,2021-09-09,60.07,60.93,59.76,60.35,2286221.0
1222,2021-09-10,60.9,61.35,60.14,60.19,2186743.0
1223,2021-09-13,60.08,60.87,59.82,60.82,1483414.0
1224,2021-09-14,60.64,60.67,59.87,60.1,1169556.0
1225,2021-09-15,56.98,57.75,55.89,56.48,4317493.0
1226,2021-09-16,55.57,55.73,54.05,54.56,4596411.0
1227,2021-09-17,54.41,54.78,53.73,53.73,4799035.0
1228,2021-09-20,52.51,52.91,51.41,52.44,3567586.0
1229,2021-09-21,52.78,53.77,52.68,53.03,3624619.0
1230,2021-09-22,53.43,54.2,53.03,53.3,4981506.0
1231,2021-09-23,53.73,55.42,53.72,55.32,6160806.0
1232,2021-09-24,55.78,57.28,55.77,57.02,5070905.0
1233,2021-09-27,56.89,57.73,56.89,57.56,3840864.0
1234,2021-09-28,57.52,58.06,57.4,57.77,3749860.0
1235,2021-09-29,57.55,57.75,56.92,57.32,2948425.0
1236,2021-09-30,58.11,58.68,56.97,56.99,3249060.0
1237,2021-10-01,57.22,57.55,56.25,57.31,2418686.0
1238,2021-10-04,56.66,56.99,56.04,56.78,2696079.0
1239,2021-10-05,56.39,57.35,56.39,57.14,2712483.0
1240,2021-10-06,56.82,57.28,56.27,57.26,1770060.0
1241,2021-10-07,58.89,59.01,57.78,58.29,2492103.0
1242,2021-10-08,58.2,58.64,57.8,58.18,1995450.0
1243,2021-10-11,58.41,58.72,57.78,58.07,1634839.0
1244,2021-10-12,57.87,58.42,56.9,57.22,2437354.0
1245,2021-10-13,57.5,57.83,56.77,57.82,1507479.0
1246,2021-10-14,57.78,58.46,57.68,58.44,1222986.0
1247,2021-10-15,58.87,59.98,58.56,59.74,2131298.0
1248,2021-10-18,59.85,60.01,59.34,59.77,1952520.0
1249,2021-10-19,60.01,60.17,59.33,59.94,1547371.0
1250,2021-10-20,59.39,60.07,59.01,59.31,1961330.0
1251,2021-10-21,58.93,59.59,58.77,59.52,1940288.0
1252,2021-10-22,59.41,59.87,59.09,59.35,1386656.0
1253,2021-10-25,59.2,59.24,57.81,59.14,2005255.0
1254,2021-10-26,59.15,59.25,57.86,58.22,2045217.0
1255,2021-10-27,58.02,58.32,57.19,57.52,2248172.0
1256,2021-10-28,57.67,58.13,56.11,56.77,2742616.0
1257,2021-10-29,55.89,56.24,55.07,55.96,2479138.0
1258,2021-11-01,55.91,57.38,55.6,57.12,3243852.0
1259,2021-11-02,57.08,57.08,54.58,55.05,4134778.0
1260,2021-11-03,55.3,56.55,55.13,56.2,2662878.0
1261,2021-11-04,56.44,56.58,54.99,55.2,3034852.0
1262,2021-11-05,56.04,57.13,55.85,55.9,2661794.0
1263,2021-11-08,55.46,56.12,54.66,55.19,1929857.0
1264,2021-11-09,55.56,55.56,54.05,54.07,1566731.0
1265,2021-11-10,53.88,54.66,53.69,53.99,1383238.0
1266,2021-11-11,54.15,54.52,53.72,53.95,1593442.0
1267,2021-11-12,53.88,54.02,53.47,53.55,1541822.0
1268,2021-11-15,53.72,54.07,53.46,53.7,1473665.0
1269,2021-11-16,53.93,54.24,53.52,53.86,1753127.0
1270,2021-11-17,53.8,54.11,52.98,53.44,1494040.0
1271,2021-11-18,53.37,53.58,52.2,52.34,2015720.0
1272,2021-11-19,52.17,52.71,51.76,52.37,2234285.0
1273,2021-11-22,52.54,52.86,52.12,52.23,1620684.0
1274,2021-11-23,52.33,52.55,51.62,52.0,1783847.0
1275,2021-11-24,51.61,52.79,51.58,52.33,1413589.0
1276,2021-11-26,51.49,51.6,49.6,50.12,2119961.0
1277,2021-11-29,50.48,50.48,48.96,49.47,3367202.0
1278,2021-11-30,49.16,49.96,48.85,49.1,4752640.0
1279,2021-12-01,49.83,50.62,48.7,48.71,2462284.0
1280,2021-12-02,49.17,49.93,48.47,49.09,2652446.0
1281,2021-12-03,48.77,49.2,47.19,47.65,3149460.0
1282,2021-12-06,47.82,50.04,47.82,49.86,3373743.0
1283,2021-12-07,50.68,51.98,50.68,51.06,2099991.0
1284,2021-12-08,51.0,51.25,50.49,50.73,1611608.0
1285,2021-12-09,50.31,50.89,50.09,50.34,1456180.0
1286,2021-12-10,50.39,50.5,49.35,49.65,2382375.0
1287,2021-12-13,49.47,49.47,47.86,48.61,3216193.0
1288,2021-12-14,48.03,48.8,47.57,47.61,1867809.0
1289,2021-12-15,47.06,47.06,46.15,46.81,3505075.0
1290,2021-12-16,47.11,48.19,46.9,47.72,2957711.0
1291,2021-12-17,47.38,48.1,46.4,47.63,3466516.0
1292,2021-12-20,46.33,47.13,45.91,46.2,2253251.0
1293,2021-12-21,46.61,48.07,46.32,47.5,1586556.0
1294,2021-12-22,47.25,47.48,46.83,46.92,1316045.0
1295,2021-12-23,47.26,47.38,46.73,47.24,1159534.0
1296,2021-12-27,47.05,47.33,46.69,47.2,1870207.0
1297,2021-12-28,47.06,47.45,46.75,46.9,1577317.0
1298,2021-12-29,46.85,47.04,46.01,46.39,1573267.0
1299,2021-12-30,46.67,48.38,46.62,48.28,2787904.0
1300,2021-12-31,48.06,49.34,48.06,48.84,2484102.0
1301,2022-01-03,48.84,49.39,48.07,48.54,1715069.0
1302,2022-01-04,48.65,48.68,47.72,48.0,2094272.0
1303,2022-01-05,47.74,48.66,47.01,47.03,1778551.0
1304,2022-01-06,47.33,48.02,46.64,47.71,1829348.0
1305,2022-01-07,47.54,49.41,47.54,48.69,2493651.0
1306,2022-01-10,48.73,48.94,46.72,47.39,2253389.0
1307,2022-01-11,47.47,48.41,47.35,47.84,1991929.0
1308,2022-01-12,47.61,48.43,46.95,47.48,2231965.0
1309,2022-01-13,47.77,47.85,46.78,46.95,1954148.0
1310,2022-01-14,47.0,47.24,44.6,45.52,4806150.0
1311,2022-01-18,44.89,45.71,44.49,44.66,2573895.0
1312,2022-01-19,44.8,45.46,44.46,44.53,2468674.0
1313,2022-01-20,46.15,46.54,44.59,44.68,2684137.0
1314,2022-01-21,45.23,45.49,44.42,44.67,2435026.0
1315,2022-01-24,43.94,45.03,42.91,44.97,2308257.0
1316,2022-01-25,44.46,45.3,43.9,44.62,2087826.0
1317,2022-01-26,44.87,45.5,43.95,44.12,1409663.0
1318,2022-01-27,44.36,44.58,43.41,43.61,1945420.0
1319,2022-01-28,43.96,45.27,43.64,45.15,1868713.0
1320,2022-01-31,45.63,47.25,45.39,47.17,2376320.0
1321,2022-02-01,47.07,47.71,46.86,47.49,2282515.0
1322,2022-02-02,47.49,47.54,46.6,46.75,1583017.0
1323,2022-02-03,46.46,46.97,45.79,45.92,1381742.0
1324,2022-02-04,45.46,46.79,45.09,46.51,1711572.0
1325,2022-02-07,46.19,46.47,44.93,45.07,4480863.0
1326,2022-02-08,44.97,45.71,44.73,45.62,2606503.0
1327,2022-02-09,43.76,46.87,43.65,46.31,4801152.0
1328,2022-02-10,46.5,49.49,46.28,49.16,5046517.0
1329,2022-02-11,49.25,52.96,49.25,50.2,6661789.0
1330,2022-02-14,49.84,50.61,49.28,49.48,3997222.0
1331,2022-02-15,49.98,51.11,49.81,50.91,2172820.0
1332,2022-02-16,51.17,51.76,50.88,51.4,2542038.0
1333,2022-02-17,50.86,51.68,50.43,50.93,1790491.0
1334,2022-02-18,50.71,51.88,50.58,51.42,1582187.0
1335,2022-02-22,50.8,51.9,50.49,51.66,3586096.0
1336,2022-02-23,51.9,52.03,49.23,50.24,3739353.0
1337,2022-02-24,48.36,49.99,47.88,49.65,2447382.0
1338,2022-02-25,49.98,51.06,49.66,51.05,1692689.0
1339,2022-02-28,50.45,51.35,50.23,51.02,3646988.0
1340,2022-03-01,50.81,51.62,50.38,51.05,1957560.0
1341,2022-03-02,51.8,53.39,51.63,52.9,3391153.0
1342,2022-03-03,53.08,53.13,50.79,51.1,2953686.0
1343,2022-03-04,50.29,50.45,48.95,49.42,2727163.0
1344,2022-03-07,49.12,49.12,45.68,45.84,3630060.0
1345,2022-03-08,46.02,47.13,44.92,45.61,2379499.0
1346,2022-03-09,46.93,49.25,46.68,48.93,2611359.0
1347,2022-03-10,45.03,46.54,41.39,43.48,7230515.0
1348,2022-03-11,44.31,44.82,36.53,36.6,12955458.0
1349,2022-03-14,34.22,36.17,32.67,35.67,9446250.0
1350,2022-03-15,36.14,39.69,35.78,38.69,7767605.0
1351,2022-03-16,43.38,44.18,40.0,42.44,8337431.0
1352,2022-03-17,42.22,42.98,40.13,42.45,4464922.0
1353,2022-03-18,42.18,44.12,42.17,43.57,4076919.0
1354,2022-03-21,42.52,43.52,40.98,41.64,1997453.0
1355,2022-03-22,42.49,44.89,42.43,44.63,3679750.0
1356,2022-03-23,43.66,44.09,41.85,42.34,2937037.0
1357,2022-03-24,42.61,42.87,41.29,42.52,2373648.0
1358,2022-03-25,41.73,41.79,39.96,40.38,2351021.0
1359,2022-03-28,40.19,41.74,40.18,41.3,1515755.0
1360,2022-03-29,42.2,43.61,42.11,42.68,2183007.0
1361,2022-03-30,42.23,43.32,42.15,42.83,1225772.0
1362,2022-03-31,43.04,43.52,40.44,40.66,2961657.0
1363,2022-04-01,42.82,43.78,42.26,43.21,2247914.0
1364,2022-04-04,43.17,43.55,42.02,43.09,1939503.0
1365,2022-04-05,42.48,42.94,41.52,41.66,1539207.0
1366,2022-04-06,40.99,41.84,39.91,41.37,1650694.0
1367,2022-04-07,40.89,41.82,40.83,40.89,1688534.0
1368,2022-04-08,40.65,41.94,40.29,40.84,1449693.0
1369,2022-04-11,40.12,41.27,39.15,39.71,2357071.0
1370,2022-04-12,40.28,40.74,38.98,39.31,2220947.0
1371,2022-04-13,39.92,41.75,39.47,41.1,1914243.0
1372,2022-04-14,40.88,41.21,40.32,40.96,1392590.0
1373,2022-04-18,40.62,41.89,40.39,41.68,1944155.0
1374,2022-04-19,41.06,42.7,41.06,42.26,1817935.0
1375,2022-04-20,42.68,42.89,41.84,42.53,1589811.0
1376,2022-04-21,42.62,43.03,40.11,40.2,1568119.0
1377,2022-04-22,40.55,41.02,39.66,40.04,1736783.0
1378,2022-04-25,39.31,40.14,38.38,40.09,1767611.0
1379,2022-04-26,40.08,40.08,38.27,38.5,2050087.0
1380,2022-04-27,38.81,39.85,38.45,39.05,1636640.0
1381,2022-04-28,40.62,40.85,39.33,40.12,1670007.0
1382,2022-04-29,41.01,41.66,40.66,40.92,3175831.0
1383,2022-05-02,40.67,41.37,39.76,40.93,1869556.0
1384,2022-05-03,40.68,41.01,39.87,40.14,2047847.0
1385,2022-05-04,40.77,41.91,39.7,41.68,1794444.0
1386,2022-05-05,40.42,41.35,39.5,39.86,1440869.0
1387,2022-05-06,39.25,39.99,38.54,39.33,1736360.0
1388,2022-05-09,38.21,38.64,37.19,37.33,1858038.0
1389,2022-05-10,37.67,39.25,37.58,38.03,2295459.0
1390,2022-05-11,38.11,38.6,36.54,36.64,2402875.0
1391,2022-05-12,36.56,37.22,35.17,36.59,1981565.0
1392,2022-05-13,37.1,38.59,37.04,38.42,2201304.0
1393,2022-05-16,38.51,39.38,38.26,38.57,1302726.0
1394,2022-05-17,40.04,40.82,39.8,40.19,1965458.0
1395,2022-05-18,39.81,40.55,38.95,40.0,2433646.0
1396,2022-05-19,39.6,40.89,39.45,39.88,1951596.0
1397,2022-05-20,40.79,41.5,40.13,41.31,3704033.0
1398,2022-05-23,41.19,41.96,40.24,41.27,2263950.0
1399,2022-05-24,40.23,40.59,38.86,39.47,2275391.0
1400,2022-05-25,39.1,40.32,38.83,39.82,2727733.0
1401,2022-05-26,39.9,42.33,39.87,42.15,2303688.0
1402,2022-05-27,42.31,42.78,42.1,42.47,1507454.0
1403,2022-05-31,44.44,48.14,44.32,44.7,9472372.0
1404,2022-06-01,45.87,46.92,43.87,44.04,2878297.0
1405,2022-06-02,44.04,44.35,42.59,44.01,3296802.0
1406,2022-06-03,43.6,43.79,42.48,42.7,1394109.0
1407,2022-06-06,45.02,46.22,44.25,44.6,2384389.0
1408,2022-06-07,45.43,46.24,44.61,45.18,2077887.0
1409,2022-06-08,45.48,46.82,45.48,46.63,2180157.0
1410,2022-06-09,42.4,43.16,40.78,42.8,7011327.0
1411,2022-06-10,42.54,43.7,41.45,42.1,3226845.0
1412,2022-06-13,40.48,40.56,37.71,37.91,4266772.0
1413,2022-06-14,40.02,40.24,38.9,39.7,3442177.0
1414,2022-06-15,40.16,41.23,39.78,40.62,2494131.0
1415,2022-06-16,39.41,39.84,38.82,39.06,2329947.0
1416,2022-06-17,40.22,40.55,39.08,39.69,3133292.0
1417,2022-06-21,40.5,41.09,40.14,40.91,2876164.0
1418,2022-06-22,40.27,40.99,40.07,40.72,2584266.0
1419,2022-06-23,41.24,42.03,40.9,41.93,3426955.0
1420,2022-06-24,43.06,45.66,42.6,43.08,29052049.0
1421,2022-06-27,44.79,45.46,44.47,45.24,3391485.0
1422,2022-06-28,47.24,48.41,46.44,47.25,4489043.0
1423,2022-06-29,46.81,47.24,45.85,46.85,3893567.0
1424,2022-06-30,46.26,47.81,45.98,47.74,3777668.0
1425,2022-07-01,47.52,49.88,46.93,49.86,4218664.0
1426,2022-07-05,48.24,48.84,45.22,46.37,4236425.0
1427,2022-07-06,46.69,47.18,45.13,46.87,2776830.0
1428,2022-07-07,47.07,48.32,47.0,47.4,1995374.0
1429,2022-07-08,47.5,47.85,47.14,47.55,1238531.0
1430,2022-07-11,46.09,46.2,44.0,44.34,2661274.0
1431,2022-07-12,44.1,46.04,43.95,45.57,3250551.0
1432,2022-07-13,44.7,46.21,44.32,45.91,1307840.0
1433,2022-07-14,45.68,45.75,44.94,45.06,1743156.0
1434,2022-07-15,45.28,45.35,44.34,45.22,1412712.0
1435,2022-07-18,45.77,46.63,45.17,45.25,1067148.0
1436,2022-07-19,45.84,46.6,45.84,46.4,1287693.0
1437,2022-07-20,46.67,46.92,45.84,46.02,1371983.0
1438,2022-07-21,46.14,46.56,45.84,46.51,1201879.0
1439,2022-07-22,46.66,47.13,45.2,45.34,1489136.0
1440,2022-07-25,44.94,45.48,44.23,44.24,2632619.0
1441,2022-07-26,44.4,44.93,44.28,44.69,2084466.0
1442,2022-07-27,44.72,45.97,44.72,45.72,958789.0
1443,2022-07-28,45.55,46.32,44.65,46.32,1822626.0
1444,2022-07-29,48.14,49.96,47.06,47.95,3104017.0
1445,2022-08-01,46.34,47.81,45.89,46.51,2172859.0
1446,2022-08-02,45.69,47.51,45.34,47.24,2237671.0
1447,2022-08-03,46.73,46.98,45.75,46.71,1396082.0
1448,2022-08-04,48.23,48.61,47.63,48.39,1402961.0
1449,2022-08-05,47.72,47.92,46.9,47.37,1125568.0
1450,2022-08-08,46.57,48.23,46.36,47.29,1276571.0
1451,2022-08-09,46.82,47.48,46.55,47.03,861277.0
1452,2022-08-10,47.29,47.76,46.62,47.62,824729.0
1453,2022-08-11,48.24,48.68,47.46,47.51,1032471.0
1454,2022-08-12,47.35,47.65,47.09,47.31,1147948.0
1455,2022-08-15,46.76,47.77,46.72,47.39,1601715.0
1456,2022-08-16,47.09,47.58,46.95,47.24,1448916.0
1457,2022-08-17,47.21,48.05,47.1,47.37,1392415.0
1458,2022-08-18,46.69,47.29,45.64,46.14,6319625.0
1459,2022-08-19,46.14,47.01,45.72,46.4,1884802.0
1460,2022-08-22,46.98,47.53,46.04,47.3,3712095.0
1461,2022-08-23,47.75,48.71,47.54,48.07,2286941.0
1462,2022-08-24,47.46,47.59,46.13,47.45,2899290.0
1463,2022-08-25,48.04,49.65,47.94,49.37,2316010.0
1464,2022-08-26,51.36,51.36,48.73,48.81,2036702.0
1465,2022-08-29,48.91,50.41,48.91,49.38,2022103.0
1466,2022-08-30,49.94,49.99,47.85,48.23,2756108.0
1467,2022-08-31,48.54,49.96,48.27,49.47,4244967.0
1468,2022-09-01,48.74,48.83,47.54,48.0,2074639.0
1469,2022-09-02,47.56,48.37,46.88,47.16,1816893.0
1470,2022-09-06,47.91,48.15,47.04,47.29,2180832.0
1471,2022-09-07,47.39,48.33,47.04,48.24,2166677.0
1472,2022-09-08,47.96,48.92,47.61,48.87,1089711.0
1473,2022-09-09,49.45,49.53,48.79,48.96,1035642.0
1474,2022-09-12,48.96,49.08,48.1,48.86,1830154.0
1475,2022-09-13,48.66,50.29,48.61,49.11,2362982.0
1476,2022-09-14,49.36,49.56,48.6,49.17,2984454.0
1477,2022-09-15,50.23,51.72,49.63,49.84,5619302.0
1478,2022-09-16,48.86,49.49,48.34,49.14,7892420.0
1479,2022-09-19,48.41,49.46,48.41,49.31,1697980.0
1480,2022-09-20,48.83,50.32,48.83,49.25,1968328.0
1481,2022-09-21,48.87,49.1,48.11,48.4,2314063.0
1482,2022-09-22,48.06,48.73,46.88,46.96,2340769.0
1483,2022-09-23,46.41,47.37,45.48,45.96,1461157.0
1484,2022-09-26,45.8,46.54,45.56,45.63,1168607.0
1485,2022-09-27,46.49,47.91,46.27,47.36,1998717.0
1486,2022-09-28,46.75,48.94,46.33,48.7,2023131.0
1487,2022-09-29,47.53,48.09,46.14,47.21,2685209.0
1488,2022-09-30,46.95,48.44,46.49,46.69,2378885.0
1489,2022-10-03,46.7,47.34,46.56,46.75,1764248.0
1490,2022-10-04,47.42,49.47,47.12,49.3,1600843.0
1491,2022-10-05,49.48,50.11,49.23,49.93,1482805.0
1492,2022-10-06,49.37,49.98,49.02,49.26,1086898.0
1493,2022-10-07,48.59,48.88,48.07,48.11,1009310.0
1494,2022-10-10,47.89,48.16,46.8,47.14,1694153.0
1495,2022-10-11,46.49,47.03,43.43,43.6,2916161.0
1496,2022-10-12,43.53,44.17,42.92,44.13,2158118.0
1497,2022-10-13,42.78,44.52,42.42,44.11,1563653.0
1498,2022-10-14,44.9,46.03,44.16,44.19,1942784.0
1499,2022-10-17,45.22,46.52,45.02,46.37,1924783.0
1500,2022-10-18,46.98,47.22,45.62,46.16,1143425.0
1501,2022-10-19,45.0,45.94,44.33,44.46,1396562.0
1502,2022-10-20,44.56,44.97,44.3,44.68,2503206.0
1503,2022-10-21,44.31,44.68,43.87,44.5,2202279.0
1504,2022-10-24,39.43,40.19,37.95,38.2,5777559.0
1505,2022-10-25,39.05,40.31,38.78,40.27,4132775.0
1506,2022-10-26,40.31,42.88,40.31,41.54,2031768.0
1507,2022-10-27,41.36,41.46,40.7,40.77,1861854.0
1508,2022-10-28,39.76,41.02,39.36,40.84,2178311.0
1509,2022-10-31,40.18,41.22,39.79,40.71,2132207.0
1510,2022-11-01,42.42,43.28,41.84,42.42,2305669.0
1511,2022-11-02,46.72,47.32,44.96,45.68,4525487.0
1512,2022-11-03,44.56,46.89,44.07,46.64,4977690.0
1513,2022-11-04,49.99,50.66,48.18,49.3,4778208.0
1514,2022-11-07,49.55,49.89,48.67,48.68,2920513.0
1515,2022-11-08,48.67,49.8,48.58,49.66,1947165.0
1516,2022-11-09,49.39,50.46,49.07,49.23,3187510.0
1517,2022-11-10,50.66,51.2,49.65,50.36,1785016.0
1518,2022-11-11,51.76,53.96,51.63,53.44,3213083.0
1519,2022-11-14,53.25,53.78,51.79,52.14,2127639.0
1520,2022-11-15,53.59,54.54,52.34,52.38,2815095.0
1521,2022-11-16,51.15,53.51,50.77,52.97,3224812.0
1522,2022-11-17,51.34,54.3,50.77,54.26,2601930.0
1523,2022-11-18,53.68,53.97,51.7,52.17,1523733.0
1524,2022-11-21,51.43,52.44,50.96,51.68,3090140.0
1525,2022-11-22,51.22,51.88,50.5,51.58,1648681.0
1526,2022-11-23,52.33,52.63,51.02,51.61,1460071.0
1527,2022-11-25,50.96,51.24,49.64,49.93,1230766.0
1528,2022-11-28,50.75,51.5,50.06,51.26,3252439.0
1529,2022-11-29,53.35,53.5,52.29,52.91,3019873.0
1530,2022-11-30,54.24,54.65,53.52,54.6,5799376.0
1531,2022-12-01,53.97,54.99,53.19,54.26,1512543.0
1532,2022-12-02,54.16,55.15,53.72,54.97,2012029.0
1533,2022-12-05,56.15,56.59,54.66,54.95,2556433.0
1534,2022-12-06,55.29,57.16,54.89,56.5,3661306.0
1535,2022-12-07,55.08,56.6,54.94,55.08,2641065.0
1536,2022-12-08,56.92,57.68,56.16,57.52,2501109.0
1537,2022-12-09,57.22,57.22,55.56,56.01,1789025.0
1538,2022-12-12,55.61,57.04,54.92,56.56,1793682.0
1539,2022-12-13,57.48,57.67,56.05,56.59,1581460.0
1540,2022-12-14,56.05,57.18,55.61,56.53,2184420.0
1541,2022-12-15,56.48,56.98,55.0,55.26,1989499.0
1542,2022-12-16,55.49,56.44,55.24,55.48,2335173.0
1543,2022-12-19,54.93,55.38,54.59,55.32,968899.0
1544,2022-12-20,54.6,55.42,54.49,54.89,1774284.0
1545,2022-12-21,54.85,56.21,54.81,55.47,1899703.0
1546,2022-12-22,56.67,57.09,55.08,55.71,1648911.0
1547,2022-12-23,56.08,56.36,54.06,55.07,1182204.0
1548,2022-12-27,55.89,56.62,55.68,56.25,836401.0
1549,2022-12-28,56.2,56.56,55.16,55.26,1173337.0
1550,2022-12-29,55.36,56.35,54.99,55.38,1831034.0
1551,2022-12-30,54.49,55.03,53.83,54.13,1977857.0
1552,2023-01-03,55.07,56.45,54.78,55.9,1388560.0
1553,2023-01-04,56.93,58.15,56.26,58.13,2205287.0
1554,2023-01-05,56.99,58.96,56.86,57.52,1599980.0
1555,2023-01-06,55.64,57.58,55.26,57.5,2204840.0
1556,2023-01-09,57.98,59.14,57.52,58.43,1915485.0
1557,2023-01-10,58.75,59.72,58.21,58.65,1527171.0
1558,2023-01-11,58.77,60.21,58.66,59.44,1972726.0
1559,2023-01-12,58.45,59.91,58.36,59.56,1676869.0
1560,2023-01-13,59.51,59.85,58.98,59.69,1691363.0
1561,2023-01-17,58.49,59.28,56.48,56.57,3024340.0
1562,2023-01-18,57.68,58.08,56.14,56.24,2449174.0
1563,2023-01-19,56.57,58.05,56.38,57.68,1789570.0
1564,2023-01-20,58.79,59.08,57.59,58.58,2133621.0
1565,2023-01-23,58.62,60.61,58.62,60.37,1654529.0
1566,2023-01-24,60.4,61.44,59.54,61.3,1568738.0
1567,2023-01-25,61.45,61.53,59.73,60.65,1344563.0
1568,2023-01-26,61.52,61.8,60.5,61.72,1487227.0
1569,2023-01-27,62.09,62.12,61.02,61.7,1187618.0
1570,2023-01-30,59.97,61.59,59.65,60.99,1986796.0
1571,2023-01-31,60.48,61.38,59.91,61.09,1957915.0
1572,2023-02-01,62.07,62.54,60.56,61.71,2247035.0
1573,2023-02-02,61.28,61.4,59.25,59.54,2587614.0
1574,2023-02-03,59.13,59.16,57.53,58.26,2620539.0
1575,2023-02-06,57.28,58.18,56.3,57.94,3071222.0
1576,2023-02-07,59.63,60.73,59.29,59.87,2321515.0
1577,2023-02-08,58.17,60.01,57.56,59.49,2605443.0
1578,2023-02-09,61.02,61.81,60.8,61.62,2416814.0
1579,2023-02-10,60.9,61.5,59.72,60.65,2603082.0
1580,2023-02-13,61.68,61.92,60.62,60.68,1374757.0
1581,2023-02-14,60.03,60.52,59.23,59.96,1369872.0
1582,2023-02-15,59.07,59.98,58.57,58.62,2241106.0
1583,2023-02-16,58.8,60.18,58.76,59.86,2286449.0
1584,2023-02-17,59.55,60.14,59.32,60.09,1357848.0
1585,2023-02-21,60.02,60.84,59.88,60.13,1457131.0
1586,2023-02-22,60.48,61.55,60.13,61.06,2038857.0
1587,2023-02-23,61.87,61.97,59.45,59.73,2018539.0
1588,2023-02-24,58.63,59.17,57.11,57.88,1876807.0
1589,2023-02-27,58.37,58.55,57.49,58.53,1173929.0
1590,2023-02-28,58.23,58.75,57.82,58.21,3326224.0
1591,2023-03-01,60.19,60.79,59.81,60.02,1780318.0
1592,2023-03-02,59.55,61.36,59.55,61.18,1684673.0
1593,2023-03-03,61.1,61.58,60.8,61.57,1469514.0
1594,2023-03-06,61.61,62.3,60.57,60.94,1761998.0
1595,2023-03-07,60.76,61.66,59.91,60.31,1783322.0
1596,2023-03-08,59.84,60.04,58.68,59.31,1140832.0
1597,2023-03-09,59.28,59.61,57.16,57.25,1754581.0
1598,2023-03-10,57.56,58.85,57.56,58.37,1393803.0
1599,2023-03-13,58.05,59.91,58.05,58.75,1259628.0
1600,2023-03-14,59.1,60.96,58.88,60.29,1572376.0
1601,2023-03-15,59.81,60.34,58.75,60.05,1646005.0
1602,2023-03-16,59.9,61.1,59.53,60.59,1515755.0
1603,2023-03-17,62.03,62.59,59.45,60.33,3093745.0
1604,2023-03-20,60.04,61.57,59.91,60.56,1865010.0
1605,2023-03-21,61.51,61.66,60.7,60.78,856212.0
1606,2023-03-22,61.16,62.66,60.76,62.13,2071714.0
1607,2023-03-23,63.05,64.18,62.15,63.44,2496482.0
1608,2023-03-24,62.51,62.82,60.78,61.29,1622491.0
1609,2023-03-27,60.86,61.52,60.6,61.2,1131099.0
1610,2023-03-28,62.36,62.82,61.53,61.77,918721.0
1611,2023-03-29,61.76,62.04,61.24,61.99,936228.0
1612,2023-03-30,61.82,62.97,61.35,62.6,1022224.0
1613,2023-03-31,62.61,63.16,62.22,63.0,1268374.0
1614,2023-04-03,62.85,63.79,62.2,63.63,1313819.0
1615,2023-04-04,63.15,63.46,62.55,62.59,1401205.0
1616,2023-04-05,62.46,62.84,62.01,62.16,737277.0
1617,2023-04-06,62.39,62.56,61.72,62.18,2009489.0
1618,2023-04-10,62.05,63.72,62.05,63.58,1129903.0
1619,2023-04-11,63.98,64.14,63.51,63.97,928982.0
1620,2023-04-12,64.14,64.31,62.73,63.04,1047526.0
1621,2023-04-13,63.8,64.26,63.04,63.29,2051909.0
1622,2023-04-14,63.7,64.07,62.11,62.59,1185484.0
1623,2023-04-17,63.25,63.61,62.94,63.25,778422.0
1624,2023-04-18,63.31,63.97,62.97,63.13,1201066.0
1625,2023-04-19,62.58,63.14,62.58,62.94,1178818.0
1626,2023-04-20,63.17,64.04,62.52,62.7,911556.0
1627,2023-04-21,62.35,62.56,60.74,61.82,1733552.0
1628,2023-04-24,61.81,61.83,61.04,61.16,991700.0
1629,2023-04-25,60.21,60.36,59.32,59.73,1635043.0
1630,2023-04-26,59.86,60.37,59.37,59.54,1740583.0
1631,2023-04-27,59.78,60.49,59.62,60.19,1435348.0
1632,2023-04-28,59.92,61.07,59.83,60.79,2287444.0
1633,2023-05-01,60.49,62.09,60.49,61.68,1521364.0
1634,2023-05-02,61.32,61.44,60.37,61.36,1913014.0
1635,2023-05-03,63.62,63.88,60.64,62.18,2797376.0
1636,2023-05-04,63.24,64.11,60.6,61.41,2571813.0
1637,2023-05-05,61.26,62.7,60.04,62.19,1979873.0
1638,2023-05-08,61.82,62.05,61.27,61.44,1354265.0
1639,2023-05-09,60.27,61.5,60.2,61.5,1897714.0
1640,2023-05-10,61.27,61.63,60.42,60.79,1540964.0
1641,2023-05-11,60.72,61.65,60.5,61.52,1537507.0
1642,2023-05-12,60.86,60.91,59.96,60.34,1641405.0
1643,2023-05-15,60.66,61.8,60.15,61.52,1250254.0
1644,2023-05-16,61.24,61.79,60.69,60.97,1065941.0
1645,2023-05-17,60.62,60.92,59.79,60.81,2289333.0
1646,2023-05-18,60.76,60.85,59.96,60.7,1742587.0
1647,2023-05-19,60.75,61.03,60.07,60.76,1111554.0
1648,2023-05-22,61.44,62.17,61.04,61.05,915198.0
1649,2023-05-23,59.9,59.91,57.53,57.54,2613396.0
1650,2023-05-24,57.12,57.41,56.47,56.76,2163144.0
1651,2023-05-25,56.6,56.85,55.67,56.24,1578859.0
1652,2023-05-26,56.86,57.59,56.57,57.23,1356546.0
1653,2023-05-30,56.98,57.46,55.44,56.04,1763354.0
1654,2023-05-31,55.74,56.29,54.64,56.2,4445333.0
1655,2023-06-01,55.94,57.31,55.62,56.87,1410705.0
1656,2023-06-02,57.44,58.4,57.39,58.31,1727121.0
1657,2023-06-05,58.09,58.72,57.42,57.44,1195568.0
1658,2023-06-06,57.19,58.74,57.14,58.74,2096700.0
1659,2023-06-07,58.79,60.19,58.44,59.25,2187643.0
1660,2023-06-08,59.47,59.91,59.33,59.41,1214915.0
1661,2023-06-09,59.46,60.1,59.12,59.46,1035384.0
1662,2023-06-12,59.37,59.59,58.8,59.27,1163280.0
1663,2023-06-13,59.74,59.99,58.87,59.14,1594648.0
1664,2023-06-14,58.94,59.35,58.64,58.92,2953042.0
1665,2023-06-15,59.02,59.02,58.6,58.88,2338183.0
1666,2023-06-16,59.74,60.24,58.53,59.14,2503326.0
1667,2023-06-20,57.57,58.27,56.82,57.81,1679769.0
1668,2023-06-21,57.35,58.13,57.13,57.53,1276964.0
1669,2023-06-22,57.27,57.37,56.37,57.11,1150213.0
1670,2023-06-23,57.08,57.08,55.98,56.02,1741296.0
1671,2023-06-26,56.33,57.43,56.31,56.68,1356166.0
1672,2023-06-27,57.27,57.45,56.7,57.12,1306412.0
1673,2023-06-28,57.21,57.26,55.9,56.16,1353409.0
1674,2023-06-29,55.74,56.53,55.52,56.13,1178349.0
1675,2023-06-30,56.21,56.84,56.02,56.24,1541453.0
1676,2023-07-03,56.8,57.74,56.8,57.21,968250.0
1677,2023-07-05,56.64,56.96,55.38,56.0,1681651.0
1678,2023-07-06,55.21,55.46,54.42,54.53,1615670.0
1679,2023-07-07,54.78,55.81,54.78,55.33,1197082.0
1680,2023-07-10,55.21,56.55,54.81,56.1,1353193.0
1681,2023-07-11,56.43,56.98,56.21,56.66,965159.0
1682,2023-07-12,57.84,59.5,57.6,58.92,1821233.0
1683,2023-07-13,58.93,60.47,58.93,60.35,1577745.0
1684,2023-07-14,60.12,60.16,59.31,59.75,1251176.0
1685,2023-07-17,59.48,60.1,58.98,59.99,982543.0
1686,2023-07-18,59.74,60.41,58.02,58.18,1632005.0
1687,2023-07-19,58.95,59.09,58.26,58.59,1707368.0
1688,2023-07-20,58.24,58.73,57.97,58.27,946756.0
1689,2023-07-21,58.76,58.87,57.88,58.0,743280.0
1690,2023-07-24,58.15,58.17,57.48,57.91,2077729.0
1691,2023-07-25,58.44,58.77,58.05,58.3,2052450.0
1692,2023-07-26,58.27,59.88,58.27,59.75,1129850.0
1693,2023-07-27,60.2,60.34,58.88,58.88,951281.0
1694,2023-07-28,59.52,59.83,58.87,59.5,1448546.0
1695,2023-07-31,60.46,61.73,60.28,60.76,2939401.0
1696,2023-08-01,59.5,60.06,56.96,57.11,3365885.0
1697,2023-08-02,56.26,56.79,55.01,55.17,2715065.0
1698,2023-08-03,55.83,57.88,55.83,56.52,2872011.0
1699,2023-08-04,55.95,56.57,55.67,55.75,1555087.0
1700,2023-08-07,56.22,56.69,55.83,56.39,1181626.0
1701,2023-08-08,55.47,56.54,55.4,56.39,1419055.0
1702,2023-08-09,56.55,57.22,56.2,56.3,1983693.0
1703,2023-08-10,56.9,57.91,55.95,56.18,1926366.0
1704,2023-08-11,55.67,55.74,54.72,55.24,1642636.0
1705,2023-08-14,54.72,55.13,54.37,54.86,1480294.0
1706,2023-08-15,54.58,55.05,54.17,54.19,1319099.0
1707,2023-08-16,53.18,53.81,52.78,53.61,2100053.0
1708,2023-08-17,54.23,54.56,53.56,54.09,1470526.0
1709,2023-08-18,51.53,52.88,50.84,52.5,2859604.0
1710,2023-08-21,51.77,53.02,51.66,52.78,2101421.0
1711,2023-08-22,52.77,52.78,52.04,52.22,1242861.0
1712,2023-08-23,52.37,53.21,52.22,52.77,1550105.0
1713,2023-08-24,52.89,53.81,52.83,53.29,1256387.0
1714,2023-08-25,53.12,53.39,52.72,52.92,977732.0
1715,2023-08-28,53.27,53.63,52.96,53.21,1193096.0
1716,2023-08-29,53.67,54.24,53.44,53.5,1825002.0
1717,2023-08-30,52.91,53.86,52.91,53.71,2512510.0
1718,2023-08-31,53.37,53.79,53.21,53.56,3056394.0
1719,2023-09-01,53.91,54.57,53.18,54.39,1558799.0
1720,2023-09-05,53.76,54.24,52.89,53.62,2287430.0
1721,2023-09-06,53.57,53.88,51.96,52.3,1688458.0
1722,2023-09-07,51.67,51.95,51.25,51.89,1767631.0
1723,2023-09-08,52.0,52.29,51.32,51.67,1176441.0
1724,2023-09-11,52.29,52.29,51.42,52.04,1285520.0
1725,2023-09-12,51.96,53.09,51.96,53.05,1574272.0
1726,2023-09-13,52.89,53.5,52.78,53.05,1273320.0
1727,2023-09-14,55.0,56.67,54.88,55.95,3479617.0
1728,2023-09-15,56.87,58.06,56.87,57.82,4294566.0
1729,2023-09-18,57.57,57.92,56.93,57.07,2433364.0
1730,2023-09-19,57.37,57.76,56.39,56.57,1599772.0
1731,2023-09-20,56.87,57.21,55.9,55.97,1686493.0
1732,2023-09-21,55.82,56.0,54.8,54.99,3341998.0
1733,2023-09-22,56.69,58.08,56.69,57.31,2183291.0
1734,2023-09-25,56.41,56.93,56.01,56.37,1339993.0
1735,2023-09-26,56.23,56.41,55.76,55.79,988530.0
1736,2023-09-27,55.78,56.17,54.94,55.68,1343849.0
1737,2023-09-28,55.58,55.7,54.66,55.29,1222169.0
1738,2023-09-29,56.16,56.51,55.55,55.59,1435210.0
1739,2023-10-02,55.28,55.57,54.9,55.21,768358.0
1740,2023-10-03,54.37,55.09,54.03,54.17,945783.0
1741,2023-10-04,54.05,54.21,52.54,53.25,1718997.0
1742,2023-10-05,53.0,53.4,52.7,52.91,1172166.0
1743,2023-10-06,52.74,54.21,52.52,53.51,1478887.0
1744,2023-10-09,53.45,53.79,52.84,53.54,1607767.0
1745,2023-10-10,54.22,55.15,54.12,54.65,1410383.0
1746,2023-10-11,55.15,56.02,54.81,54.87,1590591.0
1747,2023-10-12,55.04,55.18,53.51,53.68,1840145.0
1748,2023-10-13,53.51,54.04,53.37,53.61,1380811.0
1749,2023-10-16,53.52,53.75,52.98,53.02,1186430.0
1750,2023-10-17,52.53,53.06,52.47,52.77,1048526.0
1751,2023-10-18,52.27,53.02,51.95,53.0,2866390.0
1752,2023-10-19,52.77,53.16,51.81,51.99,1540990.0
1753,2023-10-20,51.76,52.0,51.2,51.35,1506759.0
1754,2023-10-23,51.12,52.11,50.72,51.43,1352569.0
1755,2023-10-24,51.78,53.7,51.48,53.47,1832771.0
1756,2023-10-25,52.74,53.37,52.505,52.67,1001298.0
1757,2023-10-26,52.51,52.9,51.76,51.97,1193040.0
1758,2023-10-27,52.63,52.79,52.26,52.38,1260390.0
1759,2023-10-30,52.37,53.29,52.33,52.99,1723216.0
1760,2023-10-31,52.78,52.78,51.79,52.43,1633845.0
1761,2023-11-01,43.87,45.51,41.35,44.43,12839286.0
1762,2023-11-02,44.87,46.0,44.58,45.65,6865839.0
1763,2023-11-03,46.62,47.36,45.105,45.25,4548605.0
1764,2023-11-06,45.61,45.87,44.725,44.84,3313144.0
1765,2023-11-07,44.5,45.22,44.3,44.37,3784519.0
1766,2023-11-08,44.38,44.89,43.36,43.53,3237610.0
1767,2023-11-09,43.76,44.52,42.97,43.01,3218354.0
1768,2023-11-10,42.87,44.42,42.79,44.23,2041975.0
1769,2023-11-13,44.38,44.72,43.85,44.37,2160793.0
1770,2023-11-14,44.68,45.76,44.37,45.28,2381319.0
1771,2023-11-15,45.35,46.34,45.35,45.71,2000407.0
1772,2023-11-16,45.36,46.57,45.17,45.71,2148281.0
1773,2023-11-17,45.98,46.28,45.72,45.76,1733324.0
1774,2023-11-20,46.05,46.329,45.76,46.14,1379823.0
1775,2023-11-21,45.6,47.13,45.37,45.78,1716250.0
1776,2023-11-22,45.84,45.875,45.0,45.05,1960637.0
1777,2023-11-24,44.8,45.12,44.52,44.54,2444452.0
1778,2023-11-27,44.59,44.955,44.345,44.46,2774493.0
1779,2023-11-28,44.63,44.78,44.1,44.25,1845886.0
1780,2023-11-29,43.75,44.02,42.725,43.0,4456016.0
1781,2023-11-30,42.66,43.18,41.21,43.18,4992189.0
1782,2023-12-01,42.8,43.73,42.54,43.73,2921646.0
1783,2023-12-04,43.0,43.03,41.68,42.07,3350304.0
1784,2023-12-05,41.41,41.5,40.31,40.87,4034592.0
1785,2023-12-06,41.24,41.25,39.9101,40.51,4212905.0
1786,2023-12-07,40.6,40.77,39.265,39.95,4335491.0
1787,2023-12-08,40.0,40.52,39.9,39.91,1542636.0
1788,2023-12-11,39.74,40.09,39.35,39.92,2555715.0
1789,2023-12-12,40.0,40.34,39.11,40.32,3167094.0
1790,2023-12-13,40.2,40.39,38.99,39.75,3868152.0
1791,2023-12-14,40.24,40.77,39.98,40.16,3294479.0
1792,2023-12-15,40.25,40.42,39.67,40.03,3875716.0
1793,2023-12-18,39.83,40.37,39.61,40.08,2564996.0
1794,2023-12-19,40.62,41.35,40.595,41.33,2467968.0
1795,2023-12-20,41.15,41.32,40.4,40.43,3281464.0
1796,2023-12-21,41.37,41.74,40.94,41.53,2506043.0
1797,2023-12-22,41.06,41.77,41.06,41.59,2236422.0
1798,2023-12-26,41.81,42.22,41.33,41.48,1550128.0
1799,2023-12-27,41.68,42.13,41.59,41.71,1110448.0
1800,2023-12-28,42.29,42.62,42.01,42.28,1684943.0
1801,2023-12-29,42.12,42.59,42.08,42.43,2057229.0
1802,2024-01-02,41.85,42.65,41.62,42.44,2507866.0
1803,2024-01-03,42.31,43.3102,42.28,42.95,2414853.0
1804,2024-01-04,41.97,42.96,41.79,42.11,3059512.0
1805,2024-01-05,41.0,41.01,39.64,40.93,9115128.0
1806,2024-01-08,40.45,40.73,39.41,40.4,4737128.0
1807,2024-01-09,39.8,39.83,38.98,39.16,3994975.0
1808,2024-01-10,38.99,38.99,37.96,38.39,6904808.0
1809,2024-01-11,38.71,38.77,37.42,38.11,3458831.0
1810,2024-01-12,38.0,38.36,37.22,37.48,3313387.0
1811,2024-01-16,36.72,36.79,35.81,36.13,5881673.0
1812,2024-01-17,34.79,35.3,34.705,34.93,4683537.0
1813,2024-01-18,35.6,36.13,35.31,35.66,3344715.0
1814,2024-01-19,35.36,35.36,34.77,35.25,3421514.0
1815,2024-01-22,33.86,35.0,33.55,34.45,3308993.0
1816,2024-01-23,35.71,36.265,35.32,35.96,4892203.0
1817,2024-01-24,37.02,38.36,36.96,37.09,5037564.0
1818,2024-01-25,37.1,37.2,35.43,35.64,3055238.0
1819,2024-01-26,35.51,35.85,35.13,35.5,3018999.0
1820,2024-01-29,35.71,36.18,35.1546,36.12,2829487.0
1821,2024-01-30,35.4,35.71,34.95,35.12,2782946.0
1822,2024-01-31,34.63,35.28,33.88,34.59,4398464.0
1823,2024-02-01,35.25,35.81,35.17,35.47,3040692.0
1824,2024-02-02,35.0,35.38,34.74,35.24,4041442.0
1825,2024-02-05,35.1,35.99,34.81,35.93,4456033.0
1826,2024-02-06,36.76,38.0,36.68,37.44,5573140.0
1827,2024-02-07,42.3,42.4,39.62,40.39,8713656.0
1828,2024-02-08,40.04,40.12,39.5,39.65,3748286.0
1829,2024-02-09,39.45,40.405,39.45,40.31,2496540.0
1830,2024-02-12,40.25,41.59,40.2,41.1,3108740.0
1831,2024-02-13,40.43,41.15,39.49,39.71,2533389.0
1832,2024-02-14,40.0,40.68,40.0,40.38,2536165.0
1833,2024-02-15,40.29,41.4,40.2,40.85,3244910.0
1834,2024-02-16,41.55,41.9,41.24,41.34,4401070.0
